horse_id	日付	開催	天気	R	レース名	映像	頭数	枠番	馬番	オッズ	人気	着順	騎手	斤量	距離	水分量	馬場	馬場指数	タイム	着差	ﾀｲﾑ指数	通過	ペース	上り	馬体重	厩舎ｺﾒﾝﾄ	備考	勝ち馬(2着馬)	賞金	天気.1	映像.1	頭数.1	枠番.1	馬番.1	オッズ.1	人気.1	着順.1	斤量.1	馬場.1	馬場指数.1	ﾀｲﾑ指数.1	厩舎ｺﾒﾝﾄ.1	勝ち馬(2着馬).1	天気.2	映像.2	頭数.2	枠番.2	馬番.2	オッズ.2	人気.2	着順.2	斤量.2	馬場.2	馬場指数.2	ﾀｲﾑ指数.2	厩舎ｺﾒﾝﾄ.2	勝ち馬(2着馬).2	天気.3	映像.3	頭数.3	枠番.3	馬番.3	オッズ.3	人気.3	着順.3	斤量.3	馬場.3	馬場指数.3	ﾀｲﾑ指数.3	厩舎ｺﾒﾝﾄ.3	勝ち馬(2着馬).3	天気.4	映像.4	頭数.4	枠番.4	馬番.4	オッズ.4	人気.4	着順.4	斤量.4	馬場.4	馬場指数.4	ﾀｲﾑ指数.4	厩舎ｺﾒﾝﾄ.4	勝ち馬(2着馬).4	天気	映像	頭数	枠番	馬番	オッズ	人気	着順	斤量	馬場	馬場指数	ﾀｲﾑ指数	厩舎ｺﾒﾝﾄ	勝ち馬(2着馬)	race_id
2016102550	2018-12-02	5中山2		6.0	2歳新馬								嘉藤貴行		芝2000				2:05.3	1.4		4-4-5-4	38.1-36.1	37.0	456(0)					曇		11.0	4.0	4.0	61.5	8.0	10	55.0	良	**	**		シェドゥーヴル																																																									
2016102550	2019-01-12	1中山3		2.0	3歳未勝利								嘉藤貴行		ダ1800				1:58.6	1.1		8-8-8-8	38.0-39.8	40.2	460(+4)				50.0	曇		16.0	4.0	8.0	79.9	9.0	5	56.0	良	**	**		マジェスティゲート																																																									
2016102550	2019-02-23	2中山1		2.0	3歳未勝利								石橋脩		ダ1800				1:59.4	1.9		2-2-2-2	37.9-40.5	42.3	462(+2)					晴		16.0	3.0	6.0	40.6	7.0	6	56.0	良	**	**		ブリッツェンシチー																																																									
2016102550	2019-07-13	2福島5		3.0	3歳未勝利								嘉藤貴行		芝2600				2:41.1	0.6		4-4-5-2	36.3-36.6	36.4	460(-2)				200.0	曇		13.0	2.0	2.0	18.1	5.0	2	56.0	稍	**	**		ピエタフィリアーレ																																																									
2016102550	2019-08-04	2新潟4		4.0	3歳未勝利								嘉藤貴行		芝2000				2:01.6	-0.1		6-4-4-5	35.3-35.5	35.2	464(+4)				500.0	晴		18.0	8.0	17.0	10.8	6.0	1	56.0	良	**	**		(ハンターバレー)																																																									
2016102550	2019-10-05	3新潟1		10.0	瓢湖特別(1勝クラス)								嘉藤貴行		芝2200				2:15.2	0.4		9-9-6-6	36.5-34.9	34.7	458(-6)				264.4	曇		10.0	1.0	1.0	8.3	4.0	3	54.0	良	**	**		ピボットポイント																																																									
2016102550	2019-10-26	3新潟5		10.0	萬代橋特別(1勝クラス)								嘉藤貴行		芝2400				2:29.2	0.2		6-6-8-7	37.4-36.7	36.1	458(0)				427.6	曇		10.0	3.0	3.0	3.5	1.0	2	54.0	稍	**	**		ピッツィカート																																																									
2016102550	2019-11-23	5東京7		7.0	3歳以上1勝クラス								Ｍ．デム		芝2400				2:31.5	-1.0		1-1-1-1	37.8-36.8	36.8	464(+6)				750.0	雨		11.0	7.0	8.0	7.1	5.0	1	55.0	不	**	**		(レオビヨンド)																																																									
2016102550	2019-12-22	5中山8		8.0	グッドラックH(2勝クラス)								Ｍ．デム		芝2500				2:34.8	0.8		5-5-8-6	30.1-35.9	36.0	464(0)				150.0	曇		12.0	4.0	4.0	7.2	3.0	5	54.0	良	**	**		ボスジラ																																																									
2016102550	2020-03-07	2中山3		9.0	潮来特別(2勝クラス)								柴田善臣		芝2500				2:35.6	0.9		1-1-1-1	30.6-34.7	35.6	468(+4)				230.0	曇		9.0	2.0	2.0	15.2	5.0	4	56.0	良	**	**		キングオブコージ																																																									
2016102550	2020-04-04	3中山3		9.0	安房特別(2勝クラス)								柴田善臣		芝2500				2:37.4	3.8		1-1-1-2	30.4-35.8	39.6	466(-2)					晴		11.0	6.0	7.0	19.5	7.0	11	57.0	良	**	**		シークレットラン																																																									
2016102550	2020-05-03	2東京4		9.0	陣馬特別(2勝クラス)								津村明秀		芝2400				2:24.7	0.1		2-3-2-2	37.5-36.0	35.0	464(-2)				230.0	晴		9.0	8.0	8.0	20.2	7.0	4	55.0	良	**	**		カーロバンビーナ																																																									
2016102550	2020-05-31	2東京12		8.0	青嵐賞(2勝クラス)								松山弘平		芝2400				2:26.7	2.1		6-5-2-2	36.9-35.3	37.2	462(-2)					曇		12.0	8.0	12.0	19.1	6.0	10	57.0	良	**	**		セントレオナード																																																									
2016102550	2021-02-13	1東京5		9.0	箱根特別(2勝クラス)								嘉藤貴行		芝2400				2:27.9	3.7		3-3-5-5	35.8-34.4	37.8	480(+18)					晴		11.0	1.0	1.0	114.5	9.0	11	57.0	良	**	**		ハーツイストワール																																																									
2016102550	2021-07-18	1福島6		9.0	信夫山特別(2勝クラス)								丸田恭介		芝2600				2:43.9	2.0		3-3-4-6	39.3-34.9	36.6	472(-8)					晴		11.0	7.0	9.0	81.3	11.0	10	57.0	良	**	**		エドノフェリーチェ																																																									
2016102550	2021-08-22	4新潟4		10.0	阿賀野川特別(2勝クラス)								丸田恭介		芝2200				2:17.6	3.8		2-2-2-2	35.8-37.0	40.7	472(0)					晴		12.0	4.0	4.0	54.0	8.0	12	57.0	稍	**	**		モクレレ																																																									
2016102550	2021-11-28	5東京8		10.0	アプローズ賞(2勝クラス)								津村明秀		ダ1600				1:38.5	1.5		13-13	34.3-37.0	37.6	472(0)					晴		16.0	8.0	16.0	294.1	16.0	8	54.0	良	**	**		サンライズウルス																																																									
2016102550	2022-02-12	1東京5		9.0	箱根特別(2勝クラス)								田中勝春		芝2400				2:26.5	1.2		7-7-9-9	36.3-34.5	35.0	476(+4)					晴		10.0	8.0	9.0	79.6	8.0	9	57.0	良	**	**		トゥーフェイス																																																									
2016102550	2022-03-05	2中山3		9.0	潮来特別(2勝クラス)								田中勝春		芝2500				2:34.5	0.2		1-1-1-1	31.2-35.3	35.5	478(+2)				605.4	晴		8.0	6.0	6.0	20.2	5.0	2	53.0	良	**	**		ホウオウリアリティ																																																									
2016102550	2022-05-01	2東京4		9.0	陣馬特別(2勝クラス)								田中勝春		芝2400				2:30.1	2.8		1-1-1-1	35.8-37.8	40.6	472(-6)					雨		12.0	5.0	6.0	12.4	5.0	10	53.0	稍	**	**		レッドヴェロシティ																																																									
2016102550	2022-05-22	2東京10		9.0	調布特別(2勝クラス)								田中勝春		芝1800				1:47.0	0.3		7-7-3	36.1-34.9	34.9	474(+2)				383.2	晴		9.0	5.0	5.0	32.4	7.0	3	57.0	良	**	**		アールバロン																																																									
2016102550	2022-06-19	3東京6		9.0	町田特別(2勝クラス)								田中勝春		芝2400				2:27.5	1.0		8-8-5-3	38.9-34.7	35.4	472(-2)					晴		10.0	5.0	5.0	15.3	7.0	8	54.0	良	**	**		レインフロムヘヴン																																																									
2016102550	2022-09-24	4中山6		10.0	九十九里特別(2勝クラス)								田中勝春		芝2500				2:36.6	1.2		12-12-12-12	32.2-35.9	35.9	478(+6)					曇		12.0	6.0	8.0	20.8	8.0	9	57.0	重	**	**		ウォルフズハウル																																																									
2016102550	2022-10-15	4東京4		8.0	3歳以上2勝クラス								小林凌大		芝2400				2:26.2	1.7		5-6-2-2	37.2-34.6	36.3	480(+2)				280.0	晴		8.0	2.0	2.0	67.8	6.0	3	55.0	良	**	**		サンストックトン																																																									
2016102550	2022-11-06	3福島2		10.0	三陸特別(2勝クラス)								小林凌大		芝2600				2:41.3	2.0		14-14-13-12	36.0-38.1	38.1	478(-2)					晴		15.0	2.0	3.0	61.1	12.0	11	54.0	良	**	**		トラウンシュタイン																																																									
2016102550	2023-03-04	2中山3		9.0	潮来特別(2勝クラス)								田中勝春		芝2500				2:34.3	2.8		10-10-2-3	30.8-35.6	38.3	488(+10)					晴		11.0	6.0	6.0	55.2	9.0	10	54.0	良	**	**		ブローザホーン																																																									
2016102550	2023-04-01	3中山3		10.0	安房特別(2勝クラス)								Ｍ．デム		芝2500				2:37.3	5.0		2-2-2-2	29.3-36.3	41.1	484(-4)					晴		11.0	8.0	11.0	45.0	9.0	9	58.0	良	**	**		エンドロール																																																									
2016102550	2023-05-21	2東京10		9.0	調布特別(2勝クラス)								Ｍ．デム		芝1800				1:46.3	1.0		10-10-8	34.6-35.2	34.8	486(+2)					晴		10.0	2.0	2.0	54.7	7.0	6	58.0	良	**	**		アドマイヤハレー																																																									
2016102550	2023-06-04	3東京2		9.0	ホンコンJCT(2勝クラス)								Ｍ．デム		芝2000				2:00.5	1.3		7-8-8	36.9-33.4	33.6	484(-2)					晴		9.0	8.0	8.0	65.4	6.0	7	58.0	良	**	**		ドゥレッツァ																																																									
2016102550	2023-08-27	3新潟6		9.0	五頭連峰特別(2勝クラス)								小林美駒		芝1600				1:34.4	1.2		17-17	35.1-33.6	33.4	474(-10)					晴		17.0	2.0	4.0	294.8	16.0	13	58.0	良	**	**		テーオーグランビル																																																									
2016102550	2023-12-24	5中山8		9.0	グッドラックH(2勝クラス)								吉田豊		芝2500				2:35.1	0.5		3-2-3-2	31.7-35.1	35.4	490(+16)					曇		14.0	2.0	2.0	213.5	14.0	12	53.0	良	**	**		ジオフロント																																																									
2016102550	2024-02-17	1東京7		8.0	4歳以上2勝クラス								吉田豊		芝1800				1:47.2	1.3		9-7-7	36.4-33.8	34.0	488(-2)					曇		11.0	4.0	4.0	234.9	10.0	9	58.0	良	**	**		オクタヴィアヌス																																																									
2016102550	2024-03-02	2中山3		9.0	潮来特別(2勝クラス)								永野猛蔵		芝2500				2:35.5	0.6		1-1-1-1	30.8-37.4	38.0	488(0)				155.0	曇		11.0	1.0	1.0	111.5	9.0	5	53.0	稍	**	**		キントリヒ																																																									
2016102550	2024-05-19	2東京10		8.0	調布特別(2勝クラス)								永野猛蔵		芝1800				1:48.0	1.1		9-8-8	37.3-34.0	34.3	488(0)					曇		10.0	6.0	6.0	130.7	10.0	10	58.0	良	**	**		プッシュオン																																																									
2016102550	2024-09-16	4中山5		10.0	習志野特別(2勝クラス)								永野猛蔵		芝2000				1:59.6	0.3		1-1-1-1	36.0-35.5	35.8	484(-4)				626.8	曇		10.0	1.0	1.0	196.4	9.0	2	58.0	良	**	**		コスモブッドレア																																																									
2016102550	2024-10-05	4東京1		9.0	tvk賞(2勝クラス)								永野猛蔵		芝2000				2:01.2	0.9		5-6-6	37.7-33.8	33.9	492(+8)					小雨		7.0	3.0	3.0	60.5	6.0	6	58.0	稍	**	**		アスクカムオンモア																																																									
2016102550	2024-12-22	5中山8		9.0	グッドラックH(2勝クラス)								津村明秀		芝2500				2:35.8	3.6		3-3-2-2	30.6-36.4	39.8	486(-6)					晴		16.0	5.0	9.0	92.9	15.0	14	54.0	良	**	**		スティンガーグラス																																																									
2016102550	2025-01-06	1中山2		10.0	初日の出賞(2勝クラス)								杉原誠人		芝2000				2:01.2	1.1		3-3-2-2	35.9-36.0	36.9	488(+2)					曇		15.0	1.0	1.0	84.1	11.0	11	58.0	良	**	**		アスクナイスショー																																																									
2016102550	2025-04-05	3中山3		8.0	4歳以上2勝クラス								杉原誠人		芝1600				1:35.3	2.2		11-13-13	34.0-36.1	35.4	476(-12)					晴		13.0	5.0	6.0	255.8	13.0	13	58.0	良	**	**		サムハンター																																																									
2016102767	2019-03-03	1阪神4		6.0	3歳新馬								富田暁		ダ1800				1:58.8	2.6		11-11-11-11	37.6-39.2	40.4	482(0)					曇		16.0	1.0	2.0	39.5	10.0	12	55.0	稍	**	**		シェパードボーイ																																																									
2016102767	2019-03-24	2阪神2		3.0	3歳未勝利								富田暁		ダ1800				1:59.8	5.6		12-12-13-14	37.5-38.6	42.5	472(-10)					曇		15.0	7.0	12.0	366.4	14.0	15	55.0	良	**	**		メイショウテンダン																																																									
2016102767	2019-05-12	3京都8		4.0	3歳未勝利								国分恭介		芝1800				1:48.3	0.2		13-13	35.7-34.5	33.3	462(-10)				130.0	晴		13.0	1.0	1.0	266.8	11.0	3	56.0	良	**	**		ジュンサロベツ																																																									
2016102767	2019-05-26	3京都12		2.0	3歳未勝利								国分恭介		芝1800				1:48.4	0.7		13-13	34.2-37.0	35.5	462(0)				75.0	晴		17.0	1.0	2.0	9.6	3.0	4	56.0	良	**	**		コパノケネディー																																																									
2016102767	2019-06-08	3阪神3		6.0	3歳未勝利								国分恭介		芝2000				2:03.5	1.0		5-5-5-6	37.7-36.2	36.6	452(-10)					曇		16.0	3.0	6.0	21.9	8.0	6	56.0	稍	**	**		アドマイヤポラリス																																																									
2016102767	2019-06-30	3中京2		4.0	3歳未勝利								幸英明		芝2000				2:03.5	0.0		14-12-10-10	36.7-36.3	35.3	456(+4)				500.0	小雨		18.0	8.0	18.0	18.9	7.0	1	56.0	重	**	**		(マハーラーニー)																																																									
2016102767	2020-01-06	1京都2		7.0	4歳以上1勝クラス								幸英明		芝2000				2:03.2	0.4		15-15-15-13	36.3-36.0	35.0	466(+10)				190.0	晴		15.0	5.0	8.0	34.7	9.0	3	56.0	良	**	**		キングオブコージ																																																									
2016102767	2020-07-12	4阪神4		9.0	タイランドC(1勝クラス)								幸英明		芝2400				2:32.4	2.0		7-7-6-5	38.6-35.9	37.4	462(-4)					晴		9.0	8.0	8.0	6.5	3.0	8	57.0	稍	**	**		ダンシングリッチー																																																									
2016102767	2021-02-14	1阪神2		7.0	4歳以上1勝クラス								幸英明		芝2400				2:29.8	1.1		8-8-8-8	40.5-33.8	34.3	456(-6)					晴		8.0	5.0	5.0	31.2	7.0	6	57.0	良	**	**		ミッキーメテオ																																																									
2016102767	2021-03-07	2小倉8		10.0	稲佐山特別(1勝クラス)								吉田隼人		芝2600				2:42.0	0.1		8-8-3-3	38.2-36.6	36.1	454(-2)				427.2	曇		9.0	8.0	8.0	10.5	5.0	2	57.0	稍	**	**		ウインベイランダー																																																									
2016102767	2021-03-28	2中京6		7.0	4歳以上1勝クラス								吉田隼人		芝2200				2:16.4	0.1		10-10-10-6	37.1-35.6	35.3	458(+4)				110.0	雨		14.0	7.0	11.0	6.4	3.0	4	57.0	稍	**	**		タイセイモンストル																																																									
2016102767	2021-04-18	2阪神8		8.0	4歳以上1勝クラス								和田竜二		芝2400				2:29.3	-0.4		6-6-7-7	38.1-34.2	33.6	458(0)				760.0	小雨		9.0	6.0	6.0	4.7	3.0	1	57.0	稍	**	**		(メイショウサンガ)																																																									
2016102767	2021-10-23	4阪神5		9.0	兵庫特別(2勝クラス)								和田竜二		芝2400				2:27.1	0.8		8-8-7-6	38.7-35.0	35.4	466(+8)					晴		9.0	8.0	8.0	27.6	6.0	7	54.0	良	**	**		テーオーロイヤル																																																									
2016102767	2021-11-06	5阪神1		9.0	能勢特別(2勝クラス)								浜中俊		芝2000				2:01.1	0.4		9-9-9-7	36.9-35.7	35.3	468(+2)					晴		9.0	8.0	9.0	10.6	5.0	6	54.0	良	**	**		ホウオウエクレール																																																									
2016102767	2022-03-19	1阪神11		9.0	淡路特別(2勝クラス)								藤岡康太		芝2600				2:38.5	0.1		8-8-7-6	35.5-35.3	34.9	462(-6)				605.6	小雨		9.0	5.0	5.0	17.1	6.0	2	54.0	稍	**	**		ヴェラアズール																																																									
2016102767	2022-04-09	2阪神5		9.0	白鷺特別(2勝クラス)								藤岡康太		芝2400				2:30.8	0.1		7-7-5-6	38.2-33.5	33.0	460(-2)				606.2	晴		10.0	3.0	3.0	3.6	2.0	2	57.0	良	**	**		タイソウ																																																									
2016102767	2022-05-01	2東京4		9.0	陣馬特別(2勝クラス)								菅原明良		芝2400				2:27.3	0.0		3-3-3-3	35.8-37.8	36.7	460(0)				608.4	雨		12.0	6.0	8.0	4.9	2.0	2	56.0	稍	**	**		レッドヴェロシティ																																																									
2016102767	2023-01-28	1中京9		10.0	茶臼山高原特別(2勝クラス)								和田竜二		芝2200				2:15.1	0.7		7-6-6-6	37.2-34.6	34.8	466(+6)					晴		9.0	7.0	7.0	8.1	4.0	7	58.0	良	**	**		レベランス																																																									
2016102767	2023-02-25	1阪神5		7.0	4歳以上2勝クラス								和田竜二		芝2400				2:27.3	0.4		3-3-3-4	37.0-34.3	34.5	464(-2)				170.0	晴		8.0	2.0	2.0	7.1	5.0	4	58.0	稍	**	**		モンテディオ																																																									
2016102767	2023-10-08	2京都2		9.0	清滝特別(2勝クラス)								和田竜二		芝2200				2:12.7	0.7		5-5-5-4	35.7-35.1	34.8	472(+8)					小雨		12.0	6.0	8.0	35.7	10.0	6	58.0	良	**	**		シェイクユアハート																																																									
2016102767	2023-10-21	2京都6		10.0	鳴滝特別(2勝クラス)								和田竜二		芝2400				2:25.4	0.2		7-7-7-7	34.7-35.9	35.2	472(0)				628.0	曇		12.0	5.0	5.0	16.8	6.0	2	57.0	良	**	**		ブレイヴロッカー																																																									
2016102767	2023-11-25	3京都7		9.0	高雄特別(2勝クラス)								和田竜二		芝2400				2:25.0	0.2		4-3-3-4	35.6-35.8	35.8	470(-2)				393.6	晴		12.0	1.0	1.0	22.0	7.0	3	58.0	良	**	**		ゴールドプリンセス																																																									
2016102767	2023-12-10	5阪神4		8.0	3歳以上2勝クラス								和田竜二		芝2400				2:28.5	0.5		4-4-4-3	38.2-33.7	33.7	468(-2)				170.0	晴		8.0	8.0	8.0	4.8	4.0	4	58.0	良	**	**		ウインルーティン																																																									
2016102767	2024-06-09	4京都4		9.0	常盤特別(2勝クラス)								和田竜二		芝2400				2:28.2	0.7		3-3-3-4	38.3-34.3	34.8	466(-2)				230.0	小雨		9.0	2.0	2.0	17.2	5.0	4	58.0	稍	**	**		インザモーメント																																																									
2016102767	2024-07-06	3小倉3		10.0	西部スポニチ賞(2勝クラス)								和田竜二		芝2600				2:38.8	1.0		6-6-5-5	36.5-35.9	35.8	460(-6)				230.0	晴		9.0	5.0	5.0	17.6	4.0	4	57.0	良	**	**		メリオーレム																																																									
2016102767	2024-12-07	7京都3		12.0	3歳以上2勝クラス								幸英明		芝2400				2:25.6	0.9		7-8-8-8	34.6-36.3	35.1	472(+12)				290.0	晴		10.0	8.0	10.0	36.3	7.0	3	58.0	良	**	**		ギャンブルルーム																																																									
2016102767	2024-12-22	5中山8		9.0	グッドラックH(2勝クラス)								幸英明		芝2500				2:34.5	2.3		3-3-4-5	30.6-36.4	38.3	474(+2)					晴		16.0	2.0	4.0	54.9	11.0	10	56.0	良	**	**		スティンガーグラス																																																									
2016102767	2025-02-01	1京都1		10.0	許波多特別(2勝クラス)								Ｍ．デム		芝2400				2:26.8	1.9		6-6-6-6	35.6-36.5	36.9	472(-2)					曇		10.0	1.0	1.0	36.7	9.0	7	56.0	良	**	**		ウィープディライト																																																									
2016102767	2025-03-02	1阪神2		9.0	淡路特別(2勝クラス)								和田竜二		芝2200				2:12.7	0.9		7-7-7-5	33.7-35.4	35.6	472(0)				230.0	小雨		9.0	7.0	7.0	122.6	9.0	4	58.0	良	**	**		タガノデュード																																																									
2016102767	2025-03-22	1阪神7		8.0	4歳以上2勝クラス								和田竜二		芝2600				2:39.4	0.3		4-3-3-2	37.2-34.9	35.1	470(-2)				290.0	晴		9.0	8.0	9.0	22.3	6.0	3	58.0	良	**	**		リミットバスター																																																									
2016102767	2025-08-17	2新潟8		8.0	阿賀野川特別(2勝クラス)								石川裕紀		芝2200				2:15.0	0.7		5-5-5-4	35.8-35.9	35.8	470(0)					晴		9.0	8.0	9.0	66.1	8.0	7	58.0	良	**	**		アマキヒ																																																									
2016102767	2025-11-30	4京都8		8.0	3歳以上2勝クラス								和田竜二		芝2200				2:13.3	1.0		6-6-7-7	36.7-34.7	35.2	470(0)				114.0	晴		8.0	6.0	6.0	71.6	7.0	5	58.0	良	**	**		サクソンジェンヌ																																																									
2016102767	2025-12-20	5阪神5		10.0	境港特別(2勝クラス)								和田竜二		芝2400				2:27.9	1.2		5-5-5-5	38.0-33.1	33.7	472(+2)				155.0	晴		8.0	8.0	8.0	34.4	5.0	5	58.0	良	**	**		シュバルツマサムネ																																																									
2016102767	2026-01-12	1京都5		9.0	琵琶湖特別(2勝クラス)								吉村誠之		芝2400				2:26.4	1.7		4-4-5-5	35.0-35.1	36.4	474(+2)					晴		12.0	5.0	5.0	180.5	12.0	11	58.0	良	**	**		アロンディ																																																									
2016102904	2018-10-21	4東京7	晴	4.0	2歳新馬		18.0	3.0	5.0	37.2	7.0	4	蛯名正義	55.0	芝1400		良	**	1:24.2	0.3	**	2-2	36.8-34.5	34.7	466(0)			ロカマドール	110.0																																																																							
2016102904	2018-11-11	5京都4	晴	3.0	2歳未勝利		11.0	7.0	8.0	195.3	8.0	8	川島信二	55.0	芝1600		良	**	1:37.7	1.8	**	3-2	35.6-35.1	36.7	460(-6)			マイネルウィルトス																																																																								
2016102904	2018-11-24	5京都7	晴	2.0	2歳未勝利		16.0	8.0	16.0	74.8	12.0	16	川島信二	55.0	ダ1800		良	**	1:58.8	3.9	**	4-5-4-6	36.9-37.9	41.4	460(0)			コンカラー																																																																								
2016102904	2019-04-06	2阪神5	晴	4.0	3歳未勝利		18.0	5.0	9.0	171.6	16.0	10	坂井瑠星	55.0	芝1400		良	**	1:23.2	0.6	**	12-11	35.5-35.0	34.8	458(-2)			アレス																																																																								
2016102904	2019-04-20	3京都1	晴	4.0	3歳未勝利		18.0	6.0	11.0	92.0	12.0	11	幸英明	56.0	芝1600		良	**	1:36.2	1.8	**	18-17	34.8-35.3	35.5	458(0)			ボマイェ																																																																								
2016102904	2019-05-05	3京都6	晴	5.0	3歳未勝利		14.0	8.0	14.0	295.9	14.0	7	城戸義政	56.0	芝1800		良	**	1:47.8	0.9	**	13-13	34.3-35.3	34.7	456(-2)			メイケイハリアー																																																																								
2016102904	2019-05-18	1新潟7	晴	6.0	3歳未勝利		16.0	8.0	15.0	53.0	10.0	6	団野大成	53.0	芝1800		良	**	1:48.6	0.5	**	10-11	36.3-34.7	33.8	454(-2)			マイネルセリオン																																																																								
2016102904	2019-06-01	3阪神1	晴	6.0	3歳未勝利		13.0	1.0	1.0	11.5	5.0	4	城戸義政	56.0	芝2600		良	**	2:42.6	1.5	**	6-6-5-5	36.2-36.1	37.0	454(0)			シャイニープレット	75.0																																																																							
2016102904	2019-06-15	3阪神5	曇	6.0	3歳未勝利		13.0	3.0	5.0	28.5	7.0	3	城戸義政	56.0	芝2400		稍	**	2:30.6	1.8	**	1-1-1-1	37.1-36.9	38.7	456(+2)			メロディーレーン	130.0																																																																							
2016102904	2019-06-29	3中京1	曇	7.0	3歳未勝利		13.0	7.0	10.0	8.0	4.0	2	浜中俊	56.0	芝2200		稍	**	2:16.7	0.1	**	1-1-1-1	36.1-35.0	35.1	454(-2)			シャイニングデイズ	200.0																																																																							
2016102904	2019-07-13	3中京5	小雨	7.0	3歳未勝利		17.0	8.0	15.0	4.9	3.0	1	浜中俊	56.0	芝2200		稍	**	2:19.2	0.0	**	3-3-3-3	37.4-34.3	34.2	454(0)			(ルデュック)	500.0																																																																							
2016102904	2020-01-25	1小倉3	曇	9.0	4歳以上1勝クラス		8.0	2.0	2.0	7.6	5.0	5	田中健	56.0	芝2600		稍	**	2:44.2	2.7	**	2-2-2-5	36.7-37.0	39.5	484(+30)			ウインレーヴドール	76.0																																																																							
2016102904	2020-02-09	1小倉8	曇	6.0	4歳以上1勝クラス		11.0	8.0	10.0	27.0	9.0	8	亀田温心	53.0	芝2600		良	**	2:42.1	2.0	**	5-5-3-5	37.0-37.4	39.2	482(-2)			サンサルドス																																																																								
2016102904	2020-02-22	1小倉11	晴	9.0	4歳以上1勝クラス		11.0	1.0	1.0	36.7	8.0	9	団野大成	54.0	芝2600		稍	**	2:48.8	3.7	**	1-1-5-8	36.4-39.0	42.2	480(-2)			ウインレーヴドール																																																																								
2016102904	2020-05-23	1新潟5	晴	12.0	荒川峡特別(1勝クラス)		11.0	1.0	1.0	34.8	10.0	5	蛯名正義	57.0	芝2400		良	**	2:28.4	0.4	**	4-4-3-3	36.1-35.7	35.8	488(+8)			ロゼフェニックス	106.0																																																																							
2016102904	2020-06-13	3阪神3	雨	9.0	甲武特別(1勝クラス)		10.0	1.0	1.0	20.8	7.0	2	浜中俊	57.0	芝2400		稍	**	2:28.6	0.9	**	3-3-2-4	37.2-36.6	37.2	480(-8)			ヒートオンビート	426.2																																																																							
2016102904	2020-06-28	3阪神8	曇	7.0	3歳以上1勝クラス		9.0	3.0	3.0	8.7	6.0	2	浜中俊	57.0	芝2200		良	**	2:14.6	0.2	**	1-1-1-1	35.5-36.6	36.8	480(0)			ラインハイト	300.0																																																																							
2016102904	2020-07-19	4阪神6	晴	8.0	3歳以上1勝クラス		16.0	4.0	7.0	11.1	4.0	5	浜中俊	57.0	芝2200		良	**	2:15.1	1.1	**	6-5-4-6	34.3-38.2	38.9	476(-4)			ペプチドオーキッド	76.0																																																																							
2016102904	2020-08-09	2新潟6	雨	8.0	3歳以上1勝クラス		13.0	4.0	4.0	15.9	6.0	2	城戸義政	57.0	芝2200		不	**	2:18.2	0.2	**	1-1-1-1	35.4-36.1	36.3	480(+4)			エレヴァテッツァ	300.0																																																																							
2016102904	2020-09-05	2小倉7	曇	12.0	3歳以上1勝クラス		12.0	5.0	7.0	13.9	7.0	3	城戸義政	57.0	芝2600		良	**	2:42.1	0.6	**	7-7-7-7	37.8-36.2	35.8	478(-2)			トウカイデュエル	190.0																																																																							
2016102904	2020-09-21	2中京5	晴	9.0	金山特別(1勝クラス)		11.0	6.0	6.0	7.8	5.0	9	城戸義政	57.0	芝2200		良	**	2:15.0	1.7	**	3-3-2-2	36.2-34.5	36.1	476(-2)			ディアマンミノル																																																																								
2016102904	2021-04-25	1新潟6	曇	10.0	雨飾山特別(1勝クラス)		16.0	2.0	3.0	35.2	10.0	12	城戸義政	57.0	芝2400		良	**	2:30.3	0.9	**	2-2-2-2	36.1-35.7	36.5	486(+10)			ベスビアナイト																																																																								
2016102904	2021-05-08	2新潟1	晴	8.0	4歳以上1勝クラス		11.0	4.0	4.0	16.0	6.0	9	城戸義政	57.0	芝2200		良	**	2:18.0	2.2	**	1-1-1-2	35.9-38.1	40.3	484(-2)			ウシュバテソーロ																																																																								
2016102904	2021-05-22	2新潟5	曇	12.0	荒川峡特別(1勝クラス)		10.0	7.0	8.0	20.5	7.0	8	城戸義政	57.0	芝2400		稍	**	2:33.5	1.7	**	5-5-6-6	38.0-37.2	38.2	482(-2)			カラミンサ																																																																								
2016102904	2021-06-06	4中京2	晴	8.0	3歳以上1勝クラス		8.0	4.0	4.0	20.0	7.0	4	城戸義政	57.0	芝2000		良	**	2:02.1	1.1	**	2-2-2-2	35.1-38.3	38.9	480(-2)			シゲルソウサイ	110.0																																																																							
2016102904	2021-09-11	5中京1	曇	8.0	3歳以上1勝クラス		12.0	6.0	9.0	178.1	12.0	10	城戸義政	57.0	芝2000		良	**	2:00.7	1.3	**	12-11-1-1	36.6-34.7	36.0	490(+10)			ジャックドール																																																																								
2016102904	2021-09-18	5中京3	曇	9.0	金山特別(1勝クラス)		13.0	5.0	7.0	65.0	11.0	12	川島信二	57.0	芝2200		重	**	2:15.4	2.8	**	1-1-1-1	34.6-35.4	38.2	484(-6)			ワイドエンペラー																																																																								
2016102904	2021-10-03	5中京9	晴	7.0	3歳以上1勝クラス		16.0	7.0	14.0	213.3	16.0	10	川島信二	57.0	芝2200		良	**	2:14.5	2.0	**	5-5-2-6	35.1-36.3	37.9	482(-2)			テーオーロイヤル																																																																								
2016102904	2022-04-16	3中山7	晴	7.0	4歳以上1勝クラス		11.0	7.0	8.0	59.9	9.0	3	内田博幸	57.0	芝2200		重	**	2:15.8	0.2	**	10-9-7-3	37.2-36.4	36.0	500(+18)			エトワールマタン	190.0																																																																							
2016102904	2022-05-22	2東京10	晴	7.0	4歳以上1勝クラス		10.0	7.0	8.0	12.4	6.0	7	内田博幸	57.0	芝2400		良	**	2:28.2	0.9	**	6-4-3-2	36.7-35.1	35.9	496(-4)			レベランス																																																																								
2016102904	2022-07-31	1札幌4	晴	7.0	3歳以上1勝クラス		14.0	7.0	12.0	24.9	9.0	13	鮫島克駿	57.0	芝2000		良	**	2:03.2	1.7	**	8-8-9-8	35.9-36.6	37.4	492(-4)			ウインチェレステ																																																																								
2016102904	2022-10-02	4中山9	晴	7.0	3歳以上1勝クラス		12.0	5.0	5.0	96.2	12.0	5	内田博幸	57.0	芝2200		良	**	2:14.4	0.3	**	5-5-7-5	37.0-36.2	36.0	492(0)			キントリヒ	77.0																																																																							
2016102904	2022-12-18	5中山6	晴	12.0	3歳以上1勝クラス		12.0	2.0	2.0	19.1	6.0	2	内田博幸	57.0	芝2500		稍	**	2:38.9	0.3	**	1-1-1-1	32.4-35.4	35.7	498(+6)			ブローザホーン	310.0																																																																							
2016102904	2023-01-21	1中山7	晴	12.0	4歳以上1勝クラス		14.0	7.0	11.0	10.5	6.0	3	内田博幸	58.0	芝2200		稍	**	2:15.5	0.1	**	5-5-5-4	37.3-36.8	36.3	504(+6)			ハイエスティーム	200.0																																																																							
2016102904	2023-02-12	1東京6	晴	6.0	4歳以上1勝クラス		10.0	1.0	1.0	11.5	5.0	6	内田博幸	58.0	芝2400		良	**	2:26.9	1.4	**	1-1-1-1	37.6-35.6	37.0	506(+2)			ワープスピード																																																																								
2016102904	2023-04-15	3中山7	雨	7.0	4歳以上1勝クラス		11.0	2.0	2.0	3.2	1.0	4	内田博幸	58.0	芝2200		重	**	2:17.3	0.5	**	1-1-1-1	36.6-37.9	38.4	498(-8)			シャドウマッドネス	120.0																																																																							
2016102904	2023-06-25	3阪神8	曇	7.0	3歳以上1勝クラス		10.0	8.0	10.0	7.2	3.0	8	菅原明良	58.0	芝2200		良	**	2:14.6	1.9	**	7-8-5-6	34.7-37.9	37.6	490(-8)			プリマヴィータ																																																																								
2016102904	2023-07-22	3中京7	晴	8.0	3歳以上1勝クラス		14.0	5.0	7.0	47.7	9.0	9	ホー	58.0	芝2200		良	**	2:15.5	1.1	**	2-2-2-2	36.1-36.3	37.3	490(0)			アイザックバローズ																																																																								
2016102904	2023-09-16	4中山3	晴	7.0	3歳以上1勝クラス		14.0	6.0	9.0	14.4	6.0	2	内田博幸	58.0	芝2500		良	**	2:33.3	0.3	**	1-1-1-1	31.3-35.8	36.1	486(-4)			レヴォルタード	320.0																																																																							
2016102904	2023-10-01	4中山9	曇	7.0	3歳以上1勝クラス		15.0	8.0	15.0	18.6	8.0	11	内田博幸	58.0	芝2200		良	**	2:17.0	1.0	**	5-6-5-6	37.2-35.2	35.8	486(0)			ホウオウサンデー																																																																								
2016102904	2023-11-12	3福島4	曇	6.0	3歳以上1勝クラス		10.0	2.0	2.0	15.2	6.0	2	小林勝太	55.0	ダ2400		良	**	2:37.3	0.2	**	2-2-3-3	38.3-37.8	37.8	494(+8)			マコトヴィクラント	320.0																																																																							
2016102904	2023-12-10	5中山4	晴	8.0	3歳以上1勝クラス		11.0	8.0	10.0	4.8	3.0	1	小林勝太	55.0	ダ2500		良	**	2:44.4	-0.2	**	3-3-2-2	31.9-37.8	37.8	500(+6)			(クロスザルビコン)	800.0																																																																							
2016102904	2024-01-08	1中山3	晴	9.0	成田特別(2勝クラス)		16.0	1.0	2.0	25.8	8.0	14	小林勝太	58.0	ダ2400		良	**	2:43.0	4.1	**	2-1-6-14	39.5-39.4	42.9	508(+8)			マオノアラシ																																																																								
2016102904	2024-03-17	2中山8	晴	12.0	4歳以上2勝クラス		16.0	7.0	13.0	76.9	10.0	9	小林勝太	55.0	ダ2400		良	**	2:38.4	2.4	**	7-7-6-7	39.3-38.3	39.6	502(-6)			ヨリノサファイヤ																																																																								
2016102904	2024-03-31	3中山4	晴	9.0	安房特別(2勝クラス)		8.0	3.0	3.0	27.7	6.0	6	内田博幸	58.0	芝2500		良	**	2:34.0	2.4	**	3-3-3-5	30.4-35.6	37.4	496(-6)			メジャークロニクル																																																																								
2016102904	2025-03-08	2中山3	曇	9.0	潮来特別(2勝クラス)		10.0	1.0	1.0	105.3	8.0	6	木幡巧也	58.0	芝2500		良	**	2:38.5	1.6	**	3-3-4-4	32.7-34.8	36.1	504(+8)			サンライズソレイユ																																																																								
2016102904	2025-04-06	3中山4	小雨	9.0	安房特別(2勝クラス)		12.0	1.0	1.0	85.3	11.0	11	石橋脩	54.0	芝2500		良	**	2:35.9	3.4	**	1-1-3-6	30.5-35.1	38.2	502(-2)			レッドテリオス																																																																								
2016102904	2025-04-20	1福島4	曇	10.0	奥の細道特別(2勝クラス)		15.0	5.0	9.0	171.2	15.0	14	嶋田純次	58.0	芝2600		良	**	2:42.8	1.1	**	5-5-5-7	39.1-35.6	36.2	492(-10)			キットハナガサク																																																																								
2016102904	2025-05-04	2東京4	晴	8.0	4歳以上2勝クラス		9.0	2.0	2.0	129.8	7.0	7	木幡巧也	58.0	芝1600		良	**	1:34.4	1.4	**	1-1	36.6-33.1	34.5	504(+12)			カニキュル																																																																								
2016102904	2025-07-06	2福島4	晴	10.0	白河特別(2勝クラス)		16.0	3.0	5.0	158.4	14.0	14	原優介	58.0	芝1800		良	**	1:50.1	1.9	**	4-6-6-6	35.2-37.0	37.1	502(-2)			ニシノティアモ																																																																								
2016102904	2025-11-16	3福島4	晴	10.0	三陸特別(2勝クラス)		16.0	3.0	5.0	195.3	15.0	14	菊沢一樹	58.0	芝2600		良	**	2:43.6	2.2	**	4-3-5-6	37.0-35.1	37.0	496(-6)			ローザサンリヴァル																																																																								
2016102904	2025-12-21	5中山6	雨	12.0	3歳以上2勝クラス		16.0	1.0	1.0	240.4	14.0	14	江田照男	58.0	芝1600		重	**	1:36.2	1.7	**	9-8-7	35.5-35.8	36.9	506(+10)			メタルスピード																																																																								
2016104152	2018-12-22	5中山7		6.0	2歳新馬								江田照男		ダ1200				1:11.8	-0.5		1-1	35.0-36.8	36.8	486(0)				700.0															曇		15.0	5.0	9.0	12.9	5.0	1	55.0	良	**	**		(タマブラックパール)																																											
2016104152	2019-01-19	1中山6		6.0	3歳500万下								江田照男		ダ1200				1:12.5	1.2		9-8	33.6-37.7	38.1	486(0)				72.0															晴		14.0	4.0	5.0	9.8	4.0	5	56.0	良	**	**		ロンドンテソーロ																																											
2016104152	2019-02-17	1東京8		2.0	3歳500万下								江田照男		ダ1400								35.9-37.5		計不																			晴		15.0	7.0	14.0			取	56.0	良	**	**		グルーヴィット																																											
2016104152	2019-11-30	5中山1		7.0	3歳以上1勝クラス								江田照男		ダ1200				1:11.5	0.3		3-3	33.8-37.4	37.5	496(+10)				75.0															晴		16.0	1.0	2.0	9.6	4.0	5	56.0	稍	**	**		メールデゾレ																																											
2016104152	2019-12-21	5中山7		7.0	3歳以上1勝クラス								江田照男		ダ1200				1:11.8	1.5		4-4	32.9-37.4	38.2	498(+2)				75.0															曇		16.0	2.0	4.0	5.0	3.0	5	56.0	良	**	**		サトノテラス																																											
2016104152	2020-01-13	1中山5		7.0	4歳以上1勝クラス								江田照男		ダ1200				1:12.5	0.7		7-6	34.1-37.7	37.7	500(+2)																			晴		15.0	4.0	7.0	4.7	2.0	7	56.0	良	**	**		ステイホット																																											
2016104152	2020-03-01	2中山2		7.0	4歳以上1勝クラス								内田博幸		ダ1200				1:12.6	1.0		2-2	34.1-37.5	38.4	484(-16)																			晴		15.0	3.0	4.0	6.8	2.0	7	57.0	良	**	**		スズノウメ																																											
2016104152	2020-05-24	1新潟6		9.0	4歳以上1勝クラス								秋山稔樹		ダ1200				1:12.0	1.0		13-12	34.5-36.5	35.8	490(+6)				76.0															晴		15.0	2.0	2.0	8.2	5.0	5	54.0	良	**	**		アヴォンリー																																											
2016104152	2020-06-14	3東京4		12.0	3歳以上1勝クラス								江田照男		ダ1300				1:17.8	0.7		13-13	29.4-36.3	35.9	492(+2)																			曇		16.0	5.0	10.0	31.4	11.0	6	57.0	不	**	**		アストロブレイク																																											
2016104152	2020-10-03	4中山8		8.0	3歳以上1勝クラス								江田照男		ダ1200				1:12.8	0.6		13-13	35.1-37.1	36.8	492(0)																			晴		16.0	7.0	13.0	5.8	3.0	10	57.0	良	**	**		スイ																																											
2016104152	2020-10-25	4東京6		7.0	3歳以上1勝クラス								江田照男		ダ1400				1:26.7	0.8		8-7	36.8-36.5	36.7	496(+4)																			晴		12.0	6.0	8.0	16.7	9.0	9	57.0	良	**	**		スワーヴヨハン																																											
2016104152	2021-02-06	1東京3		8.0	4歳以上1勝クラス								木幡巧也		ダ1300				1:19.2	0.2		15-14	30.1-36.6	35.7	482(-14)				110.0															晴		16.0	1.0	1.0	30.4	9.0	4	57.0	良	**	**		アースビヨンド																																											
2016104152	2021-02-21	1東京8		6.0	4歳以上1勝クラス								江田照男		ダ1400				1:26.6	1.7		8-9	35.8-36.9	37.5	482(0)																			晴		16.0	4.0	8.0	18.3	7.0	12	57.0	良	**	**		レジリエンスブルー																																											
2016104152	2021-03-21	2中京4		7.0	4歳以上1勝クラス								高倉稜		ダ1400				1:24.3	1.5		5-4	33.8-37.5	38.1	466(-16)				110.0															小雨		15.0	1.0	1.0	56.0	11.0	4	57.0	不	**	**		タケルラスティ																																											
2016104152	2021-04-03	3中山3		12.0	4歳以上1勝クラス								木幡巧也		ダ1200				1:12.2	0.5		10-11	34.7-37.0	36.9	462(-4)				190.0															晴		16.0	6.0	12.0	11.3	5.0	3	57.0	良	**	**		クロッチ																																											
2016104152	2021-05-16	2新潟4		7.0	4歳以上1勝クラス								坂井瑠星		ダ1200				1:12.1	0.1		2-2	34.4-37.6	37.6	474(+12)				300.0															小雨		15.0	4.0	7.0	4.9	2.0	2	57.0	良	**	**		ケイアイマリブ																																											
2016104152	2021-07-18	1福島6		8.0	3歳以上1勝クラス								津村明秀		ダ1700				1:47.5	0.5		1-1-1-1	29.8-39.1	39.6	486(+12)				110.0															晴		14.0	5.0	8.0	25.2	11.0	4	57.0	良	**	**		タマモヒップホップ																																											
2016104152	2021-10-16	5新潟3		8.0	3歳以上1勝クラス								津村明秀		ダ1800				1:53.0	0.5		3-3-4-4	37.0-38.3	38.5	480(-6)				190.0															曇		9.0	2.0	2.0	9.5	4.0	3	57.0	稍	**	**		フローラルドレス																																											
2016104152	2021-10-31	5新潟8		3.0	3歳以上1勝クラス								津村明秀		ダ1800				1:52.5	0.9		8-7-6-3	36.0-37.3	37.4	482(+2)				300.0															晴		15.0	4.0	6.0	5.5	3.0	2	57.0	良	**	**		ダノンマデイラ																																											
2016104152	2021-11-20	2福島5		2.0	3歳以上1勝クラス								菅原明良		ダ1700				1:46.3	0.6		8-8-4-2	30.0-38.1	38.2	480(-2)				300.0															晴		15.0	7.0	12.0	2.9	1.0	2	57.0	良	**	**		トーアエレクトロン																																											
2016104152	2022-04-17	1福島2		8.0	4歳以上1勝クラス								亀田温心		ダ1700				1:46.2	-0.3		7-7-4-2	29.6-38.5	38.1	484(+4)				770.0															晴		15.0	2.0	2.0	2.8	1.0	1	56.0	稍	**	**		(テーオーバフェット)																																											
2016104152	2022-05-01	1福島6		10.0	喜多方特別(2勝クラス)								亀田温心		ダ1700				1:44.9	0.0		8-9-6-6	29.7-38.3	37.8	484(0)				610.4															雨		14.0	6.0	11.0	8.3	5.0	2	57.0	重	**	**		リリーミニスター																																											
2016104152	2022-05-28	1新潟7		11.0	五泉特別(2勝クラス)								亀田温心		ダ1800				1:54.2	2.0		5-6-6-7	37.1-38.2	39.3	490(+6)																			晴		12.0	3.0	3.0	4.1	2.0	7	57.0	稍	**	**		マイネルクロンヌ																																											
2016104152	2022-07-23	2福島7		10.0	横手特別(2勝クラス)								菅原明良		ダ1700				1:45.0	0.0		4-3-6-5	30.2-37.8	37.4	482(-8)				385.0															晴		15.0	3.0	5.0	5.6	2.0	3	57.0	重	**	**		ロードインファイト																																											
2016104152	2022-08-14	4小倉2		12.0	八女特別(2勝クラス)								幸英明		ダ1700				1:46.6	1.8		7-5-3-4	29.1-38.3	39.8	486(+4)																			晴		15.0	8.0	14.0	22.8	7.0	11	57.0	良	**	**		ヴァレーデラルナ																																											
2016104152	2022-11-05	3福島1		11.0	河北新報杯(2勝クラス)								秋山真一		ダ1700				1:45.7	0.5		9-9-8-8	30.2-37.3	36.8	482(-4)																			晴		15.0	6.0	11.0	15.4	7.0	7	57.0	良	**	**		ラヴィータエベラ																																											
2016104152	2022-12-28	5中山9		9.0	立志賞(2勝クラス)								木幡巧也		ダ1800				1:53.6	0.1		13-13-13-10	36.6-37.8	37.0	482(0)				611.0															晴		16.0	7.0	14.0	21.6	8.0	2	57.0	良	**	**		レッドラパルマ																																											
2016104152	2023-03-11	2中山5		9.0	鎌ケ谷特別(2勝クラス)								木幡巧也		ダ1800				1:53.8	0.8		8-8-10-10	36.6-37.7	37.7	480(-2)																			晴		15.0	2.0	2.0	17.1	6.0	9	58.0	良	**	**		トップオブジェラス																																											
2016104152	2023-04-16	3中山8		9.0	利根川特別(2勝クラス)								木幡巧也		ダ1800				1:52.3	1.4		7-6-6-6	36.5-37.6	38.4	482(+2)																			雨		16.0	1.0	1.0	25.0	6.0	11	58.0	重	**	**		ゴールドブリーズ																																											
2016104152	2023-06-17	3東京5		9.0	三浦特別(2勝クラス)								内田博幸		ダ1400				1:25.0	0.8		14-14	35.6-36.6	35.7	484(+2)																			晴		15.0	4.0	7.0	61.6	11.0	12	58.0	良	**	**		ハチメンロッピ																																											
2016104152	2023-08-27	3小倉6		10.0	九州スポーツ杯(2勝クラス)								斎藤新		ダ1700				1:45.1	1.2		14-14-14-14	28.6-39.1	38.2	478(-6)																			晴		16.0	2.0	3.0	23.6	6.0	6	55.0	良	**	**		グラストンベリー																																											
2016104152	2023-09-16	4阪神3		10.0	鳥取特別(2勝クラス)								富田暁		ダ1800				1:53.7	0.3		11-11-6-6	37.0-39.0	38.7	474(-4)				395.7															晴		16.0	3.0	5.0	54.2	14.0	3	58.0	良	**	**		スマートサニー																																											
2016104152	2023-10-15	4新潟2		10.0	菅名岳特別(2勝クラス)								富田暁		ダ1800				1:52.8	1.3		13-13-10-9	35.9-37.5	37.7	478(+4)				230.0															小雨		13.0	7.0	10.0	37.9	8.0	4	58.0	稍	**	**		ルクスフロンティア																																											
2016104152	2023-12-03	5阪神2		9.0	豊中特別(2勝クラス)								富田暁		ダ1800				1:55.0	0.9		13-13-13-11	38.0-38.3	37.9	470(-8)																			曇		16.0	1.0	2.0	19.7	6.0	9	58.0	良	**	**		ロードアヴニール																																											
2016104152	2024-01-08	1中山3		9.0	成田特別(2勝クラス)								内田博幸		ダ2400				2:39.8	0.9		16-16-10-5	39.5-39.4	39.4	480(+10)																			晴		16.0	8.0	16.0	61.6	12.0	7	58.0	良	**	**		マオノアラシ																																											
2016104152	2024-02-18	1東京8		7.0	4歳以上2勝クラス								内田博幸		ダ2100				2:13.2	0.7		13-13-13-13	30.9-38.8	38.3	484(+4)																			晴		16.0	2.0	4.0	123.2	12.0	6	58.0	良	**	**		カレンアルカンタラ																																											
2016104152	2024-04-27	2東京3		12.0	4歳以上2勝クラス								内田博幸		ダ2100				2:11.7	0.6		4-4-4-4	31.1-36.3	36.4	480(-4)				170.0															曇		11.0	2.0	2.0	114.2	10.0	4	58.0	稍	**	**		ネッケツシャチョウ																																											
2016104152	2024-05-18	2東京9		12.0	4歳以上2勝クラス								大野拓弥		ダ2100				2:11.8	1.1		11-11-10-10	30.1-39.8	38.6	484(+4)																			晴		16.0	5.0	10.0	40.8	11.0	9	58.0	良	**	**		マテンロウガイ																																											
2016104152	2024-10-13	4東京3		8.0	3歳以上2勝クラス								内田博幸		ダ2100				2:12.2	1.7		13-12-12-11	31.4-36.5	37.0	490(+6)																			晴		16.0	2.0	4.0	167.8	16.0	11	58.0	良	**	**		リアレスト																																											
2016104152	2024-11-23	5東京7		8.0	3歳以上2勝クラス								内田博幸		ダ2100				2:13.7	2.4		16-16-14-12	31.5-38.8	39.9	488(-2)																			晴		16.0	3.0	6.0	215.9	14.0	13	58.0	稍	**	**		ピュアキアン																																											
2016104152	2025-03-15	1阪神5		12.0	4歳以上2勝クラス								藤懸貴志		ダ1800				1:56.2	0.6		9-9-10-10	39.3-36.4	36.1	466(-22)																			小雨		10.0	5.0	5.0	102.0	9.0	6	58.0	良	**	**		シャンデルナゴル																																											
2016104152	2025-08-24	4中京2		10.0	大府特別(2勝クラス)								藤懸貴志		ダ1800				1:54.9	2.0		16-15-15-14	37.3-38.9	37.4	472(+6)																			晴		16.0	7.0	13.0	150.7	16.0	11	58.0	良	**	**		パカーラン																																											
2016104152	2026-01-18	1京都7		10.0	大津特別(2勝クラス)								藤懸貴志		ダ1800				1:54.8	1.2		15-15-16-15	37.5-37.4	37.0	464(-8)																																																													晴		16.0	6.0	11.0	420.0	16.0	13	58.0	良	**	**		バッケンレコード	202608010710
2016104624	2018-06-24	3東京8		5.0	2歳新馬								三浦皇成		芝1800				1:50.8	0.3		8-7-7	37.1-34.9	34.7	444(0)				180.0	晴		14.0	8.0	14.0	6.6	3.0	3	54.0	重	**	**		アンブロークン																																																									
2016104624	2018-08-05	2新潟4		1.0	2歳未勝利								ルメール		芝1800				1:49.4	-0.6		3-1	36.5-34.2	34.2	452(+8)				500.0	曇		10.0	8.0	10.0	1.7	1.0	1	54.0	良	**	**		(アトミックフォース)																																																									
2016104624	2018-10-20	4東京6		9.0	アイビーS(OP)								ルメール		芝1800				1:49.5	0.9		7-7-7	37.2-33.4	33.1	456(+4)					晴		10.0	6.0	6.0	7.7	4.0	8	55.0	良	**	**		クロノジェネシス																																																									
2016104624	2018-11-17	5京都5		9.0	もちの木賞(500万下)								浜中俊		ダ1800				1:53.0	0.8		4-4-3-3	36.9-37.3	37.8	460(+4)				150.0	晴		10.0	7.0	8.0	6.2	3.0	4	55.0	良	**	**		ノーヴァレンダ																																																									
2016104624	2019-01-26	1東京1		4.0	3歳500万下								マーフィ		ダ1600				1:39.4	0.0		8-9	35.6-37.8	36.9	466(+6)				290.0	晴		14.0	3.0	4.0	4.6	2.0	2	56.0	良	**	**		リープリングスター																																																									
2016104624	2019-03-03	2中山4		4.0	3歳500万下								武豊		ダ1800				1:54.5	0.2		2-2-2-2	38.1-37.9	37.9	470(+4)				290.0	雨		10.0	7.0	8.0	4.7	3.0	2	56.0	稍	**	**		マドラスチェック																																																									
2016104624	2019-03-23	3中山1		6.0	3歳500万下								武豊		ダ1800				1:54.3	-0.6		4-5-4-2	37.7-38.4	38.2	468(-2)				720.0	小雨		16.0	8.0	15.0	3.0	2.0	1	56.0	良	**	**		(ゴルトマイスター)																																																									
2016104624	2019-05-12	2東京8		9.0	青竜S(OP)								武豊		ダ1600				1:37.6	1.0		9-8	35.5-36.0	36.1	464(-4)					晴		12.0	3.0	3.0	18.9	6.0	8	56.0	良	**	**		デュープロセス																																																									
2016104624	2019-08-04	2新潟4		11.0	レパードS(GIII)								田辺裕信		ダ1800				1:51.3	0.0		12-12-11-9	34.6-38.6	37.8	466(+2)				4053.9	晴		15.0	4.0	6.0	24.0	10.0	1	56.0	良	**	**		(デルマルーヴル)																																																									
2016104624	2020-01-12	1中山4		11.0	ポルックスS(OP)								マーフィ		ダ1800				1:53.4	0.7		4-4-5-5	38.4-36.9	37.3	482(+16)				890.2	曇		15.0	3.0	4.0	5.2	3.0	2	56.0	良	**	**		スワーヴアラミス																																																									
2016104624	2020-02-08	2京都3		11.0	アルデバランS(OP)								川田将雅		ダ1900				1:59.4	2.1		8-10-9-9	30.7-36.3	37.7	482(0)					晴		16.0	6.0	11.0	6.9	3.0	10	56.0	良	**	**		ロードレガリス																																																									
2016104624	2020-03-08	2中山4		10.0	総武S(OP)								ヒューイ		ダ1800				1:53.1	0.2		7-8-6-5	37.9-37.2	36.9	480(-2)				890.8	曇		16.0	6.0	11.0	6.4	3.0	2	57.0	重	**	**		メイショウワザシ																																																									
2016104624	2020-05-23	3京都9		11.0	平安S(GIII)								斎藤新		ダ1900				1:57.8	1.8		11-11-10-9	30.1-36.1	36.9	474(-6)					晴		14.0	3.0	4.0	76.0	11.0	12	57.0	良	**	**		オメガパフューム																																																									
2016104624	2020-06-27	3東京7		11.0	アハルテケS(OP)								田辺裕信		ダ1600				1:37.2	1.1		10-10	35.7-35.8	36.2	468(-6)					晴		13.0	4.0	5.0	16.2	8.0	10	58.0	稍	**	**		アシャカトブ																																																									
2016104624	2020-08-29	3新潟5		11.0	BSN賞(L)								田辺裕信		ダ1800				1:50.6	0.1		7-7-4-4	36.6-36.3	36.0	472(+4)				583.1	晴		10.0	2.0	2.0	7.7	5.0	3	56.0	良	**	**		ロードブレス																																																									
2016104624	2020-09-20	4中山4		11.0	ラジオ日本賞(OP)								内田博幸		ダ1800				1:52.5	0.9		8-10-8-7	36.5-38.0	38.2	472(0)				220.0	曇		16.0	8.0	16.0	5.0	2.0	5	57.0	良	**	**		レピアーウィット																																																									
2016104624	2020-10-25	4東京6		11.0	ブラジルC(L)								田辺裕信		ダ2100				2:08.8	-0.4		10-10-10-9	30.4-37.6	36.6	474(+2)				2324.5	晴		11.0	1.0	1.0	6.0	2.0	1	56.0	良	**	**		(グレートタイム)																																																									
2016104624	2021-01-24	1中京8		11.0	東海テレビ杯東海S(GII)								田辺裕信		ダ1800				1:49.9	0.7		15-14-14-12	35.4-37.8	36.9	488(+14)					雨		15.0	6.0	10.0	8.2	3.0	6	56.0	不	**	**		オーヴェルニュ																																																									
2016104624	2021-03-07	2中山4		10.0	総武S(OP)								田辺裕信		ダ1800				1:53.7	0.2		13-13-13-13	37.3-38.4	37.3	486(-2)				554.9	曇		16.0	8.0	15.0	5.9	3.0	3	58.0	良	**	**		ナムラカメタロー																																																									
2016104624	2021-03-28	3中山2		11.0	マーチS(GIII)								三浦皇成		ダ1800				1:51.8	0.8		12-12-11-8	35.9-39.0	37.7	480(-6)				360.0	曇		16.0	4.0	8.0	13.5	4.0	5	57.0	稍	**	**		レピアーウィット																																																									
2016104624	2021-05-09	2東京6		10.0	ブリリアントS(L)								田辺裕信		ダ2100				2:11.0	1.4		13-14-12-13	30.6-36.8	36.9	480(0)					晴		16.0	3.0	6.0	4.3	2.0	8	57.0	良	**	**		ヒロイックテイル																																																									
2016104624	2021-06-19	3東京5		11.0	スレイプニルS(OP)								田辺裕信		ダ2100				2:08.0	-0.1		15-15-16-15	30.1-37.0	35.6	482(+2)				2237.1	小雨		16.0	5.0	9.0	9.7	5.0	1	58.0	重	**	**		(バンクオブクラウズ)																																																									
2016104624	2021-10-02	5中京8		11.0	シリウスS(GIII)								田辺裕信		ダ1900				1:59.1	1.7		12-12-11-12	29.7-38.1	38.8	488(+6)					晴		16.0	5.0	10.0	10.7	6.0	10	57.5	良	**	**		サンライズホープ																																																									
2016104624	2021-10-24	4東京6		11.0	ブラジルC(L)								内田博幸		ダ2100				2:09.8	0.4		14-14-15-15	30.2-37.2	36.1	484(-4)				350.0	晴		16.0	8.0	16.0	6.3	3.0	4	57.5	良	**	**		グレートタイム																																																									
2016104624	2021-12-28	6阪神9		11.0	ベテルギウスS(L)								坂井瑠星		ダ1800				1:53.1	1.4		14-14-14-14	37.4-36.9	37.0	494(+10)					晴		16.0	5.0	9.0	16.1	9.0	9	59.0	良	**	**		アイオライト																																																									
2016104624	2022-01-23	1中京8		11.0	東海テレビ杯東海S(GII)								池添謙一		ダ1800				1:53.8	2.1		15-15-13-11	36.2-37.9	38.7	498(+4)					小雨		16.0	4.0	7.0	30.6	9.0	14	56.0	良	**	**		スワーヴアラミス																																																									
2016104624	2022-03-26	3中山1		11.0	日経賞(GII)								大野拓弥		芝2500				2:35.8	0.4		5-5-6-7	31.5-34.7	34.6	484(-14)				670.0	曇		15.0	2.0	2.0	103.6	13.0	5	56.0	稍	**	**		タイトルホルダー																																																									
2016104624	2022-05-01	2阪神12		11.0	天皇賞(春)(GI)								武豊		芝3200				3:21.1	4.9		14-15-12-14	36.5-36.4	39.6	476(-8)					晴		18.0	6.0	12.0	58.1	11.0	15	58.0	稍	**	**		タイトルホルダー																																																									
2016104624	2022-07-17	1函館12		11.0	函館記念(GIII)								浜中俊		芝2000				2:03.6	-0.2		6-6-4-2	35.3-38.3	37.8	480(+4)				4356.0	雨		16.0	1.0	1.0	18.8	7.0	1	57.0	重	**	**		(マイネルウィルトス)																																																									
2016104624	2022-08-21	2札幌4		11.0	札幌記念(GII)								池添謙一		芝2000				2:02.4	1.2		15-15-15-13	35.5-37.7	36.6	474(-6)					晴		16.0	4.0	7.0	29.1	8.0	10	57.0	良	**	**		ジャックドール																																																									
2016104624	2022-12-10	6中京3		11.0	中日新聞杯(GIII)								浜中俊		芝2000				1:59.5	0.1		10-10-10-10	37.2-35.1	34.3	488(+14)				430.0	晴		18.0	2.0	3.0	48.9	12.0	5	57.5	良	**	**		キラーアビリティ																																																									
2016104624	2023-01-15	1中京6		11.0	日経新春杯(GII)								吉田隼人		芝2200				2:14.7	0.5		7-5-5-6	36.3-35.4	35.3	490(+2)					曇		14.0	3.0	4.0	23.1	7.0	6	58.5	稍	**	**		ヴェルトライゼンデ																																																									
2016104624	2023-03-12	2中京2		11.0	金鯱賞(GII)								幸英明		芝2000				2:00.3	0.5		11-11-11-10	36.3-34.6	34.3	484(-6)				1000.0	曇		12.0	3.0	3.0	41.9	8.0	4	57.0	良	**	**		プログノーシス																																																									
2016104624	2023-05-07	1新潟4		11.0	新潟大賞典(GIII)								丸山元気		芝2000				2:05.9	2.1		10-11	35.9-36.5	37.5	484(0)					雨		16.0	8.0	16.0	6.6	3.0	6	58.5	不	**	**		カラテ																																																									
2016104624	2023-07-16	2函館6		11.0	函館記念(GIII)								浜中俊		芝2000				2:01.8	0.4		13-13-11-8	35.4-36.6	36.0	486(+2)				430.0	曇		16.0	2.0	3.0	15.2	7.0	5	58.5	稍	**	**		ローシャムパーク																																																									
2016104624	2023-09-24	4中山7		11.0	産経賞オールカマー(GII)								浜中俊		芝2200				2:12.9	0.9		10-9-2-2	36.0-35.5	36.3	484(-2)					晴		15.0	7.0	12.0	114.7	12.0	10	57.0	良	**	**		ローシャムパーク																																																									
2016104624	2023-12-09	4中京3		11.0	中日新聞杯(GIII)								幸英明		芝2000				1:58.9	0.1		14-14-13-12	34.7-34.8	33.9	484(0)				1717.0	晴		17.0	6.0	11.0	35.0	13.0	2	58.5	良	**	**		ヤマニンサルバム																																																									
2016104624	2024-03-10	1中京2		11.0	金鯱賞(GII)								幸英明		芝2000				1:58.7	1.1		11-12-11-10	35.0-34.7	35.0	490(+6)				1000.0	晴		13.0	8.0	12.0	43.7	8.0	4	57.0	良	**	**		プログノーシス																																																									
2016104624	2024-03-31	2阪神4		11.0	大阪杯(GI)								幸英明		芝2000				1:59.0	0.8		16-16-14-14	35.8-35.0	34.6	482(-8)					晴		16.0	2.0	4.0	139.5	15.0	12	58.0	良	**	**		ベラジオオペラ																																																									
2016104624	2024-07-14	1函館12		11.0	函館記念(GIII)								浜中俊		芝2000				2:00.6	1.4		14-13-15-12	35.4-35.7	35.5	484(+2)					晴		16.0	7.0	14.0	28.9	12.0	12	58.5	良	**	**		ホウオウビスケッツ																																																									
2016104624	2024-09-01	2札幌8		11.0	タイランドC(OP)								北村友一		芝2600				2:42.3	0.8		6-6-11-5	38.1-37.9	37.9	482(-2)				604.5	晴		14.0	7.0	11.0	11.4	5.0	3	58.5	稍	**	**		ショウナンバシット																																																									
2016104624	2024-11-03	5東京2		11.0	アルゼンチン共和国杯(GII)								吉田豊		芝2500				2:29.0	-0.1		16-15-15-15	29.6-36.1	34.6	480(-2)				5812.0	晴		16.0	2.0	3.0	35.3	10.0	1	58.5	良	**	**		(クロミナンス)																																																									
2016104624	2024-12-22	5中山8		11.0	有馬記念(GI)								吉田豊		芝2500				2:33.7	1.9		3-4-2-5	31.4-35.2	37.1	492(+12)					晴		15.0	8.0	15.0	57.1	13.0	15	58.0	良	**	**		レガレイラ																																																									
2016104624	2025-03-29	3中山1		11.0	日経賞(GII)								吉田豊		芝2500				2:36.5	0.4		11-11-13-10	31.1-37.2	36.6	482(-10)					曇		15.0	5.0	9.0	24.3	7.0	10	58.0	稍	**	**		マイネルエンペラー																																																									
2016104624	2025-06-01	2東京12		12.0	目黒記念(GII)								ディー		芝2500							12-14-12-18	31.4-34.8		486(+4)					曇		18.0	8.0	16.0	18.1	7.0	中	59.0	良	**	**		アドマイヤテラ																																																									
2016106606	2018-08-11	2新潟5	晴	5.0	2歳新馬		14.0	4.0	7.0	64.7	9.0	13	内田博幸	54.0	芝1800		良	**	1:51.2	2.8	**	13-13	36.4-34.6	35.6	476(0)			ホウオウサーベル																																																																								
2016106606	2018-09-22	4中山6	曇	1.0	2歳未勝利		15.0	7.0	13.0	119.3	11.0	13	菊沢一樹	52.0	ダ1800		重	**	1:58.5	5.2	**	4-5-5-10	36.4-39.1	43.6	500(+24)			デルマルーヴル																																																																								
2016106606	2018-11-04	5東京2	曇	2.0	2歳未勝利		9.0	8.0	9.0	157.9	8.0	8	柴田大知	55.0	ダ1600		良	**	1:41.5	2.6	**	9-9	35.7-38.3	39.0	496(-4)			カナシバリ																																																																								
2016106606	2018-11-11	5東京4	晴	4.0	2歳未勝利		15.0	2.0	3.0	615.1	14.0	10	伴啓太	55.0	芝1800		良	**	1:50.8	1.0	**	10-10-10	37.6-34.1	34.1	498(+2)			タガノディアマンテ																																																																								
2016106606	2018-11-24	5東京7	晴	3.0	2歳未勝利		18.0	3.0	6.0	330.0	15.0	11	内田博幸	55.0	芝1800		良	**	1:50.9	1.3	**	4-5-7	36.6-34.4	35.1	504(+6)			インテンスライト																																																																								
2016106606	2018-12-09	5中山4	曇	3.0	2歳未勝利		18.0	6.0	11.0	202.6	16.0	13	木幡巧也	54.0	芝2000		良	**	2:04.1	1.1	**	2-3-3-3	36.7-36.6	37.5	494(-10)			ディーイストワール																																																																								
2016106606	2019-01-19	1中京1	晴	7.0	3歳未勝利		18.0	7.0	13.0	84.0	13.0	5	黛弘人	56.0	芝2000		良	**	2:02.8	0.4	**	2-2-2-2	36.4-35.1	35.4	480(-14)			シフルマン	50.0																																																																							
2016106606	2019-02-17	1小倉4	晴	3.0	3歳未勝利		18.0	8.0	17.0	23.8	6.0	1	黛弘人	56.0	芝2000		良	**	2:01.9	-0.3	**	2-2-2-2	34.4-37.2	37.1	490(+10)			(ホウオウアクセル)	500.0																																																																							
2016106606	2019-03-17	2中山8	曇	11.0	フジTVスプリングS(GII)		16.0	7.0	14.0	292.6	15.0	16	黛弘人	56.0	芝1800		良	**	1:50.4	2.6	**	3-2-2-4	35.8-35.7	38.1	482(-8)			エメラルファイト																																																																								
2016106606	2019-04-06	1福島1	晴	10.0	ひめさゆり賞(500万下)		11.0	4.0	4.0	47.7	9.0	9	横山武史	56.0	芝2000		良	**	2:01.3	1.3	**	5-5-10-9	34.0-36.5	36.7	480(-2)			レターオンザサンド																																																																								
2016106606	2019-06-16	3東京6	晴	12.0	3歳以上1勝クラス		15.0	4.0	7.0	16.3	4.0	10	藤田菜七	51.0	芝1800		稍	**	1:49.1	0.8	**	12-13-11	35.8-36.4	36.3	496(+16)			マテリアルワールド																																																																								
2016106606	2019-12-28	5中山9	晴	7.0	ヤングJSFR中山1(1勝クラス)		14.0	7.0	11.0	102.3	12.0	9	桜井光輔	56.0	芝2000		良	**	2:05.3	0.7	**	2-3-2-5	38.7-36.9	37.6	512(+16)			クリノオスマン																																																																								
2016106606	2020-01-26	1小倉4	曇	9.0	4歳以上1勝クラス		11.0	6.0	7.0	22.8	9.0	10	藤田菜七	54.0	芝2000		重	**	2:06.7	2.2	**	5-5-9-11	36.3-38.4	39.7	512(0)			レッドアウローラ																																																																								
2016106606	2020-03-01	1中京2	晴	7.0	4歳以上1勝クラス		8.0	2.0	2.0	98.0	7.0	4	菊沢一樹	55.0	芝2000		良	**	2:03.7	0.5	**	3-3-3-3	37.5-34.4	34.6	510(-2)			トーセンスカイ	110.0																																																																							
2016106606	2020-03-15	1中京6	晴	7.0	4歳以上1勝クラス		10.0	7.0	8.0	75.5	9.0	7	黛弘人	56.0	芝2200		稍	**	2:15.5	0.9	**	3-2-2-2	35.9-35.7	36.3	508(-2)			コパノケネディー																																																																								
2016106606	2020-03-28	1中京7	曇	8.0	4歳以上1勝クラス		13.0	1.0	1.0	19.0	7.0	6	黛弘人	57.0	芝2000		稍	**	2:02.8	0.3	**	3-3-3-3	36.5-35.0	35.0	500(-8)			シーリアスラブ																																																																								
2016106606	2020-04-12	1福島2	晴	10.0	飯盛山特別(1勝クラス)		16.0	8.0	15.0	60.7	11.0	12	菊沢一樹	57.0	芝2000		良	**	2:01.8	1.5	**	1-1-1-2	35.3-36.4	37.9	504(+4)			マイネルウィルトス																																																																								
2016106606	2020-06-13	3東京3	雨	9.0	八丈島特別(1勝クラス)		12.0	7.0	10.0	44.6	8.0	1	菅原明良	57.0	芝1600		不	**	1:38.3	-0.6	**	4-7	35.7-37.8	37.4	508(+4)			(セイウンヴィーナス)	1091.5																																																																							
2016106606	2020-10-24	4新潟5	雨	12.0	柏崎特別(2勝クラス)		11.0	7.0	9.0	10.5	6.0	5	菅原明良	57.0	芝1600		重	**	1:38.0	0.4	**	7-6	35.2-37.4	36.5	514(+6)			ウインレフィナード	150.0																																																																							
2016106606	2020-11-15	5東京4	晴	9.0	神奈川新聞杯(2勝クラス)		12.0	7.0	10.0	45.1	10.0	7	亀田温心	57.0	芝1600		良	**	1:35.0	1.1	**	10-8	35.0-35.2	35.2	520(+6)			ショウナンパンサー																																																																								
2016106606	2020-12-05	5中山1	小雨	12.0	3歳以上2勝クラス		11.0	6.0	7.0	21.5	5.0	1	津村明秀	57.0	芝1600		稍	**	1:35.6	-0.3	**	6-5-3	36.2-35.1	34.6	536(+16)			(オータムレッド)	1100.0																																																																							
2016106606	2021-01-10	1中山3	晴	10.0	若潮S(3勝クラス)		16.0	4.0	8.0	17.2	8.0	1	菅原明良	54.0	芝1600		良	**	1:32.9	-0.5	**	4-6-2	34.9-35.1	34.7	528(-8)			(ウインカーネリアン)	1853.6																																																																							
2016106606	2021-02-07	1東京4	晴	11.0	東京新聞杯(GIII)		16.0	5.0	10.0	11.6	5.0	1	菅原明良	56.0	芝1600		良	**	1:32.4	0.0	**	5-4	34.9-34.3	34.0	530(+2)			(カテドラル)	3957.4																																																																							
2016106606	2021-06-06	3東京2	曇	11.0	安田記念(GI)		14.0	3.0	4.0	77.5	10.0	13	菅原明良	58.0	芝1600		良	**	1:33.0	1.3	**	12-12	34.9-33.9	34.1	526(-4)			ダノンキングリー																																																																								
2016106606	2021-08-15	4新潟2	晴	11.0	関屋記念(GIII)		17.0	7.0	13.0	18.0	6.0	2	菅原明良	56.0	芝1600		良	**	1:32.9	0.2	**	7-7	35.0-34.6	34.0	520(-6)			ロータスランド	1618.2																																																																							
2016106606	2021-09-12	4中山2	曇	11.0	京成杯オータムH(GIII)		16.0	5.0	10.0	8.4	3.0	5	菅原明良	57.0	芝1600		良	**	1:32.2	0.2	**	8-7-7	34.6-35.2	34.4	532(+12)			カテドラル	390.0																																																																							
2016106606	2022-01-08	1中山2	晴	11.0	ニューイヤーS(L)		16.0	4.0	7.0	4.3	1.0	1	菅原明良	58.0	芝1600		稍	**	1:33.4	0.0	**	9-10-10	35.1-35.4	34.3	532(0)			(グランデマーレ)	2550.4																																																																							
2016106606	2022-02-06	1東京4	曇	11.0	東京新聞杯(GIII)		15.0	5.0	9.0	4.1	2.0	3	菅原明良	57.0	芝1600		良	**	1:32.7	0.4	**	10-11	34.7-34.3	33.9	534(+2)			イルーシヴパンサー	1008.2																																																																							
2016106606	2022-02-27	2中山2	晴	11.0	中山記念(GII)		16.0	6.0	11.0	6.7	4.0	2	菅原明良	56.0	芝1800		良	**	1:46.8	0.4	**	11-11-10-9	35.2-37.3	36.0	534(0)			パンサラッサ	2732.4																																																																							
2016106606	2022-04-24	2阪神10	曇	11.0	読売マイラーズC(GII)		15.0	3.0	4.0	5.1	2.0	7	菅原明良	56.0	芝1600		稍	**	1:34.1	0.8	**	7-6	34.6-35.8	35.4	530(-4)			ソウルラッシュ																																																																								
2016106606	2022-06-05	3東京2	曇	11.0	安田記念(GI)		18.0	3.0	6.0	57.9	14.0	16	菅原明良	58.0	芝1600		良	**	1:33.2	0.9	**	10-10	34.7-33.6	33.8	540(+10)			ソングライン																																																																								
2016106606	2022-09-04	3新潟8	晴	11.0	新潟記念(GIII)		18.0	3.0	6.0	22.0	10.0	1	菅原明良	57.5	芝2000		良	**	1:58.9	-0.3	**	7-7	36.6-33.8	33.3	532(-8)			(ユーキャンスマイル)	4363.0																																																																							
2016106606	2022-10-30	4東京9	晴	11.0	天皇賞(秋)(GI)		15.0	2.0	2.0	39.4	9.0	6	菅原明良	58.0	芝2000		良	**	1:58.2	0.7	**	8-7-9	34.7-36.7	33.4	528(-4)			イクイノックス																																																																								
2016106606	2022-11-27	5東京8	晴	12.0	ジャパンC(GI)		18.0	6.0	11.0	55.7	13.0	8	菅原明良	57.0	芝2400		良	**	2:24.4	0.7	**	5-6-7-7	36.3-34.2	34.5	536(+8)			ヴェラアズール																																																																								
2016106606	2023-05-07	1新潟4	雨	11.0	新潟大賞典(GIII)		16.0	1.0	2.0	7.8	5.0	1	菅原明良	59.0	芝2000		不	**	2:03.8	-0.1	**	5-5	35.9-36.5	36.0	534(-2)			(セイウンハーデス)	4358.1																																																																							
2016106606	2023-06-03	3阪神1	晴	11.0	鳴尾記念(GIII)		15.0	2.0	2.0	5.0	4.0	9	菅原明良	57.0	芝2000		良	**	1:59.6	0.5	**	5-4-4-5	35.8-35.6	35.8	538(+4)			ボッケリーニ																																																																								
2016106606	2023-06-25	3阪神8	曇	11.0	宝塚記念(GI)		17.0	1.0	2.0	180.2	15.0	16	菅原明良	58.0	芝2200		良	**	2:12.6	1.4	**	4-3-4-6	34.0-35.5	36.5	538(0)			イクイノックス																																																																								
2016106606	2024-01-21	1中山7	曇	11.0	アメリカジョッキーC(GII)		12.0	7.0	9.0	7.6	6.0	10	菅原明良	57.0	芝2200		不	**	2:18.2	1.6	**	4-4-6-8	37.1-37.8	38.8	540(+2)			チャックネイト																																																																								
2016106606	2024-02-18	1東京8	晴	11.0	フェブラリーS(GI)		16.0	3.0	6.0	122.1	16.0	15	菅原明良	58.0	ダ1600		良	**	1:38.3	2.6	**	11-12	33.9-37.8	39.2	534(-6)			ペプチドナイル																																																																								
2016106606	2024-05-05	1新潟4	晴	11.0	新潟大賞典(GIII)		16.0	5.0	9.0	27.6	10.0	14	国分優作	59.5	芝2000		良	**	2:01.7	1.6	**	7-7	36.9-34.4	35.0	530(-4)			ヤマニンサルバム																																																																								
2016106606	2024-06-01	4京都1	晴	11.0	鳴尾記念(GIII)		13.0	1.0	1.0	55.5	8.0	6	高杉吏麒	57.0	芝2000		良	**	1:57.7	0.5	**	8-7-5-6	34.9-34.4	34.3	534(+4)			ヨーホーレイク																																																																								
2016106606	2024-06-23	4京都8	曇	11.0	宝塚記念(GI)		13.0	6.0	8.0	133.1	11.0	13	岩田望来	58.0	芝2200		重	**	2:15.8	3.8	**	2-3-5-7	35.6-34.5	37.8	530(-4)			ブローザホーン																																																																								
2016106606	2024-10-06	4東京2	曇	11.0	毎日王冠(GII)		14.0	3.0	4.0	209.4	13.0	11	杉原誠人	57.0	芝1800		良	**	1:45.7	0.6	**	11-13-12	35.3-33.7	33.1	526(-4)			シックスペンス																																																																								
2016106606	2024-11-24	5東京8	晴	12.0	ジャパンC(GI)		14.0	7.0	11.0	277.9	14.0	13	杉原誠人	58.0	芝2400		良	**	2:26.7	1.2	**	9-10-9-12	37.1-33.4	33.8	530(+4)			ドウデュース																																																																								
2016106606	2025-01-05	1中山1	曇	11.0	日刊スポ賞中山金杯(GIII)		18.0	3.0	6.0	64.8	13.0	13	杉原誠人	59.0	芝2000		良	**	1:59.1	1.0	**	9-10-11-14	34.9-35.7	35.4	546(+16)			アルナシーム																																																																								
2016106606	2025-01-26	1中山9	晴	11.0	アメリカジョッキーC(GII)		18.0	3.0	5.0	244.5	17.0	11	杉原誠人	57.0	芝2200		良	**	2:13.2	1.1	**	14-15-17-15	36.5-36.6	36.0	538(-8)			ダノンデサイル																																																																								
2016106606	2025-03-02	2中山2	晴	11.0	中山記念(GII)		16.0	3.0	6.0	192.1	15.0	10	菅原明良	57.0	芝1800		良	**	1:45.7	0.9	**	14-14-15-14	35.6-34.8	34.2	532(-6)			シックスペンス																																																																								
2016106606	2025-04-06	2阪神4	晴	11.0	大阪杯(GI)		15.0	5.0	8.0	316.5	15.0	12	和田竜二	58.0	芝2000		良	**	1:57.1	0.9	**	12-11-13-12	34.9-35.1	34.2	542(+10)			ベラジオオペラ																																																																								
2016106606	2025-05-10	2東京5	曇	11.0	エプソムC(GIII)		18.0	7.0	15.0	109.6	13.0	10	杉原誠人	57.0	芝1800		稍	**	1:45.2	1.3	**	11-11-11	34.2-35.1	35.3	542(0)			セイウンハーデス																																																																								
2017100583	2019-11-23	5京都7		5.0	2歳新馬								松山弘平		芝1400				1:22.8	0.1		8-8	34.9-35.9	34.7	430(0)				280.0																													晴		18.0	7.0	15.0	16.5	5.0	2	55.0	良	**	**		ファーストフォリオ																													
2017100583	2019-12-07	5阪神3		7.0	2歳未勝利								松山弘平		芝1800				1:49.0	0.2		4-4	36.3-34.3	34.1	430(0)				200.0																													曇		11.0	1.0	1.0	4.5	2.0	2	55.0	良	**	**		エレヴァテッツァ																													
2017100583	2019-12-28	5阪神9		3.0	2歳未勝利								川田将雅		芝1800				1:48.3	0.5		3-3	34.7-36.3	36.6	432(+2)				50.0																													晴		18.0	8.0	17.0	2.9	1.0	5	55.0	良	**	**		シルバーエース																													
2017100583	2020-01-25	1京都8		5.0	3歳未勝利								川田将雅		芝1600				1:37.6	0.5		2-2	35.3-36.8	37.2	430(-2)				130.0																													晴		11.0	7.0	9.0	3.9	3.0	3	56.0	稍	**	**		ヒルノエドワード																													
2017100583	2020-02-22	2京都7		5.0	3歳未勝利								武豊		芝1600				1:37.5	-0.1		3-2	35.7-37.1	37.0	436(+6)				510.0																													雨		16.0	6.0	11.0	5.2	3.0	1	56.0	稍	**	**		(ノルカソルカ)																													
2017100583	2020-03-08	2中山4		11.0	報知弥生ディープ記念(GII)								内田博幸		芝2000				2:06.9	4.0		3-2-2-5	36.2-36.6	40.5	430(-6)																																	曇		11.0	8.0	11.0	107.9	9.0	11	56.0	重	**	**		サトノフラッグ																													
2017100583	2020-05-23	3京都9		6.0	3歳1勝クラス								松田大作		芝1600				1:34.6	0.8		7-8	34.4-35.4	35.5	430(0)																																	晴		12.0	6.0	7.0	48.9	9.0	9	56.0	良	**	**		スマートリアン																													
2017100583	2020-05-31	3京都12		6.0	3歳1勝クラス								松田大作		芝1200				1:09.8	0.4		16-16	33.8-35.6	34.1	426(-4)				73.0																													曇		16.0	3.0	6.0	30.5	12.0	5	56.0	良	**	**		ボンボヤージ																													
2017100583	2020-06-28	1函館6		10.0	立待岬特別(1勝クラス)								丸山元気		芝1200				1:10.1	0.7		9-9	34.1-35.3	34.2	430(+4)																																	曇		9.0	3.0	3.0	6.3	3.0	7	54.0	稍	**	**		ニシノドレッシー																													
2017100583	2020-08-01	1札幌3		9.0	礼文特別(1勝クラス)								田中勝春		芝1200				1:09.2	0.4		7-7	33.4-35.4	34.9	430(0)				106.0																													晴		11.0	8.0	11.0	12.3	5.0	5	54.0	良	**	**		ラキ																													
2017100583	2020-08-22	2札幌3		12.0	千歳特別(1勝クラス)								松田大作		芝1200				1:09.2	0.1		10-9	34.3-34.8	34.1	438(+8)				428.2																													晴		12.0	2.0	2.0	12.0	6.0	2	54.0	良	**	**		チェアリングソング																													
2017100583	2020-09-06	2札幌8		6.0	3歳以上1勝クラス								桑村真明		芝1200				1:10.0	0.6		12-9	34.2-35.2	34.8	448(+10)																																	晴		16.0	7.0	14.0	7.8	4.0	9	55.0	良	**	**		インザムービー																													
2017100583	2020-09-26	2中京6		8.0	3歳以上1勝クラス								北村友一		芝1400				1:21.8	1.3		18-18	33.8-35.0	34.3	432(-16)																																	曇		18.0	7.0	15.0	34.6	10.0	15	55.0	良	**	**		セルフィー																													
2017100583	2020-11-01	3福島2		8.0	3歳以上1勝クラス								西村淳也		芝1200				1:09.0	0.4		12-12	33.7-34.9	34.3	426(-6)				76.0																													曇		15.0	5.0	8.0	10.6	6.0	5	55.0	良	**	**		ビオグラフィー																													
2017100583	2020-11-28	5阪神8		12.0	3歳以上2勝クラス								西村淳也		芝1200				1:09.7	0.6		9-9	33.8-35.3	34.5	436(+10)																																	晴		13.0	1.0	1.0	25.3	7.0	8	56.0	良	**	**		ファンタジステラ																													
2017100583	2020-12-13	5中山4		12.0	3歳以上2勝クラス								亀田温心		芝1200				1:09.6	0.2		10-9	34.1-35.3	34.6	436(0)				280.0																													曇		15.0	5.0	9.0	71.9	11.0	3	55.0	良	**	**		トキメキ																													
2017100583	2021-01-09	1中京2		9.0	鳥羽特別(2勝クラス)								和田竜二		芝1200				1:09.3	0.6		10-10	34.3-34.4	34.2	452(+16)				150.0																													晴		15.0	2.0	2.0	30.9	8.0	5	56.0	良	**	**		スワーヴシャルル																													
2017100583	2021-01-31	1小倉6		10.0	合馬特別(1勝クラス)								勝浦正樹		芝1200				1:09.1	0.0		10-7	34.2-34.9	34.2	452(0)				427.8																													晴		10.0	3.0	3.0	4.1	2.0	2	56.0	良	**	**		イリスファルコン																													
2017100583	2021-02-20	2小倉3		10.0	八幡特別(1勝クラス)								勝浦正樹		芝1200				1:08.9	0.1		6-6	34.8-34.0	33.5	450(-2)				431.8																													晴		14.0	5.0	7.0	2.6	1.0	2	57.0	良	**	**		ガリレイ																													
2017100583	2021-03-07	2小倉8		7.0	4歳以上1勝クラス								松本大輝		芝1200				1:09.7	0.3		12-11	34.2-35.2	34.6	450(0)				110.0																													曇		17.0	1.0	2.0	4.2	2.0	4	54.0	稍	**	**		ストラトスフィア																													
2017100583	2021-03-21	1阪神12		9.0	豊中特別(2勝クラス)								松本大輝		芝1200				1:10.2	0.6		10-9	34.3-35.3	34.8	452(+2)				307.1																													曇		13.0	3.0	3.0	23.5	8.0	3	57.0	重	**	**		サウンドカナロア																													
2017100583	2021-04-24	1新潟5		10.0	栃尾特別(1勝クラス)								川田将雅		芝1200				1:09.4	-0.2		8-9	34.8-34.6	34.0	450(-2)				1097.8																													晴		15.0	1.0	2.0	2.3	1.0	1	57.0	良	**	**		(トミケンルーア)																													
2017100583	2021-05-22	2新潟5		11.0	大日岳特別(2勝クラス)								松本大輝		芝1200				1:11.0	0.4		8-10	34.8-35.8	35.7	450(0)				150.0																													晴		16.0	8.0	15.0	4.9	2.0	5	57.0	稍	**	**		ショウナンバニラ																													
2017100583	2021-06-05	3東京1		10.0	由比ヶ浜特別(2勝クラス)								戸崎圭太		芝1400				1:21.3	1.2		5-9	35.3-33.6	34.2	446(-4)																																	曇		14.0	4.0	5.0	18.5	8.0	8	55.0	良	**	**		アビッグチア																													
2017100583	2021-12-12	6阪神4		8.0	3歳以上2勝クラス								団野大成		芝1200				1:09.2	0.8		5-4	33.7-34.7	34.4	468(+22)																																	晴		13.0	6.0	8.0	14.0	6.0	10	57.0	良	**	**		フォドラ																													
2017100583	2021-12-18	6中京5		11.0	有松特別(2勝クラス)								古川吉洋		芝1200				1:09.0	0.1		12-10	34.1-34.8	34.0	468(0)				610.8																													晴		17.0	4.0	7.0	18.7	10.0	2	55.0	良	**	**		フミロア																													
2017100583	2022-01-08	1中京2		9.0	鳥羽特別(2勝クラス)								古川吉洋		芝1200				1:09.1	0.9		9-11	33.9-34.3	33.8	476(+8)																																	晴		14.0	5.0	7.0	15.1	7.0	8	57.0	良	**	**		テーオーマルクス																													
2017100583	2022-02-06	1中京12		12.0	4歳以上2勝クラス								松田大作		芝1200				1:09.0	0.1		13-13	33.6-35.3	33.6	474(-2)				111.0																													曇		16.0	4.0	7.0	15.4	5.0	5	57.0	稍	**	**		オシリスブレイン																													
2017100583	2022-02-19	2小倉3		11.0	大濠特別(2勝クラス)								松本大輝		芝1200				1:10.2	0.2		13-12	34.0-36.0	34.8	470(-4)				151.0																													雨		18.0	7.0	13.0	5.5	3.0	5	57.0	重	**	**		ヴィズサクセス																													
2017100583	2022-03-05	1阪神7		8.0	4歳以上2勝クラス								川田将雅		芝1200				1:08.5	0.0		5-4	34.2-34.3	33.9	474(+4)				440.0																													晴		11.0	5.0	5.0	4.2	3.0	2	57.0	良	**	**		スンリ																													
2017100583	2022-04-02	2阪神3		10.0	ラジオ関西賞仲春特別(2勝クラス)								川田将雅		芝1200				1:08.7	0.3		4-5	34.0-34.4	34.1	476(+2)				230.0																													晴		14.0	8.0	13.0	2.0	1.0	4	57.0	良	**	**		エーティーメジャー																													
2017100583	2022-05-07	1新潟1		10.0	大日岳特別(2勝クラス)								勝浦正樹		芝1200				1:09.1	0.2		13-12	34.3-34.6	33.4	466(-10)				151.0																													晴		13.0	5.0	7.0	4.8	2.0	5	57.0	良	**	**		ワンスカイ																													
2017100583	2022-05-21	3中京5		12.0	オーストラリアT(2勝クラス)								川田将雅		芝1200				1:08.4	0.0		10-10	33.7-34.7	33.4	460(-6)				1537.3																													雨		12.0	3.0	3.0	2.7	1.0	1	57.0	良	**	**		(アビエルト)																													
2017100583	2022-06-19	1函館4		11.0	UHB杯(3勝クラス)								松田大作		芝1200				1:08.6	0.3		15-15	33.7-34.6	33.6	462(+2)																																	曇		16.0	4.0	8.0	21.3	8.0	6	57.0	良	**	**		マウンテンムスメ																													
2017100583	2022-07-23	3小倉7		11.0	佐世保S(3勝クラス)								川田将雅		芝1200				1:07.1	0.0		5-4	33.1-34.0	33.5	464(+2)				1861.0																													晴		9.0	6.0	6.0	2.6	1.0	1	55.0	良	**	**		(ハリーバローズ)																													
2017100583	2022-08-21	4小倉4		11.0	TV西日本北九州記念(GIII)								横山典弘		芝1200				1:07.5	0.6		17-13	32.8-34.1	33.5	466(+2)																																	晴		18.0	7.0	14.0	22.0	6.0	8	54.0	良	**	**		ボンボヤージ																													
2017100583	2022-10-09	4阪神2		11.0	夕刊フジ杯オパールS(L)								岩田望来		芝1200				1:10.3	1.7		15-16	33.8-34.8	35.2	462(-4)																																	雨		16.0	7.0	13.0	14.3	7.0	12	54.0	稍	**	**		トウシンマカオ																													
2017100583	2022-12-04	5中山2		11.0	ラピスラズリS(L)								勝浦正樹		芝1200				1:08.4	0.3		15-14	33.7-34.4	33.6	468(+6)																																	曇		16.0	2.0	4.0	27.8	10.0	6	56.0	良	**	**		ジャスパージャック																													
2017100583	2023-01-14	1中山5		11.0	カーバンクルS(OP)								北村宏司		芝1200				1:09.9	0.9		11-12	34.2-34.8	34.5	476(+8)																																	曇		16.0	4.0	7.0	19.6	9.0	13	55.0	稍	**	**		ジュビリーヘッド																													
2017100583	2023-03-04	2中山3		11.0	夕刊フジオーシャンS(GIII)								菅原明良		芝1200				1:07.7	0.3		8-8	33.4-34.0	33.5	472(-4)				1716.2																													晴		16.0	1.0	1.0	154.7	15.0	2	57.0	良	**	**		ヴェントヴォーチェ																													
2017100583	2023-03-26	2中京6		11.0	高松宮記念(GI)								松本大輝		芝1200				1:13.0	1.5		15-14	35.6-35.9	36.3	478(+6)																																	小雨		18.0	5.0	9.0	237.6	16.0	14	58.0	不	**	**		ファストフォース																													
2017100583	2023-06-11	1函館2		11.0	函館スプリントS(GIII)								松田大作		芝1200				1:08.7	0.5		15-11	33.0-35.2	34.7	476(-2)																																	曇		16.0	5.0	9.0	54.7	13.0	6	57.0	良	**	**		キミワクイーン																													
2017100583	2023-07-02	3中京2		11.0	CBC賞(GIII)								川田将雅		芝1200				1:07.9	0.7		9-9	33.7-33.5	33.3	474(-2)																																	晴		12.0	8.0	11.0	20.0	6.0	7	56.0	良	**	**		ジャスパークローネ																													
2017100583	2023-09-10	4阪神2		11.0	産経賞セントウルS(GII)								団野大成		芝1200				1:08.3	1.1		15-12	33.5-33.7	33.2	482(+8)																																	曇		15.0	7.0	13.0	88.4	12.0	14	57.0	良	**	**		テイエムスパーダ																													
2017100583	2023-10-08	2京都2		11.0	夕刊フジ杯オパールS(L)								団野大成		芝1200				1:08.3	0.2		16-15	33.6-34.5	33.3	480(-2)				685.7																													小雨		18.0	2.0	4.0	43.2	14.0	3	56.0	良	**	**		メイショウゲンセン																													
2017100583	2023-11-05	3福島2		11.0	みちのくS(OP)								松田大作		芝1200				1:10.2	0.6		15-15	33.8-35.8	35.2	466(-14)																																	曇		16.0	5.0	10.0	25.4	8.0	9	58.0	良	**	**		グレイトゲイナー																													
2017100583	2023-11-26	3京都8		12.0	京阪杯(GIII)								団野大成		芝1200				1:08.4	1.0		18-18	33.7-33.7	32.6	478(+12)																																	晴		18.0	7.0	14.0	88.0	16.0	15	57.0	良	**	**		トウシンマカオ																													
2017100583	2024-01-08	1中山3		11.0	カーバンクルS(OP)								菅原明良		芝1200				1:08.0	0.2		15-14	33.1-34.7	33.6	476(-2)																																	晴		16.0	5.0	9.0	39.8	12.0	7	58.0	良	**	**		シュバルツカイザー																													
2017100583	2024-01-28	2京都2		11.0	シルクロードS(GIII)								古川吉洋		芝1200				1:09.1	1.4		13-12	33.4-34.3	34.4	484(+8)																																	曇		18.0	4.0	8.0	151.9	15.0	13	56.0	良	**	**		ルガル																													
2017100583	2024-05-05	3京都6		11.0	鞍馬S(OP)								古川吉洋		芝1200				1:07.7	0.8		13-12	33.7-33.2	32.7	480(-4)																																	晴		13.0	1.0	1.0	20.9	8.0	8	58.0	良	**	**		ジャスティンスカイ																													
2017100583	2024-05-19	1新潟8		11.0	韋駄天S(OP)								松本大輝		芝1000				0:55.3	0.3		11	32.5-33.0	32.2	476(-4)				230.0																													晴		16.0	5.0	10.0	25.3	10.0	5	56.0	良	**	**		チェイスザドリーム																													
2017100583	2024-06-30	3小倉2		11.0	TV西日本北九州記念(GIII)								松本大輝		芝1200				1:09.1	1.2		16-14	32.3-35.6	35.4	480(+4)																																	曇		18.0	1.0	1.0	79.7	14.0	11	56.0	稍	**	**		ピューロマジック																													
2017100583	2024-07-28	2新潟2		7.0	アイビスサマーD(GIII)								松山弘平		芝1000				0:55.5	0.2		7	32.5-33.5	33.0	472(-8)				620.0																													曇		18.0	8.0	16.0	10.3	5.0	4	57.0	良	**	**		モズメイメイ																													
2017100583	2024-08-24	3新潟5		11.0	朱鷺S(L)								田辺裕信		芝1400				1:20.9	0.7		7-7	33.7-35.1	34.4	472(0)																																	晴		13.0	7.0	10.0	37.3	10.0	8	58.0	良	**	**		バルサムノート																													
2017100583	2024-12-14	7京都5		11.0	タンザナイトS(OP)								浜中俊		芝1200				1:09.2	0.7		15-14	34.6-33.9	33.5	474(+2)																																	曇		16.0	3.0	5.0	96.2	12.0	12	55.0	良	**	**		メイショウソラフネ																													
2017100583	2025-02-16	1小倉8		11.0	北九州短距離S(OP)								吉田隼人		芝1200				1:08.7	0.2		14-14	33.9-34.6	33.6	480(+6)																																	晴		15.0	5.0	8.0	60.4	12.0	6	58.0	良	**	**		キタノエクスプレス																													
2017100583	2025-04-13	3中山6		11.0	春雷S(L)								柴田大知		芝1200				1:08.8	0.8		9-8	33.5-34.5	34.5	480(0)																																	雨		14.0	8.0	14.0	64.4	10.0	11	55.0	稍	**	**		ヨシノイースター																													
2017100583	2025-05-17	2京都7		11.0	鞍馬S(OP)								松山弘平		芝1200				1:09.3	0.6		9-10	34.7-34.0	33.9	484(+4)																																	晴		11.0	4.0	4.0	44.1	9.0	6	58.0	重	**	**		オタルエバー																													
2017100583	2025-07-12	2福島5		11.0	安達太良S(OP)								菅原明良		芝1200				1:11.0	1.5		10-11	34.6-34.9	35.3	480(-4)																																	曇		14.0	6.0	10.0	44.2	10.0	11	58.0	良	**	**		カルロヴェローチェ																													
2017100583	2026-01-17	1中山6		11.0	カーバンクルS(OP)								菅原明良		芝1200				1:08.3	0.9		6-6	33.7-33.7	34.1	492(+12)																																	晴		16.0	8.0	16.0	217.1	15.0	15	54.0	良				ウイングレイテスト																													
2017100641	2019-06-01	3東京1		5.0	2歳新馬								丸山元気		芝1400				1:23.9	0.0		2-2	36.7-34.3	34.1	444(0)				700.0	晴		12.0	4.0	4.0	5.9	3.0	1	54.0	良	**	**		(ブンロート)																																																									
2017100641	2019-10-05	4京都1		9.0	りんどう賞(1勝クラス)								北村友一		芝1400				1:21.7	0.3		8-8	34.8-34.9	34.0	446(+2)				100.0	晴		9.0	3.0	3.0	54.8	9.0	5	54.0	良	**	**		ヤマカツマーメイド																																																									
2017100641	2019-11-02	5東京1		11.0	京王杯2歳S(GII)								柴田大知		芝1400				1:22.1	1.3		9-9	34.9-34.1	34.6	448(+2)					晴		10.0	7.0	7.0	31.9	7.0	7	54.0	良	**	**		タイセイビジョン																																																									
2017100641	2019-12-07	4中京3		10.0	つわぶき賞(1勝クラス)								丸山元気		芝1400				1:22.7	0.9		9-7	34.9-34.8	35.1	452(+4)					曇		14.0	5.0	8.0	24.0	6.0	11	54.0	良	**	**		ペコリーノロマーノ																																																									
2017100641	2020-01-18	1中山6		9.0	菜の花賞(1勝クラス)								Ｍ．デム		芝1600				1:38.4	1.6		6-10-11	36.0-36.2	37.2	450(-2)					小雨		16.0	1.0	2.0	19.0	8.0	14	54.0	稍	**	**		アールクインダム																																																									
2017100641	2020-03-15	2中山6		11.0	アネモネS(L)								武藤雅		芝1600				1:36.3	0.8		10-11-10	34.7-37.2	36.3	444(-6)					晴		12.0	8.0	11.0	71.4	11.0	9	54.0	稍	**	**		インターミッション																																																									
2017100641	2020-10-04	4中山9		4.0	3歳以上1勝クラス								柴田大知		ダ1800				1:54.5	0.9		6-5-4-4	37.0-39.3	39.6	450(+6)				76.0	曇		13.0	4.0	4.0	14.7	4.0	5	53.0	良	**	**		スピードオブラブ																																																									
2017100641	2020-10-31	4東京7		7.0	3歳以上1勝クラス								Ｍ．デム		ダ1600				1:38.9	0.7		7-6	35.1-37.8	37.0	458(+8)					晴		11.0	3.0	3.0	21.7	7.0	6	53.0	良	**	**		プリモダヴィンチ																																																									
2017100641	2020-11-23	5東京7		7.0	3歳以上1勝クラス								柴田大知		ダ1600				1:38.7	0.8		15-15	35.1-38.0	37.2	462(+4)					晴		16.0	5.0	10.0	27.0	9.0	7	54.0	良	**	**		シングシングシング																																																									
2017100641	2021-02-20	1東京7		7.0	4歳以上1勝クラス								北村宏司		ダ1600				1:39.1	1.5		8-8	35.9-37.4	38.0	456(-6)					晴		16.0	8.0	16.0	37.5	10.0	12	55.0	良	**	**		クリノプレミアム																																																									
2017100641	2021-08-29	4新潟6		8.0	3歳以上1勝クラス								丸山元気		ダ1800				1:56.3	3.0		3-3-2-3	36.7-38.4	41.3	466(+10)					晴		15.0	7.0	13.0	114.3	15.0	15	55.0	良	**	**		アドアステラ																																																									
2017100641	2021-09-12	4中山2		6.0	3歳以上1勝クラス								原優介		ダ1800				1:55.6	2.6		3-3-4-5	36.7-37.7	39.8	466(0)					曇		13.0	3.0	3.0	51.0	13.0	7	52.0	良	**	**		ツウカイヴィータ																																																									
2017100641	2021-10-10	5新潟2		8.0	3歳以上1勝クラス								柴山雄一		芝1600				1:34.9	2.0		1-1	34.3-34.9	36.9	466(0)					晴		18.0	3.0	6.0	159.8	17.0	15	55.0	良	**	**		インナリオ																																																									
2017100641	2021-11-07	2福島2		8.0	3歳以上1勝クラス								服部寿希		芝1200				1:10.2	1.1		10-10	33.9-35.2	35.4	466(0)					晴		16.0	6.0	11.0	28.4	10.0	10	52.0	良	**	**		ココクラッシュ																																																									
2017100641	2021-12-04	6中京1		3.0	3歳以上1勝クラス								亀田温心		ダ1400				1:26.2	0.9		7-7	35.2-37.9	38.0	468(+2)					晴		16.0	4.0	8.0	17.5	6.0	8	54.0	良	**	**		ハクサンライラック																																																									
2017100641	2022-01-16	1中京6		7.0	4歳以上1勝クラス								森裕太朗		芝1600				1:35.7	1.6		6-6-7	35.3-35.8	36.7	468(0)					晴		14.0	3.0	4.0	373.9	13.0	13	55.0	良	**	**		ヴィルヘルム																																																									
2017100641	2022-02-26	1阪神5		7.0	4歳以上1勝クラス								森裕太朗		ダ1400				1:28.2	1.2		7-8	36.1-37.7	38.2	472(+4)					晴		16.0	8.0	15.0	160.1	14.0	14	55.0	良	**	**		メイショウマンサク																																																									
2017100641	2022-03-19	2中京3		12.0	4歳以上1勝クラス								丸山元気		ダ1200				1:13.9	2.2		9-11	33.9-37.8	39.0	472(0)					曇		16.0	1.0	2.0	148.1	13.0	16	55.0	重	**	**		セイレーン																																																									
2017100641	2022-07-24	2福島8		1.0	障害3歳以上未勝利								草野太郎		障2770				3:13.7	9.8		9-9-9-9	106.0-0.0	14.0	468(-4)					晴		11.0	2.0	2.0	74.5	9.0	9	58.0	良				アルーフクライ																																																									
2017100641	2022-09-03	3新潟7		1.0	障害3歳以上未勝利								草野太郎		障2850				3:10.3	4.2		1-1-1-3	104.1-0.0	13.4	466(-2)					雨		14.0	7.0	11.0	281.9	14.0	9	58.0	良				ファルヴォーレ																																																									
2017100641	2022-10-15	4新潟1		1.0	障害3歳以上未勝利								上野翔		障2850				3:07.9	1.8		2-2-3-3	102.1-0.0	13.2	474(+8)				79.0	曇		11.0	8.0	10.0	22.6	6.0	5	58.0	良				アストラエンブレム																																																									
2017100641	2022-10-30	4新潟6		4.0	障害3歳以上未勝利								上野翔		障2850				3:11.2	1.7		2-2-5-5	106.0-0.0	13.4	480(+6)				200.0	雨		14.0	1.0	1.0	8.0	3.0	3	58.0	良				レザネフォール																																																									
2017100641	2022-12-13	川崎		10.0	ディセンバースター賞(B2B3)								丸山元気		ダ1600				1:45.5	1.9		4-4-6-6	36.9-40.9	42.1	466(-14)					晴		12.0	8.0	11.0	29.1	9.0	7	55.0	重	**	**		サウンドキングダム																																																									
2017100641	2023-07-08	3中京3		1.0	障害3歳以上未勝利								上野翔		障3000				3:21.7	5.3		2-2-3-3	107.0-0.0	13.4	470(+4)				200.0	曇		10.0	2.0	2.0	26.5	7.0	3	58.0	良				スヴァルナ																																																									
2017100641	2023-08-27	3新潟6		1.0	障害3歳以上未勝利								森一馬		障2850				3:09.8	1.3		5-3-3-2	102.0-0.0	13.3	474(+4)				120.0	晴		14.0	5.0	8.0	9.1	4.0	4	58.0	良				アドマイヤアルバ																																																									
2017100641	2023-09-17	4阪神4		1.0	障害3歳以上未勝利								上野翔		障2970				3:24.6	1.8		1-1-1-2	106.0-0.0	13.8	478(+4)				200.0	晴		8.0	7.0	7.0	8.0	4.0	3	58.0	良				プラチナドリーム																																																									
2017100641	2023-10-14	4新潟1		1.0	障害3歳以上未勝利								上野翔		障2850				3:07.7	2.4		2-2-2-2	105.0-0.0	13.2	482(+4)					晴		14.0	2.0	2.0	3.5	1.0	7	58.0	良				メモリーズオブユー																																																									
2017100641	2023-12-10	5中山4		4.0	障害3歳以上未勝利								上野翔		障2880				3:14.8	0.4		1-1-1-1	109.0-0.0	13.5	480(-2)				200.0	晴		14.0	5.0	7.0	27.0	9.0	3	58.0	良				ウラエウス																																																									
2017100641	2023-12-28	5阪神9		4.0	障害3歳以上未勝利								江田勇亮		障2970				3:22.7	1.7		1-1-1-2	107.0-0.0	13.6	474(-6)					晴		14.0	7.0	12.0	6.2	2.0	7	58.0	良				ドンカルロ																																																									
2017100641	2024-02-10	2小倉1		4.0	障害4歳以上未勝利								蓑島靖典		障2860				3:15.2	2.9		4-5-6-6	109.1-0.0	13.7	474(0)					晴		12.0	8.0	12.0	17.2	6.0	9	58.0	稍				ユーベルント																																																									
2017100641	2024-03-10	2中山6		4.0	障害4歳以上未勝利								江田勇亮		障2880				3:17.3	4.1		2-2-3-3	110.1-0.0	13.7	478(+4)				120.0	晴		9.0	1.0	1.0	8.6	4.0	4	58.0	稍				ブリエヴェール																																																									
2017100641	2024-04-06	1福島1		4.0	障害4歳以上未勝利								江田勇亮		障2750				3:04.1	1.7		1-1-1-1	105.1-0.0	13.4	478(0)					曇		14.0	4.0	5.0	15.4	5.0	9	58.0	良				ヴァレッタカズマ																																																									
2017100641	2024-05-12	1新潟6		5.0	障害4歳以上未勝利								上野翔		障2890				3:13.5	3.1		4-5-5-5	108.0-0.0	13.4	488(+10)					曇		9.0	2.0	2.0	9.4	4.0	6	58.0	良				ステラナビゲーター																																																									
2017100641	2024-06-09	4京都4		1.0	障害3歳以上未勝利								上野翔		障2910				3:19.8	3.1		1-1-1-2	107.0-0.0	13.7	486(-2)					曇		10.0	8.0	9.0	57.7	9.0	7	58.0	稍				スマイルスルー																																																									
2017100641	2024-07-20	3小倉7		4.0	障害3歳以上未勝利								上野翔		障2860				3:17.5	1.1		1-1-2-3	107.0-0.0	13.8	482(-4)				200.0	曇		7.0	6.0	6.0	11.3	4.0	3	58.0	稍				パーリーブラック																																																									
2017100641	2024-08-18	2中京4		1.0	障害3歳以上未勝利								上野翔		障3000				3:17.1	1.3		1-1-2-3	103.1-0.0	13.1	482(0)				120.0	晴		12.0	7.0	10.0	9.1	5.0	4	58.0	良				プリモスペランツァ																																																									
2017100641	2024-09-15	3中京4		1.0	障害3歳以上未勝利								上野翔		障3000				3:19.9	0.6		3-3-1-1	106.1-0.0	13.3	482(0)				320.0	曇		10.0	8.0	9.0	9.2	4.0	2	58.0	稍				ニシノパプルブリリ																																																									
2017100641	2024-12-01	7京都2		4.0	障害3歳以上未勝利								上野翔		障2910				3:21.1	1.1		1-1-1-1	107.0-0.0	13.8	482(0)				200.0	晴		13.0	7.0	11.0	3.4	2.0	3	58.0	良				テイエムエメラルド																																																									
2017100641	2024-12-22	7京都8		5.0	障害3歳以上未勝利								上野翔		障2910				3:23.9	5.1		2-2-3-4	109.0-0.0	14.0	484(+2)					曇		14.0	6.0	9.0	4.7	3.0	7	58.0	良				マテンロウジョイ																																																									
2017100641	2025-01-18	1中山6		4.0	障害4歳以上未勝利								上野翔		障2880				3:17.1	1.2		1-1-1-1	108.0-0.0	13.7	494(+10)					晴		11.0	7.0	8.0	7.5	4.0	6	58.0	良				ヒートオンビート																																																									
2017100641	2025-03-08	2中山3		4.0	障害4歳以上未勝利								石神深一		障2880				3:17.9	1.2		1-1-1-2	108.0-0.0	13.7	488(-6)					曇		9.0	1.0	1.0	9.6	4.0	6	58.0	稍				プラチナムレイアー																																																									
2017100641	2025-04-27	2京都2		4.0	障害4歳以上未勝利								土田真翔		障2910				3:25.7	4.4		7-6-8-9	107.1-0.0	14.1	486(-2)					晴		12.0	3.0	3.0	12.6	4.0	10	57.0	良				アルマーザアミール																																																									
2017100641	2025-05-18	1新潟6		4.0	障害4歳以上未勝利								大江原圭		障2890				3:17.8	4.9		2-2-7-8	107.0-0.0	13.7	486(0)					曇		13.0	8.0	13.0	32.3	8.0	10	58.0	稍				フレッチア																																																									
2017100641	2025-05-31	2東京11		4.0	障害4歳以上未勝利								江田勇亮		障3000							1-1	110.0-0.0		488(+2)					雨		14.0	4.0	6.0	162.1	11.0	中	58.0	稍				スズカハービン																																																									
2017100655	2020-03-08	1中京4		2.0	3歳未勝利								亀田温心		芝1400				1:26.2	1.8		17-17	35.6-36.6	36.0	382(0)					雨		18.0	7.0	13.0	378.9	17.0	14	51.0	不	**	**		ヴィルトゥオシタ																																																									
2017100655	2020-05-10	3京都6		4.0	3歳未勝利								和田竜二		芝1800				1:48.9	1.1		13-14	35.7-34.7	34.7	398(+16)					曇		14.0	1.0	1.0	187.5	14.0	8	54.0	良	**	**		ラヴユーライヴ																																																									
2017100655	2020-05-24	3京都10		5.0	3歳未勝利								泉谷楓真		芝2000				2:02.8	1.1		6-5-5-5	35.8-36.7	37.4	400(+2)					晴		14.0	6.0	9.0	43.2	9.0	6	51.0	良	**	**		ウインサンフラワー																																																									
2017100655	2020-06-20	3阪神5		6.0	3歳未勝利								松若風馬		芝1800				1:49.2	1.6		13-11	35.5-35.4	35.9	394(-6)					晴		18.0	5.0	10.0	137.1	15.0	9	54.0	稍	**	**		ダンツイノーバ																																																									
2017100655	2020-08-16	2小倉2		3.0	3歳未勝利								富田暁		芝1800				1:49.2	2.5		14-14-13-13	34.8-36.2	37.6	408(+14)					晴		15.0	4.0	7.0	143.2	11.0	11	53.0	良	**	**		ハーランズハーツ																																																									
2017100655	2020-09-18	名古屋		1.0	名古屋モーニングフィ(3歳)								岡部誠		ダ800				0:51.7	1.2		4		36.9	423(+15)				3.8	晴		10.0	6.0	6.0	5.6	2.0	4	54.0	良	**	**		ソーファイン																																																									
2017100655	2020-10-02	名古屋		4.0	3歳14組								岡部誠		ダ1400				1:33.3	0.2		3-3-1		41.4	415(-8)				10.2	晴		10.0	8.0	10.0	3.4	2.0	2	54.0	良	**	**		トーホウカッフェ																																																									
2017100655	2020-10-27	名古屋		4.0	C27組								岡部誠		ダ1400				1:33.6	-0.6		6-4-1		40.1	427(+12)				30.0	晴		11.0	4.0	4.0	1.9	1.0	1	54.0	良	**	**		(インディゴジェイ)																																																									
2017100655	2020-11-11	名古屋		12.0	乳岩川特別(C)								岡部誠		ダ1400				1:33.8	1.1		6-6-7		40.3	426(-1)					晴		10.0	8.0	11.0	7.4	4.0	6	54.0	良	**	**		キラビヤカ																																																									
2017100655	2020-11-24	名古屋		5.0	第3回ハシルプーオウ(C)								岡部誠		ダ1400				1:34.4	1.1		2-2-2		41.5	422(-4)				9.6	晴		10.0	7.0	9.0	1.9	1.0	2	54.0	良	**	**		ワイノナ																																																									
2017100655	2020-12-23	名古屋		2.0	C18組								岡部誠		ダ1400				1:34.6	1.6		6-5-4		42.0	424(+2)				2.4	晴		10.0	5.0	5.0	4.3	2.0	5	54.0	良	**	**		スマイルサクラ																																																									
2017100655	2021-01-02	名古屋		4.0	C18組								岡部誠		ダ1400				1:34.0	0.2		6-5-5		40.7	424(0)				5.4	晴		10.0	2.0	2.0	8.5	4.0	3	54.0	良	**	**		ディレクトゥス																																																									
2017100655	2021-01-14	名古屋		7.0	松村香織生誕記念(C)								水野翔		ダ1400				1:34.0	1.6		6-6-4		41.0	418(-6)				3.6	晴		12.0	7.0	9.0	24.0	6.0	4	54.0	良	**	**		タッデオ																																																									
2017100655	2021-01-27	名古屋		5.0	C15組								丹羽克輝		ダ1400				1:31.6	1.5		5-5-6		40.7	417(-1)					晴		11.0	3.0	3.0	80.9	8.0	7	54.0	不	**	**		ゴールドクレスト																																																									
2017100655	2021-02-08	名古屋		5.0	C23組								岡部誠		ダ1400				1:33.4	-0.2		3-3-2		41.2	412(-5)				30.0	晴		11.0	6.0	7.0	3.5	3.0	1	54.0	稍	**	**		(オプティマス)																																																									
2017100655	2021-03-12	名古屋		7.0	C2組								戸部尚実		ダ1400				1:31.8	2.3		10-10-9		38.8	411(-1)					雨		11.0	6.0	6.0	161.3	9.0	6	54.0	稍	**	**		テイエムレビュー																																																									
2017100655	2021-03-25	名古屋		4.0	C11組								岡部誠		ダ1400				1:32.0	0.1		4-3-1		39.3	409(-2)				9.6	小雨		11.0	6.0	6.0	3.0	2.0	2	54.0	良	**	**		キーコーズウェイ																																																									
2017100655	2021-04-08	名古屋		4.0	C12組								丹羽克輝		ダ1400				1:32.2	1.6		6-4-4		40.3	410(+1)				3.8	晴		11.0	6.0	6.0	9.5	4.0	4	54.0	稍	**	**		ルアスドゥーナッハ																																																									
2017100655	2021-05-05	名古屋		3.0	C13組								岡部誠		ダ1400				1:32.0	1.4		8-2-3		40.1	408(-2)				5.8	雨		11.0	6.0	7.0	6.5	4.0	3	54.0	稍	**	**		クワトロチェント																																																									
2017100655	2021-05-20	名古屋		5.0	C11組								岡部誠		ダ1400				1:31.1	-0.2		5-4-2		39.5	409(+1)				32.0	雨		11.0	8.0	11.0	2.1	1.0	1	54.0	重	**	**		(アンフィニフォルス)																																																									
2017100655	2021-06-18	名古屋		11.0	四谷の千枚田特別(C)								丹羽克輝		ダ1400				1:31.1	0.1		9-8-5		38.9	412(+3)				14.4	曇		11.0	3.0	3.0	70.4	11.0	2	54.0	重	**	**		ノーブルルビー																																																									
2017100655	2021-07-02	名古屋		8.0	C3組								岡部誠		ダ1400				1:31.0	0.4		5-4-1		38.3	412(0)				10.2	曇		10.0	8.0	10.0	3.2	2.0	2	54.0	不	**	**		サンモントレー																																																									
2017100655	2021-07-23	名古屋		7.0	C3組								戸部尚実		ダ1400				1:31.8	1.6		10-10-10		38.8	413(+1)					晴		10.0	3.0	3.0	5.1	2.0	9	54.0	良	**	**		フェルカド																																																									
2017100655	2021-08-20	名古屋		7.0	C2組								岡部誠		ダ1400				1:30.2	0.8		5-5-4		38.5	417(+4)				3.8	曇		10.0	3.0	3.0	3.7	2.0	4	54.0	不	**	**		バンカーズギャル																																																									
2017100655	2021-09-03	名古屋		12.0	鳴沢の滝特別(C)								宮下瞳		ダ1600				1:46.4	1.1		9-6-4		40.0	421(+4)				5.4	雨		12.0	5.0	6.0	14.9	6.0	4	52.0	稍	**	**		ケイアイネイビー																																																									
2017100655	2021-09-17	名古屋		9.0	B8組								岡部誠		ダ1600				1:46.2	0.4		2-2-2		39.8	421(0)				4.3	雨		7.0	3.0	3.0	5.0	3.0	4	54.0	稍	**	**		ヒロシゲシルバー																																																									
2017100655	2021-10-15	名古屋		8.0	C2組								岡部誠		ダ1400				1:32.9	2.3		7-7-7		40.4	421(0)					晴		12.0	3.0	3.0	20.1	3.0	8	54.0	良	**	**		ドリームアイ																																																									
2017100655	2021-10-25	名古屋		7.0	C3組								岡部誠		ダ1400										計不					雨		9.0	4.0	4.0			取	54.0	稍	**	**		ツェレトナー																																																									
2017100655	2021-11-19	名古屋		5.0	C4組								岡部誠		ダ1400				1:32.9	1.5		6-6-7		39.6	422(+1)					晴		10.0	7.0	7.0	22.4	4.0	6	54.0	良	**	**		エベレストテソーロ																																																									
2017100655	2021-12-03	名古屋		7.0	C3組								岡部誠		ダ1400				1:32.6	1.9		8-7-8		40.1	420(-2)					晴		11.0	7.0	9.0	16.7	4.0	8	54.0	重	**	**		メイショウペルム																																																									
2017100655	2021-12-13	名古屋		6.0	C4組								岡部誠		ダ1400				1:34.5	0.9		8-8-6		40.5	421(+1)					晴		10.0	6.0	6.0	54.3	8.0	6	54.0	稍	**	**		ウェーブビクトリー																																																									
2017100655	2021-12-24	名古屋		6.0	瞬兵くん御生誕記念(C)								岡部誠		ダ1400				1:34.6	0.4		7-6-6		40.0	420(-1)				5.8	晴		10.0	3.0	3.0	29.8	7.0	3	54.0	稍	**	**		タマモアテネ																																																									
2017100655	2022-05-21	1新潟5		1.0	障害4歳以上未勝利								大庭和弥		障2890				3:13.0	2.2		3-4-7-6	106.1-0.0	13.4	404(-16)				79.0	曇		13.0	7.0	10.0	163.4	13.0	5	58.0	良				メイショウアルト																																																									
2017100655	2022-06-12	4中京4		1.0	障害3歳以上未勝利								大庭和弥		障3000				3:22.0	1.9		3-2-4-4	107.0-0.0	13.5	402(-2)				79.0	晴		13.0	2.0	2.0	56.4	9.0	5	58.0	良				ダイメイコスモス																																																									
2017100655	2022-07-10	2福島4		1.0	障害3歳以上未勝利								大庭和弥		障2750				3:03.7	2.0		7-6-8-9	106.0-0.0	13.4	416(+14)				79.0	晴		13.0	6.0	8.0	39.7	10.0	5	58.0	良				デストロイ																																																									
2017100655	2022-07-24	2福島8		1.0	障害3歳以上未勝利								大庭和弥		障2770				3:09.5	5.6		6-7-8-8	106.0-0.0	13.7	412(-4)					晴		11.0	6.0	7.0	22.4	6.0	7	58.0	良				アルーフクライ																																																									
2017100655	2022-08-28	3新潟6		1.0	障害3歳以上未勝利								大庭和弥		障2850				3:10.8	2.3		7-7-7-7	103.0-0.0	13.4	416(+4)				79.0	曇		8.0	1.0	1.0	37.2	8.0	5	58.0	稍				サペラヴィ																																																									
2017100655	2022-09-25	5中京7		1.0	障害3歳以上未勝利								大庭和弥		障3000				3:22.8	3.6		7-7-8-8	105.1-0.0	13.5	414(-2)					曇		12.0	8.0	12.0	26.1	7.0	6	58.0	良				ロードアクア																																																									
2017100655	2022-10-15	4新潟1		4.0	障害3歳以上未勝利								大庭和弥		障2850							8-9-5-6	103.1-0.0		416(+2)					曇		10.0	1.0	1.0	87.4	10.0	中	58.0	良				スーパーフェイバー																																																									
2017100655	2023-12-02	5中山1		7.0	3歳以上1勝クラス								的場勇人		ダ1200				1:14.6	2.9		16-16	34.0-37.7	38.8	434(+18)					晴		16.0	7.0	14.0	513.1	16.0	16	56.0	良	**	**		ニーナブランド																																																									
2017100655	2023-12-10	4中京4		2.0	3歳以上1勝クラス								的場勇人		ダ1200				1:17.0	4.3		12-12	35.2-37.5	38.4	424(-10)					晴		12.0	8.0	12.0	687.4	12.0	11	56.0	良	**	**		クルールデュヴァン																																																									
2017100655	2024-06-23	3東京8		12.0	3歳以上1勝クラス								的場勇人		ダ1400				1:26.2	3.5		15-15	34.1-37.1	37.1	432(+8)					曇		16.0	3.0	6.0	398.6	16.0	14	56.0	重	**	**		トーセンサウダージ																																																									
2017100655	2024-09-15	3中京4		1.0	障害3歳以上未勝利								大江原圭		障3000				3:20.9	1.6		8-8-6-5	106.1-0.0	13.4	424(-8)				120.0	曇		10.0	5.0	5.0	167.2	9.0	4	58.0	稍				ニシノパプルブリリ																																																									
2017100655	2024-10-12	4新潟3		4.0	障害3歳以上未勝利								大江原圭		障2850				3:11.6	4.8		8-8-8-7	102.1-0.0	13.4	430(+6)					晴		10.0	7.0	7.0	6.1	2.0	7	58.0	良				ローディアマント																																																									
2017100655	2024-12-22	7京都8		5.0	障害3歳以上未勝利								草野太郎		障2910				3:25.6	6.8		14-14-14-13	109.0-0.0	14.1	424(-6)					曇		14.0	3.0	4.0	85.5	11.0	11	58.0	良				マテンロウジョイ																																																									
2017100655	2025-01-18	1中山6		4.0	障害4歳以上未勝利								大江原圭		障2880				3:20.8	4.9		11-11-10-9	108.0-0.0	13.9	426(+2)					晴		11.0	2.0	2.0	68.4	10.0	9	58.0	良				ヒートオンビート																																																									
2017100655	2025-02-08	1小倉5		5.0	障害4歳以上未勝利								大江原圭		障2860				3:20.6	5.3		6-6-6-6	107.1-0.0	14.0	432(+6)					雪		9.0	8.0	9.0	101.2	9.0	6	58.0	稍				ウン																																																									
2017100655	2025-02-22	1小倉9		5.0	障害4歳以上未勝利								大江原圭		障2860				3:16.7	0.3		6-6-6-6	108.1-0.0	13.8	432(0)				210.0	晴		11.0	3.0	3.0	98.1	10.0	3	58.0	良				タロントゥーズ																																																									
2017100655	2025-03-02	1小倉12		4.0	障害4歳以上未勝利								大江原圭		障2860				3:23.1	6.7		11-11-10-10	110.1-0.0	14.2	428(-4)					雨		11.0	7.0	8.0	38.6	9.0	10	58.0	稍				ミヤジシャルマン																																																									
2017100655	2025-05-03	1新潟1		1.0	障害4歳以上未勝利								大江原圭		障2890				3:11.8	2.9		7-7-8-8	103.1-0.0	13.3	428(0)					晴		14.0	3.0	3.0	87.3	12.0	9	58.0	良				サルサロッサ																																																									
2017100655	2025-11-16	3福島4		4.0	障害3歳以上未勝利								土田真翔		障2750				3:05.2	4.7		6-7-7-7	103.1-0.0	13.5	438(+10)					晴		10.0	3.0	3.0	68.9	9.0	7	57.0	良				ウォーターリーダー																																																									
2017101423	2019-06-23	3東京8		5.0	2歳新馬								松岡正海		芝1600				1:36.7	0.1		7-7	36.4-35.3	34.8	472(0)				280.0																													曇		16.0	8.0	15.0	3.0	1.0	2	54.0	重	**	**		サナチャン																													
2017101423	2019-07-14	2福島6		3.0	2歳未勝利								松岡正海		芝1800				1:52.2	0.0		4-5-4-2	36.5-37.4	37.2	476(+4)				500.0																													小雨		15.0	2.0	3.0	1.9	1.0	1	54.0	重	**	**		(コスモタイシ)																													
2017101423	2019-11-09	5京都3		11.0	デイリー杯2歳S(GII)								松岡正海		芝1600				1:34.7	0.2		9-9	35.3-34.8	34.2	488(+12)				1511.6																													晴		11.0	8.0	10.0	30.9	7.0	2	55.0	良	**	**		レッドベルジュール																													
2017101423	2019-12-15	5阪神6		11.0	朝日フューチュリティ(GI)								松岡正海		芝1600				1:34.3	1.3		5-6	33.8-35.8	36.5	492(+4)																																	晴		16.0	4.0	7.0	43.5	8.0	9	55.0	良	**	**		サリオス																													
2017101423	2020-03-14	1中京5		11.0	中スポ賞ファルコンS(GIII)								ミナリク		芝1400				1:22.2	0.9		7-8	33.8-35.8	35.4	486(-6)																																	曇		18.0	1.0	1.0	16.9	7.0	6	56.0	重	**	**		シャインガーネット																													
2017101423	2020-04-11	3中山5		11.0	ニュージーランドT(GII)								横山武史		芝1600				1:33.1	0.1		11-12-10	34.2-35.4	34.3	490(+4)				1416.4																													晴		16.0	8.0	16.0	13.8	7.0	3	56.0	良	**	**		ルフトシュトローム																													
2017101423	2020-05-10	2東京6		11.0	NHKマイルC(GI)								横山武史		芝1600				1:33.1	0.6		18-18	34.1-34.5	33.7	486(-4)																																	晴		18.0	8.0	18.0	27.0	8.0	7	57.0	良	**	**		ラウダシオン																													
2017101423	2020-10-03	4中山8		11.0	秋風S(3勝クラス)								横山武史		芝1600				1:34.1	0.8		4-3-2	35.1-35.2	35.7	500(+14)																																	曇		16.0	8.0	15.0	3.6	1.0	10	55.0	良	**	**		インターミッション																													
2017101423	2020-10-31	4東京7		10.0	キタサンブラックM(3勝クラス)								松岡正海		芝1600				1:33.0	0.2		9-9	34.8-34.6	34.0	504(+4)				741.8																													晴		18.0	4.0	8.0	7.2	3.0	2	54.0	良	**	**		トライン																													
2017101423	2020-11-29	5阪神9		10.0	立雲峡S(3勝クラス)								松岡正海		芝1600				1:34.6	0.5		8-8	36.5-33.9	33.6	504(0)																																	晴		11.0	6.0	6.0	2.9	1.0	8	56.0	良	**	**		サトノウィザード																													
2017101423	2021-01-23	1中山7		11.0	初富士S(3勝クラス)								横山武史		芝1800				1:50.8	0.2		4-3-4-3	36.0-39.1	36.8	512(+8)				270.0																													雨		14.0	4.0	6.0	7.3	4.0	4	55.0	重	**	**		ドナアトラエンテ																													
2017101423	2021-02-27	2中山1		11.0	幕張S(3勝クラス)								横山武史		芝1600				1:32.8	1.0		7-11-10	34.3-34.8	34.6	506(-6)																																	晴		16.0	7.0	13.0	12.2	5.0	6	57.0	良	**	**		ウインカーネリアン																													
2017101423	2021-05-09	2東京6		9.0	湘南S(3勝クラス)								横山武史		芝1600				1:34.7	2.7		8-10	34.0-34.9	37.2	502(-4)																																	晴		18.0	1.0	2.0	6.5	2.0	17	57.0	良	**	**		ハーメティキスト																													
2017101423	2021-08-28	4新潟5		10.0	長岡S(3勝クラス)								田辺裕信		芝1600				1:34.3	0.4		12-11	35.4-35.0	34.6	488(-14)																																	曇		18.0	2.0	3.0	12.6	6.0	6	57.0	良	**	**		クリノプレミアム																													
2017101423	2021-09-19	5中京4		10.0	納屋橋S(3勝クラス)								武豊		芝1600				1:35.0	0.4		8-8-8	36.9-33.6	33.2	492(+4)				463.8																													曇		12.0	5.0	5.0	12.3	6.0	3	57.0	良	**	**		フォルコメン																													
2017101423	2021-10-30	4東京7		10.0	紅葉S(3勝クラス)								武豊		芝1600				1:32.9	0.2		7-7	35.0-34.6	34.1	502(+10)				464.8																													晴		16.0	2.0	3.0	7.6	3.0	3	55.0	良	**	**		アオイクレアトール																													
2017101423	2021-11-20	5東京5		10.0	秋色S(3勝クラス)								松岡正海		芝1600				1:34.3	1.3		9-8	35.7-34.0	34.5	514(+12)																																	晴		17.0	5.0	9.0	7.6	4.0	13	57.0	良	**	**		ゴールデンシロップ																													
2017101423	2021-11-28	5阪神8		10.0	立雲峡S(3勝クラス)								松岡正海		芝1600				1:32.9	0.0		3-5	35.3-34.7	34.2	502(-12)				737.2																													晴		11.0	6.0	6.0	8.5	5.0	2	55.0	良	**	**		ラヴユーライヴ																													
2017101423	2022-01-09	1中山3		10.0	若潮S(3勝クラス)								松岡正海		芝1600				1:34.3	0.1		4-6-5	35.0-35.3	34.8	514(+12)				749.6																													晴		13.0	4.0	4.0	4.2	2.0	2	56.0	良	**	**		エイシンチラー																													
2017101423	2022-01-30	1東京2		10.0	節分S(3勝クラス)								松岡正海		芝1600				1:34.3	0.4		3-3	36.5-34.3	33.3	514(0)				462.6																													曇		8.0	2.0	2.0	3.2	2.0	3	57.0	良	**	**		リフレイム																													
2017101423	2022-07-09	2福島3		11.0	阿武隈S(3勝クラス)								松岡正海		芝1800				1:48.5	0.7		8-9-8-6	36.4-35.7	35.6	496(-18)																																	曇		16.0	8.0	15.0	6.7	3.0	7	56.0	良	**	**		ゴールドスミス																													
2017101423	2022-08-27	3新潟5		10.0	長岡S(3勝クラス)								松岡正海		芝1600				1:33.8	0.1		3-3	36.4-33.5	33.4	506(+10)				749.4																													曇		15.0	6.0	11.0	6.9	3.0	2	57.0	良	**	**		ライティア																													
2017101423	2022-09-18	4中山4		10.0	レインボーS(3勝クラス)								松岡正海		芝1800				1:50.3	0.4		4-6-5-4	36.3-36.4	36.3	504(-2)				184.0																													雨		15.0	7.0	13.0	5.3	2.0	5	56.0	重	**	**		ロングラン																													
2017101423	2022-10-29	4東京8		10.0	紅葉S(3勝クラス)								松岡正海		芝1600				1:34.1	0.0		3-3	36.0-33.4	33.0	504(0)				1867.3																													晴		12.0	7.0	10.0	4.0	2.0	1	56.0	良	**	**		(アオイシンゴ)																													
2017101423	2022-12-18	5中山6		11.0	ディセンバーS(L)								松岡正海		芝1800				1:48.6	0.2		6-6-6-4	36.1-37.5	36.2	510(+6)				654.9																													晴		16.0	7.0	14.0	10.1	6.0	3	56.0	稍	**	**		ショウナンマグマ																													
2017101423	2023-01-07	1中山2		11.0	ニューイヤーS(L)								松岡正海		芝1600				1:33.2	0.0		1-1-1	35.5-34.3	34.3	512(+2)				2730.1																													晴		13.0	1.0	1.0	5.7	2.0	1	57.0	良	**	**		(サクラトゥジュール)																													
2017101423	2023-02-19	2小倉4		11.0	小倉大賞典(GIII)								松岡正海		芝1800				1:50.5	0.8		6-6-4-4	36.5-37.0	36.7	506(-6)																																	晴		16.0	6.0	12.0	8.1	5.0	8	57.0	重	**	**		ヒンドゥタイムズ																													
2017101423	2023-04-01	3中山3		11.0	ダービー卿チャレンジ(GIII)								松岡正海		芝1600				1:33.6	0.4		3-3-3	35.4-34.1	34.1	512(+6)				410.0																													晴		16.0	6.0	11.0	21.3	6.0	5	57.0	良	**	**		インダストリア																													
2017101423	2023-06-17	3阪神5		11.0	米子S(L)								松岡正海		芝1600				1:32.0	0.3		4-3	33.7-35.4	35.2	496(-16)				410.0																													晴		13.0	5.0	7.0	10.5	4.0	4	58.0	良	**	**		メイショウシンタケ																													
2017101423	2023-07-23	3中京8		11.0	中京記念(GIII)								松岡正海		芝1600				1:33.5	0.5		7-6-7	34.6-35.6	35.3	494(-2)				620.0																													晴		16.0	5.0	10.0	7.2	3.0	4	57.0	良	**	**		セルバーグ																													
2017101423	2023-09-10	4中山2		11.0	京成杯オータムH(GIII)								松岡正海		芝1600				1:31.6	0.0		2-2-2	34.6-34.6	33.9	496(+2)				1611.0																													晴		11.0	8.0	10.0	11.1	5.0	2	57.0	良	**	**		ソウルラッシュ																													
2017101423	2023-10-28	2京都8		11.0	MBS賞スワンS(GII)								松岡正海		芝1400				1:19.9	-0.1		2-2	34.1-34.5	34.4	500(+4)				6027.4																													晴		18.0	2.0	3.0	21.6	10.0	1	57.0	良	**	**		(ララクリスティーヌ)																													
2017101423	2023-12-23	5阪神7		11.0	阪神C(GII)								松岡正海		芝1400				1:19.6	0.3		1-1	33.1-35.0	35.3	508(+8)																																	晴		17.0	8.0	17.0	16.8	7.0	8	58.0	良	**	**		ウインマーベル																													
2017101423	2024-02-24	キングアブドゥル			1351ターフスプリ(GII)								松岡正海		芝1351										計不																																			14.0		12.0		7.0	4	57.0	良																																	
2017101423	2024-06-09	1函館2		11.0	函館スプリントS(GIII)								松岡正海		芝1200				1:08.6	0.2		3-3	33.4-35.0	34.8	504(0)				1616.0																													小雨		16.0	5.0	10.0	18.5	5.0	2	59.0	良	**	**		サトノレーヴ																													
2017101423	2024-07-28	2新潟2		7.0	アイビスサマーD(GIII)								松岡正海		芝1000				0:55.4	0.1		5	32.5-33.5	33.1	504(0)				1618.2																													曇		18.0	6.0	12.0	6.5	2.0	2	59.0	良	**	**		モズメイメイ																													
2017101423	2024-09-29	4中山9		11.0	スプリンターズS(GI)								松岡正海		芝1200				1:07.8	0.8		2-2	32.1-34.9	35.3	510(+6)																																	曇		16.0	8.0	16.0	91.7	14.0	14	58.0	良	**	**		ルガル																													
2017101423	2024-12-21	7京都7		11.0	阪神C(GII)								松岡正海		芝1400				1:21.1	1.0		4-4	34.5-34.4	34.8	512(+2)																																	曇		18.0	3.0	6.0	16.1	7.0	17	58.0	良	**	**		ナムラクレア																													
2017101423	2025-03-01	2中山1		11.0	オーシャンS(GIII)								横山武史		芝1200				1:07.5	0.4		4-4	33.7-33.4	33.4	516(+4)				1107.6																													晴		15.0	2.0	2.0	9.9	6.0	3	57.0	良	**	**		ママコチャ																													
2017101423	2025-03-30	2中京6		11.0	高松宮記念(GI)								松岡正海		芝1200				1:09.5	1.6		4-2	33.8-34.1	35.5	516(0)																																	晴		18.0	1.0	2.0	91.3	12.0	16	58.0	良	**	**		サトノレーヴ																													
2017101423	2025-06-14	1函館1		11.0	函館スプリントS(GIII)								松岡正海		芝1200				1:07.3	0.7		8-8	32.5-34.1	34.0	496(-20)																																	曇		16.0	3.0	6.0	36.2	9.0	11	58.0	良	**	**		カピリナ																													
2017101423	2025-08-03	2新潟4		7.0	アイビスサマーD(GIII)								松岡正海		芝1000				0:53.9	0.2		7	32.0-32.0	31.7	500(+4)				1009.0																													晴		18.0	5.0	10.0	24.5	10.0	3	58.0	良	**	**		ピューロマジック																													
2017101423	2025-09-07	4阪神2		11.0	産経賞セントウルS(GII)								松岡正海		芝1200				1:08.0	0.6		7-7	33.0-34.4	34.2	500(0)																																	晴		16.0	5.0	10.0	61.6	11.0	10	57.0	良	**	**		カンチェンジュンガ																													
2017101423	2025-11-16	5東京4		11.0	オーロC(L)								松岡正海		芝1400				1:20.6	0.7		2-2	34.2-34.4	34.7	512(+12)																																	晴		18.0	3.0	6.0	16.8	6.0	12	58.0	良	**	**		フォーチュンタイム																													
2017101423	2025-12-20	5阪神5		11.0	タンザナイトS(OP)								松岡正海		芝1200				1:07.6	0.3		2-3	33.4-33.9	34.0	510(-2)				230.0																													晴		15.0	8.0	16.0	22.3	7.0	5	58.0	良	**	**		デュガ																													
2017101423	2026-01-17	1中山6		11.0	カーバンクルS(OP)								松岡正海		芝1200				1:07.4	0.0		3-3	33.7-33.7	33.5	520(+10)				2335.0																													晴		16.0	4.0	8.0	12.6	7.0	1	58.0	良				(カルロヴェローチェ)																													
2017102170	2019-10-13	4京都4		5.0	2歳新馬								和田竜二		芝2000				2:03.5	0.4		8-7-4-4	36.3-35.9	36.1	486(0)				180.0	晴		15.0	8.0	14.0	9.6	4.0	3	55.0	重	**	**		キムケンドリーム																																																									
2017102170	2019-11-03	5京都2		4.0	2歳未勝利								和田竜二		芝2000				2:01.1	-0.5		6-5-5-5	36.3-35.6	35.0	490(+4)				500.0	曇		10.0	8.0	9.0	3.6	2.0	1	55.0	良	**	**		(アイアンバローズ)																																																									
2017102170	2020-01-05	1京都1		9.0	福寿草特別(1勝クラス)								和田竜二		芝2000				2:04.9	1.4		4-4-6-6	37.6-35.4	36.2	494(+4)					曇		7.0	6.0	6.0	5.1	4.0	6	56.0	良	**	**		レクセランス																																																									
2017102170	2020-04-04	2阪神3		9.0	アザレア賞(1勝クラス)								和田竜二		芝2400				2:27.5	0.1		3-3-3-2	37.5-34.9	34.9	490(-4)				405.2	晴		8.0	3.0	3.0	12.7	4.0	2	56.0	良	**	**		フライライクバード																																																									
2017102170	2020-04-19	3中山8		11.0	皐月賞(GI)								横山典弘		芝2000				2:02.1	1.4		4-4-4-4	35.6-35.8	36.8	484(-6)					晴		18.0	3.0	6.0	360.9	18.0	10	57.0	稍	**	**		コントレイル																																																									
2017102170	2020-05-09	3京都5		11.0	京都新聞杯(GII)								和田竜二		芝2200				2:11.7	0.0		5-5-6-6	34.5-36.2	35.4	482(-2)				5496.6	曇		13.0	5.0	6.0	10.7	4.0	1	56.0	良	**	**		(マンオブスピリット)																																																									
2017102170	2020-05-31	2東京12		11.0	東京優駿(GI)								和田竜二		芝2400				2:25.0	0.9		3-3-2-2	36.8-34.3	35.1	484(+2)				2000.0	曇		18.0	7.0	13.0	61.6	8.0	5	57.0	良	**	**		コントレイル																																																									
2017102170	2020-09-27	2中京7		11.0	神戸新聞杯(GII)								和田竜二		芝2200				2:13.0	0.5		2-2-3-3	35.0-36.2	36.4	490(+6)				810.0	晴		18.0	6.0	11.0	23.5	4.0	4	56.0	良	**	**		コントレイル																																																									
2017102170	2020-10-25	4京都6		11.0	菊花賞(GI)								和田竜二		芝3000				3:06.2	0.7		5-5-3-2	36.8-35.6	36.1	484(-6)				1800.0	晴		18.0	4.0	8.0	51.6	7.0	4	57.0	良	**	**		コントレイル																																																									
2017102170	2021-01-05	1中山1		11.0	日刊スポ賞中山金杯(GIII)								和田竜二		芝2000				2:02.0	1.1		10-10-9-12	37.0-35.0	35.4	492(+8)					曇		17.0	6.0	11.0	4.3	2.0	14	56.0	良	**	**		ヒシイグアス																																																									
2017102170	2021-03-21	1阪神12		11.0	阪神大賞典(GII)								和田竜二		芝3000				3:07.3	-0.9		4-4-4-3	37.3-37.4	36.9	502(+10)				6792.4	曇		13.0	5.0	6.0	10.3	3.0	1	56.0	重	**	**		(ユーキャンスマイル)																																																									
2017102170	2021-05-02	2阪神12		11.0	天皇賞(春)(GI)								和田竜二		芝3200				3:14.8	0.1		4-3-4-3	35.8-37.4	37.1	502(0)				6102.0	晴		17.0	6.0	12.0	3.6	1.0	2	58.0	良	**	**		ワールドプレミア																																																									
2017102170	2021-09-12	パリロンシャン			フォワ賞(GII)								Ｃ．デム		芝2400				2:31.82						計不							6.0		2.0		5.0	1	58.0	良				()																																																									
2017102170	2021-10-03	パリロンシャン			凱旋門賞(GI)								バルザロ		芝2400										計不							14.0		2.0	12.8	6.0	14	59.5	重																																																													
2017102170	2021-12-26	5中山8		11.0	有馬記念(GI)								和田竜二		芝2500				2:32.1	0.1		5-6-6-5	29.8-36.7	36.1	502(0)				12096.0	晴		16.0	3.0	5.0	20.9	5.0	2	57.0	良	**	**		エフフォーリア																																																									
2017102170	2022-03-20	1阪神12		11.0	阪神大賞典(GII)								和田竜二		芝3000				3:05.0	-0.1		6-7-6-5	37.6-35.5	34.6	510(+8)				6792.4	曇		13.0	7.0	11.0	1.2	1.0	1	57.0	良	**	**		(アイアンバローズ)																																																									
2017102170	2022-05-01	2阪神12		11.0	天皇賞(春)(GI)								和田竜二		芝3200				3:17.3	1.1		4-4-4-3	36.5-36.4	37.1	504(-6)				8108.0	晴		18.0	8.0	18.0	2.1	1.0	2	58.0	稍	**	**		タイトルホルダー																																																									
2017102170	2022-06-26	3阪神4		11.0	宝塚記念(GI)								和田竜二		芝2200				2:10.3	0.6		3-3-3-3	33.9-36.3	36.6	502(-2)				3000.0	晴		17.0	7.0	15.0	5.6	3.0	4	58.0	良	**	**		タイトルホルダー																																																									
2017102170	2022-10-02	パリロンシャン			凱旋門賞(GI)								川田将雅		芝2400										計不							20.0		6.0	27.1	10.0	18	59.5	重																																																													
2017102170	2022-12-25	5中山8		11.0	有馬記念(GI)								川田将雅		芝2500				2:33.6	1.2		3-3-2-2	30.0-35.9	36.8	504(0)					晴		16.0	8.0	16.0	37.3	8.0	8	57.0	良	**	**		イクイノックス																																																									
2017102170	2023-03-19	1阪神12		11.0	阪神大賞典(GII)								和田竜二		芝3000				3:06.6	0.5		2-2-2-2	38.6-34.4	34.7	514(+10)				670.0	晴		14.0	8.0	13.0	5.1	3.0	5	58.0	良	**	**		ジャスティンパレス																																																									
2017102170	2023-04-30	1京都4		11.0	天皇賞(春)(GI)								和田竜二		芝3200				3:16.5	0.4		5-4-3-2	35.0-35.3	35.6	504(-10)				8902.0	曇		17.0	4.0	7.0	22.5	5.0	2	58.0	稍	**	**		ジャスティンパレス																																																									
2017102170	2023-06-25	3阪神8		11.0	宝塚記念(GI)								和田竜二		芝2200				2:11.6	0.4		7-7-8-6	34.0-35.5	35.5	502(-2)				2200.0	曇		17.0	5.0	10.0	16.6	5.0	5	58.0	良	**	**		イクイノックス																																																									
2017102170	2023-10-09	2京都3		11.0	京都大賞典(GII)								和田竜二		芝2400				2:25.4	0.1		9-8-9-9	36.5-35.9	35.1	508(+6)				1714.2	曇		14.0	3.0	4.0	4.0	1.0	3	57.0	重	**	**		プラダリア																																																									
2017102170	2023-11-26	5東京8		12.0	ジャパンC(GI)								和田竜二		芝2400				2:23.6	1.8		6-6-6-6	35.5-36.5	34.7	494(-14)					曇		18.0	7.0	14.0	83.8	8.0	10	58.0	良	**	**		イクイノックス																																																									
2017102170	2023-12-24	5中山8		11.0	有馬記念(GI)								マーカン		芝2500				2:32.4	1.5		10-10-12-12	30.2-35.9	35.6	500(+6)					晴		16.0	3.0	6.0	47.4	9.0	15	58.0	良	**	**		ドウデュース																																																									
2017102170	2024-03-17	1阪神8		11.0	阪神大賞典(GII)								岩田望来		芝3000				3:08.1	1.3		3-3-3-3	37.6-35.1	36.1	510(+10)					曇		15.0	7.0	12.0	9.0	5.0	7	57.0	稍	**	**		テーオーロイヤル																																																									
2017102170	2024-04-28	3京都4		11.0	天皇賞(春)(GI)								幸英明		芝3200				3:14.6	0.4		2-2-2-1	36.6-35.3	35.6	508(-2)				5554.0	晴		17.0	3.0	6.0	27.5	6.0	3	58.0	良	**	**		テーオーロイヤル																																																									
2017102170	2024-06-23	4京都8		11.0	宝塚記念(GI)								幸英明		芝2200				2:12.9	0.9		5-5-8-5	35.6-34.5	35.2	508(0)					曇		13.0	4.0	5.0	25.4	8.0	7	58.0	重	**	**		ブローザホーン																																																									
2017102170	2024-10-06	5京都2		11.0	京都大賞典(GII)								幸英明		芝2400				2:22.9	0.0		4-4-3-2	34.4-35.0	34.8	516(+8)				2722.0	晴		11.0	6.0	7.0	9.9	4.0	2	57.0	良	**	**		シュヴァリエローズ																																																									
2017102170	2024-12-22	5中山8		11.0	有馬記念(GI)								幸英明		芝2500				2:33.3	1.5		3-2-2-3	31.4-35.2	36.7	502(-14)					晴		15.0	5.0	9.0	49.7	12.0	13	58.0	良	**	**		レガレイラ																																																									
2017103155	2019-10-19	4京都6		4.0	2歳新馬								幸英明		ダ1400				1:26.4	2.2		6-6	35.0-36.9	38.6	490(0)					曇		16.0	5.0	10.0	10.0	4.0	8	55.0	重	**	**		ジャスティンリーチ																																																									
2017103155	2019-11-09	5京都3		1.0	2歳未勝利								幸英明		ダ1400				1:26.0	1.3		7-6	35.4-37.4	38.1	492(+2)					晴		16.0	2.0	3.0	54.8	8.0	6	55.0	良	**	**		テーオーケインズ																																																									
2017103155	2020-03-08	1中京4		3.0	3歳未勝利								松若風馬		ダ1200				1:12.4	0.5		11-11	35.0-36.9	36.3	496(+4)				130.0	雨		13.0	6.0	9.0	2.3	1.0	3	56.0	不	**	**		タマノアドレ																																																									
2017103155	2020-05-24	3京都10		1.0	3歳未勝利								幸英明		ダ1400				1:25.9	0.0		4-4	35.2-38.4	38.0	492(-4)				510.0	晴		16.0	2.0	3.0	4.1	2.0	1	56.0	良	**	**		(メイショウマサカツ)																																																									
2017103155	2020-06-21	3阪神6		6.0	3歳以上1勝クラス								幸英明		ダ1400				1:25.0	0.1		2-2	34.5-38.2	38.2	490(-2)				76.0	晴		16.0	2.0	3.0	11.2	8.0	5	54.0	稍	**	**		アイタイ																																																									
2017103155	2020-09-21	2中京5		8.0	3歳以上1勝クラス								幸英明		ダ1400				1:26.6	2.2		13-11	34.3-37.5	38.6	492(+2)					晴		16.0	1.0	2.0	3.5	2.0	16	55.0	良	**	**		ゲンパチマイティー																																																									
2017103155	2020-10-17	4京都3		7.0	3歳以上1勝クラス								国分優作		ダ1400				1:23.6	0.3		1-1	35.0-36.5	36.8	500(+8)				190.0	雨		16.0	1.0	1.0	10.5	5.0	3	55.0	重	**	**		メイショウハリオ																																																									
2017103155	2020-10-31	4京都7		8.0	3歳以上1勝クラス								国分優作		ダ1400				1:25.3	1.5		13-11	34.7-37.1	37.4	500(0)					晴		16.0	3.0	6.0	11.0	5.0	10	55.0	良	**	**		デンコウリジエール																																																									
2017103155	2020-11-21	5阪神5		12.0	3歳以上1勝クラス								幸英明		ダ1200				1:13.3	1.4		1-1	34.7-37.2	38.6	500(0)					晴		16.0	1.0	1.0	10.4	4.0	6	56.0	良	**	**		サイクロトロン																																																									
2017103155	2020-12-05	6阪神1		7.0	3歳以上1勝クラス								幸英明		ダ1200				1:13.3	1.0		5-4	35.2-37.1	37.7	500(0)					晴		15.0	4.0	6.0	5.7	4.0	7	56.0	良	**	**		ジェットマックス																																																									
2017103155	2021-04-10	2阪神5		8.0	4歳以上1勝クラス								幸英明		ダ1400				1:24.6	0.4		1-1	35.0-37.4	37.8	490(-10)				300.0	晴		16.0	1.0	2.0	14.1	6.0	2	57.0	良	**	**		フェアレストアイル																																																									
2017103155	2021-05-02	2阪神12		7.0	4歳以上1勝クラス								幸英明		ダ1400				1:28.3	3.5		1-1	34.2-38.2	41.7	494(+4)					曇		9.0	1.0	1.0	1.9	1.0	9	57.0	稍	**	**		アマービレ																																																									
2017103155	2021-05-08	3中京1		8.0	4歳以上1勝クラス								国分優作		ダ1400				1:25.2	0.8		2-2	34.6-37.9	38.6	488(-6)					曇		12.0	5.0	6.0	6.1	3.0	6	57.0	稍	**	**		スリーコーズクライ																																																									
2017103155	2023-01-14	1中京5		8.0	4歳以上1勝クラス								国分優作		ダ1200				1:13.2	1.3		2-2	35.8-36.1	37.3	510(+22)					曇		14.0	6.0	9.0	55.8	11.0	11	58.0	重	**	**		ナムラフランク																																																									
2017103155	2023-02-04	1中京11		6.0	4歳以上1勝クラス								古川吉洋		ダ1200				1:14.2	1.3		3-3	35.1-37.8	38.9	508(-2)					晴		16.0	8.0	16.0	43.3	10.0	16	58.0	良	**	**		オステリア																																																									
2017103155	2023-02-26	1阪神6		7.0	4歳以上1勝クラス								国分恭介		ダ1200				1:13.5	0.4		5-4	34.6-38.5	38.3	504(-4)				120.0	曇		15.0	2.0	3.0	40.7	8.0	4	58.0	稍	**	**		プレイテシア																																																									
2017103155	2023-03-19	1阪神12		8.0	4歳以上1勝クラス								国分恭介		ダ1200				1:12.9	0.9		6-6	36.0-36.0	36.2	502(-2)					晴		15.0	8.0	15.0	15.1	6.0	6	58.0	重	**	**		ワセダタンク																																																									
2017103155	2023-10-04	園田		11.0	JRA交流円山川特別								西塚洸二		ダ1400				1:31.3	2.8		3-3-3-4		41.0	501(-1)					晴		9.0	3.0	3.0	10.5	6.0	6	53.0	稍	**	**		サイレンスタイム																																																									
2017103155	2023-10-22	4新潟4		6.0	3歳以上1勝クラス								鷲頭虎太		ダ1200				1:12.0	1.3		12-12	33.6-37.1	36.8	502(+1)					晴		14.0	5.0	8.0	25.2	8.0	7	55.0	重	**	**		ワイアウ																																																									
2017103155	2023-10-29	4新潟6		8.0	3歳以上1勝クラス								西塚洸二		ダ1200				1:11.0	0.4		3-3	34.6-36.0	36.2	502(0)				200.0	雨		11.0	7.0	8.0	16.0	9.0	3	55.0	不	**	**		カゲマル																																																									
2017103155	2023-12-09	4中京3		6.0	3歳以上1勝クラス								小沢大仁		ダ1200				1:13.1	0.7		2-3	34.4-38.0	38.6	498(-4)				320.0	晴		16.0	4.0	8.0	52.3	11.0	2	57.0	良	**	**		ストリンジェンド																																																									
2017103155	2024-03-17	1中京4		12.0	4歳以上1勝クラス								西塚洸二		ダ1200				1:11.8	0.0		1-1	34.6-37.2	37.2	500(+2)				200.0	小雨		16.0	1.0	2.0	10.7	6.0	3	56.0	良	**	**		パスカリ																																																									
2017103155	2024-04-06	2阪神5		8.0	4歳以上1勝クラス								田口貫太		ダ1200				1:12.2	0.6		1-1	34.9-36.7	37.3	500(0)				120.0	晴		16.0	1.0	1.0	7.6	4.0	4	57.0	稍	**	**		カミーロ																																																									
2017103155	2024-09-21	3中京6		9.0	3歳以上1勝クラス								幸英明		ダ1200				1:12.0	0.7		2-2	34.4-36.9	37.4	500(0)				320.0	晴		13.0	5.0	8.0	4.9	2.0	2	58.0	良	**	**		アメリカンチケット																																																									
2017103155	2024-10-13	5京都4		9.0	3歳以上1勝クラス								幸英明		ダ1200				1:13.1	1.2		6-6	34.0-37.9	38.2	500(0)					晴		14.0	8.0	13.0	11.4	6.0	11	58.0	良	**	**		メイショウタイゲイ																																																									
2017103155	2024-12-07	4中京3		8.0	3歳以上1勝クラス								小沢大仁		ダ1200				1:12.3	0.2		3-3	35.4-36.7	36.7	506(+6)				80.0	曇		15.0	1.0	1.0	15.3	5.0	5	57.0	良	**	**		カツラノキサノキ																																																									
2017103155	2024-12-22	7京都8		7.0	3歳以上1勝クラス								小沢大仁		ダ1200				1:13.1	0.2		8-8	35.5-37.4	37.1	504(-2)				120.0	晴		16.0	8.0	16.0	28.3	8.0	4	57.0	良	**	**		ヤマカツパトリシア																																																									
2017103155	2025-01-11	1中京3		4.0	4歳以上1勝クラス								小沢大仁		ダ1400				1:26.4	0.9		2-2	34.8-38.6	39.5	500(-4)					晴		16.0	7.0	13.0	10.1	5.0	9	57.0	良	**	**		ダミエ																																																									
2017103155	2025-03-22	2中京3		12.0	4歳以上1勝クラス								国分恭介		ダ1200				1:12.2	0.8		6-5	34.8-36.6	36.8	506(+6)					晴		16.0	5.0	9.0	10.8	5.0	6	58.0	良	**	**		ヨシノヤッタルデー																																																									
2017103155	2025-04-12	2阪神5		8.0	4歳以上1勝クラス								古川吉洋		ダ1200				1:13.8	0.9		3-3	34.7-38.2	38.8	504(-2)					晴		16.0	4.0	8.0	22.8	10.0	11	58.0	良	**	**		シリウス																																																									
2017103155	2025-04-27	1福島6		12.0	4歳以上1勝クラス								小沢大仁		ダ1150				1:10.5	1.7		3-3	32.0-36.8	38.3	510(+6)					晴		12.0	8.0	11.0	11.2	6.0	9	58.0	良	**	**		グランファラオ																																																									
2017103155	2025-06-29	2小倉2		8.0	3歳以上1勝クラス								国分優作		ダ1000				0:59.1	1.2		7-6	34.0-35.4	35.9	498(-12)					晴		14.0	4.0	6.0	93.3	10.0	6	58.0	良	**	**		ディーエスショウマ																																																									
2017103155	2025-07-12	2小倉5		12.0	3歳以上1勝クラス								小沢大仁		芝1200				1:09.7	1.2		9-12	33.0-35.5	36.1	500(+2)					晴		17.0	3.0	5.0	131.1	14.0	15	58.0	良	**	**		シュブロンレーヴル																																																									
2017103155	2025-07-20	2小倉8		6.0	3歳以上1勝クラス								国分優作		ダ1000				0:58.9	1.5		6-8	33.7-35.0	35.9	502(+2)					晴		9.0	6.0	6.0	36.5	8.0	7	58.0	良	**	**		ペイシャヴァルツー																																																									
2017103155	2025-10-18	4新潟1		8.0	3歳以上1勝クラス								鷲頭虎太		ダ1200				1:12.3	0.6		5-5	33.8-37.9	37.9	506(+4)					曇		15.0	8.0	14.0	38.3	9.0	6	56.0	良	**	**		ミッキーマカパ																																																									
2017103155	2025-11-16	3福島4		8.0	3歳以上1勝クラス								鷲頭虎太		ダ1150				1:10.7	1.2		12-14	31.6-37.9	38.4	510(+4)					晴		16.0	6.0	12.0	75.0	14.0	14	56.0	良	**	**		ディニトーソ																																																									
2017103155	2025-12-06	5中京1		2.0	3歳以上1勝クラス								鷲頭虎太		ダ1200				1:13.8	1.9		1-1	35.1-36.8	38.7	508(-2)					晴		13.0	1.0	1.0	21.8	9.0	8	56.0	良	**	**		セルヴァンス																																																									
2017103184	2020-02-08	2京都3		6.0	3歳新馬								古川吉洋		ダ1800				1:56.1	0.2		3-3-2-1	37.4-38.4	38.5	466(0)				240.0	晴		16.0	8.0	15.0	3.2	1.0	2	56.0	良	**	**		トレジャーシップ																																																									
2017103184	2020-02-29	1阪神1		3.0	3歳未勝利								古川吉洋		ダ1800				1:55.3	0.3		4-4-3-3	37.6-37.8	37.9	468(+2)				200.0	曇		10.0	7.0	7.0	2.3	2.0	2	56.0	稍	**	**		ハンメルフェスト																																																									
2017103184	2020-03-21	1阪神8		3.0	3歳未勝利								幸英明		ダ1800				1:55.7	-0.4		2-2-4-4	37.9-39.3	38.8	462(-6)				510.0	晴		13.0	4.0	4.0	1.7	1.0	1	56.0	良	**	**		(ロッシュローブ)																																																									
2017103184	2020-07-25	2新潟1		8.0	3歳以上1勝クラス								幸英明		ダ1800				1:52.0	0.2		7-7-7-7	35.5-38.1	37.7	460(-2)				190.0	曇		15.0	4.0	6.0	7.4	4.0	3	54.0	稍	**	**		フレイムウィングス																																																									
2017103184	2020-08-16	2小倉2		8.0	3歳以上1勝クラス								幸英明		ダ1700				1:46.5	0.6		3-5-4-3	30.1-37.6	37.9	456(-4)				110.0	晴		14.0	3.0	4.0	2.5	2.0	4	54.0	良	**	**		マックス																																																									
2017103184	2020-09-06	2小倉8		12.0	3歳以上1勝クラス								幸英明		ダ1700				1:44.6	1.4		11-10-12-12	30.1-35.7	36.2	454(-2)					雨		15.0	3.0	5.0	5.9	2.0	6	54.0	重	**	**		スマートアリエル																																																									
2017103184	2020-10-03	2中京8		6.0	3歳以上1勝クラス								幸英明		ダ1800				1:54.7	2.4		8-8-4-4	37.8-36.7	38.8	456(+2)					曇		15.0	5.0	8.0	9.6	5.0	14	55.0	良	**	**		マテンロウスパーク																																																									
2017103184	2021-02-14	2小倉2		7.0	4歳以上1勝クラス								斎藤新		ダ1700				1:46.2	0.6		11-11-4-3	30.4-37.5	37.9	466(+10)				300.0	晴		11.0	6.0	7.0	4.9	2.0	2	55.0	良	**	**		オーヴァーネクサス																																																									
2017103184	2021-03-07	1阪神8		8.0	4歳以上1勝クラス								武豊		ダ1800				1:53.7	-0.5		6-6-6-5	37.6-37.5	36.8	466(0)				760.0	晴		9.0	3.0	3.0	3.5	2.0	1	57.0	稍	**	**		(ナムラゴロフキン)																																																									
2017103184	2021-04-03	2阪神3		12.0	4歳以上2勝クラス								斎藤新		ダ1800				1:53.2	1.3		14-14-14-6	37.1-37.3	37.9	466(0)					晴		14.0	4.0	5.0	9.6	5.0	7	56.0	良	**	**		ヴェルテックス																																																									
2017103184	2021-05-01	1新潟7		12.0	咲花特別(2勝クラス)								菅原明良		ダ1800				1:53.0	2.0		11-11-10-10	36.7-37.0	37.5	466(0)					小雨		13.0	5.0	6.0	12.3	4.0	7	57.0	稍	**	**		ゴールドパラディン																																																									
2017103184	2021-05-30	3中京8		9.0	香嵐渓特別(2勝クラス)								西村淳也		ダ1900				2:01.4	2.9		4-4-4-4	30.4-39.0	41.0	464(-2)					晴		16.0	7.0	14.0	34.0	9.0	8	57.0	良	**	**		ハヤブサナンデクン																																																									
2017103184	2023-01-09	1中京4		9.0	鳥羽特別(2勝クラス)								斎藤新		ダ1400				1:25.7	1.2		14-14	34.3-38.4	36.9	464(0)					晴		14.0	4.0	5.0	90.9	14.0	9	58.0	良	**	**		フォーチュンテラー																																																									
2017103184	2023-02-11	2小倉1		11.0	和布刈特別(2勝クラス)								幸英明		ダ1700				1:43.3	0.8		13-15-15-14	29.7-37.1	36.4	462(-2)					曇		15.0	4.0	7.0	21.9	7.0	6	58.0	不	**	**		メイショウジブリ																																																									
2017103184	2023-03-05	1阪神8		9.0	4歳以上2勝クラス								永島まな		ダ1800				1:55.3	1.0		12-11-12-11	37.2-38.3	37.6	456(-6)					晴		12.0	5.0	6.0	11.0	7.0	9	54.0	良	**	**		マリオロード																																																									
2017103184	2023-08-27	3小倉6		10.0	九州スポーツ杯(2勝クラス)								田口貫太		ダ1700				1:45.0	1.1		16-16-15-14	28.6-39.1	37.9	456(0)				395.0	晴		16.0	6.0	12.0	25.4	8.0	3	54.0	良	**	**		グラストンベリー																																																									
2017103184	2023-09-23	4阪神6		12.0	3歳以上2勝クラス								角田大河		ダ1800				1:54.0	1.4		14-14-10-8	36.9-38.1	38.6	456(0)					晴		16.0	7.0	13.0	62.0	9.0	8	57.0	稍	**	**		オーサムリザルト																																																									
2017103184	2023-10-22	4東京7		12.0	3歳以上2勝クラス								松岡正海		ダ1600				1:39.8	3.0		16-16	33.9-38.3	36.9	454(-2)					晴		16.0	6.0	11.0	59.0	12.0	15	58.0	良	**	**		オレデイイノカ																																																									
2017103184	2023-11-18	3京都5		9.0	蹴上特別(2勝クラス)								酒井学		ダ1800				1:52.6	0.3		13-13-14-14	35.7-37.8	37.1	458(+4)				230.0	晴		16.0	1.0	2.0	157.4	13.0	4	58.0	重	**	**		メイショウモズ																																																									
2017103184	2023-12-03	5阪神2		9.0	豊中特別(2勝クラス)								酒井学		ダ1800				1:54.4	0.3		5-5-6-4	38.0-38.3	38.1	458(0)				631.0	曇		16.0	7.0	13.0	40.1	9.0	2	58.0	良	**	**		ロードアヴニール																																																									
2017103184	2023-12-28	5阪神9		9.0	春待月賞(2勝クラス)								酒井学		ダ1800				1:54.3	0.8		8-8-11-11	36.5-39.4	38.7	462(+4)					晴		16.0	3.0	6.0	26.3	8.0	9	58.0	良	**	**		ショウナンライシン																																																									
2017103184	2024-02-10	2京都5		12.0	4歳以上2勝クラス								酒井学		ダ1900				1:59.7	0.5		8-8-8-8	29.7-37.6	37.5	460(-2)				290.0	曇		14.0	3.0	4.0	49.6	10.0	3	58.0	良	**	**		エクセスリターン																																																									
2017103184	2024-03-03	1阪神4		9.0	4歳以上2勝クラス								酒井学		ダ1800				1:54.1	1.2		8-10-10-10	37.5-37.7	38.0	462(+2)				114.0	晴		12.0	8.0	11.0	5.5	2.0	5	58.0	良	**	**		カネトシブルーム																																																									
2017103184	2024-04-07	2阪神6		8.0	宝塚市制70周年記念(2勝クラス)								西村淳也		ダ1800				1:53.7	1.7		9-9-10-10	36.8-37.3	37.8	458(-4)					晴		11.0	1.0	1.0	59.6	10.0	9	58.0	良	**	**		ハギノサステナブル																																																									
2017103184	2024-07-20	3小倉7		10.0	天草特別(2勝クラス)								Ｍ．デム		ダ1700				1:44.7	0.2		6-9-8-7	30.8-37.6	36.7	454(-4)				155.0	曇		16.0	3.0	6.0	69.9	12.0	5	58.0	重	**	**		シークレットキー																																																									
2017103184	2024-08-17	3新潟3		9.0	瀬波温泉特別(2勝クラス)								松岡正海		ダ1800				1:53.9	2.2		14-14-14-12	36.0-38.0	38.2	460(+6)					晴		15.0	5.0	9.0	35.7	7.0	9	58.0	良	**	**		ジャスパーロブスト																																																									
2017103184	2024-09-14	4中山3		9.0	松戸特別(2勝クラス)								丹内祐次		ダ2400				2:38.2	1.3		13-13-11-8	39.1-38.2	38.6	458(-2)					晴		16.0	2.0	3.0	23.5	8.0	7	58.0	良	**	**		ロードマゼラン																																																									
2017103184	2024-10-19	5京都5		9.0	北國新聞杯(2勝クラス)								Ｍ．デム		ダ1900				1:59.3	0.8		8-8-5-5	29.2-38.9	38.7	468(+10)					雨		12.0	7.0	10.0	26.7	7.0	6	55.0	稍	**	**		タイトニット																																																									
2017103184	2024-11-10	6京都4		7.0	3歳以上2勝クラス								団野大成		ダ1800				1:52.2	0.8		9-9-8-8	36.8-37.0	36.7	468(0)					晴		12.0	4.0	4.0	70.4	8.0	6	58.0	良	**	**		パシアンジャン																																																									
2017103184	2024-12-01	7京都2		9.0	聚楽第特別(2勝クラス)								団野大成		ダ1800				1:54.1	0.1		5-5-5-4	37.8-37.1	36.8	466(-2)				627.8	晴		11.0	5.0	5.0	12.1	5.0	2	58.0	良	**	**		サンライズパスカル																																																									
2017103184	2024-12-22	7京都8		9.0	クリスマスエルフ賞(2勝クラス)								丹内祐次		ダ1800				1:54.5	0.7		12-12-9-8	37.2-38.6	38.0	470(+4)					晴		16.0	2.0	4.0	15.3	6.0	6	58.0	良	**	**		タンゴバイラリン																																																									
2017103184	2025-01-25	1小倉1		10.0	企救丘特別(2勝クラス)								丸山元気		ダ1700				1:46.1	0.3		13-14-12-10	30.3-38.2	37.3	466(-4)					晴		16.0	1.0	1.0	20.5	8.0	6	58.0	良	**	**		ポワンキュルミナン																																																									
2017103184	2025-02-22	1京都7		12.0	4歳以上2勝クラス								池添謙一		ダ1800				1:54.8	1.6		13-14-13-13	37.4-37.0	37.3	470(+4)					晴		14.0	3.0	3.0	20.0	8.0	11	58.0	良	**	**		ウイニンググレイス																																																									
2017103184	2025-03-15	1阪神5		12.0	4歳以上2勝クラス								団野大成		ダ1800				1:56.0	0.4		7-8-7-7	39.3-36.4	36.2	464(-6)				114.0	小雨		10.0	7.0	7.0	24.0	7.0	5	58.0	良	**	**		シャンデルナゴル																																																									
2017103184	2025-06-22	3阪神6		12.0	3歳以上2勝クラス								松若風馬		ダ1800				1:54.4	1.3		11-11-12-12	36.2-38.5	38.8	460(-4)					晴		15.0	6.0	10.0	101.0	11.0	11	58.0	良	**	**		アウトドライブ																																																									
2017103184	2025-07-05	2小倉3		10.0	TAインディア賞(2勝クラス)								団野大成		ダ1700				1:47.3	0.7		9-8-7-6	30.6-37.2	37.4	460(0)				230.0	晴		11.0	4.0	4.0	39.6	8.0	4	58.0	良	**	**		メイショウズイウン																																																									
2017103184	2025-07-26	1札幌1		12.0	桑園特別(2勝クラス)								斎藤新		ダ1700				1:46.5	1.3		5-6-5-5	30.8-36.5	37.2	458(-2)					小雨		14.0	5.0	7.0	90.4	12.0	7	58.0	良	**	**		ワイドブリザード																																																									
2017103184	2025-09-07	2札幌6		9.0	旭川特別(2勝クラス)								斎藤新		ダ1700				1:46.2	0.9		13-13-13-12	30.0-37.5	36.4	468(+10)				155.0	晴		14.0	7.0	11.0	40.9	11.0	5	58.0	稍	**	**		トーセンサウダージ																																																									
2017103184	2025-09-20	4阪神6		12.0	3歳以上2勝クラス								西村淳也		ダ1800				1:53.5	1.4		12-11-11-10	37.3-37.9	38.3	460(-8)				114.0	曇		16.0	2.0	4.0	66.5	11.0	5	58.0	良	**	**		カミノレアル																																																									
2017103184	2025-12-13	5阪神3		10.0	赤穂特別(2勝クラス)								吉村誠之		ダ2000				2:06.8	1.8		10-12-13-10	35.5-37.1	37.7	468(+8)					晴		14.0	7.0	12.0	101.5	12.0	11	58.0	良	**	**		ポルポラジール																																																									
2017103184	2025-12-28	5阪神8		8.0	3歳以上2勝クラス								斎藤新		ダ1800				1:53.6	0.7		11-11-11-10	36.7-38.3	37.5	466(-2)					晴		13.0	7.0	11.0	134.6	12.0	7	58.0	良	**	**		ゴールドダイアー																																																									
2017103184	2026-01-18	1京都7		10.0	大津特別(2勝クラス)								団野大成		ダ1800				1:54.2	0.6		13-13-12-12	37.5-37.4	36.9	466(0)																																																													晴		16.0	8.0	15.0	155.0	12.0	6	58.0	良	**	**		バッケンレコード	202608010710
2017103656	2019-09-29	4阪神9		5.0	2歳新馬								中谷雄太		芝1600				1:37.2	2.3		8-6	35.0-35.7	37.4	454(0)					晴		18.0	8.0	16.0	15.8	6.0	16	54.0	良	**	**		インザムード																																																									
2017103656	2019-10-14	4京都5		2.0	2歳未勝利								川須栄彦		芝1800				1:50.8	1.5		5-4	36.6-35.1	36.4	448(-6)				50.0	小雨		11.0	2.0	2.0	38.7	5.0	5	55.0	稍	**	**		コルテジア																																																									
2017103656	2019-11-03	5京都2		4.0	2歳未勝利								川須栄彦		芝2000				2:04.0	2.9		2-2-2-2	36.3-35.6	38.4	444(-4)					曇		10.0	5.0	5.0	102.3	9.0	10	55.0	良	**	**		ディープボンド																																																									
2017103656	2020-05-24	3京都10		1.0	3歳未勝利								池添謙一		ダ1400				1:27.4	1.5		2-2	35.2-38.4	39.8	446(+2)					晴		16.0	3.0	6.0	35.5	10.0	11	56.0	良	**	**		トモジャアルマンド																																																									
2017103656	2020-06-14	1函館2		3.0	3歳未勝利								藤岡康太		ダ1000				0:59.6	0.3		7-6	34.2-36.6	35.8	442(-4)				77.0	曇		12.0	5.0	5.0	91.0	11.0	4	56.0	良	**	**		ナイトコマンダー																																																									
2017103656	2020-06-21	1函館4		2.0	3歳未勝利								藤岡康太		ダ1000				1:00.0	0.0		6-5	35.1-36.7	36.3	444(+2)				130.0	晴		12.0	4.0	4.0	3.9	2.0	3	56.0	良	**	**		デルマラピスラズリ																																																									
2017103656	2020-07-05	2函館2		3.0	3歳未勝利								藤岡康太		ダ1000				1:00.2	0.7		3-4	34.8-36.4	37.0	452(+8)				77.0	曇		11.0	8.0	10.0	5.4	3.0	4	56.0	良	**	**		カクシン																																																									
2017103656	2020-07-19	2函館6		3.0	3歳未勝利								藤岡康太		ダ1000				0:59.7	0.6		5-6	35.1-36.0	36.2	454(+2)				200.0	小雨		12.0	8.0	11.0	9.8	4.0	2	56.0	良	**	**		ケイアイメープル																																																									
2017103656	2020-08-01	1札幌3		3.0	3歳未勝利								藤岡康太		ダ1000				0:59.8	0.8		9-6	35.0-35.7	35.5	450(-4)					晴		12.0	5.0	5.0	3.9	1.0	6	56.0	良	**	**		タマモゼーゼマン																																																									
2017103656	2020-09-02	門別		8.0	ヒヤデス特別(C1)								坂井瑠星		ダ1200				1:15.4	1.6		4-3		40.0	438(-12)				4.2	曇		9.0	5.0	5.0	2.4	1.0	5	56.0	稍	**	**		サンライズミリオン																																																									
2017103656	2020-10-13	門別		9.0	静内軽種馬生産振興会(C1)								石川倭		ダ1200				1:15.0	-0.1		3-2		38.5	452(+14)				45.0	曇		10.0	8.0	10.0	3.1	3.0	1	56.0	重	**	**		(カグラハヤテ)																																																									
2017103656	2020-10-28	門別		12.0	キタサンミカヅキ賞(B3)								阿部龍		ダ1200				1:13.3	0.6		7-6		37.4	456(+4)				8.3	晴		8.0	4.0	4.0	8.8	4.0	3	56.0	重	**	**		スパニエル																																																									
2017103656	2020-12-04	船橋		8.0	馬い!?菊池水田ごぼ(C1)								張田昂		ダ1600				1:42.8	0.5		5-4-4-3	38.0-38.5	38.7	445(-11)				60.0	晴		14.0	6.0	9.0	13.3	6.0	2	56.0	稍	**	**		ジャックフォンテン																																																									
2017103656	2020-12-21	浦和		11.0	暮来月特別(C1)								張田昂		ダ1500				1:36.5	-0.2		7-6-5-2	30.6-39.5	38.9	452(+7)				160.0	晴		11.0	6.0	7.0	3.0	2.0	1	56.0	良	**	**		(ヴォルターウルフ)																																																									
2017103656	2021-05-08	3中京1		8.0	4歳以上1勝クラス								川須栄彦		ダ1400				1:24.9	0.5		6-6	34.6-37.9	37.9	442(-10)				110.0	曇		12.0	7.0	10.0	59.9	10.0	4	57.0	稍	**	**		スリーコーズクライ																																																									
2017103656	2021-05-22	3中京5		8.0	4歳以上1勝クラス								川須栄彦		ダ1400				1:24.4	1.1		5-5	34.3-37.2	38.0	436(-6)					曇		16.0	3.0	6.0	14.1	5.0	10	57.0	重	**	**		ヴァクストゥーム																																																									
2017103656	2021-10-31	4阪神8		6.0	3歳以上1勝クラス								太宰啓介		ダ1400				1:25.0	0.2		11-12	34.7-37.7	37.1	432(-4)				300.0	曇		16.0	3.0	5.0	90.1	13.0	2	57.0	良	**	**		ワキノクイーン																																																									
2017103656	2022-06-05	4中京2		8.0	3歳以上1勝クラス								川須栄彦		ダ1400				1:24.8	0.9		7-7	35.0-36.8	37.1	438(+6)					曇		15.0	4.0	6.0	59.9	10.0	8	57.0	良	**	**		モズリッキー																																																									
2017103656	2022-07-03	3小倉2		12.0	3歳以上1勝クラス								川須栄彦		ダ1700				1:46.4	1.0		5-4-4-4	29.8-39.0	39.5	438(0)				190.0	晴		13.0	8.0	12.0	10.1	5.0	3	57.0	良	**	**		キングズソード																																																									
2017103656	2022-08-20	4小倉3		8.0	3歳以上1勝クラス								川須栄彦		ダ1700				1:47.1	1.7		3-3-2-2	30.0-36.7	38.2	432(-6)					晴		15.0	8.0	16.0	46.0	9.0	11	57.0	稍	**	**		ジャズブルース																																																									
2017103656	2022-09-10	5中京1		7.0	3歳以上1勝クラス								川須栄彦		ダ1200				1:10.9	1.5		3-3	34.3-35.1	36.4	440(+8)					晴		11.0	7.0	8.0	11.5	6.0	6	57.0	不	**	**		クレア																																																									
2017103656	2022-11-26	5阪神7		7.0	3歳以上1勝クラス								池添謙一		ダ1200				1:12.4	0.5		8-9	35.2-36.7	36.4	450(+10)				77.0	曇		15.0	6.0	11.0	18.5	7.0	5	57.0	稍	**	**		クレド																																																									
2017103656	2022-12-10	6阪神3		8.0	3歳以上1勝クラス								川須栄彦		ダ1200				1:13.2	2.1		11-12	35.3-35.8	36.7	446(-4)					晴		13.0	3.0	3.0	34.3	8.0	11	57.0	良	**	**		サトノテンペスト																																																									
2017103656	2023-03-19	1阪神12		8.0	4歳以上1勝クラス								川須栄彦		ダ1200				1:13.4	1.4		6-6	36.0-36.0	36.8	440(-6)					晴		15.0	2.0	3.0	29.5	9.0	7	58.0	重	**	**		ワセダタンク																																																									
2017103656	2023-04-09	2阪神6		6.0	4歳以上1勝クラス								川須栄彦		ダ1200				1:12.8	0.0		8-8	35.2-37.6	36.8	438(-2)				320.0	晴		13.0	6.0	9.0	80.6	11.0	2	58.0	稍	**	**		エバニスタ																																																									
2017103656	2023-04-22	1京都1		7.0	4歳以上1勝クラス								川須栄彦		ダ1200				1:12.9	0.6		2-2	35.9-36.4	36.9	434(-4)				320.0	晴		13.0	8.0	12.0	14.2	7.0	2	58.0	良	**	**		ルアル																																																									
2017103656	2023-05-20	1京都9		8.0	4歳以上1勝クラス								川須栄彦		ダ1200				1:14.9	2.2		6-5	36.0-36.7	38.3	438(+4)					晴		16.0	5.0	10.0	10.9	5.0	12	58.0	稍	**	**		ステラフィオーレ																																																									
2017103656	2023-07-23	3中京8		12.0	3歳以上1勝クラス								川須栄彦		ダ1400				1:25.3	1.0		4-4	34.5-37.8	38.4	432(-6)				80.0	晴		16.0	6.0	12.0	73.8	11.0	5	58.0	良	**	**		ゴッドブルービー																																																									
2017103656	2023-09-10	4阪神2		6.0	3歳以上1勝クラス								川須栄彦		ダ1200				1:13.6	0.7		4-4	35.4-37.5	37.7	440(+8)				80.0	晴		12.0	4.0	4.0	11.0	5.0	5	58.0	良	**	**		アイファーリンクス																																																									
2017103656	2023-09-23	4阪神6		9.0	3歳以上1勝クラス								川須栄彦		ダ1200				1:12.9	1.3		5-5	34.0-37.6	38.1	440(0)					晴		15.0	3.0	6.0	53.2	9.0	9	58.0	稍	**	**		ディキシーガンナー																																																									
2017103656	2023-11-11	3京都3		7.0	3歳以上1勝クラス								川須栄彦		ダ1200				1:13.8	2.0		16-16	34.6-37.2	37.2	442(+2)					曇		16.0	5.0	9.0	86.3	13.0	10	58.0	重	**	**		インヒズアイズ																																																									
2017103656	2024-01-13	1京都4		8.0	4歳以上1勝クラス								川須栄彦		ダ1200				1:13.5	0.9		8-7	35.3-37.3	37.3	446(+4)					曇		16.0	3.0	5.0	61.5	8.0	8	58.0	良	**	**		ツークフォーゲル																																																									
2017103656	2024-02-25	1阪神2		12.0	4歳以上1勝クラス								松若風馬		ダ1200				1:11.4	0.4		3-2	34.6-36.4	36.4	444(-2)				320.0	小雨		15.0	4.0	7.0	94.1	12.0	2	58.0	不	**	**		サクハル																																																									
2017103656	2024-03-23	1中京5		12.0	4歳以上1勝クラス								団野大成		ダ1200				1:12.1	2.2		2-2	34.0-35.9	37.9	444(0)					曇		16.0	2.0	4.0	9.4	4.0	12	58.0	重	**	**		リッキーヤスオカ																																																									
2017103656	2024-04-27	3京都3		8.0	4歳以上1勝クラス								松若風馬		ダ1200				1:12.8	0.4		5-4	35.1-37.3	37.2	440(-4)				120.0	曇		14.0	3.0	3.0	26.4	7.0	4	58.0	良	**	**		サンガネーブ																																																									
2017103656	2024-06-30	3小倉2		7.0	3歳以上1勝クラス								松若風馬		ダ1000				0:58.1	1.2		10-11	33.1-34.8	34.6	434(-6)					曇		14.0	8.0	13.0	30.7	8.0	9	58.0	重	**	**		プリンセスカレン																																																									
2017103656	2024-08-25	2中京6		12.0	3歳以上1勝クラス								小沢大仁		ダ1200				1:13.0	1.4		13-12	34.5-37.1	37.4	434(0)					曇		15.0	6.0	11.0	80.9	11.0	10	57.0	良	**	**		スターターン																																																									
2017103656	2024-10-13	5京都4		9.0	3歳以上1勝クラス								川須栄彦		ダ1200				1:12.2	0.3		10-10	34.0-37.9	36.6	442(+8)				200.0	晴		14.0	4.0	6.0	127.6	13.0	3	58.0	良	**	**		メイショウタイゲイ																																																									
2017103656	2024-11-09	6京都3		7.0	3歳以上1勝クラス								川須栄彦		ダ1200				1:12.7	1.5		11-10	34.9-36.3	36.3	444(+2)					晴		16.0	5.0	10.0	58.7	9.0	13	58.0	良	**	**		クリノオリーブ																																																									
2017103656	2024-12-22	7京都8		7.0	3歳以上1勝クラス								川須栄彦		ダ1200				1:13.5	0.6		8-8	35.5-37.4	37.5	446(+2)					晴		16.0	6.0	12.0	85.1	12.0	6	58.0	良	**	**		ヤマカツパトリシア																																																									
2017103656	2025-02-10	1京都3		12.0	4歳以上1勝クラス								川須栄彦		ダ1200				1:13.2	0.7		5-5	35.1-37.4	37.5	440(-6)				120.0	晴		16.0	6.0	12.0	24.1	11.0	4	58.0	良	**	**		エコロネオ																																																									
2017103656	2025-03-08	1阪神3		8.0	4歳以上1勝クラス								川須栄彦		ダ1200				1:14.4	1.6		7-7	35.4-37.4	38.2	442(+2)					曇		16.0	3.0	5.0	22.0	8.0	9	58.0	良	**	**		プロテア																																																									
2017103656	2025-04-12	2阪神5		8.0	4歳以上1勝クラス								中井裕二		ダ1200				1:13.8	0.9		6-6	34.7-38.2	38.6	442(0)					晴		16.0	3.0	6.0	94.5	12.0	10	58.0	良	**	**		シリウス																																																									
2017103656	2025-05-18	高知		1.0	C1ー7								永森大智		ダ1300				1:21.2	0.4		1-1-1-1		37.9	437(-5)				36.0	曇		10.0	6.0	6.0	2.3	1.0	2	57.0	不	**	**		モリデンアロー																																																									
2017104086	2019-09-21	4阪神6		5.0	2歳新馬								池添謙一		芝1600				1:38.0	0.8		3-3	37.1-34.1	34.7	450(0)					曇		15.0	2.0	2.0	58.4	9.0	10	54.0	良	**	**		ロータスランド																																																									
2017104086	2019-11-23	5京都7		2.0	2歳未勝利								浜中俊		芝1400				1:23.6	0.4		2-2	35.3-35.8	36.1	446(-4)					晴		18.0	3.0	6.0	43.2	14.0	7	54.0	良	**	**		グリンデルヴァルト																																																									
2017104086	2019-12-07	5阪神3		3.0	2歳未勝利								国分優作		ダ1400				1:27.6	1.8		8-7	34.6-39.1	39.8	444(-2)					曇		14.0	2.0	2.0	25.7	6.0	9	54.0	良	**	**		マジックスピーチ																																																									
2017104086	2020-02-15	1小倉9		3.0	3歳未勝利								斎藤新		芝2000				2:03.9	0.6		13-13-10-8	36.2-37.7	37.4	434(-10)				200.0	曇		14.0	8.0	13.0	13.3	6.0	2	52.0	良	**	**		ラフダイヤモンド																																																									
2017104086	2020-02-22	1小倉11		5.0	3歳未勝利								川又賢治		芝2000				2:06.6	0.5		11-12-13-9	36.2-38.0	37.8	426(-8)				130.0	晴		15.0	3.0	5.0	12.6	8.0	3	53.0	重	**	**		ムーンショット																																																									
2017104086	2020-04-25	1福島5		2.0	3歳未勝利								池添謙一		芝1800				1:49.6	0.6		6-6-4-3	35.4-36.6	36.7	430(+4)					晴		16.0	8.0	16.0	6.7	3.0	6	54.0	良	**	**		ハクサンチコチャン																																																									
2017104086	2020-05-17	1新潟4		2.0	3歳未勝利								斎藤新		芝1800				1:49.0	0.3		6-6	36.2-35.8	35.6	438(+8)				200.0	曇		14.0	4.0	6.0	10.2	3.0	2	53.0	稍	**	**		アルマイナンナ																																																									
2017104086	2020-06-06	3阪神1		4.0	3歳未勝利								斎藤新		芝2000				2:02.5	0.4		6-6-5-6	36.6-34.5	34.5	440(+2)				77.0	晴		16.0	3.0	5.0	4.6	2.0	4	53.0	良	**	**		エールブラーヴ																																																									
2017104086	2020-06-21	3阪神6		2.0	3歳未勝利								斎藤新		芝2200				2:14.2	0.6		2-2-2-2	34.8-36.2	36.7	448(+8)				51.0	晴		18.0	7.0	14.0	3.9	2.0	5	53.0	良	**	**		エバーマノ																																																									
2017104086	2020-07-12	4阪神4		3.0	3歳未勝利								斎藤新		芝2000				2:05.5	0.8		3-3-3-4	37.8-36.7	37.3	440(-8)				200.0	晴		16.0	1.0	1.0	6.7	3.0	2	53.0	稍	**	**		タンジェリンムーン																																																									
2017104086	2020-08-08	2新潟5		7.0	3歳未勝利								斎藤新		芝2000				2:01.5	-0.1		3-2-2-2	35.7-36.4	36.1	444(+4)				510.0	雨		18.0	1.0	1.0	6.1	3.0	1	53.0	稍	**	**		(キタノポケット)																																																									
2017104086	2020-08-22	2小倉3		10.0	宮崎特別(2勝クラス)								鮫島克駿		芝1800				1:47.7	1.2		4-4-5-5	35.8-35.8	35.4	442(-2)					晴		11.0	2.0	2.0	8.0	5.0	7	52.0	良	**	**		アドマイヤジョラス																																																									
2017104086	2020-10-11	4新潟2		10.0	松浜特別(1勝クラス)								斎藤新		芝2000				2:02.1	1.5		5-3	37.0-34.2	35.4	440(-2)					晴		10.0	2.0	2.0	5.3	4.0	7	53.0	良	**	**		ルヴェルソー																																																									
2017104086	2020-11-01	3福島2		9.0	3歳以上1勝クラス								斎藤新		芝2000				2:01.5	0.7		8-7-10-7	35.0-35.8	35.9	438(-2)					曇		16.0	5.0	10.0	22.3	9.0	8	52.0	良	**	**		マスターワーク																																																									
2017104086	2021-02-27	2小倉5		10.0	日田特別(1勝クラス)								斎藤新		芝2000				2:04.1	0.7		6-9-8-8	37.9-35.6	35.4	440(+2)					曇		13.0	6.0	9.0	24.0	7.0	7	54.0	稍	**	**		ジャルジェ																																																									
2017104086	2021-03-27	2中京5		7.0	4歳以上1勝クラス								永島まな		芝2000				2:01.6	1.2		6-8-7-8	36.4-34.8	35.1	456(+16)					晴		18.0	2.0	4.0	16.9	6.0	9	51.0	良	**	**		ステラドーロ																																																									
2017104086	2021-04-10	2阪神5		7.0	4歳以上1勝クラス								団野大成		ダ1800				1:54.4	1.8		4-4-5-3	37.9-36.8	38.3	456(0)				76.0	晴		11.0	2.0	2.0	10.2	5.0	5	55.0	良	**	**		ラフリッグフェル																																																									
2017104086	2021-08-07	3新潟5		8.0	3歳以上1勝クラス								角田大和		芝2000				2:00.5	1.9		6-5	36.0-34.1	35.6	456(0)					晴		16.0	6.0	11.0	92.6	16.0	15	52.0	良	**	**		ミスフィガロ																																																									
2017104086	2021-09-04	4小倉7		12.0	3歳以上1勝クラス								松本大輝		ダ1700				1:46.0	1.2		5-5-6-7	29.8-37.2	37.7	458(+2)					曇		16.0	5.0	10.0	81.8	14.0	8	52.0	重	**	**		サンバデジャネイロ																																																									
2017104086	2021-09-18	5中京3		6.0	3歳以上1勝クラス								松本大輝		ダ1800				1:52.2	2.3		7-6-6-5	35.6-37.0	38.9	466(+8)					小雨		14.0	8.0	14.0	162.2	13.0	11	52.0	不	**	**		エイカイステラ																																																									
2017104086	2021-10-16	4阪神3		6.0	3歳以上1勝クラス								川須栄彦		ダ1400				1:25.4	0.9		3-4	35.0-37.2	37.8	466(0)				190.0	晴		11.0	1.0	1.0	48.3	8.0	3	55.0	良	**	**		ディアノイア																																																									
2017104086	2021-10-31	5新潟8		6.0	3歳以上1勝クラス								小沢大仁		ダ1200				1:12.3	1.0		7-7	34.0-37.3	37.4	460(-6)					晴		15.0	7.0	13.0	10.1	5.0	9	52.0	良	**	**		エーアイダンサー																																																									
2017104086	2022-01-09	1中京3		4.0	4歳以上1勝クラス								松山弘平		ダ1400				1:25.9	0.4		3-2	34.9-38.0	38.2	468(+8)				120.0	晴		16.0	2.0	4.0	9.4	6.0	4	55.0	良	**	**		エコロマンボ																																																									
2017104086	2022-01-22	1中京7		12.0	4歳以上1勝クラス								池添謙一		ダ1400				1:25.8	1.3		6-4	35.4-36.8	37.7	464(-4)					晴		13.0	5.0	7.0	25.0	7.0	8	55.0	良	**	**		キタノエクスプレス																																																									
2017104086	2022-02-26	1阪神5		7.0	4歳以上1勝クラス								川須栄彦		ダ1400				1:27.0	0.0		3-3	36.1-37.7	37.5	468(+4)				310.0	晴		16.0	7.0	14.0	6.6	4.0	2	55.0	良	**	**		メイショウマンサク																																																									
2017104086	2022-03-19	2中京3		6.0	4歳以上1勝クラス								川須栄彦		ダ1400				1:24.3	1.4		7-5	34.3-36.8	37.8	470(+2)					晴		16.0	5.0	10.0	16.1	7.0	8	55.0	重	**	**		ナンヨーアイボリー																																																									
2017104086	2022-05-07	3中京1		12.0	4歳以上1勝クラス								池添謙一		ダ1400				1:25.3	0.4		1-1	35.0-37.8	38.2	464(-6)				120.0	晴		10.0	2.0	2.0	2.5	1.0	4	55.0	良	**	**		メイショウミチノク																																																									
2017104086	2022-05-28	1新潟7		8.0	4歳以上1勝クラス								小沢大仁		ダ1200				1:12.4	0.1		5-4	34.3-38.0	37.7	456(-8)				190.0	晴		13.0	4.0	5.0	4.2	2.0	3	53.0	稍	**	**		ベラール																																																									
2017104086	2022-06-12	4中京4		7.0	3歳以上1勝クラス								小沢大仁		ダ1400				1:26.2	2.0		12-12	33.9-38.2	39.2	466(+10)					晴		16.0	1.0	1.0	24.2	8.0	13	53.0	良	**	**		シダー																																																									
2017104086	2022-09-17	5中京3		7.0	3歳以上1勝クラス								松本大輝		ダ1200				1:12.9	1.3		10-10	35.1-36.5	36.7	470(+4)					曇		14.0	4.0	6.0	37.5	8.0	8	53.0	良	**	**		メイショウヒヅクリ																																																									
2017104086	2022-10-10	4阪神3		7.0	3歳以上1勝クラス								松本大輝		ダ1200				1:11.9	1.1		6-6	34.5-36.3	36.8	478(+8)					曇		14.0	8.0	13.0	94.7	11.0	10	53.0	不	**	**		スリードレフォン																																																									
2017104086	2022-10-22	4阪神6		6.0	3歳以上1勝クラス								大久保友		ダ1800				1:56.2	2.4		9-8-7-7	37.8-38.4	40.0	480(+2)					晴		11.0	5.0	5.0	11.9	7.0	10	52.0	良	**	**		デルマセドナ																																																									
2017104086	2022-11-05	3福島1		9.0	土湯温泉特別(1勝クラス)								柴山雄一		芝2000				2:02.0	0.7		3-2-2-4	35.0-36.4	36.5	468(-12)					晴		15.0	7.0	12.0	120.6	13.0	9	55.0	良	**	**		アレグロモデラート																																																									
2017104086	2023-03-18	1阪神11		8.0	4歳以上1勝クラス								田口貫太		ダ1400				1:25.0	0.6		8-6	34.5-37.8	37.7	472(+4)					曇		13.0	8.0	13.0	43.9	12.0	9	53.0	不	**	**		リーベサンライズ																																																									
2017104086	2023-04-16	2阪神8		7.0	4歳以上1勝クラス								和田翼		ダ1200				1:12.4	1.2		6-10	34.5-36.7	36.9	472(0)					晴		13.0	1.0	1.0	65.6	10.0	6	56.0	重	**	**		ルシャリーブル																																																									
2017104086	2023-05-07	1京都6		8.0	4歳以上1勝クラス								和田翼		ダ1200				1:11.7	0.2		6-6	34.4-37.1	36.6	466(-6)				320.0	雨		16.0	1.0	2.0	57.4	11.0	2	56.0	不	**	**		ヴィゴラスダンサー																																																									
2017104086	2023-05-20	1京都9		8.0	4歳以上1勝クラス								和田翼		ダ1200				1:15.1	2.4		10-10	36.0-36.7	38.2	468(+2)					晴		16.0	5.0	9.0	43.6	9.0	13	56.0	稍	**	**		ステラフィオーレ																																																									
2017104086	2023-09-24	4阪神7		6.0	3歳以上1勝クラス								和田翼		ダ1400				1:27.1	1.8		4-8	35.1-37.6	38.9	474(+6)					晴		16.0	2.0	3.0	180.2	16.0	14	56.0	良	**	**		シモズル																																																									
2017104086	2023-10-21	4新潟3		8.0	3歳以上1勝クラス								和田翼		ダ1200				1:10.8	0.2		4-4	34.0-36.6	36.3	458(-16)				320.0	小雨		14.0	7.0	12.0	53.9	9.0	2	56.0	重	**	**		エランティス																																																									
2017104086	2023-11-11	3福島3		7.0	3歳以上1勝クラス								和田翼		ダ1150				1:10.3	1.1		14-12	31.6-37.6	37.3	452(-6)					晴		16.0	3.0	6.0	12.6	6.0	9	56.0	良	**	**		バスドラムガール																																																									
2017104086	2024-05-12	3京都8		8.0	4歳以上1勝クラス								吉村誠之		ダ1200				1:12.5	0.1		8-8	35.2-37.2	36.4	476(+24)				320.0	曇		12.0	7.0	9.0	13.4	6.0	2	53.0	良	**	**		ノットファウンド																																																									
2017104086	2024-05-19	3京都10		12.0	4歳以上1勝クラス								吉村誠之		ダ1200				1:12.7	0.1		5-5	35.5-37.1	36.8	476(0)				120.0	曇		16.0	2.0	3.0	4.9	3.0	4	53.0	良	**	**		スターペスカオリ																																																									
2017104086	2024-06-15	4京都5		12.0	3歳以上1勝クラス								吉村誠之		ダ1200				1:12.0	0.7		15-14	34.0-37.3	35.9	474(-2)					曇		16.0	8.0	16.0	32.6	9.0	6	53.0	良	**	**		インユアパレス																																																									
2017104086	2024-09-14	3中京3		7.0	3歳以上1勝クラス								吉村誠之		ダ1200				1:11.6	0.0		7-7	34.5-37.1	36.4	472(-2)				320.0	晴		15.0	8.0	15.0	7.1	3.0	2	53.0	良	**	**		ルージュシェノン																																																									
2017104086	2024-10-14	4新潟4		8.0	3歳以上1勝クラス								吉村誠之		ダ1200				1:11.9	0.7		5-5	34.4-36.8	36.6	464(-8)				120.0	晴		8.0	7.0	7.0	3.8	2.0	4	53.0	良	**	**		テイエムヒショウ																																																									
2017104086	2024-11-17	6京都6		6.0	3歳以上1勝クラス								吉村誠之		ダ1400				1:26.4	1.6		16-16	34.6-38.1	37.8	476(+12)					曇		16.0	6.0	11.0	14.1	8.0	11	54.0	良	**	**		ジョニール																																																									
2017104086	2024-12-08	4中京4		3.0	3歳以上1勝クラス								丸山元気		ダ1200				1:13.2	0.7		13-13	34.4-38.1	36.7	476(0)				80.0	晴		16.0	3.0	5.0	22.8	6.0	5	56.0	良	**	**		ゼンノツキヨミ																																																									
2017104086	2024-12-22	7京都8		7.0	3歳以上1勝クラス								柴田裕一		ダ1200				1:12.9	0.0		11-11	35.5-37.4	36.6	476(0)				800.0	晴		16.0	7.0	13.0	48.4	10.0	1	53.0	良	**	**		(ゴッドカインド)																																																									
2017104086	2025-04-19	3中山7		12.0	葛飾特別(2勝クラス)								菅原明良		ダ1200				1:13.3	0.9		14-15	35.2-37.2	36.9	466(-10)					晴		15.0	6.0	12.0	90.4	13.0	10	56.0	良	**	**		グレタ																																																									
2017104086	2025-05-10	2東京5		12.0	4歳以上2勝クラス								菅原明良		ダ1400				1:23.8	1.5		11-11	34.6-35.9	36.3	464(-2)					晴		16.0	3.0	6.0	96.7	13.0	13	56.0	重	**	**		イノセントキャット																																																									
2017104681	2020-01-12	1京都4	曇	6.0	3歳新馬		15.0	3.0	5.0	11.4	4.0	10	和田竜二	56.0	芝2000		良	**	2:07.3	2.0	**	11-10-12-10	37.7-35.9	36.1	456(0)			アルテフィーチェ																																																																								
2017104681	2020-02-29	1阪神1	曇	5.0	3歳未勝利		13.0	4.0	5.0	140.0	12.0	8	藤井勘一	56.0	芝2400		良	**	2:29.3	2.0	**	12-11-13-13	37.2-34.0	34.6	460(+4)			フライライクバード																																																																								
2017104681	2020-03-15	1阪神6	晴	5.0	3歳未勝利		11.0	5.0	5.0	31.4	8.0	5	西村淳也	55.0	芝2400		稍	**	2:29.8	1.8	**	8-8-6-4	35.8-36.6	37.9	462(+2)			ダンシングリッチー	51.0																																																																							
2017104681	2020-04-05	2阪神4	晴	4.0	3歳未勝利		18.0	7.0	15.0	224.3	12.0	8	川又賢治	55.0	芝2400		良	**	2:29.3	1.1	**	7-7-10-8	37.3-35.2	35.7	460(-2)			ダノンセレスタ																																																																								
2017104681	2020-05-03	1福島8	晴	6.0	3歳未勝利		16.0	6.0	11.0	21.1	7.0	1	川又賢治	55.0	芝2600		良	**	2:40.4	0.0	**	6-6-2-3	36.0-36.9	36.8	464(+4)			(パーディシャー)	510.0																																																																							
2017104681	2020-07-04	2福島1	曇	9.0	開成山特別(1勝クラス)		12.0	7.0	9.0	7.9	3.0	9	石橋脩	54.0	芝2600		重	**	2:43.5	1.4	**	4-4-3-5	38.4-36.7	37.5	468(+4)			リスペクト																																																																								
2017104681	2020-11-14	3福島5	晴	6.0	3歳以上1勝クラス		16.0	7.0	14.0	12.5	7.0	2	川又賢治	55.0	芝2600		良	**	2:40.9	0.3	**	6-6-4-5	37.4-36.7	36.5	470(+2)			ピースディオン	300.0																																																																							
2017104681	2021-01-17	1小倉2	晴	10.0	呼子特別(1勝クラス)		16.0	5.0	9.0	6.3	3.0	8	川又賢治	56.0	芝2600		良	**	2:40.6	1.5	**	9-9-11-13	36.6-35.6	36.3	468(-2)			エヒト																																																																								
2017104681	2021-01-31	1小倉6	晴	9.0	4歳以上1勝クラス		12.0	5.0	5.0	12.7	6.0	8	川又賢治	56.0	芝2600		良	**	2:41.6	1.2	**	3-3-2-2	36.2-36.8	37.9	466(-2)			マイネルコロンブス																																																																								
2017104681	2021-02-21	2小倉4	晴	9.0	4歳以上1勝クラス		8.0	4.0	4.0	5.6	4.0	2	高倉稜	56.0	芝2600		良	**	2:40.5	0.1	**	5-6-1-1	36.1-36.9	37.0	464(-2)			アスティ	300.0																																																																							
2017104681	2021-04-25	1新潟6	曇	10.0	雨飾山特別(1勝クラス)		16.0	7.0	13.0	8.9	6.0	8	斎藤新	57.0	芝2400		良	**	2:30.1	0.7	**	13-12-8-7	36.1-35.7	35.8	466(+2)			ベスビアナイト																																																																								
2017104681	2021-11-20	2福島5	晴	7.0	3歳以上1勝クラス		16.0	2.0	4.0	4.7	2.0	3	菅原明良	57.0	芝2600		良	**	2:41.8	0.2	**	5-5-4-3	38.0-36.7	36.6	468(+2)			ウインエアフォルク	190.0																																																																							
2017104681	2022-01-22	1小倉3	晴	8.0	4歳以上1勝クラス		11.0	5.0	5.0	4.0	1.0	6	藤岡康太	57.0	芝2600		良	**	2:40.7	1.3	**	8-8-9-9	37.1-35.4	35.6	466(-2)			マケルナマサムネ																																																																								
2017104681	2022-02-05	1小倉7	小雪	8.0	4歳以上1勝クラス		9.0	5.0	5.0	6.4	4.0	3	藤岡康太	57.0	芝2600		良	**	2:42.2	0.9	**	2-2-2-2	38.5-34.9	35.7	472(+6)			ショウサンイチマツ	190.0																																																																							
2017104681	2022-04-24	1福島4	曇	10.0	燧ヶ岳特別(1勝クラス)		16.0	3.0	6.0	4.4	2.0	1	菱田裕二	57.0	芝2600		良	**	2:41.4	-0.1	**	9-9-7-3	37.6-37.1	36.2	470(-2)			(スカイテラス)	1107.1																																																																							
2017104681	2022-07-17	2福島6	曇	10.0	信夫山特別(2勝クラス)		8.0	6.0	6.0	6.5	2.0	7	菅原明良	57.0	芝2600		良	**	2:46.1	1.9	**	5-6-7-7	39.5-35.0	35.8	470(0)			ブラックブロッサム																																																																								
2017104681	2022-08-20	2札幌3	曇	11.0	札幌日刊スポーツ杯(2勝クラス)		14.0	5.0	8.0	18.1	6.0	2	菱田裕二	54.0	芝2600		稍	**	2:44.6	0.2	**	7-7-4-3	38.0-37.9	37.7	480(+10)			ディナースタ	608.4																																																																							
2017104681	2022-11-06	3福島2	晴	10.0	三陸特別(2勝クラス)		15.0	4.0	7.0	4.4	2.0	5	西村淳也	55.0	芝2600		良	**	2:40.5	1.2	**	4-3-3-3	36.0-38.1	38.8	468(-12)			トラウンシュタイン	151.0																																																																							
2017104681	2022-11-26	5阪神7	晴	9.0	江坂特別(2勝クラス)		11.0	8.0	10.0	17.2	6.0	7	菱田裕二	57.0	芝2600		良	**	2:38.9	1.2	**	10-10-10-10	36.5-35.0	35.3	472(+4)			タイムオブフライト																																																																								
2017104681	2022-12-17	6阪神5	雨	9.0	赤穂特別(2勝クラス)		11.0	8.0	11.0	11.9	4.0	2	吉田隼人	57.0	ダ1800		稍	**	1:54.8	1.6	**	11-11-11-11	37.7-37.7	37.8	476(+4)			キングズソード	608.4																																																																							
2017104681	2023-01-09	1中山4	晴	9.0	成田特別(2勝クラス)		16.0	5.0	9.0	7.5	4.0	9	西村淳也	58.0	ダ2400		良	**	2:36.5	1.8	**	8-8-9-11	36.9-38.5	39.4	468(-8)			フジマサインパクト																																																																								
2017104681	2023-03-19	2中山8	晴	12.0	4歳以上2勝クラス		16.0	1.0	2.0	25.1	7.0	4	大野拓弥	58.0	ダ2400		重	**	2:33.7	0.4	**	9-9-5-8	38.2-38.5	38.4	470(+2)			ヒミノフラッシュ	170.0																																																																							
2017104681	2023-04-09	3中山6	晴	9.0	印西特別(2勝クラス)		16.0	4.0	7.0	16.8	5.0	8	大野拓弥	56.0	ダ2400		良	**	2:34.7	1.3	**	14-14-14-15	37.4-38.9	38.7	472(+2)			インディゴブラック																																																																								
2017104681	2023-09-16	4中山3	晴	9.0	松戸特別(2勝クラス)		16.0	7.0	14.0	32.4	8.0	13	戸崎圭太	58.0	ダ2400		良	**	2:37.3	3.2	**	11-11-11-15	37.5-40.1	41.0	470(-2)			レッドプロフェシー																																																																								
2017104681	2023-11-04	3福島1	曇	10.0	三陸特別(2勝クラス)		16.0	3.0	6.0	31.2	12.0	8	水口優也	56.0	芝2600		良	**	2:41.1	1.3	**	15-15-12-10	35.2-37.7	38.2	468(-2)			ダイム																																																																								
2017104681	2024-02-17	2小倉3	晴	10.0	皿倉山特別(2勝クラス)		16.0	6.0	12.0	104.5	15.0	6	藤懸貴志	58.0	芝2600		良	**	2:39.9	0.4	**	15-16-15-12	36.3-35.6	34.7	472(+4)			サトノクローク																																																																								
2017104681	2024-05-12	3京都8	曇	9.0	白川特別(2勝クラス)		7.0	7.0	7.0	34.3	6.0	7	菱田裕二	58.0	芝2400		良	**	2:29.0	1.3	**	3-3-3-3	37.6-33.5	34.5	466(-6)			メイショウゲキリン																																																																								
2017104681	2024-07-28	1札幌4	曇	9.0	阿寒湖特別(2勝クラス)		12.0	7.0	10.0	62.5	9.0	5	菱田裕二	58.0	芝2600		稍	**	2:41.7	0.8	**	10-10-10-10	36.2-36.5	36.4	474(+8)			アスターブジエ	155.0																																																																							
2017104681	2024-08-17	2札幌3	曇	11.0	札幌日刊スポーツ杯(2勝クラス)		14.0	3.0	3.0	68.5	14.0	9	菱田裕二	55.0	芝2600		良	**	2:41.7	1.2	**	13-13-13-14	37.9-36.0	36.1	480(+6)			フェミナフォルテ																																																																								
2017104681	2024-11-02	3福島1	雨	10.0	三陸特別(2勝クラス)		16.0	7.0	13.0	48.4	12.0	8	高杉吏麒	55.0	芝2600		重	**	2:47.5	1.5	**	15-15-13-10	39.2-37.9	38.2	466(-14)			ヴェルミセル																																																																								
2017104681	2025-01-26	1小倉2	晴	10.0	海の中道特別(2勝クラス)		16.0	6.0	12.0	136.3	14.0	11	菊沢一樹	58.0	芝2600		良	**	2:40.5	0.8	**	10-10-12-14	37.0-35.7	35.3	470(+4)			グランアルティスタ																																																																								
2017104681	2025-02-15	1東京5	晴	9.0	箱根特別(2勝クラス)		11.0	7.0	9.0	237.4	11.0	9	原優介	54.0	芝2400		良	**	2:26.3	1.3	**	11-11-11-11	37.3-34.3	34.7	478(+8)			シャイニングソード																																																																								
2017104681	2025-03-08	2中山3	曇	9.0	潮来特別(2勝クラス)		10.0	2.0	2.0	85.0	7.0	4	原優介	58.0	芝2500		良	**	2:38.2	1.3	**	6-7-7-6	32.7-34.8	35.5	480(+2)			サンライズソレイユ	230.0																																																																							
2017104681	2025-04-06	3中山4	小雨	9.0	安房特別(2勝クラス)		12.0	3.0	3.0	39.6	8.0	9	原優介	54.0	芝2500		良	**	2:34.2	1.7	**	11-10-9-12	30.5-35.1	36.1	484(+4)			レッドテリオス																																																																								
2017104681	2025-04-20	1福島4	曇	10.0	奥の細道特別(2勝クラス)		15.0	7.0	12.0	71.8	12.0	11	原優介	58.0	芝2600		良	**	2:42.6	0.9	**	14-12-12-11	39.1-35.6	35.5	482(-2)			キットハナガサク																																																																								
2017104681	2025-11-16	3福島4	晴	10.0	三陸特別(2勝クラス)		16.0	4.0	8.0	99.3	13.0	13	水沼元輝	58.0	芝2600		良	**	2:43.5	2.1	**	16-16-16-12	37.0-35.1	35.9	478(-4)			ローザサンリヴァル																																																																								
2017105433	2019-07-28	1札幌2		6.0	2歳新馬								ルメール		ダ1700				1:48.8	0.1		3-4-4-5	31.7-38.2	38.0	452(0)				280.0																																											晴		14.0	3.0	3.0	3.9	2.0	2	54.0	良	**	**		セラン															
2017105433	2019-08-10	1札幌5		1.0	2歳未勝利								ルメール		ダ1700				1:45.2	-0.3		4-3-2-1	29.4-37.8	37.7	456(+4)				500.0																																											曇		14.0	8.0	13.0	1.7	1.0	1	54.0	不	**	**		(フラーレン)															
2017105433	2019-12-08	5中山4		7.0	2歳1勝クラス								横山典弘		ダ1800				1:54.3	-0.1		4-5-4-3	37.6-38.5	38.2	480(+24)				720.0																																											晴		16.0	7.0	13.0	22.4	7.0	1	55.0	良	**	**		(フルデプスリーダー)															
2017105433	2020-02-23	1東京8		9.0	ヒヤシンスS(L)								ルメール		ダ1600				1:38.3	0.6		6-5	36.3-35.9	36.0	486(+6)				484.4																																											晴		14.0	6.0	10.0	6.0	3.0	3	56.0	良	**	**		カフェファラオ															
2017105433	2020-03-28	3中山1		10.0	伏竜S(OP)								岩田康誠		ダ1800				1:54.4	1.0		5-5-3-4	36.3-38.8	39.4	482(-4)																																															曇		13.0	1.0	1.0	4.3	2.0	7	56.0	良	**	**		ヘルシャフト															
2017105433	2020-05-24	3京都10		10.0	鳳雛S(L)								斎藤新		ダ1800				1:52.3	1.3		3-3-3-5	35.4-38.6	39.2	480(-2)																																															晴		16.0	7.0	14.0	35.4	11.0	9	56.0	良	**	**		ミヤジコクオウ															
2017105433	2020-07-11	2函館3		12.0	渡島特別(2勝クラス)								ルメール		ダ1700				1:45.8	0.8		7-7-7-8	30.1-37.4	37.6	472(-8)																																															曇		14.0	8.0	13.0	3.0	1.0	6	54.0	良	**	**		オメガレインボー															
2017105433	2020-07-19	2函館6		10.0	駒場特別(2勝クラス)								ルメール		ダ1700				1:45.3	1.0		8-9-9-8	29.5-38.2	38.0	470(-2)				230.0																																											曇		12.0	5.0	6.0	3.3	1.0	4	54.0	良	**	**		ソリストサンダー															
2017105433	2020-09-27	2中京7		12.0	3歳以上2勝クラス								福永祐一		ダ1400				1:24.7	0.3		4-3	34.5-37.8	37.8	466(-4)				280.0																																											晴		16.0	4.0	8.0	3.5	2.0	3	55.0	稍	**	**		ホウオウスクラム															
2017105433	2020-10-11	4京都2		12.0	3歳以上2勝クラス								福永祐一		ダ1400				1:23.8	1.2		10-10	33.5-37.4	37.2	464(-2)																																															晴		16.0	3.0	5.0	5.8	3.0	7	55.0	重	**	**		メイショウハナモリ															
2017105433	2020-11-01	4東京8		12.0	河口湖特別(2勝クラス)								福永祐一		ダ1400				1:25.3	1.0		7-7	36.0-36.3	36.7	466(+2)																																															曇		16.0	1.0	1.0	8.6	5.0	11	55.0	良	**	**		メイショウウズマサ															
2017105433	2021-03-14	1阪神10		12.0	4歳以上2勝クラス								幸英明		ダ1400				1:24.6	0.9		9-7	34.5-37.3	37.2	484(+18)				110.0																																											晴		16.0	8.0	15.0	24.1	10.0	5	57.0	稍	**	**		オーロラテソーロ															
2017105433	2021-04-04	2阪神4		8.0	4歳以上2勝クラス								幸英明		ダ1400				1:25.9	1.3		8-8	34.6-37.8	38.4	482(-2)																																															雨		16.0	5.0	9.0	22.2	9.0	13	57.0	稍	**	**		ダイシンイナリ															
2017105433	2021-05-01	2阪神11		8.0	4歳以上2勝クラス								幸英明		ダ1400				1:24.9	0.5		9-9	33.8-38.6	38.0	478(-4)				170.0																																											曇		15.0	5.0	9.0	27.1	7.0	4	57.0	稍	**	**		ニホンピロランド															
2017105433	2021-06-26	3東京7		9.0	清里特別(2勝クラス)								三浦皇成		ダ1400				1:24.6	0.4		14-14	35.0-37.0	36.0	474(-4)				386.2																																											曇		16.0	5.0	9.0	19.9	8.0	3	57.0	良	**	**		フジノタカネ															
2017105433	2021-10-23	4東京5		12.0	3歳以上2勝クラス								三浦皇成		ダ1400				1:25.4	1.1		16-15	35.4-36.7	36.5	488(+14)																																															晴		16.0	5.0	9.0	16.2	5.0	8	57.0	稍	**	**		グランパラディーゾ															
2017105433	2021-12-05	6中京2		12.0	鳴海特別(2勝クラス)								戸崎圭太		ダ1400				1:25.0	0.5		11-10	34.4-38.1	37.1	492(+4)				385.9																																											曇		16.0	8.0	15.0	10.7	5.0	3	57.0	良	**	**		ハリーバローズ															
2017105433	2021-12-18	6中京5		12.0	大須特別(2勝クラス)								斎藤新		ダ1400				1:23.9	1.6		12-11	34.4-36.3	36.1	490(-2)																																															晴		15.0	3.0	6.0	18.6	6.0	7	57.0	重	**	**		オーマイガイ															
2017105433	2022-02-20	1東京8		12.0	大島特別(2勝クラス)								三浦皇成		ダ1400				1:25.1	1.4		15-14	35.7-35.4	35.8	494(+4)																																															曇		16.0	5.0	9.0	84.7	13.0	13	57.0	重	**	**		ノーリス															
2017105433	2022-05-08	2東京6		8.0	4歳以上2勝クラス								戸崎圭太		ダ1400				1:24.7	1.1		13-13	35.4-36.1	35.8	498(+4)				170.0																																											曇		16.0	5.0	9.0	57.7	11.0	4	57.0	良	**	**		アルメイダミノル															
2017105433	2022-05-28	2東京11		9.0	富嶽賞(2勝クラス)								大野拓弥		ダ1400				1:24.9	1.5		14-14	35.0-36.4	35.8	494(-4)																																															晴		16.0	8.0	16.0	41.8	11.0	14	57.0	稍	**	**		ラインオブフェイト															
2017105433	2022-10-29	4東京8		12.0	3歳以上2勝クラス								佐々木大		ダ1400				1:25.7	1.4		10-9	34.9-37.1	37.2	484(-10)																																															晴		16.0	1.0	2.0	142.4	15.0	7	54.0	良	**	**		ヴァルツァーシャル															
2017105433	2022-11-13	5東京4		8.0	3歳以上2勝クラス								津村明秀		ダ1300				1:19.2	2.0		14-14	28.7-36.8	36.9	482(-2)																																															曇		15.0	3.0	4.0	164.4	11.0	11	57.0	良	**	**		アルファマム															
2017105433	2023-01-08	1中山3		12.0	4歳以上2勝クラス								佐々木大		芝1600				1:34.7	0.8		12-12-14	34.5-36.2	35.3	484(+2)																																															晴		16.0	3.0	5.0	210.3	15.0	6	55.0	良	**	**		アバンチュリエ															
2017105433	2023-02-12	1東京6		8.0	4歳以上2勝クラス								永野猛蔵		芝1600				1:35.8	2.3		9-9	35.9-34.2	34.8	486(+2)																																															晴		12.0	4.0	4.0	263.5	11.0	12	57.0	良	**	**		エターナルタイム															
2017105433	2023-02-26	2中山2		12.0	4歳以上2勝クラス								永野猛蔵		ダ1800				1:56.1	1.9		5-5-4-8	37.2-38.8	40.3	484(-2)																																															晴		16.0	4.0	8.0	209.6	15.0	10	57.0	良	**	**		ブレイクフォース															
2017105433	2023-05-14	1新潟6		10.0	中ノ岳特別(2勝クラス)								荻野琢真		ダ1800				1:53.5	1.0		11-12-13-13	36.3-37.9	37.5	480(-4)																																															晴		15.0	2.0	3.0	202.2	15.0	10	55.0	良	**	**		アルムブラーヴ															
2017105433	2023-07-23	2福島8		9.0	横手特別(2勝クラス)								丸田恭介		ダ1700				1:46.2	0.8		11-10-9-9	30.0-37.3	37.1	478(-2)				155.0																																											晴		15.0	5.0	9.0	44.2	11.0	5	58.0	良	**	**		ロードバルドル															
2017105433	2023-08-19	3新潟3		9.0	瀬波温泉特別(2勝クラス)								丸田恭介		ダ1800				1:53.5	1.0		13-13-10-10	36.2-38.5	38.7	478(0)																																															晴		15.0	6.0	10.0	110.5	13.0	7	58.0	良	**	**		ゴールドバランサー															
2017105433	2023-10-22	4東京7		12.0	3歳以上2勝クラス								武藤雅		ダ1600				1:38.3	1.5		13-12	33.9-38.3	37.5	484(+6)																																															晴		16.0	5.0	9.0	239.7	14.0	12	58.0	良	**	**		オレデイイノカ															
2017105433	2023-12-28	5中山9		9.0	立志賞(2勝クラス)								丸田恭介		ダ1800				1:54.3	0.8		15-15-13-14	36.2-39.2	38.9	496(+12)				395.5																																											晴		16.0	4.0	8.0	379.1	16.0	3	58.0	良	**	**		アクションプラン															
2017105433	2024-01-14	1中山5		8.0	4歳以上2勝クラス								丸田恭介		ダ1800				1:54.3	1.7		14-14-14-14	37.0-38.0	37.8	492(-4)																																															晴		16.0	7.0	14.0	80.6	8.0	6	58.0	良	**	**		ペンティメント															
2017105433	2024-01-28	2京都2		9.0	大津特別(2勝クラス)								和田竜二		ダ1800				1:54.9	1.0		8-7-7-6	38.0-36.3	36.8	484(-8)																																															曇		11.0	3.0	3.0	148.6	8.0	6	58.0	良	**	**		ミスティックロア															
2017105433	2024-03-23	3中山1		12.0	4歳以上2勝クラス								丸田恭介		ダ1800				1:55.3	1.5		16-16-10-13	38.5-37.8	38.6	492(+8)																																															曇		16.0	1.0	2.0	106.0	15.0	10	58.0	良	**	**		プラウドヘリテージ															
2017105433	2024-04-14	3中山8		9.0	利根川特別(2勝クラス)								浜中俊		ダ1800				1:55.6	3.0		14-14-14-13	35.9-38.6	38.5	488(-4)																																															晴		14.0	1.0	1.0	193.8	14.0	11	58.0	良	**	**		カンピオーネ															
2017105433	2024-07-14	2福島6		9.0	横手特別(2勝クラス)								菊沢一樹		ダ1700				1:47.0	0.7		8-9-7-7	30.9-37.3	37.4	488(0)				393.7																																											小雨		12.0	1.0	1.0	106.8	10.0	3	58.0	稍	**	**		フェザーモチーフ															
2017105433	2024-08-04	2新潟4		12.0	苗場特別(2勝クラス)								菊沢一樹		ダ1800				1:53.1	0.1		7-5-4-4	36.6-38.2	37.9	488(0)				395.7																																											晴		15.0	3.0	5.0	53.3	12.0	3	58.0	良	**	**		ダイメイセブン															
2017105433	2024-09-01	3新潟8		10.0	両津湾特別(2勝クラス)								坂井瑠星		ダ1800				1:54.4	2.4		10-10-10-9	36.2-37.8	39.2	488(0)																																															晴		15.0	8.0	14.0	28.6	6.0	9	58.0	良	**	**		ハビレ															
2017105433	2025-01-25	1中山8		10.0	初霞賞(2勝クラス)								横山琉人		ダ1800				1:55.6	1.9		12-12-11-11	38.2-37.5	38.1	508(+20)																																															曇		13.0	4.0	4.0	180.1	13.0	12	58.0	良	**	**		アピーリングルック															
2017105433	2025-04-27	1福島6		10.0	尾瀬特別(2勝クラス)								菊沢一樹		ダ1700				1:47.0	0.4		11-11-9-8	29.5-39.8	39.1	502(-6)				395.6																																											晴		15.0	8.0	15.0	76.7	13.0	3	58.0	良	**	**		タガノアレハンドラ															
2017105433	2025-05-17	1新潟5		10.0	中ノ岳特別(2勝クラス)								菊沢一樹		ダ1800				1:54.7	2.1		8-8-8-7	38.1-37.4	38.8	498(-4)																																															曇		10.0	5.0	5.0	33.7	9.0	7	58.0	稍	**	**		カゼノランナー															
2017105433	2025-07-12	2福島5		8.0	3歳以上2勝クラス								野中悠太		ダ1700				1:47.9	1.8		12-10-12-11	29.9-37.9	38.6	492(-6)																																															曇		15.0	3.0	4.0	72.5	11.0	9	58.0	良	**	**		スペイドアン															
2017105433	2025-10-05	4東京2		12.0	3歳以上2勝クラス								菊沢一樹		ダ1600				1:39.4	1.9		14-15	35.9-36.7	37.2	488(-4)																																															曇		16.0	7.0	13.0	147.2	14.0	14	58.0	良	**	**		ファリーザ															
2017105433	2025-12-20	5中山5		10.0	香取特別(2勝クラス)								菊沢一樹		ダ2400				2:37.6	3.2		15-15-13-14	37.9-38.9	40.9	498(+10)																																															曇		16.0	5.0	9.0	229.9	14.0	15	58.0	良	**	**		プレシャスデイ															
2017105433	2026-01-10	1中山3		8.0	4歳以上2勝クラス								菊沢一樹		ダ1800				1:55.5	1.8		8-8-10-10	36.8-37.7	38.8	496(-2)																																															晴		13.0	6.0	9.0	239.7	13.0	11	58.0	良	**	**		エクリプスルバン															
2017105588	2019-11-24	5東京8	晴	5.0	2歳新馬		16.0	4.0	7.0	3.8	2.0	4	ビュイッ	55.0	芝1800		不	**	1:51.7	1.5	**	8-6-5	36.1-36.1	37.1	488(0)			バルトリ	110.0																																																																							
2017105588	2020-05-10	2東京6	晴	4.0	3歳未勝利		13.0	8.0	13.0	2.8	2.0	6	ルメール	56.0	芝1800		良	**	1:48.3	1.1	**	11-10-9	36.4-34.3	34.1	504(+16)			ヤシャマル																																																																								
2017105588	2020-06-27	1函館5	曇	7.0	3歳未勝利		14.0	1.0	1.0	7.0	5.0	1	横山武史	56.0	芝2000		稍	**	2:01.6	-0.1	**	11-11-9-3	34.5-37.7	37.1	492(-12)			(ランドアーティスト)	510.0																																																																							
2017105588	2020-08-22	2札幌3	晴	10.0	富良野特別(1勝クラス)		10.0	4.0	4.0	4.0	2.0	2	横山武史	54.0	芝2000		良	**	2:00.9	0.0	**	6-7-8-8	35.7-36.9	36.1	500(+8)			アルテラローザ	428.8																																																																							
2017105588	2020-12-05	3中京1	晴	12.0	栄特別(1勝クラス)		18.0	2.0	4.0	4.8	2.0	1	菅原明良	56.0	芝2000		良	**	1:59.8	0.0	**	6-6-7-7	35.8-35.3	34.8	502(+2)			(ルビーカサブランカ)	1110.4																																																																							
2017105588	2021-09-20	4中山5	晴	10.0	Mジャングルポケット(2勝クラス)		7.0	5.0	5.0	2.6	1.0	2	菅原明良	57.0	芝2000		良	**	2:01.7	0.3	**	3-3-3-3	37.6-34.8	34.8	504(+2)			パラダイスリーフ	606.0																																																																							
2017105588	2021-11-28	5東京8	晴	9.0	オリエンタル賞(2勝クラス)		14.0	6.0	9.0	8.3	4.0	3	菅原明良	57.0	芝2000		良	**	1:59.2	0.8	**	10-10-10	34.9-35.4	34.8	508(+4)			グランオフィシエ	384.5																																																																							
2017105588	2022-01-15	1中山5	晴	12.0	4歳以上2勝クラス		11.0	8.0	11.0	4.2	3.0	6	戸崎圭太	57.0	芝2200		良	**	2:17.6	0.9	**	7-7-5-6	38.5-35.3	35.6	518(+10)			ブレークアップ																																																																								
2017105588	2022-04-10	3中山6	晴	9.0	鹿野山特別(2勝クラス)		12.0	8.0	12.0	3.4	2.0	2	石川裕紀	57.0	芝2000		良	**	1:59.2	0.0	**	3-3-3-1	35.1-34.7	34.4	500(-18)			ゾンニッヒ	607.8																																																																							
2017105588	2022-09-24	4中山6	曇	10.0	九十九里特別(2勝クラス)		12.0	5.0	6.0	5.7	3.0	3	石川裕紀	57.0	芝2500		重	**	2:35.7	0.3	**	5-5-3-2	32.2-35.9	36.0	500(0)			ウォルフズハウル	383.9																																																																							
2017105588	2022-11-20	5東京6	小雨	10.0	南武特別(2勝クラス)		10.0	6.0	6.0	4.6	3.0	3	マーカン	57.0	芝2400		良	**	2:25.9	0.5	**	3-3-3-3	36.9-33.9	34.0	502(+2)			スワーヴエルメ	383.3																																																																							
2017105588	2022-12-25	5中山8	晴	9.0	グッドラックH(2勝クラス)		16.0	1.0	1.0	4.3	2.0	4	マーカン	56.0	芝2500		良	**	2:35.0	0.3	**	6-7-7-5	31.0-37.0	36.7	506(+4)			アケルナルスター	230.0																																																																							
2017105588	2023-02-18	1東京7	晴	12.0	4歳以上2勝クラス		12.0	6.0	8.0	5.8	4.0	1	ルメール	58.0	芝1800		良	**	1:48.0	-0.1	**	2-1-1	36.8-33.6	33.6	506(0)			(カナテープ)	1140.0																																																																							
2017105588	2023-04-02	3中山4	曇	11.0	美浦S(3勝クラス)		12.0	5.0	6.0	8.3	5.0	10	石川裕紀	58.0	芝2000		良	**	2:01.4	1.7	**	4-4-4-2	37.0-35.8	35.1	500(-6)			テーオーシリウス																																																																								
2017105588	2023-05-28	2東京12	晴	10.0	むらさき賞(3勝クラス)		17.0	4.0	8.0	43.6	12.0	13	三浦皇成	55.0	芝1800		良	**	1:46.0	0.9	**	2-2-2	35.0-34.0	34.8	496(-4)			ローシャムパーク																																																																								
2017105588	2023-10-22	4東京7	晴	10.0	甲斐路S(3勝クラス)		16.0	3.0	6.0	23.1	9.0	15	石川裕紀	55.0	芝2000		良	**	2:00.1	1.1	**	9-10-9	35.9-36.0	35.4	494(-2)			プラチナトレジャー																																																																								
2017105588	2024-04-14	1福島4	晴	4.0	障害4歳以上未勝利		11.0	6.0	7.0	7.3	4.0	5	伴啓太	60.0	障2750		良		3:03.7	2.0		3-3-5-4	104.1-0.0	13.4	506(+12)			レッドバロッサ	79.0																																																																							
2017105588	2024-07-07	2福島4	晴	1.0	障害3歳以上未勝利		9.0	7.0	7.0	4.9	2.0	4	五十嵐雄	60.0	障2750		良		3:04.4	2.7		5-6-6-4	109.0-0.0	13.4	496(-10)			デシマルサーガ	120.0																																																																							
2017105588	2024-11-16	3福島5	晴	4.0	障害3歳以上未勝利		14.0	3.0	4.0	7.7	4.0	5	五十嵐雄	60.0	障2770		良		3:03.7	1.6		7-7-6-6	106.0-0.0	13.3	504(+8)			マイネルエール	79.0																																																																							
2017105588	2025-01-19	1中山7	晴	4.0	障害4歳以上未勝利		11.0	4.0	4.0	15.1	7.0	8	五十嵐雄	60.0	障2880		良		3:19.0	3.3		7-8-7-8	107.0-0.0	13.8	512(+8)			ディナースタ																																																																								
2017105588	2025-04-06	3中山4	曇	4.0	障害4歳以上未勝利		12.0	6.0	7.0	9.5	6.0	6	坂口智康	57.0	障2880		良		3:19.4	1.2		7-7-8-8	109.1-0.0	13.8	510(-2)			メイショウカズサ																																																																								
2017105588	2025-05-11	1新潟4	曇	4.0	障害4歳以上未勝利		14.0	8.0	13.0	13.1	8.0	6	坂口智康	57.0	障2890		稍		3:17.0	2.7		9-6-8-6	106.1-0.0	13.6	506(-4)			ヒルズカーン																																																																								
2017105822	2019-12-21	5中山7		6.0	2歳新馬								横山武史		ダ1800				2:00.5	4.8		11-12-11-10	38.6-38.4	41.9	506(0)																																															曇		15.0	5.0	9.0	51.6	9.0	10	55.0	良	**	**		キングスバーンズ															
2017105822	2020-01-25	1小倉3		5.0	3歳未勝利								鮫島克駿		芝2000				2:06.1	2.0		9-8-7-5	36.0-38.0	39.4	500(-6)																																															曇		9.0	3.0	3.0	141.9	9.0	6	56.0	稍	**	**		ザンパータ															
2017105822	2020-02-01	2京都1		6.0	3歳未勝利								長岡禎仁		芝2000				2:06.4	1.4		13-13-13-13	36.5-36.3	36.6	492(-8)																																															晴		13.0	8.0	12.0	263.9	13.0	9	56.0	良	**	**		スピリトゥス															
2017105822	2020-03-04	園田		2.0	3歳C1								大山真吾		ダ1870				2:08.3	0.3		2-2-2-2		39.1	495(+3)				8.4																																											雨		5.0	3.0	3.0	6.6	3.0	3	55.0	重	**	**		キタノスイセイ															
2017105822	2020-03-24	園田		9.0	3歳C1								大山真吾		ダ1700				1:54.8	0.3		4-4-3-2		39.9	496(+1)				16.8																																											晴		9.0	2.0	2.0	7.3	5.0	2	55.0	良	**	**		クリノヤタガラス															
2017105822	2020-04-08	園田		8.0	3歳BC1								大山真吾		ダ1700				1:54.7	1.2		9-9-9-8		39.6	491(-5)				9.0																																											晴		10.0	7.0	7.0	7.9	4.0	4	55.0	良	**	**		ユウキラフェール															
2017105822	2020-04-23	園田		8.0	3歳C1								大山真吾		ダ1700				1:59.0	3.5		7-7-7-7		42.2	494(+3)																																															晴		10.0	7.0	7.0	2.5	1.0	8	55.0	良	**	**		グリーナリー															
2017105822	2020-05-13	園田		10.0	3歳BC1								大山真吾		ダ1400				1:33.6	0.6		9-9-10-7		39.8	498(+4)				12.6																																											晴		12.0	4.0	4.0	31.5	10.0	3	55.0	良	**	**		ボルトギーニ															
2017105822	2020-06-04	園田		8.0	3歳C1								大山真吾		ダ1400				1:34.2	3.4		11-11-10-10		40.6	500(+2)																																															晴		12.0	7.0	9.0	43.1	6.0	10	55.0	良	**	**		ポリバレント															
2017105822	2020-06-19	園田		12.0	3歳C1								鴨宮祥行		ダ1700				1:55.9	3.3		11-10-11-10		40.5	496(-4)																																															曇		12.0	6.0	8.0	38.5	7.0	9	55.0	不	**	**		ブルベアオンス															
2017105822	2020-07-03	園田		5.0	C3二								大山真吾		ダ1400				1:35.3	1.5		10-9-10-9		40.7	496(0)				2.8																																											雨		10.0	2.0	2.0	19.6	9.0	5	55.0	重	**	**		ミヤミヤアイチイ															
2017105822	2020-07-23	園田		6.0	C3								大山真吾		ダ1700				1:58.0	1.9		6-6-7-8		41.4	492(-4)																																															曇		10.0	8.0	9.0	59.9	9.0	9	55.0	良	**	**		ヌーディストビーチ															
2017105822	2020-09-02	園田		2.0	C3三								下原理		ダ1400				1:35.4	-0.1		3-3-5-3		42.3	494(+2)				35.0																																											晴		10.0	5.0	5.0	5.2	3.0	1	55.0	良	**	**		(フィエールデエス)															
2017105822	2020-09-17	園田		6.0	C2五								下原理		ダ1400				1:34.0	0.6		5-5-4-3		41.6	492(-2)																																															曇		10.0	7.0	8.0	13.0	6.0	6	55.0	良	**	**		ニシノドクターヘリ															
2017105822	2020-10-08	園田		6.0	C2四								下原理		ダ1400				1:31.4	1.8		5-5-6-6		39.2	489(-3)																																															雨		10.0	8.0	9.0	37.1	6.0	7	56.0	不	**	**		クールブルーズ															
2017105822	2020-10-29	園田		4.0	C2三								笹田知宏		ダ1400				1:32.3	-0.8		5-5-5-5		40.1	493(+4)				50.0																																											晴		10.0	2.0	2.0	28.8	7.0	1	56.0	良	**	**		(ホクサイ)															
2017105822	2020-11-12	園田		9.0	C2一								笹田知宏		ダ1400				1:32.1	0.3		3-3-3-3		39.6	497(+4)				7.0																																											晴		10.0	8.0	9.0	38.2	6.0	3	57.0	良	**	**		レッドエランドール															
2017105822	2020-11-26	園田		8.0	C2一								笹田知宏		ダ1400				1:32.9	0.4		4-4-3-3		38.7	493(-4)				7.0																																											晴		10.0	7.0	7.0	30.7	5.0	3	56.0	良	**	**		シュジンコウ															
2017105822	2020-12-09	園田		8.0	C2一								笹田知宏		ダ1400				1:32.5	-0.4		4-4-4-4		38.6	496(+3)				50.0																																											晴		10.0	4.0	4.0	9.8	4.0	1	56.0	良	**	**		(ヒロシゲヨッシー)															
2017105822	2021-01-21	大井		3.0	C3一　二								有年淳		ダ1600				1:43.4	-0.5		9-7-3-1	37.2-40.8	40.6	500(+4)				80.0																																											晴		14.0	8.0	13.0	7.5	4.0	1	56.0	良	**	**		(ヤマニンフィオッコ)															
2017105822	2021-02-16	大井		7.0	C2八　九								有年淳		ダ1600				1:45.2	3.3		12-12-11-11	37.0-39.6	42.1	500(0)																																															晴		14.0	5.0	7.0	5.6	3.0	11	56.0	重	**	**		ジェミニライブラ															
2017105822	2021-03-10	大井		5.0	C2六　七								有年淳		ダ1600				1:42.9	0.0		4-4-3-3	37.6-40.8	40.4	501(+1)				40.0																																											晴		12.0	7.0	10.0	20.3	6.0	2	56.0	稍	**	**		スペラーレ															
2017105822	2021-03-24	大井		5.0	C2六　七								有年淳		ダ1600				1:43.4	0.3		4-3-5-5	38.1-39.1	39.2	499(-2)				15.0																																											晴		14.0	2.0	2.0	4.0	2.0	4	56.0	稍	**	**		ブレーヴウィザード															
2017105822	2021-04-14	大井		5.0	C2六　七								矢野貴之		ダ1600				1:42.4	0.0		1-1-1-1	37.7-39.9	39.9	497(-2)				100.0																																											雨		13.0	6.0	8.0	10.0	4.0	1	56.0	不	**	**		(チャンピオンフジ)															
2017105822	2021-04-26	大井		6.0	C1九　十								矢野貴之		ダ1600				1:42.3	-1.2		1-1-1-1	38.3-39.8	39.8	494(-3)				120.0																																											晴		14.0	5.0	7.0	2.9	1.0	1	56.0	良	**	**		(ピースフルダンス)															
2017105822	2021-11-01	大井		7.0	ベルベット・ハンマー(C1)								矢野貴之		ダ1600				1:44.5	1.9		10-11-8-7	38.1-39.8	41.0	504(+10)																																															曇		14.0	3.0	3.0	3.9	2.0	8	56.0	重	**	**		チタノプリンセス															
2017105822	2021-11-15	大井		7.0	C1八　九十(C1九)								矢野貴之		ダ1600				1:43.0	-0.1		7-7-6-3	36.5-41.5	40.3	503(-1)				120.0																																											晴		14.0	6.0	9.0	5.2	2.0	1	56.0	良	**	**		(サラママ)															
2017105822	2021-12-09	大井		8.0	ブル・ショット賞(C1)								矢野貴之		ダ1600				1:44.1	1.2		7-7-7-6	38.2-40.1	40.7	500(-3)																																															晴		14.0	7.0	12.0	3.4	2.0	7	56.0	不	**	**		マコトゴコタイ															
2017105822	2021-12-30	大井		8.0	C1四　五								矢野貴之		ダ1600				1:43.2	0.1		1-1-1-1	38.4-39.7	39.8	499(-1)				12.0																																											晴		14.0	3.0	3.0	6.2	4.0	5	56.0	良	**	**		ダイレクトフライト															
2017105822	2022-06-09	大井		7.0	C2一　二三(C2二)								矢野貴之		ダ1600				1:43.1	0.6		6-6-4-3	38.2-39.7	40.0	503(+4)																																															晴		13.0	2.0	2.0	6.1	3.0	6	56.0	重	**	**		ラストストーリー															
2017105822	2022-07-01	大井		6.0	C2二　三								安藤洋一		ダ1600				1:41.8	-0.1		3-3-2-1	38.2-39.0	39.0	501(-2)				100.0																																											晴		14.0	4.0	5.0	6.1	3.0	1	56.0	良	**	**		(シャインヴィグラス)															
2017105822	2022-07-12	大井		10.0	こと座特別競走(C2)								安藤洋一		ダ1600				1:43.0	1.1		5-3-6-7	38.4-38.8	39.6	498(-3)																																															曇		13.0	3.0	4.0	4.0	1.0	10	56.0	良	**	**		ラストストーリー															
2017105822	2022-07-29	大井		8.0	ブルー・ラグーン賞(C2三)								安藤洋一		ダ1600				1:42.7	0.8		4-4-4-5	38.9-38.6	38.8	502(+4)				10.0																																											晴		12.0	3.0	3.0	3.2	1.0	5	56.0	良	**	**		キーチャンス															
2017105822	2022-08-19	大井		10.0	ミッドサマー特別競走(C2)								矢野貴之		ダ1800								40.4-38.0		計不																																															晴		11.0	6.0	8.0			取	56.0	重	**	**		アドゥシール															
2017105822	2022-10-07	大井		8.0	モヒート賞(C2)								矢野貴之		ダ1600				1:45.0	2.3		9-9-7-7	37.5-40.5	42.0	507(+5)																																															雨		13.0	8.0	13.0	6.6	4.0	11	56.0	不	**	**		ミニョン															
2017105822	2022-11-04	大井		6.0	C2二　三								岡村健司		ダ1600				1:44.3	1.7		8-8-7-8	38.2-40.0	41.1	504(-3)																																															晴		13.0	5.0	6.0	9.8	5.0	9	56.0	良	**	**		キリンブラック															
2017105822	2022-11-18	大井		7.0	ハタチの龍馬賞(C2)								岡村健司		ダ1600				1:42.2	0.2		1-1-1-1	37.4-39.8	40.0	503(-1)				40.0																																											晴		14.0	2.0	2.0	32.4	7.0	2	56.0	良	**	**		ジャスティンパワー															
2017105822	2022-12-06	大井		7.0	C1六　七八(C1七)								矢野貴之		ダ1600				1:43.1	1.1		6-6-7-7	37.5-39.8	40.2	503(0)																																															晴		14.0	2.0	2.0	12.5	6.0	7	56.0	不	**	**		ペルマナント															
2017105822	2022-12-28	大井		7.0	C1十　1112(C111)								矢野貴之		ダ1600				1:43.2	0.5		6-6-6-6	37.3-39.8	39.5	504(+1)				18.0																																											晴		14.0	4.0	6.0	6.6	2.0	4	56.0	稍	**	**		コスモコンクエスト															
2017105822	2023-01-25	大井		5.0	C2七　八								矢野貴之		ダ1600				1:43.1	0.0		5-5-4-4	37.7-40.2	39.9	501(-3)				40.0																																											晴		14.0	2.0	2.0	9.8	3.0	2	56.0	良	**	**		フークリシャール															
2017105822	2023-02-23	大井		6.0	C2四　五								矢野貴之		ダ1600				1:43.3	0.0		9-10-5-3	38.4-39.7	39.4	505(+4)				100.0																																											晴		14.0	6.0	9.0	2.4	1.0	1	56.0	良	**	**		(ペルペテュエル)															
2017105822	2023-03-10	大井		5.0	C2二　三四(C2三)								矢野貴之		ダ1600				1:42.6	0.2		9-11-8-6	38.4-38.9	38.1	503(-2)				40.0																																											晴		14.0	1.0	1.0	2.6	1.0	2	56.0	良	**	**		タイムフォール															
2017105822	2023-03-28	大井		7.0	C1七　八九(C1八)								矢野貴之		ダ1600				1:42.3	0.0		6-6-5-5	38.8-39.2	38.8	501(-2)				30.0																																											曇		14.0	8.0	13.0	3.9	2.0	3	56.0	不	**	**		シードザブレイク															
2017105822	2023-04-18	大井		7.0	C1七　八								矢野貴之		ダ1600				1:41.6	0.8		7-6-5-6	37.5-38.3	38.9	506(+5)				18.0																																											曇		14.0	7.0	12.0	7.3	3.0	4	56.0	重	**	**		ローゼンヴォルフ															
2017105822	2023-05-09	大井		7.0	C1五　六七(C1六)								笹川翼		ダ1600				1:41.3	0.2		9-9-9-8	37.7-38.9	38.2	503(-3)				30.0																																											晴		13.0	7.0	11.0	9.6	5.0	3	56.0	重	**	**		イーサンアイ															
2017105822	2023-06-06	大井		7.0	C1五　六七(C1六)								笹川翼		ダ1600				1:41.9	0.3		6-6-7-6	36.3-39.3	38.8	503(0)				30.0																																											雨		12.0	5.0	5.0	2.0	1.0	3	56.0	重	**	**		レベルクリア															
2017105822	2023-11-14	大井		8.0	ギムレット賞(C1)								矢野貴之		ダ1600				1:44.2	-0.2		4-3-4-3	38.6-39.8	39.3	507(+4)				120.0																																											晴		13.0	6.0	9.0	3.6	1.0	1	56.0	良	**	**		(ラヴィッシュ)															
2017105822	2023-12-08	大井		7.0	ハタチの龍馬賞(C1四)								御神本訓		ダ1600				1:44.3	1.3		11-7-4-4	38.3-39.6	40.6	512(+5)				18.0																																											晴		14.0	4.0	5.0	6.3	4.0	4	56.0	良	**	**		リコールガー															
2017105822	2023-12-31	大井		7.0	C1二　三四(C1三)								矢野貴之		ダ1600				1:45.2	-0.1		8-8-7-5	38.0-41.5	41.1	508(-4)				120.0																																											晴		14.0	1.0	1.0	13.7	5.0	1	56.0	良	**	**		(ボニーマジェスティ)															
2017105822	2024-01-23	大井		10.0	おうし座特別競走(C1)								矢野貴之		ダ1800				2:00.3	2.8		7-7-6-5	38.0-40.5	42.6	509(+1)																																															晴		14.0	3.0	4.0	10.2	5.0	13	56.0	不	**	**		シルヴィーノ															
2017105822	2024-02-14	大井		7.0	C1二　三四(C1三)								矢野貴之		ダ1600				1:44.6	0.7		7-8-7-5	38.4-40.5	40.8	509(0)				12.0																																											晴		12.0	8.0	11.0	9.4	6.0	5	56.0	良	**	**		チャンピオンフジ															
2017105822	2024-02-27	大井		8.0	C1二　三四(C1三)								矢野貴之		ダ1400				1:31.6	1.1		9-9-9	37.9-39.8	39.7	506(-3)																																															晴		14.0	3.0	3.0	29.5	7.0	6	56.0	重	**	**		ラッシュワン															
2017105822	2024-03-17	高知		6.0	藤代夫婦祝結婚特別(C2)								赤岡修次		ダ1400				1:30.3	0.3		2-2-2-2		38.2	500(-6)				24.5																																											雨		9.0	7.0	7.0	1.9	1.0	2	56.0	不	**	**		モメントグスタール															
2017105822	2024-03-26	高知		6.0	C1C2混合								吉村誠之		ダ1400				1:30.3	-1.4		4-4-6-1		37.9	497(-3)				90.0																																											晴		12.0	1.0	1.0	1.2	1.0	1	53.0	不	**	**		(マイネルパイオニア)															
2017105822	2024-04-07	高知		6.0	C1ー5								林謙佑		ダ1400				1:30.7	0.2		3-3-2-2		39.1	491(-6)				18.0																																											曇		11.0	8.0	10.0	2.0	1.0	3	56.0	重	**	**		ネオブレイブ															
2017105822	2024-05-19	高知		7.0	廣瀬大士部長就任特別(C1)								赤岡修次		ダ1300				1:23.3	1.3		6-6-5-4		38.8	493(+2)				18.0																																											雨		12.0	7.0	10.0	9.0	4.0	3	56.0	重	**	**		デルマベルセブブ															
2017105822	2024-06-02	高知		6.0	C1ー6								赤岡修次		ダ1400				1:32.0	0.9		6-7-6-6		40.6	494(+1)				9.0																																											晴		11.0	8.0	11.0	5.9	3.0	5	56.0	重	**	**		カールスモーキー															
2017105822	2024-07-15	高知		7.0	C1ー4								飛田愛斗		ダ1400				1:31.4	2.9		5-6-7-7		41.2	495(+1)																																															雨		10.0	8.0	12.0	11.3	4.0	9	56.0	不	**	**		ダノンダンサー															
2017105822	2024-07-31	園田		8.0	B2								大柿一真		ダ1400				1:32.9	0.0		4-4-3-3		40.3	488(-7)				130.0																																											晴		6.0	3.0	3.0	4.2	2.0	1	56.0	良	**	**		(スターキー)															
2017105822	2024-08-21	園田		10.0	B2								大山龍太		ダ1400				1:34.6	2.7		4-4-4-5		41.6	498(+10)																																															曇		8.0	6.0	6.0	13.6	4.0	7	57.0	稍	**	**		ラヴィアン															
2017105822	2024-12-03	園田		9.0	C1一								大柿一真		ダ1400				1:32.5	0.2		3-3-2-1		40.9	503(+5)				35.0																																											晴		10.0	8.0	10.0	13.8	5.0	2	56.0	稍	**	**		ストリートジャガー															
2017105822	2024-12-18	園田		8.0	C1								廣瀬航		ダ1400				1:32.1	1.1		7-7-5-3		39.8	507(+4)				15.0																																											晴		12.0	6.0	8.0	18.8	6.0	4	56.0	良	**	**		ベルファスト															
2017105822	2025-01-02	園田		11.0	香美町松葉ガニ特別C(C1)								大柿一真		ダ1400				1:32.7	0.7		8-7-7-7		39.8	500(-7)																																															晴		12.0	1.0	1.0	14.7	7.0	6	56.0	良	**	**		ブレーヴウィザード															
2017105822	2025-01-15	園田		9.0	C1一								笹田知宏		ダ1400				1:32.5	0.0		6-6-6-5		40.5	500(0)				110.0																																											晴		12.0	3.0	3.0	8.9	5.0	1	56.0	良	**	**		(マイネルアラウダ)															
2017105822	2025-02-06	姫路		10.0	アリッサム賞B2								小谷周平		ダ1400				1:34.5	0.2		6-5-5-5		39.1	499(-1)				45.5																																											晴		12.0	5.0	6.0	5.2	3.0	2	56.0	良	**	**		ポリクシニーズ															
2017105822	2025-02-20	姫路		10.0	B2								赤岡修次		ダ1800				2:03.3	1.5		4-4-3-3		40.9	493(-6)				19.5																																											晴		9.0	2.0	2.0	55.4	6.0	4	56.0	良	**	**		エイシンレオ															
2017105822	2025-03-11	園田		12.0	B2二								小谷周平		ダ1400				1:33.3	2.0		7-7-7-7		40.6	497(+4)																																															曇		11.0	8.0	11.0	38.3	7.0	7	56.0	重	**	**		シンメクローサ															
2017105822	2025-07-06	2福島4		1.0	障害3歳以上未勝利								井上敏樹		障2750				3:07.8	4.3		10-11-11-11	107.0-0.0	13.7	502(+5)																																															晴		14.0	4.0	5.0	98.3	14.0	12	57.0	良				ビーンスターク															
2017105822	2025-07-26	3中京1		9.0	障害3歳以上OP								井上敏樹		障3300				3:42.6	4.1		7-7-7-7	105.0-0.0	13.5	496(-6)																																															晴		8.0	8.0	8.0	66.8	8.0	6	57.0	良				マイネルエール															
2017105822	2025-09-28	4阪神9		1.0	障害3歳以上未勝利								大江原圭		障2970				3:26.1	1.3		2-2-2-2	105.1-0.0	13.9	502(+6)				210.0																																											晴		12.0	3.0	3.0	52.1	9.0	3	60.0	良				フームスムート															
2017105822	2025-10-26	4東京9		4.0	障害3歳以上未勝利								大江原圭		障3000				3:28.8	5.7		2-2-2-2	106.0-0.0	13.9	504(+2)																																															小雨		14.0	8.0	13.0	16.1	7.0	10	60.0	稍				キングサーガ															
2017105822	2025-11-24	3福島6		4.0	障害3歳以上未勝利								大江原圭		障2770				3:02.9	0.6		1-1-1-2	105.0-0.0	13.2	498(-6)				84.0																																											晴		14.0	7.0	12.0	31.2	7.0	5	60.0	良				オステリア															
2017106153	2019-12-07	5中山3		5.0	2歳新馬								北村宏司		芝1800				1:51.3	0.4		4-5-4-4	37.4-35.7	35.8	450(0)				180.0																																											雨		15.0	6.0	10.0	2.3	1.0	3	55.0	稍	**	**		テルツェット															
2017106153	2019-12-22	5阪神8		4.0	2歳未勝利								田中勝春		芝2000				2:01.3	-0.2		5-5-5-4	35.7-36.3	35.8	450(0)				500.0																																											曇		15.0	1.0	1.0	13.3	6.0	1	55.0	良	**	**		(ラズルダズル)															
2017106153	2020-02-15	1小倉9		10.0	あすなろ賞(1勝クラス)								西村淳也		芝2000				2:03.4	2.0		4-5-5-8	35.8-37.4	38.7	444(-6)																																															曇		12.0	4.0	4.0	7.2	4.0	11	56.0	良	**	**		ファルコニア															
2017106153	2020-03-08	2中山4		11.0	報知弥生ディープ記念(GII)								田中勝春		芝2000				2:03.9	1.0		9-9-9-6	36.2-36.6	37.0	436(-8)																																															曇		11.0	2.0	2.0	168.9	11.0	7	56.0	重	**	**		サトノフラッグ															
2017106153	2020-03-21	1阪神8		11.0	若葉S(L)								藤井勘一		芝2000				2:00.8	2.2		8-8-9-7	35.1-34.7	35.2	430(-6)																																															晴		12.0	7.0	10.0	30.9	8.0	11	56.0	良	**	**		アドマイヤビルゴ															
2017106153	2020-05-23	1新潟5		10.0	早苗賞(1勝クラス)								秋山真一		芝1800				1:47.9	0.1		5-4	37.3-33.8	33.7	448(+18)				255.0																																											晴		14.0	1.0	1.0	51.1	12.0	3	56.0	良	**	**		バビット															
2017106153	2020-06-14	3阪神4		8.0	3歳以上1勝クラス								秋山真一		芝1800				1:48.1	0.3		5-6	35.1-35.9	35.7	446(-2)				300.0																																											晴		11.0	3.0	3.0	10.4	5.0	2	54.0	稍	**	**		オールイズウェル															
2017106153	2020-07-25	2新潟1		9.0	燕特別(1勝クラス)								秋山真一		芝2400				2:24.6	-0.6		3-3-3-3	35.0-35.1	34.7	444(-2)				1095.7																																											曇		16.0	2.0	4.0	4.3	2.0	1	54.0	良	**	**		(メラーキ)															
2017106153	2020-08-23	3新潟4		10.0	阿賀野川特別(2勝クラス)								北村宏司		芝2200				2:13.9	0.0		9-10-11-9	36.0-36.0	34.9	440(-4)				607.6																																											晴		12.0	3.0	3.0	2.1	1.0	2	54.0	良	**	**		トータルソッカー															
2017106153	2020-09-27	2中京7		11.0	神戸新聞杯(GII)								秋山真一		芝2200				2:13.3	0.8		5-4-5-5	35.0-36.2	36.6	442(+2)																																															晴		18.0	4.0	7.0	51.0	7.0	6	56.0	良	**	**		コントレイル															
2017106153	2020-10-25	4京都6		9.0	鳴滝特別(2勝クラス)								秋山真一		芝2200				2:14.6	0.2		4-5-4-2	36.9-34.7	34.7	448(+6)				383.9																																											晴		13.0	4.0	5.0	7.6	5.0	3	54.0	良	**	**		ヒートオンビート															
2017106153	2020-11-22	5東京6		10.0	南武特別(2勝クラス)								横山典弘		芝2400				2:28.0	1.6		10-10-9-8	37.5-35.7	36.0	444(-4)																																															晴		11.0	7.0	9.0	2.5	1.0	8	55.0	良	**	**		ブラックマジック															
2017106153	2021-01-10	1中京3		9.0	渥美特別(2勝クラス)								川田将雅		芝2000				2:00.0	0.3		5-4-5-5	35.6-35.2	34.9	456(+12)				385.5																																											晴		16.0	1.0	1.0	5.0	2.0	3	55.0	良	**	**		ジョディー															
2017106153	2021-02-06	1中京11		8.0	茶臼山高原特別(2勝クラス)								川田将雅		芝2200				2:14.0	0.6		4-4-4-3	36.1-36.7	36.4	454(-2)				382.2																																											晴		6.0	1.0	1.0	2.6	2.0	3	56.0	良	**	**		サトノグロワール															
2017106153	2021-07-10	1函館3		12.0	駒ケ岳特別(2勝クラス)								横山武史		芝2600				2:43.3	1.2		4-5-3-3	37.7-37.0	38.0	468(+14)																																															小雨		13.0	8.0	12.0	6.3	2.0	7	57.0	稍	**	**		アラタ															
2017106153	2021-07-25	1函館8		9.0	北海ハンデキャップ(2勝クラス)								横山武史		芝2000				1:59.9	-0.1		3-2-2-2	35.9-36.4	36.2	458(-10)				1527.3																																											晴		12.0	2.0	2.0	4.1	2.0	1	55.0	良	**	**		(モリノカンナチャン)															
2017106153	2021-11-06	5東京1		10.0	ノベンバーS(3勝クラス)								大野拓弥		芝1800				1:46.5	0.4		3-6-7	36.0-34.2	34.3	452(-6)				182.0																																											晴		9.0	6.0	6.0	26.7	6.0	5	57.0	良	**	**		イルーシヴパンサー															
2017106153	2021-11-28	5東京8		11.0	ウェルカムS(3勝クラス)								大野拓弥		芝2000				1:59.8	1.4		5-5-5	35.9-34.3	35.2	446(-6)																																															晴		16.0	4.0	7.0	38.3	10.0	8	57.0	良	**	**		ジャックドール															
2017106153	2021-12-28	5中山9		12.0	立志S(3勝クラス)								横山和生		芝1600				1:34.8	0.9		7-6-3	35.1-35.7	36.2	448(+2)																																															晴		12.0	8.0	12.0	31.3	7.0	7	57.0	良	**	**		ノルカソルカ															
2017106153	2022-03-12	1阪神9		10.0	飛鳥S(3勝クラス)								秋山真一		芝1800				1:46.0	0.2		11-12	34.7-34.6	33.8	464(+16)				749.6																																											晴		16.0	3.0	5.0	35.7	7.0	2	54.0	良	**	**		ヤマニンサンパ															
2017106153	2022-04-03	3中山4		11.0	美浦S(3勝クラス)								秋山真一		芝2000				2:02.3	0.2		9-9-9-9	36.9-36.5	34.8	456(-8)				184.0																																											曇		9.0	1.0	1.0	7.2	3.0	5	57.0	稍	**	**		エヴァーガーデン															
2017106153	2022-05-15	3中京4		10.0	志摩S(3勝クラス)								秋山真一		芝1600				1:34.8	0.1		7-6-6	36.6-33.8	33.3	468(+12)				280.0																																											曇		8.0	8.0	9.0	12.1	5.0	4	57.0	良	**	**		ヴァトレニ															
2017106153	2022-06-11	4中京3		11.0	桑名S(3勝クラス)								秋山真一		芝1600				1:33.5	-0.2		9-12-12	36.2-34.6	33.6	460(-8)				1872.2																																											曇		15.0	5.0	9.0	21.9	9.0	1	57.0	良	**	**		(ヴィアルークス)															
2017106153	2022-08-14	3新潟2		11.0	関屋記念(GIII)								秋山真一		芝1600				1:34.2	0.9		12-11	36.2-33.0	33.3	462(+2)																																															曇		14.0	6.0	9.0	67.7	13.0	10	56.0	稍	**	**		ウインカーネリアン															
2017106153	2022-10-02	5中京9		11.0	ポートアイランドS(L)								城戸義政		芝1600				1:33.4	0.3		10-10-10	35.7-33.9	33.2	466(+4)																																															晴		12.0	5.0	5.0	9.3	6.0	6	56.0	良	**	**		アルサトワ															
2017106153	2022-10-30	4阪神9		11.0	カシオペアS(L)								秋山真一		芝1800				1:46.5	0.4		13-13	35.9-33.6	33.1	460(-6)																																															晴		15.0	6.0	11.0	23.6	8.0	6	56.0	良	**	**		アドマイヤビルゴ															
2017106153	2022-12-18	5中山6		11.0	ディセンバーS(L)								勝浦正樹		芝1800				1:49.2	0.8		14-14-14-14	36.1-37.5	35.9	464(+4)																																															晴		16.0	3.0	5.0	12.5	8.0	11	56.0	稍	**	**		ショウナンマグマ															
2017106153	2023-01-05	1中京1		10.0	万葉S(OP)								秋山真一		芝3000				3:05.8	2.4		2-2-2-2	35.4-36.3	38.6	466(+2)																																															晴		16.0	7.0	14.0	19.0	7.0	15	55.0	良	**	**		ミクソロジー															
2017106153	2023-03-19	2中京4		11.0	名古屋城S(OP)								秋山真一		ダ1800				1:51.6	1.4		15-15-15-16	37.3-36.6	36.7	470(+4)																																															晴		16.0	7.0	14.0	38.6	9.0	9	58.0	稍	**	**		ルコルセール															
2017106153	2023-04-30	1新潟2		11.0	谷川岳S(L)								秋山真一		芝1600				1:36.1	0.7		14-14	35.2-35.7	35.1	466(-4)																																															曇		14.0	6.0	9.0	35.5	12.0	7	57.0	重	**	**		ピースオブエイト															
2017106153	2023-05-13	1京都7		11.0	都大路S(L)								秋山真一		芝1800				1:46.3	0.4		10-10	35.6-33.7	32.9	470(+4)				420.0																																											雨		10.0	7.0	7.0	37.0	7.0	4	57.0	良	**	**		エアファンディタ															
2017106153	2023-07-02	2函館2		11.0	巴賞(OP)								斎藤新		芝1800				1:48.8	0.8		14-16-16-16	35.9-35.6	35.0	470(0)																																															曇		16.0	1.0	1.0	12.9	4.0	8	57.0	良	**	**		アラタ															
2017106153	2023-09-09	4中山1		1.0	障害3歳以上未勝利								難波剛健		障2880				3:19.2	1.0		5-8-5-5	107.1-0.0	13.8	466(-4)				200.0																																											曇		12.0	2.0	2.0	7.0	4.0	3	60.0	重				オシリスブレイン															
2017106153	2023-09-30	4中山8		1.0	障害3歳以上未勝利								難波剛健		障2880				3:13.0	0.3		1-1-1-1	106.0-0.0	13.4	458(-8)				320.0																																											曇		14.0	7.0	11.0	2.1	1.0	2	60.0	良				ブリヨンカズマ															
2017106153	2023-12-03	5阪神2		4.0	障害3歳以上未勝利								難波剛健		障2970				3:21.6	0.5		1-1-1-1	104.0-0.0	13.6	472(+14)				320.0																																											晴		11.0	8.0	10.0	2.6	1.0	2	60.0	良				スワヤンブナート															
2017106153	2023-12-17	5中山6		4.0	障害3歳以上未勝利								水沼元輝		障2880				3:12.5	-0.2		2-2-1-1	109.1-0.0	13.4	466(-6)				790.0																																											晴		13.0	4.0	4.0	2.0	1.0	1	57.0	良				(ワールドスケール)															
2017106153	2024-01-20	1小倉3		5.0	障害4歳以上OP								小牧加矢		障2860				3:08.6	0.8		3-3-2-2	104.1-0.0	13.2	462(-4)				340.0																																											雨		12.0	8.0	11.0	4.2	1.0	3	60.0	稍				ブラックボイス															
2017106153	2024-03-02	2小倉7		4.0	障害4歳以上OP								小牧加矢		障2860				3:10.3	-1.1		1-1-1-1	105.1-0.0	13.3	468(+6)				1350.0																																											晴		12.0	2.0	2.0	1.8	1.0	1	60.0	稍				(ブリヨンカズマ)															
2017106153	2024-03-30	2阪神3		8.0	三木ホースランドJS(OP)								上野翔		障3140				3:37.0	5.9		2-3-4-5	107.0-0.0	13.8	472(+4)																																															晴		11.0	8.0	11.0	5.4	3.0	11	61.0	良				オールザワールド															
2017106153	2024-07-06	3小倉3		4.0	障害3歳以上OP								小牧加矢		障3390				3:47.6	0.0		4-4-4-4	104.1-0.0	13.4	456(-16)				540.0																																											晴		6.0	2.0	2.0	2.4	2.0	2	61.0	良				アスターディゴン															
2017106153	2024-07-27	2新潟1		9.0	新潟ジャンプS(JGIII)								小野寺祐		障3250				3:34.0	1.7		8-9-3-3	101.0-0.0	13.2	460(+4)																																															曇		13.0	7.0	10.0	13.7	6.0	9	60.0	良				ホッコーメヴィウス															
2017106153	2024-08-31	3新潟7		4.0	障害3歳以上OP								小野寺祐		障3250				3:35.8	3.9		2-2-2-2	103.0-0.0	13.3	462(+2)																																															曇		10.0	3.0	3.0	8.5	5.0	8	61.0	良				サイード															
2017106153	2024-12-14	7京都5		4.0	障害3歳以上OP								小野寺祐		障3170				3:36.4	0.5		6-6-6-5	107.0-0.0	13.7	464(+2)				340.0																																											曇		10.0	1.0	1.0	14.4	4.0	3	62.0	良				インディゴブラック															
2017106153	2025-01-06	1中山2		8.0	中山新春ジャンプS(OP)								小野寺祐		障3200				3:37.6	1.1		4-4-4-4	106.0-0.0	13.6	460(-4)				260.0																																											小雨		14.0	5.0	7.0	9.1	4.0	4	61.0	良				フェーレンベルク															
2017106153	2025-02-15	1小倉7		8.0	小倉ジャンプS(JGIII)								小野寺祐		障3390				3:52.2	7.5		8-7-8-11	106.0-0.0	13.7	470(+10)																																															曇		14.0	7.0	11.0	34.1	7.0	12	60.0	良				スマイルスルー															
2017106153	2025-03-01	1小倉11		5.0	障害4歳以上OP								鷲頭虎太		障2860				3:14.2	0.7		6-5-3-3	107.1-0.0	13.6	470(0)																																															曇		12.0	6.0	7.0	11.1	4.0	7	59.0	良				ワールドスケール															
2017106153	2025-04-12	3中山5		4.0	障害4歳以上OP								鷲頭虎太		障3200				3:36.3	2.1		8-8-4-3	105.0-0.0	13.5	468(-2)				360.0																																											晴		14.0	7.0	11.0	8.2	4.0	3	59.0	良				ミヤジシャルマン															
2017106153	2025-05-03	1新潟1		4.0	障害4歳以上OP								鷲頭虎太		障2890				3:08.5	0.0		3-3-2-2	104.1-0.0	13.0	468(0)				570.0																																											晴		14.0	1.0	1.0	13.4	7.0	2	59.0	良				ドゥラモンド															
2017106153	2025-05-24	1新潟7		1.0	障害4歳以上OP								鷲頭虎太		障3290				3:41.3	0.5		5-4-4-4	104.0-0.0	13.5	472(+4)				285.0																																											曇		14.0	3.0	3.0	4.2	2.0	3	58.0	良				ヒートオンビート															
2017106153	2025-08-02	2新潟3		9.0	障害3歳以上OP								鷲頭虎太		障2850				3:03.3	0.2		5-3-2-2	103.1-0.0	12.9	472(0)				570.0																																											晴		9.0	1.0	1.0	2.9	1.0	2	59.0	良				プラチナドリーム															
2017106153	2025-08-30	3新潟3		1.0	障害3歳以上OP								黒岩悠		障3250				3:39.1	3.8		3-3-3-4	107.1-0.0	13.5	472(0)																																															曇		13.0	2.0	2.0	5.0	2.0	9	61.0	良				スズカハービン															
2017106153	2025-11-22	3福島5		5.0	障害3歳以上OP								鷲頭虎太		障3380				3:44.1	0.0		8-8-6-5	104.1-0.0	13.3	462(-10)				1430.0																																											晴		14.0	3.0	4.0	6.6	2.0	1	58.0	良				(シホノスペランツァ)															
2017106222	2020-02-22	2京都7		3.0	3歳新馬								岩田康誠		ダ1800				1:59.1	4.2		5-5-5-6	36.3-39.2	42.8	468(0)					小雨		16.0	4.0	7.0	7.9	4.0	12.0	56.0	稍	**	**		メイショウドヒョウ																																																									
2017106222	2020-06-07	3阪神2		2.0	3歳未勝利								吉田隼人		芝1600				1:37.1	2.8		18-18	36.4-33.4	34.5	464(-4)					晴		18.0	6.0	11.0	116.4	15.0	17.0	56.0	良	**	**		サンライズオネスト																																																									
2017106222	2020-06-27	3阪神7		6.0	3歳未勝利								岩崎翼		芝2000				2:05.6	3.5		1-1-2-3	37.2-35.7	39.1	462(-2)					曇		16.0	2.0	4.0	75.4	10.0	15.0	56.0	良	**	**		ウィズダイヤモンズ																																																									
2017106222	2020-11-14	盛岡		1.0	C2十三組								関本淳		ダ1200				1:15.2	-1.0		1-1		39.0	484(+22)				25.0	曇		8.0	5.0	5.0	1.6	1.0	1.0	56.0	稍	**	**		(サフランハピネス)																																																									
2017106222	2020-11-29	水沢		4.0	C2九組								関本淳		ダ1300				1:23.0	-0.9		2-2-2-1		38.8	470(-14)				25.0	曇		8.0	6.0	6.0	1.3	1.0	1.0	56.0	重	**	**		(アポロバレッタ)																																																									
2017106222	2020-12-14	水沢		4.0	C2五組								関本淳		ダ1400				1:30.1	-0.2		2-2-1-1		38.0	470(0)				25.0	小雪		8.0	4.0	4.0	1.8	2.0	1.0	56.0	重	**	**		(フォーハンズプレイ)																																																									
2017106222	2021-01-11	水沢		2.0	C2一組								関本淳		ダ1400										計不							0.0	5.0	6.0				56.0																																																														
2017106222	2022-02-05	1中京11		6.0	4歳以上1勝クラス								団野大成		ダ1400				1:30.2	4.2		2-4	34.2-39.5	43.6	466(-4)					晴		16.0	5.0	9.0	115.1	12.0	16.0	57.0	良	**	**		タイセイブレイズ																																																									
2017106222	2022-06-12	4中京4		1.0	障害3歳以上未勝利								北沢伸也		障3000				3:27.0	6.9		8-7-9-12	107.0-0.0	13.8	464(-2)					晴		13.0	6.0	8.0	152.0	11.0	12.0	60.0	良				ダイメイコスモス																																																									
2017106222	2022-07-02	3小倉1		12.0	3歳以上1勝クラス								森裕太朗		ダ1000				0:59.8	1.4		5-5	34.3-35.8	36.7	452(-12)					晴		14.0	3.0	4.0	59.9	12.0	12.0	57.0	良	**	**		ゴッドクインビー																																																									
2017106222	2022-07-17	3小倉6		7.0	3歳以上1勝クラス								森裕太朗		ダ1000				1:00.7	2.3		5-7	34.3-35.5	37.4	452(0)					晴		14.0	8.0	13.0	142.6	12.0	13.0	57.0	稍	**	**		エクサープト																																																									
2017106222	2022-08-28	4小倉6		8.0	3歳以上1勝クラス								森裕太朗		ダ1000				1:00.5	2.5		4-4	34.1-35.2	37.4	458(+6)					晴		13.0	6.0	8.0	321.2	13.0	12.0	57.0	良	**	**		オーロベルディ																																																									
2017106222	2022-09-18	5中京4		8.0	3歳以上1勝クラス								森裕太朗		ダ1200				1:12.6	0.9		12-14	34.8-36.9	36.0	458(0)					曇		15.0	2.0	2.0	253.5	15.0	10.0	57.0	良	**	**		サンライズホーク																																																									
2017106222	2022-10-15	4新潟1		12.0	3歳以上1勝クラス								森裕太朗		ダ1200				1:13.1	1.9		12-13	34.1-37.1	37.3	456(-2)					晴		13.0	2.0	2.0	181.5	13.0	10.0	57.0	良	**	**		ダイチヴィヴァン																																																									
2017106222	2022-11-06	3福島2		7.0	3歳以上1勝クラス								森裕太朗		ダ1150				1:09.4	0.9		13-13	31.3-37.2	36.8	452(-4)					晴		15.0	5.0	9.0	166.0	15.0	9.0	57.0	良	**	**		ナサ																																																									
2017106222	2022-12-06	名古屋		9.0	名古屋CCヴァルカン(A)								森裕太朗		ダ1500				1:36.9	-0.1		4-4-1		39.0	453(+1)				90.0	晴		10.0	7.0	7.0	10.1	4.0	1.0	57.0	良	**	**		(スターインパクト)																																																									
2017106222	2022-12-17	6中京5		10.0	ヤングJSFR中京2(2勝クラス)								木間塚龍		ダ1400				1:27.5	2.6		12-12	35.1-37.6	39.2	448(-5)					小雨		16.0	6.0	12.0	141.3	13.0	12.0	57.0	良	**	**		タイキフォース																																																									
2017106222	2023-01-08	1中京3		12.0	4歳以上2勝クラス								森裕太朗		芝1200				1:11.2	2.5		1-1	34.0-34.7	37.2	452(+4)					晴		13.0	5.0	6.0	249.1	13.0	13.0	58.0	良	**	**		ドグマ																																																									
2017106222	2023-08-27	3新潟6		1.0	障害3歳以上未勝利								北沢伸也		障2850				3:12.2	3.7		11-11-10-10	102.0-0.0	13.5	452(0)					晴		14.0	8.0	14.0	265.8	14.0	9.0	60.0	良				アドマイヤアルバ																																																									
2017106222	2023-09-17	4阪神4		1.0	障害3歳以上未勝利								田村太雅		障2970				3:28.7	5.9		8-8-8-8	106.0-0.0	14.1	466(+14)					晴		8.0	8.0	8.0	52.9	7.0	6.0	60.0	良				プラチナドリーム																																																									
2017106222	2024-04-14	1福島4		5.0	障害4歳以上未勝利								田村太雅		障2750				3:06.7	4.2		9-9-8-8	105.0-0.0	13.6	452(-14)					晴		11.0	6.0	7.0	88.2	9.0	8.0	60.0	良				ウインチェレステ																																																									
2017106222	2024-06-08	3東京3		1.0	障害3歳以上未勝利								田村太雅		障3000				3:27.6	3.7		9-9-9-7	105.0-0.0	13.8	450(-2)					晴		11.0	3.0	3.0	145.2	10.0	8.0	60.0	良				アンクルブラック																																																									
2017106222	2024-07-06	3小倉3		1.0	障害3歳以上未勝利								田村太雅		障2860				3:15.6	4.1		7-7-9-9	104.0-0.0	13.7	446(-4)					晴		9.0	8.0	8.0	127.8	8.0	8.0	60.0	良				オオキニ																																																									
2017106222	2024-10-13	5京都4		12.0	亀岡特別(2勝クラス)								亀田温心		ダ1400				1:26.2	1.3		5-5	34.9-37.8	38.4	462(+16)					晴		9.0	4.0	4.0	136.6	9.0	7.0	58.0	良	**	**		ギーロカスタル																																																									
2017106222	2024-11-03	6京都2		7.0	3歳以上2勝クラス								田口貫太		ダ1200				1:13.7	2.2		11-11	34.8-36.7	37.4	460(-2)					晴		12.0	4.0	4.0	211.5	11.0	11.0	57.0	重	**	**		ヨーカイディスコ																																																									
2017106222	2024-11-23	6京都7		4.0	障害3歳以上未勝利								田村太雅		障2910				3:22.1	2.5		5-4-5-5	108.0-0.0	13.9	460(0)				79.0	曇		11.0	1.0	1.0	175.3	11.0	5.0	60.0	良				マケルナマサムネ																																																									
2017106222	2024-12-22	7京都8		5.0	障害3歳以上未勝利								田村太雅		障2910				3:25.1	6.3		12-12-10-10	109.0-0.0	14.1	466(+6)					曇		14.0	4.0	6.0	112.2	13.0	10.0	60.0	良				マテンロウジョイ																																																									
2017106222	2025-02-22	1小倉9		5.0	障害4歳以上未勝利								田村太雅		障2860				3:17.3	0.9		7-6-8-8	108.1-0.0	13.8	454(-12)					晴		11.0	6.0	7.0	102.7	11.0	8.0	60.0	良				タロントゥーズ																																																									
2017106222	2025-03-02	1小倉12		4.0	障害4歳以上未勝利								田村太雅		障2860				3:21.2	4.8		10-10-9-9	110.1-0.0	14.1	452(-2)					雨		11.0	1.0	1.0	100.2	11.0	8.0	60.0	稍				ミヤジシャルマン																																																									
2017106222	2025-04-13	高知		4.0	C3ー19								塚本征吾		ダ1300				1:23.9	0.0		1-2-2-1		39.0	457(+5)				24.0	晴		8.0	3.0	3.0	1.6	1.0	2.0	57.0	不	**	**		コスモイグローク																																																									
2017106222	2025-05-11	高知		5.0	C3ー16								永森大智		ダ1300				1:25.8	1.5		7-8-5-5		38.0	455(-2)				6.0	小雨		10.0	7.0	7.0	4.0	3.0	5.0	57.0	不	**	**		クリノナイスガイ																																																									
2017106222	2025-05-25	高知		4.0	ショウガ特別(C3)								永森大智		ダ1400				1:31.9	-0.3		4-3-3-2		40.1	455(0)				60.0	晴		9.0	1.0	1.0	6.2	3.0	1.0	57.0	不	**	**		(シャーマンズケイブ)																																																									
2017106373	2020-03-29	2阪神2		6.0	3歳未勝利								太宰啓介		芝1800				1:50.8	2.1		16-15	36.0-35.9	36.5	516(0)					晴		18.0	7.0	14.0	56.7	11.0	16	56.0	稍	**	**		ルヴァン																																																									
2017106373	2020-05-23	1新潟5		6.0	3歳未勝利								中谷雄太		芝1600				1:37.1	1.5		12-12	36.5-34.6	34.5	510(-6)					晴		16.0	1.0	2.0	55.5	9.0	14	56.0	良	**	**		プティシュシュ																																																									
2017106373	2020-08-08	2新潟5		4.0	3歳未勝利								斎藤新		芝1400				1:22.3	0.3		1-1	34.1-36.5	36.8	520(+10)				130.0	雨		18.0	3.0	5.0	81.6	12.0	3	55.0	稍	**	**		ヴェルザスカ																																																									
2017106373	2020-08-22	2小倉3		7.0	3歳未勝利								藤岡康太		芝1200				1:09.9	1.6		6-6	32.9-35.4	36.6	510(-10)					晴		18.0	2.0	3.0	5.8	3.0	15	56.0	良	**	**		スノーテーラー																																																									
2017106373	2021-02-24	姫路		6.0	C2二								笹田知宏		ダ1400				1:31.4	-1.1		1-1-1-1		36.9	527(+17)				50.0	晴		12.0	5.0	6.0	4.6	3.0	1	56.0	良	**	**		(マリノジェノヴァ)																																																									
2017106373	2021-03-18	姫路		7.0	C1二								笹田知宏		ダ1400				1:30.6	-0.6		2-2-2-1		39.1	527(0)				70.0	晴		9.0	1.0	1.0	1.3	1.0	1	56.0	良	**	**		(クリノガオガオ)																																																									
2017106373	2021-04-07	姫路		8.0	C1								笹田知宏		ダ1400				1:29.9	-1.9		1-1-1-1		37.2	520(-7)				80.0	晴		12.0	6.0	8.0	1.0	1.0	1	57.0	稍	**	**		(ラガーヴィーヴ)																																																									
2017106373	2021-06-13	4中京4		12.0	3歳以上1勝クラス								斎藤新		芝1400				1:22.1	0.8		1-1	34.5-35.1	35.9	506(-14)				110.0	曇		10.0	8.0	9.0	6.3	3.0	4	56.0	稍	**	**		ディープハーモニー																																																									
2017106373	2021-09-25	5中京6		8.0	3歳以上1勝クラス								藤岡康太		ダ1400				1:25.7	1.4		1-1	34.7-37.4	38.8	516(+10)					曇		16.0	8.0	15.0	6.7	4.0	12	57.0	良	**	**		スペースクラフト																																																									
2017106373	2021-10-10	4阪神2		7.0	3歳以上1勝クラス								古川奈穂		ダ1200				1:13.9	1.8		6-9	35.6-36.5	37.8	504(-12)					晴		12.0	1.0	1.0	15.3	7.0	11	53.0	良	**	**		ポケットロケット																																																									
2017106373	2022-01-30	1小倉6		8.0	4歳以上1勝クラス								斎藤新		芝1200				1:09.3	0.4		2-2	33.6-35.3	35.6	514(+10)					曇		12.0	5.0	5.0	6.0	4.0	6	57.0	良	**	**		マイトレジャーフジ																																																									
2017106373	2022-04-17	1福島2		12.0	4歳以上1勝クラス								藤田菜七		芝1200				1:12.9	2.4		4-11	34.7-35.8	38.0	510(-4)					晴		16.0	8.0	15.0	5.7	2.0	16	55.0	良	**	**		ハッピーペコ																																																									
2017106373	2022-06-25	3阪神3		8.0	3歳以上1勝クラス								北村友一		芝1400				1:21.5	0.9		15-15	34.0-35.1	34.9	512(+2)					曇		18.0	1.0	2.0	70.5	13.0	12	57.0	良	**	**		ブライトオンベイス																																																									
2017106373	2023-01-08	1中山3		4.0	障害4歳以上未勝利								北沢伸也		障2880				3:23.4	8.0		14-12-8-7	111.0-0.0	14.1	514(+2)					晴		14.0	4.0	5.0	102.4	12.0	7	60.0	良				スマートキャノン																																																									
2017106373	2023-01-28	1小倉5		4.0	障害4歳以上未勝利								北沢伸也		障2860				3:15.8	2.5		5-6-5-4	107.0-0.0	13.7	514(0)				200.0	晴		11.0	6.0	6.0	15.7	5.0	3	60.0	重				シングンジョーイ																																																									
2017106373	2023-02-26	2小倉6		4.0	障害4歳以上未勝利								北沢伸也		障2860				3:14.8	1.1		5-5-5-4	108.1-0.0	13.6	514(0)				120.0	晴		12.0	8.0	11.0	17.4	7.0	4	60.0	稍				ドンシャーク																																																									
2017106373	2023-03-26	3中山2		4.0	障害4歳以上未勝利								北沢伸也		障2880				3:20.6	2.6		6-4-3-4	110.0-0.0	13.9	506(-8)				120.0	雨		14.0	8.0	13.0	8.8	5.0	4	60.0	不				ショウナンアストラ																																																									
2017106373	2023-11-05	3福島2		4.0	障害3歳以上未勝利								難波剛健		障2750				3:06.5	3.2		2-2-3-4	106.1-0.0	13.6	498(-8)				79.0	曇		11.0	4.0	4.0	7.8	5.0	5	60.0	良				ブラックボイス																																																									
2017106373	2023-12-03	5阪神2		4.0	障害3歳以上未勝利								西谷誠		障2970				3:27.9	6.8		10-10-10-11	104.0-0.0	14.0	508(+10)					晴		11.0	6.0	6.0	65.3	9.0	10	60.0	良				スワヤンブナート																																																									
2017106373	2024-01-13	1小倉1		4.0	障害4歳以上未勝利								小野寺祐		障2860				3:12.1	1.7		4-4-4-4	104.0-0.0	13.4	492(-16)				120.0	晴		12.0	3.0	3.0	14.9	5.0	4	60.0	良				ベレヌス																																																									
2017106373	2024-02-03	1小倉7		5.0	障害4歳以上未勝利								小野寺祐		障2860				3:14.4	0.6		7-7-3-4	108.0-0.0	13.6	494(+2)				120.0	曇		12.0	8.0	12.0	14.4	7.0	4	60.0	良				ニシノフウジン																																																									
2017106373	2024-02-25	2小倉6		4.0	障害4歳以上未勝利								小野寺祐		障2860				3:12.8	0.7		4-5-2-2	107.0-0.0	13.5	488(-6)				320.0	晴		10.0	7.0	8.0	11.0	5.0	2	60.0	稍				カイザーバローズ																																																									
2017106373	2024-03-24	3中山2		4.0	障害4歳以上未勝利								小野寺祐		障2880				3:13.9	3.1		5-5-5-5	105.0-0.0	13.5	482(-6)					曇		12.0	3.0	3.0	9.3	4.0	6	60.0	良				ファルコニア																																																									
2017106373	2024-04-21	1福島6		4.0	障害4歳以上未勝利								難波剛健		障2770				3:03.1	2.4		4-7-8-10	105.0-0.0	13.2	484(+2)					曇		14.0	5.0	7.0	35.8	9.0	9	60.0	良				パワータイショウ																																																									
2017106373	2024-09-07	4中山1		1.0	障害3歳以上未勝利								難波剛健		障2880				3:18.7	3.9		3-4-5-6	108.0-0.0	13.8	506(+22)					晴		8.0	6.0	6.0	33.3	7.0	6	60.0	良				インディゴブラック																																																									
2017106373	2024-09-28	4中山8		1.0	障害3歳以上未勝利								難波剛健		障2880				3:18.1	4.0		1-1-4-5	105.1-0.0	13.8	502(-4)					曇		10.0	4.0	4.0	56.6	8.0	10	60.0	良				フェーレンベルク																																																									
2017106373	2024-10-26	4新潟7		4.0	障害3歳以上未勝利								難波剛健		障2850				3:10.3	3.6		3-4-4-4	103.1-0.0	13.4	500(-2)					晴		8.0	3.0	3.0	22.1	5.0	6	60.0	良				トーセンアウローラ																																																									
2017106373	2024-11-23	6京都7		4.0	障害3歳以上未勝利								黒岩悠		障2910				3:19.9	0.3		4-4-4-4	108.0-0.0	13.7	506(+6)				320.0	曇		11.0	2.0	2.0	65.6	10.0	2	60.0	良				マケルナマサムネ																																																									
2017106373	2024-12-22	7京都8		5.0	障害3歳以上未勝利								難波剛健		障2910				3:21.8	3.0		5-4-6-5	109.0-0.0	13.9	506(0)				120.0	曇		14.0	6.0	10.0	9.8	4.0	4	60.0	良				マテンロウジョイ																																																									
2017106373	2025-01-12	1中京4		4.0	障害4歳以上未勝利								小坂忠士		障3000				3:22.7	0.0		5-6-3-3	106.1-0.0	13.5	512(+6)				840.0	曇		12.0	5.0	6.0	20.2	5.0	1	60.0	良				(アメリカンピース)																																																									
2017106373	2025-02-01	1小倉3		5.0	障害4歳以上OP								小坂忠士		障2860				3:16.5	6.7		11-11-11-10	105.0-0.0	13.7	492(-20)					雨		12.0	5.0	5.0	44.3	11.0	10	60.0	良				トーアモルペウス																																																									
2017106373	2025-05-10	1新潟3		4.0	障害4歳以上OP								小牧加矢		障2890				3:16.9	5.6		4-4-7-7	104.1-0.0	13.6	484(-8)					曇		11.0	5.0	6.0	49.1	8.0	11	60.0	稍				ブリエヴェール																																																									
2017106373	2025-06-01	2京都12		4.0	障害4歳以上OP								黒岩悠		障3170				3:39.7	5.3		10-9-9-9	106.0-0.0	13.9	502(+18)					曇		12.0	5.0	5.0	110.3	11.0	8	60.0	良				ディナースタ																																																									
2017106373	2025-07-05	2福島3		1.0	障害3歳以上OP								黒岩悠		障2750				3:06.2	4.5		8-9-10-10	106.0-0.0	13.5	480(-22)					曇		10.0	6.0	6.0	111.3	10.0	10	60.0	稍				ジーククローネ																																																									
2017106373	2025-08-08	園田		8.0	B2二								小牧太		ダ1400				1:31.1	-0.7		2-2-2-2		39.1	510(+30)				130.0	曇		7.0	8.0	8.0	6.2	4.0	1	57.0	重	**	**		(モイル)																																																									
2017106373	2025-09-03	園田		11.0	初秋特別B2								小牧太		ダ1400				1:34.1	2.6		3-3-5-7		42.0	503(-7)					晴		12.0	1.0	1.0	1.7	1.0	9	58.0	良	**	**		タンバブショウ																																																									
2017106373	2025-10-03	園田		10.0	B2								小牧太		ダ1400				1:33.9	1.8		2-2-3-4		42.5	500(-3)					雨		10.0	6.0	6.0	4.6	3.0	8	57.0	稍	**	**		タオロマイ																																																									
2017106373	2025-10-16	園田		11.0	神河町カーミン特別B(B2)								小牧太		ダ1400				1:35.5	4.6		4-4-6-6		44.4	506(+6)					曇		7.0	2.0	2.0	17.0	6.0	6	57.0	良	**	**		アシャカデュメ																																																									
2017106373	2025-11-04	園田		11.0	宝塚ブランド「モノコ(B2)								田野豊三		ダ1400				1:32.2	0.5		3-3-3-4		39.3	505(-1)				13.0	晴		11.0	8.0	11.0	30.9	8.0	5	57.0	稍	**	**		セッティングサン																																																									
2017106373	2025-11-19	園田		10.0	B2								田野豊三		ダ1400				1:33.1	0.1		8-8-8-8		40.1	502(-3)				19.5	曇		12.0	6.0	7.0	16.9	6.0	4	57.0	良	**	**		イザグリーンライト																																																									
2017106373	2025-12-04	園田		10.0	カンツバキ賞B2一								田野豊三		ダ1400				1:32.3	0.4		7-7-7-5		39.7	505(+3)				32.5	晴		8.0	3.0	3.0	22.6	5.0	3	57.0	良	**	**		メリッササンライズ																																																									
2017106373	2025-12-23	園田		11.0	太子ひまわり特別B2								山本咲希		ダ1400				1:31.5	1.2		4-4-4-3		38.9	506(+1)				52.0	晴		12.0	3.0	3.0	81.4	7.0	2	57.0	稍	**	**		ベラジオガルフ																																																									
2017106373	2026-01-08	園田		10.0	プリムラ賞B2								山本咲希		ダ1400				1:32.1	1.8		3-3-3-2		40.1	509(+3)				19.5	晴		12.0	2.0	2.0	21.0	4.0	4	57.0	良	**	**		ベラジオガルフ																																																									
2017106642	2019-09-16	4阪神5	晴	4.0	2歳新馬		12.0	4.0	4.0	39.1	8.0	10	太宰啓介	54.0	芝1200		良	**	1:12.2	1.8	**	12-12	34.6-35.8	35.0	474(0)			クリノアンカーマン																																																																								
2017106642	2019-10-05	4京都1	晴	1.0	2歳未勝利		14.0	8.0	14.0	41.7	9.0	4	国分恭介	55.0	ダ1400		稍	**	1:26.8	0.5	**	11-6	34.8-38.9	38.2	478(+4)			ノクターンノーツ	75.0																																																																							
2017106642	2019-11-03	5京都2	晴	3.0	2歳未勝利		9.0	3.0	3.0	3.6	1.0	4	国分恭介	55.0	ダ1800		良	**	1:55.9	3.2	**	7-7-8-7	37.0-37.2	39.4	486(+8)			レガーメペスカ	75.0																																																																							
2017106642	2019-11-24	5京都8	晴	2.0	2歳未勝利		15.0	1.0	1.0	10.4	7.0	2	鮫島克駿	55.0	ダ1800		良	**	1:54.8	0.4	**	1-1-1-1	36.4-38.9	39.3	476(-10)			アストゥーリアス	200.0																																																																							
2017106642	2020-04-05	2阪神4	晴	3.0	3歳未勝利		16.0	1.0	2.0	11.8	4.0	11	鮫島克駿	56.0	ダ1800		良	**	1:58.4	3.1	**	10-10-8-9	38.0-38.8	41.3	478(+2)			ユウゲン																																																																								
2017106642	2020-04-25	3京都1	晴	3.0	3歳未勝利		16.0	3.0	5.0	15.0	6.0	2	川須栄彦	56.0	ダ1900		良	**	2:00.5	0.2	**	2-3-3-2	29.0-38.8	38.7	478(0)			タガノキングロード	200.0																																																																							
2017106642	2020-05-09	3京都5	晴	2.0	3歳未勝利		16.0	7.0	13.0	3.5	2.0	2	北村友一	56.0	ダ1800		良	**	1:53.5	0.0	**	4-8-6-3	36.7-38.3	37.3	478(0)			タガノウィリアム	200.0																																																																							
2017106642	2020-05-23	3京都9	晴	4.0	3歳未勝利		13.0	8.0	12.0	1.8	1.0	2	川須栄彦	56.0	ダ1900		良	**	1:59.4	0.2	**	2-2-1-1	29.5-38.9	39.1	478(0)			メイショウコジョウ	200.0																																																																							
2017106642	2020-06-13	3阪神3	曇	3.0	3歳未勝利		16.0	5.0	9.0	2.2	1.0	1	松山弘平	56.0	ダ1800		不	**	1:51.8	-0.1	**	2-2-1-1	36.1-38.0	37.9	474(-4)			(ヴェルテックス)	510.0																																																																							
2017106642	2020-07-04	4阪神1	曇	12.0	3歳以上1勝クラス		12.0	2.0	2.0	4.1	3.0	1	松山弘平	54.0	ダ1800		不	**	1:49.4	0.0	**	1-1-1-1	36.4-36.6	36.6	478(+4)			(ハギノアレグリアス)	760.0																																																																							
2017106642	2020-08-30	2小倉6	晴	10.0	九州スポーツ杯(2勝クラス)		16.0	5.0	10.0	2.6	1.0	1	川田将雅	53.0	ダ1700		良	**	1:43.8	-0.7	**	1-1-1-1	29.8-36.3	36.3	474(-4)			(サンティーニ)	1535.7																																																																							
2017106642	2020-11-01	4京都8	晴	10.0	栞S(3勝クラス)		14.0	3.0	3.0	2.7	2.0	1	松山弘平	55.0	ダ1900		良	**	1:57.3	-1.1	**	1-1-1-1	30.3-36.7	36.7	488(+14)			(ブライトンロック)	1850.8																																																																							
2017106642	2020-11-29	5阪神9	晴	11.0	カノープスS(OP)		15.0	7.0	12.0	1.8	1.0	15	和田竜二	54.0	ダ2000		良	**	2:09.0	4.1	**	1-1-1-2	35.9-38.2	42.3	488(0)			ハナズレジェンド																																																																								
2017106642	2021-03-11	名古屋	晴	11.0	名古屋大賞典(JpnIII)		12.0	5.0	5.0	8.3	3.0	8	松山弘平	54.0	ダ1900		良	**	2:05.1	5.1	**	6-6-6		42.7	492(+4)			クリンチャー																																																																								
2017106642	2021-04-18	2阪神8	晴	11.0	アンタレスS(GIII)		16.0	6.0	11.0	32.3	10.0	15	国分優作	56.0	ダ1800		重	**	1:53.7	4.7	**	1-2-2-12	34.8-37.3	41.9	488(-4)			テーオーケインズ																																																																								
2017106642	2021-07-11	3小倉4	雨	11.0	プロキオンS(GIII)		16.0	2.0	3.0	19.8	9.0	1	松山弘平	56.0	ダ1700		重	**	1:40.9	-0.4	**	5-4-5-4	28.9-35.9	35.5	480(-8)			(トップウイナー)	3657.4																																																																							
2017106642	2021-08-14	4小倉1	雨	11.0	阿蘇S(OP)		15.0	6.0	11.0	3.0	1.0	6	松山弘平	58.0	ダ1700		不	**	1:44.3	1.4	**	2-3-3-4	29.3-37.6	38.9	478(-2)			ケイアイパープル																																																																								
2017106642	2021-09-22	金沢	雨	8.0	白山大賞典(JpnIII)		12.0	6.0	7.0	8.6	5.0	1	川田将雅	55.0	ダ2100		不	**	2:10.3	-0.6	**	1-1-1-1		36.3	477(-1)			(ミューチャリー)	2100.0																																																																							
2017106642	2021-11-23	浦和	晴	10.0	浦和記念(JpnII)		10.0	1.0	1.0	2.0	1.0	1	川田将雅	56.0	ダ2000		重	**	2:07.3	-0.4	**	1-1-1-1	38.4-37.3	37.3	469(-8)			(タービランス)	3500.0																																																																							
2017106642	2022-02-08	佐賀	晴	8.0	佐賀記念(JpnIII)		11.0	8.0	11.0	1.7	1.0	3	川田将雅	58.0	ダ2000		良	**	2:08.2	1.6	**	1-1-1-2		39.9	496(+27)			ケイアイパープル	230.0																																																																							
2017106642	2022-03-23	船橋	曇	11.0	ダイオライト記念(JpnII)		14.0	3.0	3.0	3.2	1.0	9	幸英明	56.0	ダ2400		不	**	2:41.3	4.1	**	2-2-4-6	37.2-41.1	44.3	480(-16)			ノーヴァレンダ																																																																								
2017106642	2022-07-18	盛岡	曇	12.0	マーキュリーC(JpnIII)		14.0	4.0	6.0	8.3	5.0	12	川田将雅	58.0	ダ2000		稍	**	2:06.7	4.2	**	3-3-8-9		40.7	475(-5)			バーデンヴァイラー																																																																								
2017106642	2022-10-04	金沢	曇	11.0	白山大賞典(JpnIII)		12.0	5.0	6.0	12.4	5.0	6	松山弘平	58.0	ダ2100		良	**	2:14.5	1.4	**	2-2-2-3		40.5	482(+7)			ケイアイパープル																																																																								
2017106642	2022-11-27	5阪神8	晴	11.0	カノープスS(OP)		16.0	1.0	2.0	42.3	13.0	11	坂井瑠星	58.0	ダ2000		稍	**	2:06.2	2.5	**	1-1-1-1	34.7-38.8	41.3	488(+6)			ウシュバテソーロ																																																																								
2017106642	2023-04-16	2阪神8	晴	11.0	アンタレスS(GIII)		15.0	2.0	2.0	39.5	10.0	7	池添謙一	58.0	ダ1800		重	**	1:50.9	1.4	**	2-2-2-2	35.5-38.0	39.3	488(0)			プロミストウォリア																																																																								
2017106642	2023-05-20	1京都9	晴	11.0	平安S(GIII)		16.0	8.0	16.0	120.8	14.0	14	浜中俊	57.0	ダ1900		稍	**	2:03.3	3.5	**	11-11-11-11	30.4-39.4	41.5	482(-6)			グロリアムンディ																																																																								
2017106642	2023-09-09	4阪神1	晴	11.0	エニフS(L)		9.0	3.0	3.0	46.5	7.0	7	池添謙一	61.0	ダ1400		良	**	1:25.8	1.4	**	7-7	34.5-38.1	38.3	480(-2)			ベルダーイメル																																																																								
2017106642	2023-11-05	3京都2	晴	11.0	みやこS(GIII)		16.0	6.0	11.0	271.2	15.0	15	古川吉洋	57.0	ダ1800		良	**	1:52.6	1.7	**	8-8-9-8	36.3-37.4	38.3	480(0)			セラフィックコール																																																																								
2017106642	2023-12-03	5阪神2	晴	11.0	ギャラクシーS(OP)		13.0	7.0	10.0	70.4	12.0	4	北村友一	57.0	ダ1400		良	**	1:23.9	0.2	**	12-11	34.2-37.4	36.3	484(+4)			マルモリスペシャル	330.0																																																																							
2017106642	2024-01-07	1京都2	晴	11.0	すばるS(L)		15.0	5.0	9.0	94.7	12.0	10	団野大成	61.0	ダ1400		良	**	1:25.2	0.7	**	11-12	34.7-37.4	37.0	490(+6)			テーオーステルス																																																																								
2017106642	2024-02-04	2京都4	晴	10.0	令月S(OP)		16.0	7.0	14.0	37.8	10.0	9	酒井学	57.0	ダ1200		良	**	1:11.5	0.5	**	3-2	34.9-36.1	36.3	492(+2)			クロジシジョー																																																																								
2017106642	2024-03-09	1阪神5	曇	11.0	コーラルS(L)		16.0	3.0	5.0	49.2	13.0	8	藤岡佑介	57.0	ダ1400		良	**	1:24.4	0.6	**	15-15	34.4-37.5	36.6	492(0)			レディバグ																																																																								
2017106642	2024-04-06	1福島1	曇	11.0	吾妻小富士S(OP)		15.0	6.0	11.0	25.4	9.0	15	丹内祐次	57.0	ダ1700		良	**	1:46.3	1.8	**	5-5-7-9	29.8-37.3	38.5	486(-6)			ブラックアーメット																																																																								
2017106642	2024-11-09	6京都3	晴	10.0	室町S(OP)		16.0	2.0	4.0	247.2	16.0	12	田口貫太	56.0	ダ1200		良	**	1:11.8	1.1	**	11-12	34.1-36.6	36.6	490(+4)			イスラアネーロ																																																																								
2017106642	2025-02-09	1小倉6	晴	4.0	障害4歳以上未勝利		12.0	3.0	3.0	14.3	6.0	10	森一馬	60.0	障2860		稍		3:20.7	6.6		8-6-10-10	107.0-0.0	14.0	492(+2)			クラウンセト																																																																								
2017106642	2025-03-02	1小倉12	雨	4.0	障害4歳以上未勝利		11.0	7.0	9.0	29.6	7.0	3	森一馬	60.0	障2860		稍		3:18.9	2.5		2-2-1-3	110.1-0.0	13.9	490(-2)			ミヤジシャルマン	210.0																																																																							
2017106642	2025-04-06	3中山4	曇	4.0	障害4歳以上未勝利		12.0	7.0	9.0	7.7	5.0	1	森一馬	60.0	障2880		良		3:18.2	-0.3		2-2-2-1	109.1-0.0	13.8	486(-4)			(アルデドゥオーモ)	840.0																																																																							
2017106642	2025-05-10	1新潟3	曇	4.0	障害4歳以上OP		11.0	7.0	9.0	7.2	3.0	10	森一馬	60.0	障2890		稍		3:16.6	5.3		2-2-6-7	104.1-0.0	13.6	488(+2)			ブリエヴェール																																																																								
2017106642	2025-08-09	3中京5	曇	1.0	障害3歳以上OP		9.0	1.0	1.0	20.4	7.0	7	森一馬	60.0	障3300		良		3:39.2	2.6		1-1-4-5	102.1-0.0	13.3	480(-8)			ケンアンビシャス																																																																								
2017106642	2025-08-30	3新潟3	曇	1.0	障害3歳以上OP		13.0	4.0	4.0	67.7	11.0	11	森一馬	60.0	障3250		良		3:43.0	7.7		1-1-8-10	107.1-0.0	13.7	476(-4)			スズカハービン																																																																								
2017106642	2025-11-22	3福島5	晴	5.0	障害3歳以上OP		14.0	7.0	12.0	177.4	14.0	14	中村将之	60.0	障3380		良		3:55.9	11.8		3-6-14-14	104.1-0.0	14.0	476(0)			エンデュミオン																																																																								
2017106642	2025-12-28	5阪神8	晴	11.0	ギャラクシーS(OP)		16.0	6.0	12.0	191.1	15.0	9	太宰啓介	61.0	ダ1400		良	**	1:24.2	0.8	**	13-12	33.9-37.6	36.9	486(+10)			ノーブルロジャー																																																																								
2017110086	2019-10-20	4京都7		4.0	2歳新馬								浜中俊		芝1400				1:23.9	0.6		13-10	34.8-36.5	36.2	446(0)				70.0	晴		18.0	5.0	9.0	37.7	10.0	5	55.0	稍	**	**		タケルラスティ																																																									
2017110086	2020-01-12	1中山4		5.0	3歳未勝利								大野拓弥		芝1600				1:36.5	1.5		12-13-13	35.4-35.7	35.9	454(+8)					小雨		16.0	2.0	4.0	32.6	9.0	12	56.0	良	**	**		ピーエムピンコ																																																									
2017110086	2020-03-29	3中山2		2.0	3歳未勝利								武藤雅		ダ1200				1:12.4	1.2		3-3	34.0-37.2	38.0	458(+4)				130.0	雨		16.0	3.0	6.0	9.4	4.0	3	56.0	不	**	**		ネバーランド																																																									
2017110086	2020-04-19	3中山8		3.0	3歳未勝利								武藤雅		ダ1200				1:10.7	0.0		2-2	34.6-36.1	36.0	458(0)				510.0	晴		15.0	8.0	15.0	5.6	3.0	1	56.0	重	**	**		(ヴァンデリオン)																																																									
2017110086	2020-12-20	5中山6		7.0	3歳以上1勝クラス								武藤雅		ダ1200				1:12.6	0.5		7-8	33.5-38.6	38.4	468(+10)				190.0	晴		16.0	1.0	1.0	4.5	2.0	3	56.0	良	**	**		グローサーベア																																																									
2017110086	2021-01-10	1中山3		7.0	4歳以上1勝クラス								武藤雅		ダ1200				1:12.8	0.3		7-7	34.6-37.9	37.7	470(+2)				76.0	晴		16.0	6.0	12.0	2.4	1.0	5	56.0	良	**	**		ハルワタート																																																									
2017110086	2021-01-17	1中山6		6.0	4歳以上1勝クラス								武藤雅		ダ1200				1:12.5	0.2		13-13	34.3-38.0	37.0	468(-2)				110.0	曇		16.0	6.0	11.0	4.6	2.0	4	56.0	良	**	**		ディスモーメント																																																									
2017110086	2021-03-06	2中山3		7.0	4歳以上1勝クラス								大野拓弥		ダ1200				1:12.9	1.3		5-5	33.9-37.7	38.6	470(+2)					曇		16.0	3.0	6.0	4.9	2.0	9	57.0	稍	**	**		コルニリア																																																									
2017110086	2021-03-21	2中京4		7.0	4歳以上1勝クラス								泉谷楓真		ダ1400				1:24.6	1.8		14-14	33.8-37.5	37.4	466(-4)					小雨		15.0	6.0	10.0	18.9	7.0	6	55.0	不	**	**		タケルラスティ																																																									
2017110086	2021-04-18	3中山8		6.0	4歳以上1勝クラス								岩田望来		ダ1200				1:11.0	0.5		6-5	33.4-37.1	37.0	466(0)				300.0	晴		16.0	2.0	3.0	5.7	2.0	2	57.0	重	**	**		ブルーダイヤカフェ																																																									
2017110086	2021-05-09	2東京6		6.0	4歳以上1勝クラス								岩田望来		ダ1300				1:18.8	0.7		4-5	29.2-37.2	36.9	466(0)					晴		16.0	4.0	8.0	7.8	2.0	6	57.0	良	**	**		エリモグリッター																																																									
2017110086	2021-08-01	3新潟4		8.0	3歳以上1勝クラス								菅原明良		ダ1200				1:12.4	1.8		12-12	34.0-36.6	37.2	470(+4)					晴		15.0	4.0	7.0	22.8	8.0	8	57.0	良	**	**		ノーリス																																																									
2017110086	2021-09-19	4中山4		12.0	3歳以上1勝クラス								大野拓弥		芝1200				1:09.3	1.0		13-15	33.4-34.9	34.8	466(-4)					晴		15.0	4.0	6.0	13.5	8.0	14	57.0	良	**	**		ヴィクトワールメイ																																																									
2017110086	2021-09-26	4中山7		7.0	3歳以上1勝クラス								丹内祐次		芝1600				1:35.2	0.3		2-5-6	36.9-35.1	34.8	468(+2)					曇		15.0	1.0	1.0	279.7	15.0	9	57.0	良	**	**		バルドルブレイン																																																									
2017110086	2021-11-14	5東京4		7.0	3歳以上1勝クラス								江田照男		ダ1300				1:19.8	1.3		12-11	29.4-36.8	36.7	472(+4)					晴		14.0	3.0	3.0	24.2	10.0	10	57.0	良	**	**		コスモノアゼット																																																									
2017110086	2021-12-05	6阪神2		12.0	3歳以上2勝クラス								角田大和		芝1400				1:21.6	1.0		5-7	34.5-34.6	35.0	468(-4)					曇		14.0	5.0	7.0	354.6	14.0	13	54.0	良	**	**		ショウリュウレーヴ																																																									
2017110086	2022-01-08	1中山2		7.0	4歳以上1勝クラス								秋山稔樹		ダ1200				1:12.3	0.6		15-15	34.1-37.6	36.1	468(0)					晴		16.0	5.0	9.0	12.0	5.0	6	56.0	稍	**	**		ロングジャーニー																																																									
2017110086	2022-01-29	1中京9		7.0	4歳以上1勝クラス								古川吉洋		芝1600				1:34.7	0.5		5-7-5	34.2-35.4	35.4	466(-2)				77.0	晴		11.0	5.0	5.0	181.5	10.0	5	57.0	良	**	**		エーティーソブリン																																																									
2017110086	2022-02-20	1東京8		6.0	4歳以上1勝クラス								菅原明良		ダ1400				1:23.8	0.2		1-1	35.2-35.9	36.1	468(+2)				310.0	曇		16.0	5.0	9.0	14.1	4.0	2	57.0	重	**	**		アルマドラード																																																									
2017110086	2022-03-21	2中京4		12.0	4歳以上1勝クラス								古川吉洋		ダ1400				1:25.2	0.2		3-2	35.3-37.7	37.6	466(-2)				310.0	晴		16.0	7.0	13.0	8.7	4.0	2	57.0	稍	**	**		ケイサンフリーゼ																																																									
2017110086	2022-04-03	3中山4		7.0	4歳以上1勝クラス								横山琉人		芝1600				1:35.4	0.2		2-3-2	35.5-36.3	36.1	470(+4)				190.0	雨		16.0	7.0	14.0	18.5	9.0	3	54.0	稍	**	**		オメガロマンス																																																									
2017110086	2022-04-23	2東京1		7.0	4歳以上1勝クラス								大野拓弥		ダ1400				1:26.2	1.0		2-3	36.5-36.4	37.2	472(+2)					晴		15.0	5.0	9.0	2.7	1.0	11	57.0	稍	**	**		ターニングアップ																																																									
2017110086	2022-08-28	3新潟6		12.0	3歳以上1勝クラス								三浦皇成		ダ1200				1:13.4	2.2		10-10	34.5-36.7	37.0	470(-2)					晴		15.0	2.0	2.0	8.1	4.0	13	57.0	稍	**	**		ヤマトコウセイ																																																									
2017110086	2022-09-18	4中山4		12.0	3歳以上1勝クラス								斎藤新		芝1200				1:11.7	1.1		13-14	34.6-36.0	35.9	470(0)					雨		16.0	7.0	13.0	19.4	7.0	11	57.0	重	**	**		タッカーシルバー																																																									
2017110086	2022-10-10	4東京3		8.0	3歳以上1勝クラス								斎藤新		芝1400				1:20.9	0.0		6-4	34.3-34.8	34.2	472(+2)				770.0	曇		18.0	8.0	18.0	107.1	14.0	1	57.0	稍	**	**		(ヴェールアンレーヴ)																																																									
2017110086	2022-11-06	5東京2		12.0	3歳以上2勝クラス								大野拓弥		芝1400				1:21.9	0.8		8-10	35.8-33.5	33.1	468(-4)					晴		14.0	8.0	14.0	42.2	12.0	8	57.0	良	**	**		ミスボニータ																																																									
2017110086	2023-02-04	1東京3		10.0	テレビ山梨杯(2勝クラス)								菅原明良		芝1400				1:22.4	0.9		8-8	36.1-34.1	33.7	476(+8)					晴		11.0	7.0	8.0	13.3	7.0	10	55.0	良	**	**		ファロロジー																																																									
2017110086	2023-02-12	1東京6		8.0	4歳以上2勝クラス								菅原明良		芝1600				1:34.5	1.0		4-4	35.9-34.2	34.6	470(-6)				114.0	晴		12.0	5.0	6.0	153.8	9.0	5	58.0	良	**	**		エターナルタイム																																																									
2017110086	2023-03-05	2中山4		8.0	4歳以上2勝クラス								菅原明良		芝1600				1:34.2	0.6		5-4-6	35.7-34.7	34.9	470(0)					曇		15.0	8.0	15.0	94.1	12.0	10	58.0	良	**	**		ニシノスーベニア																																																									
2017110086	2023-03-19	2中山8		8.0	4歳以上2勝クラス								永野猛蔵		芝1600				1:35.9	0.9		8-7-6	35.6-35.9	36.3	476(+6)					晴		13.0	5.0	7.0	93.0	12.0	8	57.0	重	**	**		トゥデイイズザデイ																																																									
2017110086	2023-05-21	2東京10		9.0	調布特別(2勝クラス)								大野拓弥		芝1800				1:45.8	0.5		4-4-4	34.6-35.2	34.9	480(+4)				393.7	晴		10.0	8.0	9.0	84.2	8.0	3	58.0	良	**	**		アドマイヤハレー																																																									
2017110086	2023-06-10	3東京3		10.0	芦ノ湖特別(2勝クラス)								大野拓弥		芝1600				1:34.5	0.4		3-3	36.6-33.6	33.6	474(-6)				155.0	曇		10.0	3.0	3.0	102.0	9.0	5	58.0	良	**	**		ミカッテヨンデイイ																																																									
2017110086	2023-11-12	5東京4		8.0	3歳以上2勝クラス								菅原明良		芝1800				1:48.6	0.6		2-2-2	37.3-33.9	34.4	470(-4)					曇		8.0	7.0	7.0	14.8	5.0	6	58.0	良	**	**		ラケマーダ																																																									
2017110086	2023-11-25	5東京7		12.0	3歳以上2勝クラス								大野拓弥		芝1600				1:33.0	0.6		3-3	33.9-35.1	35.3	472(+2)				114.0	晴		14.0	4.0	6.0	107.7	9.0	5	58.0	良	**	**		レッドロワ																																																									
2017110086	2023-12-10	5中山4		12.0	3歳以上2勝クラス								幸英明		芝1600				1:33.5	0.5		7-4-4	34.7-35.2	35.3	476(+4)					晴		11.0	8.0	10.0	39.0	9.0	7	58.0	良	**	**		ブランデーロック																																																									
2017110086	2024-05-12	2東京8		9.0	テレ玉杯(2勝クラス)								大野拓弥		芝1600				1:33.5	0.7		2-2	35.4-33.9	34.5	478(+2)				392.7	曇		8.0	8.0	8.0	25.8	6.0	3	58.0	良	**	**		ゴートゥファースト																																																									
2017110086	2024-05-25	2東京11		10.0	葉山特別(2勝クラス)								大野拓弥		芝1600				1:33.3	0.9		6-6	34.5-35.5	35.0	470(-8)					晴		14.0	6.0	9.0	91.6	11.0	10	58.0	良	**	**		バトルハーデン																																																									
2017110086	2024-06-08	3東京3		9.0	芦ノ湖特別(2勝クラス)								石川裕紀		芝1600				1:33.2	0.7		8-8	34.8-35.0	34.4	480(+10)					晴		12.0	2.0	2.0	49.1	8.0	8	55.0	良	**	**		トロヴァトーレ																																																									
2017110086	2024-08-24	3新潟5		10.0	五頭連峰特別(2勝クラス)								菅原明良		芝1600				1:34.9	0.9		7-6	36.1-34.3	34.6	472(-8)					晴		16.0	1.0	2.0	108.2	13.0	13	58.0	良	**	**		ワンダイレクト																																																									
2017110086	2024-09-22	4中山7		9.0	木更津特別(2勝クラス)								原優介		芝1600				1:34.0	1.6		2-3-5	35.3-33.9	35.3	478(+6)					曇		13.0	7.0	11.0	250.4	12.0	9	58.0	良	**	**		キープカルム																																																									
2017110086	2024-10-13	5京都4		7.0	3歳以上2勝クラス								津村明秀		芝1800				1:46.2	0.9		6-6	35.3-34.5	34.2	474(-4)					晴		8.0	6.0	6.0	138.3	8.0	6	58.0	良	**	**		オールナット																																																									
2017110086	2024-11-10	5東京4		8.0	3歳以上2勝クラス								菅原明良		芝1800				1:47.9	1.5		6-8-9	35.7-34.0	34.5	484(+10)					曇		10.0	5.0	5.0	95.4	7.0	8	58.0	良	**	**		シヴァース																																																									
2017110086	2024-11-30	4中京1		10.0	中京日経賞(2勝クラス)								黛弘人		芝1600				1:36.0	2.1		12-13-13	35.1-35.6	34.3	470(-14)					晴		13.0	1.0	1.0	177.8	13.0	12	54.0	良	**	**		メルトユアハート																																																									
2017110086	2024-12-22	5中山8		10.0	オルフェーヴルC(2勝クラス)								黛弘人		芝1600				1:34.6	1.2		3-5-7	34.6-35.6	36.3	480(+10)					晴		16.0	6.0	11.0	330.7	16.0	14	58.0	良	**	**		ピックアチェリー																																																									
2017110086	2025-01-18	1中京6		12.0	4歳以上2勝クラス								酒井学		芝1600				1:35.1	1.0		9-9-9	35.5-35.3	35.4	474(-6)					晴		13.0	8.0	13.0	206.7	12.0	8	58.0	良	**	**		レディントン																																																									
2017110086	2025-04-13	3中山6		4.0	障害4歳以上未勝利								伴啓太		障2880				3:25.5	12.5		11-11-11-12	108.0-0.0	14.3	484(+10)					雨		13.0	8.0	12.0	59.5	10.0	13	60.0	良				シホノスペランツァ																																																									
2017110086	2025-05-10	1新潟3		1.0	障害4歳以上未勝利								井上敏樹		障2890				3:19.1	7.7		12-12-13-13	105.1-0.0	13.8	482(-2)					曇		14.0	6.0	9.0	183.8	14.0	13	57.0	稍				コスモチプリア																																																									
2017110086	2025-07-26	3中京1		1.0	障害3歳以上未勝利								伴啓太		障3000				3:26.3	9.3		12-13-13-13	102.1-0.0	13.8	476(-6)					晴		14.0	5.0	7.0	152.8	13.0	13	60.0	良				ヘザルフェン																																																									
2017110086	2025-08-09	3中京5		6.0	中京スポニチ賞(2勝クラス)								高杉吏麒		芝1400				1:21.1	0.1		2-1	35.8-33.7	33.8	478(+2)				230.0	晴		11.0	3.0	3.0	155.8	11.0	4	58.0	良	**	**		スリールミニョン																																																									
2017110086	2025-10-04	4東京1		9.0	八ヶ岳特別(2勝クラス)								大野拓弥		芝1800				1:46.5	1.1		5-5-5	35.6-34.9	34.4	492(+14)					曇		12.0	7.0	9.0	92.9	11.0	9	58.0	良	**	**		サトノヴィレ																																																									
2017110086	2025-10-13	3京都5		10.0	堀川特別(2勝クラス)								菅原明良		芝1800				1:47.2	1.4		7-10	35.7-33.5	34.2	484(-8)					曇		10.0	1.0	1.0	173.2	10.0	10	58.0	良	**	**		ローランドバローズ																																																									
2017110086	2026-01-17	1京都6		12.0	4歳以上2勝クラス								和田陽希		芝1600				1:34.9	1.4		11-11	35.2-34.5	34.9	480(-4)																																	晴		18.0	4.0	7.0	336.5	16.0	11	55.0	良				カズミクラーシュ																													
2018100043	2020-12-05	6阪神1		5.0	2歳新馬								幸英明		芝1600				1:36.9	0.2		2-2	37.3-34.1	34.3	446(0)				180.0	晴		13.0	8.0	12.0	16.8	7.0	3	55.0	良	**	**		エイシンピクセル																																																									
2018100043	2021-02-06	1中京11		5.0	3歳未勝利								幸英明		芝1600				1:36.6	1.4		1-2-2	35.0-36.9	38.3	444(-2)					晴		15.0	2.0	4.0	23.3	5.0	9	56.0	良	**	**		サトノスカイターフ																																																									
2018100043	2021-04-03	2阪神3		3.0	3歳未勝利								幸英明		ダ1400				1:27.3	1.3		6-6	35.3-38.3	39.1	442(-2)					曇		16.0	1.0	2.0	34.6	10.0	7	56.0	良	**	**		ハイモビリティ																																																									
2018100043	2021-05-08	2新潟1		2.0	3歳未勝利								秋山真一		ダ1800				1:56.0	2.1		5-5-5-6	36.6-39.7	41.3	442(0)					晴		15.0	5.0	9.0	30.8	6.0	9	56.0	良	**	**		コスモコラッジョ																																																									
2018100043	2021-05-22	3中京5		5.0	3歳未勝利								秋山真一		芝2000				2:02.9	1.1		7-7-5-5	38.0-34.6	35.1	442(0)				51.0	曇		11.0	3.0	3.0	89.6	8.0	5	56.0	稍	**	**		ディヴィーナ																																																									
2018100043	2021-06-05	4中京1		4.0	3歳未勝利								幸英明		芝2000				2:02.0	0.7		15-14-11-11	36.6-35.3	35.0	448(+6)				51.0	晴		18.0	6.0	12.0	30.9	11.0	5	56.0	稍	**	**		カレンルシェルブル																																																									
2018100043	2021-06-26	3阪神3		6.0	3歳未勝利								秋山真一		芝2000				2:01.0	0.0		10-10-10-9	36.3-35.9	35.0	452(+4)				200.0	曇		16.0	6.0	11.0	21.0	7.0	2	56.0	良	**	**		マッハモンルード																																																									
2018100043	2021-07-17	3小倉5		3.0	3歳未勝利								秋山真一		芝2000				1:59.4	-1.0		16-16-9-3	35.3-36.0	35.2	452(0)				510.0	小雨		18.0	6.0	11.0	2.7	1.0	1	56.0	良	**	**		(エイシンイワトオシ)																																																									
2018100043	2021-10-03	5中京9		7.0	3歳以上1勝クラス								秋山真一		芝2200				2:12.9	0.4		16-16-15-13	35.1-36.3	36.0	456(+4)				76.0	晴		16.0	5.0	10.0	19.7	8.0	5	54.0	良	**	**		テーオーロイヤル																																																									
2018100043	2021-10-23	5新潟5		10.0	岩船特別(1勝クラス)								秋山真一		芝2200				2:14.9	0.4		10-9-8-5	34.6-36.7	36.4	454(-2)				429.6	曇		12.0	3.0	3.0	2.5	1.0	2	54.0	稍	**	**		ダンディズム																																																									
2018100043	2021-11-13	2福島3		10.0	磐梯山特別(1勝クラス)								秋山真一		芝2600				2:41.5	0.0		13-13-12-10	37.8-36.6	35.7	440(-14)				1095.7	晴		14.0	2.0	2.0	4.0	1.0	1	55.0	良	**	**		(トーホウバロン)																																																									
2018100043	2022-01-23	1小倉4		10.0	海の中道特別(2勝クラス)								秋山真一		芝2600				2:44.9	0.3		3-4-4-4	37.1-38.2	38.3	446(+6)				383.7	雨		12.0	5.0	6.0	2.4	1.0	3	56.0	重	**	**		マイネルコロンブス																																																									
2018100043	2022-03-26	2中京5		10.0	熊野特別(2勝クラス)								秋山真一		芝2200				2:14.1	0.1		2-2-2-2	37.3-35.9	35.8	442(-4)				606.4	小雨		9.0	3.0	3.0	3.1	2.0	2	56.0	稍	**	**		イクスプロージョン																																																									
2018100043	2022-05-22	3中京6		9.0	揖斐川特別(2勝クラス)								幸英明		芝2000				2:00.9	0.6		3-3-2-3	37.4-35.6	35.9	450(+8)					晴		11.0	8.0	11.0	3.4	1.0	7	56.0	良	**	**		メイショウボサツ																																																									
2018100043	2022-06-05	4中京2		9.0	一宮特別(2勝クラス)								秋山真一		芝2200				2:13.1	1.5		5-5-5-4	35.7-35.5	36.6	454(+4)					曇		8.0	6.0	6.0	7.8	3.0	6	57.0	良	**	**		ボルドグフーシュ																																																									
2018100043	2022-09-24	4中山6		10.0	九十九里特別(2勝クラス)								松岡正海		芝2500				2:37.4	2.0		3-3-3-4	32.2-35.9	37.7	442(-12)					曇		12.0	6.0	7.0	12.2	4.0	10	57.0	重	**	**		ウォルフズハウル																																																									
2018100043	2022-10-09	4阪神2		8.0	三田特別(2勝クラス)								秋山真一		芝2200				2:15.0	0.2		5-5-5-5	37.0-33.9	33.6	450(+8)				604.8	雨		7.0	2.0	2.0	7.2	3.0	2	57.0	良	**	**		セントウル																																																									
2018100043	2022-11-13	5阪神4		8.0	3歳以上2勝クラス								秋山真一		芝2200				2:16.1	1.1		9-8-7-5	35.0-36.8	37.5	444(-6)					雨		14.0	5.0	7.0	19.3	8.0	8	57.0	重	**	**		ミクソロジー																																																									
2018100043	2022-12-03	6阪神1		12.0	3歳以上2勝クラス								秋山真一		芝1800				1:45.5	0.0		8-8	35.1-35.1	33.7	450(+6)				440.0	晴		9.0	4.0	4.0	11.0	5.0	2	57.0	良	**	**		ストロングウィル																																																									
2018100043	2022-12-28	6阪神9		10.0	フォーチュンC(2勝クラス)								秋山真一		芝2000				2:00.0	0.3		6-7-10-10	36.3-35.4	35.1	458(+8)				151.0	晴		14.0	1.0	1.0	10.3	3.0	5	57.0	良	**	**		ブルーロワイヤル																																																									
2018100043	2023-02-11	1阪神1		9.0	須磨特別(2勝クラス)								秋山真一		芝1800				1:46.3	0.4		5-5	36.2-33.6	33.7	450(-8)				230.0	晴		10.0	6.0	6.0	10.3	4.0	4	58.0	良	**	**		デビットバローズ																																																									
2018100043	2023-03-12	1阪神10		9.0	天神橋特別(2勝クラス)								池添謙一		芝1600				1:34.0	-0.1		4-4	34.9-35.2	34.7	452(+2)				1574.5	晴		10.0	2.0	2.0	2.0	1.0	1	58.0	良	**	**		(サトノヘリオス)																																																									
2018100043	2023-04-16	2阪神8		10.0	立雲峡S(3勝クラス)								池添謙一		芝1600				1:34.1	0.5		3-2	36.0-33.6	33.8	450(-2)				463.2	晴		10.0	4.0	4.0	7.6	5.0	3	58.0	稍	**	**		アナゴサン																																																									
2018100043	2023-05-14	1京都8		10.0	錦S(3勝クラス)								藤岡佑介		芝1600				1:34.7	0.4		11-10	35.1-34.0	33.6	448(-2)				280.0	曇		13.0	3.0	3.0	10.0	5.0	4	56.0	稍	**	**		シェイリーン																																																									
2018100043	2023-09-17	4阪神4		10.0	仲秋S(3勝クラス)								池添謙一		芝1600				1:32.9	1.0		5-6	34.1-34.3	35.0	450(+2)					晴		15.0	8.0	14.0	32.1	9.0	12	58.0	良	**	**		セッション																																																									
2018100043	2023-10-07	2京都1		10.0	長岡京S(3勝クラス)								池添謙一		芝1400				1:20.6	0.4		9-9	33.8-34.9	34.4	454(+4)				184.0	晴		15.0	1.0	1.0	13.3	7.0	5	56.0	良	**	**		メイショウソラフネ																																																									
2018100043	2023-10-22	2京都7		10.0	三年坂S(3勝クラス)								池添謙一		芝1600				1:34.3	0.6		3-1	36.2-33.4	34.0	454(0)				184.0	晴		13.0	7.0	11.0	72.1	10.0	5	58.0	良	**	**		ソーダズリング																																																									
2018100043	2024-01-28	1東京2		10.0	節分S(3勝クラス)								松岡正海		芝1600				1:33.5	1.0		5-5	35.1-33.9	34.5	450(-4)					曇		14.0	4.0	6.0	119.6	10.0	9	58.0	良	**	**		クルゼイロドスル																																																									
2018100043	2024-02-18	2京都8		10.0	斑鳩S(3勝クラス)								津村明秀		芝1600				1:34.2	1.2		1-1	35.2-34.6	35.8	458(+8)					曇		12.0	6.0	8.0	46.4	7.0	10	58.0	良	**	**		ディオ																																																									
2018100043	2024-06-29	3小倉1		11.0	博多S(3勝クラス)								和田竜二		芝1800				1:47.8	1.3		10-9-9-9	34.4-37.3	37.4	456(-2)					曇		13.0	6.0	9.0	127.2	12.0	8	56.0	良	**	**		アルジーヌ																																																									
2018100043	2024-07-20	3小倉7		11.0	テレQ杯(3勝クラス)								幸英明		芝2000				2:01.3	1.1		10-10-7-6	35.5-36.3	36.5	458(+2)					晴		12.0	3.0	3.0	51.9	9.0	6	58.0	稍	**	**		マイネルメモリー																																																									
2018100043	2024-08-10	2中京1		11.0	関ケ原S(3勝クラス)								幸英明		芝2000								35.4-35.5		計不					晴		8.0	3.0	3.0			取	55.0	良	**	**		ドクタードリトル																																																									
2018100043	2024-11-09	6京都3		9.0	修学院S(3勝クラス)								酒井学		芝2000				1:58.0	0.2		8-8-8-8	35.6-35.8	35.0	458(0)				464.6	晴		14.0	7.0	12.0	281.0	14.0	3	55.0	良	**	**		ショウナンアデイブ																																																									
2018100043	2024-12-22	7京都8		10.0	サンタクロースS(3勝クラス)								酒井学		芝2000				2:01.3	0.4		11-10-11-12	37.8-34.1	33.9	454(-4)					晴		14.0	6.0	10.0	40.7	9.0	7	58.0	良	**	**		ホウオウプロサンゲ																																																									
2018100043	2025-01-06	1中京2		10.0	寿S(3勝クラス)								酒井学		芝2000				2:03.5	1.5		12-11-12-14	36.4-36.1	36.4	452(-2)					雨		18.0	1.0	2.0	98.0	13.0	7	58.0	稍	**	**		グランドカリナン																																																									
2018100043	2025-05-18	1新潟6		11.0	弥彦S(3勝クラス)								松岡正海		芝1800				1:48.3	0.8		7-6	35.5-35.1	35.4	454(+2)					曇		16.0	7.0	14.0	73.5	15.0	14	58.0	良	**	**		ナムラエイハブ																																																									
2018100043	2025-07-26	3中京1		7.0	関ケ原S(3勝クラス)								幸英明		芝2000				2:00.5	1.3		5-5-5-5	37.4-33.9	34.4	456(+2)					晴		10.0	4.0	4.0	95.3	9.0	9	58.0	良	**	**		グランヴィノス																																																									
2018100390	2020-10-25	4京都6		5.0	2歳新馬								川須栄彦		芝1800				1:50.6	0.7		10-6	36.2-35.0	35.1	498(0)				180.0	晴		18.0	4.0	8.0	18.7	5.0	3	55.0	良	**	**		シャフリヤール																																																									
2018100390	2020-11-15	5東京4		4.0	2歳未勝利								三浦皇成		芝1800				1:48.1	0.7		6-7-7	35.2-35.5	34.9	498(0)				130.0	晴		13.0	5.0	7.0	3.8	2.0	3	55.0	良	**	**		エイスオーシャン																																																									
2018100390	2020-12-06	3中京2		1.0	2歳未勝利								三浦皇成		ダ1800				1:55.0	0.1		5-5-5-4	38.1-38.3	37.9	508(+10)				200.0	晴		13.0	8.0	13.0	2.6	1.0	2	55.0	良	**	**		レンツシュピッツェ																																																									
2018100390	2020-12-27	6阪神8		3.0	2歳未勝利								丸山元気		ダ1800				1:55.8	0.3		4-3-3-2	38.2-38.2	38.2	508(0)				130.0	晴		10.0	6.0	6.0	1.8	1.0	3	55.0	良	**	**		アスクスタイルマン																																																									
2018100390	2021-03-14	1阪神10		2.0	3歳未勝利								丸山元気		ダ2000				2:07.9	-0.3		5-5-3-2	36.6-38.6	38.5	498(-10)				510.0	晴		9.0	4.0	4.0	1.4	1.0	1	56.0	重	**	**		(フォルテベローチェ)																																																									
2018100390	2021-04-03	2阪神3		9.0	アザレア賞(1勝クラス)								岩田望来		芝2400				2:27.3	1.0		3-3-3-2	37.3-34.2	35.1	496(-2)					晴		8.0	7.0	7.0	17.1	6.0	7	56.0	良	**	**		リーブルミノル																																																									
2018100390	2021-08-28	4小倉5		7.0	3歳以上1勝クラス								藤岡康太		ダ1700				1:46.8	0.7		16-16-14-10	29.8-38.6	37.8	494(-2)				110.0	晴		16.0	4.0	8.0	8.8	4.0	4	54.0	良	**	**		フィニステール																																																									
2018100390	2021-09-20	5中京5		7.0	3歳以上1勝クラス								藤岡康太		ダ1800				1:52.9	0.2		8-7-2-4	38.2-37.9	38.0	502(+8)				110.0	曇		10.0	1.0	1.0	2.9	1.0	4	54.0	稍	**	**		セイクリッドゲイズ																																																									
2018100390	2021-10-10	4阪神2		8.0	3歳以上1勝クラス								松山弘平		ダ1800				1:53.7	0.2		10-10-2-1	38.5-37.3	37.4	498(-4)				300.0	晴		12.0	3.0	3.0	2.7	1.0	2	55.0	良	**	**		ムエックス																																																									
2018100390	2022-03-19	1阪神11		8.0	4歳以上1勝クラス								団野大成		ダ2000							2-2-1-1	36.3-38.3		512(+14)					曇		8.0	5.0	5.0	2.3	2.0	中	57.0	重	**	**		メイショウシロガネ																																																									
2018100390	2022-04-23	2阪神9		7.0	4歳以上1勝クラス								富田暁		ダ2000				2:08.3	-0.3		3-3-4-4	37.8-39.2	39.0	512(0)				770.0	晴		9.0	2.0	2.0	2.0	1.0	1	57.0	良	**	**		(ナスノコウラン)																																																									
2018100390	2022-05-08	3中京2		12.0	4歳以上2勝クラス								和田竜二		ダ1900				2:01.7	0.6		8-7-6-6	30.5-39.3	39.6	508(-4)				170.0	晴		9.0	3.0	3.0	4.6	2.0	4	57.0	良	**	**		サステナブル																																																									
2018100390	2022-05-22	2東京10		8.0	是政特別(2勝クラス)								三浦皇成		ダ2100				2:12.5	0.8		9-6-6-6	31.7-36.3	36.4	498(-10)					晴		13.0	5.0	6.0	17.9	8.0	9	57.0	良	**	**		ショウナンアーチー																																																									
2018100390	2023-09-03	3新潟8		10.0	両津湾特別(2勝クラス)								菱田裕二		ダ1800				1:53.9	1.5		4-4-2-2	35.1-39.2	40.0	510(+12)					晴		15.0	3.0	4.0	53.6	9.0	10	58.0	良	**	**		タイセイエピソード																																																									
2018100390	2023-10-01	4阪神9		8.0	3歳以上2勝クラス								幸英明		ダ2000				2:04.9	0.6		6-6-7-3	34.6-37.6	37.8	516(+6)				290.0	曇		13.0	5.0	7.0	8.0	2.0	3	58.0	重	**	**		アオイイーグル																																																									
2018100390	2023-10-21	2京都6		9.0	北國新聞杯(2勝クラス)								団野大成		ダ1900				2:00.1	0.5		7-6-6-4	29.5-38.6	38.6	516(0)				631.0	曇		16.0	7.0	14.0	45.9	7.0	2	58.0	良	**	**		イーサンバーニング																																																									
2018100390	2023-11-18	3京都5		9.0	蹴上特別(2勝クラス)								団野大成		ダ1800				1:54.1	1.8		10-10-11-12	35.7-37.8	38.7	516(0)					晴		16.0	4.0	7.0	14.1	7.0	14	58.0	重	**	**		メイショウモズ																																																									
2018100390	2024-08-04	2新潟4		12.0	苗場特別(2勝クラス)								吉田豊		ダ1800				1:53.4	0.4		8-8-6-5	36.6-38.2	38.0	502(-14)				155.0	晴		15.0	2.0	2.0	32.2	9.0	5	58.0	良	**	**		ダイメイセブン																																																									
2018100390	2024-08-25	2中京6		9.0	大府特別(2勝クラス)								菱田裕二		ダ1800				1:53.5	1.3		7-7-1-1	36.6-37.2	38.5	502(0)				230.0	曇		16.0	4.0	7.0	25.6	5.0	4	58.0	良	**	**		カズペトシーン																																																									
2018100390	2024-10-26	4東京7		9.0	伊勢佐木特別(2勝クラス)								吉田豊		ダ1600				1:38.0	0.6		5-5	36.4-35.7	35.7	500(-2)				230.0	曇		10.0	7.0	8.0	27.9	6.0	4	58.0	良	**	**		グロッシェン																																																									
2018100390	2024-12-22	7京都8		9.0	クリスマスエルフ賞(2勝クラス)								田口貫太		ダ1800				1:54.4	0.6		7-7-6-5	37.2-38.6	38.2	528(+28)				155.0	晴		16.0	5.0	10.0	29.9	9.0	5	58.0	良	**	**		タンゴバイラリン																																																									
2018100390	2025-01-12	1中京4		9.0	天白川特別(2勝クラス)								田口貫太		ダ1900				2:00.5	0.6		10-10-12-10	30.8-38.0	37.1	520(-8)					曇		16.0	8.0	15.0	34.3	6.0	6	58.0	良	**	**		ミッキークレスト																																																									
2018100390	2025-02-01	1東京1		8.0	4歳以上2勝クラス								吉田豊		ダ2100				2:15.0	0.1		10-10-10-8	32.2-36.3	35.7	516(-4)				290.0	晴		11.0	6.0	7.0	20.7	8.0	3	58.0	良	**	**		ハーバーライト																																																									
2018100390	2025-02-23	1東京8		7.0	4歳以上2勝クラス								吉田豊		ダ2100				2:14.9	1.9		13-14-12-11	32.3-36.6	37.3	522(+6)					晴		14.0	5.0	8.0	20.6	8.0	10	58.0	良	**	**		アムールドパリ																																																									
2018100410	2021-01-09	1中京2	晴	6.0	3歳新馬		16.0	6.0	11.0	23.2	7.0	7	岩田康誠	56.0	芝1600		良	**	1:37.8	0.6	**	16-15-15	36.8-35.0	34.5	474(0)			デルマセイシ																																																																								
2018100410	2021-03-14	1阪神10	晴	5.0	3歳未勝利		16.0	1.0	2.0	13.8	5.0	4	和田竜二	56.0	芝1600		稍	**	1:34.8	0.6	**	4-4	35.6-35.3	35.6	462(-12)			サトノラムセス	77.0																																																																							
2018100410	2021-03-27	2阪神1	晴	2.0	3歳未勝利		17.0	8.0	16.0	9.7	4.0	5	岩田康誠	56.0	芝1600		良	**	1:35.6	1.1	**	16-16	36.4-33.4	33.0	456(-6)			リッケンバッカー	51.0																																																																							
2018100410	2021-05-22	3中京5	曇	4.0	3歳未勝利		18.0	5.0	10.0	7.7	5.0	3	岩田康誠	56.0	芝1200		稍	**	1:09.6	0.7	**	17-16	33.3-35.6	34.3	458(+2)			アスクキングコング	130.0																																																																							
2018100410	2021-06-06	4中京2	晴	6.0	3歳未勝利		16.0	2.0	4.0	9.8	3.0	2	藤岡康太	56.0	芝1600		良	**	1:34.5	0.7	**	8-9-7	35.8-34.6	34.7	454(-4)			サマートゥリスト	200.0																																																																							
2018100410	2021-06-27	3阪神4	曇	2.0	3歳未勝利		18.0	3.0	5.0	5.6	3.0	5	藤岡康太	56.0	芝1600		良	**	1:35.2	0.3	**	5-4	36.1-34.0	34.0	456(+2)			シュライエン	51.0																																																																							
2018100410	2021-07-25	3新潟2	晴	7.0	3歳未勝利		18.0	3.0	5.0	2.6	1.0	13	松山弘平	56.0	芝2000		良	**	2:01.6	1.3	**	6-9-7-7	35.5-35.9	36.6	458(+2)			テーオーソロス																																																																								
2018100410	2021-08-15	4新潟2	晴	7.0	3歳未勝利		18.0	6.0	12.0	2.9	1.0	1	石橋脩	56.0	芝1800		稍	**	1:47.8	-0.3	**	12-10	36.2-34.4	33.8	452(-6)			(マイネルパリオート)	510.0																																																																							
2018100410	2021-10-24	4東京6	晴	7.0	3歳以上1勝クラス		9.0	1.0	1.0	4.5	2.0	3	石橋脩	55.0	芝1800		良	**	1:48.4	0.1	**	9-8-4	36.8-34.7	34.5	456(+4)			ナムラカミカゼ	190.0																																																																							
2018100410	2021-11-13	5東京3	晴	7.0	3歳以上1勝クラス		13.0	7.0	10.0	23.9	6.0	3	石橋脩	55.0	芝1800		良	**	1:46.1	0.2	**	11-10-10	34.8-34.9	34.0	454(-2)			スパイラルノヴァ	190.0																																																																							
2018100410	2022-01-30	1小倉6	曇	12.0	4歳以上1勝クラス		14.0	5.0	8.0	2.6	1.0	1	藤岡康太	56.0	芝2000		良	**	2:00.2	-0.1	**	11-11-10-10	35.0-37.5	34.9	452(-2)			(エレフセリア)	770.0																																																																							
2018100410	2022-02-19	1東京7	曇	12.0	4歳以上2勝クラス		15.0	4.0	7.0	17.0	7.0	7	石橋脩	56.0	芝1800		良	**	1:47.5	0.3	**	12-15-15	35.7-34.5	33.3	448(-4)			キタノインパクト																																																																								
2018100410	2022-03-26	2阪神1	小雨	10.0	天神橋特別(2勝クラス)		10.0	8.0	9.0	13.2	5.0	7	藤岡康太	54.0	芝1600		稍	**	1:36.4	0.7	**	7-7	37.2-33.8	33.9	452(+4)			メモリーエフェクト																																																																								
2018100410	2022-04-09	2阪神5	晴	9.0	白鷺特別(2勝クラス)		10.0	8.0	10.0	7.4	4.0	4	岩田望来	57.0	芝2400		良	**	2:30.9	0.2	**	10-10-8-8	38.2-33.5	32.8	450(-2)			タイソウ	230.0																																																																							
2018100410	2022-05-29	2東京12	晴	8.0	青嵐賞(2勝クラス)		12.0	5.0	6.0	4.5	3.0	3	岩田望来	57.0	芝2400		良	**	2:26.6	0.1	**	8-9-9-9	38.6-34.4	33.6	450(0)			セントオブゴールド	383.8																																																																							
2018100410	2022-06-19	3東京6	晴	9.0	町田特別(2勝クラス)		10.0	2.0	2.0	3.9	2.0	7	石橋脩	55.0	芝2400		良	**	2:27.3	0.8	**	10-10-10-10	38.9-34.7	34.4	448(-2)			レインフロムヘヴン																																																																								
2018100410	2022-09-18	5中京4	曇	9.0	木曽川特別(2勝クラス)		11.0	3.0	3.0	21.4	7.0	4	藤岡康太	57.0	芝2200		良	**	2:12.5	0.4	**	11-11-10-10	36.2-34.2	33.5	458(+10)			アーティット	230.0																																																																							
2018100410	2022-10-02	5中京9	晴	9.0	浜名湖特別(2勝クラス)		10.0	7.0	7.0	5.8	3.0	8	藤岡佑介	57.0	芝2000		良	**	2:02.9	0.5	**	10-10-10-10	38.7-34.1	33.8	458(0)			スワヤンブナート																																																																								
2018100410	2022-11-13	5阪神4	雨	8.0	3歳以上2勝クラス		14.0	8.0	14.0	32.5	11.0	6	藤岡康太	57.0	芝2200		重	**	2:15.9	0.9	**	13-13-12-11	35.0-36.8	36.7	458(0)			ミクソロジー																																																																								
2018100410	2022-12-11	6阪神4	曇	8.0	3歳以上2勝クラス		10.0	7.0	8.0	13.8	7.0	6	石橋脩	57.0	芝2400		良	**	2:27.8	0.6	**	9-9-4-3	37.9-35.2	35.7	454(-4)			スズカノロッソ																																																																								
2018100410	2023-02-11	1東京5	晴	9.0	箱根特別(2勝クラス)		13.0	4.0	4.0	46.1	8.0	4	石橋脩	58.0	芝2400		稍	**	2:27.0	0.7	**	5-4-4-3	37.6-33.7	34.1	454(0)			バラジ	230.0																																																																							
2018100410	2023-03-18	1阪神11	曇	9.0	淡路特別(2勝クラス)		12.0	7.0	9.0	19.7	5.0	3	松山弘平	55.0	芝2600		稍	**	2:39.9	0.8	**	5-4-3-2	36.5-35.8	36.6	456(+2)			エンドウノハナ	393.9																																																																							
2018100410	2023-04-23	1京都2	晴	9.0	比良山特別(2勝クラス)		10.0	2.0	2.0	6.3	3.0	6	松山弘平	58.0	芝2200		良	**	2:14.0	0.2	**	10-10-3-3	37.5-34.4	34.4	458(+2)			サジェス																																																																								
2018100410	2023-05-06	2東京5	晴	9.0	秩父特別(2勝クラス)		9.0	7.0	7.0	38.9	7.0	5	藤岡康太	58.0	芝2000		良	**	2:00.6	0.7	**	6-5-6	36.7-34.0	34.1	452(-6)			ボーンディスウェイ	155.0																																																																							
2018100410	2023-05-28	2東京12	晴	8.0	青嵐賞(2勝クラス)		11.0	5.0	5.0	37.1	9.0	8	岩田望来	58.0	芝2400		良	**	2:26.5	0.9	**	9-10-10-10	37.6-34.5	34.6	458(+6)			ドリームインパクト																																																																								
2018100410	2023-07-08	2福島3	曇	10.0	猪苗代特別(2勝クラス)		13.0	4.0	4.0	17.4	7.0	5	石橋脩	58.0	芝2000		良	**	2:01.6	0.5	**	11-11-10-9	36.5-35.9	35.5	458(0)			バレエマスター	155.0																																																																							
2018100410	2023-08-06	2新潟4	晴	9.0	苗場特別(2勝クラス)		14.0	2.0	3.0	67.4	11.0	8	石橋脩	58.0	ダ1800		良	**	1:54.1	1.1	**	11-11-12-12	37.3-36.7	36.7	454(-4)			レッドバロッサ																																																																								
2018100410	2024-01-13	1京都4	曇	9.0	五条坂特別(2勝クラス)		10.0	1.0	1.0	60.6	8.0	7	岩田望来	58.0	ダ1900		良	**	2:02.1	0.7	**	9-9-9-8	29.8-37.4	37.1	466(+12)			スマラグドス																																																																								
2018100410	2024-01-28	2京都2	曇	9.0	大津特別(2勝クラス)		11.0	6.0	6.0	77.3	7.0	8	岩田望来	58.0	ダ1800		良	**	1:55.0	1.1	**	6-7-9-6	38.0-36.3	36.8	466(0)			ミスティックロア																																																																								
2018100410	2024-02-10	1東京5	晴	9.0	箱根特別(2勝クラス)		12.0	5.0	6.0	40.8	10.0	2	キング	55.0	芝2400		良	**	2:24.4	0.1	**	7-7-7-7	37.7-35.2	34.6	456(-10)			メイテソーロ	627.6																																																																							
2018100410	2024-04-06	2阪神5	晴	9.0	白鷺特別(2勝クラス)		10.0	4.0	4.0	5.0	3.0	2	モレイラ	58.0	芝2400		良	**	2:26.7	0.3	**	5-5-5-6	38.4-33.8	33.6	456(0)			マキシ	626.2																																																																							
2018100410	2024-05-26	2東京12	晴	8.0	青嵐賞(2勝クラス)		11.0	5.0	5.0	4.2	2.0	2	モレイラ	58.0	芝2400		良	**	2:26.6	0.3	**	8-10-10-7	38.4-34.3	33.8	458(+2)			アームブランシュ	627.0																																																																							
2018100410	2024-06-09	4京都4	小雨	9.0	常盤特別(2勝クラス)		9.0	3.0	3.0	5.1	2.0	6	幸英明	58.0	芝2400		稍	**	2:28.9	1.4	**	5-5-5-5	38.3-34.3	35.4	452(-6)			インザモーメント																																																																								
2018100410	2024-08-03	2新潟3	晴	11.0	月岡温泉特別(2勝クラス)		8.0	6.0	6.0	28.2	5.0	7	松山弘平	58.0	芝2000		良	**	2:02.8	1.1	**	7-7	38.9-32.6	33.0	454(+2)			オールセインツ																																																																								
2018100410	2024-10-14	4東京4	晴	7.0	3歳以上2勝クラス		7.0	1.0	1.0	8.7	5.0	6	岩田望来	58.0	芝2500		良	**	2:34.8	0.5	**	7-7-7-7	31.6-33.9	33.5	454(0)			リンフレスカンテ																																																																								
2018100410	2024-11-23	5東京7	晴	8.0	3歳以上2勝クラス		16.0	6.0	12.0	85.3	12.0	6	岩田望来	58.0	ダ2100		稍	**	2:12.1	0.8	**	11-11-10-8	31.5-38.8	38.8	452(-2)			ピュアキアン																																																																								
2018100410	2025-01-25	1小倉1	晴	10.0	企救丘特別(2勝クラス)		16.0	6.0	12.0	54.1	13.0	7	丹内祐次	58.0	ダ1700		良	**	1:46.2	0.4	**	13-12-10-10	30.3-38.2	37.5	452(0)			ポワンキュルミナン																																																																								
2018100410	2025-02-08	1小倉5	曇	11.0	豊前S(3勝クラス)		15.0	6.0	11.0	62.8	13.0	10	菊沢一樹	53.0	ダ1700		稍	**	1:44.6	1.3	**	13-13-11-9	29.2-37.2	37.8	450(-2)			マリアナトレンチ																																																																								
2018100410	2025-03-22	1阪神7	晴	8.0	4歳以上2勝クラス		9.0	8.0	8.0	11.1	5.0	9	武豊	58.0	芝2600		良	**	2:40.0	0.9	**	1-1-1-1	37.2-34.9	35.8	454(+4)			リミットバスター																																																																								
2018100410	2025-04-06	2阪神4	晴	7.0	4歳以上2勝クラス		10.0	7.0	8.0	63.1	9.0	10	西塚洸二	57.0	ダ1800		良	**	1:55.6	2.1	**	10-9-8-7	37.4-38.7	40.1	452(-2)			ペンナヴェローチェ																																																																								
2018100410	2025-05-18	佐賀	曇	4.0	佐賀スプリングC(重賞)		12.0	8.0	11.0	7.0	4.0	5	出水拓人	56.0	ダ1800		重	**	1:58.2	2.2	**	6-8-9-6		39.4	460(+8)			ビキニボーイ	40.0																																																																							
2018100410	2025-05-31	佐賀	晴	4.0	宝満山特別(A1)		7.0	4.0	4.0	6.3	2.0	2	出水拓人	56.0	ダ1860		良	**	2:03.9	0.9	**	3-2-3-3		39.5	461(+1)			コスモファルネーゼ	73.6																																																																							
2018100410	2025-06-15	佐賀	小雨	7.0	佐賀王冠賞(重賞)		10.0	1.0	1.0	39.7	5.0	3	出水拓人	56.0	ダ2000		不	**	2:11.6	1.1	**	8-8-6-4		39.3	457(-4)			ビキニボーイ	80.0																																																																							
2018100410	2025-07-21	佐賀	晴	7.0	阿蘇山特別		10.0	6.0	6.0	7.4	3.0	3	出水拓人	56.0	ダ1750		重	**	1:55.2	0.7	**	3-4-3-3		38.9	461(+4)			アエノブライアン	41.4																																																																							
2018100410	2025-08-24	佐賀	曇	6.0	九州チャンピオンシッ(重賞)		9.0	7.0	8.0	7.9	3.0	2	出水拓人	56.0	ダ1750		不	**	1:53.9	0.7	**	7-8-6-5		38.3	461(0)			アエノブライアン	140.0																																																																							
2018100410	2025-09-07	佐賀	晴	10.0	脊振山特別		9.0	3.0	3.0	2.4	2.0	7	川島拓	56.0	ダ1800		良	**	2:01.4	2.4	**	6-4-5-6		41.5	457(-4)			タイキマクスウェル																																																																								
2018100410	2025-10-05	佐賀	曇	6.0	鳥栖大賞(重賞)		12.0	8.0	12.0	92.4	9.0	8	出水拓人	56.0	ダ2000		重	**	2:11.0	2.7	**	8-9-10-9		39.8	459(+2)			アラジンバローズ																																																																								
2018100410	2025-11-02	佐賀	晴	6.0	九州大賞典(重賞)		8.0	8.0	8.0	37.7	6.0	2	出水拓人	56.0	ダ2500		良	**	2:48.0	0.0	**	6-6-4-4		39.4	461(+2)			コスモファルネーゼ	210.0																																																																							
2018100410	2025-12-06	佐賀	晴	2.0	由布岳賞		7.0	5.0	5.0	50.8	6.0	5	田中純	56.0	ダ1750		良	**	1:56.6	1.4	**	6-6-6-5		39.1	464(+3)			ビキニボーイ	20.0																																																																							
2018100410	2025-12-28	佐賀	晴	5.0	中島記念(重賞)		12.0	6.0	7.0	195.6	8.0	6	田中純	56.0	ダ1800		稍	**	1:57.6	3.3	**	12-12-10-8		39.2	458(-6)			アウトドライブ																																																																								
2018100421	2021-02-20	1阪神3		4.0	3歳新馬								和田竜二		ダ1400				1:28.7	1.2		11-9	34.8-40.0	39.7	498(0)					晴		16.0	5.0	9.0	23.4	9.0	6	54.0	良	**	**		メイショウサトワ																																																									
2018100421	2021-03-20	1阪神11		3.0	3歳未勝利								国分恭介		ダ1400				1:27.6	2.7		7-7	35.7-36.9	38.7	498(0)					晴		16.0	8.0	16.0	37.8	6.0	6	54.0	良	**	**		スカリーワグ																																																									
2018100421	2021-04-11	2阪神6		1.0	3歳未勝利								浜中俊		ダ1200				1:14.8	1.8		11-12	35.5-37.5	37.5	490(-8)					晴		15.0	3.0	4.0	66.7	10.0	10	54.0	良	**	**		セイウンノウヒメ																																																									
2018100421	2021-05-08	3中京1		1.0	3歳未勝利								富田暁		ダ1800				1:59.0	6.8		7-6-12-13	36.8-38.0	43.4	494(+4)					晴		14.0	5.0	8.0	177.2	12.0	13	53.0	稍	**	**		キャリアリズム																																																									
2018100421	2021-06-13	4中京4		4.0	3歳未勝利								国分優作		芝1600				1:35.7	1.4		5-5-5	34.8-35.3	36.1	484(-10)					曇		15.0	1.0	2.0	114.6	10.0	9	54.0	良	**	**		シャイニングフジ																																																									
2018100421	2021-08-22	2札幌4		2.0	3歳未勝利								菱田裕二		ダ1000				1:00.7	0.6		11-10	35.9-36.2	35.7	506(+22)				77.0	晴		12.0	2.0	2.0	105.0	11.0	4	54.0	良	**	**		アイヴォリーアイ																																																									
2018100421	2021-08-29	2札幌6		2.0	3歳未勝利								菱田裕二		ダ1000				0:59.7	0.0		11-6	35.4-35.9	35.0	500(-6)				200.0	晴		12.0	8.0	12.0	12.2	6.0	2	54.0	良	**	**		スペシャリティ																																																									
2018100421	2021-09-05	2札幌8		5.0	3歳未勝利								藤岡佑介		ダ1700				1:47.3	1.0		10-11-13-10	30.4-38.4	38.4	502(+2)					晴		14.0	3.0	4.0	16.7	6.0	6	54.0	稍	**	**		シルミーヌ																																																									
2018100421	2021-10-24	盛岡		7.0	おいしい!いわての原(C1)								関本玲花		ダ1400				1:27.1	0.5		5-3		37.8	512(+10)				12.3	晴		11.0	8.0	11.0	1.7	1.0	2	51.0	稍	**	**		メイショウタニカゼ																																																									
2018100421	2021-11-07	盛岡		8.0	C1								陶文峰		ダ1200				1:15.3	-1.0		3-2		37.8	508(-4)				35.0	晴		9.0	3.0	3.0	1.1	1.0	1	54.0	稍	**	**		(レーヴドブラン)																																																									
2018100421	2021-11-22	盛岡		8.0	ブルーアンバー賞(C1)								陶文峰		ダ1200				1:14.0	-1.0		2-1		37.9	499(-9)				35.0	雨		12.0	7.0	9.0	1.2	1.0	1	54.0	重	**	**		(トキノワンカラット)																																																									
2018100421	2022-01-16	1小倉2		3.0	4歳以上1勝クラス								菱田裕二		ダ1000				1:00.9	1.2		13-12	34.7-36.8	36.5	478(-21)					小雨		13.0	7.0	11.0	31.6	8.0	11	54.0	良	**	**		ルーリング																																																									
2018100421	2022-01-30	1中京10		12.0	4歳以上1勝クラス								柴山雄一		ダ1200				1:13.2	0.6		12-10	35.0-37.6	37.4	478(0)					曇		16.0	2.0	4.0	238.8	16.0	6	54.0	良	**	**		レオパルドミノル																																																									
2018100421	2022-03-20	1阪神12		8.0	4歳以上1勝クラス								菱田裕二		ダ1200				1:13.9	1.8		16-15	35.2-36.9	37.3	480(+2)					曇		16.0	1.0	1.0	48.7	13.0	13	55.0	重	**	**		ミスズメジャー																																																									
2018100421	2022-05-07	3中京1		12.0	4歳以上1勝クラス								国分優作		ダ1400				1:25.2	0.3		4-4	35.0-37.8	37.8	480(0)				310.0	晴		10.0	8.0	9.0	90.8	10.0	2	55.0	良	**	**		メイショウミチノク																																																									
2018100421	2022-06-05	4中京2		8.0	3歳以上1勝クラス								国分優作		ダ1400				1:25.2	1.3		4-4	35.0-36.8	37.8	484(+4)					曇		15.0	1.0	1.0	129.3	13.0	12	55.0	良	**	**		モズリッキー																																																									
2018100421	2022-07-17	3小倉6		7.0	3歳以上1勝クラス								西村淳也		ダ1000				1:00.1	1.7		14-14	34.3-35.5	35.3	496(+12)					晴		14.0	5.0	7.0	24.5	6.0	11	55.0	稍	**	**		エクサープト																																																									
2018100421	2022-09-19	5中京5		7.0	3歳以上1勝クラス								国分優作		ダ1400				1:25.9	1.0		8-9	34.4-38.3	38.5	500(+4)					曇		15.0	8.0	15.0	60.7	12.0	8	55.0	稍	**	**		キュートヴィラン																																																									
2018100421	2022-11-08	金沢		9.0	加賀四湯賞(A2B1)								国分優作		ダ1500				1:34.6	0.4		5-5-5-3		38.3	511(+11)				10.2	曇		5.0	4.0	4.0	6.7	5.0	4	54.0	稍	**	**		ロードグリュック																																																									
2018100421	2022-12-18	6中京6		3.0	3歳以上1勝クラス								今村聖奈		ダ1400				1:27.3	1.4		4-5	34.6-39.3	40.0	500(-11)					晴		16.0	1.0	2.0	71.9	12.0	6	52.0	良	**	**		トランキリテ																																																									
2018100421	2023-01-29	1中京10		8.0	4歳以上1勝クラス								国分優作		ダ1400				1:25.8	0.3		7-6	34.3-39.2	38.5	500(0)				120.0	晴		16.0	7.0	14.0	129.1	13.0	4	56.0	良	**	**		レッドラマンシュ																																																									
2018100421	2023-02-25	1阪神5		8.0	4歳以上1勝クラス								国分優作		ダ1400				1:26.7	1.7		10-12	35.5-37.6	37.7	502(+2)					晴		16.0	7.0	13.0	40.4	10.0	15	56.0	稍	**	**		ロードオルデン																																																									
2018100421	2023-03-25	2中京5		7.0	4歳以上1勝クラス								河原田菜		ダ1400				1:24.6	0.2		12-13	35.2-37.0	36.3	496(-6)				200.0	曇		16.0	6.0	11.0	26.3	9.0	3	52.0	不	**	**		アーレンダール																																																									
2018100421	2023-04-16	2阪神8		7.0	4歳以上1勝クラス								河原田菜		ダ1200				1:12.9	1.7		13-13	34.5-36.7	36.4	494(-2)					晴		13.0	7.0	10.0	17.1	8.0	11	52.0	重	**	**		ルシャリーブル																																																									
2018100421	2023-07-16	3中京6		8.0	3歳以上1勝クラス								河原田菜		ダ1400				1:26.5	1.8		16-16	34.3-37.9	36.9	508(+14)					晴		16.0	2.0	4.0	62.4	12.0	13	52.0	良	**	**		トウシンカーリン																																																									
2018100421	2023-10-07	2京都1		7.0	3歳以上1勝クラス								国分優作		ダ1400				1:25.4	0.5		8-7	34.3-38.2	37.5	506(-2)				200.0	晴		16.0	8.0	16.0	122.3	15.0	3	56.0	良	**	**		カセノミオ																																																									
2018100421	2023-10-29	2京都9		8.0	3歳以上1勝クラス								国分優作		ダ1400				1:25.9	1.1		10-9	34.4-38.3	38.1	504(-2)					晴		16.0	2.0	3.0	51.5	10.0	11	56.0	良	**	**		カマチョクイン																																																									
2018100421	2023-12-17	4中京6		3.0	3歳以上1勝クラス								亀田温心		ダ1400				1:25.9	1.0		13-13	34.6-38.3	38.0	496(-8)					晴		16.0	8.0	16.0	64.9	10.0	11	56.0	稍	**	**		ジュンウィンダム																																																									
2018100421	2024-01-18	姫路		11.0	JRA交流夢前川特別								吉村智洋		ダ1500				1:38.7	0.8		5-6-5-5		40.7	498(+2)				30.0	雨		11.0	8.0	10.0	6.0	4.0	4	54.0	稍	**	**		ファムスパーブ																																																									
2018100421	2024-03-02	1阪神3		8.0	4歳以上1勝クラス								国分優作		ダ1400				1:25.8	1.1		7-7	34.9-37.7	38.1	494(-4)					曇		14.0	4.0	5.0	152.5	12.0	9	56.0	稍	**	**		シゲルソロソロ																																																									
2018100421	2024-03-30	2阪神3		7.0	4歳以上1勝クラス								柴田裕一		ダ1400				1:25.9	0.9		13-10	35.6-37.2	37.0	496(+2)					晴		16.0	7.0	14.0	266.0	16.0	9	53.0	稍	**	**		セミマル																																																									
2018100421	2024-05-12	3京都8		8.0	4歳以上1勝クラス								柴田裕一		ダ1200				1:12.8	0.4		10-11	35.2-37.2	36.1	496(0)				200.0	曇		12.0	4.0	4.0	19.8	11.0	3	53.0	良	**	**		ノットファウンド																																																									
2018100421	2024-05-25	3京都11		6.0	4歳以上1勝クラス								柴田裕一		ダ1400				1:25.5	0.5		11-13	34.8-37.7	37.2	496(0)					晴		16.0	2.0	4.0	88.9	14.0	7	53.0	良	**	**		マイド																																																									
2018100421	2024-08-25	2中京6		6.0	3歳以上1勝クラス								柴田裕一		ダ1400				1:25.1	0.2		15-13	34.3-38.2	36.7	514(+18)				200.0	曇		15.0	2.0	3.0	69.5	13.0	3	53.0	良	**	**		ブループリマドンナ																																																									
2018100421	2024-09-16	3中京5		6.0	3歳以上1勝クラス								柴田裕一		ダ1400				1:23.9	-0.2		4-5	34.8-37.3	36.9	514(0)				800.0	晴		15.0	8.0	14.0	14.5	6.0	1	53.0	稍	**	**		(テーオードラッカー)																																																									
2018100421	2024-09-29	3中京9		12.0	3歳以上2勝クラス								柴田裕一		ダ1400				1:24.6	1.2		10-11	35.0-36.4	36.8	516(+2)					曇		16.0	6.0	12.0	48.5	11.0	11	53.0	稍	**	**		リンドラゴ																																																									
2018100421	2024-11-24	6京都8		8.0	3歳以上2勝クラス								柴田裕一		ダ1400				1:25.3	1.0		7-9	34.7-37.6	37.6	510(-6)					曇		16.0	1.0	2.0	95.6	14.0	9	53.0	良	**	**		サウンドアレグリア																																																									
2018100421	2024-12-22	7京都8		8.0	3歳以上2勝クラス								柴田裕一		ダ1400				1:27.1	1.7		8-13	36.0-37.6	38.3	498(-12)					晴		16.0	8.0	16.0	130.7	15.0	13	53.0	良	**	**		スターペスカオリ																																																									
2018100693	2020-06-21	3東京6	晴	5.0	2歳新馬		13.0	1.0	1.0	8.5	4.0	1	田辺裕信	54.0	芝1600		稍	**	1:37.2	-0.2	**	7-6	37.8-34.7	34.2	464(0)			(カランドゥーラ)	700.0																																																																							
2018100693	2020-08-30	3新潟6	晴	11.0	新潟2歳S(GIII)		11.0	7.0	9.0	3.9	1.0	2	田辺裕信	54.0	芝1600		良	**	1:34.9	0.3	**	7-3	34.6-35.1	34.8	468(+4)			ショックアクション	1211.0																																																																							
2018100693	2020-11-07	5東京1	曇	11.0	京王杯2歳S(GII)		18.0	8.0	18.0	7.0	3.0	8	田辺裕信	55.0	芝1400		良	**	1:22.7	0.9	**	13-15	34.7-34.7	34.4	472(+4)			モントライゼ																																																																								
2018100693	2021-01-10	1中京3	晴	11.0	日刊スポシンザン記念(GIII)		15.0	2.0	2.0	34.2	10.0	6	田辺裕信	56.0	芝1600		良	**	1:34.1	0.8	**	5-7-7	34.7-35.2	35.4	476(+4)			ピクシーナイト																																																																								
2018100693	2021-01-30	1東京1	晴	10.0	クロッカスS(L)		10.0	6.0	6.0	7.4	4.0	5	戸崎圭太	56.0	芝1400		良	**	1:22.7	0.5	**	9-7	37.0-33.4	33.3	478(+2)			ストライプ	200.0																																																																							
2018100693	2021-04-10	3中山5	晴	11.0	ニュージーランドT(GII)		16.0	7.0	13.0	57.5	12.0	10	丸山元気	56.0	芝1600		良	**	1:34.9	1.8	**	3-10-10	35.0-34.6	35.8	476(-2)			バスラットレオン																																																																								
2018100693	2021-06-19	3東京5	小雨	10.0	相模湖特別(2勝クラス)		13.0	7.0	10.0	5.9	4.0	2	田辺裕信	54.0	芝1400		稍	**	1:21.5	0.3	**	3-4	35.4-34.2	34.1	476(0)			カイトゲニー	608.2																																																																							
2018100693	2021-08-14	4新潟1	雨	10.0	新発田城特別(2勝クラス)		17.0	8.0	15.0	7.9	4.0	8	田辺裕信	54.0	芝1400		稍	**	1:21.9	0.8	**	3-2	33.7-35.7	36.3	472(-4)			テンハッピーローズ																																																																								
2018100693	2022-03-13	2中京2	曇	9.0	岡崎特別(2勝クラス)		10.0	3.0	3.0	12.0	5.0	2	大野拓弥	57.0	芝1400		良	**	1:20.0	0.0	**	3-3	34.3-34.2	33.8	476(+4)			ショウナンアレス	607.6																																																																							
2018100693	2022-04-16	2阪神7	晴	9.0	千種川特別(2勝クラス)		11.0	8.0	10.0	2.1	1.0	3	川田将雅	57.0	芝1400		良	**	1:20.5	0.2	**	3-3	34.5-34.5	34.5	476(0)			タイキスウォード	383.9																																																																							
2018100693	2022-05-07	2東京5	晴	12.0	4歳以上2勝クラス		9.0	5.0	5.0	1.7	1.0	1	田辺裕信	57.0	芝1400		良	**	1:21.2	-0.3	**	1-1	35.2-34.1	34.1	476(0)			(ウィスパリンホープ)	1110.0																																																																							
2018100693	2022-06-19	3東京6	晴	10.0	多摩川S(3勝クラス)		10.0	4.0	4.0	9.8	5.0	8	田辺裕信	55.0	芝1400		良	**	1:21.2	0.8	**	5-6	35.6-33.3	33.6	476(0)			ウインシャーロット																																																																								
2018100693	2022-08-06	2新潟3	晴	11.0	新潟日報賞(3勝クラス)		18.0	8.0	16.0	24.4	9.0	16	岩田康誠	55.0	芝1400		良	**	1:21.7	2.0	**	3-3	32.8-35.6	37.1	474(-2)			フェルミスフィア																																																																								
2018100693	2022-10-15	4東京4	晴	10.0	白秋S(3勝クラス)		18.0	5.0	9.0	53.6	11.0	6	田辺裕信	57.0	芝1400		良	**	1:21.1	0.3	**	4-3	34.6-34.5	33.9	480(+6)			レイモンドバローズ																																																																								
2018100693	2022-11-12	5東京3	晴	10.0	奥多摩S(3勝クラス)		16.0	4.0	7.0	20.5	7.0	9	マーカン	55.0	芝1400		良	**	1:21.6	0.8	**	4-5	35.2-33.8	34.3	478(-2)			ルチェカリーナ																																																																								
2018100693	2022-12-03	6中京1	晴	11.0	飛騨S(3勝クラス)		11.0	5.0	5.0	19.4	8.0	6	菱田裕二	57.0	芝1400		良	**	1:20.4	0.3	**	3-3	33.9-35.0	35.0	474(-4)			サトノアイ																																																																								
2018100693	2023-02-11	1東京5	晴	10.0	雲雀S(3勝クラス)		15.0	1.0	1.0	17.6	8.0	4	田辺裕信	55.0	芝1400		稍	**	1:20.9	0.3	**	12-12	34.3-34.7	33.9	478(+4)			グラスミヤラビ	280.0																																																																							
2018100693	2023-03-05	1阪神8	晴	10.0	戎橋S(3勝クラス)		10.0	5.0	5.0	15.3	7.0	3	団野大成	55.0	芝1400		良	**	1:20.5	0.2	**	3-2	33.7-34.9	34.7	476(-2)			メイショウシンタケ	463.2																																																																							
2018100693	2023-04-02	2阪神4	晴	10.0	心斎橋S(3勝クラス)		15.0	8.0	15.0	16.4	7.0	7	団野大成	58.0	芝1400		良	**	1:20.3	0.3	**	9-9	34.3-34.2	33.5	472(-4)			メイショウホシアイ																																																																								
2018100693	2023-12-17	5阪神6	晴	10.0	六甲アイランドS(3勝クラス)		18.0	4.0	7.0	18.5	5.0	13	マーカン	55.0	芝1400		良	**	1:21.9	1.6	**	4-4	33.1-35.9	37.2	482(+10)			ダノンティンパニー																																																																								
2018100693	2024-01-07	1京都2	晴	10.0	新春S(3勝クラス)		13.0	5.0	7.0	19.6	7.0	4	岩田望来	58.0	芝1400		良	**	1:22.6	0.1	**	3-2	35.2-35.5	35.3	482(0)			サンライズロナウド	280.0																																																																							
2018100693	2024-02-17	2京都7	晴	10.0	河原町S(3勝クラス)		16.0	3.0	5.0	24.5	6.0	9	団野大成	56.0	ダ1400		稍	**	1:24.6	0.8	**	4-5	35.1-36.8	37.3	482(0)			レディフォース																																																																								
2018100693	2024-03-02	1阪神3	曇	10.0	なにわS(3勝クラス)		16.0	6.0	12.0	37.8	10.0	3	団野大成	58.0	ダ1200		稍	**	1:11.5	0.5	**	5-4	34.6-36.4	36.6	482(0)			コパノパサディナ	465.0																																																																							
2018100693	2024-03-31	2阪神4	曇	12.0	陽春S(3勝クラス)		16.0	4.0	8.0	8.4	5.0	5	松山弘平	56.0	ダ1200		良	**	1:12.3	0.7	**	4-4	35.2-36.4	36.7	480(-2)			ナムラフランク	184.0																																																																							
2018100693	2024-04-28	3京都4	晴	10.0	ライスシャワーC(3勝クラス)		18.0	4.0	8.0	27.8	10.0	8	団野大成	58.0	芝1200		良	**	1:08.2	0.4	**	7-6	34.1-33.7	33.5	476(-4)			グランテスト																																																																								
2018100693	2024-06-29	1函館7	晴	11.0	TVh杯(3勝クラス)		16.0	8.0	16.0	32.5	12.0	5	永野猛蔵	58.0	芝1200		良	**	1:08.8	0.3	**	9-8	33.4-35.1	34.8	488(+12)			ミッキーハーモニー	184.0																																																																							
2018100693	2024-09-08	4中山2	晴	10.0	セプテンバーS(3勝クラス)		10.0	2.0	2.0	20.4	9.0	10	永野猛蔵	56.0	芝1200		良	**	1:07.8	0.5	**	6-8	33.7-33.6	33.4	480(-8)			ウインモナーク																																																																								
2018100693	2024-10-05	5京都1	晴	10.0	大山崎S(3勝クラス)		16.0	7.0	14.0	32.0	8.0	3	団野大成	58.0	ダ1200		稍	**	1:11.9	0.5	**	9-9	34.0-37.4	36.9	478(-2)			スターターン	464.9																																																																							
2018100693	2024-11-02	6京都1	雨	10.0	貴船S(3勝クラス)		16.0	5.0	10.0	16.4	5.0	12	団野大成	56.0	ダ1200		不	**	1:12.4	2.2	**	13-13	34.5-35.7	36.4	478(0)			インユアパレス																																																																								
2018100693	2024-12-07	5中山3	晴	10.0	アクアラインS(3勝クラス)		16.0	2.0	3.0	34.4	12.0	4	戸崎圭太	56.0	ダ1200		良	**	1:10.8	0.6	**	8-7	33.5-36.7	36.6	482(+4)			グッジョブ	280.0																																																																							
2018100693	2025-01-13	1中山5	晴	10.0	初春S(3勝クラス)		16.0	1.0	2.0	28.4	8.0	15	田辺裕信	56.0	ダ1200		良	**	1:12.9	2.4	**	10-11	33.1-37.4	38.6	486(+4)			ロードフロンティア																																																																								
2018100693	2025-03-09	1阪神4	晴	10.0	淀屋橋S(3勝クラス)		12.0	2.0	2.0	56.0	11.0	7	岩田望来	58.0	芝1200		良	**	1:08.4	0.7	**	5-5	32.8-34.9	34.8	476(-10)			ツインクルトーズ																																																																								
2018100693	2025-04-06	2阪神4	晴	12.0	陽春S(3勝クラス)		11.0	2.0	2.0	33.3	10.0	9	丹内祐次	58.0	ダ1200		良	**	1:13.0	1.6	**	6-6	34.3-37.1	38.0	474(-2)			エコロガイア																																																																								
2018100693	2025-06-15	高知	晴	4.0	C1ー4		11.0	1.0	1.0	2.4	1.0	1	多田羅誠	57.0	ダ1400		不	**	1:28.4	-0.5	**	4-4-4-3		38.7	483(+9)			(ラプラス)	90.0																																																																							
2018100693	2025-06-29	高知	晴	10.0	柏島特別(C1)		9.0	8.0	8.0	1.9	1.0	6	多田羅誠	57.0	ダ1300		稍	**	1:23.1	1.3	**	9-9-8-9		38.7	488(+5)			メイショウヒューマ																																																																								
2018100693	2025-07-13	高知	曇	9.0	C1ー2		11.0	2.0	2.0	1.9	1.0	2	多田羅誠	57.0	ダ1400		不	**	1:30.6	0.1	**	3-3-4-2		37.7	479(-9)			ナムラテディー	36.0																																																																							
2018100693	2025-07-26	高知	曇	9.0	五台山特別		12.0	5.0	5.0	6.8	3.0	3	井上瑛太	57.0	ダ1300		重	**	1:23.3	0.4	**	6-5-7-3		39.1	485(+6)			ケイアイメープル	75.0																																																																							
2018100693	2025-09-13	高知	曇	9.0	Bー2		10.0	4.0	4.0	5.3	3.0	1	赤岡修次	57.0	ダ1400		重	**	1:29.8	-0.5	**	3-3-3-3		38.5	488(+3)			(ポイントフォワード)	120.0																																																																							
2018100693	2025-09-27	高知	曇	10.0	虚空蔵山特別(B)		12.0	3.0	3.0	1.6	1.0	2	多田羅誠	57.0	ダ1400		不	**	1:30.3	0.2	**	1-1-1-1		39.7	495(+7)			アムレートゥム	64.0																																																																							
2018100693	2025-10-12	高知	曇	5.0	横浜特別		11.0	6.0	6.0	5.8	4.0	1	宮川実	57.0	ダ1400		稍	**	1:30.0	-0.5	**	8-6-6-5		38.9	495(0)			(グレートヒエン)	500.0																																																																							
2018100693	2025-10-26	高知	晴	10.0	オパール特別(A)		8.0	7.0	7.0	2.7	2.0	4	永森大智	58.0	ダ1400		不	**	1:30.6	0.4	**	5-3-3-3		39.3	492(-3)			ロードレイライン	36.0																																																																							
2018100693	2026-01-10	高知	晴	10.0	ガーネット特別(A)		6.0	3.0	3.0	7.9	4.0	5	宮川実	57.0	ダ1400		良	**	1:32.2	0.6	**	3-3-3-3		39.9	487(-5)			ケイアイメープル	24.0																																																																							
2018100961	2021-02-27	1阪神5		5.0	3歳未勝利								松山弘平		芝1600				1:35.0	1.2		14-14	35.4-34.4	34.3	470(0)					晴		16.0	3.0	5.0	16.9	6.0	13	56.0	良	**	**		ロードラスター																																																									
2018100961	2021-03-27	2阪神1		5.0	3歳未勝利								高倉稜		ダ1400				1:26.4	0.4		5-4	34.8-38.8	38.4	464(-6)				77.0	晴		16.0	3.0	5.0	12.8	5.0	4	56.0	良	**	**		ラルフ																																																									
2018100961	2021-04-11	2阪神6		2.0	3歳未勝利								高倉稜		ダ1400				1:25.9	0.7		4-4	35.6-37.5	37.7	458(-6)				130.0	晴		15.0	7.0	13.0	5.7	3.0	3	56.0	良	**	**		サトノテンペスト																																																									
2018100961	2021-05-08	3中京1		2.0	3歳未勝利								高倉稜		ダ1400				1:25.4	0.9		6-5	34.9-37.7	38.2	456(-2)				77.0	晴		16.0	7.0	14.0	9.0	3.0	4	56.0	稍	**	**		エイシンギアアップ																																																									
2018100961	2021-05-23	3中京6		2.0	3歳未勝利								高倉稜		ダ1800				1:54.5	1.6		8-9-8-5	37.0-38.4	39.1	454(-2)					晴		16.0	6.0	12.0	5.9	2.0	7	56.0	重	**	**		ニホンピロハーバー																																																									
2018100961	2021-06-13	4中京4		6.0	3歳未勝利								高倉稜		芝2200				2:17.4	2.3		8-8-8-7	35.2-37.0	38.5	456(+2)					雨		14.0	5.0	8.0	14.6	4.0	8	56.0	良	**	**		ウインリブルマン																																																									
2018100961	2021-07-10	3小倉3		7.0	3歳未勝利								高倉稜		芝1200				1:08.9	0.9		12-16	32.9-35.1	34.8	458(+2)					曇		18.0	8.0	17.0	43.2	9.0	17	56.0	良	**	**		テイエムエメラルド																																																									
2018100961	2021-08-28	4小倉5		6.0	3歳未勝利								高倉稜		ダ1700				1:47.1	0.2		12-12-9-5	29.7-39.2	38.8	456(-2)				130.0	晴		16.0	1.0	1.0	17.2	9.0	3	56.0	良	**	**		ビオグラフィア																																																									
2018100961	2021-09-05	4小倉8		6.0	3歳未勝利								高倉稜		ダ1700				1:47.9	2.6		15-15-14-13	29.3-38.6	39.9	458(+2)					曇		16.0	3.0	6.0	10.4	5.0	11	56.0	稍	**	**		ヨロシオスナ																																																									
2018100961	2022-07-21	名古屋		7.0	C8組								大畑雅章		ダ1500				1:37.1	0.6		4-3-4		40.6	455(-3)				4.6	晴		11.0	8.0	10.0	1.9	1.0	4	56.0	良	**	**		ウルスラ																																																									
2018100961	2022-08-04	名古屋		8.0	C7組								大畑雅章		ダ1500				1:35.8	-1.9		3-2-1		39.0	450(-5)				35.0	雨		11.0	6.0	7.0	3.8	2.0	1	56.0	良	**	**		(スターロード)																																																									
2018100961	2022-08-19	名古屋		12.0	油ヶ淵特別(C)								大畑雅章		ダ1500				1:35.6	-0.1		4-2-2		39.5	445(-5)				50.0	晴		10.0	8.0	9.0	1.2	1.0	1	56.0	稍	**	**		(ミスズフィーリング)																																																									
2018100961	2022-08-31	名古屋		11.0	おとめ座特別(B)								大畑雅章		ダ1500				1:37.3	0.5		7-5-4		39.6	448(+3)				12.0	晴		11.0	3.0	3.0	3.9	2.0	3	56.0	稍	**	**		ヴェル																																																									
2018100961	2022-09-15	名古屋		12.0	B4組								大畑雅章		ダ1500				1:38.1	-0.6		8-4-3		38.5	449(+1)				40.0	晴		11.0	3.0	3.0	1.3	1.0	1	56.0	良	**	**		(ウルスラ)																																																									
2018100961	2022-11-13	5阪神4		6.0	3歳以上1勝クラス								和田翼		ダ1800				1:53.6	2.0		10-9-11-11	36.9-36.6	37.6	446(-3)					雨		12.0	4.0	4.0	147.7	12.0	7	57.0	稍	**	**		サンライズアリオン																																																									
2018100961	2022-12-04	6中京2		7.0	3歳以上1勝クラス								和田翼		ダ1800				1:55.4	1.4		10-10-10-9	38.1-38.0	38.1	448(+2)					晴		11.0	1.0	1.0	79.1	9.0	6	57.0	良	**	**		アスクビックスター																																																									
2018100961	2022-12-28	6阪神9		8.0	3歳以上1勝クラス								和田翼		ダ1800				1:55.5	0.9		9-9-9-8	37.8-38.5	38.2	446(-2)					晴		11.0	7.0	9.0	53.4	9.0	6	57.0	良	**	**		ブラックボイス																																																									
2018100961	2024-02-18	2小倉4		6.0	4歳以上1勝クラス								和田翼		ダ2400				2:37.7	2.3		12-12-13-13	38.2-38.3	38.8	462(+16)					晴		13.0	7.0	11.0	85.9	12.0	13	58.0	良	**	**		ムジェロ																																																									
2018100961	2024-09-18	名古屋		10.0	名古屋CCヴェスタ賞(A)								丸野勝虎		ダ2000				2:10.8	-0.1		3-1-1		39.7	465(+3)				180.0	晴		11.0	7.0	8.0	26.3	6.0	1	57.0	良	**	**		(サトノレイズ)																																																									
2018100961	2024-10-19	5京都5		9.0	北國新聞杯(2勝クラス)								幸英明		ダ1900				1:59.8	1.3		12-12-12-10	29.2-38.9	38.4	454(-11)					雨		12.0	7.0	9.0	85.4	12.0	8	53.0	稍	**	**		タイトニット																																																									
2018100961	2024-11-10	6京都4		7.0	3歳以上2勝クラス								酒井学		ダ1800				1:52.9	1.5		10-10-10-10	36.8-37.0	37.2	454(0)					晴		12.0	5.0	6.0	224.7	11.0	9	58.0	良	**	**		パシアンジャン																																																									
2018100961	2024-12-07	7京都3		10.0	花見小路特別(2勝クラス)								田中健		ダ1900				2:00.6	1.8		10-9-12-10	28.7-37.9	37.0	452(-2)				155.0	晴		14.0	2.0	2.0	126.0	11.0	5	52.0	良	**	**		ロードクロンヌ																																																									
2018100961	2024-12-22	7京都8		9.0	クリスマスエルフ賞(2勝クラス)								田中健		ダ1800				1:55.3	1.5		15-15-14-14	37.2-38.6	37.9	452(0)					晴		16.0	6.0	11.0	154.4	15.0	11	58.0	良	**	**		タンゴバイラリン																																																									
2018100961	2025-07-06	2小倉4		10.0	九州スポーツ杯(2勝クラス)								幸英明		芝2600				2:44.2	4.7		7-7-7-6	36.3-36.8	39.2	454(+2)				230.0	晴		7.0	2.0	2.0	34.2	5.0	4	58.0	良	**	**		ベトルス																																																									
2018100961	2025-07-19	2小倉7		10.0	熊本城特別(2勝クラス)								幸英明		ダ1700				1:45.1	1.9		16-16-14-11	29.7-36.7	37.4	444(-10)					曇		16.0	4.0	8.0	80.1	11.0	9	58.0	重	**	**		レイナデアルシーラ																																																									
2018100961	2025-10-18	3京都6		10.0	清滝特別(2勝クラス)								井上敏樹		芝2200				2:15.6	1.9		7-7-7-9	37.7-33.8	34.0	458(+14)					曇		9.0	5.0	5.0	240.9	9.0	9	58.0	良	**	**		ジョイボーイ																																																									
2018100961	2025-11-01	3京都10		8.0	3歳以上2勝クラス								井上敏樹		ダ1800				1:50.3	1.2		15-15-15-15	35.4-36.6	36.2	458(0)					晴		15.0	6.0	11.0	179.2	15.0	8	58.0	重	**	**		アーロンイメル																																																									
2018100961	2025-11-16	4京都4		7.0	3歳以上2勝クラス								田山旺佑		ダ1800				1:52.0	1.2		13-13-12-11	35.3-38.0	37.7	456(-2)					晴		16.0	1.0	1.0	87.8	10.0	7	55.0	良	**	**		ゴールデンクラウド																																																									
2018100976	2020-12-20	5中山6		6.0	2歳新馬								横山和生		ダ1800				2:00.1	1.9		10-6-9-6	38.9-40.3	41.6	508(0)																																															晴		15.0	5.0	8.0	10.5	5.0	7	55.0	良	**	**		ブラックロータス															
2018100976	2021-02-14	1東京6		3.0	3歳未勝利								北村宏司		ダ1600				1:39.8	0.6		14-15	36.2-37.2	36.8	510(+2)																																															晴		16.0	5.0	10.0	93.9	13.0	6	56.0	良	**	**		コンソレーション															
2018100976	2021-03-14	2中山6		3.0	3歳未勝利								横山和生		ダ1800				1:54.4	0.4		10-9-5-4	36.9-38.5	38.6	504(-6)				200.0																																											晴		14.0	6.0	10.0	10.6	4.0	2	56.0	不	**	**		ペイシャジュン															
2018100976	2021-04-10	3中山5		2.0	3歳未勝利								横山和生		ダ1800				1:54.4	0.1		3-2-3-2	38.0-37.9	37.7	498(-6)				200.0																																											晴		13.0	1.0	1.0	2.9	2.0	2	56.0	良	**	**		ロイヤルダンス															
2018100976	2021-05-08	2新潟1		2.0	3歳未勝利								横山和生		ダ1800				1:55.2	1.3		12-11-5-5	36.6-39.7	40.6	502(+4)				51.0																																											晴		15.0	8.0	14.0	2.8	2.0	5	56.0	良	**	**		コスモコラッジョ															
2018100976	2021-07-10	1函館3		4.0	3歳未勝利								横山和生		ダ1700				1:47.0	1.0		10-9-2-2	30.0-38.7	39.7	506(+4)				200.0																																											曇		14.0	6.0	10.0	4.6	3.0	2	56.0	良	**	**		ギャリエノワール															
2018100976	2021-07-31	1函館9		4.0	3歳未勝利								横山和生		ダ1700				1:47.4	-0.4		14-14-12-5	28.9-40.1	38.6	498(-8)				510.0																																											曇		14.0	6.0	9.0	1.8	1.0	1	56.0	良	**	**		(ナムラハカ)															
2018100976	2021-08-28	2札幌5		12.0	ニセコ特別(1勝クラス)								横山和生		ダ1700				1:47.0	0.1		13-13-13-7	31.1-38.0	37.1	502(+4)				275.2																																											晴		13.0	5.0	8.0	4.0	2.0	3	54.0	良	**	**		シンヨモギネス															
2018100976	2021-11-20	2福島5		2.0	3歳以上1勝クラス								横山和生		ダ1700				1:47.0	1.3		15-15-15-14	30.0-38.1	37.6	502(0)																																															晴		15.0	6.0	10.0	3.8	2.0	6	55.0	良	**	**		トーアエレクトロン															
2018100976	2022-05-22	2東京10		6.0	4歳以上1勝クラス								横山和生		ダ1600				1:39.8	2.9		16-16	35.7-36.6	35.4	512(+10)																																															晴		16.0	1.0	1.0	8.5	4.0	14	57.0	良	**	**		ユイノチャッキー															
2018100976	2022-06-18	1函館3		12.0	3歳以上1勝クラス								横山和生		ダ1700				1:45.9	1.9		14-14-14-12	30.3-37.1	36.8	516(+4)				77.0																																											晴		14.0	1.0	1.0	12.8	7.0	5	57.0	良	**	**		ブラッティーキッド															
2018100976	2022-07-10	1函館10		8.0	3歳以上1勝クラス								横山和生		ダ1700				1:46.7	1.4		11-11-12-11	30.2-38.9	37.6	516(0)				77.0																																											曇		12.0	8.0	11.0	10.0	5.0	5	57.0	良	**	**		ローヴェロ															
2018100976	2022-07-30	1札幌3		7.0	3歳以上1勝クラス								丸山元気		ダ1700				1:47.0	1.2		12-11-12-10	30.9-36.9	37.0	504(-12)																																															晴		14.0	4.0	6.0	29.6	9.0	7	57.0	良	**	**		ジョイス															
2018100976	2022-08-21	2札幌4		7.0	3歳以上1勝クラス								丸山元気		ダ1700				1:46.8	1.1		11-11-10-8	29.7-38.2	38.1	504(0)																																															晴		13.0	7.0	11.0	8.4	4.0	6	57.0	良	**	**		スマートセプター															
2018100976	2022-09-04	2札幌8		8.0	3歳以上1勝クラス								秋山稔樹		ダ1700				1:47.2	0.4		11-11-10-8	31.0-38.4	38.0	514(+10)				77.0																																											晴		14.0	5.0	7.0	18.3	6.0	5	56.0	良	**	**		テーオーバフェット															
2018100976	2022-12-18	5中山6		8.0	3歳以上1勝クラス								北村宏司		ダ1800				1:54.8	1.1		14-14-14-13	37.5-39.0	38.6	504(-10)				190.0																																											晴		15.0	2.0	3.0	37.2	9.0	3	57.0	稍	**	**		サクセスエース															
2018100976	2023-01-09	1中山4		7.0	4歳以上1勝クラス								北村宏司		ダ1800				1:54.6	-0.1		9-9-6-4	37.2-39.5	38.8	514(+10)				800.0																																											晴		16.0	3.0	5.0	24.9	7.0	1	58.0	良	**	**		(ネイチャーセラピー)															
2018100976	2023-03-04	2中山3		12.0	4歳以上2勝クラス								北村宏司		ダ1800				1:54.3	1.1		11-11-11-11	37.1-38.4	38.6	510(-4)																																															晴		16.0	3.0	5.0	17.5	8.0	8	58.0	良	**	**		パワーブローキング															
2018100976	2023-03-25	3中山1		12.0	4歳以上2勝クラス								北村宏司		ダ1800				1:53.5	1.0		14-13-14-14	38.1-37.4	37.1	512(+2)																																															小雨		15.0	5.0	9.0	32.7	12.0	10	58.0	不	**	**		サトノスライヴ															
2018100976	2023-04-16	3中山8		9.0	利根川特別(2勝クラス)								横山和生		ダ1800				1:52.9	2.0		16-16-16-16	36.5-37.6	36.5	508(-4)																																															雨		16.0	5.0	9.0	63.5	11.0	15	58.0	重	**	**		ゴールドブリーズ															
2018100976	2023-05-13	2東京7		12.0	4歳以上2勝クラス								横山和生		ダ1600				1:37.3	1.2		16-15	35.9-35.7	35.6	504(-4)																																															小雨		16.0	5.0	10.0	168.1	13.0	12	58.0	稍	**	**		ギャラクシーナイト															
2018100976	2023-07-23	1札幌2		10.0	大倉山特別(2勝クラス)								古川吉洋		ダ1700				1:48.5	1.8		13-9-11-12	30.9-37.1	37.9	508(+4)																																															晴		14.0	6.0	10.0	95.3	13.0	11	58.0	良	**	**		シルバーブレッド															
2018100976	2023-08-27	2札幌6		10.0	オールスターJ第3戦(2勝クラス)								モリス		ダ1700				1:46.6	2.4		10-10-10-12	30.7-36.5	38.3	508(0)																																															小雨		14.0	8.0	13.0	106.3	14.0	11	58.0	重	**	**		ナチュラルハイ															
2018100976	2023-12-28	5中山9		9.0	立志賞(2勝クラス)								北村宏司		ダ1800				1:54.6	1.1		16-16-16-14	36.2-39.2	39.1	516(+8)																																															晴		16.0	5.0	9.0	229.7	14.0	9	58.0	良	**	**		アクションプラン															
2018100976	2024-01-14	1中山5		8.0	4歳以上2勝クラス								木幡巧也		ダ1800				1:55.3	2.7		14-15-15-15	37.0-38.0	38.6	518(+2)																																															晴		16.0	1.0	2.0	313.4	14.0	13	58.0	良	**	**		ペンティメント															
2018100976	2024-02-03	1東京3		12.0	4歳以上2勝クラス								吉田豊		ダ1600				1:41.1	1.7		13-11	37.9-35.3	36.2	514(-4)																																															晴		16.0	8.0	16.0	327.5	15.0	10	58.0	良	**	**		タマモロック															
2018100976	2024-03-02	2中山3		12.0	4歳以上2勝クラス								吉田豊		ダ1800				1:54.6	1.0		10-12-11-9	38.2-37.0	37.2	508(-6)																																															曇		13.0	5.0	7.0	352.6	13.0	6	58.0	重	**	**		リチャ															
2018100976	2024-03-23	3中山1		12.0	4歳以上2勝クラス								北村宏司		ダ1800				1:54.5	0.7		10-10-11-9	38.5-37.8	37.7	506(-2)																																															曇		16.0	2.0	3.0	304.0	16.0	7	58.0	良	**	**		プラウドヘリテージ															
2018100976	2024-04-14	3中山8		9.0	利根川特別(2勝クラス)								北村宏司		ダ1800				2:00.7	8.1		8-8-9-11	35.9-38.6	45.9	506(0)																																															晴		14.0	2.0	2.0	144.4	11.0	14	58.0	良	**	**		カンピオーネ															
2018100976	2024-12-07	5中山3		12.0	3歳以上2勝クラス								北村宏司		ダ1800				1:54.8	1.3		12-12-12-14	36.9-38.8	39.2	510(+4)																																															晴		16.0	2.0	3.0	394.3	16.0	9	58.0	良	**	**		ゴールドアローン															
2018100976	2025-01-11	1中山3		10.0	初凪賞(2勝クラス)								木幡巧也		ダ1800				1:54.5	0.7		16-16-15-13	36.3-40.0	38.5	516(+6)				230.0																																											晴		16.0	1.0	1.0	152.8	13.0	4	58.0	稍	**	**		ビーアイオラクル															
2018100976	2025-01-25	1中山8		10.0	初霞賞(2勝クラス)								北村宏司		ダ1800				1:55.5	1.8		9-9-9-8	38.2-37.5	38.4	516(0)																																															曇		13.0	1.0	1.0	159.3	12.0	11	58.0	良	**	**		アピーリングルック															
2018100976	2025-03-01	2中山1		12.0	4歳以上2勝クラス								北村宏司		ダ1800				1:54.9	1.4		9-8-9-9	37.6-36.8	37.5	512(-4)				170.0																																											晴		14.0	5.0	8.0	323.5	14.0	4	58.0	良	**	**		ソーニーイシュー															
2018100976	2025-03-29	3中山1		12.0	4歳以上2勝クラス								菊沢一樹		ダ1800				1:54.2	2.5		7-7-7-8	36.9-38.2	38.9	510(-2)																																															曇		13.0	3.0	3.0	155.8	13.0	11	58.0	稍	**	**		イデアイゴッソウ															
2018100976	2025-05-11	1新潟4		10.0	五泉特別(2勝クラス)								横山琉人		ダ1800				1:55.3	1.6		14-14-15-15	36.2-39.9	39.5	512(+2)																																															曇		15.0	3.0	4.0	128.2	15.0	12	54.0	稍	**	**		プレイサーゴールド															
2018100976	2026-01-10	1中山3		8.0	4歳以上2勝クラス								石田拓郎		ダ1800				1:55.2	1.5		10-10-12-12	36.8-37.7	38.3	516(+4)																																															晴		13.0	4.0	4.0	226.9	12.0	10	55.0	良	**	**		エクリプスルバン															
2018101243	2020-10-31	4東京7		4.0	2歳新馬								内田博幸		ダ1400				1:27.6	1.1		8-6	37.6-36.2	36.8	462(0)																																	晴		16.0	2.0	4.0	4.0	2.0	7	55.0	良	**	**		マーチリリー																													
2018101243	2020-11-21	5東京5		2.0	2歳未勝利								内田博幸		ダ1400				1:26.5	0.4		5-4	35.7-38.0	37.9	466(+4)				200.0																													晴		16.0	2.0	4.0	10.8	4.0	2	55.0	良	**	**		スズノナデシコ																													
2018101243	2020-12-20	5中山6		3.0	2歳未勝利								内田博幸		ダ1200				1:13.9	0.3		12-10	34.3-39.3	38.3	476(+10)				200.0																													晴		16.0	3.0	5.0	3.8	1.0	2	55.0	良	**	**		キミワテル																													
2018101243	2021-01-16	1中山5		3.0	3歳未勝利								内田博幸		ダ1200				1:13.9	0.3		11-6	35.5-38.1	37.1	468(-8)				130.0																													晴		16.0	2.0	3.0	3.5	2.0	3	56.0	良	**	**		ボイラーハウス																													
2018101243	2021-02-07	1東京4		1.0	3歳未勝利								内田博幸		ダ1400				1:26.4	0.3		1-1	35.4-37.9	38.2	472(+4)				200.0																													晴		16.0	1.0	1.0	6.6	3.0	2	56.0	良	**	**		リワードマレンゴ																													
2018101243	2021-02-28	2中山2		4.0	3歳未勝利								内田博幸		ダ1200				1:13.4	0.0		1-1	35.3-38.1	38.1	472(0)				200.0																													晴		16.0	8.0	15.0	1.6	1.0	2	56.0	良	**	**		カフェアヴニール																													
2018101243	2021-05-01	2東京3		1.0	3歳未勝利								内田博幸		ダ1600				1:38.3	0.1		3-3	34.4-38.3	38.2	470(-2)				200.0																													晴		16.0	5.0	10.0	3.8	2.0	2	56.0	稍	**	**		アシタガアルサ																													
2018101243	2021-05-23	2東京10		1.0	3歳未勝利								内田博幸		ダ1400				1:26.0	-0.3		2-2	36.7-36.4	36.3	474(+4)				510.0																													晴		16.0	7.0	14.0	1.3	1.0	1	56.0	稍	**	**		(ラインスプラッシュ)																													
2018101243	2021-06-20	3東京6		12.0	3歳以上1勝クラス								内田博幸		ダ1400				1:24.0	0.5		11-10	35.1-36.8	36.6	484(+10)				190.0																													曇		16.0	4.0	8.0	14.7	6.0	3	54.0	重	**	**		アドマイヤルプス																													
2018101243	2021-10-16	4東京3		4.0	3歳以上1勝クラス								内田博幸		ダ1300				1:18.4	0.1		10-7	28.6-38.0	36.7	484(0)				190.0																													曇		15.0	5.0	8.0	3.1	1.0	3	55.0	良	**	**		ホウオウモントレー																													
2018101243	2021-11-07	5東京2		7.0	3歳以上1勝クラス								内田博幸		ダ1400				1:25.3	-0.3		4-3	35.3-37.6	37.3	484(0)				760.0																													晴		16.0	3.0	5.0	2.3	1.0	1	56.0	良	**	**		(ブラックパンサー)																													
2018101243	2021-11-27	5東京7		8.0	3歳以上2勝クラス								内田博幸		ダ1400				1:25.4	0.3		5-5	36.5-36.0	35.8	490(+6)				170.0																													晴		16.0	2.0	4.0	4.7	3.0	4	56.0	稍	**	**		イディオム																													
2018101243	2022-02-20	1東京8		12.0	大島特別(2勝クラス)								内田博幸		ダ1400				1:23.9	0.2		10-8	35.7-35.4	35.0	500(+10)				230.0																													曇		16.0	4.0	8.0	5.8	3.0	4	57.0	重	**	**		ノーリス																													
2018101243	2022-04-23	2東京1		12.0	4歳以上2勝クラス								内田博幸		ダ1400				1:25.2	1.5		5-6	36.8-34.3	35.4	494(-6)				170.0																													晴		16.0	6.0	12.0	5.4	4.0	4	57.0	稍	**	**		タイセイサムソン																													
2018101243	2022-05-14	2東京7		9.0	日吉特別(2勝クラス)								内田博幸		ダ1400				1:23.2	0.7		5-5	35.2-35.0	35.2	496(+2)																																	曇		14.0	4.0	7.0	14.5	7.0	6	57.0	重	**	**		ナンヨーアイボリー																													
2018101243	2022-10-22	4東京6		8.0	3歳以上2勝クラス								内田博幸		ダ1400				1:25.0	0.7		6-6	35.3-36.5	36.8	490(-6)				111.0																													曇		16.0	6.0	11.0	18.6	5.0	5	57.0	良	**	**		ロードアラビアン																													
2018101243	2022-11-19	5東京5		7.0	3歳以上2勝クラス								内田博幸		ダ1400				1:24.8	0.8		9-9	35.1-36.8	36.7	494(+4)				111.0																													晴		16.0	7.0	13.0	18.6	6.0	5	57.0	良	**	**		テーオーステルス																													
2018101243	2022-12-11	5中山4		9.0	チバテレ杯(2勝クラス)								内田博幸		ダ1800				1:54.2	1.0		4-5-6-5	38.4-37.6	38.1	498(+4)				611.6																													曇		16.0	4.0	8.0	15.0	7.0	2	57.0	良	**	**		ベストリーガード																													
2018101243	2023-01-05	1中山1		7.0	4歳以上2勝クラス								内田博幸		ダ1800				1:54.5	0.0		3-3-3-3	37.3-40.2	39.8	504(+6)				460.0																													晴		16.0	4.0	8.0	6.3	3.0	2	58.0	良	**	**		ブルーカルセドニー																													
2018101243	2023-03-04	2中山3		12.0	4歳以上2勝クラス								内田博幸		ダ1800				1:53.8	0.6		4-4-4-2	37.1-38.4	38.8	504(0)																																	晴		16.0	1.0	2.0	3.4	1.0	7	58.0	良	**	**		パワーブローキング																													
2018101243	2023-04-01	3中山3		9.0	千葉日報杯(2勝クラス)								内田博幸		ダ1800				1:54.0	0.6		2-2-2-2	37.6-38.3	38.8	498(-6)																																	晴		13.0	3.0	3.0	9.5	4.0	7	58.0	良	**	**		トップスティール																													
2018101243	2023-06-24	3東京7		9.0	清里特別(2勝クラス)								内田博幸		ダ1400				1:24.6	0.6		6-6	35.0-36.9	36.5	500(+2)																																	曇		16.0	2.0	3.0	18.8	7.0	7	58.0	良	**	**		モナルヒ																													
2018101243	2023-07-29	2新潟1		10.0	麒麟山特別(2勝クラス)								内田博幸		ダ1800				1:53.1	0.7		10-9-8-8	36.5-37.8	37.6	504(+4)																																	晴		15.0	8.0	14.0	12.4	6.0	6	58.0	良	**	**		エメヴィベール																													
2018101243	2023-10-01	4中山9		9.0	3歳以上2勝クラス								内田博幸		ダ1800				1:55.0	1.1		9-10-11-9	37.8-37.6	37.9	500(-4)																																	曇		16.0	7.0	14.0	44.3	9.0	8	58.0	良	**	**		カランセ																													
2018101243	2023-10-22	4東京7		12.0	3歳以上2勝クラス								内田博幸		ダ1600				1:36.8	-0.1		7-6	33.9-38.3	37.4	500(0)				1140.0																													晴		16.0	8.0	16.0	14.3	8.0	1	58.0	良	**	**		(ギョウネン)																													
2018101243	2024-02-04	1東京4		10.0	白嶺S(3勝クラス)								内田博幸		ダ1600				1:38.1	1.6		15-14	35.1-37.2	37.2	510(+10)																																	曇		16.0	5.0	9.0	149.7	12.0	10	58.0	良	**	**		コスタノヴァ																													
2018101243	2024-04-13	3中山7		10.0	下総S(3勝クラス)								内田博幸		ダ1800				1:53.7	2.0		13-13-13-12	37.4-37.4	37.7	502(-8)																																	晴		14.0	8.0	13.0	130.5	11.0	11	58.0	良	**	**		アクションプラン																													
2018101243	2024-08-03	2新潟3		6.0	柳都S(3勝クラス)								内田博幸		ダ1800				1:52.6	0.7		7-7-6-8	36.2-38.1	38.2	500(-2)																																	晴		15.0	4.0	7.0	127.3	13.0	8	54.0	良	**	**		ゴールドバランサー																													
2018101243	2024-09-22	4中山7		10.0	内房S(3勝クラス)								内田博幸		ダ1800				1:53.2	0.1		7-6-7-7	37.6-38.3	37.8	504(+4)				184.0																													曇		14.0	8.0	14.0	41.5	10.0	5	54.0	良	**	**		ヒューゴ																													
2018101243	2024-12-15	5中山6		10.0	北総S(3勝クラス)								内田博幸		ダ1800				1:53.8	1.0		5-5-5-3	36.8-38.8	39.4	512(+8)																																	晴		16.0	4.0	7.0	57.8	11.0	8	58.0	良	**	**		ハビレ																													
2018101243	2025-01-18	1中山6		10.0	アレキサンドライトS(3勝クラス)								内田博幸		ダ1800				1:53.8	1.4		8-7-8-7	36.8-38.5	39.3	512(0)																																	晴		16.0	6.0	12.0	29.8	10.0	6	54.0	良	**	**		マーブルロック																													
2018101243	2025-03-08	2中山3		10.0	上総S(3勝クラス)								内田博幸		ダ1800				1:54.2	2.1		14-14-14-14	36.9-38.5	38.8	514(+2)																																	曇		16.0	6.0	11.0	163.5	14.0	14	54.0	稍	**	**		ロードクロンヌ																													
2018101243	2025-04-19	3中山7		10.0	下総S(3勝クラス)								内田博幸		ダ1800				1:53.6	1.0		9-9-6-5	35.5-38.5	38.9	506(-8)				184.0																													晴		16.0	6.0	12.0	242.2	15.0	5	58.0	良	**	**		ジョージテソーロ																													
2018101243	2025-06-01	2東京12		9.0	薫風S(3勝クラス)								内田博幸		ダ1600				1:35.9	0.7		7-8	35.6-35.3	35.4	502(-4)																																	晴		16.0	1.0	1.0	76.9	12.0	7	58.0	稍	**	**		ダノンザボルケーノ																													
2018101243	2025-08-02	2新潟3		7.0	柳都S(3勝クラス)								内田博幸		ダ1800				1:52.6	1.1		5-6-7-7	36.6-37.5	38.1	510(+8)																																	晴		14.0	1.0	1.0	101.1	13.0	6	54.0	良	**	**		タクシンイメル																													
2018101243	2025-10-25	4東京8		10.0	河口湖S(3勝クラス)								内田博幸		ダ1600				1:36.5	1.4		7-7	35.0-35.8	36.5	512(+2)																																	雨		16.0	1.0	1.0	79.7	11.0	11	54.0	稍	**	**		ロジアデレード																													
2018101243	2025-12-07	5中山2		10.0	市川S(3勝クラス)								内田博幸		ダ1800				1:53.3	1.0		5-5-4-4	36.7-37.6	38.3	510(-2)																																	晴		16.0	4.0	8.0	64.8	13.0	7	54.0	良	**	**		クラウンシエンタ																													
2018101243	2026-01-17	1中山6		10.0	アレキサンドライトS(3勝クラス)								内田博幸		ダ1800				1:54.7	2.5		15-14-15-14	37.4-37.5	38.3	514(+4)																																	晴		16.0	5.0	9.0	111.4	13.0	15	54.0	良				チュウワクリスエス																													
2018101343	2021-04-25	2阪神10		2.0	3歳未勝利								荻野極		ダ1400				1:26.6	0.5		10-8	35.4-38.6	38.2	472(0)																																															晴		16.0	8.0	15.0	31.2	7.0	6	56.0	良	**	**		コンセプト															
2018101343	2021-05-22	3中京5		2.0	3歳未勝利								荻野極		ダ1200				1:12.9	1.7		8-8	35.2-36.0	37.0	472(0)																																															曇		16.0	4.0	8.0	6.7	3.0	12	56.0	不	**	**		ヨドノゴールド															
2018101343	2021-07-24	3新潟1		4.0	3歳未勝利								荻野極		ダ1800				1:55.1	1.7		6-7-6-6	36.8-38.7	39.9	474(+2)																																															晴		15.0	6.0	11.0	20.0	8.0	8	56.0	良	**	**		ヒシカムイ															
2018101343	2021-09-04	4小倉7		4.0	3歳未勝利								松本大輝		芝2000				2:01.0	-0.3		3-3-2-2	35.4-35.6	35.3	464(-10)				510.0																																											曇		18.0	4.0	8.0	28.1	8.0	1	53.0	重	**	**		(クールブリエ)															
2018101343	2021-11-21	2福島6		7.0	3歳以上1勝クラス								松本大輝		芝2000				2:02.2	0.7		3-3-3-2	35.2-36.1	36.4	472(+8)				76.0																																											晴		16.0	7.0	13.0	5.7	3.0	5	52.0	良	**	**		リフレーミング															
2018101343	2021-12-04	6中京1		12.0	栄特別(1勝クラス)								荻野極		芝2000				2:01.2	0.3		3-3-3-3	36.0-35.5	35.6	466(-6)				160.0																																											曇		18.0	2.0	3.0	10.8	5.0	4	56.0	良	**	**		ビッグリボン															
2018101343	2022-02-20	2小倉4		8.0	4歳以上1勝クラス								松本大輝		芝2000				2:03.2	-0.5		5-6-8-6	36.5-36.5	35.9	472(+6)				770.0																																											晴		13.0	6.0	8.0	2.8	1.0	1	53.0	稍	**	**		(ヒットザシーン)															
2018101343	2022-03-12	2中京1		10.0	恋路ケ浜特別(2勝クラス)								吉田隼人		芝2000				1:59.4	0.2		3-3-3-3	36.1-35.4	35.4	466(-6)				385.1																																											晴		16.0	6.0	12.0	4.0	2.0	3	57.0	良	**	**		ナリタブレード															
2018101343	2022-04-10	3中山6		9.0	鹿野山特別(2勝クラス)								菅原明良		芝2000				1:59.2	0.0		6-6-5-2	35.1-34.7	34.2	460(-6)				1537.3																																											晴		12.0	8.0	11.0	3.7	3.0	1	57.0	良	**	**		(モーソンピーク)															
2018101343	2022-07-17	3小倉6		11.0	博多S(3勝クラス)								川田将雅		芝2000				1:58.3	1.3		4-4-3-2	34.5-35.0	36.0	460(0)																																															晴		12.0	6.0	8.0	2.2	1.0	9	57.0	良	**	**		ルペルカーリア															
2018101343	2022-10-01	4中山8		11.0	秋風S(3勝クラス)								菅原明良		芝1600				1:33.4	0.1		7-8-9	34.4-36.0	35.2	464(+4)				750.0																																											晴		16.0	6.0	11.0	10.2	5.0	2	55.0	良	**	**		フィアスプライド															
2018101343	2022-10-23	4阪神7		10.0	元町S(3勝クラス)								川田将雅		芝1600				1:32.6	0.3		3-4	35.2-33.8	33.9	464(0)				747.0																																											晴		10.0	2.0	2.0	2.5	1.0	2	57.0	良	**	**		フラーズダルム															
2018101343	2022-11-19	5東京5		10.0	秋色S(3勝クラス)								川田将雅		芝1600				1:32.2	0.2		6-6	34.7-34.1	33.6	460(-4)				184.0																																											晴		16.0	2.0	3.0	10.5	4.0	5	57.0	良	**	**		ジャスティンスカイ															
2018101343	2023-01-08	1中山3		10.0	若潮S(3勝クラス)								菅原明良		芝1600				1:32.7	0.0		6-6-5	35.3-34.3	33.8	476(+16)				1870.1																																											晴		12.0	7.0	10.0	3.4	1.0	1	57.0	良	**	**		(ジネストラ)															
2018101343	2023-03-12	2中山6		10.0	東風S(L)								菅原明良		芝1600				1:33.1	0.1		5-5-5	35.0-35.4	33.4	472(-4)				1107.0																																											曇		11.0	5.0	5.0	2.2	1.0	2	57.0	良	**	**		ラインベック															
2018101343	2023-04-01	3中山3		11.0	ダービー卿チャレンジ(GIII)								菅原明良		芝1600				1:33.4	0.2		3-4-4	35.4-34.1	33.7	472(0)				1008.0																																											晴		16.0	8.0	16.0	9.5	5.0	3	56.0	良	**	**		インダストリア															
2018101343	2023-05-13	2東京7		11.0	京王杯スプリングC(GII)								レーン		芝1400				1:20.6	0.3		7-8	34.9-33.7	33.2	470(-2)																																															小雨		18.0	2.0	4.0	7.3	3.0	6	57.0	良	**	**		レッドモンレーヴ															
2018101343	2023-06-24	1函館5		11.0	青函S(OP)								武豊		芝1200				1:09.3	-0.3		6-5	34.6-34.7	34.1	466(-4)				2336.4																																											曇		16.0	8.0	15.0	3.4	2.0	1	57.0	稍	**	**		(カルネアサーダ)															
2018101343	2023-08-27	2札幌6		11.0	キーンランドC(GIII)								武豊		芝1200				1:10.9	1.0		8-8	34.3-35.6	36.1	468(+2)																																															曇		16.0	5.0	10.0	7.0	3.0	8	57.0	重	**	**		ナムラクレア															
2018101343	2024-01-13	1京都4		11.0	淀短距離S(L)								武豊		芝1200				1:09.1	0.5		5-6	33.9-34.7	34.4	486(+18)				685.5																																											曇		17.0	3.0	6.0	4.6	2.0	3	58.0	良	**	**		ビッグシーザー															
2018101343	2024-02-11	2小倉2		11.0	北九州短距離S(OP)								鮫島克駿		芝1200				1:08.2	0.2		7-6	34.0-34.0	33.8	472(-14)				931.2																																											晴		18.0	7.0	15.0	3.4	1.0	2	58.0	良	**	**		ヨシノイースター															
2018101343	2024-04-07	1福島2		11.0	モルガナイトS(OP)								菅原明良		芝1200				1:08.2	0.5		8-6	33.0-34.7	34.5	474(+2)																																															晴		16.0	8.0	15.0	5.2	2.0	6	58.0	良	**	**		アサカラキング															
2018101343	2024-06-09	1函館2		11.0	函館スプリントS(GIII)								武豊		芝1200				1:08.8	0.4		15-13	33.4-35.0	33.9	476(+2)																																															小雨		16.0	8.0	16.0	31.0	9.0	6	57.0	良	**	**		サトノレーヴ															
2018101343	2024-07-21	1札幌2		11.0	しらかばS(OP)								武豊		芝1200				1:08.3	0.0		10-9	34.1-34.2	33.5	482(+6)				2325.2																																											晴		10.0	5.0	5.0	3.8	2.0	1	57.0	良	**	**		(シナモンスティック)															
2018101343	2024-08-25	2札幌6		11.0	キーンランドC(GIII)								川田将雅		芝1200				1:08.9	1.0		12-11	33.6-34.3	34.3	486(+4)																																															晴		16.0	4.0	8.0	14.7	6.0	12	57.0	良	**	**		サトノレーヴ															
2018101343	2024-12-14	7京都5		11.0	タンザナイトS(OP)								武豊		芝1200				1:09.2	0.7		15-14	34.6-33.9	33.6	488(+2)																																															曇		16.0	5.0	9.0	9.6	4.0	9	57.5	良	**	**		メイショウソラフネ															
2018101343	2025-01-13	1中山5		11.0	ニューイヤーS(L)								佐々木大		芝1600				1:32.9	0.6		13-13-13	34.5-34.9	34.1	482(-6)																																															晴		16.0	4.0	7.0	52.0	10.0	6	59.0	良	**	**		トロヴァトーレ															
2018101343	2025-02-09	1東京4		11.0	東京新聞杯(GIII)								浜中俊		芝1600				1:33.8	1.2		6-6	34.6-34.9	34.8	478(-4)																																															晴		16.0	5.0	10.0	129.8	14.0	14	57.0	良	**	**		ウォーターリヒト															
2018101343	2025-04-05	3中山3		11.0	ダービー卿チャレンジ(GIII)								荻野極		芝1600				1:32.6	0.2		4-9-8	34.9-34.5	34.0	476(-2)				410.0																																											晴		13.0	8.0	13.0	48.3	11.0	5	57.5	良	**	**		トロヴァトーレ															
2018101343	2025-06-14	1函館1		11.0	函館スプリントS(GIII)								浜中俊		芝1200				1:07.3	0.7		15-13	32.5-34.1	33.2	482(+6)																																															曇		16.0	8.0	16.0	81.6	11.0	12	57.0	良	**	**		カピリナ															
2018101343	2025-06-28	1函館5		11.0	青函S(OP)								武豊		芝1200				1:08.5	0.4		13-13	33.3-34.8	33.8	482(0)				350.0																																											晴		16.0	4.0	7.0	10.7	4.0	4	57.5	良	**	**		エーティーマクフィ															
2018101343	2025-08-10	1札幌6		11.0	UHB賞(OP)								池添謙一		芝1200				1:09.4	0.2		13-11	34.8-34.4	33.6	474(-8)																																															曇		16.0	5.0	9.0	15.9	7.0	10	59.0	良	**	**		フィオライア															
2018101343	2025-08-24	2札幌2		11.0	キーンランドC(GIII)								武豊		芝1200				1:09.3	1.1		15-10	33.6-34.6	34.4	484(+10)																																															晴		16.0	4.0	8.0	30.4	11.0	15	57.0	良	**	**		パンジャタワー															
2018101343	2026-01-12	1中山5		11.0	ニューイヤーS(L)								荻野極		芝1600				1:32.6	0.4		9-13-13	34.8-34.3	33.5	484(0)																																															晴		14.0	5.0	7.0	73.7	10.0	6	59.0	良	**	**		カピリナ															
2018101497	2020-09-26	4中山6		3.0	2歳新馬								武士沢友		ダ1800				1:58.8	2.3		12-12-10-9	37.6-40.4	41.6	480(0)					小雨		16.0	4.0	8.0	57.2	13.0	8	54.0	重	**	**		インパルスベルン																																																									
2018101497	2020-11-22	5東京6		1.0	2歳未勝利								武士沢友		ダ1600				1:39.7	0.0		6-5	37.0-37.0	36.7	482(+2)				200.0	晴		15.0	2.0	3.0	23.1	8.0	2	54.0	良	**	**		セイウンロミオ																																																									
2018101497	2021-01-24	1中山8		2.0	3歳未勝利								武士沢友		ダ1800				1:55.1	-0.5		8-7-7-4	37.6-39.5	38.9	478(-4)				510.0	雨		14.0	6.0	10.0	5.4	3.0	1	54.0	不	**	**		(スティルライフ)																																																									
2018101497	2021-04-04	3中山4		6.0	3歳1勝クラス								野中悠太		ダ1800				1:55.4	1.2		15-15-13-15	36.0-39.0	39.0	470(-8)					曇		15.0	6.0	11.0	81.6	14.0	9	54.0	良	**	**		ロードエクレール																																																									
2018101497	2021-05-30	2東京12		5.0	3歳1勝クラス								武士沢友		ダ1600				1:37.2	0.1		14-13	34.7-37.1	36.4	474(+4)				290.0	晴		16.0	5.0	10.0	27.7	6.0	2	54.0	良	**	**		ジョディーズマロン																																																									
2018101497	2021-07-10	1福島3		8.0	3歳以上1勝クラス								武士沢友		ダ1700				1:46.0	1.5		13-13-10-8	30.0-37.4	37.7	466(-8)				190.0	曇		14.0	1.0	1.0	5.9	4.0	3	52.0	重	**	**		プレフェリータ																																																									
2018101497	2021-09-25	4中山6		7.0	3歳以上1勝クラス								武士沢友		ダ1800				1:55.0	1.5		12-12-11-9	37.5-39.0	39.6	476(+10)					曇		16.0	1.0	1.0	11.8	5.0	9	52.0	良	**	**		リンガスウォリアー																																																									
2018101497	2021-10-09	4東京1		8.0	3歳以上1勝クラス								武士沢友		ダ1600				1:38.0	1.5		10-10	34.6-37.5	37.4	480(+4)					晴		16.0	3.0	6.0	20.6	9.0	9	53.0	良	**	**		キタノリューオー																																																									
2018101497	2021-11-28	5東京8		5.0	3歳以上1勝クラス								酒井学		ダ1600				1:39.2	1.8		11-12	34.7-37.2	37.8	480(0)					晴		16.0	8.0	15.0	18.2	5.0	8	54.0	良	**	**		オブデュモンド																																																									
2018101497	2022-02-12	1東京5		4.0	4歳以上1勝クラス								武士沢友		ダ1400				1:24.3	1.5		13-13	34.3-36.5	36.0	488(+8)					晴		16.0	2.0	4.0	24.2	7.0	9	55.0	重	**	**		ジャングルキング																																																									
2018101497	2022-05-22	2東京10		6.0	4歳以上1勝クラス								武士沢友		ダ1600				1:38.7	1.8		14-14	35.7-36.6	36.4	484(-4)					晴		16.0	5.0	10.0	7.7	3.0	7	55.0	良	**	**		ユイノチャッキー																																																									
2018101497	2022-06-11	3東京3		7.0	3歳以上1勝クラス								武士沢友		ダ1600				1:38.2	0.8		15-13	35.6-36.2	35.6	482(-2)					曇		16.0	3.0	5.0	43.4	9.0	8	55.0	良	**	**		ブーケドフルール																																																									
2018101497	2022-08-06	2新潟3		8.0	3歳以上1勝クラス								今村聖奈		ダ1800				1:53.2	1.5		14-14-13-12	34.7-40.0	38.5	476(-6)				120.0	晴		15.0	5.0	8.0	6.1	4.0	4	51.0	良	**	**		ペルアア																																																									
2018101497	2022-10-16	4新潟2		8.0	3歳以上1勝クラス								今村聖奈		ダ1800				1:54.7	1.3		14-14-14-14	37.5-38.0	37.4	480(+4)				190.0	晴		15.0	4.0	7.0	7.4	5.0	3	51.0	良	**	**		タガノカンデラ																																																									
2018101497	2022-10-30	4新潟6		7.0	3歳以上1勝クラス								今村聖奈		ダ1800				1:53.8	1.1		11-12-12-11	36.9-38.0	37.8	484(+4)					曇		13.0	2.0	2.0	6.4	2.0	6	51.0	稍	**	**		タケルジャック																																																									
2018101497	2022-12-25	5中山8		7.0	3歳以上1勝クラス								ドイル		ダ1800				1:55.2	0.1		14-14-13-13	37.1-39.7	38.6	484(0)				310.0	晴		16.0	8.0	16.0	17.7	6.0	2	55.0	稍	**	**		トロワシャルム																																																									
2018101497	2023-02-11	1東京5		4.0	4歳以上1勝クラス								武士沢友		ダ2100				2:12.2	1.3		15-15-15-15	30.7-37.0	36.7	486(+2)					晴		16.0	4.0	7.0	9.0	4.0	7	56.0	不	**	**		オヤノナナヒカリ																																																									
2018101497	2023-03-12	2中山6		8.0	4歳以上1勝クラス								吉田豊		ダ2400				2:36.7	0.8		15-15-14-12	39.0-38.9	37.9	484(-2)				200.0	曇		16.0	7.0	14.0	37.1	9.0	3	56.0	良	**	**		グリューヴルム																																																									
2018101497	2023-04-01	3中山3		8.0	4歳以上1勝クラス								吉田豊		ダ2400				2:35.8	0.0		10-10-9-7	37.8-40.1	39.0	482(-2)				320.0	晴		11.0	2.0	2.0	9.5	5.0	2	56.0	良	**	**		ケリーズノベル																																																									
2018101497	2023-08-12	3新潟1		8.0	3歳以上1勝クラス								武士沢友		ダ1800				1:54.3	1.0		15-15-15-14	37.1-38.3	37.6	480(-2)				80.0	曇		15.0	2.0	2.0	9.4	7.0	5	56.0	良	**	**		モルチャン																																																									
2018101497	2023-09-18	4中山5		8.0	3歳以上1勝クラス								モレイラ		ダ2400				2:39.2	1.9		5-5-3-3	38.8-38.0	39.7	484(+4)				200.0	晴		9.0	8.0	8.0	2.8	1.0	3	56.0	良	**	**		ヨリノサファイヤ																																																									
2018101497	2023-10-14	4新潟1		3.0	3歳以上1勝クラス								荻野極		ダ1800				1:55.2	1.4		11-11-13-12	35.9-39.0	39.6	486(+2)					晴		13.0	2.0	2.0	16.2	8.0	9	56.0	良	**	**		グレノークス																																																									
2018101497	2023-12-24	5中山8		7.0	3歳以上1勝クラス								ドイル		ダ1800				1:54.7	0.6		14-15-15-13	36.6-39.3	38.3	486(0)				120.0	曇		16.0	5.0	10.0	30.1	9.0	4	56.0	良	**	**		ショウナンカブト																																																									
2018101497	2024-01-06	1中山1		6.0	4歳以上1勝クラス								吉田豊		ダ2400				2:37.8	1.3		14-14-13-13	37.5-39.1	39.2	490(+4)					晴		16.0	5.0	9.0	8.6	4.0	6	56.0	良	**	**		ルーラーリッチ																																																									
2018101497	2024-03-10	2中山6		8.0	4歳以上1勝クラス								吉田豊		ダ2400				2:40.5	1.5		13-14-13-8	39.2-39.8	39.9	486(-4)					晴		15.0	5.0	9.0	17.1	9.0	6	56.0	稍	**	**		ダスク																																																									
2018101497	2024-05-05	1新潟4		8.0	4歳以上1勝クラス								藤田菜七		芝1800				1:52.3	1.8		13-13	37.2-35.7	34.7	472(-14)					晴		14.0	5.0	7.0	35.0	9.0	14	54.0	良	**	**		ハワイアンタイム																																																									
2018101497	2024-09-08	4中山2		4.0	3歳以上1勝クラス								吉田豊		ダ1800				1:54.3	0.6		14-14-13-12	35.3-39.4	38.9	482(+10)					晴		16.0	1.0	2.0	40.7	9.0	6	56.0	良	**	**		アムールドパリ																																																									
2018101497	2024-10-06	4東京2		7.0	3歳以上1勝クラス								吉田豊		ダ1600				1:36.7	1.6		14-14	34.0-37.3	37.1	488(+6)					曇		16.0	8.0	15.0	94.1	13.0	11	56.0	重	**	**		サトノアインス																																																									
2018101497	2024-12-22	5中山8		7.0	3歳以上1勝クラス								ドイル		ダ1800				1:57.3	2.2		10-9-9-8	37.7-39.7	41.0	488(0)					晴		16.0	1.0	2.0	176.1	13.0	8	56.0	良	**	**		ドバイブルース																																																									
2018101497	2025-01-05	1中山1		4.0	4歳以上1勝クラス								ドイル		ダ2400				2:38.8	2.8		15-15-14-14	38.0-39.3	40.5	498(+10)					晴		16.0	8.0	15.0	95.1	12.0	14	56.0	良	**	**		ロードブレイズ																																																									
2018101497	2025-07-12	2福島5		12.0	3歳以上1勝クラス								今村聖奈		ダ1700				1:48.5	2.3		15-15-15-15	30.2-38.2	37.8	480(-18)					曇		15.0	3.0	5.0	152.3	14.0	12	54.0	良	**	**		プライベートアイズ																																																									
2018102091	2021-01-24	1中京8	曇	3.0	3歳新馬		16.0	6.0	12.0	2.4	1.0	1	森裕太朗	55.0	ダ1200		不	**	1:13.1	-0.3	**	6-6	35.5-37.6	37.2	482(0)			(ティーティーゴー)	600.0																																																																							
2018102091	2021-06-12	4中京3	曇	7.0	3歳以上1勝クラス		15.0	6.0	10.0	17.9	8.0	10	西村淳也	54.0	ダ1200		良	**	1:13.0	1.7	**	5-5	35.0-36.3	37.6	480(-2)			メイショウヒューマ																																																																								
2018102091	2021-07-03	3小倉1	小雨	9.0	3歳以上1勝クラス		14.0	1.0	1.0	13.0	6.0	10	西村淳也	54.0	ダ1000		稍	**	0:59.5	1.1	**	9-9	34.1-36.0	36.5	470(-10)			ロードクラージュ																																																																								
2018102091	2021-11-13	5阪神3	曇	7.0	3歳以上1勝クラス		15.0	2.0	2.0	43.0	10.0	12	森裕太朗	56.0	ダ1200		稍	**	1:14.3	2.0	**	4-5	34.5-37.8	39.2	482(+12)			エナジーロッソ																																																																								
2018102091	2022-01-15	1中京5	晴	12.0	4歳以上1勝クラス		15.0	1.0	1.0	44.7	9.0	5	森裕太朗	56.0	ダ1200		良	**	1:13.1	0.6	**	8-7	35.4-37.1	37.1	478(-4)			エールソヴール	77.0																																																																							
2018102091	2022-01-30	1中京10	曇	12.0	4歳以上1勝クラス		16.0	4.0	7.0	34.6	10.0	8	森裕太朗	56.0	ダ1200		良	**	1:13.3	0.7	**	4-5	35.0-37.6	38.0	478(0)			レオパルドミノル																																																																								
2018102091	2022-04-09	2阪神5	晴	8.0	4歳以上1勝クラス		16.0	5.0	10.0	90.5	12.0	11	川須栄彦	57.0	ダ1400		良	**	1:26.8	1.9	**	10-11	34.8-37.6	38.4	478(0)			ドンカポノ																																																																								
2018102091	2022-05-21	1新潟5	曇	10.0	栃尾特別(1勝クラス)		13.0	3.0	3.0	22.0	8.0	1	川須栄彦	57.0	芝1200		良	**	1:09.7	-0.4	**	1-1	35.3-34.4	34.4	466(-12)			(マイネルチューダ)	1105.7																																																																							
2018102091	2022-06-18	3阪神1	晴	9.0	皆生特別(2勝クラス)		11.0	8.0	11.0	21.4	6.0	7	川須栄彦	57.0	芝1200		良	**	1:09.0	1.1	**	4-6	33.6-34.3	34.9	474(+8)			テイエムスパーダ																																																																								
2018102091	2022-09-25	5中京7	晴	9.0	知多特別(2勝クラス)		17.0	2.0	4.0	69.6	11.0	13	川須栄彦	57.0	芝1200		良	**	1:08.6	0.9	**	4-4	33.7-34.0	34.6	480(+6)			マッドクール																																																																								
2018102091	2022-10-01	5中京8	晴	12.0	3歳以上2勝クラス		13.0	2.0	2.0	41.9	10.0	4	川須栄彦	57.0	芝1400		良	**	1:20.1	0.4	**	7-7	33.8-34.7	34.3	472(-8)			ルピナスリード	170.0																																																																							
2018102091	2022-12-25	6阪神8	晴	12.0	猪名川特別(2勝クラス)		12.0	8.0	12.0	17.3	6.0	7	川須栄彦	57.0	芝1400		良	**	1:21.3	0.8	**	2-2	33.6-35.7	36.3	484(+12)			ケデシュ																																																																								
2018102091	2023-01-22	1中京8	晴	12.0	4歳以上2勝クラス		8.0	7.0	7.0	4.3	3.0	4	川須栄彦	58.0	芝1400		良	**	1:21.0	0.6	**	1-1	33.8-35.2	35.8	482(-2)			ボルザコフスキー	170.0																																																																							
2018102091	2023-05-27	1京都11	晴	12.0	4歳以上2勝クラス		14.0	5.0	8.0	13.8	7.0	5	川須栄彦	58.0	芝1400		良	**	1:20.5	0.3	**	9-9	34.6-34.5	34.1	480(-2)			メイショウベッピン	114.0																																																																							
2018102091	2023-06-03	3阪神1	晴	10.0	小豆島特別(2勝クラス)		15.0	3.0	5.0	56.1	10.0	5	川須栄彦	58.0	芝1200		良	**	1:07.7	0.4	**	3-5	33.5-33.8	33.8	476(-4)			ブッシュガーデン	155.0																																																																							
2018102091	2023-06-25	3阪神8	曇	9.0	舞子特別(2勝クラス)		12.0	5.0	6.0	9.5	5.0	4	川須栄彦	56.0	芝1400		良	**	1:21.7	0.7	**	4-4	35.0-34.4	34.7	480(+4)			イティネラートル	230.0																																																																							
2018102091	2023-10-28	2京都8	晴	9.0	3歳以上2勝クラス		13.0	4.0	5.0	38.3	9.0	7	川須栄彦	58.0	芝1400		良	**	1:21.2	0.8	**	6-6	34.1-34.8	34.8	488(+8)			スズハローム																																																																								
2018102091	2023-11-11	3京都3	曇	12.0	3歳以上2勝クラス		18.0	2.0	3.0	20.7	7.0	5	川須栄彦	58.0	芝1400		稍	**	1:21.8	0.6	**	4-3	34.7-35.2	34.8	484(-4)			シロン	114.0																																																																							
2018102091	2023-11-25	3京都7	晴	12.0	3歳以上2勝クラス		18.0	6.0	12.0	31.0	11.0	5	川須栄彦	58.0	芝1200		良	**	1:08.5	0.3	**	3-3	33.9-34.3	34.4	482(-2)			マメコ	114.0																																																																							
2018102091	2024-03-10	1中京2	晴	9.0	岡崎特別(2勝クラス)		11.0	8.0	11.0	8.6	5.0	11	川須栄彦	56.0	芝1400		良	**	1:22.3	1.7	**	3-3	33.6-35.3	36.8	482(0)			リュミエールノワル																																																																								
2018102091	2024-03-30	2阪神3	晴	10.0	ラジオ関西賞仲春特別(2勝クラス)		15.0	2.0	2.0	11.5	6.0	8	川須栄彦	58.0	芝1200		良	**	1:08.9	0.5	**	3-3	33.9-34.5	34.7	480(-2)			タツダイヤモンド																																																																								
2018102091	2024-05-25	3京都11	晴	12.0	4歳以上2勝クラス		17.0	3.0	5.0	37.0	14.0	16	川須栄彦	58.0	芝1400		良	**	1:21.7	1.8	**	2-2	33.3-35.3	36.9	476(-4)			アスクビギンアゲン																																																																								
2018102091	2024-11-10	6京都4	曇	12.0	ドンカスターC(2勝クラス)		14.0	1.0	1.0	123.4	14.0	7	川須栄彦	58.0	芝1400		良	**	1:21.3	0.6	**	9-9	35.0-34.4	34.2	478(+2)			フルメタルボディー																																																																								
2018102091	2024-12-01	7京都2	晴	12.0	3歳以上2勝クラス		12.0	5.0	6.0	34.6	10.0	1	柴田裕一	55.0	芝1400		良	**	1:20.9	-0.1	**	2-2	36.1-33.9	33.8	482(+4)			(メイショウカイト)	1140.0																																																																							
2018102091	2024-12-15	7京都6	晴	12.0	東山S(3勝クラス)		18.0	5.0	9.0	65.4	12.0	10	川須栄彦	54.0	芝1400		良	**	1:21.4	0.8	**	7-6	34.2-35.2	34.9	482(0)			フォーチュンタイム																																																																								
2018102091	2025-02-15	1小倉7	曇	11.0	下関S(3勝クラス)		18.0	7.0	13.0	58.8	13.0	10	柴田裕一	58.0	芝1200		良	**	1:08.5	0.7	**	8-8	32.2-35.6	35.0	470(-12)			マイネルレノン																																																																								
2018102091	2025-03-09	1阪神4	晴	10.0	淀屋橋S(3勝クラス)		12.0	7.0	9.0	48.1	9.0	8	吉田隼人	58.0	芝1200		良	**	1:08.4	0.7	**	11-11	32.8-34.9	34.1	482(+12)			ツインクルトーズ																																																																								
2018102091	2025-04-06	2阪神4	晴	10.0	夢洲S(3勝クラス)		14.0	4.0	6.0	233.7	14.0	14	吉田隼人	58.0	芝1600		良	**	1:34.7	2.4	**	2-2	35.4-33.7	36.0	488(+6)			シヴァース																																																																								
2018102091	2025-06-29	2小倉2	晴	11.0	佐世保S(3勝クラス)		13.0	5.0	6.0	52.7	11.0	6	田口貫太	53.0	芝1200		良	**	1:08.2	0.4	**	10-10	33.2-34.6	34.1	466(-22)			ヤマニンアンフィル																																																																								
2018102091	2025-10-18	4新潟1	曇	11.0	北陸S(3勝クラス)		18.0	2.0	4.0	92.1	13.0	11	柴田裕一	53.0	芝1200		良	**	1:09.2	1.2	**	13-12	33.9-34.1	34.0	472(+6)			フリッカージャブ																																																																								
2018102091	2025-11-23	4京都6	晴	12.0	醍醐S(3勝クラス)		16.0	5.0	9.0	213.7	14.0	8	田口貫太	58.0	芝1200		良	**	1:08.5	0.5	**	13-12	34.3-33.7	33.0	484(+12)			アンクルクロス																																																																								
2018102091	2025-11-29	4京都7	晴	10.0	東山S(3勝クラス)		12.0	2.0	2.0	28.2	10.0	9	田口貫太	53.0	芝1400		良	**	1:22.7	0.4	**	6-7	36.4-33.7	33.5	486(+2)			ヤブサメ																																																																								
2018102091	2025-12-21	5阪神6	小雨	12.0	六甲アイランドS(3勝クラス)		14.0	4.0	6.0	186.3	13.0	10	田口貫太	58.0	芝1400		重	**	1:22.1	0.5	**	8-8	35.5-34.5	34.5	486(0)			ディアナザール																																																																								
2018102394	2020-09-13	4中山2		5.0	2歳新馬								内田博幸		芝1600				1:39.1	1.4		6-6-8	35.8-35.7	36.6	486(0)																																	曇		16.0	4.0	8.0	86.8	10.0	9	54.0	良	**	**		アヴァノス																													
2018102394	2020-09-19	4中山3		2.0	2歳未勝利								伊藤工真		ダ1800				1:55.7	1.0		2-2-1-1	37.7-38.8	39.8	478(-8)				130.0																													曇		14.0	7.0	11.0	55.7	8.0	3	54.0	良	**	**		サンキューレター																													
2018102394	2020-12-26	5中山7		2.0	2歳未勝利								伊藤工真		ダ1800				1:58.4	0.0		1-1-1-1	38.3-39.4	39.4	492(+14)				200.0																													晴		16.0	2.0	4.0	3.2	1.0	2	55.0	良	**	**		セルヴァン																													
2018102394	2021-01-09	1中山2		2.0	3歳未勝利								伊藤工真		ダ1800				1:57.1	0.6		2-3-4-3	37.4-38.9	39.2	488(-4)				130.0																													晴		15.0	1.0	2.0	3.0	1.0	3	56.0	良	**	**		クリーンスレイト																													
2018102394	2021-01-24	1中京8		1.0	3歳未勝利								伊藤工真		ダ1900				2:00.4	1.0		2-2-2-2	30.4-36.5	37.5	484(-4)				130.0																													小雨		12.0	6.0	7.0	6.1	2.0	3	56.0	不	**	**		ゲンパチハマジ																													
2018102394	2021-03-21	2中山8		1.0	3歳未勝利								伊藤工真		ダ1800				1:56.8	0.7		3-3-6-6	36.7-40.5	40.8	476(-8)				200.0																													雨		13.0	3.0	4.0	1.9	1.0	2	56.0	稍	**	**		クールマニワ																													
2018102394	2021-04-10	3中山5		2.0	3歳未勝利								ルメール		ダ1800				1:54.3	-0.1		1-1-1-1	38.0-37.9	37.9	480(+4)				510.0																													晴		13.0	3.0	3.0	1.7	1.0	1	56.0	良	**	**		(デルマタモン)																													
2018102394	2021-05-01	2東京3		6.0	3歳1勝クラス								丸山元気		ダ1600				1:38.4	2.1		7-6	35.3-37.0	38.6	480(0)																																	曇		16.0	2.0	4.0	14.8	7.0	9	56.0	稍	**	**		タイセイサムソン																													
2018102394	2022-02-20	1東京8		6.0	4歳以上1勝クラス								柴田大知		ダ1400				1:24.9	1.3		5-7	35.2-35.9	36.6	510(+30)																																	曇		16.0	4.0	8.0	23.2	6.0	8	57.0	重	**	**		アルマドラード																													
2018102394	2022-03-13	1阪神10		8.0	4歳以上1勝クラス								秋山稔樹		ダ1800				1:55.8	1.5		1-1-1-4	38.0-39.3	40.8	506(-4)																																	曇		12.0	2.0	2.0	15.7	8.0	10	56.0	良	**	**		ブラビオ																													
2018102394	2022-03-26	2中京5		7.0	4歳以上1勝クラス								荻野極		ダ1800				1:55.4	0.6		1-1-1-1	38.3-37.4	38.0	506(0)																																	雨		13.0	4.0	4.0	10.0	6.0	6	57.0	重	**	**		ランカンカン																													
2018102394	2022-04-10	3中山6		7.0	4歳以上1勝クラス								秋山稔樹		ダ1800				1:54.6	0.3		1-1-1-1	37.4-39.1	39.4	500(-6)				190.0																													晴		13.0	6.0	8.0	7.1	3.0	3	56.0	良	**	**		セイウンロミオ																													
2018102394	2022-04-30	1福島5		8.0	4歳以上1勝クラス								秋山稔樹		ダ1700				1:45.4	0.6		1-1-1-1	29.7-38.0	38.6	490(-10)				77.0																													晴		10.0	6.0	6.0	7.0	4.0	5	56.0	重	**	**		ナンヨーヴィヨレ																													
2018102394	2022-05-21	1新潟5		12.0	4歳以上1勝クラス								秋山稔樹		ダ1800				1:56.5	3.3		4-5-11-12	37.0-38.5	40.1	500(+10)																																	曇		13.0	5.0	6.0	6.7	4.0	10	56.0	良	**	**		ロードインファイト																													
2018102394	2022-09-03	2札幌7		12.0	3歳以上1勝クラス								横山琉人		ダ1700				1:48.5	2.3		8-8-9-11	29.5-39.5	40.0	508(+8)																																	晴		14.0	3.0	4.0	14.4	6.0	10	55.0	良	**	**		フームスムート																													
2018102394	2022-09-19	4中山5		7.0	3歳以上1勝クラス								丹内祐次		ダ1800				1:53.4	1.7		1-1-1-1	36.0-37.5	39.2	506(-2)				120.0																													晴		9.0	5.0	5.0	5.7	2.0	4	57.0	重	**	**		パワーブローキング																													
2018102394	2022-10-02	4中山9		4.0	3歳以上1勝クラス								丹内祐次		ダ1800				1:53.9	0.1		1-1-1-1	37.6-38.8	38.9	504(-2)				310.0																													晴		15.0	1.0	1.0	14.3	6.0	2	57.0	良	**	**		ゴールドブリーズ																													
2018102394	2022-12-18	5中山6		8.0	3歳以上1勝クラス								丹内祐次		ダ1800				1:53.9	0.2		1-1-1-1	37.5-39.0	39.2	504(0)				310.0																													晴		15.0	3.0	5.0	5.4	3.0	2	57.0	稍	**	**		サクセスエース																													
2018102394	2023-01-09	1中山4		7.0	4歳以上1勝クラス								丹内祐次		ダ1800				1:54.9	0.3		1-1-1-1	37.2-39.5	39.8	504(0)				200.0																													晴		16.0	3.0	6.0	3.1	1.0	3	58.0	良	**	**		デルマタモン																													
2018102394	2023-01-28	1小倉5		7.0	4歳以上1勝クラス								丹内祐次		ダ1700				1:44.6	0.4		3-3-2-3	29.5-37.1	37.2	504(0)				80.0																													雪		15.0	7.0	13.0	3.9	2.0	5	58.0	不	**	**		トップスターサン																													
2018102394	2023-02-18	2小倉3		7.0	4歳以上1勝クラス								丹内祐次		ダ2400				2:35.8	1.6		1-1-1-1	35.4-38.8	40.4	508(+4)																																	曇		12.0	8.0	11.0	3.8	2.0	7	58.0	稍	**	**		イーサンバーニング																													
2018102394	2023-02-26	2小倉6		12.0	4歳以上1勝クラス								松本大輝		ダ1700				1:46.0	0.5		1-1-1-1	29.8-37.9	38.4	508(0)				200.0																													晴		16.0	8.0	16.0	10.1	5.0	3	57.0	稍	**	**		エルバリオ																													
2018102394	2023-03-18	2中山7		7.0	4歳以上1勝クラス								丹内祐次		ダ1800				1:53.1	0.0		1-1-1-1	38.1-37.1	37.1	506(-2)				800.0																													雨		13.0	4.0	6.0	4.8	3.0	1	58.0	重	**	**		(モネータドーロ)																													
2018102394	2023-09-03	2札幌8		12.0	3歳以上2勝クラス								丹内祐次		ダ1700				1:48.1	1.6		5-5-6-9	30.6-38.1	39.3	506(0)																																	晴		14.0	8.0	13.0	45.1	11.0	13	58.0	良	**	**		スマートムーラン																													
2018102394	2023-10-09	4東京3		9.0	昇仙峡特別(2勝クラス)								木幡巧也		ダ2100				2:13.6	4.0		1-1-1-2	31.0-37.1	41.1	512(+6)																																	雨		16.0	2.0	4.0	57.5	10.0	16	55.0	不	**	**		グリューヴルム																													
2018102394	2023-11-11	5東京3		8.0	3歳以上2勝クラス								木幡巧也		ダ1600				1:40.3	3.9		4-5	35.0-37.3	40.7	512(0)																																	曇		16.0	7.0	13.0	136.4	14.0	16	58.0	良	**	**		クインズジュピタ																													
2018102394	2024-04-20	1福島5		10.0	尾瀬特別(2勝クラス)								丹内祐次		ダ1700				1:45.7	0.5		2-3-2-2	29.5-38.4	38.7	506(-6)				155.0																													晴		15.0	8.0	15.0	95.4	14.0	5	54.0	良	**	**		ニホンピロハーバー																													
2018102394	2024-05-12	2東京8		10.0	ウオッカC(2勝クラス)								オシェア		ダ1600				1:37.6	0.5		2-2	35.6-37.6	38.1	510(+4)				155.0																													曇		12.0	8.0	12.0	33.2	9.0	5	54.0	良	**	**		アイファーエポック																													
2018102394	2024-06-02	3東京2		12.0	小金井特別(2勝クラス)								オシェア		ダ1400				1:23.8	0.7		2-2	36.1-34.8	35.4	512(+2)																																	小雨		16.0	8.0	15.0	8.0	4.0	7	58.0	重	**	**		ジャスリー																													
2018102394	2024-10-19	4東京5		8.0	3歳以上2勝クラス								原優介		ダ1400				1:26.1	2.2		10-10	35.8-35.9	37.0	508(-4)																																	晴		16.0	4.0	7.0	33.1	6.0	12	57.0	良	**	**		ストレングス																													
2018102394	2024-10-26	4東京7		12.0	3歳以上2勝クラス								内田博幸		ダ1400				1:26.7	2.2		4-6	36.1-35.9	37.6	508(0)																																	曇		14.0	4.0	6.0	101.2	10.0	12	58.0	良	**	**		スタンリーテソーロ																													
2018102394	2025-04-05	3中山3		10.0	千葉日報杯(2勝クラス)								荻野極		ダ1800				1:55.6	3.4		7-7-8-9	36.0-38.1	40.6	506(-2)																																	晴		16.0	1.0	2.0	95.2	13.0	14	58.0	稍	**	**		ルージュアベリア																													
2018102394	2025-05-25	1新潟8		10.0	火打山特別(2勝クラス)								亀田温心		ダ1200				1:12.1	1.6		11-11	33.9-36.6	36.8	504(-2)																																	小雨		15.0	5.0	8.0	217.8	15.0	6	58.0	稍	**	**		サフランヒーロー																													
2018102394	2025-07-06	2福島4		9.0	さくらんぼ特別(2勝クラス)								荻野極		ダ1150				1:09.9	2.2		14-15	31.2-36.5	37.2	506(+2)																																	晴		16.0	8.0	16.0	133.7	14.0	12	58.0	良	**	**		ビバップ																													
2018102394	2025-07-19	2福島7		10.0	米沢特別(2勝クラス)								杉原誠人		ダ1150				1:09.7	0.8		14-11	32.1-36.8	36.0	504(-2)																																	晴		16.0	1.0	2.0	274.0	15.0	8	58.0	良	**	**		ワークソング																													
2018102394	2025-11-30	5東京8		10.0	アプローズ賞(2勝クラス)								丹内祐次		ダ1400				1:26.4	2.3		12-11	35.3-36.7	37.8	510(+6)																																	晴		16.0	1.0	2.0	294.5	16.0	15	58.0	良	**	**		シャパリュ																													
2018102394	2026-01-17	1中山6		4.0	障害4歳以上未勝利								大江原圭		障2880				3:25.1	10.2		11-10-12-12	106.1-0.0	14.2	524(+14)																																	晴		12.0	5.0	5.0	112.0	9.0	12	60.0	良				コレクテイニア																													
2018102832	2021-06-13	4中京4		6.0	3歳未勝利								川須栄彦		芝2200				2:16.6	1.5		13-13-10-8	35.2-37.0	37.4	498(0)					雨		14.0	4.0	6.0	49.4	10.0	6	56.0	良	**	**		ウインリブルマン																																																									
2018102832	2021-07-11	1函館4		3.0	3歳未勝利								大野拓弥		芝1800				1:50.6	0.8		14-13-15-16	36.2-36.6	36.1	500(+2)				77.0	曇		16.0	8.0	15.0	49.7	10.0	4	56.0	稍	**	**		ピエドラアギーラ																																																									
2018102832	2021-08-01	1函館10		3.0	3歳未勝利								大野拓弥		芝2000				2:01.8	0.4		14-15-11-7	35.1-37.3	36.9	498(-2)				130.0	小雨		16.0	4.0	7.0	6.2	3.0	3	56.0	良	**	**		アズユーフィール																																																									
2018102832	2021-08-22	2札幌4		4.0	3歳未勝利								川田将雅		芝2600				2:43.0	0.0		10-8-9-6	38.4-36.0	35.3	488(-10)				510.0	晴		14.0	5.0	7.0	3.4	2.0	1	56.0	良	**	**		(コンフィアンス)																																																									
2018102832	2021-12-05	6中京2		8.0	3歳以上1勝クラス								戸崎圭太		芝2200				2:15.2	2.2		2-2-2-3	34.7-35.9	37.8	506(+18)					曇		18.0	2.0	4.0	18.0	7.0	17	55.0	良	**	**		ロードプレジール																																																									
2018102832	2021-12-18	6中京5		9.0	3歳以上1勝クラス								斎藤新		芝2200				2:15.3	1.5		14-13-16-12	35.5-36.6	37.0	502(-4)					晴		18.0	3.0	6.0	69.0	13.0	11	55.0	良	**	**		チャックネイト																																																									
2018102832	2022-01-16	1小倉2		12.0	4歳以上1勝クラス								酒井学		芝2000				2:01.1	0.2		9-8-10-10	35.0-36.0	35.5	492(-10)				190.0	曇		12.0	3.0	3.0	21.2	10.0	3	56.0	良	**	**		フォレスタ																																																									
2018102832	2022-11-06	3福島2		8.0	3歳以上1勝クラス								横山琉人		芝2000				2:01.0	0.3		10-11-8-9	35.1-36.7	36.3	510(+18)				120.0	晴		16.0	6.0	11.0	27.3	8.0	4	55.0	良	**	**		ブルーロワイヤル																																																									
2018102832	2022-12-03	6中京1		12.0	3歳以上1勝クラス								横山琉人		芝2000				2:01.3	0.2		10-12-12-10	35.6-35.7	35.0	506(-4)				310.0	晴		16.0	1.0	2.0	22.0	6.0	2	55.0	良	**	**		ホウオウバニラ																																																									
2018102832	2022-12-17	6阪神5		12.0	3歳以上1勝クラス								川田将雅		芝1800				1:47.3	0.4		11-11	35.3-35.7	34.3	504(-2)				77.0	小雨		15.0	8.0	14.0	5.2	4.0	5	57.0	稍	**	**		マイシンフォニー																																																									
2018102832	2023-01-09	1中京4		12.0	4歳以上1勝クラス								永島まな		芝2000				2:02.9	0.9		12-12-8-7	37.0-34.6	34.8	504(0)					晴		14.0	7.0	12.0	10.7	5.0	12	54.0	良	**	**		マッハモンルード																																																									
2018102832	2023-04-09	1福島2		12.0	4歳以上1勝クラス								横山琉人		芝2000				2:02.1	0.6		12-11-9-12	34.8-37.3	37.3	496(-8)					晴		15.0	1.0	1.0	10.2	6.0	8	57.0	良	**	**		ヤマニンループ																																																									
2018102832	2023-08-19	2札幌3		10.0	富良野特別(1勝クラス)								モレイラ		芝2000				2:02.8	1.0		12-12-13-8	35.5-35.5	35.4	512(+16)					曇		16.0	4.0	7.0	10.5	4.0	7	58.0	良	**	**		ウインスノーライト																																																									
2018102832	2023-09-03	2札幌8		7.0	3歳以上1勝クラス								佐々木大		芝1800				1:50.2	0.0		8-5-5-6	37.3-35.6	35.2	508(-4)				800.0	晴		14.0	1.0	1.0	21.8	8.0	1	57.0	良	**	**		(ユイ)																																																									
2018102832	2023-10-01	4阪神9		9.0	武田尾特別(2勝クラス)								藤岡佑介		芝1800				1:47.0	0.7		11-11	35.6-34.3	33.9	502(-6)					曇		11.0	8.0	11.0	24.1	6.0	9	58.0	稍	**	**		ヨリマル																																																									
2018102832	2023-11-19	3京都6		10.0	近江特別(2勝クラス)								岩田望来		芝2000				2:00.4	0.8		12-14-14-13	35.9-35.2	34.6	510(+8)					晴		17.0	1.0	1.0	39.6	11.0	11	55.0	良	**	**		ウインスノーライト																																																									
2018102832	2023-12-28	5阪神9		10.0	フォーチュンC(2勝クラス)								松若風馬		芝2000				2:00.3	0.3		8-7-7-6	36.7-35.8	34.9	512(+2)					晴		11.0	2.0	2.0	182.1	11.0	8	58.0	良	**	**		カネフラ																																																									
2018102832	2024-01-14	1京都5		9.0	逢坂山特別(2勝クラス)								角田大河		芝1800				1:47.7	0.7		10-10	35.4-34.8	34.7	518(+6)					晴		11.0	7.0	8.0	166.7	11.0	9	54.0	良	**	**		ワイドアラジン																																																									
2018102832	2024-02-04	2京都4		8.0	4歳以上2勝クラス								田口貫太		芝2000				2:01.5	0.8		3-3-3-3	36.5-35.5	36.0	522(+4)				170.0	曇		7.0	6.0	6.0	58.5	5.0	4	57.0	良	**	**		セブンマジシャン																																																									
2018102832	2024-04-27	1新潟1		10.0	胎内川特別(2勝クラス)								北村友一		芝1800				1:48.1	-0.4		6-6	36.6-34.5	34.2	506(-16)				1572.4	晴		10.0	7.0	7.0	13.8	7.0	1	58.0	良	**	**		(ドットクルー)																																																									
2018102832	2024-05-26	2東京12		9.0	むらさき賞(3勝クラス)								西村淳也		芝1800				1:45.7	0.9		10-9-9	35.1-35.0	34.7	502(-4)					晴		10.0	7.0	7.0	40.9	7.0	8	55.0	良	**	**		ジェイパームス																																																									
2018102832	2024-06-22	3東京7		11.0	江の島S(3勝クラス)								木幡巧也		芝1800				1:47.0	0.9		9-11-13	37.0-33.8	33.5	502(0)					晴		13.0	4.0	6.0	226.1	13.0	11	58.0	良	**	**		マイネルモーント																																																									
2018102832	2024-07-14	2福島6		10.0	阿武隈S(3勝クラス)								田辺裕信		芝2000				2:01.2	0.6		10-10-6-5	36.0-35.7	35.8	500(-2)					小雨		14.0	7.0	11.0	44.8	12.0	6	55.0	良	**	**		ウインシュクラン																																																									
2018102832	2024-12-22	7京都8		10.0	サンタクロースS(3勝クラス)								北村友一		芝2000				2:02.6	1.7		14-14-5-3	37.8-34.1	35.7	504(+4)					晴		14.0	5.0	8.0	152.5	12.0	13	58.0	良	**	**		ホウオウプロサンゲ																																																									
2018102832	2025-01-12	1中京4		10.0	新春S(3勝クラス)								酒井学		芝1600				1:36.8	2.4		16-16-16	34.8-36.1	36.7	514(+10)					曇		16.0	8.0	15.0	284.4	15.0	16	54.0	良	**	**		ヒルノローザンヌ																																																									
2018102832	2025-03-30	2中京6		10.0	伊勢S(3勝クラス)								和田竜二		ダ1900				1:59.8	0.5		13-13-13-12	30.0-38.4	37.4	514(0)				280.0	晴		16.0	7.0	14.0	198.3	15.0	4	54.0	良	**	**		レヴォントゥレット																																																									
2018102832	2025-05-31	2京都11		10.0	桃山S(3勝クラス)								和田竜二		ダ1900				1:59.0	1.3		10-10-10-11	30.8-35.8	36.3	508(-6)					曇		16.0	3.0	6.0	74.9	13.0	8	54.0	良	**	**		ソーニーイシュー																																																									
2018102832	2025-12-14	5阪神4		10.0	竹田城S(3勝クラス)								北村友一		ダ2000				2:05.8	1.2		15-14-11-9	36.2-37.9	38.2	506(-2)					晴		16.0	7.0	14.0	149.9	14.0	11	54.0	良	**	**		ロードプレジール																																																									
2018102832	2026-01-12	1京都5		10.0	雅S(3勝クラス)								酒井学		ダ1800				1:53.2	1.5		16-16-15-15	36.5-36.6	36.6	510(+4)					晴		16.0	3.0	5.0	373.2	15.0	12	54.0	良	**	**		モックモック																																																									
2018102917	2020-11-23	5東京7		5.0	2歳新馬								藤田菜七		芝1800				1:51.4	0.9		13-12-12	37.5-34.9	34.6	480(0)																			晴		13.0	8.0	13.0	92.6	9.0	8	53.0	良	**	**		タケルジャック																																											
2018102917	2020-12-13	5中山4		4.0	2歳未勝利								野中悠太		芝2000				2:03.6	0.9		13-13-14-12	36.3-36.8	35.9	464(-16)																			晴		18.0	2.0	4.0	24.9	6.0	8	55.0	良	**	**		ロックオンエイム																																											
2018102917	2021-01-17	1中京6		5.0	3歳未勝利								松若風馬		芝2000				2:03.4	1.8		13-13-14-12	36.1-35.3	35.7	468(+4)																			曇		16.0	3.0	6.0	49.6	8.0	9	56.0	良	**	**		ウィンドリッパー																																											
2018102917	2021-01-30	1東京1		5.0	3歳未勝利								丸田恭介		芝1800				1:47.2	2.0		15-16-15	34.7-35.1	35.1	470(+2)																			晴		16.0	2.0	4.0	181.7	13.0	9	56.0	良	**	**		ボーデン																																											
2018102917	2021-04-03	3中山3		5.0	3歳未勝利								野中悠太		芝2000				2:01.5	0.3		18-17-16-11	35.1-36.0	35.2	452(-18)				200.0															晴		18.0	1.0	2.0	92.7	9.0	2	56.0	良	**	**		スワーヴエルメ																																											
2018102917	2021-04-18	3中山8		4.0	3歳未勝利								野中悠太		芝2200				2:16.6	1.4		12-12-12-8	35.2-37.0	37.3	458(+6)				77.0															晴		17.0	5.0	9.0	7.2	4.0	4	56.0	重	**	**		ブレークアップ																																											
2018102917	2021-05-15	2新潟3		5.0	3歳未勝利								藤田菜七		芝2400				2:28.5	-0.1		10-11-6-4	35.1-36.3	35.9	458(0)				510.0															晴		13.0	1.0	1.0	4.8	3.0	1	54.0	良	**	**		(ウェイオブライト)																																											
2018102917	2021-06-19	3東京5		8.0	3歳以上1勝クラス								藤田菜七		芝2400				2:29.0	1.3		5-5-5-7	38.7-35.1	35.8	466(+8)																			曇		8.0	8.0	8.0	5.0	4.0	6	51.0	稍	**	**		エクセレントタイム																																											
2018102917	2021-07-17	1福島5		9.0	南相馬特別(1勝クラス)								藤田菜七		芝2000				2:00.4	0.9		16-16-14-13	34.9-35.9	35.4	470(+4)																			晴		16.0	7.0	13.0	64.6	13.0	10	54.0	良	**	**		フィデリオグリーン																																											
2018102917	2021-11-07	2福島2		9.0	3歳以上1勝クラス								秋山稔樹		芝2000				2:01.4	1.1		14-11-10-9	34.8-36.4	36.9	472(+2)																			晴		16.0	8.0	15.0	78.4	12.0	9	54.0	良	**	**		ニホンピロタイズ																																											
2018102917	2021-11-21	2福島6		7.0	3歳以上1勝クラス								原優介		芝2000				2:02.6	1.1		15-15-16-13	35.2-36.1	35.5	474(+2)																			晴		16.0	2.0	4.0	36.6	10.0	12	52.0	良	**	**		リフレーミング																																											
2018102917	2021-12-05	6中京2		8.0	3歳以上1勝クラス								藤田菜七		芝2200				2:13.9	0.9		18-18-18-18	34.7-35.9	35.2	478(+4)																			曇		18.0	1.0	1.0	142.3	15.0	8	53.0	良	**	**		ロードプレジール																																											
2018102917	2022-02-13	1東京6		6.0	4歳以上1勝クラス								野中悠太		芝2400				2:28.4	0.2		6-6-7-6	37.2-35.4	34.9	500(+22)				190.0															雨		10.0	8.0	10.0	37.5	7.0	3	56.0	良	**	**		ポレンティア																																											
2018102917	2022-03-13	2中京2		8.0	4歳以上1勝クラス								藤田菜七		芝2200				2:12.8	0.1		10-10-10-10	36.3-35.3	34.2	494(-6)				190.0															曇		10.0	8.0	10.0	20.6	6.0	3	54.0	良	**	**		タイセイコマンド																																											
2018102917	2022-03-27	2中京6		7.0	4歳以上1勝クラス								藤田菜七		芝2200				2:16.3	0.2		16-16-15-15	36.4-37.0	35.9	496(+2)				120.0															晴		16.0	4.0	8.0	8.5	5.0	4	54.0	重	**	**		ダノンセレスタ																																											
2018102917	2022-04-24	1福島4		10.0	燧ヶ岳特別(1勝クラス)								丸山元気		芝2600				2:41.5	0.1		14-14-12-9	37.6-37.1	35.9	490(-6)				275.3															曇		16.0	4.0	8.0	2.9	1.0	3	57.0	良	**	**		ナムアミダブツ																																											
2018102917	2022-05-22	2東京10		7.0	4歳以上1勝クラス								野中悠太		芝2400				2:27.5	0.2		10-10-6-6	36.7-35.1	34.9	500(+10)				190.0															晴		10.0	1.0	1.0	5.1	3.0	3	57.0	良	**	**		レベランス																																											
2018102917	2022-07-02	2福島1		9.0	開成山特別(1勝クラス)								野中悠太		芝2600				2:41.2	0.4		8-8-10-9	37.6-35.4	35.1	492(-8)				160.0															晴		10.0	5.0	5.0	9.9	4.0	4	57.0	良	**	**		ロンギングエーオ																																											
2018102917	2022-10-16	4東京5		7.0	3歳以上1勝クラス								野中悠太		芝2400				2:24.7	0.9		11-11-11-11	36.2-34.8	34.7	502(+10)																			曇		12.0	6.0	7.0	16.7	9.0	6	57.0	良	**	**		レッドミラージュ																																											
2018102917	2022-11-05	3福島1		8.0	3歳以上1勝クラス								丸山元気		芝2600				2:39.9	0.1		6-7-3-4	35.6-37.0	36.7	500(-2)				310.0															晴		16.0	6.0	11.0	5.3	2.0	2	57.0	良	**	**		ミステリーウェイ																																											
2018102917	2023-02-18	1阪神3		7.0	4歳以上1勝クラス								Ｍ．デム		芝2000				2:00.1	0.0		8-8-7-2	36.1-34.5	34.5	510(+10)				320.0															曇		8.0	4.0	4.0	10.1	5.0	2	58.0	良	**	**		マテンロウアレス																																											
2018102917	2023-03-11	2中京1		7.0	4歳以上1勝クラス								丸山元気		芝2200				2:14.4	0.2		9-9-6-7	35.5-35.5	35.1	506(-4)				200.0															晴		11.0	7.0	9.0	2.9	1.0	3	58.0	良	**	**		ブルーゲート																																											
2018102917	2023-04-09	1福島2		7.0	4歳以上1勝クラス								藤田菜七		芝2600				2:44.8	1.0		16-15-14-13	38.8-36.2	36.1	510(+4)																			晴		16.0	3.0	5.0	3.9	2.0	12	56.0	良	**	**		エリカヴァレリア																																											
2018102917	2023-05-28	2東京12		8.0	青嵐賞(2勝クラス)								Ｍ．デム		芝2400				2:26.6	1.0		11-11-11-7	37.6-34.5	35.0	504(-6)																			晴		11.0	1.0	1.0	25.9	6.0	10	58.0	良	**	**		ドリームインパクト																																											
2018102917	2023-06-17	3東京5		8.0	3歳以上1勝クラス								丸山元気		芝2400				2:25.6	0.7		9-9-8-7	37.1-34.4	34.3	504(0)				120.0															晴		9.0	5.0	5.0	14.0	4.0	4	58.0	良	**	**		ナイトインロンドン																																											
2018102917	2023-10-21	4新潟3		9.0	岩船特別(1勝クラス)								丸山元気		芝2200				2:17.1	1.4		9-12-9-9	36.6-35.6	36.1	500(-4)																			小雨		15.0	2.0	2.0	30.5	10.0	6	58.0	重	**	**		アームブランシュ																																											
2018102917	2023-10-28	4東京8		8.0	3歳以上1勝クラス								野中悠太		芝2000				2:00.0	0.3		9-9-8	36.1-34.3	33.9	504(+4)				200.0															晴		10.0	7.0	8.0	18.1	5.0	3	58.0	良	**	**		インスタキング																																											
2018102917	2023-11-18	3福島5		12.0	3歳以上1勝クラス								丸山元気		芝2000				2:05.8	2.1		16-16-16-16	34.4-37.6	37.6	502(-2)																			晴		16.0	2.0	3.0	5.3	2.0	15	58.0	稍	**	**		ボーンイングランデ																																											
2018102917	2023-12-16	5中山5		7.0	ヤングJSFR中山1(1勝クラス)								大木天翔		芝2000				2:01.1	1.2		14-14-10-10	35.4-36.1	36.7	504(+2)																			晴		16.0	7.0	14.0	16.0	5.0	10	58.0	良	**	**		ラエール																																											
2018102917	2024-03-03	2小倉8		9.0	脊振山特別(1勝クラス)								古川吉洋		芝2600				2:43.6	1.4		8-8-8-9	38.1-35.3	35.6	510(+6)																			曇		11.0	1.0	1.0	25.6	6.0	7	58.0	稍	**	**		パープルクラウド																																											
2018102917	2024-03-24	1中京6		7.0	4歳以上1勝クラス								富田暁		芝2200				2:16.1	1.1		9-9-8-7	35.0-37.5	37.6	506(-4)				120.0															小雨		9.0	7.0	7.0	17.2	5.0	4	58.0	重	**	**		コパノサントス																																											
2018102917	2024-04-06	3中山5		8.0	4歳以上1勝クラス								長浜鴻緒		ダ2400				2:34.5	-0.5		16-16-15-11	37.3-40.4	38.0	508(+2)				800.0															曇		16.0	7.0	14.0	28.6	9.0	1	55.0	稍	**	**		(イデアユウシン)																																											
2018102917	2024-06-22	4京都7		9.0	京極特別(2勝クラス)								原優介		ダ1900				2:00.8	3.0		12-12-10-10	30.4-36.3	38.2	492(-16)																			曇		12.0	2.0	2.0	18.4	6.0	10	58.0	稍	**	**		ディープリボーン																																											
2018102917	2024-07-13	2福島5		10.0	信夫山特別(2勝クラス)								野中悠太		芝2600				2:42.7	1.8		10-11-10-11	38.4-34.9	35.8	496(+4)																			晴		12.0	7.0	9.0	64.7	10.0	9	58.0	良	**	**		プレリュードシチー																																											
2018102917	2024-09-14	4中山3		9.0	松戸特別(2勝クラス)								長浜鴻緒		ダ2400				2:37.9	1.0		15-15-11-7	39.1-38.2	38.4	490(-6)				230.0															晴		16.0	5.0	9.0	16.5	6.0	4	58.0	良	**	**		ロードマゼラン																																											
2018102917	2024-10-13	4東京3		8.0	3歳以上2勝クラス								長浜鴻緒		ダ2100				2:12.3	1.8		16-16-16-14	31.4-36.5	36.6	500(+10)																			晴		16.0	8.0	15.0	43.0	11.0	12	55.0	良	**	**		リアレスト																																											
2018102917	2024-12-15	5中山6		9.0	香取特別(2勝クラス)								長浜鴻緒		ダ2400				2:36.4	1.4		14-14-10-9	37.9-39.2	39.3	502(+2)																			晴		14.0	5.0	8.0	22.6	8.0	6	58.0	良	**	**		ニューバラード																																											
2018102917	2025-01-13	1中山5		9.0	成田特別(2勝クラス)								長浜鴻緒		ダ2400				2:39.5	1.7		13-13-7-8	38.4-40.8	42.0	508(+6)																			晴		16.0	4.0	8.0	40.6	10.0	7	58.0	良	**	**		アコークロー																																											
2018102917	2025-02-23	1小倉10		4.0	障害4歳以上未勝利								大江原圭		障2860				3:14.7	1.5		8-7-7-7	108.0-0.0	13.6	510(+2)																			曇		12.0	2.0	2.0	14.9	6.0	7	60.0	良				サンデーヒーロー																																											
2018102917	2025-03-23	2中山8		4.0	障害4歳以上未勝利								大江原圭		障2880				3:18.0	0.3		9-8-6-6	110.0-0.0	13.8	506(-4)				210.0															晴		14.0	5.0	8.0	5.9	3.0	3	60.0	良				ガンダルフ																																											
2018102917	2025-04-20	2阪神8		4.0	障害4歳以上未勝利								高田潤		障2970				3:25.0	0.4		6-6-5-4	106.0-0.0	13.8	504(-2)				210.0															曇		14.0	2.0	2.0	9.0	6.0	3	60.0	良				テイエムマジック																																											
2018102917	2025-06-07	3東京1		1.0	障害3歳以上未勝利								大江原圭		障3000				3:28.9	1.6		6-5-6-5	105.0-0.0	13.9	508(+4)				84.0															晴		14.0	3.0	3.0	2.9	1.0	5	60.0	良				ジオフロント																																											
2018102917	2025-10-05	4東京2		4.0	障害3歳以上未勝利								大江原圭		障3000				3:27.3	0.8		7-7-4-4	105.0-0.0	13.8	506(-2)				130.0															晴		14.0	6.0	9.0	7.5	3.0	4	60.0	良				プラチナトレジャー																																											
2018102917	2025-11-01	3京都10		4.0	障害3歳以上未勝利								大江原圭		障2910				3:19.0	0.2		3-2-3-2	109.0-0.0	13.7	502(-4)				340.0															曇		11.0	7.0	9.0	4.4	3.0	2	60.0	稍				メイショウウネビ																																											
2018102917	2025-11-30	4京都8		5.0	障害3歳以上未勝利								大江原圭		障2910				3:20.9	0.9		4-4-3-3	106.1-0.0	13.8	502(0)				210.0															晴		9.0	7.0	7.0	2.5	2.0	3	60.0	良				シーク																																											
2018102917	2025-12-21	5中山6		4.0	障害3歳以上未勝利								大江原圭		障2880				3:20.3	4.1		10-10-8-6	109.1-0.0	13.9	512(+10)																			曇		14.0	4.0	6.0	5.1	4.0	7	60.0	重				ダノンロッキー																																											
2018102917	2026-01-18	1中山7		4.0	障害4歳以上未勝利								高田潤		障2880				3:16.3	2.7		11-11-10-9	106.1-0.0	13.6	518(+6)																																																													晴		14.0	3.0	3.0	10.8	6.0	9	60.0	良				アスクオンディープ	202606010704
2018102956	2021-04-04	2阪神4	曇	3.0	3歳未勝利		16.0	6.0	12.0	12.0	5.0	1	高倉稜	56.0	ダ1800		良	**	1:54.6	0.0	**	3-3-3-2	37.2-38.4	38.3	508(0)			(タイスケフェイス)	510.0																																																																							
2018102956	2021-05-01	2阪神11	晴	6.0	3歳1勝クラス		11.0	6.0	7.0	9.5	5.0	9	高倉稜	56.0	ダ1800		稍	**	1:56.2	2.4	**	2-2-2-2	36.6-38.7	41.0	508(0)			ナリタフォルテ																																																																								
2018102956	2021-10-10	4阪神2	晴	8.0	3歳以上1勝クラス		12.0	5.0	6.0	7.4	5.0	8	高倉稜	55.0	ダ1800		良	**	1:55.6	2.1	**	1-1-1-2	38.5-37.3	39.4	514(+6)			ムエックス																																																																								
2018102956	2021-10-31	4阪神8	曇	7.0	3歳以上1勝クラス		12.0	5.0	5.0	16.3	4.0	12	高倉稜	55.0	ダ1800		良	**	1:56.1	2.5	**	5-5-8-12	37.2-38.6	39.7	508(-6)			ミッキーヌチバナ																																																																								
2018102956	2022-02-05	1中京11	晴	6.0	4歳以上1勝クラス		16.0	3.0	5.0	16.9	6.0	9	高倉稜	57.0	ダ1400		良	**	1:26.6	0.6	**	7-7	34.2-39.5	39.2	512(+4)			タイセイブレイズ																																																																								
2018102956	2022-03-12	2中京1	晴	7.0	4歳以上1勝クラス		16.0	4.0	7.0	15.5	7.0	2	高倉稜	57.0	ダ1400		良	**	1:25.2	0.3	**	3-3	35.0-37.8	37.7	518(+6)			ウーゴ	310.0																																																																							
2018102956	2022-03-26	2中京5	雨	8.0	4歳以上1勝クラス		16.0	8.0	15.0	4.7	3.0	1	高倉稜	57.0	ダ1400		重	**	1:24.2	-0.3	**	2-2	35.4-36.8	36.7	520(+2)			(ゼンノミチザネ)	770.0																																																																							
2018102956	2022-05-21	3中京5	曇	8.0	4歳以上2勝クラス		16.0	2.0	3.0	27.2	10.0	3	高倉稜	57.0	ダ1400		良	**	1:24.5	0.7	**	3-3	34.2-37.5	37.9	514(-6)			メイショウオーギシ	280.0																																																																							
2018102956	2022-06-04	4中京1	晴	12.0	3歳以上2勝クラス		16.0	3.0	6.0	12.3	5.0	5	高倉稜	57.0	ダ1400		良	**	1:24.8	0.9	**	3-3	35.3-36.1	36.8	512(-2)			ジレトール	111.0																																																																							
2018102956	2022-09-18	5中京4	曇	12.0	3歳以上2勝クラス		16.0	5.0	10.0	11.3	5.0	5	高倉稜	57.0	ダ1400		良	**	1:24.5	1.7	**	7-7	34.6-36.2	37.3	518(+6)			ドンフランキー	111.0																																																																							
2018102956	2022-10-09	4東京2	小雨	12.0	3歳以上2勝クラス		16.0	4.0	7.0	12.9	5.0	10	高倉稜	57.0	ダ1400		稍	**	1:24.0	1.0	**	5-8	33.3-37.6	37.5	516(-2)			レッドゲイル																																																																								
2018102956	2022-12-17	6中京5	小雨	10.0	ヤングJSFR中京2(2勝クラス)		16.0	4.0	8.0	6.8	4.0	3	川端海翼	57.0	ダ1400		良	**	1:25.6	0.7	**	3-2	35.1-37.6	38.2	516(0)			タイキフォース	386.4																																																																							
2018102956	2023-01-09	1中京4	晴	9.0	鳥羽特別(2勝クラス)		14.0	4.0	6.0	8.5	4.0	7	高倉稜	58.0	ダ1400		良	**	1:25.6	1.1	**	8-7	34.3-38.4	38.8	514(-2)			フォーチュンテラー																																																																								
2018102956	2023-03-26	2中京6	小雨	12.0	四日市特別(2勝クラス)		15.0	2.0	2.0	7.5	4.0	9	和田竜二	58.0	ダ1400		不	**	1:25.6	1.8	**	4-3	34.7-37.0	38.6	510(-4)			エルバリオ																																																																								
2018102956	2023-07-08	3中京3	曇	10.0	インディアT(2勝クラス)		16.0	6.0	11.0	119.4	14.0	14	高倉稜	58.0	ダ1400		良	**	1:26.2	2.1	**	6-6	34.8-37.4	38.9	518(+8)			サンライズフレイム																																																																								
2018102956	2023-09-23	4阪神6	晴	12.0	3歳以上2勝クラス		16.0	8.0	15.0	121.1	13.0	14	河原田菜	54.0	ダ1800		稍	**	1:55.2	2.6	**	7-8-10-13	36.9-38.1	39.5	528(+10)			オーサムリザルト																																																																								
2018102956	2023-10-07	2京都1	曇	12.0	3歳以上2勝クラス		15.0	8.0	15.0	155.3	14.0	2	河原田菜	54.0	ダ1800		良	**	1:52.8	0.4	**	2-2-2-2	36.8-37.4	37.7	526(-2)			ドゥラリアル	460.0																																																																							
2018102956	2023-10-28	2京都8	晴	12.0	3歳以上2勝クラス		13.0	7.0	11.0	27.2	5.0	10	河原田菜	54.0	ダ1800		良	**	1:55.0	2.8	**	5-9-13-12	37.2-38.5	39.4	526(0)			ブライアンセンス																																																																								
2018102956	2023-11-18	3京都5	晴	9.0	蹴上特別(2勝クラス)		16.0	6.0	12.0	44.7	10.0	13	河原田菜	58.0	ダ1800		重	**	1:53.9	1.6	**	3-3-4-10	35.7-37.8	38.9	528(+2)			メイショウモズ																																																																								
2018102956	2024-03-03	1阪神4	晴	9.0	4歳以上2勝クラス		12.0	6.0	8.0	66.4	10.0	3	高倉稜	58.0	ダ1800		良	**	1:53.6	0.7	**	3-3-3-3	37.5-37.7	38.1	528(0)			カネトシブルーム	290.0																																																																							
2018102956	2024-03-30	2阪神3	晴	12.0	4歳以上2勝クラス		15.0	5.0	9.0	10.5	4.0	3	高倉稜	58.0	ダ1800		稍	**	1:52.9	0.4	**	4-4-3-3	37.5-37.2	37.3	522(-6)			ハギノロックオン	290.0																																																																							
2018102956	2024-04-13	2阪神7	晴	12.0	4歳以上2勝クラス		10.0	7.0	7.0	5.7	3.0	4	高倉稜	58.0	ダ1800		良	**	1:52.9	0.2	**	3-3-2-2	37.0-38.7	38.8	518(-4)			マリアナトレンチ	170.0																																																																							
2018102956	2024-09-21	3中京6	曇	12.0	3歳以上2勝クラス		16.0	6.0	12.0	16.7	9.0	9	太宰啓介	58.0	ダ1800		良	**	1:54.2	1.5	**	8-8-5-4	37.0-38.5	39.6	522(+4)			バンドマスター																																																																								
2018102956	2025-01-06	1中京2	雨	9.0	天竜川特別(2勝クラス)		16.0	4.0	8.0	51.7	12.0	12	高倉稜	58.0	ダ1800		良	**	1:54.3	1.5	**	3-5-4-4	36.9-38.1	39.2	516(-6)			スリリングチェイス																																																																								
2018102956	2025-03-22	1阪神7	晴	12.0	4歳以上2勝クラス		16.0	7.0	14.0	17.7	8.0	3	高倉稜	58.0	ダ1800		良	**	1:54.3	0.8	**	2-2-2-1	37.7-38.5	39.3	520(+4)			トウカイポワール	290.0																																																																							
2018102956	2025-04-06	2阪神4	晴	7.0	4歳以上2勝クラス		10.0	6.0	6.0	9.8	3.0	2	高倉稜	58.0	ダ1800		良	**	1:53.7	0.2	**	3-3-3-3	37.4-38.7	38.7	522(+2)			ペンナヴェローチェ	460.0																																																																							
2018102956	2025-04-27	2京都2	晴	12.0	4歳以上2勝クラス		12.0	3.0	3.0	9.4	4.0	9	高倉稜	58.0	ダ1800		良	**	1:53.0	1.0	**	3-3-4-4	37.0-37.2	37.9	520(-2)			スマートリアファル																																																																								
2018102956	2025-08-02	3中京3	晴	6.0	日進特別(2勝クラス)		12.0	6.0	7.0	13.5	6.0	3	太宰啓介	58.0	ダ1800		良	**	1:53.8	0.3	**	5-3-4-3	36.9-39.8	39.8	520(0)			グラヴィス	393.9																																																																							
2018102956	2025-12-13	5中京3	曇	10.0	鳴海特別(2勝クラス)		16.0	5.0	10.0	27.6	7.0	14	太宰啓介	58.0	ダ1800		良	**	1:54.4	1.1	**	3-3-2-2	37.7-37.0	38.1	532(+12)			アラレタバシル																																																																								
2018102956	2025-12-28	5阪神8	晴	8.0	3歳以上2勝クラス		13.0	2.0	2.0	26.0	8.0	6	太宰啓介	58.0	ダ1800		良	**	1:53.6	0.7	**	1-1-1-1	36.7-38.3	39.0	530(-2)			ゴールドダイアー																																																																								
2018102956	2026-01-18	1京都7		10.0	大津特別(2勝クラス)								太宰啓介		ダ1800				1:55.6	2.0		3-3-3-4	37.5-37.4	39.0	530(0)																																																													晴		16.0	2.0	3.0	57.7	9.0	16	58.0	良	**	**		バッケンレコード	202608010710
2018103005	2020-07-12	4阪神4		6.0	2歳新馬								松山弘平		ダ1400				1:25.9	-0.3		3-2	34.4-39.0	38.9	494(0)				700.0																																											晴		13.0	7.0	10.0	4.0	2.0	1	54.0	稍	**	**		(レッドソルダード)															
2018103005	2020-09-26	2中京6		9.0	ヤマボウシ賞(1勝クラス)								松山弘平		ダ1400				1:25.9	2.3		5-6	35.0-36.6	38.4	498(+4)																																															曇		9.0	7.0	7.0	3.4	2.0	7	54.0	稍	**	**		デュアリスト															
2018103005	2020-10-25	4京都6		8.0	なでしこ賞(1勝クラス)								和田竜二		ダ1400				1:24.4	1.1		3-3	35.3-35.9	36.6	496(-2)				150.0																																											晴		10.0	2.0	2.0	15.7	7.0	4	55.0	稍	**	**		ゼンノアンジュ															
2018103005	2021-03-14	2中京2		6.0	3歳1勝クラス								角田大和		ダ1800				1:51.5	0.4		3-4-5-5	36.6-37.1	37.1	512(+16)				180.0																																											晴		11.0	3.0	3.0	19.7	9.0	3	53.0	不	**	**		ピースマッチング															
2018103005	2021-04-03	2阪神3		5.0	3歳1勝クラス								和田竜二		ダ1800				1:54.3	1.1		1-1-1-1	36.2-38.7	39.8	508(-4)																																															曇		16.0	2.0	3.0	6.9	4.0	6	56.0	良	**	**		ワイズマンハート															
2018103005	2021-04-24	2阪神9		6.0	3歳1勝クラス								藤懸貴志		ダ1800				1:53.1	0.5		1-1-1-1	36.3-39.6	40.1	508(0)				290.0																																											晴		14.0	1.0	1.0	13.0	6.0	2	56.0	良	**	**		ケイアイロベージ															
2018103005	2021-05-15	2新潟3		10.0	わらび賞(1勝クラス)								藤懸貴志		ダ1800				1:53.4	-0.1		5-5-3-3	36.0-39.9	39.5	510(+2)				1048.5																																											晴		15.0	4.0	6.0	3.5	1.0	1	56.0	良	**	**		(リヴェット)															
2018103005	2021-08-08	3新潟6		11.0	レパードS(GIII)								藤懸貴志		ダ1800				1:55.7	4.4		5-3-7-14	35.9-37.3	41.1	504(-6)																																															曇		15.0	5.0	8.0	35.3	9.0	14	56.0	良	**	**		メイショウムラクモ															
2018103005	2021-09-04	4小倉7		10.0	天草特別(2勝クラス)								藤懸貴志		ダ1700				1:45.3	2.2		3-3-2-3	29.4-36.9	38.9	496(-8)																																															曇		16.0	3.0	5.0	8.0	5.0	12	54.0	重	**	**		タイセイアゲイン															
2018103005	2021-12-26	6阪神8		9.0	鳥取特別(2勝クラス)								藤懸貴志		ダ1800				1:56.8	2.5		10-10-10-13	38.8-37.6	39.2	504(+8)																																															晴		13.0	1.0	1.0	26.8	6.0	10	56.0	良	**	**		ペプチドナイル															
2018103005	2022-01-15	1中京5		8.0	4歳以上2勝クラス								和田竜二		ダ1800				1:53.9	1.2		2-2-2-2	37.1-38.2	39.3	508(+4)																																															晴		12.0	5.0	6.0	18.5	5.0	6	56.0	良	**	**		フィニステール															
2018103005	2022-02-06	1中京12		8.0	4歳以上2勝クラス								永島まな		ダ1800				1:55.1	1.1		1-1-1-1	36.9-39.9	41.0	510(+2)																																															晴		11.0	7.0	9.0	19.0	5.0	9	52.0	稍	**	**		テイエムマグマ															
2018103005	2022-09-17	5中京3		10.0	大府特別(2勝クラス)								藤懸貴志		ダ1800				1:54.6	2.7		7-7-3-2	36.7-37.7	40.3	500(-10)																																															曇		15.0	8.0	14.0	46.2	9.0	12	57.0	良	**	**		ビヨンドザファザー															
2018103005	2022-10-08	4阪神1		12.0	3歳以上2勝クラス								和田竜二		ダ1800				1:53.1	1.5		2-2-1-1	36.9-37.9	39.4	504(+4)																																															晴		13.0	2.0	2.0	39.1	6.0	8	57.0	稍	**	**		ヘラルドバローズ															
2018103005	2023-05-21	1京都10		12.0	4歳以上2勝クラス								藤懸貴志		ダ1800				1:54.1	0.5		1-1-1-1	36.7-39.1	39.6	506(+2)				114.0																																											晴		11.0	8.0	10.0	22.2	9.0	5	58.0	良	**	**		ルイナールカズマ															
2018103005	2023-06-04	3阪神2		9.0	加古川特別(2勝クラス)								藤懸貴志		ダ1800				1:52.2	0.8		1-1-1-1	36.8-36.5	37.3	510(+4)				230.0																																											晴		13.0	3.0	3.0	15.5	4.0	4	58.0	良	**	**		ラインオブソウル															
2018103005	2023-06-24	3東京7		10.0	日野特別(2勝クラス)								藤懸貴志		ダ1600				1:37.1	0.9		1-1	34.8-36.7	37.6	510(0)																																															曇		16.0	1.0	2.0	22.9	7.0	9	58.0	良	**	**		アナンシエーション															
2018103005	2023-12-02	4中京1		9.0	犬山特別(2勝クラス)								藤懸貴志		ダ1900				2:00.4	0.3		1-1-1-1	30.1-37.7	38.0	518(+8)				230.0																																											晴		16.0	3.0	5.0	9.1	5.0	4	58.0	良	**	**		アースライザー															
2018103005	2023-12-28	5阪神9		9.0	春待月賞(2勝クラス)								城戸義政		ダ1800				1:55.1	1.6		1-1-1-1	36.5-39.4	41.0	512(-6)																																															晴		16.0	2.0	3.0	37.2	10.0	13	58.0	良	**	**		ショウナンライシン															
2018103005	2024-04-07	1福島2		4.0	障害4歳以上未勝利								難波剛健		障2750				3:02.7	2.8		6-7-8-7	105.1-0.0	13.3	516(+4)																																															晴		14.0	4.0	6.0	12.3	4.0	6	60.0	良				ロンギングバース															
2018103005	2024-04-28	1新潟2		4.0	障害4歳以上未勝利								石神深一		障2890				3:10.7	1.0		5-5-3-3	105.1-0.0	13.2	508(-8)				320.0																																											晴		10.0	5.0	5.0	5.4	3.0	2	60.0	良				ケンアンビシャス															
2018103005	2024-05-19	1新潟8		4.0	障害4歳以上未勝利								石神深一		障2890				3:12.2	1.5		9-9-8-5	106.0-0.0	13.3	504(-4)				120.0																																											晴		14.0	3.0	4.0	2.0	1.0	4	60.0	良				スピアヘッド															
2018103005	2024-06-08	3東京3		1.0	障害3歳以上未勝利								坂口智康		障3000				3:24.8	0.9		2-2-2-2	105.0-0.0	13.7	512(+8)				120.0																																											晴		11.0	4.0	4.0	5.6	3.0	4	57.0	良				アンクルブラック															
2018103005	2024-08-18	2中京4		1.0	障害3歳以上未勝利								難波剛健		障3000				3:20.1	4.3		7-7-5-6	103.1-0.0	13.3	510(-2)																																															晴		12.0	6.0	8.0	5.3	2.0	8	60.0	良				プリモスペランツァ															
2018103005	2025-01-13	1中山5		4.0	障害4歳以上未勝利								難波剛健		障2880				3:18.6	3.4		6-6-8-8	107.1-0.0	13.8	506(-4)																																															晴		9.0	1.0	1.0	12.7	6.0	7	60.0	良				フォージドブリック															
2018103005	2025-02-09	1小倉6		4.0	障害4歳以上未勝利								難波剛健		障2860				3:16.0	1.9		5-2-2-2	107.0-0.0	13.7	508(+2)				210.0																																											晴		12.0	5.0	5.0	23.3	7.0	3	60.0	稍				クラウンセト															
2018103005	2025-03-01	1小倉11		4.0	障害4歳以上未勝利								難波剛健		障2860				3:15.6	0.1		2-2-2-1	106.1-0.0	13.7	510(+2)				340.0																																											曇		12.0	7.0	9.0	10.9	4.0	2	60.0	良				ダイスアローリング															
2018103005	2025-03-30	2阪神2		4.0	障害4歳以上未勝利								難波剛健		障2970				3:26.0	0.0		4-4-2-1	109.0-0.0	13.9	514(+4)				340.0																																											晴		14.0	4.0	6.0	4.4	2.0	2	60.0	良				ザスリーサーティ															
2018103005	2025-04-20	2阪神8		4.0	障害4歳以上未勝利								難波剛健		障2970				3:24.6	-0.4		6-6-3-2	106.0-0.0	13.8	516(+2)				840.0																																											曇		14.0	1.0	1.0	3.8	1.0	1	60.0	良				(タマモエース)															
2018103005	2025-09-20	4阪神6		4.0	阪神ジャンプS(JGIII)								難波剛健		障3140				3:31.6	2.0		5-5-4-3	102.0-0.0	13.5	528(+12)				450.0																																											曇		9.0	7.0	7.0	53.1	6.0	4	60.0	良				ネビーイーム															
2018103005	2025-10-11	3京都3		4.0	障害3歳以上OP								難波剛健		障3170				3:38.1	2.6		7-5-4-3	102.0-0.0	13.8	532(+4)																																															曇		10.0	6.0	6.0	5.7	3.0	6	60.0	良				ディナースタ															
2018103005	2025-12-20	5阪神5		4.0	障害3歳以上OP								難波剛健		障3110				3:33.5	-0.6		13-12-8-6	106.0-0.0	13.7	534(+2)				1430.0																																											晴		14.0	4.0	5.0	5.6	3.0	1	60.0	良				(ルドヴィクス)															
2018103205	2020-06-13	1函館1		5.0	2歳新馬								嶋田純次		芝1000				0:57.9	0.3		2-2	35.2-33.8	33.9	456(0)				280.0																													晴		11.0	7.0	8.0	13.8	7.0	2	54.0	良	**	**		リンゴアメ																													
2018103205	2020-06-28	1函館6		1.0	2歳未勝利								嶋田純次		芝1200				1:10.8	0.1		4-5	34.2-36.5	36.4	458(+2)				130.0																													曇		9.0	7.0	7.0	6.4	4.0	3	54.0	稍	**	**		ニシノエルサ																													
2018103205	2020-08-30	3新潟6		3.0	2歳未勝利								嶋田純次		芝1000				0:56.0	0.0		3	33.6-33.3	33.1	458(0)				510.0																													晴		15.0	5.0	9.0	1.9	1.0	1	54.0	良	**	**		(ルミナスライン)																													
2018103205	2020-09-26	4中山6		9.0	カンナS(OP)								嶋田純次		芝1200				1:10.1	0.2		3-3	34.2-35.7	35.5	454(-4)				645.2																													小雨		8.0	2.0	2.0	8.5	4.0	2	54.0	稍	**	**		オールアットワンス																													
2018103205	2020-11-07	5東京1		11.0	京王杯2歳S(GII)								嶋田純次		芝1400				1:22.9	1.1		13-17	34.7-34.7	34.3	456(+2)																																	曇		18.0	7.0	13.0	170.9	16.0	11	55.0	良	**	**		モントライゼ																													
2018103205	2020-12-12	5中山3		9.0	黒松賞(1勝クラス)								嶋田純次		芝1200				1:10.2	1.3		7-7	33.6-35.3	36.0	454(-2)																																	曇		16.0	3.0	5.0	14.5	4.0	11	55.0	良	**	**		エムオーシャトル																													
2018103205	2020-12-19	3中京5		10.0	報知杯中京2歳S(OP)								水口優也		芝1200				1:10.3	0.8		3-3	34.1-35.4	35.7	458(+4)																																	晴		14.0	7.0	11.0	102.2	11.0	10	55.0	良	**	**		ゴールドチャリス																													
2018103205	2021-01-10	1中山3		9.0	朱竹賞(1勝クラス)								石川裕紀		芝1200				1:10.8	1.6		1-1	33.3-35.9	37.5	460(+2)																																	晴		16.0	1.0	1.0	26.4	8.0	14	56.0	良	**	**		ロンギングバース																													
2018103205	2021-03-27	3中山1		5.0	3歳1勝クラス								嶋田純次		芝1200				1:10.4	0.3		7-9	34.8-35.3	34.9	454(-6)				110.0																													晴		11.0	2.0	2.0	15.5	6.0	4	56.0	良	**	**		カンタベリーマッハ																													
2018103205	2021-04-17	3中山7		6.0	3歳1勝クラス								嶋田純次		芝1200				1:09.5	0.7		12-13	33.4-35.4	34.6	456(+2)																																	曇		16.0	5.0	10.0	30.5	8.0	10	56.0	良	**	**		メインターゲット																													
2018103205	2021-05-08	2新潟1		10.0	はやぶさ賞(1勝クラス)								菱田裕二		芝1000				0:57.3	1.5		5	33.2-33.4	34.7	458(+2)																																	晴		16.0	2.0	4.0	18.7	9.0	11	56.0	良	**	**		キモンブラウン																													
2018103205	2021-05-29	2東京11		6.0	3歳1勝クラス								杉原誠人		芝1400				1:21.2	0.3		2-2	34.7-34.6	34.7	454(-4)																																	曇		12.0	6.0	7.0	200.5	12.0	6	56.0	良	**	**		ペイシャフェスタ																													
2018103205	2021-07-31	3新潟3		12.0	3歳以上1勝クラス								杉原誠人		芝1400				1:21.9	0.9		6-5	34.3-34.9	35.3	444(-10)																																	晴		18.0	1.0	1.0	50.5	10.0	8	54.0	良	**	**		ララクリスティーヌ																													
2018103205	2021-08-15	4新潟2		12.0	3歳以上1勝クラス								杉原誠人		芝1200				1:10.3	1.4		6-5	34.5-34.4	34.9	452(+8)																																	晴		18.0	2.0	4.0	34.0	8.0	11	54.0	良	**	**		フミロア																													
2018103205	2021-11-13	2福島3		9.0	3歳以上1勝クラス								黛弘人		芝1200				1:10.3	-0.1		2-2	35.2-35.1	34.9	462(+10)				760.0																													晴		15.0	3.0	5.0	19.0	6.0	1	56.0	良	**	**		(テセウス)																													
2018103205	2021-12-04	5中山1		12.0	3歳以上2勝クラス								黛弘人		芝1200				1:08.3	0.5		9-8	33.3-34.5	34.1	468(+6)				280.0																													晴		16.0	7.0	14.0	135.3	14.0	3	56.0	良	**	**		ゼログラヴィティ																													
2018103205	2021-12-26	5中山8		12.0	キャンドルライト賞(2勝クラス)								黛弘人		芝1200				1:09.3	0.2		6-6	33.1-36.0	35.8	472(+4)																																	晴		16.0	5.0	10.0	17.5	7.0	8	56.0	良	**	**		コスモアンジュ																													
2018103205	2022-03-27	3中山2		12.0	4歳以上2勝クラス								黛弘人		芝1200				1:09.7	0.6		9-9	33.6-35.5	35.4	472(0)																																	曇		13.0	6.0	9.0	22.2	7.0	6	57.0	重	**	**		イルクオーレ																													
2018103205	2022-04-17	3中山8		8.0	袖ケ浦特別(2勝クラス)								大野拓弥		芝1200				1:09.1	0.5		7-6	33.9-34.7	34.4	470(-2)				151.0																													晴		14.0	8.0	14.0	20.6	8.0	5	54.0	良	**	**		マウンテンムスメ																													
2018103205	2022-05-07	1新潟1		10.0	大日岳特別(2勝クラス)								黛弘人		芝1200				1:09.4	0.5		5-4	34.3-34.6	34.5	464(-6)																																	晴		13.0	5.0	6.0	51.0	11.0	8	57.0	良	**	**		ワンスカイ																													
2018103205	2022-06-26	1函館6		10.0	HTB杯(2勝クラス)								勝浦正樹		芝1200				1:09.1	0.2		11-10	34.1-34.8	33.9	462(-2)				151.0																													曇		15.0	2.0	3.0	22.5	8.0	5	54.0	良	**	**		グランアリエル																													
2018103205	2022-07-09	1函館9		10.0	潮騒特別(2勝クラス)								勝浦正樹		芝1200				1:10.0	0.1		8-8	34.4-35.5	34.8	464(+2)																																	曇		13.0	8.0	13.0	67.4	9.0	7	57.0	良	**	**		ソウテン																													
2018103205	2022-07-17	1函館12		12.0	湯の川温泉特別(2勝クラス)								勝浦正樹		芝1200				1:13.0	0.3		5-5	35.3-37.4	37.0	462(-2)				384.2																													雨		14.0	7.0	11.0	16.4	7.0	3	57.0	重	**	**		タツリュウオー																													
2018103205	2022-08-07	1札幌6		10.0	HBC賞(2勝クラス)								勝浦正樹		芝1200				1:09.0	0.4		15-14	33.8-34.8	33.7	468(+6)																																	晴		16.0	6.0	12.0	42.5	11.0	7	57.0	良	**	**		ショウナンラスボス																													
2018103205	2022-12-25	5中山8		12.0	キャンドルライト賞(2勝クラス)								黛弘人		芝1200				1:10.4	1.6		9-8	33.7-35.1	35.9	478(+10)																																	晴		16.0	4.0	8.0	120.7	15.0	15	57.0	良	**	**		ホウオウノーサイド																													
2018103205	2023-04-08	1福島1		10.0	花見山特別(2勝クラス)								黛弘人		芝1200				1:09.6	0.6		7-6	32.8-36.2	36.2	470(-8)																																	曇		16.0	1.0	1.0	58.7	12.0	7	58.0	良	**	**		オードゥメール																													
2018103205	2023-04-15	3中山7		8.0	4歳以上2勝クラス								内田博幸		芝1200				1:10.6	0.8		3-3	34.2-35.6	36.0	476(+6)				290.0																													雨		16.0	2.0	3.0	71.8	12.0	3	58.0	重	**	**		ジャスパークローネ																													
2018103205	2023-04-30	1新潟2		10.0	邁進特別(2勝クラス)								黛弘人		芝1000				0:57.7	-0.1		12	33.4-35.3	34.3	472(-4)				1585.0																													曇		15.0	6.0	12.0	7.1	4.0	1	55.0	重	**	**		(ルルルージュ)																													
2018103205	2023-08-12	3新潟1		11.0	稲妻S(3勝クラス)								江田照男		芝1000				0:55.9	1.2		11	32.0-33.1	33.5	470(-2)																																	晴		16.0	5.0	9.0	48.5	11.0	7	55.0	良	**	**		マイヨアポア																													
2018103205	2023-09-10	4中山2		10.0	セプテンバーS(3勝クラス)								内田博幸		芝1200				1:08.2	0.6		9-9	33.3-34.3	33.9	464(-6)																																	晴		12.0	5.0	5.0	99.9	12.0	10	58.0	良	**	**		ファロロジー																													
2018103205	2023-10-21	4新潟3		11.0	北陸S(3勝クラス)								黛弘人		芝1200				1:10.1	0.7		15-15	33.3-36.1	35.0	474(+10)																																	小雨		18.0	7.0	13.0	54.7	15.0	13	58.0	重	**	**		オタルエバー																													
2018103205	2023-10-29	4新潟6		11.0	ルミエールオータムD(L)								江田照男		芝1000				0:57.8	0.5		11	33.6-34.7	34.1	476(+2)																																	曇		18.0	8.0	17.0	15.0	5.0	7	52.0	不	**	**		カイザーメランジェ																													
2018103205	2023-12-28	5阪神9		12.0	カウントダウンS(3勝クラス)								荻野琢真		芝1200				1:09.8	1.0		5-4	34.7-34.1	34.9	472(-4)																																	晴		16.0	8.0	16.0	368.3	15.0	15	58.0	良	**	**		スコールユニバンス																													
2018103205	2024-02-25	2小倉6		11.0	下関S(3勝クラス)								黛弘人		芝1200				1:10.2	1.2		9-8	33.6-35.4	35.3	480(+8)																																	晴		17.0	3.0	5.0	255.2	17.0	15	58.0	稍	**	**		カンチェンジュンガ																													
2018103205	2024-05-05	1新潟4		10.0	駿風S(3勝クラス)								黛弘人		芝1000				0:54.9	0.2		9	32.1-33.0	32.5	476(-4)				280.0																													晴		16.0	5.0	10.0	42.9	12.0	4	58.0	良	**	**		ブーケファロス																													
2018103205	2024-05-19	2東京10		9.0	フリーウェイS(3勝クラス)								黛弘人		芝1400				1:22.2	1.7		9-9	34.6-34.2	34.2	468(-8)																																	曇		13.0	3.0	3.0	230.7	12.0	13	58.0	良	**	**		シャドウフューリー																													
2018103205	2024-07-28	2新潟2		7.0	アイビスサマーD(GIII)								内田博幸		芝1000				0:55.6	0.3		10	32.5-33.5	33.0	468(0)																																	曇		18.0	3.0	6.0	141.8	15.0	7	57.0	良	**	**		モズメイメイ																													
2018103205	2024-08-11	3新潟2		10.0	稲妻S(3勝クラス)								杉原誠人		芝1000				0:54.4	-0.1		6	32.1-32.6	32.2	468(0)				1877.1																													晴		17.0	8.0	17.0	4.9	1.0	1	58.0	良	**	**		(カフジテトラゴン)																													
2018103205	2024-10-27	4新潟8		11.0	ルミエールオータムD(L)								杉原誠人		芝1000				0:54.7	0.5		11	32.0-32.5	31.7	470(+2)				410.0																													晴		17.0	4.0	7.0	20.3	8.0	4	56.0	良	**	**		マイヨアポア																													
2018103205	2025-02-16	1小倉8		11.0	北九州短距離S(OP)								黛弘人		芝1200				1:09.3	0.8		8-7	33.9-34.6	34.6	474(+4)																																	晴		15.0	6.0	10.0	95.6	14.0	15	57.0	良	**	**		キタノエクスプレス																													
2018103205	2025-03-01	2中山1		11.0	オーシャンS(GIII)								杉原誠人		芝1200				1:08.1	1.0		12-11	33.7-33.4	32.9	478(+4)																																	晴		15.0	8.0	14.0	379.5	15.0	11	57.0	良	**	**		ママコチャ																													
2018103205	2025-05-25	1新潟8		11.0	韋駄天S(OP)								嶋田純次		芝1000				0:56.1	0.6		14	33.2-33.0	32.8	472(-6)				584.9																													小雨		16.0	2.0	4.0	37.9	13.0	3	56.0	稍	**	**		テイエムスパーダ																													
2018103205	2025-06-28	1函館5		11.0	青函S(OP)								杉原誠人		芝1200				1:09.0	0.9		11-10	33.3-34.8	34.6	468(-4)																																	晴		16.0	1.0	1.0	52.9	14.0	12	55.0	良	**	**		エーティーマクフィ																													
2018103205	2025-08-03	2新潟4		7.0	アイビスサマーD(GIII)								杉原誠人		芝1000				0:54.5	0.8		14	32.0-32.0	31.8	470(+2)																																	晴		18.0	3.0	5.0	24.1	9.0	11	57.0	良	**	**		ピューロマジック																													
2018103205	2025-10-26	4新潟4		11.0	ルミエールオータムD(L)								杉原誠人		芝1000				0:56.2	0.9		16	32.7-33.2	32.5	470(0)																																	雨		17.0	1.0	1.0	64.4	14.0	8	56.0	稍	**	**		イコサン																													
2018103205	2026-01-17	1中山6		11.0	カーバンクルS(OP)								嶋田純次		芝1200				1:08.0	0.6		11-11	33.7-33.7	33.5	472(+2)																																	晴		16.0	6.0	12.0	231.0	16.0	11	54.0	良				ウイングレイテスト																													
2018103368	2021-01-09	1中京2		4.0	3歳新馬								団野大成		ダ1200				1:14.5	0.7		5-4	36.2-37.6	38.0	450(0)				150.0	晴		14.0	4.0	6.0	6.1	2.0	3	53.0	良	**	**		バリコノユメ																																																									
2018103368	2021-01-23	1小倉3		1.0	3歳未勝利								団野大成		ダ1700				1:47.4	1.7		2-3-2-1	29.8-38.1	39.7	442(-8)					雨		11.0	8.0	11.0	6.9	4.0	8	53.0	重	**	**		ランスオブアース																																																									
2018103368	2021-02-06	1中京11		2.0	3歳未勝利								団野大成		ダ1400				1:25.9	0.1		3-3	34.7-38.7	38.4	438(-4)				200.0	晴		16.0	4.0	8.0	17.7	5.0	2	53.0	稍	**	**		メイショウヨシテル																																																									
2018103368	2021-02-21	1阪神4		3.0	3歳未勝利								三浦皇成		ダ1400				1:27.9	2.3		1-1	34.7-38.5	40.8	434(-4)					晴		16.0	1.0	1.0	3.2	1.0	13	54.0	良	**	**		スカーレットスカイ																																																									
2018103368	2021-03-14	1阪神10		1.0	3歳未勝利								団野大成		ダ1200				1:12.6	0.1		6-5	35.2-37.3	37.0	434(0)				200.0	晴		16.0	8.0	16.0	5.8	2.0	2	54.0	重	**	**		コウバコ																																																									
2018103368	2021-03-28	2阪神2		2.0	3歳未勝利								団野大成		ダ1200				1:13.6	0.0		2-2	35.5-38.1	38.0	438(+4)				510.0	小雨		16.0	6.0	12.0	1.7	1.0	1	54.0	良	**	**		(キンバ)																																																									
2018103368	2021-10-17	5新潟4		6.0	3歳以上1勝クラス								松本大輝		ダ1200				1:12.5	1.5		5-7	34.4-36.6	37.8	456(+18)					曇		14.0	3.0	3.0	18.2	6.0	11	50.0	不	**	**		ゴールデンプルーフ																																																									
2018103368	2021-10-31	5新潟8		6.0	3歳以上1勝クラス								松本大輝		ダ1200				1:11.6	0.3		5-5	34.0-37.3	36.9	458(+2)				190.0	晴		15.0	7.0	12.0	89.9	15.0	3	50.0	良	**	**		エーアイダンサー																																																									
2018103368	2021-11-13	2福島3		4.0	3歳以上1勝クラス								泉谷楓真		ダ1150				1:09.2	0.1		10-10	31.7-37.4	36.8	442(-16)				300.0	晴		16.0	8.0	15.0	15.8	7.0	2	53.0	稍	**	**		ステラータ																																																									
2018103368	2021-11-27	5阪神7		7.0	3歳以上1勝クラス								泉谷楓真		ダ1200				1:13.1	0.2		5-5	35.3-37.6	37.3	446(+4)				190.0	晴		12.0	1.0	1.0	6.0	2.0	3	53.0	良	**	**		ジェットエンブレム																																																									
2018103368	2021-12-11	6阪神3		12.0	3歳以上1勝クラス								団野大成		ダ1200				1:12.4	0.0		4-4	35.2-37.2	36.5	444(-2)				760.0	晴		13.0	7.0	10.0	3.0	1.0	1	54.0	良	**	**		(シゲルリジ)																																																									
2018103368	2022-10-09	4阪神2		12.0	3歳以上2勝クラス								団野大成		ダ1200				1:13.0	2.2		8-7	34.2-36.6	38.1	464(+20)					雨		16.0	6.0	12.0	69.5	13.0	15	55.0	重	**	**		ウォームライト																																																									
2018103368	2022-10-22	4阪神6		12.0	3歳以上2勝クラス								浜中俊		ダ1200				1:12.7	2.0		13-13	34.3-36.4	36.7	464(0)					晴		14.0	7.0	11.0	94.3	10.0	11	55.0	良	**	**		サンライズアムール																																																									
2018103368	2022-11-27	5阪神8		8.0	3歳以上2勝クラス								団野大成		ダ1400				1:24.9	0.9		13-13	34.2-37.8	37.4	464(0)				170.0	晴		16.0	4.0	8.0	89.4	13.0	4	55.0	稍	**	**		プライムライン																																																									
2018103368	2022-12-11	6阪神4		12.0	夙川特別(2勝クラス)								秋山真一		ダ1200				1:12.7	1.0		7-11	34.9-36.8	37.1	458(-6)					晴		16.0	2.0	4.0	46.4	10.0	6	55.0	良	**	**		テイエムランウェイ																																																									
2018103368	2022-12-28	6阪神9		9.0	春待月賞(2勝クラス)								団野大成		ダ1400				1:25.7	1.2		6-6	34.2-38.1	38.4	460(+2)					晴		16.0	5.0	10.0	121.0	12.0	7	55.0	良	**	**		イフティファール																																																									
2018103368	2023-01-15	1中京6		8.0	4歳以上2勝クラス								松山弘平		ダ1200				1:12.8	1.0		12-11	35.6-36.2	36.1	460(0)					曇		13.0	6.0	9.0	42.4	10.0	8	56.0	稍	**	**		サンライズホーク																																																									
2018103368	2023-04-29	1京都3		12.0	4歳以上2勝クラス								小沢大仁		ダ1400				1:26.1	1.6		12-13	35.3-36.9	37.1	460(0)					小雨		15.0	4.0	6.0	208.1	15.0	11	55.0	良	**	**		エーティーマクフィ																																																									
2018103368	2023-05-13	1京都7		7.0	4歳以上2勝クラス								泉谷楓真		芝1200				1:09.1	0.4		12-12	35.4-33.3	32.9	464(+4)				114.0	曇		16.0	4.0	8.0	180.4	16.0	5	55.0	良	**	**		アドヴァイス																																																									
2018103368	2023-05-27	1京都11		12.0	4歳以上2勝クラス								西村淳也		芝1400				1:20.7	0.5		14-14	34.6-34.5	32.7	474(+10)					晴		14.0	8.0	14.0	22.9	9.0	8	56.0	良	**	**		メイショウベッピン																																																									
2018103368	2023-06-18	3阪神6		9.0	皆生特別(2勝クラス)								幸英明		芝1600				1:34.9	1.0		7-9	36.9-32.7	33.2	466(-8)				393.8	曇		11.0	2.0	2.0	12.7	7.0	3	56.0	良	**	**		ベルクレスタ																																																									
2018103368	2023-07-09	3中京4		12.0	シンガポールTC賞(2勝クラス)								秋山真一		芝1600				1:34.8	0.2		8-8-8	36.4-34.7	34.1	462(-4)				627.6	曇		12.0	8.0	11.0	8.5	4.0	2	56.0	稍	**	**		ヴェールアンレーヴ																																																									
2018103368	2023-07-23	3中京8		9.0	有松特別(2勝クラス)								秋山真一		芝1600				1:34.2	0.8		7-8-7	35.0-35.6	35.8	462(0)				393.3	晴		10.0	1.0	1.0	10.9	4.0	3	56.0	良	**	**		ショウナンアレクサ																																																									
2018103368	2023-08-12	3新潟1		10.0	新発田城特別(2勝クラス)								石橋脩		芝1400				1:20.5	0.0		10-8	34.3-34.6	33.8	462(0)				631.2	晴		18.0	8.0	17.0	23.6	10.0	2	56.0	良	**	**		インテグリフォリア																																																									
2018103368	2023-09-03	3新潟8		9.0	飯豊特別(2勝クラス)								石橋脩		芝1400				1:22.5	1.3		6-6	34.3-35.2	35.2	470(+8)					晴		13.0	4.0	4.0	4.2	2.0	6	56.0	良	**	**		ラスール																																																									
2018103368	2024-04-07	2阪神6		7.0	4歳以上2勝クラス								松山弘平		芝1600				1:34.3	0.8		2-2	35.6-33.6	34.3	468(-2)					晴		9.0	6.0	6.0	38.5	8.0	8	56.0	良	**	**		テンノメッセージ																																																									
2018103368	2024-04-27	3京都3		10.0	御池特別(2勝クラス)								和田竜二		芝1400				1:21.6	0.3		11-12	34.8-34.9	34.2	474(+6)				230.0	曇		13.0	8.0	12.0	43.1	8.0	4	56.0	良	**	**		プリモカリーナ																																																									
2018103368	2024-05-25	3京都11		12.0	4歳以上2勝クラス								松山弘平		芝1400				1:20.0	0.1		10-7	33.3-35.3	34.5	474(0)				460.0	晴		17.0	4.0	8.0	9.0	4.0	2	56.0	良	**	**		アスクビギンアゲン																																																									
2018103368	2024-06-23	4京都8		9.0	瀬田特別(2勝クラス)								松山弘平		芝1400				1:22.8	1.6		16-15	35.7-34.0	34.2	476(+2)					曇		18.0	7.0	13.0	28.4	8.0	12	54.0	重	**	**		クランフォード																																																									
2018103368	2024-10-26	5京都7		9.0	3歳以上2勝クラス								団野大成		芝1400				1:21.6	0.3		13-13	35.3-34.6	33.5	474(-2)					曇		15.0	7.0	13.0	56.1	11.0	6	56.0	良	**	**		ナムラアトム																																																									
2018103368	2024-11-10	6京都4		12.0	ドンカスターC(2勝クラス)								浜中俊		芝1400				1:21.6	0.9		5-6	35.0-34.4	34.8	470(-4)					曇		14.0	3.0	3.0	16.6	7.0	13	56.0	良	**	**		フルメタルボディー																																																									
2018103368	2024-12-01	7京都2		12.0	3歳以上2勝クラス								幸英明		芝1400				1:21.0	0.1		6-3	36.1-33.9	33.7	468(-2)				460.0	晴		12.0	5.0	5.0	31.2	9.0	2	56.0	良	**	**		ウルトラソニック																																																									
2018103368	2024-12-22	7京都8		12.0	ジングルベル賞(2勝クラス)								団野大成		芝1400				1:22.2	1.0		14-13	35.4-34.2	34.0	466(-2)					晴		17.0	1.0	2.0	16.7	6.0	12	54.0	良	**	**		ヤマニンアルリフラ																																																									
2018103368	2025-01-06	1中京2		12.0	4歳以上2勝クラス								団野大成		芝1600				1:39.1	1.9		12-12-10	35.3-36.9	37.9	468(+2)					雨		16.0	6.0	11.0	98.9	12.0	12	56.0	重	**	**		ナムラエイハブ																																																									
2018103368	2025-01-26	1中京9		12.0	4歳以上2勝クラス								幸英明		芝1400				1:21.8	0.4		5-5	34.2-35.6	35.5	466(-2)				170.0	晴		13.0	8.0	13.0	48.5	11.0	4	56.0	良	**	**		マサノカナリア																																																									
2018103368	2025-02-22	1京都7		8.0	4歳以上2勝クラス								幸英明		芝1600				1:35.1	0.1		5-4	36.0-34.8	34.0	474(+8)				170.0	曇		9.0	6.0	6.0	38.0	6.0	4	56.0	良	**	**		エポックヴィーナス																																																									
2018103368	2025-03-16	1阪神6		9.0	皆生特別(2勝クラス)								団野大成		芝1600				1:34.4	0.1		7-7	34.9-36.3	35.5	472(-2)				626.2	雨		9.0	6.0	6.0	19.6	7.0	2	56.0	重	**	**		ダズリングブレイヴ																																																									
2018103368	2025-03-29	2阪神1		10.0	ラジオ関西賞仲春特別(2勝クラス)								団野大成		芝1600				1:33.9	0.3		8-6	35.6-34.0	33.7	468(-4)				230.0	曇		8.0	7.0	7.0	10.6	5.0	4	55.0	良	**	**		ブルーミンデザイン																																																									
2018103368	2025-04-13	2阪神6		7.0	4歳以上2勝クラス								団野大成		芝1600				1:34.8	0.8		2-1	36.3-34.0	34.8	472(+4)				114.0	雨		7.0	1.0	1.0	4.4	3.0	5	56.0	稍	**	**		チャンネルトンネル																																																									
2018103368	2025-10-19	3京都7		8.0	3歳以上2勝クラス								高杉吏麒		芝1600				1:34.0	0.7		5-5	36.0-33.7	34.0	478(+6)					曇		10.0	1.0	1.0	25.0	7.0	8	56.0	良	**	**		ミニトランザット																																																									
2018103368	2025-11-02	3京都11		12.0	3歳以上2勝クラス								小沢大仁		芝1400				1:21.5	0.1		12-12	36.4-33.4	32.4	472(-6)				290.0	晴		12.0	5.0	6.0	14.9	8.0	3	56.0	良	**	**		ハワイアンタイム																																																									
2018103368	2025-11-16	4京都4		8.0	3歳以上2勝クラス								武豊		芝1400				1:20.8	0.1		13-12	35.0-34.4	33.7	466(-6)				114.0	晴		15.0	5.0	9.0	12.4	6.0	5	56.0	良	**	**		アンダースコア																																																									
2018103368	2025-12-07	5阪神2		12.0	3歳以上2勝クラス								団野大成		芝1400				1:20.1	0.2		9-10	33.9-35.0	34.5	466(0)				290.0	晴		17.0	1.0	2.0	12.0	6.0	3	56.0	良	**	**		チューラワンサ																																																									
2018103368	2025-12-21	5中京6		12.0	尾張特別(2勝クラス)								高杉吏麒		芝1400				1:22.0	0.1		15-15	34.6-35.5	33.9	464(-2)				632.4	曇		18.0	1.0	2.0	10.6	5.0	2	55.0	稍	**	**		リチャードバローズ																																																									
2018103368	2026-01-04	1京都1		12.0	4歳以上2勝クラス								高杉吏麒		芝1400				1:22.0	0.0		10-10	35.9-34.3	32.8	466(+2)				300.0	曇		12.0	5.0	6.0	4.6	2.0	3	56.0	良	**	**		ララマセラシオン																																																									
2018103388	2020-10-17	4京都3		4.0	2歳新馬								松若風馬		ダ1400				1:27.5	2.4		7-7	34.9-38.3	39.9	486(0)					雨		16.0	6.0	11.0	51.4	11.0	13	55.0	重	**	**		ラッキーモー																																																									
2018103388	2020-10-31	4京都7		2.0	2歳未勝利								川須栄彦		ダ1400				1:26.7	0.5		4-4	35.3-38.7	38.8	482(-4)				51.0	晴		15.0	3.0	4.0	223.9	13.0	5	55.0	良	**	**		レベルタウン																																																									
2018103388	2020-11-14	3福島5		1.0	2歳未勝利								川又賢治		ダ1700				1:50.1	1.4		2-2-2-2	30.6-39.2	40.5	480(-2)				200.0	晴		13.0	6.0	8.0	22.1	7.0	2	55.0	良	**	**		ルーパステソーロ																																																									
2018103388	2020-12-05	3中京1		2.0	2歳未勝利								川須栄彦		ダ1400				1:26.8	0.6		4-4	35.1-38.8	39.2	488(+8)				77.0	晴		16.0	8.0	15.0	11.7	4.0	4	55.0	良	**	**		アレナマエストロ																																																									
2018103388	2021-02-07	1中京12		1.0	3歳未勝利								川田将雅		ダ1200				1:13.7	1.3		2-2	35.4-37.0	38.2	492(+4)				130.0	晴		16.0	7.0	13.0	3.1	1.0	3	56.0	稍	**	**		ベンチャーアウト																																																									
2018103388	2021-02-27	2小倉5		3.0	3歳未勝利								川又賢治		ダ1000				0:58.4	0.3		4-3	33.7-35.7	35.7	474(-18)				77.0	曇		14.0	8.0	14.0	7.8	6.0	4	56.0	不	**	**		キャンユーキッス																																																									
2018103388	2021-03-14	2中京2		3.0	3歳未勝利								川須栄彦		ダ1200				1:12.4	0.9		2-2	34.9-36.6	37.4	484(+10)				77.0	晴		16.0	6.0	12.0	5.2	3.0	4	56.0	不	**	**		カンタベリーマッハ																																																									
2018103388	2021-03-27	2中京5		3.0	3歳未勝利								泉谷楓真		ダ1200				1:12.3	-0.5		2-2	35.5-36.8	36.8	486(+2)				510.0	晴		16.0	8.0	15.0	3.9	2.0	1	54.0	良	**	**		(サトノアポロン)																																																									
2018103388	2021-06-26	3阪神3		7.0	3歳以上1勝クラス								川須栄彦		ダ1200				1:12.1	0.7		4-3	35.7-35.7	36.0	498(+12)				190.0	小雨		10.0	8.0	9.0	8.2	5.0	3	54.0	良	**	**		ヴァガボンド																																																									
2018103388	2021-07-25	3新潟2		8.0	3歳以上1勝クラス								川須栄彦		ダ1200				1:12.2	0.3		2-2	33.7-38.2	38.3	504(+6)				190.0	晴		15.0	4.0	7.0	3.5	1.0	3	54.0	良	**	**		ジューンクエスト																																																									
2018103388	2021-08-08	3新潟6		7.0	3歳以上1勝クラス								田辺裕信		ダ1200				1:12.2	0.8		3-2	34.4-37.0	37.7	494(-10)				300.0	曇		15.0	3.0	4.0	4.2	2.0	2	54.0	良	**	**		シャマル																																																									
2018103388	2022-04-30	2阪神11		7.0	4歳以上1勝クラス								川須栄彦		ダ1200				1:11.9	0.2		3-3	35.5-36.2	35.9	498(+4)				310.0	晴		11.0	2.0	2.0	5.3	3.0	2	57.0	重	**	**		シゲルリジ																																																									
2018103388	2022-05-21	1新潟5		8.0	4歳以上1勝クラス								川須栄彦		ダ1200				1:13.7	1.0		7-9	34.3-38.4	38.6	498(0)					曇		15.0	6.0	10.0	2.6	1.0	13	57.0	良	**	**		ルヴァンヴェール																																																									
2018103388	2022-07-24	3小倉8		12.0	3歳以上1勝クラス								川須栄彦		ダ1000				0:59.3	1.2		2-2	33.8-35.5	36.7	504(+6)					曇		12.0	1.0	1.0	7.9	6.0	7	57.0	良	**	**		ウォームライト																																																									
2018103388	2022-10-10	4阪神3		7.0	3歳以上1勝クラス								今村聖奈		ダ1200				1:11.0	0.2		9-8	34.5-36.3	35.7	500(-4)				190.0	曇		14.0	4.0	5.0	11.6	6.0	3	53.0	不	**	**		スリードレフォン																																																									
2018103388	2022-10-30	4新潟6		8.0	3歳以上1勝クラス								今村聖奈		ダ1200				1:12.1	0.1		3-4	34.8-37.2	37.0	504(+4)				310.0	曇		10.0	3.0	3.0	2.3	1.0	2	53.0	稍	**	**		ナツイチバン																																																									
2018103388	2022-11-12	5阪神3		7.0	3歳以上1勝クラス								今村聖奈		ダ1200				1:12.9	0.2		5-4	35.4-37.3	37.2	496(-8)				120.0	晴		16.0	1.0	2.0	4.6	3.0	4	54.0	良	**	**		ゼットノヴァ																																																									
2018103388	2022-12-10	6中京3		3.0	3歳以上1勝クラス								今村聖奈		ダ1200				1:14.6	2.4		4-5	35.6-36.6	38.6	504(+8)					晴		14.0	7.0	12.0	2.7	1.0	12	54.0	良	**	**		メイショウクリフト																																																									
2018103388	2023-07-29	2新潟1		8.0	3歳以上1勝クラス								泉谷楓真		ダ1200				1:13.3	1.5		8-6	34.4-37.4	37.8	498(-6)					晴		13.0	3.0	4.0	18.0	5.0	6	57.0	良	**	**		スペシャルナンバー																																																									
2018103388	2023-09-23	4阪神6		9.0	3歳以上1勝クラス								永島まな		ダ1200				1:12.1	0.5		7-8	34.0-37.6	37.0	506(+8)				120.0	晴		15.0	2.0	3.0	47.8	8.0	4	55.0	稍	**	**		ディキシーガンナー																																																									
2018103388	2023-10-15	4新潟2		8.0	3歳以上1勝クラス								永島まな		ダ1200				1:11.8	1.2		8-7	34.3-36.3	36.5	508(+2)					曇		15.0	2.0	2.0	6.4	3.0	6	55.0	稍	**	**		フィーカ																																																									
2018103388	2023-10-29	4新潟6		8.0	3歳以上1勝クラス								川端海翼		ダ1200				1:11.6	1.0		2-2	34.6-36.0	37.0	506(-2)				80.0	雨		11.0	7.0	9.0	5.5	3.0	5	55.0	不	**	**		カゲマル																																																									
2018103388	2024-03-23	1中京5		12.0	4歳以上1勝クラス								川須栄彦		ダ1200				1:10.2	0.3		6-4	34.0-35.9	35.6	508(+2)				120.0	曇		16.0	2.0	3.0	10.8	5.0	4	58.0	重	**	**		リッキーヤスオカ																																																									
2018103388	2024-04-06	2阪神5		8.0	4歳以上1勝クラス								川須栄彦		ダ1200				1:12.4	0.8		9-9	34.9-36.7	36.4	508(0)					晴		16.0	8.0	15.0	12.5	5.0	9	58.0	稍	**	**		カミーロ																																																									
2018103388	2024-04-27	3京都3		8.0	4歳以上1勝クラス								川須栄彦		ダ1200				1:12.7	0.3		7-7	35.1-37.3	36.9	508(0)				320.0	曇		14.0	5.0	8.0	13.3	5.0	2	58.0	良	**	**		サンガネーブ																																																									
2018103388	2024-05-19	3京都10		12.0	4歳以上1勝クラス								川須栄彦		ダ1200				1:12.8	0.2		3-3	35.5-37.1	37.0	506(-2)				80.0	曇		16.0	7.0	14.0	4.4	2.0	5	58.0	良	**	**		スターペスカオリ																																																									
2018103388	2024-06-01	4京都1		9.0	3歳以上1勝クラス								川須栄彦		ダ1200				1:11.7	1.0		4-3	34.3-36.4	36.9	510(+4)					晴		16.0	8.0	15.0	18.5	7.0	7	58.0	稍	**	**		エスカル																																																									
2018103388	2024-10-27	5京都8		8.0	3歳以上1勝クラス								柴田裕一		ダ1200				1:12.8	0.8		10-12	35.1-36.9	36.6	518(+8)				80.0	曇		15.0	4.0	7.0	9.1	5.0	5	55.0	良	**	**		アガシ																																																									
2018103388	2024-11-09	6京都3		7.0	3歳以上1勝クラス								吉村誠之		ダ1200				1:12.4	1.2		9-7	34.9-36.3	36.3	516(-2)				80.0	晴		16.0	5.0	9.0	21.1	6.0	5	55.0	良	**	**		クリノオリーブ																																																									
2018103388	2024-11-30	4中京1		2.0	3歳以上1勝クラス								柴田裕一		ダ1200				1:13.3	1.0		9-8	34.6-37.7	37.8	522(+6)					曇		16.0	2.0	4.0	9.0	4.0	8	55.0	良	**	**		イミュータブル																																																									
2018103388	2024-12-07	7京都3		8.0	3歳以上1勝クラス								川須栄彦		ダ1200				1:12.9	0.5		9-9	35.6-36.8	36.1	512(-10)				120.0	晴		12.0	5.0	6.0	36.9	8.0	4	58.0	良	**	**		メイショウヤーキス																																																									
2018103388	2024-12-22	7京都8		7.0	3歳以上1勝クラス								菱田裕二		ダ1200				1:13.4	0.5		11-8	35.5-37.4	37.1	516(+4)				80.0	晴		16.0	7.0	14.0	35.9	9.0	5	58.0	良	**	**		ヤマカツパトリシア																																																									
2018103388	2025-02-22	1京都7		7.0	4歳以上1勝クラス								川須栄彦		ダ1200				1:12.8	0.0		9-8	35.1-37.7	36.4	516(0)				800.0	曇		16.0	5.0	9.0	26.6	6.0	1	58.0	良	**	**		(フォルテローザ)																																																									
2018103388	2025-03-15	2中京1		9.0	伊良湖特別(2勝クラス)								川須栄彦		ダ1200				1:13.1	0.8		8-10	35.9-36.4	36.6	512(-4)					小雨		16.0	7.0	14.0	31.2	8.0	11	58.0	良	**	**		ヤマニンアルリフラ																																																									
2018103388	2025-07-13	2小倉6		1.0	障害3歳以上未勝利								田村太雅		障2860				3:21.2	6.6		12-12-11-11	106.0-0.0	14.1	514(+2)					曇		12.0	6.0	8.0	43.2	11.0	10	60.0	良				ポリトナリティー																																																									
2018103473	2020-08-15	3新潟1		5.0	2歳新馬								川須栄彦		芝1600				1:37.4	0.4		11-11	36.0-36.3	35.5	418(0)				110.0																													曇		18.0	6.0	11.0	21.6	7.0	4	54.0	良	**	**		イルーシヴパンサー																													
2018103473	2020-09-13	2中京2		3.0	2歳未勝利								川須栄彦		芝1600				1:36.7	0.5		3-6-6	35.9-35.6	35.5	418(0)				51.0																													曇		10.0	7.0	7.0	19.5	5.0	5	54.0	良	**	**		シャドウエリス																													
2018103473	2020-10-10	4京都1		2.0	2歳未勝利								藤岡佑介		芝1400				1:24.3	0.7		3-3	34.8-36.5	37.0	418(0)				200.0																													小雨		13.0	3.0	3.0	7.9	3.0	2	55.0	不	**	**		デルマヤクシ																													
2018103473	2020-10-25	4京都6		2.0	2歳未勝利								藤岡佑介		芝1400				1:25.7	2.2		2-3	35.6-35.6	37.6	422(+4)																																	晴		18.0	5.0	9.0	31.2	10.0	17	55.0	良	**	**		スーパーホープ																													
2018103473	2021-01-24	1小倉4		6.0	3歳未勝利								藤岡康太		芝1200				1:11.3	0.9		2-2	34.0-36.4	37.1	428(+6)																																	曇		18.0	4.0	8.0	7.3	3.0	8	56.0	重	**	**		フォイアーロート																													
2018103473	2021-02-07	1中京12		1.0	3歳未勝利								幸英明		ダ1200				1:14.0	1.6		16-16	35.4-37.0	36.4	426(-2)				77.0																													晴		16.0	1.0	2.0	8.0	5.0	4	56.0	稍	**	**		ベンチャーアウト																													
2018103473	2021-02-28	1阪神6		2.0	3歳未勝利								幸英明		ダ1200				1:15.5	1.3		7-6	36.1-38.1	38.8	420(-6)																																	晴		15.0	2.0	4.0	2.3	1.0	8	56.0	良	**	**		ミッキークイック																													
2018103473	2021-05-16	2新潟4		2.0	3歳未勝利								坂井瑠星		ダ1200				1:13.6	1.0		9-9	35.2-37.4	37.7	428(+8)																																	曇		15.0	8.0	14.0	4.3	3.0	7	56.0	良	**	**		ディベルティール																													
2018103473	2021-06-12	4中京3		2.0	3歳未勝利								藤岡康太		ダ1200				1:13.2	1.1		9-9	35.0-37.1	37.2	418(-10)																																	曇		16.0	8.0	15.0	16.0	6.0	8	56.0	良	**	**		レッドフランカー																													
2018103473	2021-07-04	1函館2		6.0	3歳未勝利								坂井瑠星		ダ1700				1:45.9	-0.9		3-3-2-2	30.6-37.4	37.2	426(+8)				510.0																													曇		13.0	7.0	10.0	11.8	6.0	1	56.0	良	**	**		(メイショウコトダマ)																													
2018103473	2021-07-25	1函館8		8.0	3歳以上1勝クラス								坂井瑠星		ダ1700				1:45.9	0.0		3-3-3-2	30.1-38.3	38.0	428(+2)				760.0																													晴		13.0	8.0	13.0	2.0	1.0	1	54.0	良	**	**		(ラルフ)																													
2018103473	2021-08-22	2札幌4		10.0	大通公園特別(2勝クラス)								坂井瑠星		ダ1700				1:47.2	1.7		9-8-7-7	29.3-38.4	38.9	422(-6)																																	曇		14.0	8.0	13.0	6.8	4.0	7	54.0	良	**	**		ロードエクレール																													
2018103473	2022-01-22	1小倉3		11.0	小倉城特別(2勝クラス)								坂井瑠星		ダ1700				1:47.7	0.5		3-3-3-3	30.7-38.1	38.4	424(+2)																																	晴		16.0	6.0	11.0	19.7	8.0	9	56.0	良	**	**		サトノロイヤル																													
2018103473	2022-02-12	2小倉1		11.0	和布刈特別(2勝クラス)								亀田温心		ダ1700				1:47.7	1.1		12-12-13-10	29.6-39.3	39.2	424(0)																																	晴		13.0	7.0	11.0	42.0	11.0	8	56.0	良	**	**		ギブミーラブ																													
2018103473	2022-05-01	1福島6		10.0	喜多方特別(2勝クラス)								藤懸貴志		ダ1700				1:45.1	0.2		1-1-1-1	29.7-38.3	38.5	442(+18)				230.0																													雨		14.0	2.0	3.0	55.3	11.0	4	57.0	重	**	**		リリーミニスター																													
2018103473	2022-06-19	1函館4		10.0	檜山特別(2勝クラス)								丸山元気		ダ1700				1:45.7	0.6		3-2-3-4	29.7-37.8	38.2	432(-10)																																	曇		14.0	3.0	4.0	8.9	4.0	9	54.0	良	**	**		タイセイシェダル																													
2018103473	2022-07-17	1函館12		10.0	駒場特別(2勝クラス)								丸山元気		ダ1700				1:43.5	0.7		2-2-2-2	29.5-37.5	37.7	430(-2)				384.0																													雨		13.0	5.0	6.0	60.5	11.0	3	57.0	重	**	**		コパノニコルソン																													
2018103473	2022-08-06	1札幌5		10.0	桑園特別(2勝クラス)								丸山元気		ダ1700				1:48.8	3.2		3-2-2-5	29.1-37.6	40.6	430(0)																																	晴		14.0	5.0	7.0	13.3	6.0	13	54.0	良	**	**		クレスコジョケツ																													
2018103473	2022-08-28	2札幌6		10.0	オールスターJ第3戦(2勝クラス)								ウィリア		ダ1700				1:45.7	1.2		3-3-6-6	29.4-37.1	37.8	430(0)																																	晴		12.0	5.0	8.0	20.8	5.0	6	58.0	良	**	**		メンアットワーク																													
2018103473	2022-11-05	3福島1		11.0	河北新報杯(2勝クラス)								丸山元気		ダ1700				1:45.7	0.5		3-3-2-3	30.2-37.3	37.5	426(-4)																																	晴		15.0	5.0	8.0	37.7	12.0	6	57.0	良	**	**		ラヴィータエベラ																													
2018103473	2023-01-21	1小倉3		11.0	小倉城特別(2勝クラス)								丸山元気		ダ1700				1:45.5	1.7		5-4-4-3	29.3-36.5	37.8	438(+12)																																	晴		16.0	5.0	10.0	41.0	9.0	10	58.0	稍	**	**		メイクアリープ																													
2018103473	2023-02-11	2小倉1		11.0	和布刈特別(2勝クラス)								丸山元気		ダ1700				1:44.6	2.1		1-1-2-2	29.7-37.1	39.1	432(-6)																																	曇		15.0	2.0	2.0	16.1	6.0	13	58.0	不	**	**		メイショウジブリ																													
2018103473	2023-03-12	1阪神10		9.0	天神橋特別(2勝クラス)								藤懸貴志		芝1600				1:35.7	1.7		2-4	34.9-35.2	36.4	434(+2)																																	晴		10.0	3.0	3.0	64.0	9.0	10	58.0	良	**	**		ロワンディシー																													
2018103473	2023-04-29	1京都3		12.0	4歳以上2勝クラス								川須栄彦		ダ1400				1:26.1	1.6		3-4	35.3-36.9	38.1	432(-2)																																	小雨		15.0	5.0	8.0	48.1	11.0	10	58.0	良	**	**		エーティーマクフィ																													
2018103473	2023-07-16	2函館6		10.0	駒場特別(2勝クラス)								小林凌大		ダ1700				1:44.6	1.1		8-8-8-10	28.9-37.5	38.0	430(-2)																																	曇		14.0	4.0	5.0	89.8	12.0	9	58.0	重	**	**		レイクリエイター																													
2018103473	2023-07-23	1札幌2		10.0	大倉山特別(2勝クラス)								小林凌大		ダ1700				1:46.7	0.0		5-5-5-3	30.9-37.1	36.7	430(0)				628.6																													晴		14.0	6.0	9.0	59.8	10.0	2	58.0	良	**	**		シルバーブレッド																													
2018103473	2023-08-05	1札幌5		10.0	桑園特別(2勝クラス)								小林凌大		ダ1700				1:44.5	0.1		6-6-6-5	30.6-36.9	36.3	436(+6)				230.0																													曇		14.0	2.0	2.0	22.7	7.0	4	56.0	重	**	**		ローズスター																													
2018103473	2023-08-20	2札幌4		9.0	大通公園特別(2勝クラス)								小林凌大		ダ1700				1:48.6	1.5		4-4-4-6	30.8-37.6	38.4	430(-6)																																	曇		14.0	3.0	3.0	11.4	5.0	10	58.0	稍	**	**		ミラクルティアラ																													
2018103473	2023-11-05	3福島2		10.0	河北新報杯(2勝クラス)								小林凌大		ダ1700				1:48.1	1.3		7-7-8-6	30.9-37.0	37.8	436(+6)																																	曇		15.0	4.0	6.0	13.4	6.0	10	58.0	良	**	**		レリジールダモーレ																													
2018103473	2023-11-18	3京都5		9.0	蹴上特別(2勝クラス)								藤岡康太		ダ1800				1:52.8	0.5		1-1-1-2	35.7-37.8	38.3	436(0)																																	晴		16.0	3.0	5.0	147.2	11.0	6	58.0	重	**	**		メイショウモズ																													
2018103473	2024-01-20	1小倉3		11.0	和布刈特別(2勝クラス)								藤岡康太		ダ1700				1:44.9	2.0		8-8-9-10	30.1-36.4	37.4	440(+4)																																	雨		13.0	6.0	9.0	52.7	12.0	10	58.0	稍	**	**		ゴッドブルービー																													
2018103473	2024-02-18	2京都8		9.0	天ケ瀬特別(2勝クラス)								城戸義政		ダ1800				1:54.6	1.9		5-6-10-12	37.3-37.7	38.1	436(-4)																																	曇		13.0	7.0	11.0	166.1	12.0	11	58.0	良	**	**		ヴァンドゥラン																													
2018103473	2024-04-20	1福島5		10.0	尾瀬特別(2勝クラス)								小林凌大		ダ1700				1:46.1	0.9		4-4-4-4	29.5-38.4	38.5	438(+2)																																	晴		15.0	6.0	10.0	29.1	9.0	8	55.0	良	**	**		ニホンピロハーバー																													
2018103473	2024-07-14	1函館12		10.0	駒場特別(2勝クラス)								小林凌大		ダ1700				1:46.3	0.9		8-8-9-8	29.2-38.6	38.0	436(-2)																																	晴		14.0	4.0	6.0	105.9	13.0	6	58.0	良	**	**		レッドラグラス																													
2018103473	2024-08-03	1札幌5		10.0	苫小牧特別(2勝クラス)								小林凌大		ダ1700				1:47.2	2.1		3-3-7-8	30.4-36.6	38.1	436(0)																																	曇		14.0	8.0	14.0	53.9	12.0	9	55.0	良	**	**		ゲットアップ																													
2018103473	2024-08-25	2札幌6		10.0	オールスターJ第3戦(2勝クラス)								ホー		ダ1700				1:49.1	2.5		9-9-11-11	30.4-38.3	39.7	438(+2)																																	晴		13.0	2.0	2.0	70.2	10.0	12	58.0	良	**	**		ティアップリオン																													
2018103473	2024-11-03	3福島2		10.0	河北新報杯(2勝クラス)								小林凌大		ダ1700				1:45.5	2.3		9-10-12-13	29.7-37.6	38.4	440(+2)																																	晴		15.0	7.0	12.0	165.1	14.0	11	58.0	重	**	**		クロースコンバット																													
2018103473	2024-11-23	6京都7		9.0	栂尾特別(2勝クラス)								藤懸貴志		ダ1800				1:54.2	2.0		10-10-12-13	36.5-37.8	38.8	436(-4)																																	曇		13.0	6.0	9.0	436.8	13.0	8	58.0	良	**	**		ルシュヴァルドール																													
2018103473	2025-04-19	1福島3		11.0	ラジオ福島賞(2勝クラス)								松本大輝		ダ1700				1:47.8	1.2		12-12-12-12	31.0-38.3	38.3	444(+8)																																	晴		15.0	3.0	5.0	122.9	15.0	10	54.0	良	**	**		クーアフュルスト																													
2018103473	2025-06-08	3阪神2		10.0	洲本特別(2勝クラス)								松本大輝		ダ1400				1:26.0	1.5		12-11	35.1-37.0	37.5	442(-2)																																	小雨		16.0	7.0	13.0	379.5	16.0	12	58.0	良	**	**		プロトポロス																													
2018103473	2025-07-19	2小倉7		10.0	熊本城特別(2勝クラス)								角田大和		ダ1700				1:45.6	2.4		15-14-14-14	29.7-36.7	37.9	442(0)																																	曇		16.0	6.0	12.0	197.3	16.0	13	58.0	重	**	**		レイナデアルシーラ																													
2018103473	2025-09-07	2札幌6		9.0	旭川特別(2勝クラス)								和田陽希		ダ1700				1:46.4	1.1		11-11-8-7	30.0-37.5	37.8	442(0)																																	晴		14.0	6.0	9.0	268.6	14.0	7	58.0	稍	**	**		トーセンサウダージ																													
2018103473	2025-11-09	3福島2		10.0	河北新報杯(2勝クラス)								石田拓郎		ダ1700				1:47.3	1.8		6-7-7-8	30.1-37.8	38.9	444(+2)																																	小雨		15.0	8.0	14.0	242.3	15.0	11	58.0	良	**	**		アレナパラシオ																													
2018103473	2025-12-07	5阪神2		8.0	3歳以上2勝クラス								田山旺佑		芝1800				1:46.7	1.6		2-2	36.3-33.8	35.3	448(+4)																																	晴		8.0	8.0	8.0	177.8	8.0	7	55.0	良	**	**		ジーティームソウ																													
2018103473	2025-12-21	5中山6		12.0	3歳以上2勝クラス								原優介		芝1600				1:36.1	1.6		7-14-16	35.5-35.8	36.0	458(+10)																																	雨		16.0	6.0	12.0	282.0	15.0	13	58.0	重	**	**		メタルスピード																													
2018103473	2026-01-17	1京都6		12.0	4歳以上2勝クラス								田山旺佑		芝1600				1:35.3	1.8		14-15	35.2-34.5	34.9	454(-4)																																	晴		18.0	1.0	2.0	465.2	18.0	15	55.0	良				カズミクラーシュ																													
2018103485	2020-10-11	4東京2		4.0	2歳新馬								Ｍ．デム		芝1400				1:24.3	-0.1		4-5	36.9-35.2	34.7	422(0)				700.0																													曇		18.0	8.0	17.0	5.5	3.0	1	55.0	重	**	**		(シュアーヴアリア)																													
2018103485	2020-11-07	5東京1		11.0	京王杯2歳S(GII)								Ｍ．デム		芝1400				1:22.6	0.8		5-4	34.7-34.7	35.0	426(+4)																																	曇		18.0	5.0	10.0	64.8	10.0	6	55.0	良	**	**		モントライゼ																													
2018103485	2021-02-13	1東京5		7.0	3歳1勝クラス								Ｍ．デム		芝1400				1:22.6	1.0		8-7	34.4-35.5	35.5	426(0)																																	晴		16.0	6.0	11.0	7.2	3.0	10	56.0	良	**	**		レイモンドバローズ																													
2018103485	2021-03-14	2中山6		7.0	3歳1勝クラス								三浦皇成		芝1200				1:12.5	1.0		7-6	35.1-36.4	37.0	420(-6)																																	晴		15.0	2.0	3.0	17.2	6.0	10	56.0	重	**	**		ユキノファラオ																													
2018103485	2021-04-17	1新潟3		10.0	雪うさぎ賞(1勝クラス)								吉田豊		芝1200				1:11.3	0.7		14-12	34.7-35.9	34.8	418(-2)																																	雨		15.0	1.0	1.0	69.6	12.0	7	56.0	重	**	**		レイハリア																													
2018103485	2021-07-25	1函館8		12.0	3歳以上1勝クラス								亀田温心		芝1200				1:10.1	0.6		5-5	34.2-35.3	35.4	418(0)																																	晴		11.0	5.0	5.0	28.1	8.0	6	53.0	良	**	**		クインズセージ																													
2018103485	2021-08-14	2札幌1		9.0	3歳以上1勝クラス								亀田温心		芝1200				1:09.4	0.1		7-7	34.0-35.3	34.7	414(-4)				300.0																													曇		16.0	2.0	4.0	19.9	8.0	2	53.0	良	**	**		ディキシークイーン																													
2018103485	2021-09-05	2札幌8		6.0	3歳以上1勝クラス								亀田温心		芝1200				1:10.8	0.6		6-6	35.0-35.2	35.2	418(+4)				76.0																													晴		16.0	7.0	14.0	8.5	4.0	5	54.0	稍	**	**		カシノフォワード																													
2018103485	2021-09-25	4中山6		4.0	3歳以上1勝クラス								Ｍ．デム		芝1200				1:08.5	0.5		4-3	33.9-34.1	34.1	420(+2)				190.0																													曇		15.0	2.0	2.0	16.7	7.0	3	55.0	良	**	**		ゼログラヴィティ																													
2018103485	2021-11-20	2福島5		8.0	3歳以上1勝クラス								亀田温心		芝1200				1:09.7	0.0		10-9	34.0-35.7	35.0	410(-10)				760.0																													晴		16.0	3.0	5.0	19.7	9.0	1	55.0	良	**	**		(ファイアダンサー)																													
2018103485	2021-12-12	6阪神4		8.0	3歳以上2勝クラス								Ｍ．デム		芝1200				1:09.1	0.7		7-7	33.7-34.7	34.0	412(+2)																																	晴		13.0	8.0	13.0	13.5	5.0	7	56.0	良	**	**		フォドラ																													
2018103485	2022-01-08	1中京2		9.0	鳥羽特別(2勝クラス)								亀田温心		芝1200				1:09.8	1.6		4-4	33.9-34.3	35.4	414(+2)																																	晴		14.0	6.0	9.0	43.5	10.0	12	56.0	良	**	**		テーオーマルクス																													
2018103485	2022-03-27	3中山2		12.0	4歳以上2勝クラス								小林脩斗		芝1200				1:09.8	0.7		6-5	33.6-35.5	35.7	414(0)																																	曇		13.0	4.0	5.0	49.5	10.0	8	54.0	重	**	**		イルクオーレ																													
2018103485	2022-05-07	2東京5		12.0	4歳以上2勝クラス								Ｍ．デム		芝1400				1:22.4	1.2		2-2	35.2-34.1	35.2	422(+8)																																	晴		9.0	6.0	6.0	17.1	7.0	9	57.0	良	**	**		ブルーシンフォニー																													
2018103485	2022-06-26	1函館6		10.0	HTB杯(2勝クラス)								黛弘人		芝1200				1:09.6	0.7		12-13	34.1-34.8	34.3	428(+6)																																	曇		15.0	6.0	10.0	103.4	15.0	12	54.0	良	**	**		グランアリエル																													
2018103485	2022-07-09	1函館9		10.0	潮騒特別(2勝クラス)								黛弘人		芝1200				1:10.3	0.4		10-8	34.4-35.5	35.0	426(-2)																																	曇		13.0	5.0	7.0	293.5	13.0	10	57.0	良	**	**		ソウテン																													
2018103485	2022-08-13	2札幌1		10.0	羊ヶ丘特別(2勝クラス)								川島信二		芝1500				1:31.1	1.3		3-3-3	30.4-35.0	36.0	424(-2)																																	曇		14.0	6.0	9.0	215.6	13.0	13	57.0	良	**	**		グレイトオーサー																													
2018103485	2022-08-27	2札幌5		10.0	オールスターJ第1戦(2勝クラス)								バシュロ		芝1200				1:10.6	1.1		8-8	34.0-35.5	35.8	424(0)																																	曇		14.0	6.0	9.0	121.7	14.0	9	58.0	良	**	**		メイショウツツジ																													
2018103485	2022-10-22	4東京6		8.0	3歳以上2勝クラス								荻野極		ダ1400				1:30.1	5.8		2-2	35.3-36.5	42.1	422(-2)																																	曇		16.0	2.0	4.0	216.5	14.0	16	57.0	良	**	**		ロードアラビアン																													
2018103485	2023-03-11	2中山5		12.0	4歳以上2勝クラス								永野猛蔵		芝1200				1:09.2	0.9		14-14	34.2-34.1	33.5	424(+2)																																	晴		16.0	3.0	6.0	221.9	14.0	13	57.0	良	**	**		ウィリン																													
2018103485	2023-03-26	3中山2		12.0	4歳以上2勝クラス								永野猛蔵		芝1200				1:12.4	0.5		13-13	34.7-37.2	36.3	420(-4)																																	雨		13.0	8.0	12.0	101.6	13.0	8	57.0	不	**	**		アイルビーザワン																													
2018103485	2023-04-15	3中山7		8.0	4歳以上2勝クラス								永野猛蔵		芝1200				1:10.9	1.1		15-15	34.2-35.6	35.1	426(+6)																																	雨		16.0	6.0	12.0	93.2	13.0	11	57.0	重	**	**		ジャスパークローネ																													
2018103485	2023-08-06	1札幌6		10.0	札幌スポニチ賞(2勝クラス)								亀田温心		芝1200				1:11.1	0.4		10-9	34.1-36.6	35.9	414(-12)				155.0																													曇		11.0	6.0	7.0	120.7	10.0	5	58.0	重	**	**		シャークスポット																													
2018103485	2023-09-02	2札幌7		9.0	知床特別(2勝クラス)								亀田温心		芝1200				1:10.9	0.8		10-11	34.1-36.0	35.6	424(+10)																																	曇		16.0	2.0	4.0	74.8	15.0	14	58.0	稍	**	**		クールムーア																													
2018103485	2023-09-30	4中山8		10.0	勝浦特別(2勝クラス)								吉田豊		芝1200				1:09.7	0.5		9-7	34.7-34.5	34.4	420(-4)				155.0																													晴		16.0	1.0	2.0	200.3	16.0	5	58.0	良	**	**		タリア																													
2018103485	2023-12-02	5中山1		12.0	3歳以上2勝クラス								吉田豊		芝1200				1:08.4	0.6		12-13	33.0-34.8	34.2	428(+8)																																	晴		16.0	1.0	2.0	69.2	14.0	10	58.0	良	**	**		ピンクマクフィー																													
2018103485	2024-01-13	1中山4		12.0	4歳以上2勝クラス								吉田豊		芝1200				1:09.2	0.8		13-13	33.4-35.0	34.3	426(-2)																																	小雨		15.0	8.0	15.0	95.7	12.0	7	58.0	良	**	**		エコロレジーナ																													
2018103485	2024-03-09	2中山5		12.0	4歳以上2勝クラス								吉田豊		芝1200				1:10.3	0.7		12-11	33.7-35.9	35.6	420(-6)																																	晴		13.0	7.0	10.0	137.7	12.0	9	58.0	稍	**	**		サウザンサニー																													
2018103485	2024-04-13	3中山7		8.0	4歳以上2勝クラス								吉田豊		芝1200				1:09.8	0.7		11-10	35.3-33.8	33.7	420(0)																																	晴		12.0	8.0	11.0	152.0	12.0	10	58.0	良	**	**		ティニア																													
2018103485	2024-05-04	2東京5		8.0	4歳以上2勝クラス								吉田豊		芝1400				1:21.6	0.9		9-9	35.5-33.7	33.2	418(-2)																																	晴		10.0	6.0	6.0	82.8	9.0	8	58.0	良	**	**		ユハンヌス																													
2018103485	2024-11-09	3福島3		10.0	飯坂温泉特別(2勝クラス)								亀田温心		芝1200				1:10.5	0.6		11-10	33.9-36.0	35.6	418(0)																																	晴		16.0	2.0	4.0	156.2	16.0	8	58.0	良	**	**		ニシノコウダイ																													
2018103485	2024-12-21	5中山7		12.0	クリスマスC(2勝クラス)								吉田豊		芝1200				1:08.7	0.7		9-8	33.5-34.5	34.2	422(+4)				230.0																													晴		16.0	1.0	1.0	214.7	16.0	4	58.0	良	**	**		ジューンブレア																													
2018103485	2025-01-05	1中山1		8.0	4歳以上2勝クラス								吉田豊		芝1200				1:08.4	1.3		14-12	33.1-34.0	33.9	426(+4)																																	晴		16.0	7.0	14.0	126.5	13.0	9	58.0	良	**	**		レオテミス																													
2018103485	2025-02-08	1東京3		10.0	テレビ山梨杯(2勝クラス)								吉田豊		芝1400				1:21.5	0.6		11-10	34.7-34.8	34.4	424(-2)																																	晴		13.0	3.0	3.0	164.0	12.0	9	54.0	良	**	**		コスモアディラート																													
2018103485	2025-03-15	2中山5		12.0	4歳以上2勝クラス								吉田豊		芝1200				1:09.3	0.7		13-13	33.8-34.8	34.4	416(-8)																																	曇		16.0	3.0	5.0	152.3	15.0	15	58.0	良	**	**		アララララ																													
2018103485	2025-03-30	3中山2		12.0	4歳以上2勝クラス								吉田豊		芝1200				1:09.7	1.0		8-9	33.9-34.8	34.7	420(+4)																																	晴		13.0	6.0	9.0	106.6	13.0	9	58.0	良	**	**		パクスロマーナ																													
2018103485	2025-04-19	3中山7		9.0	袖ケ浦特別(2勝クラス)								吉田豊		芝1200				1:07.8	0.6		10-10	33.7-33.5	33.3	420(0)																																	晴		13.0	1.0	1.0	181.3	11.0	6	58.0	良	**	**		レッドエヴァンス																													
2018103485	2025-06-29	2福島2		9.0	郡山特別(2勝クラス)								吉田豊		芝1200				1:08.8	0.7		11-11	33.2-34.9	33.8	424(+4)																																	晴		11.0	7.0	9.0	98.4	10.0	6	58.0	良	**	**		マックアルイーン																													
2018103485	2025-07-13	2福島6		12.0	彦星賞(2勝クラス)								吉田豊		芝1200				1:11.0	0.7		6-6	35.2-35.1	34.2	422(-2)				155.0																													晴		9.0	3.0	3.0	17.7	6.0	5	58.0	良	**	**		エコロマーズ																													
2018103485	2025-08-03	1札幌4		10.0	苫小牧特別(2勝クラス)								吉田隼人		芝1200				1:08.9	0.5		12-12	33.5-34.9	34.2	414(-8)																																	晴		13.0	2.0	2.0	68.2	12.0	10	58.0	良	**	**		エヴァンスウィート																													
2018103485	2025-08-23	2札幌1		10.0	オールスターJ第1戦(2勝クラス)								武豊		芝1200				1:09.9	0.9		8-8	33.9-35.1	35.2	424(+10)																																	晴		14.0	4.0	6.0	42.3	11.0	10	58.0	良	**	**		ハートホイップ																													
2018103485	2025-09-06	2札幌5		10.0	札幌スポニチ賞(2勝クラス)								森田誠也		芝1200				1:10.1	0.8		11-13	34.3-35.0	34.7	430(+6)																																	曇		16.0	5.0	9.0	328.9	16.0	11	58.0	良	**	**		サウンドモリアーナ																													
2018103485	2025-12-06	5中山1		12.0	3歳以上2勝クラス								吉田豊		芝1200				1:08.0	0.5		11-11	33.9-33.6	33.2	430(0)																																	晴		13.0	4.0	7.0	198.0	12.0	8	58.0	良	**	**		アンドアイラヴハー																													
2018103485	2026-01-17	1中山6		12.0	4歳以上2勝クラス								吉田豊		芝1200				1:08.6	0.6		13-12	34.3-33.7	33.4	424(-6)																																	晴		16.0	2.0	3.0	190.7	15.0	12	58.0	良				カンシン																													
2018103641	2020-05-29	浦和		2.0	ドリームチャレンジ(2歳)								岡田大		ダ800				0:47.8	-1.2		1-1	34.9-35.9	35.9	461(0)				290.0	晴		5.0	5.0	5.0	1.7	1.0	1	54.0	良	**	**		(ソルジャー)																																																									
2018103641	2020-08-06	船橋		5.0	リバーサイドアイドル(2歳)								矢野貴之		ダ1500				1:42.0	4.7		1-1-1-1	32.6-39.4	44.1	463(+2)					晴		6.0	2.0	2.0	4.9	2.0	6	54.0	良	**	**		トーセンウィリアム																																																									
2018103641	2020-08-27	川崎		5.0	シャイニングメモリー(2歳)								内田利雄		ダ1500				1:41.6	4.0		2-4-5-6	30.6-40.6	44.3	452(-11)					晴		7.0	2.0	2.0	34.8	6.0	7	54.0	稍	**	**		ジョーロノ																																																									
2018103641	2020-09-15	川崎		11.0	若武者賞(2歳)								増田充宏		ダ1500				1:38.5	2.7		4-4-4-3	28.9-40.7	42.8	464(+12)					曇		10.0	7.0	9.0	155.7	10.0	7	54.0	重	**	**		ピースフラッグ																																																									
2018103641	2020-09-22	浦和		6.0	新生特別(2歳)								増田充宏		ダ1500				1:38.9	1.9		4-4-4-4	32.0-38.5	39.9	457(-7)				105.0	晴		7.0	3.0	3.0	49.9	5.0	2	54.0	良	**	**		ランリョウオー																																																									
2018103641	2020-12-28	大井		11.0	’20ジェムストーン(OP)(2歳)								御神本訓		ダ1200				1:15.2	2.0		5-6	35.8-37.4	38.8	465(+8)					晴		10.0	2.0	2.0	51.4	7.0	9	55.0	良	**	**		ギシギシ																																																									
2018103641	2021-01-15	船橋		7.0	ハートビートスプリン(3歳)								吉原寛人		ダ1200				1:15.5	0.3		5-5-5	36.0-39.2	38.5	470(+5)				108.0	曇		8.0	8.0	8.0	9.0	4.0	2	56.5	良	**	**		グランクエント																																																									
2018103641	2021-01-26	川崎		1.0	テンポラーレ特別(3歳)								増田充宏		ダ900				0:55.4	0.2		6-4	28.9-38.1	37.1	467(-3)				52.5	晴		8.0	1.0	1.0	7.4	4.0	3	56.0	重	**	**		ホワイトプレインズ																																																									
2018103641	2021-02-11	船橋		7.0	寒椿スプリント(3歳)								吉原寛人		ダ1200				1:14.9	0.2		6-4-4	36.4-38.3	38.2	472(+5)				62.5	晴		7.0	2.0	2.0	16.2	6.0	3	56.5	良	**	**		リコーシンザン																																																									
2018103641	2021-03-18	船橋		9.0	弥生スプリント(3歳)								岡田大		ダ1200				1:15.3	1.6		7-8-8	34.6-39.1	39.0	474(+2)					晴		12.0	4.0	4.0	49.0	8.0	7	57.0	良	**	**		チャンプタイガー																																																									
2018103641	2021-04-02	浦和		2.0	浦和800ラウンド(3歳)								山崎誠士		ダ800				0:47.9	0.2		4-4	34.8-35.7	35.3	477(+3)				45.5	曇		10.0	4.0	4.0	2.6	1.0	2	57.0	良	**	**		レーヴプルーヴ																																																									
2018103641	2021-04-07	船橋		8.0	クロッカススプリント(3歳)								岡田大		ダ1200				1:14.2	2.2		4-2-2	34.3-37.7	39.5	476(-1)				45.0	晴		12.0	5.0	5.0	37.8	8.0	4	57.0	稍	**	**		ファイナルキング																																																									
2018103641	2021-05-05	船橋		5.0	あやめ賞(3歳)								岡田大		ダ1200				1:15.1	0.3		2-2-2	36.1-38.7	39.0	478(+2)				55.0	曇		12.0	6.0	7.0	6.2	4.0	3	57.0	稍	**	**		マイハンプス																																																									
2018103641	2021-05-12	浦和		6.0	若駒特別(3歳)								御神本訓		ダ1400				1:27.8	0.0		2-2-2-2	36.7-38.6	38.6	481(+3)				87.5	曇		9.0	8.0	8.0	5.2	2.0	2	57.0	良	**	**		ホウヨウクリスタル																																																									
2018103641	2021-06-02	浦和		10.0	水芭蕉特別(B2)								岡田大		ダ1400				1:27.7	-0.6		1-1-1-1	37.4-37.6	37.6	485(+4)				260.0	晴		10.0	3.0	3.0	3.6	1.0	1	54.0	稍	**	**		(キャッスルヒーロー)																																																									
2018103641	2021-07-01	浦和		11.0	浦和スプリントオープ(OP)(3上)								櫻井光輔		ダ1400				1:25.2	1.1		2-2-2-2	35.4-36.2	37.0	487(+2)				120.0	曇		12.0	6.0	8.0	9.7	4.0	3	51.0	不	**	**		グランドボヌール																																																									
2018103641	2021-11-24	浦和		10.0	’21まがたま賞(A2)								福原杏		ダ1400				1:30.0	2.0		2-2-2-6	36.5-38.3	40.1	493(+6)					晴		12.0	5.0	6.0	5.7	2.0	8	53.0	稍	**	**		アマネラクーン																																																									
2018103641	2021-12-13	川崎		11.0	湯河原梅林「梅の宴」(B1B2)								岡田大		ダ1500				1:34.6	0.0		2-2-2-1	29.6-39.4	39.4	493(0)				120.0	晴		13.0	5.0	7.0	31.3	8.0	2	55.0	稍	**	**		ゴールデンサイクル																																																									
2018103641	2021-12-23	浦和		11.0	暮来月特別(B1B2)								岡田大		ダ1400				1:30.0	1.0		1-1-1-1	36.8-39.1	40.1	498(+5)					晴		12.0	2.0	2.0	1.9	1.0	7	55.0	良	**	**		ハクサンホーリー																																																									
2018103641	2022-03-12	2中山5		9.0	鎌ケ谷特別(2勝クラス)								丸田恭介		ダ1800				1:54.4	0.9		1-1-1-1	36.3-38.8	39.7	498(0)					晴		16.0	7.0	14.0	193.6	14.0	9	57.0	良	**	**		アベックフォルス																																																									
2018103641	2022-04-24	2東京2		12.0	4歳以上2勝クラス								丸田恭介		ダ1600				1:38.8	2.9		1-1	33.5-37.5	40.4	504(+6)					雨		16.0	1.0	2.0	41.5	8.0	14	57.0	稍	**	**		グランツアーテム																																																									
2018103641	2022-07-03	2福島2		9.0	鶴ヶ城特別(2勝クラス)								菊沢一樹		ダ1700				1:47.6	2.1		9-9-10-7	30.1-37.9	39.2	492(-12)					晴		13.0	6.0	9.0	21.9	6.0	10	57.0	良	**	**		セイルオンセイラー																																																									
2018103641	2022-07-23	1札幌1		10.0	大倉山特別(2勝クラス)								柴山雄一		ダ1700				1:46.8	0.9		1-1-1-1	30.1-38.4	39.3	498(+6)				151.0	曇		10.0	1.0	1.0	12.9	6.0	5	57.0	稍	**	**		モズピンポン																																																									
2018103641	2022-08-06	1札幌5		10.0	桑園特別(2勝クラス)								柴山雄一		ダ1700				1:47.4	1.8		1-1-1-2	29.1-37.6	39.4	502(+4)					晴		14.0	8.0	13.0	40.3	11.0	11	53.0	良	**	**		クレスコジョケツ																																																									
2018103641	2022-08-28	2札幌6		10.0	オールスターJ第3戦(2勝クラス)								川田将雅		ダ1700				1:46.0	1.5		2-2-1-1	29.4-37.1	38.6	506(+4)					晴		12.0	3.0	4.0	25.4	7.0	9	58.0	良	**	**		メンアットワーク																																																									
2018103641	2022-11-13	5東京4		8.0	3歳以上2勝クラス								柴田善臣		ダ1300				1:18.9	1.7		3-2	28.7-36.8	38.5	498(-8)					曇		15.0	8.0	14.0	47.4	10.0	9	57.0	良	**	**		アルファマム																																																									
2018103641	2023-04-15	3中山7		12.0	袖ケ浦特別(2勝クラス)								丸田恭介		ダ1200				1:09.5	-0.8		1-1	33.7-35.8	35.8	494(-4)				1580.8	雨		12.0	8.0	12.0	9.6	4.0	1	58.0	不	**	**		(ブルーダイヤカフェ)																																																									
2018103641	2023-04-30	1京都4		12.0	東大路S(3勝クラス)								柴山雄一		ダ1200				1:14.2	2.1		4-8	34.6-37.5	39.1	500(+6)					曇		16.0	1.0	1.0	11.2	5.0	13	58.0	重	**	**		マルモリスペシャル																																																									
2018103641	2023-07-16	2福島6		10.0	会津S(3勝クラス)								丸田恭介		ダ1150				1:08.9	1.2		6-7	30.6-37.1	37.9	498(-2)					晴		16.0	8.0	15.0	29.9	11.0	15	55.0	良	**	**		パウオレ																																																									
2018103641	2023-10-01	4中山9		12.0	外房S(3勝クラス)								丸田恭介		ダ1200				1:11.6	1.0		1-1	33.4-37.2	38.2	498(0)					曇		16.0	6.0	11.0	18.4	7.0	14	55.0	良	**	**		マイステージ																																																									
2018103641	2023-12-24	5中山8		12.0	フェアウェルS(3勝クラス)								柴山雄一		ダ1200				1:12.2	1.9		12-15	33.5-36.8	37.7	498(0)					晴		16.0	5.0	10.0	125.1	14.0	15	58.0	良	**	**		メズメライザー																																																									
2018103641	2024-02-25	2中山2		10.0	春風S(3勝クラス)								藤田菜七		ダ1200				1:11.2	1.1		15-15	32.9-37.2	36.6	512(+14)					小雨		16.0	3.0	5.0	81.7	13.0	11	54.0	重	**	**		マニバドラ																																																									
2018103641	2024-03-23	3中山1		9.0	ブラッドストーンS(3勝クラス)								丸田恭介		ダ1200				1:10.9	0.9		1-1	34.2-35.8	36.7	514(+2)				464.8	小雨		16.0	5.0	9.0	211.2	15.0	3	58.0	良	**	**		シアージスト																																																									
2018103641	2024-07-20	2福島7		11.0	TUF杯(3勝クラス)								丸田恭介		ダ1150				1:08.3	1.0		3-4	31.1-36.2	36.9	508(-6)					晴		16.0	5.0	9.0	25.1	7.0	6	55.0	良	**	**		エスカル																																																									
2018103641	2024-08-11	3新潟2		10.0	稲妻S(3勝クラス)								丸田恭介		芝1000				0:55.2	0.8		6	32.1-32.6	33.0	514(+6)					晴		17.0	6.0	12.0	47.5	13.0	12	58.0	良	**	**		クムシラコ																																																									
2018103641	2024-11-02	3福島1		11.0	フルーツラインC(3勝クラス)								丸田恭介		ダ1150				1:08.2	1.3		12-12	30.9-36.0	36.1	504(-10)					雨		16.0	6.0	11.0	25.3	10.0	6	58.0	不	**	**		エランティス																																																									
2018103641	2024-12-22	5中山8		12.0	フェアウェルS(3勝クラス)								丸田恭介		ダ1200				1:12.3	1.5		8-8	33.3-37.5	38.4	504(0)					晴		16.0	8.0	16.0	31.3	8.0	10	58.0	良	**	**		ケイアイアニラ																																																									
2018103641	2025-03-29	3中山1		9.0	ブラッドストーンS(3勝クラス)								丸田恭介		ダ1200				1:12.4	1.9		2-2	33.6-36.9	38.7	502(-2)					雨		16.0	2.0	3.0	141.8	14.0	16	58.0	稍	**	**		ブシン																																																									
2018103641	2025-04-27	水沢		10.0	スプリント特別(OP)								山本政聡		ダ1400				1:27.7	-1.3		1-1-1-1		38.2	503(+1)				150.0	晴		7.0	3.0	3.0	2.6	2.0	1	56.0	良	**	**		(サラサワン)																																																									
2018103641	2025-06-03	盛岡		12.0	スプリント特別(OP)								山本政聡		ダ1200				1:13.2	1.0		1-1		38.2	511(+8)				19.5	曇		10.0	3.0	3.0	2.5	1.0	4	56.0	良	**	**		スプラウティング																																																									
2018103641	2025-06-15	水沢		11.0	早池峰スーパースプリ(重賞)								山本聡哉		ダ850				0:50.4	0.2		3-3		35.5	508(-3)				140.0	曇		10.0	4.0	4.0	2.1	1.0	2	57.0	良	**	**		エイシントルペード																																																									
2018103641	2025-07-13	盛岡		11.0	岩鷲賞(重賞)								山本政聡		ダ1200				1:11.6	0.6		2-2		36.9	510(+2)				100.0	晴		12.0	8.0	12.0	11.7	4.0	3	57.0	良	**	**		エイシントルペード																																																									
2018103641	2025-10-07	水沢		12.0	スプリント特別(OP)(オー)								山本政聡		ダ1400				1:27.9	-0.5		1-1-1-1		39.2	518(+8)				150.0	曇		9.0	5.0	5.0	1.2	1.0	1	56.0	稍	**	**		(エスクマ)																																																									
2018103641	2025-10-21	盛岡		12.0	スプリント特別(OP)								山本政聡		ダ1200				1:11.8	1.1		3-3		37.4	516(-2)					曇		11.0	6.0	7.0	6.1	3.0	6	56.0	稍	**	**		レディブラウン																																																									
2018103641	2025-11-16	盛岡		11.0	絆C(重賞)								山本政聡		ダ1200				1:11.8	0.4		3-4		36.4	515(-1)				80.0	晴		12.0	1.0	1.0	24.4	6.0	3	57.0	良	**	**		ウラヤ																																																									
2018104160	2020-10-11	4京都2		5.0	2歳新馬								酒井学		芝1800				1:50.7	1.0		10-8	36.1-36.4	36.8	462(0)					晴		14.0	7.0	11.0	74.9	12.0	6	55.0	稍	**	**		ヴアーサ																																																									
2018104160	2020-10-24	4京都5		3.0	2歳未勝利								酒井学		芝2000				2:05.3	0.0		6-7-6-6	38.4-35.7	35.4	462(0)				200.0	晴		9.0	6.0	6.0	43.6	6.0	2	55.0	稍	**	**		ライフサイエンス																																																									
2018104160	2020-11-08	5阪神2		3.0	2歳未勝利								酒井学		芝2000				2:02.3	0.2		4-5-5-5	37.2-35.4	35.1	460(-2)				130.0	晴		11.0	6.0	7.0	5.2	2.0	3	55.0	良	**	**		ディクテイター																																																									
2018104160	2021-02-06	1小倉7		6.0	3歳未勝利								西村淳也		芝1800				1:50.5	0.1		6-7-4-2	37.3-35.8	35.6	458(-2)				130.0	晴		16.0	8.0	15.0	4.3	2.0	3	56.0	良	**	**		グルーヴビート																																																									
2018104160	2021-02-21	2小倉4		5.0	3歳未勝利								西村淳也		芝2000				2:01.6	0.0		5-6-8-6	36.0-36.1	35.7	456(-2)				200.0	晴		15.0	6.0	11.0	2.9	1.0	2	56.0	良	**	**		ホウオウジョルノ																																																									
2018104160	2021-03-06	2小倉7		6.0	3歳未勝利								吉田隼人		芝2000				2:04.1	-0.2		5-6-6-3	37.4-36.8	36.5	456(0)				510.0	曇		10.0	1.0	1.0	1.7	1.0	1	56.0	重	**	**		(グレイシャーベイ)																																																									
2018104160	2021-06-12	4中京3		9.0	春日井特別(1勝クラス)								酒井学		芝2200				2:12.2	0.3		4-4-4-3	35.8-35.0	35.0	466(+10)				272.7	曇		8.0	2.0	2.0	13.8	5.0	3	53.0	良	**	**		イクスプロージョン																																																									
2018104160	2021-07-03	3小倉1		8.0	国東特別(1勝クラス)								酒井学		芝2000				1:58.7	1.2		3-3-3-3	34.4-35.5	35.9	470(+4)					小雨		7.0	7.0	7.0	4.3	2.0	6	54.0	良	**	**		アリーヴォ																																																									
2018104160	2021-10-17	4阪神4		6.0	3歳以上1勝クラス								吉田隼人		芝2000				2:03.0	0.1		2-2-2-2	38.1-36.2	36.2	496(+26)				110.0	晴		8.0	4.0	4.0	14.5	4.0	4	55.0	良	**	**		ダノンドリーマー																																																									
2018104160	2021-11-07	2福島2		9.0	3歳以上1勝クラス								吉田隼人		芝2000				2:00.3	-0.3		6-5-6-6	34.8-36.4	36.1	490(-6)				760.0	晴		16.0	3.0	5.0	3.1	2.0	1	55.0	良	**	**		(マンインザミラー)																																																									
2018104160	2022-01-16	1小倉2		9.0	宇佐特別(2勝クラス)								吉田隼人		芝1800				1:46.5	-0.2		7-7-7-6	34.5-36.7	34.7	500(+10)				1540.8	曇		14.0	5.0	8.0	5.5	3.0	1	56.0	良	**	**		(ハーランズハーツ)																																																									
2018104160	2022-01-30	1中京10		10.0	美濃S(3勝クラス)								酒井学		芝2200				2:14.6	0.0		2-2-2-2	37.4-34.3	34.1	500(0)				746.8	曇		11.0	6.0	7.0	7.2	4.0	2	56.0	良	**	**		パトリック																																																									
2018104160	2022-05-08	3中京2		9.0	三方ヶ原S(3勝クラス)								酒井学		芝2200				2:09.9	0.9		8-8-8-8	32.9-35.9	35.8	508(+8)				184.0	晴		14.0	4.0	5.0	4.3	3.0	5	56.0	良	**	**		プリマヴィスタ																																																									
2018104160	2022-06-05	4中京2		10.0	高山S(3勝クラス)								吉田隼人		芝2000				2:00.3	0.6		11-11-11-12	36.2-35.3	34.9	504(-4)					曇		15.0	4.0	7.0	4.2	2.0	7	57.0	良	**	**		イクスプロージョン																																																									
2018104160	2022-10-29	4新潟5		11.0	魚沼S(3勝クラス)								今村聖奈		芝2000				2:00.9	0.8		6-8	36.7-34.3	34.3	504(0)					晴		13.0	1.0	1.0	18.3	7.0	8	57.0	良	**	**		カレンルシェルブル																																																									
2018104160	2022-11-12	5阪神3		9.0	岸和田S(3勝クラス)								今村聖奈		芝2000				2:00.5	0.7		6-7-7-8	37.4-34.6	34.5	510(+6)					晴		9.0	3.0	3.0	17.2	7.0	7	55.0	良	**	**		ニホンピロスクーロ																																																									
2018104160	2022-11-26	5阪神7		10.0	茨木S(3勝クラス)								酒井学		ダ1800				1:52.0	1.7		10-11-11-11	36.5-36.8	37.1	512(+2)					晴		16.0	4.0	7.0	41.5	9.0	10	57.0	稍	**	**		ヘラルドバローズ																																																									
2018104160	2023-04-09	2阪神6		10.0	競馬法100周年記念(3勝クラス)								酒井学		芝2000				1:59.8	0.9		14-12-12-12	37.0-34.9	34.8	516(+4)					晴		16.0	3.0	5.0	55.4	12.0	15	56.0	良	**	**		セイウンハーデス																																																									
2018104160	2023-04-23	1京都2		10.0	センテニアルパークS(3勝クラス)								酒井学		芝1800				1:46.1	0.7		9-9	35.0-34.6	34.5	514(-2)					晴		14.0	4.0	5.0	30.0	10.0	10	55.0	良	**	**		エンペザー																																																									
2018104160	2023-05-07	1京都6		9.0	烏丸S(3勝クラス)								田口貫太		芝2200				2:16.8	1.9		7-6-6-6	36.4-36.2	37.6	508(-6)					雨		15.0	4.0	6.0	32.0	12.0	13	55.0	不	**	**		ブローザホーン																																																									
2018104160	2024-02-18	2京都8		10.0	斑鳩S(3勝クラス)								田口貫太		芝1600				1:34.2	1.2		7-7	35.2-34.6	34.6	522(+14)					曇		12.0	2.0	2.0	194.5	12.0	11	58.0	良	**	**		ディオ																																																									
2018104160	2024-02-25	2小倉6		11.0	下関S(3勝クラス)								永島まな		芝1200				1:10.6	1.6		17-17	33.6-35.4	34.5	514(-8)					晴		17.0	5.0	10.0	124.2	16.0	17	58.0	稍	**	**		カンチェンジュンガ																																																									
2018104160	2024-03-09	1阪神5		10.0	難波S(3勝クラス)								田口貫太		芝1800				1:46.6	0.5		8-8	35.8-34.6	33.6	516(+2)					曇		10.0	8.0	10.0	417.0	10.0	7	58.0	良	**	**		アウスヴァール																																																									
2018104160	2024-06-02	4京都2		10.0	下鴨S(3勝クラス)								田口貫太		芝2000				1:59.8	0.4		6-7-8-8	35.6-35.3	34.7	514(-2)					曇		13.0	4.0	4.0	61.9	11.0	7	58.0	良	**	**		ベリーヴィーナス																																																									
2018104160	2024-08-10	2中京1		11.0	関ケ原S(3勝クラス)								酒井学		芝2000				1:59.6	0.9		5-5-8-7	35.4-35.5	35.7	506(-8)				184.0	晴		8.0	5.0	5.0	15.2	5.0	5	54.0	良	**	**		ドクタードリトル																																																									
2018104160	2024-09-07	3中京1		10.0	ムーンライトH(3勝クラス)								酒井学		芝2200				2:12.5	1.4		9-9-9-9	34.2-35.0	35.4	506(0)					晴		16.0	5.0	10.0	49.6	12.0	13	54.0	良	**	**		ケイアイサンデラ																																																									
2018104160	2024-12-08	7京都4		9.0	オリオンS(3勝クラス)								田口貫太		芝2200				2:14.9	1.1		10-9-9-9	37.5-33.7	33.9	516(+10)					小雨		12.0	8.0	11.0	328.2	12.0	7	58.0	良	**	**		マイネルエンペラー																																																									
2018104160	2024-12-22	7京都8		10.0	サンタクロースS(3勝クラス)								田口貫太		芝2000				2:01.8	0.9		11-11-11-12	37.8-34.1	34.3	516(0)					晴		14.0	4.0	5.0	187.8	14.0	10	58.0	良	**	**		ホウオウプロサンゲ																																																									
2018104160	2025-01-31	名古屋		11.0	クロッカス特別(A)								大原浩司		ダ2000				2:13.8	0.2		3-3-3		37.9	530(+14)				30.0	曇		9.0	6.0	6.0	8.2	4.0	3	56.0	良	**	**		パンセ																																																									
2018104160	2025-02-13	名古屋		11.0	桜錦特別(A)								大畑慧悟		ダ2100				2:17.9	0.1		2-2-1		38.7	528(-2)				63.0	晴		10.0	3.0	3.0	4.1	2.0	2	55.0	稍	**	**		エルナーニ																																																									
2018104160	2025-03-13	名古屋		10.0	アメジストOP(A)								望月洵輝		ダ2000				2:12.9	1.3		4-4-3		39.6	523(-5)					曇		10.0	1.0	1.0	4.6	2.0	7	55.0	重	**	**		フークピグマリオン																																																									
2018104160	2025-10-14	名古屋		12.0	オータムハウト特別(B)								望月洵輝		ダ1700				1:51.1	-0.2		6-5-2		40.1	532(+9)				85.0	小雨		12.0	6.0	7.0	2.3	1.0	1	57.0	稍	**	**		(シフノス)																																																									
2018104160	2025-10-28	名古屋		11.0	夜長特別(A)								望月洵輝		ダ1500				1:37.3	-0.3		5-2-1		40.0	530(-2)				120.0	晴		12.0	8.0	12.0	1.7	1.0	1	57.0	稍	**	**		(ボールドライ)																																																									
2018104160	2025-11-13	名古屋		10.0	霜月昇竜戦(A)								望月洵輝		ダ2000				2:11.8	-0.3		5-4-1		39.0	524(-6)				230.0	曇		7.0	7.0	7.0	2.0	1.0	1	57.0	稍	**	**		(エイトワン)																																																									
2018104160	2025-12-31	笠松		11.0	東海ゴールドC(重賞)								望月洵輝		ダ2500				2:48.2	0.4		4-5-1-1		42.0	539(+15)				180.0	曇		11.0	1.0	1.0	8.5	4.0	3	57.0	良	**	**		ヒストリーメイカー																																																									
2018104268	2021-03-14	2中京2	晴	5.0	3歳未勝利		9.0	8.0	9.0	7.2	4.0	4	川田将雅	56.0	芝2200		重	**	2:19.3	0.1	**	9-9-4-4	37.1-36.1	35.8	528(0)			リンフレスカンテ	77.0																																																																							
2018104268	2021-03-27	2中京5	晴	5.0	3歳未勝利		16.0	7.0	14.0	3.0	1.0	6	岩田望来	56.0	芝2200		良	**	2:14.9	1.0	**	11-11-8-7	36.1-36.2	35.7	530(+2)			カフジアスール																																																																								
2018104268	2021-05-23	2新潟6	曇	6.0	3歳未勝利		15.0	8.0	15.0	5.2	3.0	5	坂井瑠星	56.0	芝2200		稍	**	2:19.9	0.5	**	2-2-2-2	37.6-37.7	38.2	524(-6)			タイセイコマンド	51.0																																																																							
2018104268	2021-06-06	4中京2	曇	3.0	3歳未勝利		16.0	4.0	8.0	6.1	4.0	11	坂井瑠星	56.0	ダ1900		稍	**	2:03.9	2.8	**	12-12-4-5	30.1-40.1	42.4	526(+2)			フランコイメル																																																																								
2018104268	2021-07-25	3新潟2	晴	7.0	3歳未勝利		18.0	4.0	7.0	16.0	5.0	17	戸崎圭太	56.0	芝2000		良	**	2:03.0	2.7	**	15-14-16-18	35.5-35.9	36.8	534(+8)			テーオーソロス																																																																								
2018104268	2021-08-22	2札幌4	晴	4.0	3歳未勝利		14.0	8.0	13.0	37.9	7.0	7	黛弘人	56.0	芝2600		良	**	2:44.1	1.1	**	12-11-10-11	38.4-36.0	36.1	534(0)			ゲンパチムサシ																																																																								
2018104268	2021-09-05	4小倉8	晴	4.0	3歳未勝利		18.0	8.0	18.0	52.6	15.0	17	中井裕二	56.0	芝2000		良	**	2:01.8	1.5	**	3-3-4-12	35.2-36.6	37.9	528(-6)			ウインヴァカンス																																																																								
2018104268	2021-12-20	名古屋	晴	8.0	C21組		11.0	2.0	2.0	3.2	3.0	2	村上弘樹	56.0	ダ1400		重	**	1:32.6	0.3	**	8-7-4		39.7	540(+12)			パフドラム	10.2																																																																							
2018104268	2022-01-02	名古屋	晴	4.0	C24組		9.0	5.0	5.0	3.4	2.0	1	村上弘樹	56.0	ダ1400		良	**	1:33.1	-0.5	**	6-5-3		40.5	535(-5)			(イエロージニア)	32.0																																																																							
2018104268	2022-01-12	笠松	雪	5.0	サラ系C18組		8.0	1.0	1.0			取	村上弘樹	56.0	ダ1400		稍	**			**				計不			ゲンパチボロネーゼ																																																																								
2018104268	2022-02-16	名古屋	晴	11.0	矢作古川特別(C)		9.0	3.0	3.0	3.2	2.0	3	丸野勝虎	56.0	ダ1600		稍	**	1:48.2	1.7	**	7-7-3		39.7	525(-10)			フラワードラム	7.2																																																																							
2018104268	2022-03-01	名古屋	小雨	7.0	C12組		11.0	3.0	3.0	1.5	1.0	1	丸野勝虎	56.0	ダ1400		良	**	1:33.1	-1.1	**	4-3-1		40.3	526(+1)			(ユウファースト)	32.0																																																																							
2018104268	2022-03-11	名古屋	晴	8.0	ありがとう!73年ど(C)		11.0	7.0	8.0	3.1	2.0	4	丸野勝虎	56.0	ダ1400		良	**	1:32.8	0.4	**	8-8-5		39.7	535(+9)			ネイリスト	4.2																																																																							
2018104268	2022-03-31	笠松	曇	7.0	サラ系C8組		7.0	1.0	1.0	2.0	1.0	4	丸野勝虎	56.0	ダ1600		良	**	1:47.7	1.5	**	7-7-5		40.4	524(-11)			ヤマニンカホン	2.7																																																																							
2018104268	2022-04-25	名古屋	晴	4.0	C6組		11.0	6.0	7.0	5.5	4.0	9	丸野勝虎	56.0	ダ920		重	**	0:58.1	2.0	**	11		36.5	523(-1)			ザモウコダマシイ																																																																								
2018104268	2022-07-06	名古屋	晴	9.0	C11組		12.0	5.0	6.0	5.9	2.0	4	丸野勝虎	56.0	ダ1500		重	**	1:36.5	0.8	**	7-7-5		39.2	530(+7)			バルドエース	4.6																																																																							
2018104268	2022-07-20	名古屋	晴	12.0	庄内川特別(C)		11.0	6.0	8.0	2.2	1.0	6	丸野勝虎	56.0	ダ1700		重	**	1:53.8	1.7	**	8-7-7		41.4	532(+2)			ノボリレイナ																																																																								
2018104268	2022-08-03	名古屋	晴	6.0	C11組		11.0	6.0	6.0	3.3	2.0	1	丸野勝虎	56.0	ダ1500		良	**	1:36.6	-0.3	**	7-4-3		39.1	529(-3)			(サンマッハ)	35.0																																																																							
2018104268	2022-10-22	4新潟3	雨	9.0	岩船特別(1勝クラス)		16.0	6.0	11.0	243.6	16.0	12	菊沢一樹	57.0	芝2200		良	**	2:16.2	1.4	**	11-9-8-9	36.8-34.7	35.5	536(+7)			バラジ																																																																								
2018104268	2022-12-04	6中京2	晴	12.0	栄特別(1勝クラス)		11.0	7.0	9.0	306.9	11.0	7	原優介	57.0	芝2200		良	**	2:15.9	0.9	**	10-10-11-10	36.8-34.7	34.5	536(0)			ストップザタイム																																																																								
2018104268	2022-12-17	6中京5	小雨	8.0	ヤングJSFR中京1(1勝クラス)		16.0	5.0	10.0	15.9	6.0	8	金山昇馬	57.0	芝2000		良	**	2:02.4	1.0	**	13-13-13-13	35.1-37.4	35.3	538(+2)			エコルフリューゲル																																																																								
2018104268	2023-09-02	3新潟7	曇	9.0	瓢湖特別(1勝クラス)		10.0	4.0	4.0	117.5	9.0	8	菊沢一樹	58.0	芝2200		良	**	2:15.3	1.0	**	10-10-10-10	35.3-36.1	36.2	548(+10)			ピンキープロミス																																																																								
2018104268	2023-09-16	4中山3	晴	7.0	3歳以上1勝クラス		14.0	2.0	2.0	108.2	12.0	13	菊沢一樹	58.0	芝2500		良	**	2:35.8	2.8	**	13-13-13-13	31.3-35.8	36.0	546(-2)			レヴォルタード																																																																								
2018104268	2023-10-01	4中山9	曇	7.0	3歳以上1勝クラス		15.0	5.0	9.0	241.2	14.0	15	松岡正海	58.0	芝2200		良	**	2:17.8	1.8	**	12-12-14-13	37.2-35.2	35.8	538(-8)			ホウオウサンデー																																																																								
2018104268	2023-10-21	4新潟3	小雨	9.0	岩船特別(1勝クラス)		15.0	3.0	4.0	252.7	15.0	11	菊沢一樹	58.0	芝2200		重	**	2:18.0	2.3	**	15-15-15-15	36.6-35.6	36.2	538(0)			アームブランシュ																																																																								
2018104268	2024-08-31	2札幌7	曇	8.0	3歳以上1勝クラス		16.0	8.0	16.0	400.4	16.0	16	古川吉洋	58.0	芝2000		重	**	2:08.0	4.1	**	16-16-16-16	37.0-36.6	38.8	548(+10)			ノーブルスカイ																																																																								
2018104268	2024-09-07	4中山1	晴	7.0	3歳以上1勝クラス		10.0	6.0	6.0	196.3	10.0	10	松岡正海	58.0	芝2000		良	**	2:01.7	4.1	**	6-6-6-7	35.0-35.3	36.7	536(-12)			フナデ																																																																								
2018104268	2024-09-22	4中山7	曇	6.0	3歳以上1勝クラス		12.0	2.0	2.0	223.1	11.0	11	松岡正海	58.0	ダ1800		良	**	1:59.0	4.9	**	11-11-12-11	37.5-38.4	41.4	532(-4)			ダイヤモンドナイツ																																																																								
2018104268	2024-11-17	5東京6	晴	6.0	3歳以上1勝クラス		16.0	6.0	11.0	112.4	15.0	16	松岡正海	58.0	ダ2100		良	**	2:15.9	5.0	**	11-12-12-15	30.1-37.7	40.2	544(+12)			マウンテンエース																																																																								
2018104268	2024-11-26	船橋	晴	10.0	フェイスフルブーツ特(B2B3)		12.0	4.0	4.0	120.8	12.0	9	野畑凌	57.0	ダ1700		良	**	1:52.0	3.3	**	10-10-10-11	30.6-39.9	40.5	533(-11)			モデルハント																																																																								
2018104268	2025-03-16	1阪神6	小雨	4.0	障害4歳以上未勝利		9.0	4.0	4.0	24.7	6.0	7	上野翔	60.0	障2970		稍		3:34.0	4.9		7-7-7-7	110.1-0.0	14.4	526(-7)			トラファルガー																																																																								
2018104268	2025-04-06	3中山4	曇	4.0	障害4歳以上未勝利		12.0	4.0	4.0	71.7	10.0	11	難波剛健	60.0	障2880		良		3:22.3	4.1		11-11-10-11	109.1-0.0	14.0	528(+2)			メイショウカズサ																																																																								
2018104268	2025-06-07	3東京1	晴	9.0	稲城特別(1勝クラス)		12.0	1.0	1.0	319.3	12.0	12	上野翔	58.0	芝2400		良	**	2:32.3	8.0	**	11-10-11-12	36.8-34.3	39.6	516(-12)			レッドバンデ																																																																								
2018104268	2025-08-02	2新潟3	晴	1.0	障害3歳以上未勝利		14.0	5.0	8.0	133.3	13.0	11	水沼元輝	57.0	障2850		良		3:11.1	8.3		11-11-11-11	101.1-0.0	13.4	540(+24)			ロードプレイヤー																																																																								
2018104534	2021-01-31	1小倉6		5.0	3歳新馬								荻野琢真		芝1200				1:11.1	0.1		7-3	35.2-35.8	35.0	460(0)				240.0															晴		18.0	1.0	1.0	5.5	3.0	2	56.0	良	**	**		タマモダイジョッキ																																											
2018104534	2021-02-13	2小倉1		6.0	3歳未勝利								荻野琢真		芝1200				1:08.7	0.0		7-6	33.3-35.4	35.0	454(-6)				200.0															晴		18.0	8.0	18.0	5.3	2.0	2	56.0	良	**	**		ジョーレイラニ																																											
2018104534	2021-05-01	1新潟7		4.0	3歳未勝利								荻野琢真		芝1200				1:10.8	0.4		13-13	35.0-35.4	34.8	454(0)				165.0															曇		16.0	1.0	2.0	3.9	2.0	2	56.0	稍	**	**		フミロア																																											
2018104534	2021-05-22	3中京5		4.0	3歳未勝利								荻野琢真		芝1200				1:08.9	-0.3		3-3	33.3-35.6	35.3	458(+4)				510.0															曇		18.0	3.0	5.0	3.5	1.0	1	56.0	稍	**	**		(ウォーターイグアス)																																											
2018104534	2021-07-31	3新潟3		12.0	3歳以上1勝クラス								川須栄彦		芝1400				1:22.0	1.0		6-5	34.3-34.9	35.4	452(-6)																			晴		18.0	6.0	11.0	18.7	7.0	12	54.0	良	**	**		ララクリスティーヌ																																											
2018104534	2021-10-09	5新潟1		12.0	朝日岳特別(1勝クラス)								荻野琢真		芝1200				1:09.8	0.6		4-3	34.9-34.3	34.5	452(0)				160.0															晴		18.0	7.0	14.0	8.3	5.0	4	55.0	良	**	**		ルミナスライン																																											
2018104534	2021-10-31	5新潟8		7.0	3歳以上1勝クラス								原優介		芝1200				1:09.4	0.1		5-5	34.1-35.2	35.0	452(0)				300.0															晴		18.0	7.0	14.0	8.2	5.0	2	52.0	良	**	**		サトノルーチェ																																											
2018104534	2021-11-21	2福島6		10.0	二本松特別(1勝クラス)								荻野琢真		芝1200				1:11.1	0.6		10-12	35.4-35.1	35.2	454(+2)																			晴		16.0	5.0	10.0	9.5	5.0	12	56.0	良	**	**		スターズプレミア																																											
2018104534	2022-01-30	1小倉6		8.0	4歳以上1勝クラス								原優介		芝1200				1:08.9	0.0		4-6	33.6-35.3	35.0	446(-8)				310.0															曇		12.0	3.0	3.0	4.4	2.0	2	53.0	良	**	**		マイトレジャーフジ																																											
2018104534	2022-02-12	2小倉1		12.0	4歳以上1勝クラス								原優介		芝1200				1:08.1	-0.1		9-7	33.5-34.6	34.0	446(0)				770.0															晴		18.0	1.0	1.0	6.5	4.0	1	54.0	良	**	**		(ヤマニンルリュール)																																											
2018104534	2022-02-19	2小倉3		11.0	大濠特別(2勝クラス)								浜中俊		芝1200				1:10.2	0.2		12-11	34.0-36.0	35.1	444(-2)				230.0															雨		18.0	6.0	12.0	5.7	4.0	4	57.0	重	**	**		ヴィズサクセス																																											
2018104534	2022-03-12	2中山5		12.0	4歳以上2勝クラス								武豊		芝1200				1:08.9	0.1		5-5	34.0-34.8	34.4	440(-4)				170.0															晴		16.0	3.0	6.0	6.2	3.0	4	57.0	良	**	**		シュアーヴアリア																																											
2018104534	2022-06-11	1函館1		11.0	函館日刊スポーツ杯(2勝クラス)								浜中俊		芝1200				1:08.6	0.6		7-7	33.1-34.9	34.8	442(+2)				230.0															晴		14.0	1.0	1.0	9.9	4.0	4	57.0	良	**	**		オタルエバー																																											
2018104534	2022-06-26	1函館6		10.0	HTB杯(2勝クラス)								浜中俊		芝1200				1:09.0	0.1		6-5	34.1-34.8	34.4	440(-2)				384.7															曇		15.0	3.0	4.0	6.3	4.0	3	55.0	良	**	**		グランアリエル																																											
2018104534	2022-07-09	1函館9		10.0	潮騒特別(2勝クラス)								浜中俊		芝1200				1:10.3	0.4		6-5	34.4-35.5	35.3	444(+4)																			曇		13.0	2.0	2.0	18.7	6.0	9	57.0	良	**	**		ソウテン																																											
2018104534	2022-08-27	2札幌5		10.0	オールスターJ第1戦(2勝クラス)								ウィリア		芝1200				1:10.0	0.5		8-5	34.0-35.5	35.2	440(-4)				385.6															曇		14.0	8.0	13.0	4.9	2.0	3	58.0	良	**	**		メイショウツツジ																																											
2018104534	2022-09-03	2札幌7		9.0	札幌スポニチ賞(2勝クラス)								藤岡佑介		芝1200				1:10.1	0.8		11-12	33.8-35.5	35.0	444(+4)				151.0															晴		16.0	5.0	9.0	24.1	9.0	5	57.0	良	**	**		キミワクイーン																																											
2018104534	2022-10-01	4中山8		10.0	勝浦特別(2勝クラス)								Ｍ．デム		芝1200							14	33.4-34.3		442(-2)																			晴		14.0	2.0	2.0	14.2	7.0	中	57.0	良	**	**		サトノレーヴ																																											
2018104534	2023-01-28	1小倉5		11.0	周防灘特別(2勝クラス)								荻野琢真		芝1200				1:09.7	0.5		3-2	33.7-35.5	35.6	450(+8)																			曇		18.0	1.0	2.0	69.2	12.0	8	58.0	重	**	**		エナジーグラン																																											
2018104534	2023-02-11	2小倉1		10.0	大濠特別(2勝クラス)								荻野琢真		芝1200				1:08.8	0.5		8-9	33.6-34.7	34.6	446(-4)																			曇		18.0	4.0	7.0	13.9	8.0	8	56.0	重	**	**		ドロップオブライト																																											
2018104534	2023-02-25	1阪神5		12.0	4歳以上2勝クラス								浜中俊		芝1400				1:22.3	1.6		11-10	35.2-33.9	35.1	454(+8)																			晴		15.0	8.0	14.0	68.9	9.0	14	58.0	良	**	**		アルトシュタット																																											
2018104534	2023-09-03	3小倉8		9.0	西日本新聞杯(2勝クラス)								川須栄彦		芝1200				1:08.8	0.6		7-10	33.2-35.0	35.1	460(+6)																			晴		17.0	1.0	1.0	46.6	10.0	9	58.0	良	**	**		ロードラスター																																											
2018104534	2023-09-23	4阪神6		10.0	北摂特別(2勝クラス)								川須栄彦		芝1200				1:08.5	0.4		5-7	34.2-33.9	33.8	468(+8)																			晴		16.0	2.0	4.0	36.5	10.0	10	58.0	良	**	**		バースクライ																																											
2018104534	2023-10-14	2京都4		9.0	3歳以上2勝クラス								岩田望来		芝1400				1:20.7	0.1		5-5	34.2-35.0	34.4	472(+4)				290.0															小雨		11.0	6.0	6.0	11.3	5.0	3	58.0	良	**	**		ブリュットミレジメ																																											
2018104534	2023-10-28	2京都8		9.0	3歳以上2勝クラス								横山典弘		芝1400				1:21.5	1.1		4-4	34.1-34.8	35.4	470(-2)																			晴		13.0	5.0	6.0	25.5	7.0	9	58.0	良	**	**		スズハローム																																											
2018104534	2023-11-11	3京都3		12.0	3歳以上2勝クラス								岩田望来		芝1400				1:22.2	1.0		9-7	34.7-35.2	34.8	470(0)																			曇		18.0	1.0	1.0	23.3	8.0	10	58.0	稍	**	**		シロン																																											
2018104534	2024-02-10	2小倉1		10.0	大濠特別(2勝クラス)								荻野琢真		芝1200				1:08.7	0.1		9-4	33.9-34.7	34.2	454(-16)				394.2															晴		14.0	3.0	3.0	16.4	6.0	3	55.0	良	**	**		サニーオーシャン																																											
2018104534	2024-03-03	2小倉8		10.0	西日本新聞杯(2勝クラス)								荻野琢真		芝1200				1:09.9	0.9		7-10	34.4-34.6	35.0	454(0)																			曇		18.0	3.0	6.0	26.7	8.0	10	58.0	稍	**	**		メイショウフンケイ																																											
2018104534	2024-03-24	3中山2		12.0	4歳以上2勝クラス								松若風馬		芝1200				1:08.3	0.6		7-5	33.4-34.3	34.1	452(-2)																			曇		13.0	1.0	1.0	52.8	12.0	6	58.0	良	**	**		ルーフ																																											
2018104534	2024-04-06	1福島1		10.0	花見山特別(2勝クラス)								角田大和		芝1200				1:09.6	0.8		12-13	34.1-34.7	34.3	454(+2)																			曇		16.0	6.0	12.0	81.1	13.0	8	58.0	良	**	**		リシャールケリー																																											
2018104534	2024-04-27	3京都3		10.0	御池特別(2勝クラス)								松若風馬		芝1400				1:21.8	0.5		10-9	34.8-34.9	34.4	468(+14)																			曇		13.0	5.0	6.0	213.2	11.0	9	58.0	良	**	**		プリモカリーナ																																											
2018104534	2024-12-08	7京都4		12.0	鹿ケ谷特別(2勝クラス)								荻野琢真		芝1200				1:09.2	0.5		9-10	34.5-34.2	33.8	470(+2)																			曇		11.0	6.0	7.0	67.8	9.0	7	58.0	良	**	**		イサチルシーサイド																																											
2018104534	2024-12-21	5中山7		12.0	クリスマスC(2勝クラス)								荻野琢真		芝1200				1:09.2	1.2		12-13	33.5-34.5	34.3	458(-12)																			晴		16.0	6.0	12.0	124.3	15.0	13	58.0	良	**	**		ジューンブレア																																											
2018104534	2025-01-13	1中京5		12.0	4歳以上2勝クラス								吉村誠之		芝1200				1:10.6	0.5		3-3	34.6-35.5	35.8	472(+14)																			晴		14.0	6.0	9.0	54.4	12.0	10	56.0	良	**	**		ロードトレイル																																											
2018104534	2025-02-09	1京都4		8.0	4歳以上2勝クラス								松若風馬		芝1200				1:10.1	1.0		3-3	34.3-34.8	35.5	476(+4)																			晴		13.0	2.0	2.0	100.6	13.0	8	58.0	稍	**	**		マキアージュ																																											
2018104534	2025-10-05	3京都2		12.0	3歳以上2勝クラス								松若風馬		芝1200				1:10.5	2.6		9-9	33.3-34.6	36.1	476(0)																			曇		16.0	4.0	7.0	131.5	15.0	14	58.0	稍	**	**		ブラックケリー																																											
2018104534	2025-10-26	3京都9		12.0	嵯峨野特別(2勝クラス)								戸崎圭太		ダ1400				1:24.0	1.2		9-8	34.1-36.7	37.3	476(0)																			曇		16.0	4.0	7.0	88.1	11.0	11	53.0	重	**	**		ピエマンソン																																											
2018104534	2025-11-15	4京都3		9.0	深草特別(2勝クラス)								吉村誠之		ダ1200				1:12.2	1.2		7-7	34.6-36.4	36.2	478(+2)																			晴		15.0	8.0	14.0	102.2	14.0	12	58.0	良	**	**		ジェネラーレ																																											
2018104534	2026-01-18	1京都7		10.0	大津特別(2勝クラス)								松若風馬		ダ1800				1:54.9	1.3		10-10-10-10	37.5-37.4	37.8	472(-6)																																																													晴		16.0	1.0	2.0	321.8	14.0	14	58.0	良	**	**		バッケンレコード	202608010710
2018104541	2021-03-13	1阪神9		5.0	3歳未勝利								川田将雅		芝2000				2:02.0	-0.2		5-7-7-5	36.5-35.7	35.1	480(0)				510.0	曇		15.0	7.0	12.0	2.1	1.0	1	56.0	稍	**	**		(プリュムドール)																																																									
2018104541	2021-03-27	2阪神1		11.0	毎日杯(GIII)								藤岡佑介		芝1800				1:44.2	0.3		9-7	34.5-34.4	34.1	474(-6)				954.8	晴		9.0	1.0	1.0	11.8	4.0	3	56.0	良	**	**		シャフリヤール																																																									
2018104541	2021-06-05	4中京1		8.0	3歳以上1勝クラス								川田将雅		芝1600				1:32.9	-0.5		12-7-6	34.7-34.9	34.5	470(-4)				760.0	曇		16.0	4.0	8.0	1.3	1.0	1	54.0	良	**	**		(アンドヴァラナウト)																																																									
2018104541	2021-11-21	5阪神6		10.0	武田尾特別(2勝クラス)								川田将雅		芝1800				1:45.3	-0.5		11-10	35.9-35.0	32.8	468(-2)				1526.6	晴		11.0	5.0	5.0	1.2	1.0	1	55.0	良	**	**		(フラーズダルム)																																																									
2018104541	2022-04-09	2阪神5		10.0	京橋S(3勝クラス)								川田将雅		芝2000				1:58.3	-0.1		10-10-10-10	35.5-34.3	33.1	468(0)				1865.9	晴		11.0	7.0	9.0	1.3	1.0	1	57.0	良	**	**		(リフレーミング)																																																									
2018104541	2022-10-30	4阪神9		11.0	カシオペアS(L)								岩田望来		芝1800				1:46.2	0.1		7-7	35.9-33.6	33.1	476(+8)				1009.4	晴		15.0	4.0	7.0	1.5	1.0	2	56.0	良	**	**		アドマイヤビルゴ																																																									
2018104541	2022-12-10	6中京3		11.0	中日新聞杯(GIII)								藤岡佑介		芝2000				1:59.5	0.1		17-17-17-16	37.2-35.1	33.2	478(+2)				650.0	晴		18.0	3.0	6.0	2.6	1.0	4	56.0	良	**	**		キラーアビリティ																																																									
2018104541	2023-03-12	2中京2		11.0	金鯱賞(GII)								川田将雅		芝2000				1:59.8	-0.1		10-10-9-9	36.3-34.6	33.9	474(-4)				6785.4	曇		12.0	8.0	12.0	2.5	1.0	1	57.0	良	**	**		(フェーングロッテン)																																																									
2018104541	2023-04-30	シャティン			QE2世C(GI)								パートン		芝2000										474							7.0		6.0	6.4	3.0	2	57.0	良																																																													
2018104541	2023-08-20	2札幌4		11.0	札幌記念(GII)								川田将雅		芝2000				2:01.5	-0.7		13-11-5-2	35.5-36.4	36.0	476(+2)				7105.0	晴		15.0	7.0	13.0	5.1	2.0	1	58.0	稍	**	**		(トップナイフ)																																																									
2018104541	2023-10-29	4東京9		11.0	天皇賞(秋)(GI)								川田将雅		芝2000				1:55.8	0.6		11-11-10	34.9-34.7	33.9	474(-2)				5534.2	晴		11.0	7.0	9.0	11.4	3.0	3	58.0	良	**	**		イクイノックス																																																									
2018104541	2023-12-10	シャティン			香港C(GI)								川田将雅		芝2000										471							11.0		3.0	4.3	2.0	5	57.0	良																																																													
2018104541	2024-03-10	1中京2		11.0	金鯱賞(GII)								川田将雅		芝2000				1:57.6	-0.8		11-10-8-5	35.0-34.7	34.3	480(+9)				6793.8	晴		13.0	4.0	4.0	2.7	2.0	1	58.0	良	**	**		(ドゥレッツァ)																																																									
2018104541	2024-04-28	シャティン			QE2世C(GI)								川田将雅		芝2000										484							11.0		4.0	3.1	2.0	2	57.0	稍																																																													
2018104541	2024-08-18	2札幌4		11.0	札幌記念(GII)								川田将雅		芝2000				2:00.1	0.5		11-10-10-9	36.3-35.5	34.4	478(-6)				1100.0	晴		11.0	8.0	11.0	1.3	1.0	4	58.0	良	**	**		ノースブリッジ																																																									
2018104541	2024-10-26	ムーニーバレー			コックスプレート(GI)								レーン		芝2040										計不							9.0		2.0	2.2	1.0	2	59.0	良																																																													
2018104541	2024-12-22	5中山8		11.0	有馬記念(GI)								三浦皇成		芝2500				2:32.6	0.8		14-14-13-10	31.4-35.2	35.3	474(0)					晴		15.0	5.0	10.0	16.4	6.0	11	58.0	良	**	**		レガレイラ																																																									
2018104541	2025-03-16	2中京2		11.0	東海テレビ杯金鯱賞(GII)								西村淳也		芝2000				2:02.3	1.0		9-9-9-7	35.7-38.6	36.8	484(+10)					小雨		10.0	7.0	8.0	3.7	3.0	6	58.0	重	**	**		クイーンズウォーク																																																									
2018104541	2025-04-27	シャティン			QE2世C(GI)								マクドナ		芝2000										計不							11.0		2.0	5.1	4.0	2	57.0	良																																																													
2018104757	2020-09-19	2中京3	晴	5.0	2歳新馬		12.0	7.0	9.0	11.3	5.0	6	松若風馬	54.0	芝1200		良	**	1:10.8	0.9	**	10-10	35.4-34.5	34.3	506(0)			ヒトヨギリ																																																																								
2018104757	2020-11-07	5阪神1	曇	3.0	2歳未勝利		17.0	1.0	1.0	40.9	8.0	3	松若風馬	55.0	芝1400		良	**	1:21.2	0.8	**	6-6	34.2-34.6	34.7	512(+6)			グレナディアガーズ	103.5																																																																							
2018104757	2020-11-21	5阪神5	晴	3.0	2歳未勝利		13.0	2.0	2.0	7.8	4.0	4	松若風馬	55.0	芝1400		良	**	1:21.6	0.4	**	10-10	34.5-35.4	34.9	512(0)			ロードリスペクト	77.0																																																																							
2018104757	2020-12-12	6阪神3	曇	4.0	2歳未勝利		10.0	8.0	10.0	3.2	2.0	4	松若風馬	55.0	芝1600		良	**	1:34.3	0.2	**	6-5	35.2-35.1	34.9	512(0)			ブレーヴジャッカル	77.0																																																																							
2018104757	2021-02-27	1阪神5	晴	3.0	3歳未勝利		16.0	4.0	7.0	3.4	1.0	12	松若風馬	56.0	ダ1400		良	**	1:30.1	4.0	**	3-5	35.2-38.7	42.3	508(-4)			イフティファール																																																																								
2018104757	2021-05-15	3中京3	曇	5.0	3歳未勝利		18.0	8.0	16.0	5.6	2.0	11	松若風馬	56.0	芝1400		良	**	1:21.4	0.9	**	11-9	33.3-35.8	35.6	520(+12)			ランスオブミューズ																																																																								
2018104757	2021-07-04	3小倉2	曇	2.0	3歳未勝利		18.0	4.0	8.0	10.3	4.0	5	和田竜二	56.0	芝1200		良	**	1:07.7	0.6	**	7-7	32.1-35.0	35.0	524(+4)			ゲノム	51.0																																																																							
2018104757	2021-07-25	3新潟2	晴	3.0	3歳未勝利		18.0	7.0	15.0	11.1	7.0	1	松山弘平	56.0	芝1400		良	**	1:20.9	-0.1	**	3-3	33.9-35.4	35.1	524(0)			(マイヨアポア)	510.0																																																																							
2018104757	2021-09-12	5中京2	曇	12.0	3歳以上1勝クラス		18.0	3.0	6.0	16.4	8.0	3	松若風馬	55.0	芝1400		良	**	1:21.3	0.2	**	1-1	34.5-34.8	35.0	516(-8)			エルカスティージョ	190.0																																																																							
2018104757	2021-10-02	5中京8	晴	7.0	3歳以上1勝クラス		16.0	3.0	6.0	21.0	7.0	4	松若風馬	55.0	芝1600		良	**	1:33.1	0.5	**	2-2-2	35.2-34.1	34.4	522(+6)			ジャスティンカフェ	110.0																																																																							
2018104757	2021-10-31	5新潟8	晴	10.0	十日町特別(1勝クラス)		18.0	3.0	5.0	4.7	1.0	4	富田暁	55.0	芝1400		良	**	1:22.6	0.1	**	10-8	35.2-35.6	35.1	528(+6)			テーオーディエス	160.0																																																																							
2018104757	2022-02-19	1阪神3	小雨	8.0	4歳以上1勝クラス		12.0	6.0	7.0	5.8	2.0	6	松山弘平	57.0	芝1600		良	**	1:34.9	0.1	**	7-8	36.8-34.1	33.7	532(+4)			ショウナンアレス																																																																								
2018104757	2022-03-06	1阪神8	晴	7.0	4歳以上1勝クラス		16.0	4.0	8.0	3.9	1.0	1	松山弘平	57.0	芝1600		良	**	1:33.3	-0.6	**	6-5	34.5-35.3	34.7	526(-6)			(リュクスフレンド)	770.0																																																																							
2018104757	2022-03-26	2阪神1	小雨	10.0	天神橋特別(2勝クラス)		10.0	3.0	3.0	2.6	1.0	3	松若風馬	55.0	芝1600		稍	**	1:36.0	0.3	**	4-4	37.2-33.8	33.8	532(+6)			メモリーエフェクト	383.4																																																																							
2018104757	2022-07-30	2新潟1	晴	10.0	豊栄特別(2勝クラス)		18.0	8.0	18.0	32.0	8.0	17	松若風馬	55.0	芝1600		良	**	1:34.2	2.5	**	17-17	34.7-33.7	34.2	534(+2)			ママコチャ																																																																								
2018104757	2022-10-15	4阪神4	晴	8.0	3歳以上2勝クラス		12.0	5.0	5.0	3.2	1.0	1	松若風馬	57.0	芝1400		良	**	1:20.6	-0.1	**	1-1	35.1-34.0	34.0	522(-12)			(メイショウドウドウ)	1110.0																																																																							
2018104757	2022-11-12	5東京3	晴	10.0	奥多摩S(3勝クラス)		16.0	6.0	12.0	25.9	8.0	11	松若風馬	54.0	芝1400		良	**	1:21.7	0.9	**	12-12	35.2-33.8	33.8	518(-4)			ルチェカリーナ																																																																								
2018104757	2022-12-18	6阪神6	晴	10.0	六甲アイランドS(3勝クラス)		15.0	1.0	1.0	26.9	9.0	14	和田竜二	57.0	芝1400		良	**	1:21.9	1.6	**	15-15	33.7-35.3	35.2	532(+14)			アグリ																																																																								
2018104757	2023-07-22	3中京7	晴	11.0	豊明S(3勝クラス)		18.0	7.0	13.0	137.8	17.0	4	川須栄彦	58.0	芝1400		良	**	1:21.1	0.3	**	11-11	34.3-35.3	34.4	518(-14)			サマートゥリスト	280.0																																																																							
2018104757	2023-10-07	2京都1	晴	10.0	長岡京S(3勝クラス)		15.0	6.0	10.0	21.0	10.0	7	川須栄彦	55.0	芝1400		良	**	1:20.7	0.5	**	9-9	33.8-34.9	34.5	522(+4)			メイショウソラフネ																																																																								
2018104757	2023-12-02	4中京1	晴	11.0	浜松S(3勝クラス)		12.0	8.0	11.0	17.2	9.0	9	川須栄彦	58.0	芝1400		良	**	1:20.9	0.9	**	2-2	33.5-35.1	35.9	534(+12)			バルサムノート																																																																								
2018104757	2024-05-26	3京都12	晴	12.0	渡月橋S(3勝クラス)		16.0	5.0	9.0	54.8	12.0	4	川須栄彦	58.0	芝1400		良	**	1:20.3	0.2	**	13-13	34.3-34.4	33.4	518(-16)			サトノペルセウス	280.0																																																																							
2018104757	2024-08-17	2中京3	晴	11.0	豊明S(3勝クラス)		14.0	4.0	5.0	43.3	8.0	6	川須栄彦	58.0	芝1400		良	**	1:19.2	0.2	**	9-11	33.0-34.7	33.9	524(+6)			クランフォード																																																																								
2018104757	2024-10-06	5京都2	晴	9.0	長岡京S(3勝クラス)		16.0	4.0	7.0	10.1	6.0	7	川須栄彦	58.0	芝1400		良	**	1:20.3	0.3	**	13-10	34.1-34.6	34.1	534(+10)			ワイドラトゥール																																																																								
2018104757	2024-11-30	4中京1	晴	11.0	飛騨S(3勝クラス)		13.0	7.0	10.0	7.3	5.0	8	川須栄彦	58.0	芝1400		良	**	1:22.1	0.7	**	11-11	34.8-34.5	34.4	530(-4)			ベガリス																																																																								
2018104757	2024-12-28	7京都9	晴	12.0	カウントダウンS(3勝クラス)		16.0	2.0	3.0	36.6	8.0	12	川須栄彦	58.0	芝1200		良	**	1:09.6	1.1	**	16-16	33.7-34.8	33.8	536(+6)			ロードフォアエース																																																																								
2018104757	2025-03-23	1阪神8	晴	10.0	鳴門S(3勝クラス)		16.0	7.0	14.0	117.1	13.0	16	酒井学	58.0	ダ1400		良	**	1:27.8	3.2	**	13-14	35.4-36.8	38.4	524(-12)			ジャスティンアース																																																																								
2018104757	2025-04-06	3中山4	晴	11.0	美浦S(3勝クラス)		16.0	2.0	4.0	181.7	16.0	13	江田照男	58.0	芝2000		良	**	2:00.9	1.3	**	3-3-3-4	35.9-35.7	36.7	530(+6)			レガーロデルシエロ																																																																								
2018104757	2025-04-12	3中山5	晴	10.0	あけぼのS(3勝クラス)		14.0	4.0	6.0	202.8	13.0	5	江田照男	58.0	芝1600		良	**	1:33.1	0.5	**	11-12-12	35.2-34.9	34.0	530(0)			ダイシンヤマト	184.0																																																																							
2018104757	2025-04-27	2東京2	晴	9.0	湘南S(3勝クラス)		15.0	4.0	7.0	36.7	8.0	6	江田照男	55.0	芝1400		良	**	1:20.0	0.2	**	9-9	34.1-34.5	33.6	536(+6)			ハクサンバード																																																																								
2018104757	2025-06-22	3東京6	晴	10.0	多摩川S(3勝クラス)		16.0	8.0	15.0	93.2	14.0	14	江田照男	58.0	芝1400		良	**	1:22.3	1.1	**	13-12	35.5-34.3	34.5	528(-8)			セフィロ																																																																								
2018104757	2025-07-12	2福島5	曇	10.0	会津S(3勝クラス)		9.0	4.0	4.0	33.9	6.0	7	江田照男	55.0	芝1200		良	**	1:11.3	0.7	**	5-5	36.0-34.6	34.8	526(-2)			レイピア																																																																								
2018104757	2025-08-02	3中京3	晴	7.0	豊明S(3勝クラス)		12.0	4.0	5.0	91.5	12.0	9	酒井学	55.0	芝1400		良	**	1:19.6	0.9	**	11-11	34.3-33.3	33.4	530(+4)			アクートゥス																																																																								
2018104757	2025-10-04	4東京1	小雨	10.0	白秋S(3勝クラス)		15.0	3.0	4.0	128.5	14.0	8	江田照男	54.0	芝1400		良	**	1:20.3	0.5	**	14-14	34.4-34.0	33.1	528(-2)			レッドシュヴェルト																																																																								
2018104757	2025-11-08	3福島1	晴	11.0	キビタキS(3勝クラス)		16.0	5.0	9.0	65.0	14.0	13	江田照男	54.0	芝1200		良	**	1:08.8	0.5	**	13-13	33.0-35.3	34.3	528(0)			ソルトクィーン																																																																								
2018104757	2025-11-15	5東京3	晴	10.0	奥多摩S(3勝クラス)		18.0	3.0	6.0	203.0	17.0	7	丸田恭介	58.0	芝1400		良	**	1:21.2	0.7	**	17-14	35.0-33.9	33.3	534(+6)			マイネルチケット																																																																								
2018104757	2026-01-18	1中山7		9.0	若潮S(3勝クラス)								江田照男		芝1600				1:33.1	1.4		12-9-9	34.1-34.9	35.2	538(+4)																																																													晴		15.0	1.0	1.0	187.1	12.0	14	58.0	良	**	**		ポルカリズム	202606010709
2018104948	2020-11-28	5阪神8		5.0	2歳新馬								福永祐一		芝1800				1:49.3	-0.1		6-3	36.9-34.6	34.4	484(0)				700.0	晴		9.0	8.0	9.0	1.4	1.0	1	55.0	良	**	**		(カサデガ)																																																									
2018104948	2021-02-14	1東京6		11.0	共同通信杯(GIII)								松山弘平		芝1800				1:48.0	0.4		7-5-5	37.4-33.8	33.6	478(-6)				1512.2	晴		12.0	7.0	9.0	41.9	7.0	2	56.0	良	**	**		エフフォーリア																																																									
2018104948	2021-03-21	2中山8		11.0	フジTVスプリングS(GII)								池添謙一		芝1800				1:52.0	0.0		8-8-9-9	37.2-37.0	36.1	480(+2)				5507.8	雨		15.0	8.0	14.0	7.1	3.0	1	56.0	重	**	**		(アサマノイタズラ)																																																									
2018104948	2021-04-18	3中山8		11.0	皐月賞(GI)								池添謙一		芝2000				2:02.1	1.5		10-10-10-12	36.3-37.0	37.7	478(-2)					晴		16.0	3.0	5.0	10.1	4.0	9	57.0	稍	**	**		エフフォーリア																																																									
2018104948	2021-05-30	2東京12		11.0	東京優駿(GI)								池添謙一		芝2400				2:24.3	1.8		3-4-6-5	35.0-33.9	35.4	474(-4)					晴		17.0	1.0	2.0	95.6	14.0	14	57.0	良	**	**		シャフリヤール																																																									
2018104948	2021-09-20	4中山5		11.0	朝日セントライト記念(GII)								池添謙一		芝2200				2:12.9	0.6		8-9-8-8	36.3-35.4	35.4	474(0)				540.0	晴		14.0	3.0	3.0	18.9	7.0	5	56.0	良	**	**		アサマノイタズラ																																																									
2018104948	2021-10-24	4阪神6		11.0	菊花賞(GI)								池添謙一		芝3000				3:06.1	1.5		8-8-7-7	35.1-35.1	35.7	474(0)					曇		18.0	8.0	17.0	18.4	8.0	10	57.0	良	**	**		タイトルホルダー																																																									
2018104948	2022-01-05	1中山1		11.0	日刊スポ賞中山金杯(GIII)								池添謙一		芝2000				2:01.3	1.2		5-6-8-6	37.6-35.9	36.3	482(+8)					晴		17.0	3.0	6.0	4.2	3.0	13	56.0	良	**	**		レッドガラン																																																									
2018104948	2022-04-24	2阪神10		11.0	読売マイラーズC(GII)								池添謙一		芝1600				1:35.5	2.2		2-3	34.6-35.8	37.1	480(-2)					曇		15.0	2.0	2.0	18.7	8.0	14	56.0	稍	**	**		ソウルラッシュ																																																									
2018104948	2022-10-30	4阪神9		11.0	カシオペアS(L)								池添謙一		芝1800				1:46.5	0.4		2-2	35.9-33.6	33.9	486(+6)				260.0	晴		15.0	5.0	8.0	19.7	6.0	5	57.0	良	**	**		アドマイヤビルゴ																																																									
2018104948	2022-12-18	5中山6		11.0	ディセンバーS(L)								戸崎圭太		芝1800				1:49.1	0.7		7-7-8-8	36.1-37.5	36.5	484(-2)					晴		16.0	6.0	11.0	6.2	3.0	7	57.0	稍	**	**		ショウナンマグマ																																																									
2018104948	2023-01-05	1中京1		11.0	スポニチ賞京都金杯(GIII)								団野大成		芝1600				1:33.9	1.2		5-5-5	34.7-35.1	35.8	492(+8)					晴		16.0	4.0	8.0	51.2	11.0	12	57.0	良	**	**		イルーシヴパンサー																																																									
2018104948	2023-05-13	2東京7		11.0	京王杯スプリングC(GII)								石川裕紀		芝1400				1:21.9	1.6		3-3	34.9-33.7	35.0	474(-18)					小雨		18.0	2.0	3.0	204.1	17.0	18	57.0	良	**	**		レッドモンレーヴ																																																									
2018104948	2023-08-27	3小倉6		11.0	小倉日経OP(OP)								荻野極		芝1800				1:47.1	1.2		4-4-8-7	33.9-36.4	36.5	470(-4)					晴		12.0	3.0	3.0	16.6	8.0	7	58.0	良	**	**		カントル																																																									
2018104948	2023-10-14	2京都4		11.0	太秦S(OP)								池添謙一		ダ1800				1:51.3	-0.2		7-7-6-2	35.7-38.3	37.8	480(+10)				2225.2	曇		12.0	3.0	3.0	28.9	7.0	1	58.0	良	**	**		(タイセイドレフォン)																																																									
2018104948	2024-01-21	1京都7		11.0	東海テレビ杯東海S(GII)								池添謙一		ダ1800				1:49.6	0.4		4-3-4-3	36.5-36.0	36.1	490(+10)				1416.0	曇		16.0	2.0	3.0	8.1	4.0	3	57.0	重	**	**		ウィリアムバローズ																																																									
2018104948	2024-04-14	2阪神8		11.0	アンタレスS(GIII)								池添謙一		ダ1800				1:54.5	3.3		4-4-4-5	37.2-37.6	40.0	490(0)					晴		16.0	2.0	3.0	4.0	2.0	14	58.0	良	**	**		ミッキーヌチバナ																																																									
2018104948	2024-05-18	3京都9		11.0	平安S(GIII)								池添謙一		ダ1900				2:00.3	2.9		8-9-7-7	29.2-37.0	39.3	492(+2)					晴		16.0	8.0	15.0	16.4	8.0	15	57.0	良	**	**		ミトノオー																																																									
2018104948	2024-08-04	1札幌6		11.0	エルムS(GIII)								池添謙一		ダ1700				1:44.9	0.9		13-12-10-8	30.9-36.9	36.8	480(-12)					曇		14.0	3.0	3.0	43.3	11.0	6	58.0	稍	**	**		ペイシャエス																																																									
2018104948	2024-09-28	3中京8		11.0	シリウスS(GIII)								池添謙一		ダ1900				2:01.1	4.0		13-14-12-11	29.4-37.0	40.1	484(+4)					曇		15.0	6.0	11.0	53.8	11.0	15	57.5	良	**	**		ハギノアレグリアス																																																									
2018104948	2024-12-22	7京都8		5.0	障害3歳以上未勝利								小牧加矢		障2910				3:21.3	2.5		4-4-5-6	109.0-0.0	13.8	490(+6)				200.0	曇		14.0	2.0	2.0	3.7	2.0	3	60.0	良				マテンロウジョイ																																																									
2018104948	2025-02-23	1小倉10		4.0	障害4歳以上未勝利								小牧加矢		障2860				3:13.8	0.6		5-5-5-5	108.0-0.0	13.6	484(-6)				130.0	曇		12.0	8.0	11.0	1.8	1.0	4	60.0	良				サンデーヒーロー																																																									
2018104948	2025-05-11	1新潟4		4.0	障害4歳以上未勝利								中村将之		障2890				3:17.2	2.9		4-5-4-4	106.1-0.0	13.6	484(0)					曇		14.0	7.0	11.0	3.2	1.0	8	60.0	稍				ヒルズカーン																																																									
2018104948	2025-07-27	3中京2		7.0	東海S(GIII)								亀田温心		ダ1400				1:24.4	2.2		11-12	34.6-35.9	36.8	484(0)					晴		16.0	5.0	10.0	217.7	16.0	13	58.0	良	**	**		ヤマニンウルス																																																									
2018104948	2025-10-02	園田		11.0	姫山菊花賞(重賞)								笹川翼		ダ1700				1:52.6	0.2		1-1-1-1		38.4	475(-9)				360.0	晴		6.0	1.0	1.0	3.5	2.0	2	57.0	稍	**	**		マルカイグアス																																																									
2018105012	2020-07-12	4阪神4	晴	5.0	2歳新馬		7.0	6.0	6.0	1.4	1.0	1	武豊	54.0	芝1800		稍	**	1:51.4	-0.1	**	4-3	38.1-35.8	35.7	492(0)			(セファーラジエル)	700.0																																																																							
2018105012	2020-10-17	4京都3	雨	9.0	紫菊賞(1勝クラス)		5.0	4.0	4.0	2.9	1.0	1	福永祐一	55.0	芝2000		重	**	2:04.6	0.0	**	3-3-3-4	38.4-35.2	34.9	500(+8)			(グラティトゥー)	1024.0																																																																							
2018105012	2020-12-26	5中山7	晴	11.0	ホープフルS(GI)		15.0	2.0	2.0	13.1	4.0	3	武豊	55.0	芝2000		良	**	2:03.1	0.3	**	10-9-9-7	37.2-36.8	36.4	502(+2)			ダノンザキッド	1815.6																																																																							
2018105012	2021-02-07	1中京12	晴	11.0	きさらぎ賞(GIII)		11.0	3.0	3.0	3.4	2.0	2	武豊	56.0	芝2000		良	**	2:01.0	0.0	**	9-9-9-9	37.4-35.6	34.9	506(+4)			ラーゴム	1511.4																																																																							
2018105012	2021-04-18	3中山8	晴	11.0	皐月賞(GI)		16.0	3.0	6.0	21.5	11.0	5	岩田望来	57.0	芝2000		稍	**	2:01.2	0.6	**	10-13-13-8	36.3-37.0	36.6	504(-2)			エフフォーリア	1100.0																																																																							
2018105012	2021-05-30	2東京12	晴	11.0	東京優駿(GI)		17.0	4.0	8.0	18.4	6.0	7	川田将雅	57.0	芝2400		良	**	2:23.1	0.6	**	9-8-11-12	35.0-33.9	33.8	504(0)			シャフリヤール																																																																								
2018105012	2022-01-16	1中京6	晴	11.0	日経新春杯(GII)		16.0	5.0	10.0	5.6	3.0	1	川田将雅	55.0	芝2200		良	**	2:11.7	-0.1	**	9-9-9-9	36.0-35.1	34.4	508(+4)			(ステラヴェローチェ)	5813.4																																																																							
2018105012	2024-03-10	1中京2	晴	11.0	金鯱賞(GII)		13.0	5.0	6.0	20.9	6.0	3	藤岡康太	57.0	芝2000		良	**	1:58.5	0.9	**	2-3-3-2	35.0-34.7	35.4	522(+14)			プログノーシス	1713.4																																																																							
2018105012	2024-05-05	1新潟4	晴	11.0	新潟大賞典(GIII)		16.0	1.0	1.0	5.4	2.0	3	荻野極	59.0	芝2000		良	**	2:00.3	0.2	**	9-10	36.9-34.4	33.5	518(-4)			ヤマニンサルバム	1108.4																																																																							
2018105012	2024-06-01	4京都1	晴	11.0	鳴尾記念(GIII)		13.0	6.0	9.0	2.5	1.0	1	岩田望来	57.0	芝2000		良	**	1:57.2	0.0	**	5-5-5-5	34.9-34.4	33.9	518(0)			(ボッケリーニ)	4349.7																																																																							
2018105012	2024-10-06	4東京2	曇	11.0	毎日王冠(GII)		14.0	7.0	12.0	5.5	3.0	7	岩田望来	57.0	芝1800		良	**	1:45.4	0.3	**	7-5-6	35.3-33.7	33.4	514(-4)			シックスペンス																																																																								
2018105012	2025-02-16	1京都6	曇	11.0	京都記念(GII)		12.0	1.0	1.0	9.5	5.0	1	岩田望来	57.0	芝2200		稍	**	2:15.7	-0.1	**	5-5-6-4	37.0-34.6	34.2	534(+20)			(リビアングラス)	6285.4																																																																							
2018105012	2025-04-06	2阪神4	晴	11.0	大阪杯(GI)		15.0	4.0	7.0	13.6	8.0	3	岩田望来	58.0	芝2000		良	**	1:56.5	0.3	**	14-14-14-14	34.9-35.1	33.5	526(-8)			ベラジオオペラ	7546.2																																																																							
2018105012	2025-06-15	3阪神4	晴	11.0	宝塚記念(GI)		17.0	5.0	9.0	8.8	5.0	17	岩田望来	58.0	芝2200		稍	**	2:14.4	3.3	**	6-6-5-5	34.8-36.0	38.9	526(0)			メイショウタバル																																																																								
2018105012	2025-09-21	4中山7	曇	11.0	産経賞オールカマー(GII)		11.0	6.0	7.0	8.0	4.0	3	岩田望来	58.0	芝2200		良	**	2:10.7	0.5	**	9-9-9-8	35.1-34.5	34.2	520(-6)			レガレイラ	1711.0																																																																							
2018105012	2025-11-30	5東京8	晴	12.0	ジャパンC(GI)		17.0	6.0	12.0	159.8	12.0	14	岩田望来	58.0	芝2400		良	**	2:22.7	2.4	**	13-13-13-13	34.5-34.6	35.4	522(+2)			カランダガン																																																																								
2018105047	2020-12-27	5中山8		5.0	2歳新馬								武豊		芝2000				2:06.3	-0.2		6-6-5-6	39.2-36.8	36.1	458(0)				700.0	晴		18.0	6.0	12.0	10.5	4.0	1	55.0	良	**	**		(ルナベイル)																																																									
2018105047	2021-03-07	2中山4		11.0	報知弥生ディープ記念(GII)								岩田康誠		芝2000				2:03.8	1.8		10-10-10-10	36.7-34.5	34.7	450(-8)					曇		10.0	5.0	5.0	83.9	9.0	9	56.0	良	**	**		タイトルホルダー																																																									
2018105047	2021-06-13	3東京4		8.0	3歳以上1勝クラス								武豊		芝2000				2:00.0	1.0		9-9-9	37.0-34.1	34.3	458(+8)					曇		10.0	1.0	1.0	21.2	6.0	6	54.0	良	**	**		グランオフィシエ																																																									
2018105047	2021-09-26	4中山7		7.0	3歳以上1勝クラス								横山武史		芝1600				1:35.1	0.2		12-13-11	36.9-35.1	34.1	460(+2)					曇		15.0	2.0	3.0	11.1	4.0	6	55.0	良	**	**		バルドルブレイン																																																									
2018105047	2021-12-12	5中山4		8.0	3歳以上1勝クラス								丸田恭介		芝1800				1:49.4	1.4		14-14-11-8	36.7-35.4	35.9	460(0)					晴		16.0	8.0	16.0	28.3	10.0	12	56.0	良	**	**		クライミングリリー																																																									
2018105047	2022-03-06	2中山4		7.0	4歳以上1勝クラス								横山武史		ダ1800				2:00.5	5.2		2-2-5-7	37.6-39.6	44.5	464(+4)					晴		16.0	1.0	2.0	6.2	4.0	16	57.0	良	**	**		トーセンインパルス																																																									
2018105047	2022-08-20	2札幌3		10.0	富良野特別(1勝クラス)								池添謙一		芝2000				2:05.4	0.5		5-5-6-6	35.8-37.8	37.7	458(-6)					晴		11.0	8.0	10.0	41.8	9.0	7	57.0	稍	**	**		マイネルトルファン																																																									
2018105047	2022-09-03	2札幌7		7.0	3歳以上1勝クラス								池添謙一		芝2000				2:03.7	0.2		12-13-12-11	37.4-36.0	35.4	458(0)				190.0	晴		16.0	8.0	15.0	61.3	12.0	3	57.0	良	**	**		トラウンシュタイン																																																									
2018105047	2022-10-22	4東京6		12.0	3歳以上1勝クラス								岩田望来		芝1800				1:49.3	1.3		10-9-9	36.6-34.1	33.6	452(-6)					曇		11.0	3.0	3.0	50.7	9.0	10	57.0	良	**	**		カナテープ																																																									
2018105047	2023-04-30	1新潟2		8.0	4歳以上1勝クラス								今村聖奈		芝1800				1:51.4	0.8		11-11	37.2-35.2	35.0	466(+14)					曇		12.0	4.0	4.0	11.2	5.0	7	55.0	重	**	**		ケイアイセナ																																																									
2018105047	2023-05-20	1新潟7		10.0	二王子特別(1勝クラス)								武藤雅		芝2000				2:01.2	0.4		16-16	35.6-35.1	34.2	460(-6)				170.0	晴		16.0	5.0	10.0	32.5	10.0	4	58.0	良	**	**		ブリングトゥライフ																																																									
2018105047	2023-07-22	2福島7		9.0	伊達特別(1勝クラス)								田辺裕信		芝1800				1:49.6	0.1		13-13-13-12	37.1-36.0	35.0	450(-10)				170.0	晴		14.0	7.0	11.0	9.7	5.0	4	58.0	良	**	**		フルール																																																									
2018105047	2023-08-12	3新潟1		9.0	湯沢特別(1勝クラス)								田辺裕信		芝2000				1:59.3	1.7		14-13	35.0-34.1	34.2	448(-2)					曇		15.0	8.0	15.0	20.1	6.0	8	58.0	良	**	**		オクタヴィアヌス																																																									
2018105047	2023-09-23	4中山6		6.0	3歳以上1勝クラス								田辺裕信		芝2000				2:02.6	0.1		13-13-12-13	37.3-35.2	34.1	456(+8)				320.0	曇		13.0	7.0	10.0	19.2	7.0	2	58.0	重	**	**		メジャークロニクル																																																									
2018105047	2023-10-01	4中山9		7.0	3歳以上1勝クラス								田辺裕信		芝2200				2:16.0	0.0		15-15-9-8	37.2-35.2	34.5	458(+2)				800.0	曇		15.0	4.0	6.0	7.2	3.0	1	58.0	良	**	**		(フロムナウオン)																																																									
2018105047	2023-12-24	5中山8		9.0	グッドラックH(2勝クラス)								田辺裕信		芝2500				2:34.6	0.0		12-12-11-10	31.7-35.1	34.1	462(+4)				629.0	曇		14.0	4.0	6.0	6.7	2.0	2	55.0	良	**	**		ジオフロント																																																									
2018105047	2024-01-14	1中山5		7.0	4歳以上2勝クラス								横山和生		芝2200				2:12.9	0.2		13-13-14-14	35.5-35.8	34.8	466(+4)				290.0	晴		15.0	5.0	9.0	5.5	3.0	3	58.0	良	**	**		コスモフリーゲン																																																									
2018105047	2024-03-02	2中山3		9.0	潮来特別(2勝クラス)								横山和生		芝2500				2:35.6	0.7		11-11-4-2	30.8-37.4	36.6	466(0)					曇		11.0	4.0	4.0	3.3	1.0	7	57.0	稍	**	**		キントリヒ																																																									
2018105047	2024-03-31	3中山4		9.0	安房特別(2勝クラス)								田辺裕信		芝2500				2:32.3	0.7		7-7-6-5	30.4-35.6	35.2	464(-2)				230.0	晴		8.0	6.0	6.0	2.3	1.0	4	58.0	良	**	**		メジャークロニクル																																																									
2018105047	2024-07-06	2福島3		10.0	猪苗代特別(2勝クラス)								田辺裕信		芝2000				2:01.2	1.8		8-8-7-7	35.3-35.0	35.6	468(+4)					曇		8.0	6.0	6.0	6.0	2.0	6	58.0	良	**	**		シランケド																																																									
2018105047	2024-09-16	4中山5		10.0	習志野特別(2勝クラス)								田辺裕信		芝2000				2:00.7	1.4		10-10-10-7	36.0-35.5	34.9	472(+4)					曇		10.0	2.0	2.0	17.6	5.0	7	58.0	良	**	**		コスモブッドレア																																																									
2018105047	2024-12-22	5中山8		9.0	グッドラックH(2勝クラス)								横山和生		芝2500				2:36.2	4.0		16-16-16-16	30.6-36.4	37.9	468(-4)					晴		16.0	6.0	11.0	68.0	12.0	15	56.0	良	**	**		スティンガーグラス																																																									
2018105047	2025-02-16	1東京6		8.0	4歳以上2勝クラス								横山和生		芝1600				1:34.8	0.9		10-10	36.2-34.2	34.0	464(-4)					晴		13.0	5.0	6.0	69.7	10.0	7	58.0	良	**	**		キョウエイブリッサ																																																									
2018105047	2025-05-03	2東京3		12.0	4歳以上2勝クラス								石川裕紀		ダ1600				1:36.9	1.2		13-11	35.5-35.5	35.7	464(0)					晴		14.0	1.0	1.0	70.5	7.0	10	58.0	重	**	**		ラタフォレスト																																																									
2018105047	2025-06-22	3阪神6		9.0	高砂特別(2勝クラス)								Ｍ．デム		芝2000				2:02.4	1.8		3-4-3-3	37.7-35.9	37.2	456(-8)					晴		9.0	8.0	9.0	24.0	6.0	8	58.0	良	**	**		イケイケドンドン																																																									
2018105047	2025-08-30	4中京3		10.0	桑名特別(2勝クラス)								小沢大仁		芝1400				1:20.7	0.3		5-5	35.1-33.6	33.5	460(+4)					晴		11.0	2.0	2.0	118.7	10.0	6	58.0	良	**	**		コト																																																									
2018105047	2025-09-15	4阪神5		10.0	Mモーリス(2勝クラス)								団野大成		芝1400				1:21.2	0.5		8-7	34.7-34.3	34.3	464(+4)				626.4	晴		9.0	1.0	1.0	34.9	6.0	2	58.0	良	**	**		ケーブパール																																																									
2018105047	2025-10-11	3京都3		10.0	宇治川特別(2勝クラス)								団野大成		芝1400				1:20.4	0.1		11-12	35.2-34.0	33.1	464(0)				230.0	晴		13.0	5.0	6.0	26.3	7.0	4	58.0	良	**	**		ミストレス																																																									
2018105047	2025-11-02	3京都11		12.0	3歳以上2勝クラス								鮫島克駿		芝1400				1:21.8	0.4		10-9	36.4-33.4	33.0	466(+2)					晴		12.0	6.0	7.0	7.9	5.0	6	58.0	良	**	**		ハワイアンタイム																																																									
2018105047	2025-12-28	5阪神8		9.0	フォーチュンC(2勝クラス)								吉村誠之		芝1600				1:34.6	0.6		5-5	35.6-34.8	33.9	472(+6)					晴		12.0	6.0	7.0	16.6	5.0	12	56.0	良	**	**		マイエレメント																																																									
2018105047	2026-01-04	1京都1		12.0	4歳以上2勝クラス								北村友一		芝1400				1:23.2	1.2		12-12	35.9-34.3	33.3	470(-2)					曇		12.0	4.0	4.0	34.9	11.0	12	58.0	良	**	**		ララマセラシオン																																																									
2018105165	2020-10-25	4京都6		5.0	2歳新馬								福永祐一		芝1800				1:49.9	0.0		6-4	36.2-35.0	34.6	450(0)				700.0	晴		18.0	7.0	13.0	2.3	1.0	1	55.0	良	**	**		(ヴィヴァン)																																																									
2018105165	2021-02-14	1東京6		11.0	共同通信杯(GIII)								福永祐一		芝1800				1:48.0	0.4		7-8-8	37.4-33.8	33.4	448(-2)				956.1	晴		12.0	8.0	11.0	4.9	2.0	3	56.0	良	**	**		エフフォーリア																																																									
2018105165	2021-03-27	2阪神1		11.0	毎日杯(GIII)								川田将雅		芝1800				1:43.9	0.0		4-4	34.5-34.4	34.1	448(0)				3833.6	晴		9.0	6.0	6.0	2.9	2.0	1	56.0	良	**	**		(グレートマジシャン)																																																									
2018105165	2021-05-30	2東京12		11.0	東京優駿(GI)								福永祐一		芝2400				2:22.5	0.0		7-7-11-9	35.0-33.9	33.4	444(-4)				22718.8	晴		17.0	5.0	10.0	11.7	4.0	1	57.0	良	**	**		(エフフォーリア)																																																									
2018105165	2021-09-26	5中京7		11.0	神戸新聞杯(GII)								福永祐一		芝2200				2:18.7	0.7		5-5-6-6	37.0-36.5	36.6	452(+8)				810.0	雨		10.0	8.0	10.0	1.8	1.0	4	56.0	不	**	**		ステラヴェローチェ																																																									
2018105165	2021-11-28	5東京8		12.0	ジャパンC(GI)								川田将雅		芝2400				2:25.2	0.5		5-5-6-5	37.0-35.3	34.4	446(-6)				7554.6	晴		18.0	2.0	4.0	3.7	2.0	3	55.0	良	**	**		コントレイル																																																									
2018105165	2022-03-26	メイダン			ドバイシーマクラシッ(GI)								Ｃ．デム		芝2410				2:26.88						計不					晴		15.0		12.0	5.9	4.0	1	56.5	良				()																																																									
2018105165	2022-06-15	アスコット			プリンスオブウェール(GI)								Ｃ．デム		芝1990										計不							5.0		3.0	3.1	2.0	4	58.0	良																																																													
2018105165	2022-10-30	4東京9		11.0	天皇賞(秋)(GI)								Ｃ．デム		芝2000				1:58.1	0.6		6-5-5	34.7-36.7	33.6	456(0)				2000.0	晴		15.0	5.0	8.0	4.4	2.0	5	58.0	良	**	**		イクイノックス																																																									
2018105165	2022-11-27	5東京8		12.0	ジャパンC(GI)								Ｃ．デム		芝2400				2:23.8	0.1		12-14-14-12	36.3-34.2	33.7	450(-6)				16111.6	晴		18.0	7.0	15.0	3.4	1.0	2	57.0	良	**	**		ヴェラアズール																																																									
2018105165	2023-03-25	メイダン			ドバイシーマC(GI)								Ｃ．デム		芝2410										計不					晴		10.0		6.0	6.9	3.0	5	57.0	良																																																													
2018105165	2023-08-20	2札幌4		11.0	札幌記念(GII)								横山武史		芝2000				2:04.8	3.3		5-5-7-13	35.5-36.4	39.0	460(0)					晴		15.0	3.0	4.0	9.1	5.0	11	58.0	稍	**	**		プログノーシス																																																									
2018105165	2023-11-04	サンタアニタパー			BCターフ(GI)								Ｃ．デム		芝2400										計不					晴		11.0		1.0	8.5	5.0	3	57.0	良																																																													
2018105165	2023-12-24	5中山8		11.0	有馬記念(GI)								松山弘平		芝2500				2:31.2	0.3		4-4-5-6	30.2-35.9	34.8	454(0)				5000.0	晴		16.0	1.0	2.0	44.6	8.0	5	58.0	良	**	**		ドウデュース																																																									
2018105165	2024-03-30	メイダン			ドバイシーマC(GI)								Ｃ．デム		芝2410										計不							12.0		5.0	21.2	6.0	2	57.0	良																																																													
2018105165	2024-08-18	2札幌4		11.0	札幌記念(GII)								武豊		芝2000				2:00.2	0.6		5-3-6-6	36.3-35.5	35.1	464(0)				700.0	晴		11.0	4.0	4.0	7.6	2.0	5	58.0	良	**	**		ノースブリッジ																																																									
2018105165	2024-11-03	デルマー			BCターフ(GI)								Ｃ．デム		芝2400										計不							13.0		3.0	6.7	3.0	3	57.0	良																																																													
2018105165	2024-12-22	5中山8		11.0	有馬記念(GI)								Ｃ．デム		芝2500				2:31.8	0.0		10-9-5-5	31.4-35.2	35.0	458(0)				20097.2	晴		15.0	8.0	16.0	30.1	10.0	2	58.0	良	**	**		レガレイラ																																																									
2018105199	2020-12-20	5中山6	晴	5.0	2歳新馬		16.0	4.0	7.0	11.4	4.0	1	横山武史	55.0	芝1600		良	**	1:36.8	-0.1	**	2-2-2	35.9-36.8	36.8	484(0)			(ゴダイリキ)	700.0																																																																							
2018105199	2021-03-07	2中山4	曇	6.0	3歳1勝クラス		11.0	8.0	11.0	16.4	4.0	10	横山武史	56.0	芝1600		良	**	1:37.9	2.1	**	10-10-10	36.4-35.5	36.5	490(+6)			ワザモノ																																																																								
2018105199	2021-05-16	2東京8	曇	5.0	3歳1勝クラス		10.0	2.0	2.0	59.9	7.0	2	団野大成	56.0	芝1600		良	**	1:34.8	0.1	**	1-1	36.7-33.6	33.7	488(-2)			クロンターフ	290.0																																																																							
2018105199	2021-07-25	1函館8	晴	7.0	3歳以上1勝クラス		11.0	1.0	1.0	7.1	4.0	5	団野大成	54.0	芝1800		良	**	1:48.9	1.1	**	3-3-4-5	35.7-36.3	36.9	492(+4)			プレミアエンブレム	76.0																																																																							
2018105199	2021-10-31	4東京8	雨	6.0	3歳以上1勝クラス		17.0	5.0	10.0	23.3	9.0	14	松山弘平	55.0	芝1600		良	**	1:34.7	1.3	**	2-2	34.9-34.9	36.2	488(-4)			イズンシーラブリー																																																																								
2018105199	2021-12-05	6中京2	曇	6.0	3歳以上1勝クラス		16.0	6.0	12.0	8.5	5.0	14	松山弘平	56.0	ダ1400		良	**	1:27.5	2.1	**	3-3	34.9-38.1	39.9	490(+2)			マイグレーション																																																																								
2018105199	2022-04-03	3中山4	雨	7.0	4歳以上1勝クラス		16.0	4.0	7.0	16.6	8.0	11	菅原明良	57.0	芝1600		稍	**	1:36.3	1.1	**	4-5-5	35.5-36.3	36.9	488(-2)			オメガロマンス																																																																								
2018105199	2022-07-03	2福島2	晴	8.0	3歳以上1勝クラス		11.0	8.0	10.0	9.7	5.0	中	菅原明良	57.0	芝1200		良	**			**	11-11	35.0-34.7		480(-8)			トーセンサンダー																																																																								
2018105199	2023-01-15	1中山6	曇	7.0	4歳以上1勝クラス		16.0	2.0	3.0	231.4	13.0	4	大野拓弥	58.0	芝1600		良	**	1:35.6	0.5	**	1-3-2	35.1-36.3	36.6	494(+14)			ラズベリームース	120.0																																																																							
2018105199	2023-03-05	1阪神8	晴	7.0	4歳以上1勝クラス		17.0	6.0	12.0	19.8	8.0	3	団野大成	58.0	芝1600		良	**	1:34.0	0.5	**	7-8	34.7-34.8	34.4	492(-2)			ムーンリットナイト	200.0																																																																							
2018105199	2023-04-23	2東京2	晴	8.0	4歳以上1勝クラス		15.0	2.0	2.0	33.3	11.0	4	三浦皇成	58.0	芝1600		良	**	1:32.9	0.2	**	1-1	34.8-34.5	34.7	492(0)			ヴルカーノ	120.0																																																																							
2018105199	2023-06-24	3東京7	曇	12.0	3歳以上1勝クラス		16.0	1.0	1.0	15.1	9.0	14	三浦皇成	58.0	芝1600		良	**	1:34.5	1.6	**	4-4	34.0-35.1	36.5	492(0)			キタノブライド																																																																								
2018105199	2023-08-19	2札幌3	小雨	9.0	千歳特別(1勝クラス)		14.0	7.0	12.0	20.7	6.0	14	佐々木大	58.0	芝1500		良	**	1:32.1	2.8	**	6-8-13	29.5-35.9	38.0	494(+2)			ビジュノワール																																																																								
2018105199	2023-12-23	5中山7	晴	9.0	ノエル賞(1勝クラス)		16.0	7.0	13.0	37.1	10.0	8	三浦皇成	58.0	芝1600		良	**	1:36.0	0.6	**	15-14-15	35.8-34.5	34.0	496(+2)			ウインレイアー																																																																								
2018105199	2024-03-02	2中山3	曇	8.0	4歳以上1勝クラス		16.0	8.0	16.0	31.8	7.0	3	坂井瑠星	58.0	芝1600		稍	**	1:35.5	0.7	**	8-9-8	35.1-35.6	35.3	488(-8)			ダイシンヤマト	200.0																																																																							
2018105199	2024-04-21	2東京2	曇	8.0	4歳以上1勝クラス		10.0	7.0	8.0	11.6	4.0	6	岩田望来	58.0	芝1600		良	**	1:33.6	0.7	**	4-3	34.6-35.0	34.6	484(-4)			ジュドー																																																																								
2018105199	2024-07-14	2福島6	小雨	8.0	3歳以上1勝クラス		16.0	5.0	10.0	27.7	11.0	5	杉原誠人	58.0	芝1800		良	**	1:48.6	0.2	**	6-5-4-3	36.1-35.9	35.7	486(+2)			ロードレイナード	80.0																																																																							
2018105199	2024-09-22	4中山7	曇	7.0	3歳以上1勝クラス		16.0	3.0	6.0	41.9	11.0	10	杉原誠人	58.0	芝1600		良	**	1:33.1	0.5	**	6-5-4	34.5-35.1	35.0	494(+8)			マンウォル																																																																								
2018105199	2024-12-15	5中山6	晴	12.0	3歳以上1勝クラス		16.0	3.0	5.0	78.1	10.0	11	内田博幸	58.0	芝1600		良	**	1:34.0	0.7	**	4-4-4	34.8-35.0	35.3	492(-2)			レッドアトレーヴ																																																																								
2018105199	2025-01-18	1中山6	晴	12.0	4歳以上1勝クラス		16.0	6.0	12.0	32.7	6.0	7	キング	58.0	芝2000		良	**	2:00.9	1.3	**	1-2-2-2	36.3-35.5	36.6	496(+4)			テリオスサラ																																																																								
2018105199	2025-04-06	3中山4	小雨	8.0	4歳以上1勝クラス		13.0	5.0	6.0	22.0	6.0	1	荻野極	58.0	芝1800		良	**	1:48.6	-0.1	**	1-1-1-1	36.2-35.1	35.1	498(+2)			(ミッキースターダム)	800.0																																																																							
2018105199	2025-05-25	2東京10	曇	9.0	調布特別(2勝クラス)		9.0	5.0	5.0	9.9	4.0	9	津村明秀	55.0	芝1800		良	**	1:48.0	1.8	**	1-1-1	35.6-34.5	36.3	498(0)			コルレオニス																																																																								
2018105199	2025-08-02	1札幌3	晴	10.0	釧路湿原特別(2勝クラス)		14.0	7.0	12.0	115.6	14.0	11	古川吉洋	58.0	芝1800		良	**	1:48.4	1.3	**	4-4-5-10	36.3-35.5	36.3	494(-4)			リラボニート																																																																								
2018105199	2025-11-22	3福島5	晴	4.0	障害3歳以上未勝利		14.0	5.0	7.0	15.6	5.0	2	坂口智康	57.0	障2770		良		3:02.1	0.6		4-4-3-3	103.1-0.0	13.1	494(0)			マルベリーシチー	340.0																																																																							
2018105199	2026-01-18	1中山7		4.0	障害4歳以上未勝利								坂口智康		障2880				3:14.9	1.3		1-1-2-2	106.1-0.0	13.5	498(+4)				84.0																																																									晴		14.0	7.0	11.0	5.3	3.0	5	57.0	良				アスクオンディープ	202606010704
2018105213	2020-08-23	3新潟4	晴	5.0	2歳新馬		18.0	4.0	8.0	7.0	3.0	1	田辺裕信	54.0	芝1800		良	**	1:49.2	-0.1	**	1-1	36.8-34.4	34.4	500(0)			(バジオウ)	700.0																																																																							
2018105213	2020-12-05	5中山1	小雨	9.0	葉牡丹賞(1勝クラス)		12.0	1.0	1.0	7.0	4.0	8	田辺裕信	55.0	芝2000		稍	**	2:04.0	1.8	**	3-3-3-3	37.8-35.1	36.7	498(-2)			ノースブリッジ																																																																								
2018105213	2021-01-05	1中京1	曇	6.0	3歳1勝クラス		8.0	6.0	6.0	3.5	1.0	5	吉田隼人	56.0	芝2000		良	**	2:02.6	0.9	**	2-2-3-3	37.4-35.7	36.3	498(0)			タガノカイ	73.0																																																																							
2018105213	2021-01-31	1東京2	晴	9.0	セントポーリア賞(1勝クラス)		8.0	4.0	4.0	48.7	7.0	7	蛯名正義	56.0	芝1800		良	**	1:48.5	2.0	**	3-3-3	36.2-33.9	35.6	496(-2)			グレートマジシャン																																																																								
2018105213	2021-12-26	5中山8	晴	7.0	3歳以上1勝クラス		16.0	3.0	5.0	14.0	5.0	7	菅原明良	56.0	ダ1800		良	**	1:56.0	1.8	**	4-5-6-5	37.2-39.1	39.9	522(+26)			ホウオウルバン																																																																								
2018105213	2022-01-15	1中山5	曇	6.0	4歳以上1勝クラス		10.0	2.0	2.0	4.8	2.0	1	菅原明良	56.0	ダ1800		良	**	1:55.9	-0.1	**	3-3-3-3	38.9-38.8	38.5	516(-6)			(タイセイマーベル)	770.0																																																																							
2018105213	2022-02-27	2中山2	晴	12.0	4歳以上2勝クラス		15.0	2.0	3.0	13.4	4.0	10	菅原明良	56.0	ダ1800		良	**	1:57.1	2.0	**	7-7-8-7	37.9-39.6	40.8	522(+6)			ロンコーネ																																																																								
2018105213	2022-03-27	3中山2	曇	8.0	4歳以上2勝クラス		11.0	2.0	2.0	9.9	4.0	3	菱田裕二	57.0	芝1800		重	**	1:49.0	0.2	**	3-4-4-3	37.4-35.8	35.5	516(-6)			ヒルノダカール	280.0																																																																							
2018105213	2022-05-14	1新潟3	曇	10.0	胎内川特別(2勝クラス)		13.0	4.0	4.0	4.1	2.0	1	菱田裕二	57.0	芝1800		稍	**	1:48.0	0.0	**	3-3	35.2-37.3	36.5	508(-8)			(ナリタザクラ)	1539.4																																																																							
2018105213	2022-05-29	2東京12	晴	10.0	むらさき賞(3勝クラス)		17.0	7.0	13.0	62.1	14.0	9	田辺裕信	54.0	芝1800		良	**	1:46.2	0.8	**	14-14-13	35.5-34.1	33.5	518(+10)			ヒルノダカール																																																																								
2018105213	2022-08-20	3新潟3	曇	11.0	日本海S(3勝クラス)		13.0	1.0	1.0	31.2	9.0	5	坂井瑠星	57.0	芝2200		稍	**	2:14.9	0.5	**	1-1-1-1	35.5-35.0	35.5	516(-2)			ロバートソンキー	184.0																																																																							
2018105213	2022-10-29	4新潟5	晴	11.0	魚沼S(3勝クラス)		13.0	4.0	6.0	9.9	5.0	4	菱田裕二	57.0	芝2000		良	**	2:00.5	0.4	**	3-3	36.7-34.3	34.5	516(0)			カレンルシェルブル	280.0																																																																							
2018105213	2022-12-11	5中山4	曇	10.0	常総S(3勝クラス)		16.0	1.0	1.0	13.0	6.0	7	戸崎圭太	57.0	芝1800		良	**	1:48.8	0.3	**	6-6-7-7	37.7-35.1	34.9	516(0)			レッドランメルト																																																																								
2018105213	2023-01-21	1中山7	晴	11.0	初富士S(3勝クラス)		14.0	4.0	5.0	27.4	8.0	2	菅原明良	56.0	芝2000		稍	**	2:01.2	0.2	**	5-5-5-3	37.1-35.8	35.6	526(+10)			スルーセブンシーズ	748.6																																																																							
2018105213	2023-03-19	2中山8	晴	9.0	スピカS(3勝クラス)		16.0	4.0	8.0	15.8	4.0	8	菅原明良	58.0	芝1800		重	**	1:49.5	0.9	**	13-13-13-12	35.5-37.5	35.6	526(0)			ノースザワールド																																																																								
2018105213	2023-04-09	2阪神6	晴	10.0	競馬法100周年記念(3勝クラス)		16.0	3.0	6.0	24.4	9.0	10	吉田隼人	57.0	芝2000		良	**	1:59.5	0.6	**	14-16-15-15	37.0-34.9	34.3	520(-6)			セイウンハーデス																																																																								
2018105213	2023-05-14	1新潟6	晴	11.0	弥彦S(3勝クラス)		13.0	1.0	1.0	11.8	5.0	2	菱田裕二	58.0	芝1800		良	**	1:45.9	0.0	**	4-3	34.7-35.3	34.8	520(0)			グランスラムアスク	749.0																																																																							
2018105213	2023-07-30	2新潟2	晴	10.0	佐渡S(3勝クラス)		18.0	8.0	16.0	28.7	9.0	2	菱田裕二	58.0	芝1800		良	**	1:45.2	0.2	**	1-1	35.0-33.9	34.1	524(+4)			トゥデイイズザデイ	750.8																																																																							
2018105213	2023-10-28	4新潟5	雨	11.0	魚沼S(3勝クラス)		12.0	5.0	6.0	5.0	3.0	6	北村友一	58.0	芝2000		不	**	2:04.4	0.8	**	6-5	36.9-35.9	36.1	526(+2)			ホウオウリアリティ																																																																								
2018105213	2023-11-26	5東京8	曇	11.0	ウェルカムS(3勝クラス)		13.0	6.0	8.0	74.9	11.0	13	横山和生	58.0	芝2000		良	**	2:00.1	1.1	**	2-2-2	36.3-33.7	34.7	522(-4)			ロードデルレイ																																																																								
2018105213	2023-12-09	5中山3	晴	11.0	常総S(3勝クラス)		15.0	6.0	10.0	35.5	11.0	10	吉田豊	58.0	芝1800		良	**	1:47.5	0.6	**	8-8-9-9	37.0-34.9	34.0	520(-2)			ボーンディスウェイ																																																																								
2018105213	2024-01-20	1中山6	曇	11.0	初富士S(3勝クラス)		11.0	8.0	11.0	16.2	6.0	10	菅原明良	57.0	芝2000		良	**	2:00.4	1.2	**	3-3-3-3	36.5-35.4	36.4	520(0)			グランベルナデット																																																																								
2018105213	2024-03-31	3中山4	晴	11.0	美浦S(3勝クラス)		15.0	2.0	2.0	44.1	12.0	4	田辺裕信	58.0	芝2000		良	**	1:59.1	0.4	**	13-13-13-12	34.8-35.8	34.7	524(+4)			キングズパレス	280.0																																																																							
2018105213	2024-05-12	1新潟6	晴	11.0	弥彦S(3勝クラス)		16.0	7.0	14.0	7.0	4.0	10	佐々木大	58.0	芝1800		良	**	1:48.7	1.2	**	6-6	36.3-34.0	34.7	516(-8)			セレシオン																																																																								
2018105213	2025-01-18	1中山6	晴	10.0	アレキサンドライトS(3勝クラス)		16.0	4.0	8.0	154.4	14.0	15	吉田豊	56.0	ダ1800		良	**	1:55.1	2.7	**	13-13-12-11	36.8-38.5	40.0	524(+8)			マーブルロック																																																																								
2018105213	2025-02-23	1東京8	晴	10.0	アメジストS(3勝クラス)		12.0	5.0	5.0	160.4	12.0	8	幸英明	56.0	芝2000		良	**	1:59.1	0.5	**	4-5-5	35.2-34.8	34.8	520(-4)			ディマイザキッド																																																																								
2018105213	2025-04-06	3中山4	晴	11.0	美浦S(3勝クラス)		16.0	5.0	9.0	49.3	11.0	9	吉田豊	58.0	芝2000		良	**	2:00.3	0.7	**	13-14-14-11	35.9-35.7	35.2	518(-2)			レガーロデルシエロ																																																																								
2018105213	2025-05-17	2東京7	曇	11.0	六社S(3勝クラス)		12.0	8.0	11.0	130.4	10.0	5	吉田豊	58.0	芝2400		稍	**	2:27.1	0.8	**	2-2-2-2	36.6-36.9	37.6	514(-4)			ラスカンブレス	184.0																																																																							
2018105213	2025-06-15	3東京4	曇	10.0	江の島S(3勝クラス)		15.0	6.0	10.0	84.6	14.0	11	石橋脩	58.0	芝2400		稍	**	2:29.5	2.4	**	2-2-2-1	36.9-37.1	39.5	514(0)			カフェグランデ																																																																								
2018105213	2025-08-03	2新潟4	晴	1.0	障害3歳以上未勝利		14.0	1.0	1.0	6.3	3.0	1	上野翔	60.0	障2850		良		3:05.6	-1.9		2-2-2-1	103.1-0.0	13.0	516(+2)			(サニーオーシャン)	840.0																																																																							
2018105213	2025-08-30	3新潟3	曇	1.0	障害3歳以上OP		13.0	8.0	13.0	1.8	1.0	7	小牧加矢	60.0	障3250		良		3:37.2	1.9		4-4-5-3	107.1-0.0	13.4	518(+2)			スズカハービン																																																																								
2018105213	2025-12-20	5阪神5	晴	4.0	障害3歳以上OP		14.0	8.0	13.0	8.0	4.0	2	上野翔	60.0	障3110		良		3:34.1	0.6		2-2-2-2	106.0-0.0	13.8	518(0)			テイエムマジック	570.0																																																																							
2018105328	2020-10-11	4東京2	曇	5.0	2歳新馬		13.0	5.0	6.0	1.5	1.0	4	ルメール	55.0	芝2000		稍	**	2:05.4	0.9	**	6-6-5	38.9-34.7	35.1	500(0)			レインフロムヘヴン	110.0																																																																							
2018105328	2020-11-23	5東京7	晴	4.0	2歳未勝利		15.0	8.0	16.0	2.1	1.0	3	ルメール	55.0	芝2000		良	**	2:01.9	1.0	**	5-7-6	35.6-35.3	34.4	502(+2)			サトノフォーチュン	130.0																																																																							
2018105328	2021-03-06	2中山3	曇	6.0	3歳未勝利		16.0	1.0	2.0	1.9	1.0	6	ルメール	56.0	芝1800		稍	**	1:50.6	1.0	**	10-9-9-8	36.9-36.8	36.4	514(+12)			ファユエン																																																																								
2018105328	2021-06-13	3東京4	曇	3.0	3歳未勝利		16.0	3.0	5.0	3.3	2.0	1	ルメール	56.0	ダ1600		良	**	1:38.4	-0.2	**	3-2	35.9-37.3	37.1	514(0)			(ロードレイライン)	510.0																																																																							
2018105328	2021-10-10	4東京2	曇	7.0	3歳以上1勝クラス		12.0	7.0	10.0	3.3	1.0	2	ルメール	55.0	芝1800		良	**	1:47.1	0.5	**	11-9-10	36.0-34.1	33.9	520(+6)			ドンナセレーノ	300.0																																																																							
2018105328	2021-11-20	5東京5	晴	12.0	3歳以上1勝クラス		18.0	3.0	6.0	4.3	2.0	8	福永祐一	56.0	芝1600		良	**	1:35.8	0.7	**	5-6	36.2-33.9	34.2	526(+6)			ウインシャーロット																																																																								
2018105328	2022-01-30	1東京2	晴	4.0	4歳以上1勝クラス		16.0	6.0	11.0	4.0	2.0	2	ルメール	56.0	ダ1600		良	**	1:38.4	0.4	**	8-7	34.8-37.6	36.9	532(+6)			ロンコーネ	310.0																																																																							
2018105328	2022-02-20	1東京8	曇	6.0	4歳以上1勝クラス		16.0	7.0	14.0	1.5	1.0	1	ルメール	57.0	ダ1400		重	**	1:23.6	-0.2	**	5-2	35.2-35.9	35.6	524(-8)			(ジッピーレーサー)	770.0																																																																							
2018105328	2022-10-08	4東京1	曇	10.0	西湖特別(2勝クラス)		16.0	5.0	10.0	7.3	2.0	9	ルメール	57.0	ダ1600		重	**	1:35.5	1.2	**	3-3	33.8-36.6	37.0	540(+16)			バトルクライ																																																																								
2018105328	2022-11-12	5東京3	晴	8.0	3歳以上2勝クラス		16.0	3.0	5.0	11.4	4.0	13	マーカン	57.0	ダ1600		良	**	1:39.6	3.0	**	5-4	35.0-36.7	39.3	536(-4)			ウィルソンテソーロ																																																																								
2018105328	2023-05-14	2東京8	曇	8.0	4歳以上2勝クラス		10.0	4.0	4.0	7.7	4.0	7	戸崎圭太	58.0	芝1600		良	**	1:35.0	1.0	**	6-6	36.0-34.0	34.2	530(-6)			エクセトラ																																																																								
2018105328	2023-07-02	2福島2	晴	10.0	いわき特別(2勝クラス)		12.0	6.0	8.0	12.8	4.0	10	杉原誠人	58.0	ダ1700		稍	**	1:47.1	1.5	**	2-2-3-3	30.3-38.1	39.5	524(-6)			プリンスミノル																																																																								
2018105328	2023-10-22	4新潟4	曇	4.0	障害3歳以上未勝利		14.0	3.0	4.0	12.5	4.0	5	草野太郎	60.0	障2850		重		3:09.5	1.9		12-12-3-2	102.1-0.0	13.3	520(-4)			セブンデイズ	79.0																																																																							
2018105328	2024-01-21	1小倉4	曇	4.0	障害4歳以上未勝利		12.0	6.0	8.0	3.8	2.0	3	草野太郎	60.0	障2860		重		3:11.0	1.9		6-4-2-2	104.0-0.0	13.4	522(+2)			ティートラップ	200.0																																																																							
2018105328	2024-04-21	1福島6	曇	4.0	障害4歳以上未勝利		14.0	4.0	5.0	6.6	3.0	13	石神深一	60.0	障2770		良		3:05.4	4.7		11-13-13-13	105.0-0.0	13.4	528(+6)			パワータイショウ																																																																								
2018105328	2024-06-29	2福島1	晴	4.0	障害3歳以上未勝利		13.0	8.0	13.0	10.0	4.0	8	坂口智康	57.0	障2750		良		3:02.8	3.0		2-1-2-3	107.0-0.0	13.3	522(-6)			マイネルコロンブス																																																																								
2018105328	2024-11-16	3福島5	晴	4.0	障害3歳以上未勝利		14.0	8.0	13.0	20.4	9.0	中	坂口智康	57.0	障2770		良						106.0-0.0		510(-12)			マイネルエール																																																																								
2018105328	2025-04-06	3中山4	曇	4.0	障害4歳以上未勝利		12.0	7.0	10.0	24.3	7.0	7	上野翔	60.0	障2880		良		3:19.9	1.7		6-6-6-7	109.1-0.0	13.9	534(+24)			メイショウカズサ																																																																								
2018105328	2025-06-07	3東京1	晴	1.0	障害3歳以上未勝利		14.0	6.0	9.0	24.3	7.0	12	上野翔	60.0	障3000		良		3:36.3	9.0		2-2-12-12	105.0-0.0	14.4	536(+2)			ジオフロント																																																																								
2018105423	2020-06-27	3東京7		5.0	2歳新馬								横山典弘		芝1800				1:52.8	3.1		13-11-13	36.9-35.3	37.1	466(0)																																	晴		16.0	4.0	7.0	2.5	1.0	12	54.0	良	**	**		スライリー																													
2018105423	2020-10-10	4東京1		2.0	2歳未勝利								横山典弘		芝1800				1:52.9	0.4		11-9-9	36.8-36.3	35.9	478(+12)				51.0																													雨		14.0	5.0	7.0	54.2	10.0	5	55.0	不	**	**		プラチナトレジャー																													
2018105423	2020-11-01	4東京8		1.0	2歳未勝利								横山典弘		ダ1600				1:39.8	0.3		5-5	36.6-37.6	37.3	482(+4)				77.0																													晴		13.0	6.0	8.0	7.3	4.0	4	55.0	良	**	**		ノーダブルディップ																													
2018105423	2020-11-21	5東京5		3.0	2歳未勝利								横山典弘		芝1800				1:48.6	1.5		10-7-6	34.4-36.4	37.2	480(-2)																																	晴		16.0	3.0	6.0	7.6	4.0	9	55.0	良	**	**		カナリキケン																													
2018105423	2021-02-14	1東京6		3.0	3歳未勝利								Ｍ．デム		ダ1600				1:39.2	0.0		14-8	36.2-37.2	36.5	480(0)				200.0																													晴		16.0	2.0	3.0	28.7	10.0	2	56.0	良	**	**		コンソレーション																													
2018105423	2021-03-07	2中山4		4.0	3歳未勝利								Ｍ．デム		ダ1800				1:57.1	-0.4		10-6-3-2	38.4-39.0	38.7	476(-4)				510.0																													曇		16.0	7.0	14.0	2.1	1.0	1	56.0	稍	**	**		(ジョット)																													
2018105423	2021-07-17	1函館5		10.0	湯浜特別(1勝クラス)								藤岡佑介		ダ1700				1:46.8	1.4		8-7-6-5	30.1-36.6	37.4	482(+6)				275.1																													晴		14.0	3.0	4.0	20.7	9.0	3	54.0	良	**	**		オセアダイナスティ																													
2018105423	2021-07-31	1函館9		12.0	3歳以上1勝クラス								藤岡佑介		ダ1700				1:47.4	1.2		5-5-5-5	30.0-38.6	39.1	480(-2)																																	晴		13.0	6.0	9.0	3.3	1.0	12	54.0	良	**	**		ウィッチクラフト																													
2018105423	2021-11-14	5東京4		4.0	3歳以上1勝クラス								田辺裕信		ダ1600				1:37.9	0.6		9-8	35.1-37.4	36.8	476(-4)				300.0																													晴		14.0	8.0	13.0	4.2	1.0	2	56.0	良	**	**		フォーヴィスム																													
2018105423	2021-11-28	5東京8		5.0	3歳以上1勝クラス								Ｍ．デム		ダ1600				1:38.6	1.2		14-12	34.7-37.2	37.2	474(-2)				110.0																													晴		16.0	3.0	5.0	11.3	4.0	4	56.0	良	**	**		オブデュモンド																													
2018105423	2022-03-20	2中山7		7.0	4歳以上1勝クラス								横山武史		ダ1800				1:53.2	0.4		7-7-8-6	36.6-39.4	38.7	480(+6)				77.0																													晴		16.0	1.0	2.0	4.9	2.0	5	57.0	重	**	**		コスモコラッジョ																													
2018105423	2022-04-09	3中山5		12.0	4歳以上1勝クラス								横山武史		ダ1800				1:54.1	0.2		2-2-3-3	37.6-38.2	38.2	478(-2)				310.0																													晴		11.0	6.0	6.0	3.0	1.0	2	57.0	良	**	**		ダノンマヴロス																													
2018105423	2022-06-19	3東京6		7.0	3歳以上1勝クラス								菅原明良		ダ1600				1:37.9	0.9		11-11	35.4-36.7	36.5	474(-4)																																	晴		16.0	4.0	7.0	12.7	6.0	8	57.0	良	**	**		フィフティシェビー																													
2018105423	2022-09-10	4中山1		8.0	3歳以上1勝クラス								横山武史		ダ1800				1:54.9	0.8		6-6-3-3	37.6-38.9	39.2	474(0)				310.0																													晴		12.0	7.0	10.0	2.8	2.0	2	57.0	良	**	**		ヘキクウ																													
2018105423	2022-10-02	4中山9		4.0	3歳以上1勝クラス								横山武史		ダ1800				1:54.8	1.0		4-3-4-3	37.6-38.8	38.7	478(+4)				77.0																													晴		15.0	6.0	10.0	3.6	2.0	5	57.0	良	**	**		ゴールドブリーズ																													
2018105423	2022-10-23	4東京7		8.0	3歳以上1勝クラス								Ｍ．デム		ダ1400				1:25.0	0.0		8-7	35.0-37.7	36.5	474(-4)				770.0																													晴		11.0	6.0	7.0	4.3	3.0	1	57.0	良	**	**		(ムーヴ)																													
2018105423	2023-01-09	1中京4		9.0	鳥羽特別(2勝クラス)								坂井瑠星		ダ1400				1:24.8	0.3		11-11	34.3-38.4	37.2	482(+8)				630.8																													晴		14.0	6.0	10.0	18.2	6.0	2	58.0	良	**	**		フォーチュンテラー																													
2018105423	2023-01-29	1東京2		8.0	4歳以上2勝クラス								坂井瑠星		ダ1400				1:25.4	0.7		10-10	35.0-37.5	36.8	490(+8)																																	晴		16.0	8.0	15.0	8.3	4.0	7	58.0	良	**	**		フォーヴィスム																													
2018105423	2023-04-22	2東京1		12.0	4歳以上2勝クラス								Ｍ．デム		ダ1400				1:24.8	0.0		6-6	35.9-36.8	36.3	486(-4)				1140.0																													晴		16.0	8.0	15.0	5.9	2.0	1	58.0	良	**	**		(ブリエヴェール)																													
2018105423	2023-05-14	2東京8		12.0	BSイレブン賞(3勝クラス)								Ｍ．デム		ダ1400				1:23.6	1.0		7-7	34.5-36.3	36.5	490(+4)																																	小雨		16.0	2.0	3.0	29.6	9.0	9	58.0	稍	**	**		フルム																													
2018105423	2023-10-15	4東京5		10.0	テレビ静岡賞(3勝クラス)								藤岡佑介		ダ1400				1:22.6	0.7		7-6	34.4-35.5	35.6	486(-4)				184.0																													曇		14.0	8.0	13.0	121.3	14.0	5	58.0	不	**	**		レオノーレ																													
2018105423	2024-01-27	1東京1		9.0	銀蹄S(3勝クラス)								ピーヒュ		ダ1400				1:26.3	1.5		15-13	35.3-37.0	37.1	492(+6)																																	晴		16.0	6.0	11.0	93.3	11.0	13	55.0	良	**	**		ハチメンロッピ																													
2018105423	2024-04-21	2東京2		10.0	鎌倉S(3勝クラス)								田辺裕信		ダ1400				1:26.0	2.2		15-15	34.4-37.2	36.8	482(-10)																																	曇		15.0	8.0	14.0	63.8	13.0	13	58.0	良	**	**		コパノニコルソン																													
2018105423	2024-07-28	1札幌4		10.0	ポプラS(3勝クラス)								丹内祐次		ダ1700				1:43.7	0.7		6-7-7-6	30.5-35.8	35.9	482(0)				463.0																													晴		10.0	2.0	2.0	70.3	8.0	3	58.0	重	**	**		シダー																													
2018105423	2024-10-05	4東京1		10.0	赤富士S(3勝クラス)								横山和生		ダ1600				1:36.0	1.7		14-14	34.7-35.2	35.1	480(-2)																																	小雨		14.0	4.0	6.0	155.5	13.0	12	55.0	重	**	**		アッシュルバニパル																													
2018105423	2025-04-05	3中山3		4.0	障害4歳以上未勝利								金子光希		障2880				3:26.6	10.4		12-12-12-12	107.0-0.0	14.3	486(+6)																																	晴		14.0	3.0	4.0	44.4	8.0	11	60.0	稍				ウイングランブルー																													
2018105423	2025-07-20	2福島8		1.0	障害3歳以上未勝利								金子光希		障2770				3:12.5	6.1		11-11-12-12	108.0-0.0	13.9	466(-20)																																	晴		14.0	2.0	2.0	16.8	7.0	11	60.0	良				マイネルメサイア																													
2018105423	2026-01-17	1中山6		4.0	障害4歳以上未勝利								金子光希		障2880				3:20.5	5.6		8-8-9-9	106.1-0.0	13.9	470(+4)																																	晴		12.0	6.0	7.0	125.8	10.0	9	60.0	良				コレクテイニア																													
2018105462	2021-01-31	1中京10		6.0	3歳新馬								福永祐一		芝2000				2:05.4	-0.1		4-6-4-4	38.8-35.0	34.5	470(0)				600.0															晴		14.0	7.0	12.0	2.7	1.0	1	56.0	稍	**	**		(ショウナンサルヴォ)																																											
2018105462	2021-03-28	2中京6		9.0	大寒桜賞(1勝クラス)								福永祐一		芝2200				2:17.1	1.5		11-11-10-9	34.7-37.2	37.8	460(-10)				101.0															雨		14.0	4.0	6.0	8.6	4.0	5	56.0	重	**	**		マカオンドール																																											
2018105462	2021-05-08	2東京5		11.0	プリンシパルS(L)								Ｍ．デム		芝2000							13	35.7-34.0		466(+6)																			曇		14.0	6.0	9.0	27.8	7.0	中	56.0	良	**	**		バジオウ																																											
2018105462	2022-01-16	1中京6		7.0	4歳以上1勝クラス								松田大作		芝1600				1:34.6	0.5		9-7-9	35.3-35.8	35.4	462(-4)				120.0															晴		14.0	7.0	12.0	20.8	7.0	4	56.0	良	**	**		ヴィルヘルム																																											
2018105462	2022-02-19	1阪神3		8.0	4歳以上1勝クラス								岩田望来		芝1600				1:35.0	0.2		3-3	36.8-34.1	34.2	456(-6)																			小雨		12.0	7.0	10.0	7.4	4.0	7	57.0	良	**	**		ショウナンアレス																																											
2018105462	2022-03-06	1阪神8		7.0	4歳以上1勝クラス								松田大作		芝1600				1:34.8	1.5		14-11	34.5-35.3	35.6	454(-2)																			晴		16.0	8.0	15.0	15.6	7.0	8	57.0	良	**	**		ジュノー																																											
2018105462	2022-05-28	3中京7		7.0	4歳以上1勝クラス								岩田望来		芝2000				2:02.5	-0.2		3-3-2-2	37.0-35.7	35.5	460(+6)				770.0															晴		9.0	1.0	1.0	3.2	2.0	1	57.0	良	**	**		(マテンロウエール)																																											
2018105462	2022-06-12	4中京4		10.0	常滑特別(2勝クラス)								岩田望来		芝2000				2:00.2	0.2		3-5-4-3	36.4-36.0	35.7	456(-4)				383.3															晴		10.0	1.0	1.0	5.1	3.0	3	57.0	良	**	**		ウインリブルマン																																											
2018105462	2022-09-11	5中京2		9.0	長久手特別(2勝クラス)								福永祐一		芝2000				2:00.1	0.1		4-3-3-3	36.8-34.5	34.3	458(+2)				382.6															晴		8.0	7.0	7.0	2.6	1.0	3	57.0	良	**	**		ハートオブアシティ																																											
2018105462	2022-12-11	6中京4		10.0	名古屋日刊スポーツ杯(2勝クラス)								西村淳也		芝2000				2:00.9	1.4		5-5-7-9	36.7-34.3	34.8	452(-6)																			晴		11.0	7.0	9.0	5.4	3.0	10	57.0	良	**	**		ヤマニンサルバム																																											
2018105462	2022-12-28	6阪神9		10.0	フォーチュンC(2勝クラス)								岩田望来		芝2000				2:02.0	2.3		6-5-7-10	36.3-35.4	37.2	454(+2)																			晴		14.0	7.0	12.0	53.1	8.0	13	57.0	良	**	**		ブルーロワイヤル																																											
2018105462	2023-05-13	1新潟5		11.0	信濃川特別(2勝クラス)								西塚洸二		芝2000				2:03.2	1.5		9-9	37.5-33.9	34.6	462(+8)																			晴		11.0	1.0	1.0	11.8	6.0	11	58.0	良	**	**		セレブレイトガイズ																																											
2018105462	2023-10-01	4阪神9		9.0	武田尾特別(2勝クラス)								三浦皇成		芝1800				1:47.7	1.4		1-1	35.6-34.3	35.7	454(-8)																			曇		11.0	1.0	1.0	50.8	7.0	11	58.0	稍	**	**		ヨリマル																																											
2018105462	2024-01-21	1小倉4		10.0	海の中道特別(2勝クラス)								岡田祥嗣		芝2600				2:48.9	7.0		11-11-11-10	35.6-37.0	42.3	446(-8)																			曇		12.0	7.0	9.0	139.7	12.0	10	58.0	稍	**	**		スマートファントム																																											
2018105462	2024-06-29	1函館7		10.0	北海ハンデキャップ(2勝クラス)								北村友一		芝1800				1:47.9	0.6		3-4-5-3	35.5-35.1	35.2	452(+6)				393.7															晴		11.0	5.0	5.0	169.8	11.0	3	53.0	良	**	**		エラトー																																											
2018105462	2024-07-20	1札幌1		10.0	釧路湿原特別(2勝クラス)								菱田裕二		芝2000				2:01.6	2.0		1-1-1-1	35.3-36.8	38.8	448(-4)																			晴		13.0	5.0	6.0	63.3	10.0	13	58.0	良	**	**		ナックイルシーブ																																											
2018105462	2024-08-25	2札幌6		12.0	オールスターJ第4戦(2勝クラス)								松山弘平		芝1800				1:48.5	0.5		9-10-11-11	36.2-35.6	35.0	454(+6)																			晴		14.0	5.0	8.0	43.3	11.0	11	58.0	良	**	**		エゾダイモン																																											
2018105462	2025-03-16	2中京2		9.0	岡崎特別(2勝クラス)								小崎綾也		芝1400				1:23.2	1.0		11-11	34.3-36.1	35.3	448(-6)				230.0															曇		13.0	2.0	2.0	66.1	11.0	4	53.0	重	**	**		ヤマニンアストロン																																											
2018105462	2025-03-29	2阪神1		10.0	ラジオ関西賞仲春特別(2勝クラス)								西塚洸二		芝1600				1:34.5	0.9		6-6	35.6-34.0	34.3	450(+2)																			曇		8.0	2.0	2.0	60.2	7.0	8	53.0	良	**	**		ブルーミンデザイン																																											
2018105462	2025-08-17	2新潟8		8.0	阿賀野川特別(2勝クラス)								荻野極		芝2200				2:15.0	0.7		2-2-2-1	35.8-35.9	36.6	460(+10)				155.0															晴		9.0	8.0	8.0	50.8	7.0	5	58.0	良	**	**		アマキヒ																																											
2018105462	2025-10-26	4新潟4		10.0	村上特別(2勝クラス)								古川吉洋		芝2000				2:02.0	1.6		4-4	36.0-35.6	36.7	460(0)																			雨		16.0	4.0	7.0	75.0	14.0	11	58.0	稍	**	**		マイネルオーシャン																																											
2018105462	2025-12-21	5中京6		10.0	名古屋日刊スポーツ杯(2勝クラス)								小沢大仁		芝2000				2:03.2	0.3		4-3-4-3	37.5-35.7	35.6	452(-8)				155.0															雨		10.0	3.0	3.0	108.1	10.0	5	58.0	稍	**	**		ディヴァインスター																																											
2018105462	2026-01-18	1中山7		7.0	4歳以上2勝クラス								長浜鴻緒		芝2200				2:15.7	1.2		15-15-13-14	37.7-34.0	34.3	442(-10)																																																													晴		16.0	8.0	15.0	403.6	16.0	12	56.0	良	**	**		フィーリウス	202606010707
2018105762	2020-10-31	4東京7	晴	6.0	2歳新馬		15.0	4.0	7.0	14.2	6.0	2	北村宏司	55.0	ダ1600		良	**	1:38.9	0.6	**	2-1	36.4-36.7	37.3	462(0)			アナンシエーション	280.0																																																																							
2018105762	2020-11-28	5東京8	晴	1.0	2歳未勝利		16.0	6.0	11.0	1.8	1.0	1	北村宏司	55.0	ダ1600		良	**	1:38.8	-0.4	**	3-3	35.3-37.7	37.5	460(-2)			(アンクラウデッド)	510.0																																																																							
2018105762	2021-01-30	1東京1	晴	4.0	3歳1勝クラス		13.0	2.0	2.0	18.9	5.0	11	北村宏司	56.0	ダ1600		重	**	1:38.0	1.3	**	3-6	35.4-35.7	36.6	464(+4)			タイセイスラッガー																																																																								
2018105762	2021-02-14	1東京6	晴	4.0	3歳1勝クラス		16.0	3.0	5.0	29.2	9.0	4	北村宏司	56.0	ダ1600		良	**	1:38.6	0.5	**	12-12	35.2-37.7	37.2	466(+2)			グランツアーテム	110.0																																																																							
2018105762	2021-02-27	2中山1	晴	7.0	3歳1勝クラス		10.0	4.0	4.0	18.2	5.0	5	横山武史	56.0	ダ1800		良	**	1:56.9	2.5	**	5-5-4-4	37.6-39.2	40.9	462(-4)			メイショウムラクモ	73.0																																																																							
2018105762	2021-05-01	2東京3	曇	6.0	3歳1勝クラス		16.0	2.0	3.0	13.0	6.0	5	大野拓弥	56.0	ダ1600		稍	**	1:37.6	1.3	**	12-11	35.3-37.0	37.3	462(0)			タイセイサムソン	73.0																																																																							
2018105762	2021-06-13	3東京4	曇	7.0	3歳以上1勝クラス		16.0	2.0	3.0	18.1	6.0	11	大野拓弥	54.0	ダ2100		良	**	2:14.0	1.0	**	7-6-7-8	31.5-36.9	37.4	462(0)			ラヴォラーレ																																																																								
2018105762	2021-09-25	4中山6	曇	7.0	3歳以上1勝クラス		16.0	5.0	9.0	18.2	9.0	13	横山武史	54.0	ダ1800		良	**	1:56.4	2.9	**	6-6-10-9	37.5-39.0	41.2	466(+4)			リンガスウォリアー																																																																								
2018105762	2021-11-28	5東京8	晴	7.0	3歳以上1勝クラス		16.0	4.0	8.0	11.3	5.0	2	藤岡康太	56.0	ダ1400		良	**	1:25.1	0.0	**	15-16	35.8-37.3	35.4	470(+4)			ペガサスターボ	300.0																																																																							
2018105762	2021-12-11	6中京3	晴	7.0	3歳以上1勝クラス		16.0	5.0	9.0	8.9	5.0	3	藤岡康太	56.0	ダ1400		良	**	1:25.1	0.3	**	12-12	34.6-38.3	37.2	472(+2)			メイショウナリヒラ	190.0																																																																							
2018105762	2022-01-29	1東京1	晴	7.0	4歳以上1勝クラス		16.0	2.0	3.0	3.3	1.0	1	藤岡佑介	56.0	ダ1400		良	**	1:25.7	-0.1	**	15-14	36.3-37.2	35.4	476(+4)			(ユイノチャッキー)	770.0																																																																							
2018105762	2022-02-20	1東京8	曇	12.0	大島特別(2勝クラス)		16.0	5.0	10.0	19.5	7.0	2	菅原明良	57.0	ダ1400		重	**	1:23.8	0.1	**	14-11	35.7-35.4	34.7	474(-2)			ノーリス	610.4																																																																							
2018105762	2022-04-23	2東京1	晴	12.0	4歳以上2勝クラス		16.0	2.0	3.0	5.3	3.0	10	藤岡佑介	57.0	ダ1400		稍	**	1:25.6	1.9	**	10-11	36.8-34.3	35.3	474(0)			タイセイサムソン																																																																								
2018105762	2022-05-14	2東京7	曇	9.0	日吉特別(2勝クラス)		14.0	5.0	8.0	14.1	6.0	13	菅原明良	57.0	ダ1400		重	**	1:24.0	1.5	**	14-14	35.2-35.0	34.7	474(0)			ナンヨーアイボリー																																																																								
2018105762	2022-10-09	4東京2	小雨	12.0	3歳以上2勝クラス		16.0	3.0	5.0	31.0	11.0	7	菅原明良	57.0	ダ1400		稍	**	1:23.7	0.7	**	16-16	33.3-37.6	35.3	478(+4)			レッドゲイル																																																																								
2018105762	2022-11-12	5東京3	晴	8.0	3歳以上2勝クラス		16.0	6.0	11.0	53.7	10.0	9	北村宏司	57.0	ダ1600		良	**	1:38.2	1.6	**	16-16	35.0-36.7	36.9	484(+6)			ウィルソンテソーロ																																																																								
2018105762	2023-01-29	1東京2	晴	8.0	4歳以上2勝クラス		16.0	3.0	5.0	72.4	9.0	6	北村宏司	58.0	ダ1400		良	**	1:25.4	0.7	**	12-12	35.0-37.5	36.6	488(+4)			フォーヴィスム																																																																								
2018105762	2023-02-12	1東京6	曇	12.0	4歳以上2勝クラス		16.0	6.0	12.0	26.4	9.0	3	北村宏司	58.0	ダ1400		重	**	1:23.5	0.5	**	14-14	35.4-35.7	34.9	488(0)			レイニーデイ	290.0																																																																							
2018105762	2023-02-19	1東京8	晴	12.0	大島特別(2勝クラス)		16.0	5.0	10.0	40.9	6.0	4	北村宏司	58.0	ダ1400		良	**	1:25.2	0.6	**	13-12	35.0-37.1	36.4	482(-6)			テイエムアトム	230.0																																																																							
2018105762	2023-04-22	2東京1	晴	12.0	4歳以上2勝クラス		16.0	7.0	13.0	15.8	7.0	3	北村宏司	58.0	ダ1400		良	**	1:25.0	0.2	**	11-11	35.9-36.8	35.8	482(0)			インヴァリアンス	290.0																																																																							
2018105762	2023-05-13	2東京7	小雨	9.0	日吉特別(2勝クラス)		16.0	6.0	11.0	18.0	6.0	3	横山和生	56.0	ダ1400		稍	**	1:23.1	0.5	**	15-15	34.8-35.9	35.0	480(-2)			レッドラマンシュ	395.7																																																																							
2018105762	2023-06-04	3東京2	曇	12.0	小金井特別(2勝クラス)		15.0	5.0	9.0	4.6	2.0	3	横山和生	58.0	ダ1400		稍	**	1:24.1	0.2	**	14-14	35.4-36.1	35.0	482(+2)			マニバドラ	395.4																																																																							
2018105762	2023-06-24	3東京7	曇	9.0	清里特別(2勝クラス)		16.0	1.0	2.0	5.6	3.0	4	ルメール	58.0	ダ1400		良	**	1:24.4	0.4	**	9-11	35.0-36.9	35.9	478(-4)			モナルヒ	230.0																																																																							
2018105762	2023-10-08	4東京2	小雨	12.0	3歳以上2勝クラス		16.0	2.0	4.0	18.7	7.0	6	横山和生	58.0	ダ1400		良	**	1:26.4	1.5	**	16-16	36.5-35.6	35.7	474(-4)			バグラダス																																																																								
2018105762	2023-11-18	5東京5	曇	8.0	3歳以上2勝クラス		16.0	6.0	11.0	32.0	9.0	4	横山和生	58.0	ダ1400		重	**	1:23.8	0.3	**	14-14	34.8-36.5	35.7	478(+4)			マーブルマカロン	170.0																																																																							
2018105762	2023-12-03	5中山2	晴	12.0	3歳以上2勝クラス		16.0	4.0	8.0	11.2	6.0	2	横山和生	58.0	ダ1200		良	**	1:11.7	0.1	**	16-16	33.8-37.8	35.9	480(+2)			シゲルファンノユメ	460.0																																																																							
2018105762	2023-12-28	5中山9	晴	10.0	ベストウィッシュC(2勝クラス)		16.0	7.0	14.0	6.9	3.0	9	横山和生	58.0	ダ1200		良	**	1:11.5	0.5	**	15-13	34.1-36.9	35.5	486(+6)			ケイアイメープル																																																																								
2018105762	2024-02-04	1東京4	曇	12.0	4歳以上2勝クラス		16.0	4.0	7.0	6.0	3.0	10	横山和生	58.0	ダ1300		良	**	1:19.5	1.1	**	15-15	29.5-37.0	35.8	484(-2)			タイセイジャスパー																																																																								
2018105762	2024-03-17	1阪神8	雨	12.0	4歳以上2勝クラス		14.0	5.0	7.0	16.2	5.0	6	池添謙一	58.0	ダ1400		稍	**	1:25.0	1.1	**	14-13	34.0-38.0	36.8	482(-2)			カセノミオ																																																																								
2018105762	2024-05-25	2東京11	晴	9.0	富嶽賞(2勝クラス)		16.0	2.0	3.0	43.2	10.0	14	オシェア	58.0	ダ1400		良	**	1:26.2	2.3	**	14-15	36.3-35.5	36.2	484(+2)			コンクイスタ																																																																								
2018105762	2024-08-03	1札幌5	曇	10.0	苫小牧特別(2勝クラス)		14.0	5.0	8.0	37.7	10.0	11	横山和生	56.0	ダ1700		良	**	1:47.6	2.5	**	14-14-12-12	30.4-36.6	37.7	476(-8)			ゲットアップ																																																																								
2018105762	2024-10-06	4東京2	曇	12.0	3歳以上2勝クラス		16.0	8.0	15.0	175.8	14.0	13	岩田康誠	58.0	ダ1600		重	**	1:37.0	2.4	**	12-11	35.0-34.5	36.0	474(-2)			ボールドゾーン																																																																								
2018105762	2025-02-02	1東京2	小雨	8.0	4歳以上2勝クラス		16.0	4.0	7.0	117.3	13.0	6	長浜鴻緒	55.0	ダ1400		稍	**	1:25.4	1.5	**	16-14	35.5-36.3	36.3	484(+10)			アッチャゴーラ																																																																								
2018105762	2025-02-16	1東京6	曇	12.0	4歳以上2勝クラス		15.0	3.0	4.0	50.0	9.0	13	田辺裕信	58.0	ダ1400		良	**	1:27.3	2.3	**	15-15	36.7-36.1	36.1	482(-2)			カフェニクス																																																																								
2018105762	2025-04-06	3中山4	晴	12.0	4歳以上2勝クラス		15.0	5.0	9.0	122.2	12.0	13	田辺裕信	58.0	ダ1200		稍	**	1:13.6	2.1	**	10-10	35.7-35.8	36.8	480(-2)			ネイト																																																																								
2018105996	2020-12-20	3中京6		6.0	2歳新馬								富田暁		ダ1800				1:56.0	0.1		7-7-7-7	37.9-38.4	37.7	480(0)				280.0															晴		13.0	8.0	12.0	36.1	8.0	2	54.0	良	**	**		タイセイアーメット																																											
2018105996	2021-05-02	1新潟8		3.0	3歳未勝利								永島まな		ダ1800				1:53.5	0.3		2-2-2-2	37.7-39.2	39.5	466(-14)				200.0															小雨		15.0	5.0	9.0	5.0	3.0	2	52.0	不	**	**		シュルレアリスト																																											
2018105996	2021-05-30	3中京8		1.0	3歳未勝利								永島まな		ダ1800				1:54.8	2.5		8-8-9-9	36.5-37.9	39.2	466(0)				77.0															晴		14.0	4.0	6.0	3.0	2.0	4	52.0	良	**	**		サワヤカコーズサン																																											
2018105996	2021-06-26	3阪神3		4.0	3歳未勝利								川田将雅		ダ1800				1:52.8	0.2		1-1-1-1	37.7-37.3	37.5	460(-6)				200.0															曇		15.0	7.0	12.0	3.4	3.0	2	56.0	良	**	**		シゲルバクハツ																																											
2018105996	2022-03-27	2中京6		6.0	4歳以上1勝クラス								永島まな		ダ1800				1:53.4	2.1		1-1-1-1	37.2-37.6	39.7	482(+22)																			晴		14.0	4.0	6.0	5.5	2.0	12	53.0	不	**	**		セブンデイズ																																											
2018105996	2022-04-16	1福島1		8.0	4歳以上1勝クラス								藤田菜七		芝2000				2:05.4	2.3		1-1-1-1	34.6-37.7	40.0	476(-6)																			晴		16.0	5.0	9.0	19.5	9.0	11	55.0	稍	**	**		カフジアスール																																											
2018105996	2022-04-30	1福島5		8.0	4歳以上1勝クラス								永島まな		ダ1700				1:46.9	2.1		2-2-4-4	29.7-38.0	39.7	476(0)																			晴		10.0	1.0	1.0	13.3	6.0	10	53.0	重	**	**		ナンヨーヴィヨレ																																											
2018105996	2022-07-03	3小倉2		12.0	3歳以上1勝クラス								横山典弘		ダ1700				1:46.6	1.2		13-13-12-11	29.8-39.0	38.5	488(+12)				77.0															晴		13.0	4.0	4.0	13.3	6.0	5	57.0	良	**	**		キングズソード																																											
2018105996	2022-07-17	3小倉6		12.0	3歳以上1勝クラス								横山典弘		ダ1700				1:46.9	1.0		15-15-15-15	29.9-38.3	38.0	486(-2)																			晴		15.0	3.0	5.0	29.3	8.0	8	57.0	良	**	**		イチネンエーグミ																																											
2018105996	2022-08-21	2札幌4		7.0	3歳以上1勝クラス								菱田裕二		ダ1700				1:46.8	1.1		13-13-12-8	29.7-38.2	37.8	482(-4)																			晴		13.0	4.0	5.0	17.0	7.0	7	57.0	良	**	**		スマートセプター																																											
2018105996	2022-08-27	2札幌5		12.0	ニセコ特別(1勝クラス)								横山典弘		ダ1700				1:45.7	0.1		2-2-2-2	29.9-37.6	37.5	482(0)				440.4															曇		14.0	8.0	13.0	22.7	8.0	2	57.0	良	**	**		メイショウジブリ																																											
2018105996	2022-10-15	4新潟1		8.0	3歳以上1勝クラス								丸山元気		ダ1800				1:56.2	2.5		1-1-1-1	35.8-40.1	42.6	492(+10)																			晴		13.0	5.0	7.0	9.8	5.0	9	57.0	良	**	**		ニシノボルテージ																																											
2018105996	2022-10-30	4新潟6		7.0	3歳以上1勝クラス								丸山元気		ダ1800				1:52.9	0.2		2-2-2-2	36.9-38.0	38.1	488(-4)				310.0															曇		13.0	5.0	7.0	11.4	7.0	2	57.0	稍	**	**		タケルジャック																																											
2018105996	2022-12-04	6中京2		7.0	3歳以上1勝クラス								横山典弘		ダ1800				1:55.3	1.3		11-11-9-8	38.1-38.0	38.2	496(+8)				77.0															晴		11.0	6.0	8.0	6.3	3.0	5	57.0	良	**	**		アスクビックスター																																											
2018105996	2022-12-10	6中京3		8.0	3歳以上1勝クラス								横山典弘		ダ1800				1:55.2	0.7		9-9-9-9	38.0-37.7	37.3	496(0)																			晴		9.0	2.0	2.0	4.4	3.0	6	57.0	良	**	**		アイアムイチリュウ																																											
2018105996	2023-01-21	1小倉3		10.0	戸畑特別(1勝クラス)								野中悠太		芝2000				2:00.6	0.4		11-11-11-8	34.8-36.5	36.1	502(+6)																			晴		15.0	7.0	13.0	84.6	13.0	7	58.0	稍	**	**		テーオーソロス																																											
2018105996	2023-02-05	1小倉8		8.0	4歳以上1勝クラス								野中悠太		ダ2400				2:38.0	2.6		9-9-10-9	38.4-38.4	40.0	506(+4)																			晴		12.0	2.0	2.0	8.8	6.0	12	58.0	良	**	**		ケリーズノベル																																											
2018105996	2023-02-18	2小倉3		9.0	秋吉台特別(1勝クラス)								丸山元気		ダ1700				1:45.4	0.1		3-3-2-2	30.8-37.0	37.0	498(-8)				449.4															小雨		12.0	6.0	7.0	18.5	7.0	2	58.0	稍	**	**		ガラパゴス																																											
2018105996	2023-03-12	2中京2		8.0	4歳以上1勝クラス								岩田望来		ダ1800				1:56.1	3.2		1-1-1-1	38.0-38.8	42.0	496(-2)																			曇		14.0	2.0	3.0	7.8	5.0	14	58.0	良	**	**		マルブツプライド																																											
2018105996	2023-03-25	2中京5		8.0	4歳以上1勝クラス								丸山元気		ダ1800				1:51.4	1.0		3-3-4-4	36.8-36.3	37.1	492(-4)				200.0															曇		10.0	7.0	8.0	13.5	5.0	3	58.0	不	**	**		ハギノロックオン																																											
2018105996	2023-05-06	1新潟3		7.0	4歳以上1勝クラス								丸山元気		ダ1800				1:56.5	0.0		3-3-3-3	38.7-36.7	36.5	494(+2)				800.0															曇		8.0	5.0	5.0	1.7	1.0	1	58.0	稍	**	**		(ターゲサンブルック)																																											
2018105996	2023-07-22	1札幌1		12.0	3歳以上1勝クラス								横山和生		ダ1700				1:47.6	1.3		2-3-3-3	29.9-39.1	39.9	486(-8)																			晴		14.0	6.0	9.0	3.6	1.0	7	58.0	良	**	**		フォーワンセルフ																																											
2018105996	2023-09-02	2札幌7		12.0	3歳以上1勝クラス								横山典弘		ダ1700				1:47.0	0.4		4-4-4-3	29.5-38.5	38.4	490(+4)				320.0															曇		13.0	7.0	11.0	15.0	6.0	2	58.0	稍	**	**		オウギノカナメ																																											
2018105996	2023-09-23	4阪神6		6.0	3歳以上1勝クラス								横山典弘		ダ1800				1:54.9	2.1		9-10-10-10	37.9-37.0	37.8	488(-2)																			晴		11.0	2.0	2.0	5.6	3.0	9	58.0	稍	**	**		ホウオウカブキ																																											
2018105996	2023-11-04	3福島1		7.0	3歳以上1勝クラス								丸山元気		ダ1700				1:46.4	0.8		3-3-3-2	30.0-38.1	38.6	486(-2)				120.0															曇		13.0	2.0	2.0	14.6	7.0	4	58.0	良	**	**		プメハナ																																											
2018105996	2023-11-25	3京都7		7.0	3歳以上1勝クラス								横山典弘		ダ1800				1:52.7	-0.3		2-1-1-1	37.0-38.6	38.6	496(+10)				800.0															晴		14.0	6.0	9.0	33.5	9.0	1	58.0	良	**	**		(サンマルパトロール)																																											
2018105996	2023-12-28	5阪神9		9.0	春待月賞(2勝クラス)								横山典弘		ダ1800				1:55.8	2.3		4-4-4-3	36.5-39.4	40.8	500(+4)																			晴		16.0	6.0	11.0	20.8	6.0	15	58.0	良	**	**		ショウナンライシン																																											
2018105996	2024-01-20	1小倉3		11.0	和布刈特別(2勝クラス)								丸山元気		ダ1700				1:44.2	1.3		8-8-9-8	30.1-36.4	36.6	496(-4)																			雨		13.0	5.0	7.0	40.0	11.0	7	58.0	稍	**	**		ゴッドブルービー																																											
2018105996	2024-02-24	2小倉5		10.0	筑後川特別(2勝クラス)								丸山元気		ダ1700				1:43.8	0.4		3-3-3-3	29.3-37.8	37.9	496(0)				630.4															晴		16.0	5.0	9.0	37.4	8.0	2	58.0	重	**	**		マイネルカーライル																																											
2018105996	2024-04-07	1福島2		9.0	喜多方特別(2勝クラス)								丸山元気		ダ1700				1:46.1	0.0		2-2-2-1	30.3-38.1	37.9	496(0)				628.2															晴		13.0	4.0	5.0	4.0	1.0	2	58.0	良	**	**		ナイトアクアリウム																																											
2018105996	2024-04-28	1新潟2		9.0	五泉特別(2勝クラス)								丸山元気		ダ1800				1:54.6	1.0		2-4-5-5	37.6-37.0	37.6	496(0)																			晴		14.0	1.0	1.0	2.3	1.0	9	58.0	良	**	**		ベンテイガ																																											
2018105996	2024-07-21	1札幌2		10.0	大倉山特別(2勝クラス)								富田暁		ダ1700				1:48.5	2.4		2-3-3-4	31.3-37.9	39.6	500(+4)																			晴		8.0	4.0	4.0	14.6	5.0	7	58.0	良	**	**		セクシーブーケ																																											
2018105996	2024-08-25	2札幌6		10.0	オールスターJ第3戦(2勝クラス)								モレイラ		ダ1700				1:47.0	0.4		6-6-5-2	30.4-38.3	38.3	488(-12)				155.0															晴		13.0	5.0	8.0	5.7	3.0	5	58.0	良	**	**		ティアップリオン																																											
2018105996	2024-11-10	3福島4		10.0	福島放送賞(2勝クラス)								丸山元気		ダ1700				1:49.9	4.0		7-7-6-7	29.7-38.8	42.4	494(+6)																			晴		15.0	3.0	5.0	12.5	7.0	14	58.0	良	**	**		スズノテレサ																																											
2018105996	2024-11-23	6京都7		9.0	栂尾特別(2勝クラス)								永島まな		ダ1800				1:55.2	3.0		6-7-9-11	36.5-37.8	40.0	494(0)																			曇		13.0	8.0	12.0	87.3	9.0	11	58.0	良	**	**		ルシュヴァルドール																																											
2018105996	2025-02-23	1東京8		7.0	4歳以上2勝クラス								横山典弘		ダ2100				2:15.2	2.2		8-9-14-14	32.3-36.6	37.2	498(+4)																			晴		14.0	7.0	12.0	76.1	14.0	11	58.0	良	**	**		アムールドパリ																																											
2018105996	2025-03-09	2中山4		8.0	4歳以上2勝クラス								横山典弘		芝1600				1:34.7	0.5		6-8-7	34.3-36.9	36.7	494(-4)				170.0															晴		16.0	8.0	15.0	225.8	15.0	4	58.0	稍	**	**		レッドアトレーヴ																																											
2018105996	2025-04-05	3中山3		8.0	4歳以上2勝クラス								横山典弘		芝1600				1:33.1	-0.2		11-11-11	34.0-36.1	33.9	492(-2)				1140.0															晴		13.0	8.0	12.0	21.3	7.0	1	58.0	良	**	**		(メタルスピード)																																											
2018105996	2025-05-04	2東京4		9.0	府中S(3勝クラス)								横山典弘		芝2000				1:59.8	2.1		11-11-10	36.3-34.4	35.6	496(+4)																			晴		13.0	6.0	9.0	37.0	8.0	10	58.0	良	**	**		アスクカムオンモア																																											
2018105996	2025-07-13	1函館10		11.0	巴賞(OP)								斎藤新		芝1800				1:46.4	1.6		12-12-12-12	34.4-35.5	34.2	490(-6)																			晴		12.0	8.0	11.0	55.9	11.0	9	57.0	良	**	**		ケイアイセナ																																											
2018105996	2025-08-23	2札幌1		11.0	オールスターJ第2戦(3勝クラス)								バデル		芝2000				2:03.5	1.4		2-3-4-3	36.6-36.9	38.1	486(-4)																			晴		14.0	2.0	2.0	35.3	11.0	11	58.0	良	**	**		パトリックハンサム																																											
2018105996	2025-10-12	3京都4		10.0	三年坂S(3勝クラス)								斎藤新		芝1600				1:32.5	0.4		1-1	34.1-34.1	34.5	502(+16)																			曇		13.0	8.0	12.0	132.2	13.0	8	54.0	良	**	**		ブエナオンダ																																											
2018105996	2025-11-01	4東京10		10.0	紅葉S(3勝クラス)								丸山元気		芝1600				1:33.6	0.8		10-8	35.6-33.5	33.3	498(-4)																			曇		12.0	1.0	1.0	266.1	12.0	9	58.0	良	**	**		チェルビアット																																											
2018105996	2025-12-28	5中山8		12.0	2025ファイナルS(3勝クラス)								横山典弘		芝1600				1:34.9	1.3		15-10-11	35.6-34.0	34.4	498(0)																			晴		16.0	2.0	4.0	95.7	13.0	12	54.0	良	**	**		ジョイフルニュース																																											
2018105996	2026-01-18	1中山7		9.0	若潮S(3勝クラス)								斎藤新		芝1600				1:32.3	0.6		12-15-15	34.1-34.9	33.7	500(+2)																																																													晴		15.0	2.0	3.0	240.2	14.0	7	58.0	良	**	**		ポルカリズム	202606010709
2018106154	2020-08-23	2札幌4	晴	5.0	2歳新馬		7.0	1.0	1.0	3.1	2.0	2	ルメール	54.0	芝2000		良	**	2:03.4	0.1	**	5-5-4-2	36.4-35.9	35.6	496(0)			エフフォーリア	280.0																																																																							
2018106154	2020-11-14	5東京3	晴	3.0	2歳未勝利		13.0	2.0	2.0	2.1	1.0	1	Ｍ．デム	55.0	芝2000		良	**	2:01.1	-0.1	**	9-10-5	37.2-34.8	34.0	490(-6)			(ヒシシュシュ)	510.0																																																																							
2018106154	2020-12-05	5中山1	小雨	9.0	葉牡丹賞(1勝クラス)		12.0	6.0	8.0	4.9	2.0	10	Ｍ．デム	55.0	芝2000		稍	**	2:04.6	2.4	**	10-10-10-10	37.8-35.1	36.7	496(+6)			ノースブリッジ																																																																								
2018106154	2021-02-28	1阪神6	晴	10.0	すみれS(L)		8.0	4.0	4.0	8.2	3.0	5	川田将雅	56.0	芝2200		良	**	2:13.0	0.6	**	4-3-4-4	34.0-35.1	35.4	496(0)			ディープモンスター	200.0																																																																							
2018106154	2021-05-08	3中京1	曇	11.0	京都新聞杯(GII)		11.0	6.0	7.0	44.3	8.0	11	藤岡康太	56.0	芝2200		良	**	2:14.7	3.5	**	3-3-5-7	35.1-36.1	38.6	506(+10)			レッドジェネシス																																																																								
2018106154	2022-07-31	1札幌4	晴	7.0	3歳以上1勝クラス		14.0	6.0	10.0	6.7	4.0	3	浜中俊	57.0	芝2000		良	**	2:01.7	0.2	**	5-5-5-4	35.9-36.6	36.2	520(+14)			ウインチェレステ	190.0																																																																							
2018106154	2022-08-27	2札幌5	曇	7.0	3歳以上1勝クラス		14.0	6.0	10.0	6.5	3.0	2	浜中俊	57.0	芝1800		良	**	1:48.9	0.5	**	6-6-7-4	35.9-36.3	36.2	520(0)			レッドランメルト	310.0																																																																							
2018106154	2022-09-24	4中山6	曇	6.0	3歳以上1勝クラス		11.0	3.0	3.0	6.0	3.0	7	横山武史	57.0	芝2000		不	**	2:01.1	1.1	**	9-9-7-8	35.9-35.3	35.2	514(-6)			ヒットザシーン																																																																								
2018106154	2023-02-19	1東京8	曇	7.0	4歳以上1勝クラス		16.0	2.0	3.0	4.1	2.0	1	モレイラ	58.0	芝1800		良	**	1:46.5	-0.1	**	13-9-10	35.8-34.7	33.8	514(0)			(ダイバリオン)	800.0																																																																							
2018106154	2023-03-11	2中京1	晴	10.0	恋路ケ浜特別(2勝クラス)		9.0	4.0	4.0	3.2	2.0	1	菱田裕二	58.0	芝2000		良	**	2:01.0	0.0	**	8-8-8-8	36.6-34.8	34.0	502(-12)			(ヘネラルカレーラ)	1573.8																																																																							
2018106154	2023-07-29	1札幌3	曇	11.0	STV賞(3勝クラス)		16.0	4.0	7.0	3.6	1.0	7	ルメール	57.0	芝2000		良	**	1:59.9	0.7	**	14-12-12-10	35.4-35.3	34.5	500(-2)			サンストックトン																																																																								
2018106154	2023-08-26	2札幌5	晴	11.0	オールスターJ第2戦(3勝クラス)		14.0	1.0	1.0	3.3	1.0	4	川田将雅	58.0	芝2000		良	**	2:01.1	0.4	**	5-4-4-3	36.3-36.4	36.5	504(+4)			マイネルクリソーラ	280.0																																																																							
2018106154	2023-11-04	5東京1	晴	10.0	ノベンバーS(3勝クラス)		10.0	1.0	1.0	3.6	2.0	5	モレイラ	58.0	芝1800		良	**	1:46.5	0.2	**	6-5-5	35.9-33.7	33.0	520(+16)			クロミナンス	184.0																																																																							
2018106154	2023-11-26	5東京8	曇	11.0	ウェルカムS(3勝クラス)		13.0	2.0	2.0	16.9	4.0	10	モレイラ	58.0	芝2000		良	**	2:00.0	1.0	**	7-6-6	36.3-33.7	34.3	522(+2)			ロードデルレイ																																																																								
2018106154	2024-11-24	5東京8	晴	11.0	アーモンドアイC(3勝クラス)		15.0	7.0	13.0	76.3	11.0	9	ムーア	58.0	芝2000		良	**	2:00.7	1.2	**	11-12-12	36.8-34.0	34.2	512(-10)			タッチウッド																																																																								
2018106154	2025-04-06	3中山4	晴	11.0	美浦S(3勝クラス)		16.0	1.0	1.0	27.3	8.0	14	大野拓弥	58.0	芝2000		良	**	2:01.2	1.6	**	6-7-7-7	35.9-35.7	36.7	526(+14)			レガーロデルシエロ																																																																								
2018106154	2025-09-21	4中山7	曇	10.0	内房S(3勝クラス)		16.0	4.0	7.0	147.7	13.0	16	石川裕紀	55.0	ダ1800		良	**	1:56.1	3.1	**	16-16-16-16	37.0-39.9	40.2	526(0)			ハギノサステナブル																																																																								
2018106154	2025-11-23	5東京5	晴	10.0	秋色S(3勝クラス)		17.0	6.0	12.0	199.4	14.0	4	内田博幸	54.0	芝1600		良	**	1:32.3	0.4	**	17-17	34.2-34.5	33.1	518(-8)			エンペラーズソード	280.0																																																																							
2018106354	2020-12-13	6阪神4		5.0	2歳新馬								吉田隼人		芝1800				1:49.9	0.2		8-8	36.7-34.6	34.4	466(0)				180.0																													晴		12.0	7.0	10.0	13.7	5.0	3	55.0	良	**	**		アクセル																													
2018106354	2021-01-16	1小倉1		6.0	3歳未勝利								浜中俊		芝1800				1:47.9	0.0		11-9-7-2	34.0-36.6	36.1	472(+6)				510.0																													晴		16.0	7.0	13.0	3.7	2.0	1	56.0	良	**	**		(メイショウユウスイ)																													
2018106354	2021-04-24	2阪神9		9.0	あやめ賞(1勝クラス)								浜中俊		芝1800				1:46.0	0.0		3-3	35.8-33.5	33.3	464(-8)				252.3																													晴		7.0	3.0	3.0	11.7	5.0	3	56.0	良	**	**		ギャラントウォリア																													
2018106354	2021-05-22	2新潟5		10.0	早苗賞(1勝クラス)								吉田隼人		芝1800				1:49.6	0.3		5-5	35.5-37.7	37.4	464(0)				407.0																													晴		9.0	4.0	4.0	1.8	1.0	2	56.0	稍	**	**		アイコンテーラー																													
2018106354	2021-08-14	4小倉1		12.0	3歳以上1勝クラス								浜中俊		芝1800				1:53.1	0.9		5-5-6-5	36.8-38.6	38.9	460(-4)																																	雨		14.0	6.0	9.0	4.0	2.0	7	54.0	不	**	**		ストゥーティ																													
2018106354	2021-10-24	5新潟6		10.0	柏崎特別(1勝クラス)								藤井勘一		芝1600				1:35.8	0.6		10-9	35.5-35.5	35.3	466(+6)																																	晴		16.0	5.0	9.0	12.3	5.0	9	55.0	稍	**	**		シャンブル																													
2018106354	2021-11-14	2福島4		8.0	3歳以上1勝クラス								亀田温心		芝2000				2:01.1	0.5		9-9-9-4	34.9-36.0	35.9	464(-2)				300.0																													晴		16.0	5.0	9.0	11.7	6.0	2	54.0	良	**	**		タイフォン																													
2018106354	2022-01-22	1小倉3		10.0	鳥栖特別(1勝クラス)								吉田隼人		芝1800				1:47.2	0.3		4-4-4-3	35.4-36.6	36.4	468(+4)				107.0																													晴		15.0	6.0	10.0	4.7	3.0	5	56.0	良	**	**		シティレインボー																													
2018106354	2022-02-12	2小倉1		9.0	唐戸特別(1勝クラス)								吉田隼人		芝2000				2:01.1	0.2		3-4-4-4	37.1-35.5	35.4	470(+2)				160.0																													晴		10.0	3.0	3.0	3.9	2.0	4	56.0	良	**	**		ウインリブルマン																													
2018106354	2022-11-06	3福島2		9.0	高湯温泉特別(1勝クラス)								泉谷楓真		芝1800				1:49.6	0.7		3-6-5-4	35.5-36.3	36.5	466(-4)																																	晴		15.0	8.0	15.0	8.7	4.0	10	57.0	良	**	**		シゲルローズマリー																													
2018106354	2022-12-04	6阪神2		7.0	3歳以上1勝クラス								岩田望来		ダ1800				1:55.3	1.9		4-5-4-7	37.5-37.5	39.0	470(+4)				77.0																													曇		9.0	2.0	2.0	5.2	4.0	5	57.0	稍	**	**		ラインオブソウル																													
2018106354	2023-01-21	1小倉3		10.0	戸畑特別(1勝クラス)								藤岡康太		芝2000				2:00.3	0.1		4-4-6-6	34.8-36.5	36.1	470(0)				451.6																													晴		15.0	3.0	4.0	9.4	4.0	2	58.0	稍	**	**		テーオーソロス																													
2018106354	2023-02-11	2小倉1		9.0	唐戸特別(1勝クラス)								藤岡康太		芝2000				2:02.2	0.2		6-5-6-6	37.3-35.4	35.1	472(+2)																																	晴		12.0	2.0	2.0	3.8	1.0	6	58.0	重	**	**		カイザー																													
2018106354	2023-04-15	1福島3		8.0	4歳以上1勝クラス								富田暁		芝1800				1:48.7	0.0		8-10-9-7	35.1-37.2	36.1	464(-8)				320.0																													雨		16.0	8.0	15.0	5.9	2.0	2	58.0	稍	**	**		バレエマスター																													
2018106354	2023-05-07	1京都6		7.0	4歳以上1勝クラス								藤岡康太		芝2000				2:03.9	0.3		4-4-3-3	36.5-36.3	36.3	474(+10)				200.0																													雨		9.0	3.0	3.0	2.6	2.0	3	58.0	不	**	**		レディベル																													
2018106354	2023-05-20	1新潟7		10.0	二王子特別(1勝クラス)								北村友一		芝2000				2:01.2	0.4		11-10	35.6-35.1	34.7	462(-12)				111.0																													晴		16.0	1.0	1.0	5.1	3.0	5	58.0	良	**	**		ブリングトゥライフ																													
2018106354	2023-06-18	1函館4		9.0	八雲特別(1勝クラス)								富田暁		芝1800				1:49.6	0.7		4-4-5-5	36.4-35.1	35.4	470(+8)																																	晴		11.0	3.0	3.0	4.0	1.0	8	58.0	良	**	**		アップストローク																													
2018106354	2023-07-01	2函館1		7.0	3歳以上1勝クラス								富田暁		芝2000				2:02.7	0.4		8-7-11-5	36.0-36.2	35.3	470(0)				200.0																													晴		14.0	5.0	8.0	7.8	4.0	3	58.0	稍	**	**		アマイ																													
2018106354	2023-07-08	2函館3		9.0	北斗特別(1勝クラス)								富田暁		芝2000				2:01.0	0.2		9-9-6-6	35.6-35.1	34.9	470(0)				283.6																													晴		10.0	7.0	7.0	11.6	6.0	3	58.0	良	**	**		ディープレイヤー																													
2018106354	2023-08-05	1札幌5		9.0	利尻特別(1勝クラス)								富田暁		芝2000				2:02.6	0.7		7-6-5-5	34.9-37.7	36.0	472(+2)				170.0																													曇		9.0	8.0	8.0	11.7	5.0	4	58.0	稍	**	**		フェアエールング																													
2018106354	2023-08-19	2札幌3		10.0	富良野特別(1勝クラス)								富田暁		芝2000				2:02.9	1.1		8-7-8-8	35.5-35.5	35.8	468(-4)																																	曇		16.0	5.0	9.0	25.7	7.0	8	58.0	良	**	**		ウインスノーライト																													
2018106354	2023-10-21	4新潟3		9.0	岩船特別(1勝クラス)								富田暁		芝2200				2:16.4	0.7		3-3-3-3	36.6-35.6	36.0	460(-8)				170.0																													小雨		15.0	2.0	3.0	34.4	11.0	4	58.0	重	**	**		アームブランシュ																													
2018106354	2023-11-11	3福島3		9.0	二本松特別(1勝クラス)								富田暁		芝2000				2:02.5	1.5		6-6-7-7	35.7-36.4	37.4	456(-4)																																	晴		12.0	4.0	4.0	7.7	3.0	6	58.0	良	**	**		ホウオウスーペリア																													
2018106354	2024-01-21	1小倉4		12.0	4歳以上1勝クラス								鷲頭虎太		芝1800				1:50.8	1.5		7-7-7-7	37.1-35.9	36.9	470(+14)																																	曇		15.0	3.0	4.0	7.6	4.0	8	55.0	稍	**	**		パルティクラール																													
2018106354	2024-06-08	3東京3		1.0	障害3歳以上未勝利								森一馬		障3000				3:27.3	3.4		8-8-8-9	105.0-0.0	13.8	470(0)																																	晴		11.0	1.0	1.0	16.8	6.0	7	60.0	良				アンクルブラック																													
2018106354	2024-12-14	4中京5		8.0	ヤングJSFR中京1(1勝クラス)								田口貫太		芝2000				2:01.9	0.7		1-1-2-1	37.8-35.2	35.9	476(+6)				285.8																													晴		16.0	3.0	6.0	16.5	7.0	3	58.0	良	**	**		タガノデュード																													
2018106354	2024-12-28	7京都9		7.0	3歳以上1勝クラス								田口貫太		芝1800				1:47.9	0.3		4-4	35.3-34.8	34.8	480(+4)				200.0																													晴		17.0	3.0	5.0	37.4	12.0	3	57.0	良	**	**		ショウナンガチ																													
2018106354	2025-01-25	1中京8		12.0	4歳以上1勝クラス								吉村誠之		芝2000				2:02.1	0.5		1-1-1-1	37.2-36.3	36.8	476(-4)				200.0																													晴		12.0	8.0	11.0	11.5	6.0	3	56.0	良	**	**		シルキーガール																													
2018106354	2025-02-10	1京都3		6.0	4歳以上1勝クラス								吉村誠之		芝1800				1:48.7	1.0		4-4	35.3-35.4	36.0	478(+2)				80.0																													晴		11.0	6.0	6.0	14.6	4.0	5	56.0	良	**	**		コルレオニス																													
2018106354	2025-04-13	1福島2		7.0	4歳以上1勝クラス								田口貫太		芝2000				2:02.2	1.1		5-5-6-4	35.3-36.2	36.8	478(0)																																	小雨		16.0	3.0	5.0	5.8	2.0	6	58.0	良	**	**		バードウォッチャー																													
2018106354	2025-04-27	2京都2		9.0	比良山特別(2勝クラス)								田口貫太		芝2200				2:14.9	0.3		1-1-1-2	37.9-33.2	33.4	482(+4)				392.8																													晴		8.0	1.0	1.0	15.9	7.0	3	54.0	良	**	**		キャントウェイト																													
2018106354	2025-05-17	1新潟5		9.0	尖閣湾特別(1勝クラス)								小沢大仁		芝2000				2:03.3	0.1		3-4	37.8-35.0	34.9	476(-6)				283.7																													曇		9.0	1.0	1.0	5.5	3.0	3	58.0	稍	**	**		アンテロース																													
2018106354	2025-06-07	3阪神1		7.0	3歳以上1勝クラス								吉村誠之		芝2200				2:13.4	0.7		2-2-2-2	36.1-34.7	35.3	480(+4)				80.0																													曇		10.0	7.0	8.0	10.1	3.0	5	57.0	良	**	**		ヴァリディシームス																													
2018106354	2025-10-18	3京都6		7.0	3歳以上1勝クラス								岩田望来		芝2000				2:00.3	-0.2		7-7-7-5	35.2-35.9	35.1	478(-2)				800.0																													曇		8.0	8.0	8.0	3.3	2.0	1	58.0	良	**	**		(サンライズグラシア)																													
2018106354	2025-11-01	3京都10		9.0	北野特別(2勝クラス)								高杉吏麒		芝2000				2:00.6	1.1		3-4-5-5	35.9-34.2	35.0	478(0)																																	晴		11.0	6.0	8.0	35.7	7.0	10	58.0	良	**	**		エコロディノス																													
2018106354	2026-01-17	1京都6		9.0	稲荷特別(2勝クラス)								岩田望来		芝2000				2:01.5	0.5		4-4-4-4	36.0-34.5	34.7	486(+8)																																	晴		10.0	7.0	8.0	16.1	5.0	6	58.0	良				ジェットマグナム																													
2018106474	2020-10-31	4京都7		4.0	2歳新馬								藤岡佑介		芝1600				1:37.6	0.5		1-1	36.5-35.3	35.8	472(0)				110.0																																											晴		18.0	3.0	6.0	45.5	7.0	4	55.0	良	**	**		アンブレラデート															
2018106474	2020-11-23	5阪神7		6.0	2歳未勝利								藤岡佑介		芝1600				1:36.2	1.0		10-7	35.7-34.3	34.6	474(+2)																																															晴		14.0	6.0	10.0	12.9	4.0	9	55.0	良	**	**		テーオーダヴィンチ															
2018106474	2020-12-19	6阪神5		3.0	2歳未勝利								藤岡佑介		ダ1800				1:58.0	1.9		15-15-11-7	38.1-39.1	39.8	472(-2)																																															曇		16.0	4.0	7.0	17.8	6.0	11	55.0	良	**	**		ユアヒストリー															
2018106474	2021-03-27	2中京5		4.0	3歳未勝利								泉谷楓真		ダ1800				1:58.4	1.8		2-2-2-2	38.1-40.0	41.8	472(0)																																															晴		14.0	6.0	10.0	8.0	4.0	8	54.0	良	**	**		ノーブルキャニオン															
2018106474	2021-05-01	2阪神11		3.0	3歳未勝利								藤岡佑介		芝1600				1:36.0	2.5		1-1	34.7-34.5	37.0	470(-2)																																															晴		18.0	1.0	1.0	48.9	11.0	17	56.0	良	**	**		マイネルエニグマ															
2018106474	2021-05-22	3中京5		2.0	3歳未勝利								岩田望来		ダ1200				1:13.8	2.6		11-10	35.2-36.0	37.8	470(0)																																															曇		16.0	2.0	4.0	63.1	12.0	15	56.0	不	**	**		ヨドノゴールド															
2018106474	2021-07-25	3新潟2		7.0	3歳未勝利								松本大輝		芝2000				2:01.4	1.1		10-11-10-10	35.5-35.9	36.2	468(-2)																																															晴		18.0	5.0	10.0	182.3	16.0	11	53.0	良	**	**		テーオーソロス															
2018106474	2021-09-05	4小倉8		1.0	障害3歳以上未勝利								北沢伸也		障2860				3:14.8	2.9		9-9-9-9	106.1-0.0	13.6	470(+2)																																															晴		10.0	6.0	6.0	46.0	9.0	8	58.0	良				シェーンクラート															
2018106474	2021-10-09	5新潟1		1.0	障害3歳以上未勝利								北沢伸也		障2850				3:07.6	2.9		12-12-10-10	102.0-0.0	13.2	476(+6)																																															晴		14.0	8.0	14.0	30.2	7.0	7	58.0	良				マリオ															
2018106474	2021-11-06	2福島1		4.0	障害3歳以上未勝利								北沢伸也		障2750				3:00.1	-0.3		3-4-2-2	105.0-0.0	13.1	464(-12)				790.0																																											晴		12.0	2.0	2.0	5.3	2.0	1	58.0	良				(ビップデヴィット)															
2018106474	2021-12-18	6阪神5		4.0	障害3歳以上OP								北沢伸也		障3110				3:31.1	0.7		7-7-8-7	106.0-0.0	13.6	480(+16)																																															晴		10.0	8.0	9.0	21.9	7.0	6	58.0	稍				ニシノベイオウルフ															
2018106474	2022-01-29	1小倉5		8.0	牛若丸ジャンプS(OP)								北沢伸也		障3390				3:45.7	0.2		2-2-1-1	104.1-0.0	13.3	482(+2)				414.3																																											晴		14.0	3.0	4.0	8.0	4.0	3	58.0	良				ビーオールアイズ															
2018106474	2022-04-02	2阪神3		8.0	三木ホースランドJS(OP)								北沢伸也		障3140				3:32.3	-0.3		5-4-3-3	105.1-0.0	13.5	482(0)				1680.1																																											晴		14.0	2.0	2.0	6.3	3.0	1	59.0	良				(ペガーズ)															
2018106474	2022-06-25	3東京7		8.0	東京ジャンプS(JGIII)								北沢伸也		障3110				3:27.7	1.5		11-9-8-6	105.0-0.0	13.4	486(+4)																																															晴		12.0	6.0	7.0	12.7	5.0	6	60.0	良				ケイティクレバー															
2018106474	2022-09-24	4中山6		8.0	清秋ジャンプS(OP)								北沢伸也		障3210				3:56.8	11.1		9-9-7-7	113.0-0.0	14.8	486(0)																																															小雨		14.0	6.0	9.0	8.5	5.0	13	61.0	不				ジェミニキング															
2018106474	2023-12-09	5阪神3		4.0	障害3歳以上OP								黒岩悠		障3110				3:31.1	3.3		10-8-7-8	106.0-0.0	13.6	480(-6)																																															晴		12.0	7.0	10.0	91.1	11.0	9	61.0	良				セブンデイズ															
2018106474	2024-01-27	1小倉5		8.0	牛若丸ジャンプS(OP)								黒岩悠		障3390				3:47.0	2.3		8-5-5-5	107.0-0.0	13.4	478(-2)																																															晴		14.0	6.0	9.0	53.0	9.0	6	60.0	良				ケイティクレバー															
2018106474	2024-02-24	2小倉5		8.0	春麗ジャンプS(OP)								黒岩悠		障3390				3:49.2	0.6		8-7-6-6	106.0-0.0	13.5	476(-2)				250.0																																											晴		10.0	8.0	10.0	74.8	8.0	4	60.0	稍				ブラックボイス															
2018106474	2024-03-30	2阪神3		8.0	三木ホースランドJS(OP)								黒岩悠		障3140				3:32.2	1.1		6-6-6-5	107.0-0.0	13.5	474(-2)				250.0																																											晴		11.0	8.0	10.0	44.4	8.0	4	61.0	良				オールザワールド															
2018106474	2024-07-13	2福島5		4.0	障害3歳以上OP								黒岩悠		障3380				3:46.1	1.2		1-1-1-1	106.1-0.0	13.4	478(+4)				340.0																																											晴		8.0	8.0	8.0	11.0	5.0	3	61.0	良				グレートバローズ															
2018106474	2025-04-12	3中山5		4.0	障害4歳以上OP								黒岩悠		障3200				3:37.7	3.5		10-9-5-5	105.0-0.0	13.6	478(0)				143.0																																											晴		14.0	4.0	6.0	32.2	10.0	5	62.0	良				ミヤジシャルマン															
2018106474	2025-07-26	3中京1		9.0	障害3歳以上OP								黒岩悠		障3300				3:42.8	4.3		8-7-8-8	105.0-0.0	13.5	478(0)																																															晴		8.0	5.0	5.0	6.5	4.0	7	61.0	良				マイネルエール															
2018106474	2025-11-15	5東京3		8.0	秋陽ジャンプS(OP)								黒岩悠		障3110				3:28.0	1.7		11-11-12-12	103.1-0.0	13.4	474(-4)																																															晴		12.0	3.0	3.0	140.2	11.0	6	60.0	良				プラチナトレジャー															
2018106474	2025-12-06	5中山1		8.0	イルミネーションJS(OP)								坂口智康		障3570				4:02.6	0.3		7-6-6-6	105.1-0.0	13.6	476(+2)				260.0																																											曇		12.0	6.0	7.0	46.0	10.0	4	60.0	良				ピーターサイト															
2018106560	2020-11-14	5阪神3		4.0	2歳新馬								藤岡康太		ダ1400				1:26.6	1.0		2-1	35.3-37.7	38.7	486(0)				180.0	晴		16.0	7.0	13.0	6.1	3.0	3	55.0	良	**	**		レディバグ																																																									
2018106560	2020-11-28	5阪神8		3.0	2歳未勝利								藤岡康太		ダ1200				1:12.8	0.1		1-1	35.7-37.0	37.1	488(+2)				200.0	晴		11.0	2.0	2.0	3.0	2.0	2	55.0	良	**	**		エナジーロッソ																																																									
2018106560	2020-12-19	6阪神5		2.0	2歳未勝利								藤岡佑介		ダ1200				1:13.4	-0.3		1-1	35.3-38.1	38.1	488(0)				510.0	曇		16.0	6.0	11.0	1.2	1.0	1	55.0	良	**	**		(アルムファーツリー)																																																									
2018106560	2021-02-13	1阪神1		6.0	3歳1勝クラス								酒井学		ダ1400				1:25.6	0.4		4-4	34.9-38.0	37.9	474(-14)				290.0	晴		14.0	4.0	5.0	24.0	8.0	2	56.0	良	**	**		スマッシャー																																																									
2018106560	2021-03-14	1阪神10		7.0	3歳1勝クラス								藤岡康太		ダ1400				1:25.5	1.8		4-6	33.9-37.8	39.3	472(-2)					晴		16.0	1.0	2.0	4.4	2.0	12	56.0	稍	**	**		ワーズワース																																																									
2018106560	2021-04-17	2阪神7		6.0	3歳1勝クラス								藤岡佑介		ダ1200				1:13.1	1.3		6-5	34.7-37.1	38.0	478(+6)					雨		16.0	3.0	6.0	7.2	3.0	10	56.0	不	**	**		ペプチドサンライズ																																																									
2018106560	2021-06-12	4中京3		7.0	3歳以上1勝クラス								藤岡康太		ダ1200				1:11.3	-0.2		3-3	35.0-36.3	36.2	482(+4)				760.0	曇		15.0	8.0	15.0	4.3	2.0	1	54.0	良	**	**		(フリード)																																																									
2018106560	2021-09-26	5中京7		12.0	3歳以上2勝クラス								藤岡佑介		ダ1200								34.1-36.6		計不					雨		15.0	6.0	12.0			取	55.0	不	**	**		オースミムテキ																																																									
2018106560	2021-12-28	6阪神9		9.0	春待月賞(2勝クラス)								藤岡康太		ダ1200				1:12.0	-0.5		2-2	35.4-36.6	36.4	494(+12)				1532.2	曇		13.0	8.0	13.0	4.1	2.0	1	56.0	良	**	**		(エナジーロッソ)																																																									
2018106560	2022-01-08	1中山2		10.0	初春S(3勝クラス)								三浦皇成		ダ1200				1:10.9	0.3		1-1	33.2-37.4	37.7	492(-2)				280.0	晴		16.0	1.0	2.0	15.8	8.0	4	56.0	稍	**	**		アーバンイェーガー																																																									
2018106560	2022-01-29	1中京9		11.0	伊賀S(3勝クラス)								岩田望来		ダ1200				1:12.2	0.6		2-2	34.3-37.3	37.8	490(-2)				465.1	晴		16.0	4.0	7.0	6.9	4.0	3	56.0	良	**	**		メイショウミライ																																																									
2018106560	2022-03-05	1阪神7		10.0	橿原S(3勝クラス)								藤岡康太		ダ1200				1:13.0	1.8		3-4	34.6-36.6	38.1	496(+6)					晴		16.0	1.0	2.0	4.3	2.0	13	57.0	良	**	**		ボイラーハウス																																																									
2018106560	2022-04-16	1福島1		11.0	やまびこS(3勝クラス)								斎藤新		ダ1150				1:08.4	0.8		1-2	31.2-36.4	37.2	482(-14)					晴		16.0	2.0	4.0	7.7	5.0	9	55.0	重	**	**		ミラーウォーカーズ																																																									
2018106560	2022-06-11	4中京3		10.0	清洲S(3勝クラス)								藤岡康太		ダ1200				1:10.5	0.6		3-2	33.9-36.0	36.3	486(+4)				280.0	曇		16.0	5.0	9.0	7.7	4.0	4	55.0	良	**	**		サイモンハロルド																																																									
2018106560	2022-10-02	4中山9		12.0	外房S(3勝クラス)								横山武史		ダ1200				1:11.6	1.4		6-6	32.8-37.4	38.2	496(+10)					晴		15.0	7.0	12.0	5.4	3.0	10	55.0	良	**	**		ベイビーボス																																																									
2018106560	2022-10-16	4東京5		10.0	テレビ静岡賞(3勝クラス)								藤岡佑介		ダ1400				1:23.9	0.0		1-1	35.1-37.1	37.1	490(-6)				749.0	曇		14.0	8.0	14.0	7.3	3.0	2	57.0	良	**	**		ナンヨーアイボリー																																																									
2018106560	2022-10-30	4東京9		12.0	秋嶺S(3勝クラス)								藤岡佑介		ダ1300				1:18.4	1.2		1-1	29.0-36.3	37.5	490(0)					晴		16.0	3.0	6.0	11.0	3.0	7	57.0	良	**	**		レッドゲイル																																																									
2018106560	2022-12-18	6阪神6		12.0	御影S(3勝クラス)								藤岡康太		ダ1400				1:25.7	0.8		1-1	35.4-37.3	38.1	492(+2)				184.0	晴		16.0	2.0	4.0	40.5	10.0	5	57.0	良	**	**		ディアノイア																																																									
2018106560	2023-01-05	1中京1		9.0	門松S(3勝クラス)								藤岡康太		ダ1400				1:24.9	0.4		2-2	35.0-37.0	37.3	492(0)				465.4	晴		16.0	7.0	14.0	8.1	4.0	3	58.0	良	**	**		ヴァルキュリア																																																									
2018106560	2023-03-19	1阪神12		10.0	鳴門S(3勝クラス)								今村聖奈		ダ1400				1:25.7	2.3		1-1	34.3-37.0	39.3	500(+8)					晴		16.0	2.0	3.0	34.7	10.0	13	58.0	重	**	**		ケイアイロベージ																																																									
2018106560	2023-04-15	2阪神7		10.0	天満橋S(3勝クラス)								藤岡佑介		ダ1400				1:23.8	1.2		5-5	34.4-36.4	37.1	496(-4)					雨		16.0	7.0	13.0	9.2	3.0	9	56.0	不	**	**		タガノクリステル																																																									
2018106560	2023-05-21	1京都10		11.0	高瀬川S(3勝クラス)								古川吉洋		ダ1400				1:25.5	0.8		1-1	34.6-37.8	38.6	480(-16)				465.1	晴		16.0	5.0	10.0	15.3	6.0	3	56.0	良	**	**		サトノテンペスト																																																									
2018106560	2023-06-04	3東京2		10.0	麦秋S(3勝クラス)								武豊		ダ1400				1:23.8	0.6		3-3	34.1-37.3	37.7	480(0)					曇		16.0	7.0	13.0	20.2	8.0	7	58.0	稍	**	**		エルバリオ																																																									
2018106560	2023-07-23	3中京8		10.0	桶狭間S(3勝クラス)								角田大河		ダ1200				1:11.9	1.4		1-1	34.0-36.5	37.9	492(+12)					晴		16.0	1.0	2.0	8.3	6.0	12	58.0	良	**	**		アルファマム																																																									
2018106560	2023-09-23	4阪神6		11.0	大阪スポーツ杯(3勝クラス)								武豊		ダ1400				1:24.4	0.7		3-2	34.4-37.4	37.8	492(0)					晴		14.0	6.0	10.0	22.1	6.0	7	58.0	稍	**	**		サンライズフレイム																																																									
2018106560	2023-10-29	4東京9		12.0	秋嶺S(3勝クラス)								藤岡佑介		ダ1300				1:18.6	1.6		1-1	29.2-36.0	37.6	488(-4)					晴		16.0	3.0	5.0	26.5	9.0	13	58.0	良	**	**		サクセスローレル																																																									
2018106560	2023-11-12	5東京4		9.0	銀嶺S(3勝クラス)								津村明秀		ダ1400				1:25.4	1.2		3-5	35.6-36.1	37.0	492(+4)					曇		15.0	2.0	2.0	52.4	11.0	12	58.0	良	**	**		メタマックス																																																									
2018106560	2023-11-25	5東京7		10.0	シャングリラS(3勝クラス)								内田博幸		ダ1400				1:25.3	0.6		10-10	36.4-35.8	35.5	492(0)					晴		16.0	1.0	1.0	82.3	14.0	8	58.0	良	**	**		シャンブル																																																									
2018106560	2024-01-06	1京都1		9.0	門松S(3勝クラス)								藤岡康太		ダ1400				1:24.2	0.7		8-7	34.6-37.2	36.9	506(+14)				184.0	曇		12.0	2.0	2.0	32.4	9.0	5	58.0	良	**	**		モズリッキー																																																									
2018106560	2024-02-17	2京都7		10.0	河原町S(3勝クラス)								角田大河		ダ1400				1:25.1	1.3		8-7	35.1-36.8	37.6	504(-2)					晴		16.0	4.0	7.0	32.5	10.0	14	55.0	稍	**	**		レディフォース																																																									
2018106560	2024-03-09	1中京1		11.0	中京スポーツ杯(3勝クラス)								角田大和		ダ1400				1:25.5	0.4		7-5	35.9-37.1	36.9	502(-2)				280.0	晴		12.0	5.0	6.0	35.5	11.0	4	58.0	良	**	**		アルムブラーヴ																																																									
2018106560	2024-04-28	3京都4		12.0	東大路S(3勝クラス)								武豊		ダ1200				1:11.9	0.6		10-10	35.2-36.1	35.9	502(0)					晴		16.0	5.0	10.0	16.8	5.0	7	58.0	良	**	**		ステラフィオーレ																																																									
2018106560	2024-06-23	4京都8		10.0	サイレンススズカC(3勝クラス)								角田大和		ダ1400				1:24.0	0.7		2-4	35.9-35.4	35.9	506(+4)					曇		15.0	3.0	5.0	44.6	12.0	7	58.0	不	**	**		ライツフォル																																																									
2018106560	2024-09-01	2中京8		10.0	桶狭間S(3勝クラス)								亀田温心		ダ1400				1:24.8	3.1		3-3	34.2-35.8	38.6	502(-4)					曇		16.0	6.0	12.0	45.5	12.0	15	58.0	重	**	**		アドバンスファラオ																																																									
2018106560	2024-12-22	5中山8		12.0	フェアウェルS(3勝クラス)								内田博幸		ダ1200				1:12.2	1.4		8-8	33.3-37.5	38.3	502(0)					晴		16.0	3.0	6.0	65.2	11.0	8	58.0	良	**	**		ケイアイアニラ																																																									
2018106560	2025-02-22	1京都7		10.0	河原町S(3勝クラス)								池添謙一		ダ1400				1:25.3	1.4		4-3	35.1-36.9	38.0	512(+10)					曇		16.0	1.0	1.0	115.2	15.0	10	54.0	良	**	**		ニシキギミッチー																																																									
2018106560	2025-03-23	1阪神8		10.0	鳴門S(3勝クラス)								田口貫太		ダ1400				1:27.0	2.4		2-3	35.4-36.8	39.0	500(-12)					晴		16.0	6.0	12.0	183.3	16.0	14	58.0	良	**	**		ジャスティンアース																																																									
2018106560	2025-04-20	高知		8.0	C3ー3								岡遼太郎		ダ1300				1:23.0	-0.9		2-1-1-1		39.5	501(+1)				60.0	曇		8.0	3.0	3.0	1.7	1.0	1	57.0	稍	**	**		(ヒカルエリザベス)																																																									
2018106560	2025-05-03	高知		8.0	C2ー3								岡遼太郎		ダ1300				1:22.8	-0.1		2-2-1-1		38.2	496(-5)				70.0	晴		9.0	7.0	7.0	1.2	1.0	1	57.0	不	**	**		(ウインアウォード)																																																									
2018106560	2025-05-31	高知		10.0	芒種特別(C2)								岡遼太郎		ダ1300				1:23.5	0.0		4-5-4-4		38.6	500(+4)				52.0	晴		12.0	7.0	9.0	1.6	1.0	2	57.0	稍	**	**		ウインアウォード																																																									
2018106560	2025-06-14	高知		1.0	C1ー6								赤岡修次		ダ1400				1:29.1	-1.2		2-2-2-1		38.1	505(+5)				90.0	雨		9.0	8.0	9.0	1.2	1.0	1	57.0	不	**	**		(リワードマーリン)																																																									
2018106560	2025-06-29	高知		10.0	柏島特別(C1)								岡遼太郎		ダ1300				1:21.8	-0.1		3-3-3-1		38.3	500(-5)				160.0	晴		9.0	1.0	1.0	3.6	2.0	1	57.0	稍	**	**		(ケイアイメープル)																																																									
2018106560	2025-07-19	高知		7.0	Bー4								岡遼太郎		ダ1400				1:28.9	0.2		3-3-3-1		38.7	502(+2)				48.0	晴		12.0	1.0	1.0	1.1	1.0	2	57.0	不	**	**		フリーホースパーク																																																									
2018106560	2025-08-02	高知		9.0	物部川特別								赤岡修次		ダ1300				1:23.7	1.0		4-5-5-4		38.7	502(0)				60.0	晴		12.0	2.0	2.0	2.4	2.0	4	57.0	良	**	**		ミスズグランドオー																																																									
2018106560	2025-09-07	高知		10.0	琴ヶ浜特別(C1)								赤岡修次		ダ1600				1:47.3	2.2		4-4-4-6		40.7	498(-4)				12.0	晴		10.0	6.0	6.0	2.3	1.0	5	57.0	重	**	**		ダノンマカルー																																																									
2018106560	2025-09-23	高知		9.0	C1ー2								赤岡修次		ダ1400				1:32.7	0.8		4-4-3-3		41.3	502(+4)				9.0	曇		11.0	2.0	2.0	2.1	1.0	5	57.0	良	**	**		サーブルミラージュ																																																									
2018106560	2025-10-25	高知		4.0	Bー2								赤岡修次		ダ1300				1:24.7	2.4		6-5-5-5		39.5	505(+3)					曇		10.0	3.0	3.0	15.0	3.0	8	57.0	不	**	**		ピンシャン																																																									
2018106560	2025-11-08	高知		4.0	Bー2								岡遼太郎		ダ1400				1:30.8	0.2		1-1-1-1		39.3	503(-2)				48.0	晴		11.0	8.0	11.0	3.4	2.0	2	57.0	稍	**	**		ディサーニング																																																									
2018106560	2025-11-23	高知		9.0	Bー3								岡遼太郎		ダ1300				1:25.1	0.7		3-3-2-3		40.4	502(-1)				18.0	晴		10.0	4.0	4.0	8.3	4.0	4	57.0	良	**	**		ディサーニング																																																									
2018106560	2025-12-06	高知		10.0	新川川特別(B)								岡遼太郎		ダ1400				1:33.1	0.5		2-2-2-5		40.4	505(+3)				50.0	晴		10.0	7.0	8.0	10.2	5.0	3	57.0	良	**	**		エブリワンブラック																																																									
2018106560	2026-01-11	高知		10.0	国分川特別(B)								岡遼太郎		ダ1400				1:31.3	0.4		1-1-1-1		39.9	509(+4)				50.0	晴		8.0	6.0	6.0	39.4	6.0	3	57.0	良	**	**		スカイライト																																																									
2018106610	2020-07-05	2福島2	曇	6.0	2歳新馬		12.0	1.0	1.0	63.9	11.0	10	嘉藤貴行	54.0	芝1200		重	**	1:13.3	1.5	**	11-11	35.7-36.1	36.0	450(0)			マルス																																																																								
2018106610	2020-07-25	2新潟1	曇	1.0	2歳未勝利		16.0	6.0	12.0	109.4	15.0	11	城戸義政	54.0	芝1000		稍	**	0:57.5	1.7	**	7	33.7-32.8	33.9	450(0)			ピュアエール																																																																								
2018106610	2020-08-23	3新潟4	晴	2.0	2歳未勝利		18.0	2.0	3.0	410.0	18.0	14	岩部純二	54.0	芝1400		良	**	1:24.3	1.0	**	13-12	34.0-36.9	36.8	444(-6)			テネラメンテ																																																																								
2018106610	2020-11-01	4京都8	晴	1.0	2歳未勝利		10.0	6.0	6.0	179.9	9.0	6	城戸義政	55.0	ダ1200		良	**	1:14.3	1.2	**	9-9	35.5-37.6	37.6	458(+14)			ミヤジオシャラク																																																																								
2018106610	2020-11-15	5東京4	晴	1.0	2歳未勝利		13.0	8.0	13.0	28.0	6.0	6	的場勇人	55.0	ダ1600		良	**	1:41.6	2.6	**	9-11	36.1-37.5	38.6	458(0)			ショウナンアストラ																																																																								
2018106610	2020-11-22	5阪神6	晴	1.0	2歳未勝利		15.0	4.0	6.0	264.1	15.0	9	荻野琢真	55.0	ダ1200		良	**	1:14.0	0.7	**	12-12	35.7-37.6	37.0	452(-6)			ジェットエンブレム																																																																								
2018106610	2020-11-28	5阪神8	晴	3.0	2歳未勝利		11.0	7.0	8.0	89.5	8.0	5	城戸義政	55.0	ダ1200		良	**	1:13.9	1.2	**	10-10	35.7-37.0	36.9	456(+4)			エナジーロッソ	51.0																																																																							
2018106610	2020-12-20	3中京6	晴	1.0	2歳未勝利		16.0	7.0	14.0	70.1	9.0	10	城戸義政	55.0	ダ1400		良	**	1:27.6	1.0	**	4-5	35.3-38.7	39.4	464(+8)			フロストエッジ																																																																								
2018106610	2021-03-06	2中山3	曇	2.0	3歳未勝利		16.0	7.0	14.0	27.2	8.0	8	杉原誠人	56.0	ダ1200		稍	**	1:13.7	0.7	**	12-8	34.3-38.7	37.9	462(-2)			トップオアシス																																																																								
2018106610	2021-03-21	1阪神12	雨	2.0	3歳未勝利		16.0	4.0	7.0	28.6	9.0	3	内田博幸	56.0	ダ1200		不	**	1:12.7	1.2	**	16-15	34.7-36.8	35.8	460(-2)			シゲルホサヤク	130.0																																																																							
2018106610	2021-04-10	3中山5	晴	3.0	3歳未勝利		15.0	3.0	5.0	17.4	6.0	7	内田博幸	56.0	ダ1200		良	**	1:13.9	1.5	**	12-11	34.5-37.9	37.5	460(0)			マイネルアミスター																																																																								
2018106610	2021-04-24	1新潟5	晴	2.0	3歳未勝利		14.0	8.0	13.0	45.5	7.0	4	杉原誠人	56.0	ダ1800		良	**	1:55.1	0.9	**	7-7-4-4	37.7-38.1	38.3	458(-2)			シーニッククルーズ	77.0																																																																							
2018106610	2021-05-15	2東京7	曇	2.0	3歳未勝利		15.0	3.0	5.0	32.4	7.0	5	杉原誠人	56.0	ダ1600		良	**	1:38.9	1.7	**	11-12	35.6-36.5	37.0	454(-4)			ロンコーネ	51.0																																																																							
2018106610	2021-06-12	3東京3	晴	3.0	3歳未勝利		16.0	6.0	12.0	23.3	7.0	7	杉原誠人	56.0	ダ1600		良	**	1:39.4	2.1	**	13-14	35.6-37.0	37.5	452(-2)			オブデュモンド																																																																								
2018106610	2021-08-22	4新潟4	晴	7.0	3歳未勝利		15.0	4.0	6.0	44.3	11.0	6	杉原誠人	56.0	ダ1800		稍	**	1:53.5	1.0	**	7-7-7-6	36.5-38.2	38.4	454(+2)			ディヴァインゲート																																																																								
2018106610	2021-09-21	金沢	晴	5.0	レイテン准教授お誕生(C1)		8.0	3.0	3.0	1.3	1.0	1	田知弘久	56.0	ダ1500		良	**	1:38.4	-0.6	**	7-7-4-1		38.5	470(+16)			(アンジュールレーヌ)	32.0																																																																							
2018106610	2021-10-04	金沢	晴	1.0	珠洲馬頭観音馬の角伝(C1)		8.0	8.0	8.0	2.7	2.0	1	田知弘久	56.0	ダ1400		良	**	1:30.6	-0.2	**	3-3-1-1		37.1	464(-6)			(リュウールドレ)	32.0																																																																							
2018106610	2021-10-17	金沢	曇	11.0	楽天競馬でおウチ投票(B2)		9.0	6.0	6.0	1.1	1.0	1	田知弘久	56.0	ダ1500		不	**	1:37.6	-0.3	**	2-3-2-2		37.4	470(+6)			(ミハルプリンセス)	34.0																																																																							
2018106610	2021-11-08	金沢	晴	7.0	双子!!莉帆誕生日記(B1)		7.0	5.0	5.0	2.7	2.0	2	田知弘久	55.0	ダ1500		良	**	1:37.2	0.8	**	5-5-5-5		38.1	473(+3)			ヴィトラス	11.5																																																																							
2018106610	2021-11-23	金沢	曇	7.0	クラブ荻窪杯愛情ノー(B1)		9.0	1.0	1.0	4.6	2.0	2	田知弘久	55.0	ダ1400		不	**	1:29.5	0.4	**	3-4-3-3		36.9	470(-3)			イクゼファイターズ	11.5																																																																							
2018106610	2021-12-05	金沢	晴	7.0	祝!也寸志さん誕生日(B1)		10.0	7.0	7.0	1.6	1.0	1	田知弘久	55.0	ダ1500		重	**	1:34.9	-0.4	**	5-5-5-2		37.4	465(-5)			(ハクサンフラワー)	36.0																																																																							
2018106610	2022-02-19	1東京7	曇	7.0	4歳以上1勝クラス		15.0	4.0	6.0	112.4	12.0	3	杉原誠人	57.0	ダ1600		稍	**	1:39.2	0.6	**	12-14	35.6-37.2	36.9	460(-5)			サンオブロジータ	190.0																																																																							
2018106610	2022-03-06	2中山4	晴	7.0	4歳以上1勝クラス		16.0	8.0	16.0	15.4	6.0	4	杉原誠人	57.0	ダ1800		良	**	1:56.0	0.7	**	11-12-7-5	37.6-39.6	39.6	456(-4)			トーセンインパルス	120.0																																																																							
2018106610	2022-03-26	2中京5	雨	7.0	4歳以上1勝クラス		13.0	1.0	1.0	5.3	3.0	2	斎藤新	57.0	ダ1800		重	**	1:54.8	0.0	**	10-10-10-6	38.3-37.4	36.4	462(+6)			ランカンカン	310.0																																																																							
2018106610	2022-04-10	3中山6	晴	7.0	4歳以上1勝クラス		13.0	8.0	12.0	5.0	2.0	4	斎藤新	57.0	ダ1800		良	**	1:54.8	0.5	**	6-5-3-2	37.4-39.1	39.1	468(+6)			セイウンロミオ	120.0																																																																							
2018106610	2022-05-15	2東京8	曇	6.0	4歳以上1勝クラス		11.0	1.0	1.0	10.3	4.0	2	Ｍ．デム	57.0	ダ2100		重	**	2:12.7	0.5	**	4-4-4-4	32.0-35.6	35.8	464(-4)			セブンデイズ	310.0																																																																							
2018106610	2022-05-28	2東京11	晴	8.0	4歳以上1勝クラス		12.0	1.0	1.0	3.5	2.0	1	戸崎圭太	57.0	ダ1600		稍	**	1:38.1	-0.6	**	1-1	37.4-35.4	35.4	462(-2)			(チュウワジョーダン)	770.0																																																																							
2018106610	2022-06-11	3東京3	曇	9.0	青梅特別(2勝クラス)		16.0	6.0	11.0	11.4	5.0	6	戸崎圭太	57.0	ダ1600		良	**	1:36.5	0.6	**	5-6	34.4-38.6	36.8	462(0)			ドンカポノ																																																																								
2018106610	2022-12-28	5中山9	晴	9.0	立志賞(2勝クラス)		16.0	3.0	5.0	34.6	10.0	4	戸崎圭太	57.0	ダ1800		良	**	1:53.8	0.3	**	5-5-7-4	36.6-37.8	37.7	468(+6)			レッドラパルマ	230.0																																																																							
2018106610	2023-01-08	1中京3	晴	9.0	濃尾特別(2勝クラス)		16.0	6.0	12.0	18.8	7.0	13	斎藤新	58.0	ダ1800		良	**	1:56.3	2.3	**	11-11-14-13	36.7-39.0	40.2	466(-2)			ジロー																																																																								
2018106610	2023-04-23	2東京2	晴	12.0	4歳以上2勝クラス		16.0	2.0	4.0	58.7	13.0	16	和田竜二	58.0	ダ1600		良	**	1:42.1	4.3	**	1-1	35.8-37.4	41.7	464(-2)			グリュースゴット																																																																								
2018106610	2023-06-18	1函館4	晴	10.0	檜山特別(2勝クラス)		13.0	2.0	2.0	79.7	12.0	9	黛弘人	58.0	ダ1700		良	**	1:46.6	1.5	**	7-7-9-10	29.6-37.4	38.2	462(-2)			ハイエストポイント																																																																								
2018106610	2023-06-24	1函館5	曇	10.0	竜飛崎特別(2勝クラス)		13.0	6.0	9.0	196.8	13.0	3	黛弘人	58.0	ダ1700		重	**	1:45.5	0.5	**	9-9-8-8	30.7-36.3	36.2	462(0)			レッドエランドール	394.1																																																																							
2018106610	2023-07-16	2函館6	曇	10.0	駒場特別(2勝クラス)		14.0	7.0	12.0	48.6	11.0	12	黛弘人	58.0	ダ1700		重	**	1:44.9	1.4	**	12-12-13-12	28.9-37.5	37.8	468(+6)			レイクリエイター																																																																								
2018106610	2023-08-20	2札幌4	曇	9.0	大通公園特別(2勝クラス)		14.0	4.0	5.0	127.6	12.0	14	黛弘人	58.0	ダ1700		稍	**	1:49.7	2.6	**	6-6-7-12	30.8-37.6	39.3	466(-2)			ミラクルティアラ																																																																								
2018106610	2023-08-27	2札幌6	小雨	10.0	オールスターJ第3戦(2勝クラス)		14.0	4.0	6.0	51.5	12.0	14	バデル	58.0	ダ1700		重	**	1:47.3	3.1	**	6-7-5-6	30.7-36.5	39.2	468(+2)			ナチュラルハイ																																																																								
2018106610	2023-09-16	4中山3	晴	9.0	松戸特別(2勝クラス)		16.0	2.0	3.0	226.5	16.0	15	黛弘人	58.0	ダ2400		良	**	2:37.5	3.4	**	12-11-14-12	37.5-40.1	40.9	460(-8)			レッドプロフェシー																																																																								
2018106610	2023-12-02	5中山1	晴	10.0	鹿島特別(2勝クラス)		16.0	7.0	14.0	609.4	16.0	14	黛弘人	58.0	ダ1800		良	**	1:55.2	2.0	**	14-14-14-15	37.6-37.2	37.7	466(+6)			フラッパールック																																																																								
2018106610	2023-12-16	5中山5	晴	9.0	ヤングJSFR中山2(2勝クラス)		16.0	2.0	3.0	113.0	14.0	15	野畑凌	58.0	ダ1800		稍	**	1:56.4	3.2	**	12-13-13-12	37.0-37.5	39.7	466(0)			アスクビックスター																																																																								
2018106610	2024-06-30	2福島2	曇	10.0	いわき特別(2勝クラス)		13.0	8.0	13.0	374.7	13.0	12	嶋田純次	58.0	ダ1700		良	**	1:48.5	2.8	**	10-11-12-11	29.9-37.1	39.1	460(-6)			サノノエスポ																																																																								
2018106610	2025-04-06	3中山4	晴	12.0	4歳以上2勝クラス		15.0	7.0	12.0	279.1	15.0	15	黛弘人	58.0	ダ1200		稍	**	1:14.0	2.5	**	10-12	35.7-35.8	37.2	468(+8)			ネイト																																																																								
2018106610	2025-04-26	2東京1	小雨	12.0	4歳以上2勝クラス		16.0	5.0	9.0	485.0	15.0	9	丸田恭介	58.0	ダ1600		稍	**	1:38.4	2.2	**	15-15	34.5-37.2	37.3	464(-4)			ターコイズフリンジ																																																																								
2018106610	2025-05-18	2東京8	曇	10.0	青梅特別(2勝クラス)		16.0	5.0	10.0	84.3	15.0	16	黛弘人	52.0	ダ1600		重	**	1:37.9	3.1	**	13-14	34.1-36.2	37.0	462(-2)			オウギノカナメ																																																																								
2018106610	2025-09-20	4中山6	曇	12.0	3歳以上2勝クラス		16.0	1.0	1.0	431.1	16.0	15	黛弘人	58.0	ダ1200		重	**	1:13.1	2.6	**	16-16	34.2-36.3	37.1	462(0)			エコロエイト																																																																								
2018106610	2025-09-28	4阪神9	曇	12.0	3歳以上2勝クラス		14.0	4.0	6.0	258.3	14.0	14	杉原誠人	58.0	ダ2000		良	**	2:10.5	4.8	**	13-13-14-14	35.6-38.2	40.0	456(-6)			シャルクハフト																																																																								
2018106610	2025-11-05	金沢	曇	6.0	全日本松井家柳井家ウ(C2特別)		8.0	4.0	4.0	1.3	1.0	1	田知弘久	57.0	ダ1400		稍	**	1:30.8	-0.6	**	5-5-6-5		39.3	471(+15)			(オーデンルビー)	43.0																																																																							
2018106610	2025-11-23	金沢	晴	4.0	C115		8.0	2.0	2.0	1.9	2.0	2	田知弘久	57.0	ダ1400		稍	**	1:30.2	0.0	**	5-4-4-4		37.9	465(-6)			キスメット	14.4																																																																							
2018106610	2025-12-08	金沢	雨	7.0	C12　特別編成(C1特別)		8.0	4.0	4.0	3.7	3.0	3	田知弘久	57.0	ダ1400		重	**	1:30.1	0.1	**	7-7-7-7		38.3	469(+4)			スナドケイ	7.2																																																																							
2018106610	2025-12-15	金沢	曇	7.0	Day1誕生日記念(C2)		9.0	5.0	5.0	2.3	2.0	1	田知弘久	57.0	ダ1500		不	**	1:35.9	-0.4	**	8-8-7-6		37.6	462(-7)			(セキレイ)	43.0																																																																							
2018106610	2025-12-27	金沢	曇	6.0	C18		12.0	5.0	5.0	2.7	2.0	4	田知弘久	57.0	ダ1500		不	**	1:36.7	1.5	**	10-10-10-9		37.9	464(+2)			カービスベイ	5.4																																																																							
2018106663	2021-03-28	2中京6	曇	4.0	3歳未勝利		18.0	7.0	13.0	21.0	6.0	12	池添謙一	56.0	芝1400		良	**	1:22.9	1.4	**	15-15	34.1-36.0	35.1	438(0)			コスモアディラート																																																																								
2018106663	2021-04-18	2阪神8	晴	3.0	3歳未勝利		18.0	5.0	9.0	98.2	11.0	16	藤岡佑介	56.0	芝1600		稍	**	1:37.2	2.1	**	16-17	34.7-35.9	36.6	438(0)			スズカトップバゴ																																																																								
2018106663	2021-07-03	3小倉1	小雨	3.0	3歳未勝利		16.0	2.0	3.0	35.1	7.0	5	西村淳也	56.0	芝1800		良	**	1:46.2	2.4	**	2-2-2-3	35.4-34.2	36.2	436(-2)			エスコーラ	51.0																																																																							
2018106663	2021-07-17	3小倉5	小雨	3.0	3歳未勝利		18.0	3.0	6.0	9.5	4.0	9	福永祐一	56.0	芝2000		良	**	2:01.3	1.9	**	1-1-1-1	35.3-36.0	37.9	434(-2)			ロワンディシー																																																																								
2018106663	2021-08-29	4小倉6	晴	7.0	3歳未勝利		15.0	6.0	12.0	44.8	10.0	1	岩田望来	56.0	芝1800		良	**	1:47.0	-0.2	**	12-13-12-9	36.4-35.2	34.4	434(0)			(リアングロワール)	510.0																																																																							
2018106663	2021-12-04	6中京1	曇	9.0	3歳以上1勝クラス		16.0	7.0	13.0	56.5	11.0	4	西村淳也	56.0	芝1600		良	**	1:34.5	0.9	**	7-6-6	35.1-34.7	35.0	442(+8)			ソウルラッシュ	110.0																																																																							
2018106663	2022-01-16	1中京6	晴	7.0	4歳以上1勝クラス		14.0	8.0	14.0	29.4	8.0	3	岩田望来	56.0	芝1600		良	**	1:34.5	0.4	**	11-10-10	35.3-35.8	35.1	442(0)			ヴィルヘルム	190.0																																																																							
2018106663	2022-01-29	1中京9	晴	7.0	4歳以上1勝クラス		11.0	8.0	11.0	4.3	2.0	3	岩田望来	56.0	芝1600		良	**	1:34.7	0.5	**	7-6-5	34.2-35.4	35.5	444(+2)			エーティーソブリン	190.0																																																																							
2018106663	2022-04-16	1福島1	晴	9.0	川俣特別(1勝クラス)		15.0	3.0	5.0	8.0	5.0	7	斎藤新	57.0	芝1800		稍	**	1:51.8	0.3	**	11-11-13-12	36.8-36.5	35.9	436(-8)			ヴィヴァン																																																																								
2018106663	2022-05-08	1新潟2	晴	8.0	4歳以上1勝クラス		12.0	7.0	9.0	2.5	1.0	1	岩田康誠	57.0	芝1600		良	**	1:34.9	0.0	**	2-2	36.1-34.6	34.3	440(+4)			(グラヴィル)	770.0																																																																							
2018106663	2022-05-28	2東京11	晴	10.0	葉山特別(2勝クラス)		9.0	4.0	4.0	20.3	6.0	3	菅原明良	57.0	芝1600		良	**	1:34.4	0.2	**	7-7	37.0-33.6	33.1	442(+2)			アオイシンゴ	383.1																																																																							
2018106663	2022-10-30	4東京9	晴	9.0	LトレーナーC(2勝クラス)		13.0	5.0	6.0	15.1	7.0	4	岩田康誠	57.0	芝1600		良	**	1:33.3	0.7	**	12-10	34.1-34.1	33.8	446(+4)			レッドモンレーヴ	230.0																																																																							
2018106663	2022-11-13	5東京4	曇	12.0	3歳以上2勝クラス		11.0	7.0	9.0	4.1	2.0	5	岩田望来	57.0	芝1600		良	**	1:35.6	1.2	**	9-9	36.5-33.9	33.0	444(-2)			セッタレダスト	111.0																																																																							
2018106663	2023-01-05	1中京1	晴	12.0	4歳以上2勝クラス		12.0	5.0	5.0	11.7	6.0	7	岩田康誠	58.0	芝1600		良	**	1:34.7	0.6	**	7-9-11	35.7-34.4	34.2	444(0)			カワキタレブリー																																																																								
2018106663	2023-02-04	1小倉7	晴	11.0	別府特別(2勝クラス)		14.0	6.0	10.0	7.7	4.0	3	福永祐一	58.0	芝1800		良	**	1:47.4	0.2	**	5-5-5-4	36.7-34.8	34.0	444(0)			ダークエクリプス	394.5																																																																							
2018106663	2023-05-21	1京都10	晴	9.0	紫野特別(2勝クラス)		12.0	5.0	6.0	8.2	5.0	9	浜中俊	56.0	芝1800		良	**	1:47.4	1.0	**	4-4	35.8-33.5	34.1	436(-8)			ゴールドエクリプス																																																																								
2018106663	2023-06-18	3阪神6	曇	9.0	皆生特別(2勝クラス)		11.0	7.0	9.0	12.4	6.0	4	岩田望来	58.0	芝1600		良	**	1:34.9	1.0	**	2-3	36.9-32.7	33.6	434(-2)			ベルクレスタ	230.0																																																																							
2018106663	2023-07-09	3中京4	曇	12.0	シンガポールTC賞(2勝クラス)		12.0	2.0	2.0	20.1	7.0	4	松山弘平	58.0	芝1600		稍	**	1:35.3	0.7	**	9-8-8	36.4-34.7	34.5	432(-2)			ヴェールアンレーヴ	230.0																																																																							
2018106663	2023-10-07	2京都1	晴	9.0	宝ケ池特別(2勝クラス)		11.0	2.0	2.0	44.5	10.0	3	西村淳也	58.0	芝1600		良	**	1:34.2	0.2	**	10-10	36.0-33.5	32.8	446(+14)			トゥードジボン	393.4																																																																							
2018106663	2023-11-04	3京都1	曇	12.0	3歳以上2勝クラス		10.0	7.0	7.0	6.7	3.0	5	幸英明	58.0	芝1600		良	**	1:34.1	0.9	**	8-6	35.3-33.6	33.9	450(+4)			セオ	114.0																																																																							
2018106663	2023-12-02	4中京1	晴	10.0	中京日経賞(2勝クラス)		13.0	3.0	3.0	9.7	5.0	1	角田大和	56.0	芝1600		良	**	1:33.8	-0.1	**	7-7-5	34.9-35.0	34.5	448(-2)			(シャドウフューリー)	1584.3																																																																							
2018106663	2023-12-28	5中山9	晴	12.0	2023ファイナルS(3勝クラス)		16.0	6.0	12.0	89.9	13.0	6	田辺裕信	58.0	芝1600		良	**	1:33.6	0.4	**	12-13-13	34.9-35.5	33.8	446(-2)			ボルザコフスキー																																																																								
2018106663	2024-05-12	3京都8	曇	10.0	錦S(3勝クラス)		14.0	4.0	5.0	27.3	8.0	8	小崎綾也	55.0	芝1600		良	**	1:32.4	0.6	**	11-11	34.0-35.1	34.0	450(+4)			ボーデン																																																																								
2018106663	2024-06-08	4京都3	曇	11.0	水無月S(3勝クラス)		10.0	6.0	6.0	24.3	6.0	6	西村淳也	58.0	芝1600		良	**	1:32.3	0.8	**	8-8	33.8-34.4	33.4	446(-4)			ジュンブロッサム																																																																								
2018106663	2024-09-15	3中京4	曇	10.0	納屋橋S(3勝クラス)		16.0	6.0	11.0	69.2	13.0	13	西村淳也	58.0	芝1600		稍	**	1:34.3	0.8	**	14-15-15	35.6-34.8	33.9	446(0)			ペイシャフラワー																																																																								
2018106663	2024-10-20	5京都6	晴	10.0	キセキC(3勝クラス)		17.0	7.0	14.0	70.6	11.0	5	鮫島克駿	55.0	芝1600		良	**	1:34.5	0.2	**	11-10	35.6-34.5	33.8	450(+4)			キープカルム	184.0																																																																							
2018106663	2024-11-24	6京都8	曇	10.0	清水S(3勝クラス)		13.0	7.0	11.0	33.9	10.0	11	角田大和	58.0	芝1600		良	**	1:34.1	1.1	**	13-10	36.0-33.6	33.8	460(+10)			ビヨンドザヴァレー																																																																								
2018106663	2024-12-15	7京都6	晴	12.0	東山S(3勝クラス)		18.0	6.0	12.0	159.2	17.0	8	北村友一	55.0	芝1400		良	**	1:21.3	0.7	**	17-17	34.2-35.2	33.6	458(-2)			フォーチュンタイム																																																																								
2018106663	2025-04-06	2阪神4	晴	10.0	夢洲S(3勝クラス)		14.0	2.0	2.0	133.5	12.0	10	北村友一	58.0	芝1600		良	**	1:33.1	0.8	**	9-7	35.4-33.7	33.8	452(-6)			シヴァース																																																																								
2018106663	2025-04-27	2京都2	晴	10.0	センテニアルパークS(3勝クラス)		16.0	5.0	9.0	172.2	14.0	5	高杉吏麒	54.0	芝1800		良	**	1:46.3	0.5	**	11-11	35.2-33.6	33.3	450(-2)			ホウオウラスカーズ	184.0																																																																							
2018106663	2025-05-18	2京都8	曇	10.0	錦S(3勝クラス)		12.0	8.0	11.0	39.1	9.0	6	田口貫太	54.0	芝1600		稍	**	1:34.0	0.9	**	11-10	35.3-33.7	33.6	450(0)			ココナッツブラウン																																																																								
2018106663	2025-06-15	3阪神4	晴	10.0	花のみちS(3勝クラス)		18.0	5.0	9.0	274.8	17.0	16	田口貫太	58.0	芝1600		稍	**	1:34.3	1.7	**	14-15	34.1-35.0	34.3	448(-2)			ブルーミンデザイン																																																																								
2018106663	2025-09-06	4阪神1	晴	10.0	西宮S(3勝クラス)		12.0	1.0	1.0	115.6	11.0	10	田口貫太	58.0	芝1800		良	**	1:45.4	0.9	**	11-11	34.6-34.5	34.3	454(+6)			オーロラエックス																																																																								
2018106663	2025-10-12	3京都4	曇	10.0	三年坂S(3勝クラス)		13.0	6.0	8.0	107.0	12.0	7	角田大和	54.0	芝1600		良	**	1:32.4	0.3	**	7-6	34.1-34.1	33.8	456(+2)			ブエナオンダ																																																																								
2018106663	2026-01-11	1京都4	曇	10.0	新春S(3勝クラス)		15.0	7.0	13.0	170.8	12.0	13	鮫島克駿	58.0	芝1600		良	**	1:34.5	1.7	**	15-15	34.6-34.8	34.1	462(+6)			ベラジオボンド																																																																								
2018106701	2020-09-06	2小倉8		5.0	2歳新馬								酒井学		芝1800				1:52.0	0.6		16-16-16-14	38.1-35.6	34.8	426(0)					曇		16.0	8.0	15.0	23.1	7.0	6	54.0	良	**	**		アドマイヤザーゲ																																																									
2018106701	2020-10-31	4京都7		3.0	2歳未勝利								酒井学		芝1800				1:49.1	1.6		10-9	35.1-35.7	36.6	436(+10)					晴		13.0	5.0	7.0	16.3	5.0	7	54.0	良	**	**		ステラリア																																																									
2018106701	2020-11-23	5阪神7		6.0	2歳未勝利								酒井学		芝1600				1:35.6	0.4		7-7	35.7-34.3	34.0	438(+2)				51.0	晴		14.0	2.0	2.0	17.2	6.0	5	54.0	良	**	**		テーオーダヴィンチ																																																									
2018106701	2020-12-12	6阪神3		4.0	2歳未勝利								酒井学		芝1600				1:34.1	0.0		4-4	35.2-35.1	34.8	436(-2)				200.0	曇		10.0	4.0	4.0	12.3	4.0	2	54.0	良	**	**		ブレーヴジャッカル																																																									
2018106701	2021-02-21	1阪神4		5.0	3歳未勝利								柴田善臣		芝1800				1:46.1	0.1		5-5	34.4-35.5	35.0	428(-8)				200.0	晴		16.0	2.0	4.0	8.0	5.0	2	54.0	良	**	**		トーホウディアス																																																									
2018106701	2021-03-06	1阪神7		4.0	3歳未勝利								酒井学		芝1600				1:35.5	0.2		11-10	35.3-35.5	35.0	428(0)				130.0	晴		16.0	3.0	5.0	6.1	4.0	3	54.0	稍	**	**		ウエストンバート																																																									
2018106701	2021-05-01	2阪神11		3.0	3歳未勝利								酒井学		芝1600				1:33.8	0.3		6-8	34.7-34.5	34.2	430(+2)				130.0	晴		18.0	8.0	17.0	4.4	2.0	3	54.0	良	**	**		マイネルエニグマ																																																									
2018106701	2021-05-23	2新潟6		1.0	3歳未勝利								藤田菜七		芝1800				1:50.4	-0.1		3-3	36.0-37.7	37.3	430(0)				510.0	曇		15.0	2.0	2.0	2.0	1.0	1	52.0	稍	**	**		(グリュレーヴ)																																																									
2018106701	2021-07-25	3新潟2		12.0	3歳以上1勝クラス								藤田菜七		芝1600				1:33.3	0.7		2-2	34.7-34.9	35.5	430(0)					晴		18.0	7.0	14.0	13.5	6.0	8	50.0	良	**	**		ジャミールフエルテ																																																									
2018106701	2021-10-17	5新潟4		9.0	3歳以上1勝クラス								酒井学		芝1800				1:49.7	1.2		8-8	35.3-35.6	36.1	428(-2)					曇		17.0	6.0	11.0	15.4	8.0	10	53.0	重	**	**		ルーツドール																																																									
2018106701	2021-12-26	6阪神8		8.0	3歳以上1勝クラス								酒井学		芝1600				1:35.5	0.8		10-10	35.9-34.7	34.9	432(+4)					晴		18.0	7.0	14.0	99.0	14.0	11	54.0	良	**	**		サトノラムセス																																																									
2018106701	2022-01-23	1小倉4		12.0	4歳以上1勝クラス								藤田菜七		芝2000				2:04.7	0.4		9-10-8-8	36.6-37.1	36.9	432(0)				120.0	雨		15.0	7.0	12.0	22.8	6.0	4	52.0	重	**	**		シーニックウェイ																																																									
2018106701	2022-02-19	2小倉3		7.0	4歳以上1勝クラス								藤田菜七		芝1800				1:51.9	0.6		9-5-8-5	37.8-37.0	37.2	434(+2)				120.0	雨		16.0	2.0	4.0	4.0	2.0	4	52.0	稍	**	**		アインゲーブング																																																									
2018106701	2022-04-17	1福島2		7.0	4歳以上1勝クラス								藤田菜七		芝1800				1:50.0	0.0		10-9-5-5	36.2-37.1	36.7	430(-4)				120.0	晴		16.0	8.0	15.0	8.5	4.0	4	53.0	良	**	**		トーセンメラニー																																																									
2018106701	2022-05-01	1福島6		9.0	桑折特別(1勝クラス)								藤田菜七		芝2000				2:02.7	1.5		8-8-9-9	35.3-37.3	37.3	434(+4)					小雨		15.0	6.0	11.0	11.6	7.0	10	55.0	稍	**	**		ビューティーウェイ																																																									
2018106701	2022-07-02	3小倉1		8.0	3歳以上1勝クラス								今村聖奈		芝1800				1:46.1	0.6		7-6-5-6	35.2-35.5	35.5	436(+2)				77.0	晴		10.0	5.0	5.0	34.2	6.0	5	51.0	良	**	**		アメリカンスター																																																									
2018106701	2022-07-24	3小倉8		8.0	3歳以上1勝クラス								今村聖奈		芝1800				1:47.2	0.7		11-11-11-6	36.0-36.3	35.4	438(+2)				190.0	曇		14.0	5.0	8.0	6.7	3.0	3	51.0	良	**	**		テーオーシリウス																																																									
2018106701	2022-09-03	4小倉7		7.0	3歳以上1勝クラス								今村聖奈		芝1800				1:49.0	1.7		13-12-14-13	36.3-35.5	36.1	436(-2)					曇		14.0	4.0	5.0	11.6	5.0	12	51.0	重	**	**		サジェス																																																									
2018106701	2022-10-23	4新潟4		6.0	3歳以上1勝クラス								藤田菜七		芝1800				1:49.1	1.1		10-10	36.0-33.6	34.1	440(+4)					雨		13.0	6.0	9.0	66.2	10.0	10	53.0	良	**	**		フィールシンパシー																																																									
2018106701	2022-12-17	6中京5		6.0	3歳以上1勝クラス								古川奈穂		芝1600				1:35.2	0.7		13-13-14	35.3-35.1	34.6	434(-6)					曇		15.0	4.0	7.0	48.1	10.0	7	51.0	良	**	**		パンドレア																																																									
2018106701	2023-01-28	1中京9		12.0	4歳以上1勝クラス								大久保友		芝1600				1:35.3	0.7		7-5-5	35.7-34.9	35.1	438(+4)					晴		13.0	5.0	7.0	281.6	12.0	8	53.0	良	**	**		カルタゴ																																																									
2018106701	2023-03-19	2中京4		6.0	4歳以上1勝クラス								大久保友		芝1600				1:36.9	1.1		12-11-11	36.1-35.1	34.9	434(-4)					晴		16.0	1.0	2.0	177.5	16.0	11	53.0	稍	**	**		ダノンソフィア																																																									
2018106701	2023-03-26	2中京6		8.0	4歳以上1勝クラス								藤田菜七		芝1200				1:13.3	1.0		15-14	35.6-36.7	36.2	432(-2)				80.0	小雨		18.0	8.0	18.0	118.0	15.0	5	54.0	不	**	**		ヤマニンアンフィル																																																									
2018106701	2023-04-08	1福島1		12.0	4歳以上1勝クラス								藤田菜七		芝1200				1:09.5	1.0		9-8	33.6-34.9	35.2	430(-2)					曇		16.0	8.0	15.0	87.0	14.0	6	54.0	良	**	**		ショウナンハクラク																																																									
2018106701	2023-05-21	1京都10		8.0	4歳以上1勝クラス								泉谷楓真		芝1400				1:21.3	0.5		15-15	34.7-34.7	33.4	438(+8)					晴		18.0	6.0	11.0	49.4	12.0	7	55.0	良	**	**		クロニクルノヴァ																																																									
2018106701	2023-12-09	4中京3		12.0	3歳以上1勝クラス								永島まな		芝1200				1:08.7	0.7		15-15	33.6-34.4	33.1	460(+22)					晴		15.0	6.0	11.0	25.5	9.0	9	53.0	良	**	**		ラヴォルタ																																																									
2018106701	2023-12-17	4中京6		6.0	3歳以上1勝クラス								加藤祥太		芝1600				1:35.1	0.6		13-12-12	35.4-35.7	35.4	460(0)					晴		16.0	2.0	3.0	72.0	13.0	11	56.0	良	**	**		ステラバルセロナ																																																									
2018106701	2024-03-09	1中京1		12.0	4歳以上1勝クラス								斎藤新		芝1400				1:22.0	0.4		15-15	33.3-36.4	35.3	464(+4)					晴		18.0	8.0	16.0	157.2	16.0	11	56.0	良	**	**		スクルトゥーラ																																																									
2018106701	2024-03-24	2阪神2		7.0	4歳以上1勝クラス								荻野極		芝1400				1:22.1	0.0		6-6	34.6-35.9	35.5	460(-4)				800.0	雨		14.0	3.0	4.0	22.8	8.0	1	56.0	重	**	**		(バレル)																																																									
2018106701	2024-04-20	3京都1		12.0	4歳以上2勝クラス								田口貫太		芝1600				1:33.2	1.1		6-6	33.9-34.8	35.4	462(+2)					曇		10.0	5.0	5.0	40.2	8.0	6	55.0	良	**	**		サンクフィーユ																																																									
2018106701	2024-05-04	3京都5		12.0	4歳以上2勝クラス								田口貫太		芝1600				1:33.5	0.8		9-7	34.3-35.1	35.0	460(-2)				114.0	晴		10.0	8.0	10.0	41.1	8.0	5	55.0	良	**	**		アイルシャイン																																																									
2018106701	2024-05-25	3京都11		12.0	4歳以上2勝クラス								荻野極		芝1400				1:20.3	0.4		7-7	33.3-35.3	34.9	464(+4)					晴		17.0	6.0	12.0	137.2	17.0	7	56.0	良	**	**		アスクビギンアゲン																																																									
2018106701	2024-08-10	3新潟1		10.0	新発田城特別(2勝クラス)								荻野極		芝1400				1:20.7	0.4		7-7	33.5-35.0	34.6	460(-4)				155.0	晴		14.0	3.0	3.0	59.4	8.0	5	53.0	良	**	**		サクセスアイ																																																									
2018106701	2024-09-01	3新潟8		9.0	飯豊特別(2勝クラス)								荻野極		芝1400				1:22.5	0.9		2-3	35.2-34.4	35.0	456(-4)				230.0	晴		7.0	6.0	6.0	18.1	4.0	4	56.0	良	**	**		セントメモリーズ																																																									
2018106701	2024-12-01	7京都2		12.0	3歳以上2勝クラス								小沢大仁		芝1400				1:21.4	0.5		8-7	36.1-33.9	33.6	466(+10)				114.0	晴		12.0	2.0	2.0	27.7	7.0	5	55.0	良	**	**		ウルトラソニック																																																									
2018106701	2024-12-22	7京都8		12.0	ジングルベル賞(2勝クラス)								荻野極		芝1400				1:22.0	0.8		5-6	35.4-34.2	34.5	464(-2)					晴		17.0	8.0	17.0	53.2	12.0	10	53.0	良	**	**		ヤマニンアルリフラ																																																									
2018106701	2025-01-13	1中京5		12.0	4歳以上2勝クラス								小沢大仁		芝1200				1:10.2	0.1		8-8	34.6-35.5	34.8	460(-4)				290.0	晴		14.0	5.0	7.0	36.4	11.0	3	55.0	良	**	**		ロードトレイル																																																									
2018106701	2025-02-02	1小倉4		10.0	周防灘特別(2勝クラス)								小沢大仁		芝1200				1:10.3	0.8		16-17	34.3-35.2	34.8	454(-6)					曇		18.0	7.0	14.0	31.0	12.0	10	56.0	稍	**	**		トーラスシャイン																																																									
2018106701	2025-02-09	1京都4		8.0	4歳以上2勝クラス								西村淳也		芝1200				1:10.0	0.9		11-9	34.3-34.8	34.5	460(+6)					晴		13.0	5.0	7.0	53.9	11.0	7	56.0	稍	**	**		マキアージュ																																																									
2018106701	2025-03-08	1阪神3		12.0	4歳以上2勝クラス								西村淳也		芝1200				1:09.4	0.7		8-8	34.2-34.5	34.2	458(-2)					曇		11.0	8.0	10.0	47.5	9.0	11	56.0	良	**	**		アムールリーベ																																																									
2018106701	2025-05-10	2京都5		9.0	久御山特別(2勝クラス)								荻野極		芝1600				1:35.6	0.6		4-4	37.0-34.3	34.6	464(+6)					曇		8.0	7.0	7.0	72.0	6.0	6	56.0	稍	**	**		アルトゥーム																																																									
2018106701	2025-05-31	2京都11		12.0	4歳以上2勝クラス								荻野極		芝1400				1:21.1	0.5		6-5	34.3-35.1	34.8	462(-2)				170.0	曇		13.0	6.0	9.0	67.3	13.0	4	56.0	良	**	**		キタサンダムール																																																									
2018106701	2025-06-21	3東京5		10.0	相模湖特別(2勝クラス)								荻野極		芝1400				1:21.9	0.8		5-5	34.7-35.0	35.2	458(-4)					晴		14.0	2.0	2.0	183.0	13.0	10	56.0	良	**	**		トラペジスト																																																									
2018106701	2025-10-11	3京都3		10.0	宇治川特別(2勝クラス)								鮫島克駿		芝1400				1:20.6	0.3		7-6	35.2-34.0	33.8	474(+16)					晴		13.0	4.0	5.0	83.0	12.0	6	56.0	良	**	**		ミストレス																																																									
2018106701	2025-11-16	4京都4		8.0	3歳以上2勝クラス								鮫島克駿		芝1400				1:20.9	0.2		12-12	35.0-34.4	33.8	472(-2)					晴		15.0	4.0	6.0	101.6	12.0	8	56.0	良	**	**		アンダースコア																																																									
2018106701	2025-11-23	5東京5		12.0	3歳以上2勝クラス								石川裕紀		芝1400				1:21.3	0.8		16-14	35.0-33.8	33.0	464(-8)					曇		18.0	7.0	15.0	94.3	15.0	11	56.0	良	**	**		アニトラ																																																									
2018106701	2025-12-21	5中京6		12.0	尾張特別(2勝クラス)								小沢大仁		芝1400				1:22.4	0.5		12-12	34.6-35.5	34.7	462(-2)					曇		18.0	8.0	16.0	88.2	16.0	8	53.0	稍	**	**		リチャードバローズ																																																									
2018110131	2020-09-13	4中山2		5.0	2歳新馬								戸崎圭太		芝1600				1:38.4	0.7		2-2-2	35.8-35.7	36.2	460(0)				70.0	曇		16.0	6.0	11.0	4.8	2.0	5	54.0	良	**	**		アヴァノス																																																									
2018110131	2020-10-04	2中京9		2.0	2歳未勝利								岩田望来		ダ1800				1:53.8	0.3		2-2-2-2	37.0-38.2	38.4	456(-4)				200.0	曇		16.0	5.0	10.0	3.7	1.0	2	54.0	良	**	**		ロードシュトローム																																																									
2018110131	2020-12-12	6阪神3		2.0	2歳未勝利								福永祐一		ダ1800				1:54.3	-0.2		1-1-1-1	37.8-38.2	38.2	460(+4)				510.0	晴		12.0	8.0	11.0	1.2	1.0	1	55.0	良	**	**		(ゴールドハイアー)																																																									
2018110131	2021-01-09	1中京2		7.0	3歳1勝クラス								岩田望来		ダ1800				1:56.7	2.5		3-2-2-2	36.7-39.2	41.7	458(-2)					晴		13.0	7.0	10.0	3.9	2.0	11	56.0	良	**	**		ハンディーズピーク																																																									
2018110131	2021-03-14	2中京2		6.0	3歳1勝クラス								松山弘平		ダ1800				1:51.2	0.1		1-1-1-1	36.6-37.1	37.2	452(-6)				290.0	晴		11.0	8.0	11.0	9.6	4.0	2	56.0	不	**	**		ピースマッチング																																																									
2018110131	2021-04-03	2阪神3		5.0	3歳1勝クラス								松若風馬		ダ1800				1:56.3	3.1		2-2-2-2	36.2-38.7	41.8	448(-4)					曇		16.0	2.0	4.0	5.0	3.0	15	56.0	良	**	**		ワイズマンハート																																																									
2018110131	2021-07-04	3小倉2		8.0	3歳以上1勝クラス								福永祐一		ダ1700				1:46.4	0.5		1-1-1-1	30.1-39.0	39.5	468(+20)					曇		16.0	6.0	12.0	5.5	3.0	8	54.0	良	**	**		ファンキーゴールド																																																									
2018110131	2021-12-18	6中京5		8.0	3歳以上1勝クラス								吉田隼人		ダ1800				1:51.1	0.5		1-1-1-1	36.0-37.6	38.1	466(-2)				300.0	晴		12.0	7.0	10.0	6.2	3.0	2	56.0	重	**	**		メイショウミカワ																																																									
2018110131	2022-01-09	1中京3		7.0	4歳以上1勝クラス								松山弘平		ダ1800				1:55.0	1.9		1-1-1-1	36.7-38.9	40.8	462(-4)					晴		14.0	6.0	9.0	3.5	2.0	7	56.0	良	**	**		ラズルダズル																																																									
2018110131	2022-02-05	1中京11		8.0	4歳以上1勝クラス								松山弘平		ダ1800				1:54.9	0.2		1-1-1-1	37.2-39.6	39.8	462(0)				310.0	晴		12.0	2.0	2.0	5.0	2.0	2	56.0	良	**	**		クリノナイスガイ																																																									
2018110131	2022-03-06	1阪神8		6.0	4歳以上1勝クラス								松山弘平		ダ1800				2:01.1	7.9		2-1-3-8	36.1-39.5	46.3	462(0)					曇		8.0	2.0	2.0	3.2	1.0	8	57.0	良	**	**		タイスケフェイス																																																									
2018110131	2022-10-30	4新潟6		7.0	3歳以上1勝クラス								富田暁		ダ1800				1:54.3	1.6		1-1-1-1	36.9-38.0	39.6	470(+8)					曇		13.0	7.0	11.0	16.5	8.0	8	57.0	稍	**	**		タケルジャック																																																									
2018110131	2022-11-19	3福島5		2.0	3歳以上1勝クラス								角田大和		ダ1700				1:50.5	4.6		1-1-4-6	29.5-39.0	43.4	466(-4)					晴		15.0	8.0	15.0	17.9	7.0	14	56.0	良	**	**		トーセンマーク																																																									
2018110131	2023-02-25	1阪神5		8.0	4歳以上1勝クラス								荻野極		ダ1400				1:26.8	1.8		1-1	35.5-37.6	39.4	446(-20)					晴		16.0	3.0	5.0	19.5	8.0	16	58.0	稍	**	**		ロードオルデン																																																									
2018110131	2023-04-22	1京都1		7.0	4歳以上1勝クラス								松田大作		ダ1200				1:15.0	2.7		13-12	35.9-36.4	37.3	458(+12)					晴		13.0	1.0	1.0	13.0	6.0	11	58.0	良	**	**		ルアル																																																									
2018110131	2023-06-01	浦和		9.0	マルチステッキ特別(B2B3)								本田正重		ダ1400				1:31.7	2.9		2-2-4-7	36.8-38.8	41.7	465(+7)					晴		12.0	2.0	2.0	13.6	5.0	10	57.0	稍	**	**		グッドフェイス																																																									
2018110131	2023-09-17	4阪神4		8.0	3歳以上1勝クラス								松若風馬		ダ1800				2:02.0	7.6		4-3-5-11	36.4-40.5	46.5	448(-17)					晴		12.0	7.0	10.0	22.5	7.0	11	58.0	良	**	**		オラヴェリタス																																																									
2018110131	2023-10-28	4新潟5		1.0	障害3歳以上未勝利								中村将之		障2850				3:10.1	2.5		2-2-3-3	106.0-0.0	13.3	458(+10)					雨		14.0	6.0	9.0	238.3	12.0	6	60.0	稍				プンタアレナス																																																									
2018110131	2023-12-17	5中山6		4.0	障害3歳以上未勝利								中村将之		障2880				3:18.1	5.6		7-8-7-6	109.1-0.0	13.8	462(+4)				79.0	晴		13.0	5.0	6.0	26.0	7.0	5	60.0	良				エンデュミオン																																																									
2018110131	2024-01-07	1中山2		4.0	障害4歳以上未勝利								水沼元輝		障2880				3:14.9	2.0		2-4-2-1	107.1-0.0	13.5	454(-8)					曇		14.0	6.0	10.0	85.8	9.0	8	57.0	良				ビップランバン																																																									
2018110131	2024-03-02	2小倉7		5.0	障害4歳以上未勝利								小牧加矢		障2860				3:15.7	4.4		6-5-7-7	109.1-0.0	13.7	458(+4)					晴		11.0	5.0	5.0	36.1	7.0	8	60.0	稍				サクセスエース																																																									
2018110131	2024-04-20	1福島5		4.0	障害4歳以上未勝利								水沼元輝		障2770				3:03.3	0.6		5-4-6-3	105.0-0.0	13.2	456(-2)				200.0	晴		14.0	5.0	8.0	71.8	11.0	3	57.0	良				メイショウキョウジ																																																									
2018110131	2024-05-18	1新潟7		4.0	障害4歳以上未勝利								水沼元輝		障2890				3:12.4	1.4		6-7-8-5	106.0-0.0	13.3	460(+4)				120.0	晴		13.0	2.0	2.0	11.1	4.0	4	57.0	良				ゴールドルパン																																																									
2018110131	2024-06-09	4京都4		1.0	障害3歳以上未勝利								小坂忠士		障2910				3:18.0	1.3		3-3-4-4	107.0-0.0	13.6	460(0)				200.0	曇		10.0	4.0	4.0	20.1	6.0	3	60.0	稍				スマイルスルー																																																									
2018110131	2024-07-06	3小倉3		1.0	障害3歳以上未勝利								小坂忠士		障2860				3:12.2	0.7		3-4-3-2	104.0-0.0	13.4	460(0)				320.0	晴		9.0	7.0	7.0	8.2	3.0	2	60.0	良				オオキニ																																																									
2018110131	2024-08-11	3新潟2		1.0	障害3歳以上未勝利								小坂忠士		障2850				3:05.2	0.0		2-2-2-2	103.0-0.0	13.0	458(-2)				320.0	曇		11.0	3.0	3.0	2.9	2.0	2	60.0	良				ヴァトレニ																																																									
2018110131	2024-12-22	7京都8		5.0	障害3歳以上未勝利								小坂忠士		障2910				3:20.3	1.5		3-3-2-2	109.0-0.0	13.8	452(-6)				320.0	曇		14.0	1.0	1.0	2.7	1.0	2	60.0	良				マテンロウジョイ																																																									
2018110131	2025-01-12	1中京4		4.0	障害4歳以上未勝利								小牧加矢		障3000				3:22.7	0.0		1-1-1-1	106.1-0.0	13.5	460(+8)				340.0	曇		12.0	8.0	12.0	1.6	1.0	2	60.0	良				メイショウコホク																																																									
2018110131	2025-02-01	1小倉3		4.0	障害4歳以上未勝利								小牧加矢		障2860				3:10.6	0.6		2-2-1-1	106.0-0.0	13.3	458(-2)				210.0	小雨		12.0	7.0	9.0	1.5	1.0	3	60.0	良				ラエール																																																									
2018110131	2025-03-30	2阪神2		4.0	障害4歳以上未勝利								小牧加矢		障2970				3:27.5	1.5		2-2-2-4	109.0-0.0	14.0	458(0)				84.0	晴		14.0	7.0	12.0	1.9	1.0	5	60.0	良				ザスリーサーティ																																																									
2018110131	2025-04-20	2阪神8		4.0	障害4歳以上未勝利								小坂忠士		障2970				3:25.2	0.6		1-1-1-1	106.0-0.0	13.8	460(+2)				130.0	曇		14.0	3.0	3.0	7.9	5.0	4	60.0	良				テイエムマジック																																																									
2018110131	2025-05-10	1新潟3		1.0	障害4歳以上未勝利								小坂忠士		障2890				3:12.2	0.8		3-3-2-2	105.1-0.0	13.3	456(-4)				210.0	曇		14.0	7.0	11.0	5.2	2.0	3	60.0	稍				コスモチプリア																																																									
2018110131	2025-08-02	2新潟3		1.0	障害3歳以上未勝利								小坂忠士		障2850				3:04.5	1.7		5-6-4-4	101.1-0.0	12.9	458(+2)				130.0	晴		14.0	6.0	9.0	5.5	3.0	4	60.0	良				ロードプレイヤー																																																									
2018110131	2025-08-24	4中京2		1.0	障害3歳以上未勝利								小坂忠士		障3000				3:18.7	-0.5		1-1-1-2	103.1-0.0	13.2	460(+2)				840.0	晴		11.0	1.0	1.0	5.3	2.0	1	60.0	良				(テトラード)																																																									
2018110131	2025-11-22	3福島5		5.0	障害3歳以上OP								森一馬		障3380				3:45.8	1.7		2-2-3-4	104.1-0.0	13.4	452(-8)					晴		14.0	8.0	14.0	20.0	7.0	6	60.0	良				エンデュミオン																																																									
2018110131	2025-12-20	5阪神5		4.0	障害3歳以上OP								小坂忠士		障3110				3:34.3	0.8		2-2-3-3	106.0-0.0	13.8	450(-2)				360.0	晴		14.0	1.0	1.0	39.2	12.0	3	60.0	良				テイエムマジック																																																									
2019100135	2021-10-09	4東京1		4.0	2歳新馬								田辺裕信		ダ1600				1:39.0	-0.2		1-1	35.7-37.9	37.9	490(0)				700.0																																											曇		16.0	3.0	5.0	4.3	2.0	1	55.0	良	**	**		(ワールドコネクター)															
2019100135	2021-12-12	5中山4		7.0	2歳1勝クラス								田辺裕信		ダ1800				1:56.6	2.3		2-2-6-6	37.0-38.3	40.1	498(+8)																																															晴		10.0	8.0	9.0	29.8	6.0	9	55.0	良	**	**		ウェルカムニュース															
2019100135	2022-01-29	1東京1		4.0	3歳1勝クラス								永野猛蔵		ダ1600				1:39.6	2.7		4-5	34.7-37.9	40.0	494(-4)																																															曇		16.0	3.0	6.0	59.7	9.0	14	54.0	良	**	**		リッキーマジック															
2019100135	2022-02-19	1東京7		2.0	3歳1勝クラス								菱田裕二		ダ1400				1:26.1	0.4		1-1	35.8-37.2	37.6	496(+2)				300.0																																											曇		16.0	2.0	3.0	42.0	11.0	2	56.0	稍	**	**		ウラヤ															
2019100135	2022-03-13	1阪神10		5.0	3歳1勝クラス								菱田裕二		ダ1400				1:25.8	1.2		4-4	34.4-38.2	38.7	496(0)																																															曇		13.0	8.0	13.0	12.7	6.0	6	56.0	良	**	**		ドンフランキー															
2019100135	2022-04-24	2東京2		6.0	3歳1勝クラス								田辺裕信		ダ1400				1:26.5	2.3		5-6	34.2-37.5	39.4	496(0)																																															小雨		16.0	4.0	7.0	6.1	2.0	9	56.0	良	**	**		レッドゲイル															
2019100135	2022-05-08	2東京6		5.0	3歳1勝クラス								永野猛蔵		ダ1600				1:38.5	0.8		2-2	35.9-36.3	37.0	498(+2)				75.0																																											曇		13.0	8.0	12.0	24.8	7.0	5	54.0	良	**	**		ビヨンドザファザー															
2019100135	2022-06-04	3東京1		8.0	3歳以上1勝クラス								永野猛蔵		ダ1600				1:38.0	1.2		2-1	35.9-37.1	38.3	496(-2)																																															晴		16.0	4.0	7.0	20.1	7.0	9	52.0	良	**	**		エルパソ															
2019100135	2022-11-20	5東京6		4.0	3歳以上1勝クラス								永野猛蔵		ダ1400				1:28.1	2.5		1-1	35.7-36.9	39.4	502(+6)																																															曇		16.0	7.0	14.0	7.3	4.0	14	55.0	良	**	**		セブンダートオー															
2019100135	2022-12-18	6中京6		3.0	3歳以上1勝クラス								永野猛蔵		ダ1400				1:27.8	1.9		2-2	34.6-39.3	41.1	502(0)																																															晴		16.0	8.0	16.0	21.3	4.0	11	55.0	良	**	**		トランキリテ															
2019100135	2023-01-22	1中京8		8.0	4歳以上1勝クラス								イーガン		ダ1200				1:13.2	0.1		4-6	35.6-37.5	37.2	506(+4)				320.0																																											晴		15.0	6.0	11.0	3.6	1.0	2	58.0	良	**	**		メイショウオウギ															
2019100135	2023-02-05	1東京4		7.0	4歳以上1勝クラス								ルメール		ダ1300				1:18.8	0.0		7-4	29.6-37.3	36.4	504(-2)				800.0																																											晴		16.0	5.0	10.0	3.0	1.0	1	58.0	良	**	**		(フォトスフィア)															
2019100135	2023-03-05	2中山4		12.0	4歳以上2勝クラス								戸崎圭太		ダ1200				1:12.2	1.4		10-8	34.2-36.6	36.8	506(+2)																																															曇		16.0	1.0	1.0	26.5	8.0	13	58.0	良	**	**		セイカフォルゴーレ															
2019100135	2023-04-08	3中山5		9.0	葛飾特別(2勝クラス)								永野猛蔵		ダ1200				1:11.9	1.2		15-15	33.8-36.9	36.1	502(-4)																																															曇		15.0	1.0	1.0	84.6	10.0	12	58.0	稍	**	**		ドリームビリーバー															
2019100135	2023-05-07	2東京6		8.0	4歳以上2勝クラス								永野猛蔵		ダ1300				1:19.3	1.8		16-15	29.2-36.8	35.6	502(0)																																															雨		16.0	1.0	1.0	68.3	11.0	10	57.0	良	**	**		サザンエルフ															
2019100135	2023-11-12	5東京4		7.0	3歳以上2勝クラス								木幡巧也		ダ1300				1:19.9	2.6		3-3	29.5-36.1	38.2	496(-6)																																															曇		16.0	3.0	6.0	139.7	14.0	13	58.0	良	**	**		シアージスト															
2019100135	2023-12-09	4中京3		10.0	豊川特別(2勝クラス)								吉田隼人		ダ1200				1:12.1	0.6		8-8	34.4-37.1	36.5	488(-8)																																															晴		16.0	3.0	6.0	151.3	13.0	6	58.0	良	**	**		ドラゴンゴクウ															
2019100135	2024-02-04	1東京4		12.0	4歳以上2勝クラス								永野猛蔵		ダ1300				1:18.4	-0.5		8-7	29.5-37.0	36.1	486(-2)				1140.0																																											曇		16.0	3.0	5.0	33.6	10.0	1	57.0	良	**	**		(ニットウバジル)															
2019100135	2024-02-25	2中山2		10.0	春風S(3勝クラス)								永野猛蔵		ダ1200				1:11.2	1.1		15-11	32.9-37.2	36.7	484(-2)																																															小雨		16.0	2.0	3.0	60.2	11.0	12	56.0	重	**	**		マニバドラ															
2019100135	2024-04-21	2東京2		10.0	鎌倉S(3勝クラス)								大野拓弥		ダ1400				1:25.8	2.0		6-5	34.4-37.2	38.0	484(0)																																															曇		15.0	3.0	4.0	58.1	12.0	10	58.0	良	**	**		コパノニコルソン															
2019100135	2024-06-02	3東京2		10.0	タイキシャトルC(3勝クラス)								大野拓弥		ダ1400				1:22.4	0.6		10-12	34.2-36.0	35.3	482(-2)																																															小雨		16.0	8.0	15.0	166.2	15.0	7	55.0	重	**	**		バグラダス															
2019100135	2024-10-13	4東京3		10.0	テレビ静岡賞(3勝クラス)								シュタル		ダ1400				1:26.1	3.4		7-7	34.5-36.0	38.7	490(+8)																																															晴		16.0	7.0	14.0	138.8	14.0	16	58.0	良	**	**		ロードフォンス															
2019100135	2024-11-10	5東京4		9.0	銀嶺S(3勝クラス)								原優介		ダ1400				1:24.9	1.4		10-12	35.3-36.4	36.3	488(-2)																																															曇		14.0	6.0	10.0	151.3	14.0	8	55.0	良	**	**		バトゥーキ															
2019100135	2025-03-30	2阪神2		4.0	障害4歳以上未勝利								上野翔		障2970				3:29.8	3.8		7-6-7-6	109.0-0.0	14.1	490(+2)																																															晴		14.0	5.0	8.0	25.5	7.0	7	60.0	良				ザスリーサーティ															
2019100135	2025-05-10	1新潟3		1.0	障害4歳以上未勝利								大江原圭		障2890				3:16.3	4.9		3-4-4-6	105.1-0.0	13.6	492(+2)																																															曇		14.0	3.0	4.0	22.0	6.0	8	60.0	稍				コスモチプリア															
2019100135	2025-06-07	3東京1		1.0	障害3歳以上未勝利								難波剛健		障3000				3:29.1	1.8		9-9-9-8	105.0-0.0	13.9	492(0)																																															晴		14.0	2.0	2.0	87.0	11.0	6	60.0	良				ジオフロント															
2019100135	2025-07-27	3中京2		1.0	障害3歳以上未勝利								難波剛健		障3000				3:19.5	0.5		6-6-6-5	102.1-0.0	13.3	492(0)				84.0																																											晴		14.0	2.0	2.0	22.9	7.0	5	60.0	良				タマモエース															
2019100135	2025-10-05	4東京2		4.0	障害3歳以上未勝利								上野翔		障3000				3:27.0	0.5		4-4-3-3	105.0-0.0	13.8	498(+6)				340.0																																											晴		14.0	5.0	8.0	13.2	5.0	2	60.0	良				プラチナトレジャー															
2019100212	2021-10-10	4東京2		5.0	2歳新馬								石川裕紀		芝2000				2:04.9	0.5		1-1-1	38.8-34.3	34.8	434(0)				180.0	曇		12.0	8.0	12.0	46.1	8.0	3	55.0	良	**	**		テラフォーミング																																																									
2019100212	2021-11-07	2福島2		6.0	2歳未勝利								原優介		芝1800				1:49.9	0.0		3-3-3-3	35.8-36.5	36.1	438(+4)				510.0	晴		16.0	2.0	3.0	4.9	2.0	1	52.0	良	**	**		(ゲーテローズ)																																																									
2019100212	2021-12-04	5中山1		9.0	葉牡丹賞(1勝クラス)								石川裕紀		芝2000				2:02.9	2.3		3-3-5-11	36.1-35.6	37.5	446(+8)					晴		15.0	4.0	7.0	57.0	11.0	14	55.0	良	**	**		ボーンディスウェイ																																																									
2019100212	2022-01-05	1中山1		5.0	3歳1勝クラス								小林脩斗		芝2000				2:03.2	1.3		5-5-5-7	37.4-34.3	35.1	442(-4)					晴		9.0	4.0	4.0	62.0	7.0	8	53.0	良	**	**		アスクビクターモア																																																									
2019100212	2022-02-06	1東京4		9.0	ゆりかもめ賞(1勝クラス)								石川裕紀		芝2400				2:29.0	1.7		6-5-4-5	37.3-34.3	35.5	442(0)					曇		10.0	6.0	6.0	183.8	10.0	9	56.0	良	**	**		レヴァンジル																																																									
2019100212	2022-02-26	2中山1		9.0	水仙賞(1勝クラス)								石川裕紀		芝2200				2:15.7	0.4		2-2-2-2	36.1-35.5	35.8	442(0)				262.8	晴		9.0	8.0	8.0	164.3	9.0	3	56.0	良	**	**		ロードレゼル																																																									
2019100212	2022-10-02	4中山9		7.0	3歳以上1勝クラス								石川裕紀		芝2200				2:14.8	0.7		1-1-1-2	37.0-36.2	36.9	440(-2)					晴		12.0	8.0	12.0	46.0	11.0	8	54.0	良	**	**		キントリヒ																																																									
2019100212	2022-10-22	4新潟3		9.0	岩船特別(1勝クラス)								丸山元気		芝2200				2:15.7	0.9		3-3-4-5	36.8-34.7	35.3	436(-4)					雨		16.0	5.0	10.0	32.5	8.0	8	54.0	良	**	**		バラジ																																																									
2019100212	2022-11-12	3福島3		8.0	3歳以上1勝クラス								原優介		芝2600				2:43.2	0.2		3-4-5-11	38.0-36.6	36.5	442(+6)					晴		16.0	1.0	2.0	9.7	5.0	6	53.0	良	**	**		ブラックラテ																																																									
2019100212	2023-01-14	1小倉1		9.0	帆柱山特別(1勝クラス)								松岡正海		芝2600				2:41.5	1.1		4-5-7-6	36.0-36.5	37.0	456(+14)					小雨		16.0	7.0	13.0	10.0	7.0	7	57.0	重	**	**		フィレンツェ																																																									
2019100212	2023-01-29	1小倉6		10.0	足立山特別(1勝クラス)								丹内祐次		芝2600				2:42.7	0.6		4-5-3-2	37.6-36.8	37.1	462(+6)				446.0	曇		7.0	5.0	5.0	4.2	3.0	2	57.0	重	**	**		エヴィダンシア																																																									
2019100212	2023-02-25	2小倉5		10.0	脊振山特別(1勝クラス)								丹内祐次		芝2600				2:43.2	1.0		3-3-3-4	36.9-37.6	38.3	462(0)					曇		12.0	7.0	9.0	6.0	3.0	8	57.0	稍	**	**		アスカノミライ																																																									
2019100212	2023-04-09	1福島2		7.0	4歳以上1勝クラス								丹内祐次		芝2600				2:44.2	0.4		6-6-5-5	38.8-36.2	36.1	456(-6)					晴		16.0	2.0	3.0	6.0	3.0	6	58.0	良	**	**		エリカヴァレリア																																																									
2019100212	2023-04-15	3中山7		7.0	4歳以上1勝クラス								石川裕紀		芝2200				2:18.8	2.0		2-2-2-2	36.6-37.9	39.9	458(+2)					雨		11.0	8.0	11.0	7.5	4.0	8	58.0	重	**	**		シャドウマッドネス																																																									
2019100212	2023-07-15	2函館5		7.0	3歳以上1勝クラス								黛弘人		芝2600				2:47.7	0.8		6-6-7-7	39.0-38.0	38.3	440(-18)					雨		11.0	3.0	3.0	18.4	8.0	6	58.0	重	**	**		ラウルピドゥ																																																									
2019100212	2023-07-29	1札幌3		7.0	3歳以上1勝クラス								黛弘人		芝2000				2:00.6	1.2		10-10-10-8	34.9-35.6	35.9	446(+6)					晴		15.0	2.0	2.0	85.2	12.0	7	58.0	良	**	**		フレーヴァード																																																									
2019100212	2023-08-12	2札幌1		8.0	3歳以上1勝クラス								小林凌大		芝2600				2:43.2	1.4		9-9-9-9	37.6-37.2	37.7	448(+2)					晴		13.0	7.0	11.0	45.3	8.0	8	56.0	良	**	**		ヴィルトブリーゼ																																																									
2019100212	2023-11-05	3福島2		7.0	3歳以上1勝クラス								小林勝太		芝2600				2:43.2	0.3		6-6-10-7	38.0-36.8	36.4	444(-4)				320.0	曇		11.0	2.0	2.0	10.6	6.0	2	55.0	良	**	**		ヴェルミセル																																																									
2019100212	2023-11-19	3福島6		9.0	磐梯山特別(1勝クラス)								佐々木大		芝2600				2:44.9	0.0		9-8-10-8	38.7-36.5	35.7	444(0)				286.1	晴		16.0	3.0	6.0	16.9	6.0	3	58.0	良	**	**		シリンガバルガリス																																																									
2019100212	2024-01-13	1小倉1		6.0	4歳以上1勝クラス								佐々木大		芝2600				2:39.7	0.8		13-13-13-12	35.7-35.3	35.0	456(+12)				120.0	晴		16.0	2.0	4.0	4.1	2.0	4	57.0	良	**	**		カナオールウェイズ																																																									
2019100212	2024-01-27	1小倉5		9.0	足立山特別(1勝クラス)								西村淳也		芝2600				2:41.3	1.1		6-6-8-9	36.3-36.9	37.1	460(+4)					晴		14.0	1.0	1.0	4.6	2.0	8	58.0	良	**	**		トロピカルライト																																																									
2019100212	2024-04-21	1福島6		9.0	燧ヶ岳特別(1勝クラス)								丹内祐次		芝2600				2:39.9	0.0		5-5-2-1	36.8-35.8	35.7	452(-8)				1133.1	晴		9.0	7.0	7.0	2.6	1.0	1	58.0	良	**	**		(モルトヴェローチェ)																																																									
2019100212	2024-07-13	2福島5		10.0	信夫山特別(2勝クラス)								原優介		芝2600				2:41.7	0.8		3-3-4-4	38.4-34.9	35.5	456(+4)				627.4	晴		12.0	5.0	5.0	9.6	4.0	2	58.0	良	**	**		プレリュードシチー																																																									
2019100212	2024-08-18	3新潟4		10.0	阿賀野川特別(2勝クラス)								松岡正海		芝2200				2:12.8	0.9		3-5-3-3	35.4-35.3	35.6	462(+6)					晴		13.0	2.0	2.0	47.2	7.0	6	58.0	良	**	**		ピースワンデュック																																																									
2019100212	2024-11-02	3福島1		10.0	三陸特別(2勝クラス)								丹内祐次		芝2600				2:46.7	0.7		3-4-4-4	39.2-37.9	38.3	450(-12)				630.0	雨		16.0	5.0	9.0	5.2	3.0	2	56.0	重	**	**		ヴェルミセル																																																									
2019100212	2024-12-22	5中山8		9.0	グッドラックH(2勝クラス)								ドイル		芝2500				2:34.0	1.8		5-6-8-8	30.6-36.4	37.3	460(+10)					晴		16.0	4.0	8.0	30.5	8.0	7	56.0	良	**	**		スティンガーグラス																																																									
2019100212	2025-01-26	1小倉2		10.0	海の中道特別(2勝クラス)								丹内祐次		芝2600				2:40.2	0.5		6-5-3-3	37.0-35.7	35.9	454(-6)					晴		16.0	6.0	11.0	7.5	4.0	6	58.0	良	**	**		グランアルティスタ																																																									
2019100212	2025-04-20	1福島4		10.0	奥の細道特別(2勝クラス)								丸山元気		芝2600				2:41.8	0.1		5-5-5-6	39.1-35.6	35.2	460(+6)				230.0	曇		15.0	1.0	1.0	7.4	4.0	4	58.0	良	**	**		キットハナガサク																																																									
2019100212	2025-07-12	2福島5		9.0	信夫山特別(2勝クラス)								三浦皇成		芝2600				2:44.7	1.5		5-5-7-8	38.4-36.4	37.2	456(-4)					曇		12.0	8.0	12.0	4.8	3.0	8	58.0	良	**	**		ロードオールライト																																																									
2019100212	2025-08-17	2新潟8		8.0	阿賀野川特別(2勝クラス)								菊沢一樹		芝2200				2:14.6	0.3		3-3-3-3	35.8-35.9	36.0	458(+2)				392.8	晴		9.0	6.0	6.0	48.4	6.0	3	58.0	良	**	**		アマキヒ																																																									
2019100212	2025-11-16	3福島4		10.0	三陸特別(2勝クラス)								荻野極		芝2600				2:42.5	1.1		11-9-10-12	37.0-35.1	35.5	450(-8)					晴		16.0	7.0	14.0	13.4	8.0	10	58.0	良	**	**		ローザサンリヴァル																																																									
2019100212	2025-12-28	5中山8		9.0	グッドラックH(2勝クラス)								丹内祐次		芝2500				2:34.1	0.5		7-5-9-8	31.3-36.1	36.0	450(0)				155.0	晴		14.0	3.0	4.0	175.8	12.0	5	56.0	良	**	**		コーチェラバレー																																																									
2019100214	2021-07-17	1福島5		6.0	2歳新馬								武藤雅		芝1200				1:10.8	-0.2		7-6	35.0-35.8	35.2	470(0)				700.0																													晴		16.0	6.0	11.0	4.2	2.0	1	54.0	良	**	**		(ヴェラフォルツァ)																													
2019100214	2021-08-22	2札幌4		9.0	クローバー賞(OP)								横山武史		芝1500				1:29.9	0.8		3-3-3	30.0-35.1	35.7	468(-2)				240.0																													曇		11.0	3.0	3.0	8.6	3.0	4	54.0	良	**	**		ラブリイユアアイズ																													
2019100214	2022-01-29	1東京1		10.0	クロッカスS(L)								松岡正海		芝1400				1:22.8	1.0		7-7	36.2-33.3	33.6	486(+18)																																	晴		9.0	5.0	5.0	51.5	8.0	8	56.0	良	**	**		トウシンマカオ																													
2019100214	2022-02-27	2中山2		7.0	3歳1勝クラス								松岡正海		芝1600				1:35.6	0.2		2-2-1	35.5-34.9	34.9	490(+4)				110.0																													晴		10.0	8.0	9.0	93.0	9.0	4	56.0	良	**	**		レッドモンレーヴ																													
2019100214	2022-03-21	2中山8		6.0	3歳1勝クラス								松岡正海		芝1600				1:35.0	0.4		2-3-2	34.4-35.9	35.6	484(-6)				190.0																													晴		13.0	8.0	12.0	15.3	6.0	3	56.0	稍	**	**		サーマルウインド																													
2019100214	2022-04-24	1福島4		9.0	雪うさぎ賞(1勝クラス)								松岡正海		芝1200				1:09.9	-0.3		5-5	34.3-35.6	35.0	484(0)				1065.7																													曇		16.0	3.0	5.0	3.6	1.0	1	56.0	良	**	**		(グランアプロウソ)																													
2019100214	2022-05-28	3中京7		11.0	葵S(GIII)								松岡正海		芝1200				1:08.6	0.4		3-2	33.2-35.0	35.1	480(-4)				600.0																													晴		17.0	6.0	12.0	9.0	6.0	4	56.0	良	**	**		ウインマーベル																													
2019100214	2023-01-15	1小倉2		9.0	小郡特別(2勝クラス)								松岡正海		芝1200				1:09.1	0.0		5-5	33.2-35.9	35.3	496(+16)				631.8																													曇		18.0	7.0	15.0	3.3	1.0	2	58.0	稍	**	**		バンデルオーラ																													
2019100214	2023-01-28	1小倉5		11.0	周防灘特別(2勝クラス)								松岡正海		芝1200				1:09.6	0.4		3-4	33.7-35.5	35.5	496(0)				230.0																													曇		18.0	7.0	14.0	2.6	1.0	4	58.0	重	**	**		エナジーグラン																													
2019100214	2023-04-08	1福島1		10.0	花見山特別(2勝クラス)								松岡正海		芝1200				1:10.3	1.3		5-3	32.8-36.2	37.0	502(+6)																																	曇		16.0	6.0	12.0	2.4	1.0	13	58.0	良	**	**		オードゥメール																													
2019100214	2023-10-08	4東京2		9.0	三鷹特別(2勝クラス)								松岡正海		芝1400				1:21.4	0.1		3-3	35.0-34.5	34.1	504(+2)				626.2																													曇		9.0	3.0	3.0	8.5	4.0	2	58.0	良	**	**		レフトゥバーズ																													
2019100214	2023-10-28	4新潟5		10.0	清津峡特別(2勝クラス)								黛弘人		芝1200				1:10.5	0.2		6-6	33.5-36.8	36.2	508(+4)				395.7																													小雨		18.0	7.0	14.0	5.4	3.0	3	58.0	重	**	**		アメトリーチェ																													
2019100214	2023-11-11	3福島3		10.0	飯坂温泉特別(2勝クラス)								黛弘人		芝1200				1:09.7	0.0		6-6	33.3-36.4	35.6	500(-8)				1587.8																													晴		16.0	3.0	6.0	4.6	1.0	1	58.0	良	**	**		(ブロンズレッド)																													
2019100214	2023-12-03	5中山2		9.0	南総S(3勝クラス)								松岡正海		芝1200				1:07.7	0.5		4-4	33.0-34.2	34.5	502(+2)																																	晴		15.0	7.0	13.0	15.9	8.0	10	56.0	良	**	**		バースクライ																													
2019100214	2024-04-06	3中山5		10.0	船橋S(3勝クラス)								松岡正海		芝1200				1:09.2	0.6		4-4	33.6-35.0	35.3	486(-16)																																	曇		15.0	6.0	11.0	39.2	13.0	8	58.0	稍	**	**		サウザンサニー																													
2019100214	2024-05-19	2東京10		9.0	フリーウェイS(3勝クラス)								松岡正海		芝1400				1:21.3	0.8		7-7	34.6-34.2	33.6	492(+6)				184.0																													曇		13.0	7.0	10.0	16.9	5.0	5	58.0	良	**	**		シャドウフューリー																													
2019100214	2024-06-29	2福島1		11.0	バーデンバーデンC(3勝クラス)								松岡正海		芝1200				1:07.5	0.5		7-7	32.4-34.6	34.2	488(-4)				280.0																													晴		14.0	6.0	9.0	5.5	4.0	4	58.0	良	**	**		キタノエクスプレス																													
2019100214	2024-09-08	4中山2		10.0	セプテンバーS(3勝クラス)								松岡正海		芝1200				1:07.3	-0.1		3-5	33.7-33.6	33.2	502(+14)				1861.0																													晴		10.0	5.0	5.0	12.4	7.0	1	56.0	良	**	**		(ブルースピリット)																													
2019100214	2024-11-03	3福島2		11.0	みちのくS(OP)								松岡正海		芝1200				1:10.8	0.1		4-3	35.2-35.5	35.3	500(-2)				929.8																													晴		16.0	7.0	14.0	7.4	3.0	2	57.0	稍	**	**		エターナルタイム																													
2019100214	2024-12-01	5中山2		11.0	ラピスラズリS(L)								松岡正海		芝1200				1:07.5	0.3		2-2	33.7-33.5	33.6	498(-2)				684.9																													晴		16.0	4.0	7.0	5.4	3.0	3	57.0	良	**	**		ペアポルックス																													
2019100214	2025-03-01	2中山1		11.0	オーシャンS(GIII)								松岡正海		芝1200				1:07.7	0.6		7-7	33.7-33.4	33.2	504(+6)				430.0																													晴		15.0	6.0	10.0	8.0	4.0	5	57.0	良	**	**		ママコチャ																													
2019100214	2025-04-27	1福島6		11.0	モルガナイトS(OP)								松岡正海		芝1200				1:09.3	0.8		2-2	34.2-34.3	35.0	496(-8)																																	晴		16.0	5.0	10.0	2.0	1.0	12	57.0	良	**	**		ジャスティンスカイ																													
2019100214	2025-05-25	1新潟8		11.0	韋駄天S(OP)								松岡正海		芝1000				0:56.6	1.1		8	33.2-33.0	33.7	496(0)																																	小雨		16.0	2.0	3.0	17.3	8.0	8	56.0	稍	**	**		テイエムスパーダ																													
2019100214	2025-06-28	1函館5		11.0	青函S(OP)								松岡正海		芝1200				1:09.1	1.0		8-7	33.3-34.8	35.0	494(-2)																																	晴		16.0	1.0	2.0	13.4	8.0	13	56.0	良	**	**		エーティーマクフィ																													
2019100214	2025-12-07	5中山2		11.0	ラピスラズリS(L)								松岡正海		芝1200				1:07.8	0.7		8-6	33.5-33.6	33.7	504(+10)																																	晴		16.0	6.0	11.0	35.7	8.0	6	57.0	良	**	**		ロードフォアエース																													
2019100214	2026-01-17	1中山6		11.0	カーバンクルS(OP)								横山武史		芝1200				1:08.4	1.0		8-8	33.7-33.7	34.0	510(+6)																																	晴		16.0	1.0	1.0	10.8	6.0	16	56.0	良				ウイングレイテスト																													
2019100566	2021-12-28	6阪神9		5.0	2歳新馬								松山弘平		芝1600				1:36.5	0.0		3-3	36.8-34.7	34.3	454(0)				280.0															晴		17.0	1.0	1.0	15.6	6.0	2	54.0	良	**	**		レベレンシア																																											
2019100566	2022-03-13	1阪神10		4.0	3歳未勝利								武豊		芝1600				1:35.7	0.8		1-1	34.5-36.0	36.8	450(-4)																			曇		18.0	3.0	5.0	2.1	1.0	6	54.0	良	**	**		メトセラ																																											
2019100566	2022-03-27	2阪神2		5.0	3歳未勝利								大久保友		ダ1400				1:26.4	1.3		1-1	34.4-38.1	39.4	440(-10)				78.0															晴		16.0	2.0	4.0	3.2	2.0	4	51.0	重	**	**		ロードオルデン																																											
2019100566	2022-04-23	2阪神9		5.0	3歳未勝利								松山弘平		芝1400				1:22.4	1.5		2-2	34.1-34.6	36.0	442(+2)																			晴		18.0	3.0	6.0	12.0	5.0	9	54.0	良	**	**		ハギノモーリス																																											
2019100566	2022-05-29	3中京8		3.0	3歳未勝利								坂井瑠星		ダ1200				1:11.7	-0.5		1-1	34.7-37.0	37.0	442(0)				520.0															晴		16.0	1.0	2.0	4.4	2.0	1	54.0	良	**	**		(プレミアムベリー)																																											
2019100566	2022-06-12	4中京4		12.0	3歳以上1勝クラス								今村聖奈		芝1200				1:09.3	0.8		1-1	33.6-34.9	35.7	436(-6)																			晴		16.0	1.0	1.0	5.8	2.0	10	49.0	良	**	**		クリノマジン																																											
2019100566	2022-08-14	4小倉2		8.0	3歳以上1勝クラス								松山弘平		ダ1000				0:58.0	0.1		2-2	33.4-35.6	35.6	438(+2)				310.0															晴		14.0	3.0	4.0	6.0	4.0	2	52.0	良	**	**		サエールフェイス																																											
2019100566	2022-09-04	4小倉8		8.0	3歳以上1勝クラス								松山弘平		ダ1000				0:58.4	0.2		2-2	33.8-35.7	35.8	434(-4)				310.0															晴		10.0	3.0	3.0	1.8	1.0	2	53.0	稍	**	**		イプノーズ																																											
2019100566	2022-09-17	5中京3		7.0	3歳以上1勝クラス								松山弘平		ダ1200				1:12.2	0.6		2-2	35.1-36.5	37.1	442(+8)				310.0															曇		14.0	3.0	4.0	2.3	1.0	2	53.0	良	**	**		メイショウヒヅクリ																																											
2019100566	2022-11-12	3福島3		4.0	3歳以上1勝クラス								菱田裕二		ダ1150				1:08.6	-0.9		1-1	32.0-36.6	36.6	434(-8)				770.0															晴		16.0	4.0	7.0	4.0	2.0	1	54.0	良	**	**		(ナムラデイリリー)																																											
2019100566	2023-01-05	1中山1		8.0	4歳以上2勝クラス								横山武史		ダ1200				1:11.4	0.3		1-1	33.6-37.5	37.8	438(+4)				290.0															晴		15.0	4.0	7.0	4.3	3.0	3	56.0	良	**	**		スズカコテキタイ																																											
2019100566	2023-08-13	3新潟2		9.0	浦佐特別(2勝クラス)								三浦皇成		ダ1200				1:12.5	1.2		1-1	34.1-37.2	38.4	460(+22)																			晴		15.0	6.0	10.0	3.0	1.0	10	56.0	良	**	**		メイショウミツヤス																																											
2019100566	2023-11-18	3福島5		10.0	西郷特別(2勝クラス)								吉田隼人		ダ1150				1:09.5	2.1		2-2	30.6-36.8	38.8	460(0)																			晴		16.0	2.0	3.0	6.7	4.0	16	56.0	重	**	**		アイファーシアトル																																											
2019100566	2023-12-03	5阪神2		8.0	3歳以上2勝クラス								斎藤新		ダ1200				1:16.3	4.2		2-3	34.8-37.3	41.4	458(-2)																			晴		16.0	3.0	6.0	24.7	6.0	16	56.0	良	**	**		ゼットレヨン																																											
2019100566	2024-02-24	2中山1		12.0	4歳以上2勝クラス								三浦皇成		ダ1200				1:11.4	0.7		14-15	33.5-37.2	36.5	450(-8)																			晴		16.0	6.0	11.0	44.7	13.0	6	56.0	稍	**	**		エレガントムーン																																											
2019100566	2024-03-10	1阪神6		12.0	4歳以上2勝クラス								菱田裕二		ダ1200				1:12.8	0.8		12-9	34.6-37.4	36.6	452(+2)				114.0															晴		13.0	6.0	8.0	29.8	9.0	5	56.0	良	**	**		カネコメシスター																																											
2019100566	2024-04-13	3中山7		12.0	袖ケ浦特別(2勝クラス)								勝浦正樹		ダ1200				1:11.5	0.7		12-11	34.7-36.1	35.7	444(-8)																			晴		15.0	3.0	4.0	37.2	10.0	10	56.0	良	**	**		ハヤブサジェット																																											
2019100566	2024-11-17	6京都6		8.0	3歳以上2勝クラス								Ｍ．デム		ダ1200				1:12.8	1.7		13-10	34.6-36.5	36.9	482(+38)																			曇		16.0	4.0	7.0	60.8	12.0	10	56.0	良	**	**		ツークフォーゲル																																											
2019100566	2024-12-01	7京都2		8.0	3歳以上2勝クラス								西塚洸二		ダ1400				1:25.4	1.2		6-6	35.7-36.4	36.9	476(-6)																			晴		16.0	7.0	13.0	107.7	15.0	11	55.0	良	**	**		ジャーヴィス																																											
2019100566	2025-01-25	1中京8		8.0	4歳以上2勝クラス								鮫島良太		ダ1400				1:25.1	1.2		10-9	34.8-36.8	37.1	472(-4)																			晴		16.0	2.0	4.0	156.8	14.0	8	56.0	良	**	**		リジル																																											
2019100566	2025-02-16	1京都6		12.0	4歳以上2勝クラス								Ｍ．デム		ダ1200				1:12.6	0.4		11-10	35.1-37.1	36.5	468(-4)				290.0															曇		16.0	7.0	13.0	23.7	8.0	3	56.0	稍	**	**		タガノミスト																																											
2019100566	2025-03-16	1阪神6		12.0	4歳以上2勝クラス								Ｍ．デム		ダ1400				1:24.7	0.6		9-9	34.2-37.9	37.3	468(0)																			雨		12.0	1.0	1.0	13.7	7.0	6	56.0	重	**	**		ランスオブサターン																																											
2019100566	2025-04-12	2阪神5		12.0	4歳以上2勝クラス								古川吉洋		ダ1200				1:12.8	1.1		12-9	34.8-36.9	37.2	468(0)																			曇		16.0	5.0	10.0	70.0	10.0	12	56.0	良	**	**		メイショウホウレン																																											
2019100566	2025-06-14	3阪神3		10.0	安芸特別(2勝クラス)								高杉吏麒		ダ1200				1:11.7	1.9		2-2	34.7-35.1	36.9	480(+12)																			雨		16.0	3.0	5.0	109.1	15.0	7	56.0	重	**	**		エコロアゼル																																											
2019100566	2025-07-19	2福島7		10.0	米沢特別(2勝クラス)								小沢大仁		ダ1150				1:09.5	0.6		9-5	32.1-36.8	36.8	462(-18)																			晴		16.0	2.0	4.0	33.9	8.0	6	56.0	良	**	**		ワークソング																																											
2019100566	2025-08-30	4中京3		9.0	清洲特別(2勝クラス)								酒井学		ダ1200				1:11.8	0.8		10-11	34.0-37.0	36.1	472(+10)																			晴		16.0	3.0	6.0	39.3	10.0	7	56.0	良	**	**		メイショウヤーキス																																											
2019100566	2025-10-18	3京都6		9.0	3歳以上2勝クラス								古川吉洋		ダ1400				1:23.8	0.7		11-10	34.8-36.2	35.9	474(+2)				170.0															曇		12.0	6.0	9.0	23.5	7.0	4	56.0	稍	**	**		ヴェロクオーレ																																											
2019100566	2025-11-01	4東京10		8.0	3歳以上2勝クラス								古川吉洋		ダ1400				1:23.2	0.1		10-10	35.1-36.0	35.2	470(-4)				170.0															曇		14.0	4.0	5.0	32.9	7.0	4	56.0	重	**	**		ゲキザル																																											
2019100566	2025-11-24	5東京6		8.0	3歳以上2勝クラス								佐々木大		ダ1400				1:25.1	1.9		5-6	34.7-36.8	37.9	468(-2)																			晴		15.0	2.0	4.0	22.2	6.0	11	56.0	良	**	**		パラサイコロジー																																											
2019100566	2026-01-18	1京都7		9.0	小倉山特別(2勝クラス)								古川吉洋		ダ1400				1:25.3	0.7		13-12	34.6-37.5	37.1	468(0)																																																													晴		16.0	8.0	16.0	104.5	11.0	8	56.0	良	**	**		トゥロン	202608010709
2019100593	2021-07-17	1福島5		5.0	2歳新馬								武藤雅		芝1800				1:52.7	1.1		10-9-10-11	37.9-35.1	35.5	440(0)					晴		13.0	3.0	3.0	18.9	5.0	10	54.0	良	**	**		セプテンベル																																																									
2019100593	2021-10-09	5新潟1		6.0	2歳未勝利								原優介		芝1600				1:35.1	0.8		5-7	35.4-34.4	34.7	454(+14)				77.0	晴		13.0	8.0	13.0	81.2	9.0	4	51.0	良	**	**		ソリタリオ																																																									
2019100593	2021-11-27	5東京7		2.0	2歳未勝利								菅原明良		芝1400				1:24.0	0.2		11-11	36.0-35.1	34.4	454(0)				130.0	晴		18.0	5.0	10.0	14.0	6.0	3	54.0	良	**	**		ウェストファリア																																																									
2019100593	2022-03-05	2中山3		6.0	3歳未勝利								丸山元気		芝1800				1:50.8	0.9		1-1-1-1	36.9-35.0	35.9	468(+14)					晴		16.0	1.0	1.0	31.2	7.0	8	54.0	良	**	**		エピファニー																																																									
2019100593	2022-05-07	2東京5		4.0	3歳未勝利								戸崎圭太		芝1600				1:34.7	0.0		3-3	35.6-34.8	34.5	464(-4)				130.0	曇		18.0	5.0	9.0	6.3	5.0	3	54.0	良	**	**		ラッキークローバー																																																									
2019100593	2022-06-04	3東京1		4.0	3歳未勝利								戸崎圭太		芝1400				1:21.5	0.4		3-3	34.6-34.6	34.6	462(-2)				210.0	晴		18.0	1.0	2.0	4.2	2.0	2	54.0	良	**	**		ミスボニータ																																																									
2019100593	2022-07-03	2福島2		2.0	3歳未勝利								戸崎圭太		芝1200				1:09.2	-0.1		2-2	33.7-35.5	35.4	460(-2)				520.0	晴		16.0	4.0	8.0	1.4	1.0	1	54.0	良	**	**		(セイグッドバイ)																																																									
2019100593	2022-07-24	2福島8		12.0	3歳以上1勝クラス								原優介		芝1200				1:10.2	0.3		1-1	34.2-35.7	36.0	452(-8)				310.0	曇		16.0	2.0	3.0	3.4	1.0	2	49.0	良	**	**		オードゥメール																																																									
2019100593	2022-10-15	4新潟1		10.0	十日町特別(1勝クラス)								原優介		芝1200				1:09.9	1.2		11-9	34.0-34.7	35.2	468(+16)					晴		18.0	6.0	11.0	8.4	4.0	13	53.0	良	**	**		ウィリン																																																									
2019100593	2022-11-06	3福島2		12.0	3歳以上1勝クラス								原優介		芝1200				1:10.1	0.6		3-3	33.3-36.2	36.4	468(0)					晴		16.0	8.0	16.0	6.8	4.0	9	52.0	良	**	**		アスターディゴン																																																									
2019100593	2023-02-04	1小倉7		12.0	4歳以上1勝クラス								原優介		芝1200				1:09.2	0.5		3-4	34.5-34.2	34.5	468(0)					晴		18.0	7.0	13.0	31.7	12.0	9	54.0	良	**	**		メイショウグラニー																																																									
2019100593	2023-02-25	2小倉5		12.0	4歳以上1勝クラス								菱田裕二		芝1200				1:09.6	0.3		5-4	34.3-35.0	35.0	466(-2)					曇		18.0	1.0	2.0	41.3	14.0	6	56.0	稍	**	**		ハピネスアゲン																																																									
2019100593	2023-04-16	1福島4		9.0	医王寺特別(1勝クラス)								原優介		芝1200				1:10.7	0.7		7-5	34.2-35.8	36.1	468(+2)					晴		16.0	8.0	15.0	15.7	9.0	7	56.0	稍	**	**		アドヴァイス																																																									
2019100593	2023-04-22	1福島5		12.0	4歳以上1勝クラス								原優介		ダ1150				1:09.8	1.3		2-2	31.5-37.0	38.3	464(-4)				120.0	晴		13.0	5.0	7.0	5.3	4.0	4	54.0	良	**	**		ドクターマンボウ																																																									
2019100593	2023-05-14	1新潟6		8.0	4歳以上1勝クラス								原優介		ダ1200				1:12.2	0.3		4-4	34.4-37.5	37.4	464(0)				200.0	晴		15.0	7.0	13.0	3.9	1.0	3	54.0	良	**	**		ネオレインボウ																																																									
2019100593	2023-05-20	1新潟7		12.0	4歳以上1勝クラス								菊沢一樹		ダ1200				1:13.3	0.9		2-2	34.9-37.5	38.3	462(-2)					晴		15.0	1.0	1.0	15.0	7.0	7	56.0	良	**	**		ドラゴンゴクウ																																																									
2019100593	2023-08-20	3新潟4		9.0	閃光特別(1勝クラス)								藤田菜七		芝1000				0:54.7	0.3		8	32.2-32.6	31.8	466(+4)				111.0	晴		18.0	7.0	13.0	7.7	4.0	5	56.0	良	**	**		セイウンダマシイ																																																									
2019100593	2023-09-03	3新潟8		12.0	雷光特別(1勝クラス)								藤田菜七		芝1000				0:54.9	-0.2		2	32.6-32.8	32.7	472(+6)				1147.8	晴		17.0	5.0	9.0	4.1	2.0	1	56.0	良	**	**		(アポロルタ)																																																									
2019100593	2023-10-28	4新潟5		10.0	清津峡特別(2勝クラス)								藤田菜七		芝1200				1:11.4	1.1		4-3	33.5-36.8	37.4	474(+2)					小雨		18.0	8.0	18.0	23.8	10.0	16	56.0	重	**	**		アメトリーチェ																																																									
2019100593	2024-02-03	1小倉7		10.0	有田特別(2勝クラス)								黛弘人		ダ1000				0:59.6	2.1		8-8	33.2-35.3	36.6	486(+12)					小雨		14.0	8.0	13.0	66.3	13.0	13	56.0	良	**	**		ユウグロスファクタ																																																									
2019100593	2024-04-28	1新潟2		10.0	邁進特別(2勝クラス)								藤田菜七		芝1000				0:55.6	0.7		8	32.1-33.2	33.3	476(-10)					晴		16.0	5.0	10.0	7.0	5.0	9	54.0	良	**	**		ショウナンマッハ																																																									
2019100593	2024-05-18	2東京9		10.0	高尾特別(2勝クラス)								永野猛蔵		芝1400				1:22.3	1.1		12-12	35.1-34.2	32.9	476(0)					晴		12.0	8.0	11.0	81.8	10.0	11	56.0	良	**	**		タガノシャーンス																																																									
2019100593	2024-08-04	2新潟4		6.0	驀進特別(2勝クラス)								原優介		芝1000				0:56.2	1.3		16	32.3-33.0	33.0	470(-6)					晴		18.0	7.0	13.0	20.1	9.0	17	56.0	良	**	**		ジャスパーノワール																																																									
2019100593	2024-08-31	2札幌7		12.0	マレーシアC(2勝クラス)								黛弘人		芝1200				1:11.9	1.4		6-7	34.7-35.8	36.7	476(+6)					晴		16.0	6.0	12.0	191.2	16.0	12	56.0	重	**	**		ツインクルトーズ																																																									
2019100593	2024-10-12	4新潟3		11.0	飛翼特別(2勝クラス)								原優介		芝1000				0:55.1	0.7		12	32.1-32.6	32.4	472(-4)					晴		18.0	5.0	10.0	272.2	18.0	7	56.0	良	**	**		スコーピオン																																																									
2019100593	2024-12-22	5中山8		8.0	冬至特別(2勝クラス)								菊沢一樹		ダ1200				1:13.1	1.5		9-8	33.6-38.0	39.0	478(+6)					晴		16.0	5.0	9.0	328.9	16.0	15	56.0	良	**	**		ロードフロンティア																																																									
2019100702	2021-12-04	6阪神1		5.0	2歳新馬								Ｍ．デム		芝1800				1:48.8	1.5		2-2	35.9-34.7	36.1	450(0)																																	晴		11.0	3.0	3.0	49.7	7.0	7	55.0	良	**	**		ラリュエル																													
2019100702	2021-12-28	6阪神9		1.0	2歳未勝利								丹内祐次		ダ1800				1:57.3	2.0		9-10-11-11	37.3-38.6	39.3	456(+6)																																	曇		12.0	7.0	10.0	21.7	6.0	10	55.0	良	**	**		アテンパーティ																													
2019100702	2022-03-08	名古屋		10.0	名古屋CCオレンジ賞(3歳)								丸野勝虎		ダ1400				1:32.8	1.6		2-2-2		41.3	452(-4)				10.8																													晴		10.0	8.0	9.0	4.5	2.0	3	56.0	良	**	**		ラパンドネージュ																													
2019100702	2022-04-24	2東京2		3.0	3歳未勝利								柴田大知		芝1400				1:22.8	0.6		9-9	35.8-34.3	34.0	468(+16)				52.0																													曇		18.0	7.0	14.0	60.6	9.0	5	56.0	良	**	**		マンドローネ																													
2019100702	2022-05-15	2東京8		4.0	3歳未勝利								柴田大知		芝1400				1:22.4	0.5		10-9	34.5-34.9	34.6	468(0)				210.0																													曇		18.0	4.0	8.0	22.6	7.0	2	56.0	良	**	**		コズミックフロスト																													
2019100702	2022-06-04	3東京1		4.0	3歳未勝利								柴田大知		芝1400				1:21.9	0.8		16-14	34.6-34.6	34.1	464(-4)				52.0																													晴		18.0	2.0	4.0	8.6	5.0	5	56.0	良	**	**		ミスボニータ																													
2019100702	2022-06-25	3東京7		6.0	3歳未勝利								柴田大知		芝1600				1:34.2	0.6		5-4	35.5-34.8	35.0	466(+2)				130.0																													晴		16.0	1.0	2.0	22.6	5.0	3	56.0	良	**	**		カーペンタリア																													
2019100702	2022-07-17	2福島6		7.0	3歳未勝利								柴田大知		芝1800				1:49.9	-0.1		5-5-5-4	36.0-36.1	35.8	466(0)				520.0																													曇		15.0	6.0	12.0	5.7	3.0	1	56.0	良	**	**		(サンマルディライト)																													
2019100702	2022-08-07	2新潟4		12.0	3歳以上1勝クラス								柴田大知		芝1600				1:35.5	2.1		18-18	35.5-33.9	33.7	466(0)																																	晴		18.0	8.0	18.0	69.8	15.0	15	54.0	良	**	**		コミカライズ																													
2019100702	2022-11-19	3福島5		9.0	三春駒特別(1勝クラス)								柴田大知		芝1800				1:50.4	1.3		14-14-12-15	36.3-36.0	36.0	472(+6)																																	晴		16.0	6.0	12.0	31.7	12.0	15	55.0	良	**	**		ウインシュクラン																													
2019100702	2022-12-11	6中京4		12.0	3歳以上1勝クラス								角田大河		芝1600				1:35.7	1.4		13-12-12	36.1-34.7	34.4	472(0)																																	晴		16.0	8.0	15.0	141.6	13.0	14	54.0	良	**	**		ショウナンアデイブ																													
2019100702	2022-12-18	6中京6		7.0	3歳以上1勝クラス								原優介		芝1600				1:35.4	0.1		11-11-10	35.9-35.6	34.8	472(0)				190.0																													晴		16.0	2.0	4.0	398.2	16.0	3	54.0	良	**	**		オーソレミオ																													
2019100702	2023-01-28	1小倉5		9.0	日田特別(1勝クラス)								丹内祐次		芝1800				1:50.5	0.4		9-9-5-4	37.3-36.5	36.6	476(+4)																																	曇		14.0	8.0	14.0	37.6	11.0	6	57.0	重	**	**		レヴォリオ																													
2019100702	2023-02-26	2小倉6		9.0	高千穂特別(1勝クラス)								丹内祐次		芝1800				1:50.9	0.9		5-5-7-6	38.0-35.7	36.1	482(+6)																																	晴		15.0	2.0	2.0	15.2	7.0	9	57.0	良	**	**		オウケンボルト																													
2019100702	2023-04-15	1福島3		8.0	4歳以上1勝クラス								丹内祐次		芝1800				1:48.9	0.2		13-13-11-9	35.1-37.2	36.0	480(-2)				200.0																													雨		16.0	7.0	13.0	50.9	11.0	3	58.0	稍	**	**		バレエマスター																													
2019100702	2023-04-30	1新潟2		8.0	4歳以上1勝クラス								丹内祐次		芝1800				1:51.2	0.6		9-9	37.2-35.2	35.0	480(0)				80.0																													曇		12.0	6.0	8.0	10.6	4.0	5	58.0	重	**	**		ケイアイセナ																													
2019100702	2023-05-13	2東京7		8.0	4歳以上1勝クラス								丹内祐次		芝1800				1:47.8	0.8		7-9-9	36.2-34.2	33.5	478(-2)																																	小雨		9.0	3.0	3.0	29.0	6.0	6	58.0	良	**	**		ルージュカルミア																													
2019100702	2023-06-18	1函館4		9.0	八雲特別(1勝クラス)								吉田隼人		芝1800				1:49.0	0.1		9-8-4-2	36.4-35.1	34.9	480(+2)				170.0																													晴		11.0	7.0	8.0	22.5	10.0	4	58.0	良	**	**		アップストローク																													
2019100702	2023-07-08	2函館3		9.0	北斗特別(1勝クラス)								丹内祐次		芝2000				2:00.9	0.1		4-3-3-2	35.6-35.1	35.0	478(-2)				447.2																													晴		10.0	7.0	8.0	42.7	9.0	2	58.0	良	**	**		ディープレイヤー																													
2019100702	2023-07-16	2函館6		9.0	臥牛山特別(1勝クラス)								丹内祐次		芝1800				1:51.2	0.2		14-14-12-10	36.6-36.6	35.7	474(-4)				449.2																													曇		14.0	7.0	11.0	5.7	2.0	2	58.0	稍	**	**		バールデュヴァン																													
2019100702	2023-08-05	1札幌5		8.0	3歳以上1勝クラス								丹内祐次		芝1800				1:50.5	1.3		13-13-12-10	36.5-35.3	35.4	476(+2)																																	曇		13.0	5.0	7.0	11.4	4.0	9	58.0	稍	**	**		ゴッドファーザー																													
2019100702	2023-08-19	2札幌3		10.0	富良野特別(1勝クラス)								丹内祐次		芝2000				2:02.5	0.7		16-16-11-4	35.5-35.5	35.3	470(-6)				170.0																													曇		16.0	1.0	1.0	27.3	8.0	4	58.0	良	**	**		ウインスノーライト																													
2019100702	2023-09-03	2札幌8		7.0	3歳以上1勝クラス								丹内祐次		芝1800				1:50.9	0.7		14-14-3-1	37.3-35.6	36.1	484(+14)																																	晴		14.0	6.0	9.0	12.7	6.0	8	58.0	良	**	**		ゲンパチムサシ																													
2019100702	2023-12-28	5中山9		7.0	3歳以上1勝クラス								モリス		芝1800				1:48.3	0.7		15-15-16-15	35.7-36.2	35.4	492(+8)				80.0																													晴		16.0	4.0	8.0	68.7	10.0	5	58.0	良	**	**		ランプシー																													
2019100702	2024-01-13	1小倉1		8.0	4歳以上1勝クラス								丹内祐次		芝1800				1:46.9	0.2		12-12-10-7	35.1-35.7	35.0	488(-4)				320.0																													晴		16.0	7.0	14.0	36.0	9.0	2	58.0	良	**	**		レッドバレンティア																													
2019100702	2024-01-28	1小倉6		12.0	4歳以上1勝クラス								丹内祐次		芝2000				2:02.0	0.1		13-13-12-10	34.7-37.0	36.2	488(0)				320.0																													晴		13.0	3.0	3.0	4.3	3.0	2	58.0	稍	**	**		ヴィンセドリス																													
2019100702	2024-02-10	2小倉1		8.0	4歳以上1勝クラス								丹内祐次		芝2000				2:01.8	0.5		11-11-10-9	36.6-35.4	34.7	490(+2)																																	晴		11.0	6.0	7.0	2.4	1.0	6	58.0	良	**	**		タイキラフター																													
2019100702	2024-02-24	2小倉5		6.0	4歳以上1勝クラス								丹内祐次		芝1800				1:49.3	0.2		9-9-5-3	36.5-36.5	36.2	494(+4)				320.0																													晴		13.0	8.0	13.0	4.0	3.0	2	58.0	重	**	**		トーアライデン																													
2019100702	2024-03-02	2小倉7		10.0	高千穂特別(1勝クラス)								丹内祐次		芝1800				1:50.1	1.1		13-13-12-11	36.0-36.4	35.5	492(-2)																																	晴		13.0	2.0	2.0	4.0	2.0	7	58.0	稍	**	**		ドラゴンヘッド																													
2019100702	2024-06-08	1函館1		7.0	3歳以上1勝クラス								丹内祐次		芝2000				2:00.7	0.1		12-12-4-4	35.1-36.0	35.7	482(-10)																																	晴		13.0	2.0	2.0	19.8	7.0	6	58.0	良	**	**		フロムナウオン																													
2019100702	2024-06-15	1函館3		10.0	奥尻特別(1勝クラス)								丹内祐次		芝2000				2:00.1	0.3		12-12-12-10	35.2-36.3	35.3	484(+2)				170.0																													晴		12.0	4.0	4.0	12.3	7.0	4	58.0	良	**	**		キットハナガサク																													
2019100702	2024-06-29	1函館7		7.0	3歳以上1勝クラス								丹内祐次		芝2000				2:01.0	0.4		11-11-11-9	34.7-36.6	35.9	492(+8)				80.0																													晴		11.0	7.0	9.0	18.1	7.0	5	58.0	良	**	**		マイノワール																													
2019100702	2024-07-14	1函館12		9.0	臥牛山特別(1勝クラス)								丹内祐次		芝1800				1:50.0	1.0		13-13-13-12	36.0-36.0	35.4	490(-2)																																	晴		13.0	5.0	7.0	10.0	4.0	9	58.0	良	**	**		ノレッジビューティ																													
2019100702	2024-07-27	1札幌3		7.0	3歳以上1勝クラス								丹内祐次		芝2000				2:00.3	0.2		6-6-6-3	35.2-35.1	34.3	496(+6)				200.0																													曇		9.0	7.0	7.0	18.3	7.0	3	58.0	良	**	**		タンゴバイラリン																													
2019100702	2024-08-17	2札幌3		10.0	富良野特別(1勝クラス)								永野猛蔵		芝2000				2:01.5	0.9		10-10-8-8	36.2-35.5	35.2	500(+4)																																	曇		12.0	6.0	7.0	18.6	6.0	6	58.0	良	**	**		コスモブッドレア																													
2019100702	2024-08-31	2札幌7		8.0	3歳以上1勝クラス								斎藤新		芝2000				2:04.9	1.0		12-10-8-8	37.0-36.6	36.9	494(-6)																																	曇		16.0	2.0	3.0	43.3	11.0	7	58.0	重	**	**		ノーブルスカイ																													
2019100702	2024-12-28	5中山9		7.0	3歳以上1勝クラス								柴田大知		芝1800				1:48.8	0.9		15-15-14-14	36.0-35.7	35.0	502(+8)																																	晴		16.0	7.0	14.0	185.5	14.0	9	58.0	良	**	**		パンジャ																													
2019100702	2025-02-02	1小倉4		9.0	戸畑特別(1勝クラス)								斎藤新		芝2000				2:03.9	2.2		15-15-13-14	35.5-36.4	37.8	506(+4)																																	晴		16.0	4.0	8.0	34.9	9.0	13	58.0	稍	**	**		イケイケドンドン																													
2019100702	2025-02-16	1小倉8		12.0	4歳以上1勝クラス								斎藤新		芝1800				1:48.4	0.1		11-10-8-9	35.8-35.7	34.9	500(-6)				200.0																													晴		15.0	7.0	13.0	36.9	9.0	3	58.0	良	**	**		マイネルバーテクス																													
2019100702	2025-03-02	1小倉12		6.0	4歳以上1勝クラス								丹内祐次		芝2000				2:05.1	0.6		17-17-15-10	37.0-37.4	36.4	498(-2)				120.0																													雨		18.0	2.0	4.0	15.9	7.0	4	58.0	重	**	**		オメガインペリアル																													
2019100702	2025-03-22	2中京3		9.0	金山特別(1勝クラス)								斎藤新		芝2000				2:00.2	0.0		15-15-14-14	36.2-35.8	34.7	496(-2)				1152.0																													晴		18.0	4.0	8.0	100.7	12.0	1	58.0	良	**	**		(クリノアドバンス)																													
2019100702	2025-04-20	2阪神8		9.0	蓬莱峡特別(2勝クラス)								シュタル		芝2000				2:00.4	0.5		7-7-8-8	36.6-34.9	34.7	492(-4)				155.0																													曇		8.0	3.0	3.0	12.1	6.0	5	58.0	良	**	**		ヴェルテンベルク																													
2019100702	2025-05-18	1新潟6		10.0	信濃川特別(2勝クラス)								佐々木大		芝2000				2:02.4	1.0		8-8	36.9-34.8	35.0	494(+2)																																	曇		10.0	7.0	7.0	20.3	9.0	9	58.0	良	**	**		ドラゴンヘッド																													
2019100702	2025-06-08	3東京2		9.0	香港ジョッキーCT(2勝クラス)								佐々木大		芝2000				2:01.9	0.5		12-11-10	37.2-34.1	33.7	498(+4)				155.0																													晴		12.0	8.0	12.0	154.2	11.0	5	58.0	良	**	**		ウィクトルウェルス																													
2019100702	2025-06-28	1函館5		10.0	洞爺湖特別(2勝クラス)								斎藤新		芝2000				2:00.4	1.0		14-14-14-15	35.8-35.2	35.0	496(-2)																																	晴		16.0	1.0	1.0	50.4	12.0	13	58.0	良	**	**		カネラフィーナ																													
2019100702	2025-07-27	3中京2		6.0	木曽川特別(2勝クラス)								吉村誠之		芝2000				2:01.0	1.5		10-10-9-9	37.1-34.0	34.5	496(0)																																	晴		10.0	7.0	8.0	44.9	7.0	9	54.0	良	**	**		ヤングスカーレット																													
2019100702	2025-08-30	2札幌3		11.0	札幌日刊スポーツ杯(2勝クラス)								松岡正海		芝2000				2:05.2	1.7		12-12-12-11	37.3-36.7	37.2	496(0)																																	曇		14.0	1.0	1.0	139.3	12.0	9	58.0	稍	**	**		ミラージュナイト																													
2019100702	2025-12-27	5阪神7		12.0	3歳以上2勝クラス								田口貫太		芝2000				2:00.5	0.6		3-3-3-3	37.4-34.9	35.2	492(-4)				290.0																													晴		9.0	2.0	2.0	104.1	7.0	3	58.0	良	**	**		ミュージシャン																													
2019100702	2026-01-17	1京都6		9.0	稲荷特別(2勝クラス)								菱田裕二		芝2000				2:02.2	1.2		9-9-10-10	36.0-34.5	34.9	498(+6)																																	晴		10.0	1.0	1.0	56.1	8.0	9	58.0	良				ジェットマグナム																													
2019100768	2022-01-09	1中山3	晴	6.0	3歳新馬		14.0	7.0	11.0	7.2	3.0	1	柴田大知	56.0	芝2000		稍	**	2:05.5	-0.2	**	6-6-4-2	39.4-34.7	34.5	502(0)			(レイヴンズコー)	600.0																																																																							
2019100768	2022-02-06	1東京4	曇	9.0	ゆりかもめ賞(1勝クラス)		10.0	5.0	5.0	15.4	5.0	5	柴田大知	56.0	芝2400		良	**	2:28.2	0.9	**	3-3-4-3	37.3-34.3	34.9	498(-4)			レヴァンジル	103.0																																																																							
2019100768	2022-03-12	2中山5	晴	7.0	3歳1勝クラス		13.0	7.0	11.0	16.5	8.0	7	柴田大知	56.0	芝2000		良	**	2:01.2	0.8	**	5-5-5-2	34.8-35.4	35.7	496(-2)			エターナルビクトリ																																																																								
2019100768	2022-10-08	4東京1	曇	7.0	3歳以上1勝クラス		16.0	6.0	11.0	11.8	6.0	10	津村明秀	55.0	芝2000		良	**	2:00.8	0.8	**	3-3-3	36.4-34.0	34.6	500(+4)			マイネルクリソーラ																																																																								
2019100768	2022-11-12	5東京3	晴	6.0	3歳以上1勝クラス		15.0	2.0	2.0	40.4	10.0	4	津村明秀	55.0	芝1800		良	**	1:46.8	0.3	**	3-2-2	36.1-33.9	33.9	498(-2)			セラフィナイト	120.0																																																																							
2019100768	2022-12-10	5中山3	晴	7.0	3歳以上1勝クラス		16.0	6.0	11.0	7.3	4.0	5	丹内祐次	56.0	芝1800		良	**	1:47.6	0.5	**	5-6-6-8	36.1-35.9	35.8	506(+8)			ソバナ	77.0																																																																							
2019100768	2023-01-28	1東京1	曇	12.0	4歳以上1勝クラス		13.0	4.0	5.0	8.1	5.0	1	柴田大知	57.0	芝1800		良	**	1:48.3	-0.1	**	3-3-4	36.0-34.0	33.7	510(+4)			(ダイバリオン)	800.0																																																																							
2019100768	2023-09-18	4中山5	晴	10.0	Mシンボリクリスエス(2勝クラス)		14.0	3.0	3.0	34.9	10.0	14	柴田大知	58.0	芝2000		良	**	2:01.3	1.7	**	1-2-1-1	35.5-34.9	36.6	518(+8)			フレーヴァード																																																																								
2019100768	2023-10-07	4東京1	晴	9.0	tvk賞(2勝クラス)		12.0	2.0	2.0	48.5	8.0	10	柴田大知	58.0	芝1800		良	**	1:48.4	1.3	**	4-3-3	36.5-33.0	34.1	514(-4)			カナテープ																																																																								
2019100768	2023-11-12	5東京4	曇	8.0	3歳以上2勝クラス		8.0	1.0	1.0	28.5	6.0	3	柴田大知	58.0	芝1800		良	**	1:48.2	0.2	**	4-7-7	37.3-33.9	33.5	520(+6)			ラケマーダ	290.0																																																																							
2019100768	2023-12-17	5中山6	晴	12.0	3歳以上2勝クラス		13.0	6.0	9.0	9.2	5.0	2	柴田大知	58.0	芝1800		良	**	1:48.5	0.0	**	3-3-3-2	37.3-35.1	34.9	518(-2)			ロジマンボ	460.0																																																																							
2019100768	2024-01-07	1中山2	晴	9.0	初日の出賞(2勝クラス)		17.0	8.0	16.0	14.3	6.0	9	柴田大知	58.0	芝2000		良	**	2:00.5	0.5	**	3-3-3-2	36.7-35.5	35.8	520(+2)			ダイバリオン																																																																								
2019100768	2024-01-20	1中山6	小雨	10.0	東雲賞(2勝クラス)		10.0	7.0	8.0	4.1	2.0	3	戸崎圭太	58.0	芝1800		良	**	1:47.5	0.2	**	3-3-3-3	37.3-35.2	35.3	522(+2)			シンティレーション	393.4																																																																							
2019100768	2024-02-24	2中山1	晴	10.0	富里特別(2勝クラス)		12.0	6.0	8.0	3.7	1.0	6	柴田大知	58.0	芝1800		稍	**	1:49.1	0.8	**	6-6-6-5	36.0-35.6	35.7	530(+8)			インスタキング																																																																								
2019100768	2024-03-23	3中山1	小雨	8.0	4歳以上2勝クラス		11.0	3.0	3.0	6.7	4.0	1	柴田大知	58.0	芝1800		良	**	1:49.0	-0.3	**	3-2-3-2	38.3-34.7	34.4	516(-14)			(ホウオウスーペリア)	1140.0																																																																							
2019100768	2024-04-27	2東京3	曇	10.0	府中市70周年記念(3勝クラス)		13.0	7.0	11.0	97.5	11.0	5	柴田大知	58.0	芝2000		良	**	1:58.5	0.7	**	7-7-7	35.6-34.8	34.6	508(-8)			マイネルケレリウス	184.0																																																																							
2019100768	2024-08-03	2新潟3	晴	7.0	新潟日報賞(3勝クラス)		16.0	7.0	14.0	143.1	14.0	14	柴田大知	58.0	芝1800		良	**	1:46.1	2.0	**	8-8	34.1-34.8	34.9	506(-2)			シンティレーション																																																																								
2019100768	2024-08-24	2札幌5	晴	11.0	オールスターJ第2戦(3勝クラス)		14.0	7.0	12.0	47.5	13.0	12	横山典弘	58.0	芝2000		良	**	2:01.9	1.8	**	3-3-3-3	35.4-37.5	38.8	506(0)			シュバルツクーゲル																																																																								
2019100768	2024-09-28	4中山8	曇	11.0	秋風S(3勝クラス)		15.0	5.0	10.0	209.8	14.0	5	柴田大知	58.0	芝1600		良	**	1:34.0	0.7	**	8-9-7	35.3-34.3	34.3	506(0)			トロヴァトーレ	184.0																																																																							
2019100768	2024-10-26	4東京7	曇	10.0	キングカメハメハM(3勝クラス)		7.0	2.0	2.0	19.8	6.0	6	柴田大知	58.0	芝1600		良	**	1:33.9	0.3	**	4-4	35.7-34.2	33.4	508(+2)			ウォーターリヒト																																																																								
2019100768	2024-11-17	5東京6	晴	10.0	秋色S(3勝クラス)		13.0	6.0	9.0	61.3	10.0	9	柴田大知	55.0	芝1600		良	**	1:33.5	1.3	**	5-7	34.1-34.9	34.3	514(+6)			レガトゥス																																																																								
2019100768	2024-12-07	5中山3	晴	11.0	常総S(3勝クラス)		15.0	6.0	10.0	88.5	11.0	8	柴田大知	58.0	芝1800		良	**	1:48.8	0.5	**	6-7-7-6	37.0-34.6	34.4	516(+2)			ディオスバリエンテ																																																																								
2019100768	2025-01-25	1中山8	晴	11.0	初富士S(3勝クラス)		17.0	3.0	5.0	81.2	14.0	6	柴田大知	55.0	芝2000		良	**	2:01.1	0.4	**	8-7-7-7	36.8-35.6	35.1	516(0)			コスモブッドレア																																																																								
2019100768	2025-03-02	1小倉12	曇	11.0	関門橋S(3勝クラス)		13.0	2.0	2.0	34.8	11.0	7	柴田大知	58.0	芝2000		重	**	2:04.9	0.5	**	6-7-12-12	37.4-36.9	36.7	516(0)			アスクドゥポルテ																																																																								
2019100768	2025-04-06	3中山4	晴	11.0	美浦S(3勝クラス)		16.0	7.0	13.0	66.1	14.0	6	柴田大知	58.0	芝2000		良	**	2:00.2	0.6	**	13-13-11-15	35.9-35.7	35.3	516(0)			レガーロデルシエロ																																																																								
2019100768	2025-05-04	2東京4	晴	9.0	府中S(3勝クラス)		13.0	5.0	7.0	63.7	11.0	8	松岡正海	58.0	芝2000		良	**	1:58.8	1.1	**	4-4-5	36.3-34.4	35.2	524(+8)			アスクカムオンモア																																																																								
2019100768	2025-06-01	2東京12	晴	10.0	むらさき賞(3勝クラス)		18.0	3.0	6.0	42.0	12.0	15	丹内祐次	55.0	芝1800		良	**	1:46.1	1.5	**	12-14-13	33.6-36.1	35.4	516(-8)			メリオーレム																																																																								
2019100768	2025-08-10	2新潟6	雨	6.0	佐渡S(3勝クラス)		14.0	3.0	3.0	241.5	14.0	14	柴田大知	58.0	芝1800		重	**	1:50.1	1.4	**	9-8	37.0-33.9	34.8	520(+4)			オクタヴィアヌス																																																																								
2019100768	2025-08-23	2札幌1	晴	11.0	オールスターJ第2戦(3勝クラス)		14.0	8.0	13.0	86.6	13.0	7	横山武史	58.0	芝2000		良	**	2:02.5	0.4	**	9-9-9-7	36.6-36.9	36.7	518(-2)			パトリックハンサム																																																																								
2019100768	2025-09-14	4中山4	曇	10.0	レインボーS(3勝クラス)		14.0	3.0	4.0	58.6	14.0	11	柴田大知	54.0	芝2000		良	**	2:00.2	0.9	**	12-12-10-11	36.9-34.5	34.5	510(-8)			ブラックシールド																																																																								
2019100768	2025-10-05	3京都2	曇	9.0	大原S(3勝クラス)		9.0	7.0	7.0	161.1	9.0	6	斎藤新	58.0	芝2000		稍	**	2:00.0	0.6	**	9-9-9-9	36.1-34.3	33.8	516(+6)			レディーヴァリュー																																																																								
2019100768	2025-12-13	5中山3	曇	11.0	常総S(3勝クラス)		16.0	8.0	16.0	144.7	14.0	9	柴田大知	58.0	芝1800		良	**	1:47.8	0.5	**	11-11-8-7	36.7-34.3	34.2	510(-6)			マイネルオーシャン																																																																								
2019100792	2021-08-15	2札幌2		5.0	2歳新馬								丹内祐次		芝2000				2:03.3	0.7		6-7-7-6	36.3-36.0	36.2	438(0)				110.0															曇		7.0	6.0	6.0	70.9	6.0	4	54.0	良	**	**		ホウオウプレミア																																											
2019100792	2021-09-05	2札幌8		1.0	2歳未勝利								丹内祐次		芝2000								35.8-37.3		430(-8)																			晴		10.0	8.0	10.0			除	54.0	稍	**	**		ジャスティンスカイ																																											
2019100792	2022-01-23	1中山8		5.0	3歳未勝利								柴田大知		芝2200				2:17.0	1.1		3-3-4-5	37.0-36.3	36.9	452(+14)				52.0															曇		11.0	6.0	7.0	32.3	4.0	5	56.0	良	**	**		モネータドーロ																																											
2019100792	2022-02-13	2小倉2		5.0	3歳未勝利								丹内祐次		芝2000				2:04.0	1.0		3-3-2-3	36.6-35.8	36.6	450(-2)				52.0															小雨		11.0	7.0	9.0	28.8	7.0	5	56.0	稍	**	**		エーデルブルーメ																																											
2019100792	2022-02-27	2小倉6		6.0	3歳未勝利								丹内祐次		芝2000				2:00.2	-0.3		7-7-4-2	34.2-36.6	36.3	450(0)				520.0															晴		13.0	1.0	1.0	19.5	6.0	1	56.0	良	**	**		(ストップザタイム)																																											
2019100792	2022-04-16	3中山7		9.0	山藤賞(1勝クラス)								柴田大知		芝2000				2:01.7	1.4		5-3-6-6	37.1-35.6	36.0	442(-8)				150.0															晴		9.0	4.0	4.0	66.4	9.0	4	56.0	稍	**	**		ローシャムパーク																																											
2019100792	2022-05-07	2東京5		11.0	プリンシパルS(L)								柴田大知		芝2000				1:59.1	0.1		6-7-7	35.7-34.8	34.3	444(+2)				505.0															晴		15.0	5.0	9.0	199.2	14.0	3	56.0	良	**	**		セイウンハーデス																																											
2019100792	2022-09-17	4中山3		12.0	3歳以上1勝クラス								柴田大知		芝2000				1:59.9	0.2		10-10-10-10	35.4-35.1	34.5	452(+8)				310.0															晴		12.0	8.0	12.0	5.2	3.0	2	54.0	良	**	**		サクセスシュート																																											
2019100792	2022-10-08	4東京1		7.0	3歳以上1勝クラス								Ｍ．デム		芝2000				2:00.0	-0.1		16-15-10	36.4-34.0	33.3	458(+6)				770.0															曇		16.0	4.0	8.0	3.4	1.0	1	55.0	良	**	**		(カヨウネンカ)																																											
2019100792	2022-11-05	5東京1		12.0	3歳以上2勝クラス								Ｍ．デム		芝2000				2:00.1	0.6		7-7-7	37.2-33.1	33.3	458(0)				440.0															晴		10.0	6.0	6.0	6.0	2.0	2	55.0	良	**	**		パラレルヴィジョン																																											
2019100792	2022-11-27	5東京8		9.0	オリエンタル賞(2勝クラス)								Ｍ．デム		芝2000				1:59.0	0.1		8-8-8	36.1-33.8	33.1	458(0)				385.0															晴		14.0	7.0	13.0	5.6	3.0	3	54.0	良	**	**		スパイダーゴールド																																											
2019100792	2023-01-05	1中山1		12.0	4歳以上2勝クラス								Ｍ．デム		芝2000				2:01.1	0.9		8-8-9-10	36.3-35.1	35.3	458(0)				170.0															晴		14.0	8.0	14.0	5.5	2.0	4	57.0	良	**	**		ローシャムパーク																																											
2019100792	2023-01-29	1東京2		12.0	4歳以上2勝クラス								Ｍ．デム		芝2000				2:01.0	0.0		2-3-3	36.2-33.6	33.0	462(+4)				460.0															晴		11.0	8.0	10.0	2.9	1.0	2	57.0	良	**	**		サウンドウォリアー																																											
2019100792	2023-02-18	1東京7		12.0	4歳以上2勝クラス								戸崎圭太		芝1800				1:48.4	0.4		5-5-4	36.8-33.6	33.7	458(-4)				170.0															晴		12.0	3.0	3.0	3.8	1.0	4	57.0	良	**	**		モーソンピーク																																											
2019100792	2023-05-06	2東京5		9.0	秩父特別(2勝クラス)								レーン		芝2000				2:00.0	0.1		4-3-3	36.7-34.0	33.7	454(-4)				393.0															晴		9.0	1.0	1.0	2.3	1.0	3	58.0	良	**	**		ボーンディスウェイ																																											
2019100792	2023-06-10	1函館1		10.0	松前特別(2勝クラス)								丹内祐次		芝1800				1:50.4	0.1		2-3-3-3	37.2-34.8	34.7	450(-4)				627.8															晴		13.0	7.0	10.0	4.5	2.0	2	58.0	良	**	**		ジャスティンエース																																											
2019100792	2023-07-01	2函館1		10.0	洞爺湖特別(2勝クラス)								丹内祐次		芝1800				1:49.8	0.0		9-9-2-2	37.5-35.3	35.2	450(0)				1568.9															晴		9.0	8.0	8.0	4.6	2.0	1	58.0	良	**	**		(エグランタイン)																																											
2019100792	2023-07-29	1札幌3		11.0	STV賞(3勝クラス)								丹内祐次		芝2000				1:59.7	0.5		9-12-10-10	35.4-35.3	34.6	446(-4)				184.0															曇		16.0	8.0	15.0	14.8	6.0	5	57.0	良	**	**		サンストックトン																																											
2019100792	2023-08-26	2札幌5		11.0	オールスターJ第2戦(3勝クラス)								武豊		芝2000				2:00.7	-0.4		10-10-10-6	36.3-36.4	35.6	446(0)				1879.2															晴		14.0	5.0	8.0	8.5	5.0	1	58.0	良	**	**		(ポッドボレット)																																											
2019100792	2023-10-15	4東京5		11.0	オクトーバーS(L)								戸崎圭太		芝2000				1:59.0	1.0		14-13-13	35.9-34.6	33.0	454(+8)																			曇		15.0	7.0	13.0	8.5	5.0	6	57.0	重	**	**		ヤマニンサルバム																																											
2019100792	2023-11-18	3京都5		11.0	アンドロメダS(L)								Ｍ．デム		芝2000				1:59.5	0.3		5-5-7-5	35.2-35.2	34.8	454(0)				1110.2															晴		16.0	1.0	2.0	4.6	3.0	2	55.0	稍	**	**		ディープモンスター																																											
2019100792	2024-01-06	1中山1		11.0	日刊スポ賞中山金杯(GIII)								Ｍ．デム		芝2000				1:59.1	0.2		3-4-6-4	36.1-34.8	34.6	458(+4)				1108.6															晴		17.0	8.0	15.0	11.1	6.0	3	55.0	良	**	**		リカンカブール																																											
2019100792	2024-02-25	2中山2		11.0	中山記念(GII)								津村明秀		芝1800				1:48.8	0.7		14-14-13-14	35.6-37.6	36.6	460(+2)				670.0															小雨		16.0	7.0	13.0	63.3	13.0	5	57.0	稍	**	**		マテンロウスカイ																																											
2019100792	2024-05-05	1新潟4		11.0	新潟大賞典(GIII)								丹内祐次		芝2000				2:00.9	0.8		9-10	36.9-34.4	34.1	460(0)																			晴		16.0	7.0	14.0	7.0	4.0	7	56.0	良	**	**		ヤマニンサルバム																																											
2019100792	2024-07-14	1函館12		11.0	函館記念(GIII)								丹内祐次		芝2000				2:00.3	1.1		10-9-6-7	35.4-35.7	35.8	456(-4)																			晴		16.0	8.0	16.0	19.3	10.0	9	56.0	良	**	**		ホウオウビスケッツ																																											
2019100792	2025-01-26	1中山9		11.0	アメリカジョッキーC(GII)								津村明秀		芝2200				2:13.0	0.9		11-11-14-12	36.5-36.6	36.2	462(+6)																			晴		18.0	4.0	7.0	191.9	15.0	9	57.0	良	**	**		ダノンデサイル																																											
2019100792	2025-03-29	3中山1		11.0	日経賞(GII)								菅原明良		芝2500				2:36.2	0.1		11-13-11-10	31.1-37.2	36.4	464(+2)				670.0															曇		15.0	6.0	11.0	133.3	13.0	5	57.0	稍	**	**		マイネルエンペラー																																											
2019100792	2025-05-11	2東京6		10.0	メトロポリタンS(L)								横山武史		芝2400				2:24.0	0.0		6-8-7-8	36.6-35.1	34.5	470(+6)				2821.7															晴		10.0	5.0	5.0	4.5	2.0	1	57.0	良	**	**		(マイネルカンパーナ)																																											
2019100792	2025-06-01	2東京12		12.0	目黒記念(GII)								横山武史		芝2500				2:33.4	0.5		3-3-9-9	31.4-34.8	34.8	468(-2)				1418.4															曇		18.0	2.0	4.0	22.0	9.0	3	57.0	良	**	**		アドマイヤテラ																																											
2019100792	2025-09-13	4阪神3		11.0	チャレンジC(GIII)								ルメール		芝2000				1:58.2	0.2		4-3-4-4	36.0-35.7	35.0	470(+2)				1107.5															曇		15.0	2.0	2.0	12.1	4.0	3	57.0	良	**	**		オールナット																																											
2019100792	2026-01-18	1京都7		11.0	日経新春杯(GII)								岩田望来		芝2400				2:26.8	1.1		9-10-10-10	35.9-34.4	34.2	468(-2)																																																													晴		13.0	8.0	13.0	24.5	10.0	11	57.0	良	**	**		ゲルチュタール	202608010711
2019100800	2021-07-25	1函館8	晴	5.0	2歳新馬		8.0	5.0	5.0	6.6	4.0	3	丹内祐次	54.0	芝1800		良	**	1:51.0	2.5	**	5-5-5-4	36.0-36.5	38.2	438(0)			トップキャスト	180.0																																																																							
2019100800	2021-08-08	1函館12	曇	1.0	2歳未勝利		14.0	5.0	8.0	5.7	2.0	2	丹内祐次	54.0	ダ1700		良	**	1:48.8	0.4	**	5-4-3-3	29.9-40.5	40.7	442(+4)			ウインアウォード	200.0																																																																							
2019100800	2021-09-04	2札幌7	晴	2.0	2歳未勝利		12.0	6.0	7.0	3.4	2.0	1	丹内祐次	54.0	ダ1700		良	**	1:46.7	-0.1	**	5-3-4-2	29.8-38.6	38.4	448(+6)			(コパノニコルソン)	510.0																																																																							
2019100800	2022-01-08	1中山2	晴	9.0	黒竹賞(1勝クラス)		16.0	4.0	7.0	72.8	10.0	15	柴田大知	56.0	ダ1800		稍	**	1:57.7	3.4	**	12-12-10-12	37.9-37.5	39.9	464(+16)			ホウオウルーレット																																																																								
2019100800	2022-01-29	1東京1	曇	4.0	3歳1勝クラス		16.0	5.0	10.0	215.7	16.0	13	柴田大知	56.0	ダ1600		良	**	1:39.1	2.2	**	13-13	34.7-37.9	38.5	466(+2)			リッキーマジック																																																																								
2019100800	2022-03-21	2中京4	晴	9.0	フローラルウォーク賞(1勝クラス)		10.0	8.0	10.0	106.0	10.0	7	藤井勘一	56.0	芝1600		良	**	1:36.4	1.3	**	10-9-10	35.8-34.4	34.5	462(-4)			エンペザー																																																																								
2019100800	2022-08-14	2札幌2	曇	6.0	3歳以上1勝クラス		14.0	3.0	3.0	6.6	4.0	1	丹内祐次	54.0	ダ1700		稍	**	1:46.7	0.0	**	10-10-6-5	30.0-39.6	38.9	458(-4)			(ヴィクトリオン)	770.0																																																																							
2019100800	2022-09-04	2札幌8	晴	12.0	3歳以上2勝クラス		14.0	7.0	11.0	19.9	7.0	8	黛弘人	54.0	ダ1700		良	**	1:47.3	1.4	**	8-8-8-12	29.1-39.5	40.0	464(+6)			アンダープロット																																																																								
2019100800	2022-09-19	4中山5	曇	9.0	鋸山特別(2勝クラス)		15.0	2.0	2.0	30.1	8.0	9	戸崎圭太	53.0	ダ1800		重	**	1:53.7	1.3	**	12-12-13-12	37.5-36.5	36.5	458(-6)			カンリンポチェ																																																																								
2019100800	2022-12-11	5中山4	曇	9.0	チバテレ杯(2勝クラス)		16.0	4.0	7.0	142.5	12.0	11	柴田大知	56.0	ダ1800		良	**	1:55.7	2.5	**	10-11-8-8	38.4-37.6	39.5	466(+8)			ベストリーガード																																																																								
2019100800	2022-12-24	5中山7	晴	12.0	クリスマスC(2勝クラス)		14.0	3.0	4.0	370.0	13.0	12	野中悠太	56.0	芝1600		良	**	1:36.6	1.4	**	12-10-9	36.0-34.8	35.2	468(+2)			フィールシンパシー																																																																								
2019100800	2023-02-05	1小倉8	晴	10.0	由布院特別(2勝クラス)		16.0	1.0	2.0	50.4	13.0	6	丸山元気	54.0	ダ1700		良	**	1:46.3	0.5	**	8-7-6-5	30.2-38.3	38.2	468(0)			イチネンエーグミ																																																																								
2019100800	2023-04-09	1福島2	晴	9.0	喜多方特別(2勝クラス)		15.0	5.0	9.0	74.6	13.0	10	斎藤新	58.0	ダ1700		良	**	1:46.4	1.3	**	12-13-11-9	29.6-37.8	38.2	472(+4)			テーオードレフォン																																																																								
2019100800	2023-04-30	1新潟2	曇	9.0	五泉特別(2勝クラス)		15.0	8.0	14.0	53.3	10.0	13	丹内祐次	58.0	ダ1800		重	**	1:55.0	2.8	**	13-12-13-12	36.5-36.7	38.4	474(+2)			ワールドタキオン																																																																								
2019100800	2023-06-17	3東京5	晴	9.0	三浦特別(2勝クラス)		15.0	7.0	14.0	328.3	15.0	5	柴田大知	58.0	ダ1400		良	**	1:24.5	0.3	**	10-10	35.6-36.6	35.8	464(-10)			ハチメンロッピ	155.0																																																																							
2019100800	2023-06-24	3東京7	曇	9.0	清里特別(2勝クラス)		16.0	1.0	1.0	113.2	13.0	8	柴田大知	58.0	ダ1400		良	**	1:24.8	0.8	**	9-8	35.0-36.9	36.5	464(0)			モナルヒ																																																																								
2019100800	2023-12-03	5中山2	晴	12.0	3歳以上2勝クラス		16.0	7.0	13.0	16.4	8.0	8	丹内祐次	58.0	ダ1200		良	**	1:12.1	0.5	**	14-14	33.8-37.8	37.1	472(+8)			シゲルファンノユメ																																																																								
2019100800	2024-03-31	3中山4	晴	12.0	4歳以上2勝クラス		16.0	3.0	6.0	127.1	12.0	8	柴田大知	58.0	ダ1200		良	**	1:12.1	0.9	**	15-16	34.5-36.7	36.1	474(+2)			ムーヴ																																																																								
2019100800	2025-03-02	2中山2	晴	12.0	4歳以上2勝クラス		16.0	1.0	1.0	162.2	14.0	12	木幡巧也	58.0	ダ1200		良	**	1:12.4	0.8	**	11-12	33.7-37.9	37.0	496(+22)			ノーブルゲイル																																																																								
2019100800	2025-04-06	3中山4	晴	12.0	4歳以上2勝クラス		15.0	8.0	14.0	67.8	9.0	10	木幡巧也	58.0	ダ1200		稍	**	1:13.0	1.5	**	8-8	35.7-35.8	36.5	484(-12)			ネイト																																																																								
2019100800	2025-07-06	2福島4	晴	9.0	さくらんぼ特別(2勝クラス)		16.0	5.0	9.0	216.2	16.0	7	柴田大知	58.0	ダ1150		良	**	1:09.4	1.7	**	16-15	31.2-36.5	36.4	486(+2)			ビバップ																																																																								
2019100800	2025-12-21	高知	曇	1.0	C3ー18		10.0	8.0	11.0	1.2	1.0	1	宮川実	57.0	ダ1400		重	**	1:31.0	-0.3	**	2-2-2-2		39.1	486(0)			(ソルデマジョ)	60.0																																																																							
2019100800	2026-01-01	高知	晴	3.0	C3ー13		8.0	3.0	3.0	1.2	1.0	1	宮川実	57.0	ダ1300		良	**	1:25.0	-1.1	**	3-3-3-1		39.1	483(-3)			(アンヘルカイド)	60.0																																																																							
2019100800	2026-01-11	高知	晴	3.0	C3ー11		10.0	3.0	3.0	1.0	1.0	1	宮川実	57.0	ダ1400		良	**	1:32.6	-0.9	**	5-4-4-2		39.7	482(-1)			(スリーローズマリー)	60.0																																																																							
2019100871	2021-12-11	6中京3		5.0	2歳新馬								川須栄彦		ダ1400				1:26.9	0.7		2-2	35.5-38.0	38.6	482(0)				280.0	晴		13.0	8.0	12.0	47.3	9.0	2	55.0	良	**	**		ナッカーフェイス																																																									
2019100871	2021-12-28	6阪神9		3.0	2歳未勝利								川須栄彦		ダ1200				1:13.2	0.4		10-11	35.4-37.4	36.5	484(+2)					曇		16.0	1.0	1.0	14.8	4.0	6	55.0	良	**	**		ペプチドヤマト																																																									
2019100871	2022-01-16	1中京6		1.0	3歳未勝利								川須栄彦		ダ1200				1:13.6	0.3		4-4	35.0-38.3	38.2	484(0)				130.0	晴		14.0	5.0	7.0	4.2	2.0	3	56.0	良	**	**		マルモリスペシャル																																																									
2019100871	2022-04-02	2阪神3		3.0	3歳未勝利								川須栄彦		ダ1200				1:14.0	0.7		5-7	36.1-37.2	37.4	486(+2)					晴		16.0	5.0	9.0	5.6	4.0	6	56.0	良	**	**		スリードレフォン																																																									
2019100871	2022-05-08	1新潟2		1.0	3歳未勝利								川須栄彦		ダ1200				1:13.9	1.5		10-10	35.1-37.3	37.7	482(-4)					晴		15.0	2.0	3.0	6.7	5.0	11	56.0	良	**	**		キッショウ																																																									
2019100871	2022-05-22	3中京6		1.0	3歳未勝利								松若風馬		ダ1200				1:13.6	-0.1		11-11	35.0-38.6	37.5	480(-2)				520.0	晴		16.0	1.0	1.0	5.3	3.0	1	56.0	稍	**	**		(ニホンピロペリー)																																																									
2019100871	2022-09-24	5中京6		8.0	3歳以上1勝クラス								松若風馬		ダ1200				1:12.5	1.2		8-6	34.6-36.7	37.3	490(+10)					晴		16.0	6.0	12.0	58.4	9.0	11	55.0	重	**	**		サンライズアムール																																																									
2019100871	2022-10-10	4東京3		12.0	3歳以上1勝クラス								原優介		ダ1300				1:17.9	1.7		8-8	29.3-35.4	35.7	482(-8)					曇		16.0	8.0	16.0	29.5	7.0	11	52.0	重	**	**		オールフラッグ																																																									
2019100871	2022-10-30	4新潟6		6.0	3歳以上1勝クラス								原優介		ダ1200				1:13.3	1.9		5-5	34.7-36.7	37.8	490(+8)					曇		12.0	8.0	11.0	20.7	7.0	8	52.0	稍	**	**		ヴァンヌ																																																									
2019100871	2023-02-19	2小倉4		3.0	4歳以上1勝クラス								松若風馬		ダ1000				0:59.0	0.4		8-8	34.5-35.7	35.2	496(+6)					小雨		14.0	7.0	12.0	31.1	9.0	7	58.0	不	**	**		テイエムヒマラヤ																																																									
2019100871	2023-03-12	2中京2		6.0	4歳以上1勝クラス								松若風馬		ダ1200				1:13.0	0.4		6-6	35.5-37.1	37.1	492(-4)					曇		15.0	8.0	15.0	24.1	6.0	9	58.0	良	**	**		エリザベスミノル																																																									
2019100871	2023-03-25	2中京5		12.0	4歳以上1勝クラス								松若風馬		ダ1200				1:11.4	0.7		11-11	34.6-36.1	35.5	488(-4)				80.0	雨		16.0	2.0	4.0	20.0	6.0	5	58.0	不	**	**		ニシノラーナ																																																									
2019100871	2023-04-16	1福島4		12.0	4歳以上1勝クラス								永島まな		ダ1150				1:10.0	0.3		13-11	31.8-37.9	36.3	494(+6)				80.0	晴		16.0	1.0	2.0	9.7	4.0	5	54.0	稍	**	**		サノノヒーロー																																																									
2019100871	2023-04-30	1新潟2		7.0	4歳以上1勝クラス								永島まな		ダ1200				1:11.9	0.1		14-12	33.6-38.2	37.0	498(+4)				80.0	曇		15.0	4.0	6.0	6.7	3.0	5	54.0	重	**	**		ミラビリス																																																									
2019100871	2023-10-12	笠松		9.0	馬籠宿特別(A)								荻野琢真		ダ1400				1:29.5	-0.2		1-1-1		38.0	493(-5)				90.0	晴		8.0	3.0	3.0	5.6	3.0	1	57.0	良	**	**		(ラブミーモナコ)																																																									
2019100871	2023-10-29	2京都9		12.0	3歳以上2勝クラス								荻野琢真		ダ1400				1:25.0	0.5		11-12	34.3-38.0	37.6	496(+3)					晴		15.0	1.0	2.0	90.7	13.0	6	58.0	良	**	**		ブレーヴジャッカル																																																									
2019100871	2023-11-12	3京都4		12.0	ドンカスターC(2勝クラス)								荻野琢真		ダ1400				1:27.6	2.9		12-11	35.7-36.6	38.5	498(+2)					曇		16.0	5.0	9.0	65.1	10.0	13	58.0	稍	**	**		エンペラーワケア																																																									
2019100871	2024-02-24	1阪神1		8.0	4歳以上2勝クラス								松若風馬		ダ1200				1:12.4	0.7		9-10	35.2-36.5	36.3	508(+10)				114.0	晴		16.0	3.0	5.0	207.5	14.0	5	58.0	稍	**	**		ゴッドセンド																																																									
2019100871	2024-03-09	1中京1		9.0	伊良湖特別(2勝クラス)								永島まな		ダ1200				1:13.4	0.4		15-12	34.2-38.8	37.3	508(0)					曇		16.0	7.0	13.0	38.8	11.0	10	58.0	良	**	**		ロングファイナリー																																																									
2019100871	2024-03-24	2阪神2		12.0	4歳以上2勝クラス								菱田裕二		ダ1200				1:11.9	0.9		11-10	34.9-36.1	35.9	504(-4)					曇		15.0	8.0	15.0	64.7	11.0	11	58.0	不	**	**		オーガスタスカイ																																																									
2019100871	2024-04-06	2阪神5		12.0	4歳以上2勝クラス								松若風馬		ダ1200				1:12.6	0.7		11-9	35.4-36.5	36.4	500(-4)					曇		13.0	1.0	1.0	137.4	12.0	7	58.0	稍	**	**		ダイリュウホマレ																																																									
2019100871	2024-04-21	3京都2		12.0	4歳以上2勝クラス								吉村誠之		ダ1200				1:12.7	0.7		15-15	34.7-37.3	36.0	504(+4)					小雨		16.0	8.0	15.0	260.2	15.0	9	55.0	稍	**	**		カミーロ																																																									
2019100871	2024-12-08	7京都4		8.0	3歳以上2勝クラス								荻野琢真		ダ1200				1:12.6	0.4		12-11	34.7-37.5	36.3	500(-4)				290.0	曇		15.0	2.0	3.0	256.4	15.0	3	58.0	良	**	**		メイショウタイゲイ																																																									
2019100871	2024-12-22	5中山8		8.0	冬至特別(2勝クラス)								荻野琢真		ダ1200				1:12.4	0.8		11-11	33.6-38.0	37.9	500(0)					晴		16.0	7.0	14.0	54.7	9.0	8	58.0	良	**	**		ロードフロンティア																																																									
2019100871	2025-01-19	1中京7		10.0	豊川特別(2勝クラス)								荻野琢真		ダ1200				1:12.2	1.1		13-12	35.1-36.0	35.9	512(+12)					晴		16.0	6.0	12.0	198.9	15.0	12	58.0	良	**	**		ドゥータップ																																																									
2019100871	2025-04-12	2阪神5		12.0	4歳以上2勝クラス								シュタル		ダ1200				1:12.3	0.6		5-5	34.8-36.9	37.2	502(-10)					曇		16.0	2.0	3.0	119.8	13.0	6	58.0	良	**	**		メイショウホウレン																																																									
2019100871	2025-10-28	浦和		11.0	’25ミズナラ賞(A2B1)								Ｍ．ミシ		ダ1400				1:29.1	3.3		7-5-5-6	35.0-38.0	40.3	499(-3)					晴		10.0	7.0	7.0	21.1	7.0	7	57.0	重	**	**		エリンアキレウス																																																									
2019100871	2025-11-08	4京都1		9.0	亀岡特別(2勝クラス)								松若風馬		ダ1400				1:24.6	1.3		12-12	33.8-37.7	37.4	506(+7)					晴		16.0	3.0	5.0	236.5	13.0	8	58.0	良	**	**		ジャスパーバローズ																																																									
2019100871	2025-12-06	5中京1		10.0	中京日経賞(2勝クラス)								ジェルー		ダ1200				1:12.4	1.5		6-6	34.8-36.1	37.0	512(+6)					晴		13.0	5.0	7.0	91.2	10.0	12	58.0	良	**	**		ゼットエール																																																									
2019100876	2022-01-05	1中山1		4.0	3歳新馬								黛弘人		ダ1800				2:00.2	1.3		6-5-7-5	39.5-39.3	39.9	506(0)				90.0																													晴		11.0	7.0	9.0	12.1	4.0	4	56.0	良	**	**		エクセスリターン																													
2019100876	2022-01-30	1東京2		2.0	3歳未勝利								大野拓弥		ダ2100				2:14.7	-0.5		3-3-3-3	32.7-37.5	37.4	496(-10)				520.0																													晴		13.0	8.0	13.0	15.7	6.0	1	56.0	良	**	**		(スペイスフォース)																													
2019100876	2022-02-26	2中山1		7.0	3歳1勝クラス								大野拓弥		ダ1800				1:55.2	1.5		9-9-9-9	37.1-37.6	38.3	504(+8)																																	晴		10.0	1.0	1.0	50.6	8.0	7	56.0	良	**	**		セイルオンセイラー																													
2019100876	2022-04-03	3中山4		6.0	3歳1勝クラス								大野拓弥		ダ1800				1:57.9	3.4		9-9-9-8	36.5-40.2	42.6	504(0)																																	雨		16.0	3.0	6.0	51.8	11.0	14	56.0	稍	**	**		クアトロマジコ																													
2019100876	2022-06-12	3東京4		7.0	3歳以上1勝クラス								佐々木大		ダ2100				2:11.6	1.3		10-9-9-9	29.8-37.5	38.0	496(-8)																																	雨		13.0	8.0	13.0	16.3	7.0	7	51.0	稍	**	**		プラチナドリーム																													
2019100876	2022-08-21	2札幌4		6.0	3歳以上1勝クラス								黛弘人		ダ2400				2:34.6	-0.1		2-2-1-2	38.5-39.8	39.8	492(-4)				770.0																													晴		12.0	1.0	1.0	21.3	8.0	1	54.0	良	**	**		(イーサンバーニング)																													
2019100876	2022-09-17	4中山3		9.0	松戸特別(2勝クラス)								黛弘人		ダ2400				2:36.7	1.4		3-4-4-3	39.8-36.7	37.7	488(-4)				230.0																													晴		15.0	2.0	2.0	19.0	7.0	4	54.0	良	**	**		トモジャリア																													
2019100876	2022-10-10	4東京3		9.0	昇仙峡特別(2勝クラス)								黛弘人		ダ2100				2:08.2	0.3		4-3-4-3	30.8-36.2	36.2	488(0)				610.2																													曇		16.0	6.0	12.0	21.9	9.0	2	53.0	重	**	**		セブンデイズ																													
2019100876	2022-12-17	5中山5		10.0	香取特別(2勝クラス)								黛弘人		ダ2400				2:35.6	1.8		5-5-4-2	38.1-38.4	39.7	492(+4)																																	曇		16.0	7.0	13.0	9.9	3.0	6	55.0	良	**	**		メイプルリッジ																													
2019100876	2023-01-21	1中京7		7.0	4歳以上2勝クラス								松田大作		ダ1900				2:01.3	0.9		2-2-2-2	30.0-38.5	39.4	490(-2)				170.0																													晴		16.0	4.0	8.0	22.4	6.0	4	57.0	良	**	**		レッドファーロ																													
2019100876	2023-02-18	1東京7		8.0	4歳以上2勝クラス								バシュロ		ダ2100				2:12.2	0.2		3-3-4-3	30.7-38.3	38.2	492(+2)				290.0																													晴		16.0	2.0	4.0	5.1	3.0	3	57.0	稍	**	**		ウォーロード																													
2019100876	2023-03-11	1阪神9		12.0	4歳以上2勝クラス								松田大作		ダ2000				2:08.2	0.3		1-1-1-1	36.5-38.3	38.6	486(-6)				290.0																													晴		12.0	7.0	9.0	11.5	4.0	3	58.0	良	**	**		オブジェダート																													
2019100876	2023-03-26	2中京6		10.0	天白川特別(2勝クラス)								黛弘人		ダ1900				1:58.3	0.0		3-3-3-3	29.9-37.2	36.9	488(+2)				1581.5																													小雨		13.0	6.0	8.0	5.5	4.0	1	58.0	不	**	**		(ジョーコモド)																													
2019100876	2023-04-22	1京都1		10.0	栞S(3勝クラス)								黛弘人		ダ1900				2:00.7	0.6		1-1-1-1	30.3-39.3	39.9	488(0)																																	晴		16.0	3.0	6.0	13.0	6.0	8	58.0	良	**	**		ヴィジョンオブラヴ																													
2019100876	2023-06-18	3阪神6		10.0	灘S(3勝クラス)								酒井学		ダ1800				1:54.7	2.8		2-2-2-2	36.4-37.8	40.5	482(-6)																																	曇		16.0	6.0	12.0	14.7	6.0	12	58.0	良	**	**		トウセツ																													
2019100876	2023-10-21	4東京6		10.0	神無月S(3勝クラス)								江田照男		ダ2100				2:15.1	5.5		3-6-9-8	30.1-37.7	42.5	494(+12)																																	晴		16.0	4.0	7.0	62.0	12.0	14	58.0	良	**	**		オーロイプラータ																													
2019100876	2023-11-11	3京都3		10.0	観月橋S(3勝クラス)								松田大作		ダ1900				2:03.0	3.1		2-2-2-2	30.0-38.9	41.8	490(-4)																																	曇		16.0	4.0	7.0	148.9	14.0	14	58.0	稍	**	**		ゼットリアン																													
2019100876	2023-12-10	5阪神4		10.0	竹田城S(3勝クラス)								大野拓弥		ダ2000				2:10.6	5.2		3-3-5-12	35.7-38.7	43.3	486(-4)																																	晴		16.0	4.0	7.0	122.3	12.0	15	58.0	良	**	**		リチュアル																													
2019100876	2024-03-23	1中京5		11.0	伊勢S(3勝クラス)								黛弘人		ダ1900				1:57.0	1.4		6-5-7-6	29.1-36.4	37.3	488(+2)																																	小雨		16.0	3.0	5.0	52.7	11.0	7	53.0	重	**	**		ロコポルティ																													
2019100876	2024-05-19	2東京10		10.0	エアグルーヴC(3勝クラス)								黛弘人		ダ2100				2:11.5	1.0		4-5-5-5	30.8-36.9	37.2	488(0)																																	曇		16.0	6.0	12.0	56.6	10.0	10	53.0	良	**	**		ルクスフロンティア																													
2019100876	2024-08-03	2新潟3		6.0	柳都S(3勝クラス)								吉田豊		ダ1800				1:52.2	0.3		10-10-9-8	36.2-38.1	37.6	478(-10)				280.0																													晴		15.0	6.0	11.0	91.2	12.0	4	53.0	良	**	**		ゴールドバランサー																													
2019100876	2024-10-19	4東京5		10.0	神無月S(3勝クラス)								吉田豊		ダ2100				2:11.2	0.7		13-13-13-12	30.8-37.1	36.8	488(+10)																																	曇		15.0	8.0	14.0	29.3	9.0	7	53.0	良	**	**		ダノンブレット																													
2019100876	2024-11-16	5東京5		10.0	晩秋S(3勝クラス)								津村明秀		ダ2100				2:12.9	1.3		11-12-13-13	31.8-36.0	36.3	494(+6)																																	曇		15.0	8.0	14.0	86.7	13.0	6	58.0	良	**	**		リアレスト																													
2019100876	2024-12-15	5中山6		10.0	北総S(3勝クラス)								津村明秀		ダ1800				1:54.4	1.6		11-12-13-14	36.8-38.8	39.1	496(+2)																																	晴		16.0	7.0	14.0	50.7	10.0	12	58.0	良	**	**		ハビレ																													
2019100876	2025-01-13	1中京5		10.0	雅S(3勝クラス)								荻野極		ダ1800				1:54.5	2.4		9-9-11-10	37.5-37.3	38.8	486(-10)																																	晴		15.0	1.0	2.0	106.6	13.0	14	53.0	良	**	**		スナークラファエロ																													
2019100876	2025-05-25	2東京10		12.0	丹沢S(3勝クラス)								吉田豊		ダ2100				2:09.7	2.5		9-6-5-5	30.3-35.9	38.0	500(+14)																																	曇		16.0	8.0	16.0	160.4	16.0	14	53.0	重	**	**		カズタンジャー																													
2019100876	2025-07-13	2福島6		10.0	天の川S(3勝クラス)								丸田恭介		ダ1700				1:46.7	0.9		14-13-13-12	29.3-38.1	37.6	486(-14)																																	晴		15.0	4.0	6.0	158.9	14.0	8	58.0	良	**	**		ノーブルゲイル																													
2019100876	2025-08-10	2新潟6		6.0	佐渡S(3勝クラス)								菊沢一樹		芝1800				1:49.6	0.9		7-5	37.0-33.9	34.5	482(-4)																																	雨		14.0	6.0	10.0	84.4	13.0	12	58.0	重	**	**		オクタヴィアヌス																													
2019100876	2025-10-18	4東京6		10.0	伊勢佐木S(3勝クラス)								柴田大知		ダ2100				2:13.9	1.9		10-10-10-9	31.4-36.6	37.9	498(+16)																																	曇		16.0	4.0	8.0	299.9	16.0	10	58.0	良	**	**		ピカピカサンダー																													
2019100876	2026-01-17	1中山6		10.0	アレキサンドライトS(3勝クラス)								黛弘人		ダ1800				1:54.3	2.1		11-11-13-11	37.4-37.5	38.1	512(+14)																																	晴		16.0	5.0	10.0	224.0	14.0	13	52.0	良				チュウワクリスエス																													
2019100937	2021-11-27	5東京7		6.0	2歳新馬								北村宏司		ダ1600				1:40.3	0.7		2-2	36.0-38.0	38.5	464(0)				280.0	晴		15.0	8.0	15.0	4.5	2.0	2	55.0	稍	**	**		サクセスローレル																																																									
2019100937	2021-12-19	5中山6		1.0	2歳未勝利								北村宏司		ダ1200				1:12.2	0.7		5-5	34.2-37.3	37.6	472(+8)				130.0	晴		16.0	1.0	2.0	5.5	2.0	3	55.0	稍	**	**		ゼンカイテン																																																									
2019100937	2022-01-10	1中山4		1.0	3歳未勝利								北村宏司		ダ1200				1:12.4	0.2		2-2	33.9-38.3	38.4	472(0)				210.0	曇		16.0	8.0	15.0	4.7	2.0	2	56.0	良	**	**		リオンラファール																																																									
2019100937	2022-02-05	1東京3		2.0	3歳未勝利								Ｍ．デム		ダ1300				1:21.1	0.8		4-4	30.4-37.4	37.9	472(0)					晴		16.0	2.0	3.0	1.7	1.0	7	56.0	良	**	**		ニシノスーベニア																																																									
2019100937	2022-03-26	3中山1		3.0	3歳未勝利								丸山元気		ダ1200				1:13.3	-0.2		2-1	35.4-37.9	37.8	466(-6)				520.0	曇		16.0	7.0	14.0	2.4	1.0	1	56.0	稍	**	**		(パイツィーレン)																																																									
2019100937	2022-05-22	2東京10		5.0	3歳1勝クラス								三浦皇成		ダ1400				1:26.2	2.4		2-2	35.2-36.2	38.4	456(-10)					晴		16.0	8.0	16.0	95.1	10.0	13	56.0	良	**	**		イグザルト																																																									
2019100937	2022-07-23	2福島7		8.0	3歳以上1勝クラス								三浦皇成		ダ1150				1:08.2	1.1		7-7	31.1-36.0	36.4	460(+4)				77.0	晴		16.0	3.0	5.0	27.7	8.0	5	54.0	重	**	**		アレクサンドラ																																																									
2019100937	2022-08-20	3新潟3		8.0	3歳以上1勝クラス								三浦皇成		ダ1200				1:12.3	0.8		4-5	34.5-37.0	37.5	456(-4)					雨		15.0	4.0	6.0	12.9	6.0	6	54.0	稍	**	**		キタノブレイド																																																									
2019100937	2022-11-05	3福島1		7.0	3歳以上1勝クラス								丸山元気		ダ1150				1:08.9	1.1		2-2	31.4-36.4	37.4	448(-8)				77.0	晴		16.0	7.0	14.0	18.2	7.0	5	56.0	良	**	**		サザンエルフ																																																									
2019100937	2022-11-20	5東京6		4.0	3歳以上1勝クラス								大野拓弥		ダ1400				1:26.5	0.9		4-7	35.7-36.9	37.2	452(+4)					曇		16.0	2.0	4.0	121.7	12.0	9	56.0	良	**	**		セブンダートオー																																																									
2019100937	2023-01-28	1東京1		7.0	4歳以上1勝クラス								大野拓弥		ダ1400				1:26.6	0.9		5-6	35.7-37.7	37.8	464(+12)					晴		16.0	6.0	12.0	51.8	10.0	8	57.0	良	**	**		ゲンパチプライド																																																									
2019100937	2023-03-25	3中山1		7.0	4歳以上1勝クラス								大野拓弥		ダ1200				1:11.3	0.1		3-3	34.0-37.2	37.1	456(-8)				320.0	小雨		16.0	7.0	13.0	11.0	5.0	2	58.0	不	**	**		フレーゲル																																																									
2019100937	2023-04-16	3中山8		7.0	4歳以上1勝クラス								田辺裕信		ダ1200				1:11.9	1.9		3-3	33.7-36.3	37.8	458(+2)					晴		14.0	7.0	13.0	4.8	3.0	11	58.0	重	**	**		マイアミュレット																																																									
2019100937	2023-05-28	2東京12		6.0	4歳以上1勝クラス								杉原誠人		ダ1400				1:27.1	2.1		9-9	35.3-37.2	38.4	454(-4)					晴		16.0	4.0	8.0	27.8	9.0	12	58.0	良	**	**		プラウドヘリテージ																																																									
2019100937	2023-08-20	3新潟4		9.0	閃光特別(1勝クラス)								杉原誠人		芝1000				0:54.9	0.5		7	32.2-32.6	32.1	450(-4)					晴		18.0	4.0	8.0	44.7	10.0	6	58.0	良	**	**		セイウンダマシイ																																																									
2019100937	2023-10-15	4新潟2		7.0	3歳以上1勝クラス								杉原誠人		芝1000				0:57.4	0.9		7	33.3-34.1	34.5	446(-4)					曇		18.0	7.0	13.0	11.7	4.0	9	58.0	稍	**	**		フォルテース																																																									
2019100937	2024-01-21	1中山7		4.0	4歳以上1勝クラス								大野拓弥		ダ1200				1:12.1	0.9		2-2	33.4-37.8	38.7	464(+18)					雨		16.0	5.0	9.0	25.2	8.0	11	58.0	不	**	**		セッカチケーン																																																									
2019100937	2024-07-27	2新潟1		11.0	3歳以上1勝クラス								菊沢一樹		芝1000				0:55.5	0.0		7	32.3-33.6	33.1	448(-16)				800.0	曇		18.0	7.0	15.0	13.3	7.0	1	58.0	良	**	**		(ドナヴィーナス)																																																									
2019100937	2024-10-12	4新潟3		11.0	飛翼特別(2勝クラス)								菊沢一樹		芝1000				0:54.9	0.5		16	32.1-32.6	32.0	452(+4)					晴		18.0	4.0	8.0	81.2	13.0	6	58.0	良	**	**		スコーピオン																																																									
2019100937	2024-12-22	5中山8		8.0	冬至特別(2勝クラス)								池添謙一		ダ1200				1:12.2	0.6		7-6	33.6-38.0	38.2	462(+10)				230.0	晴		16.0	5.0	10.0	75.2	10.0	4	58.0	良	**	**		ロードフロンティア																																																									
2019100937	2025-01-12	1中山4		12.0	4歳以上2勝クラス								田辺裕信		ダ1200				1:11.5	0.9		16-15	33.7-36.9	35.9	470(+8)				57.0	曇		16.0	1.0	1.0	53.7	11.0	5	58.0	良	**	**		ニットウバジル																																																									
2019100937	2025-02-09	1東京4		8.0	4歳以上2勝クラス								池添謙一		ダ1300				1:20.0	1.4		5-5	30.0-36.2	37.1	470(0)					晴		16.0	6.0	11.0	88.8	13.0	13	58.0	良	**	**		アンシール																																																									
2019100937	2025-05-04	1新潟2		10.0	邁進特別(2勝クラス)								菊沢一樹		芝1000				0:55.6	-0.6		8	32.8-33.7	32.6	458(-12)				1585.7	晴		16.0	4.0	8.0	23.9	7.0	1	58.0	良	**	**		(イコサン)																																																									
2019100937	2025-05-10	1新潟3		11.0	駿風S(3勝クラス)								佐々木大		芝1000				0:56.0	0.7		2	32.7-33.2	33.7	458(0)				184.0	曇		16.0	7.0	14.0	4.1	2.0	5	58.0	稍	**	**		レベレンシア																																																									
2019100937	2025-08-03	2新潟4		7.0	アイビスサマーD(GIII)								菊沢一樹		芝1000				0:54.5	0.8		13	32.0-32.0	31.9	450(-8)					晴		18.0	1.0	2.0	64.2	12.0	10	57.0	良	**	**		ピューロマジック																																																									
2019100937	2025-08-17	2新潟8		6.0	稲妻S(3勝クラス)								田辺裕信		芝1000				0:56.0	0.7		10	32.8-33.1	33.0	452(+2)				184.0	晴		11.0	1.0	1.0	18.0	7.0	5	58.0	良	**	**		エコロレジーナ																																																									
2019100937	2025-10-26	4新潟4		11.0	ルミエールオータムD(L)								西塚洸二		芝1000				0:56.2	0.9		14	32.7-33.2	32.8	454(+2)					雨		17.0	5.0	10.0	22.6	8.0	7	53.0	稍	**	**		イコサン																																																									
2019100937	2025-12-28	5中山8		10.0	フェアウェルS(3勝クラス)								菊沢一樹		ダ1200				1:11.9	1.0		12-12	33.4-37.5	37.4	460(+6)					晴		16.0	1.0	1.0	113.3	14.0	11	58.0	良	**	**		カンパニョーラ																																																									
2019101023	2021-12-11	5中山3	晴	5.0	2歳新馬		12.0	8.0	12.0	18.5	5.0	7	吉田豊	55.0	芝1800		良	**	1:51.7	1.1	**	5-5-5-5	38.1-35.0	35.5	476(0)			ポケットシンデレラ																																																																								
2019101023	2022-01-09	1中山3	晴	5.0	3歳未勝利		16.0	6.0	11.0	75.2	13.0	13	丸山元気	56.0	芝1600		稍	**	1:36.5	1.7	**	15-15-15	35.1-36.1	36.1	480(+4)			ゴーゴーユタカ																																																																								
2019101023	2022-01-22	1中山7	晴	6.0	3歳未勝利		14.0	8.0	14.0	132.5	10.0	11	吉田豊	56.0	芝2000		良	**	2:04.7	2.0	**	2-2-2-1	37.0-36.9	38.9	478(-2)			エンギダルマ																																																																								
2019101023	2022-02-20	1東京8	曇	5.0	3歳1勝クラス		15.0	3.0	5.0	284.3	10.0	8	岩田康誠	56.0	芝1600		重	**	1:36.4	2.0	**	13-13	34.2-36.0	36.3	474(-4)			ラスール																																																																								
2019101023	2022-04-23	2東京1	晴	5.0	3歳未勝利		18.0	8.0	17.0	58.6	10.0	16	岩田康誠	56.0	芝1600		良	**	1:36.3	2.8	**	12-14	34.5-35.3	36.7	474(0)			シュヴェルトライテ																																																																								
2019101023	2022-05-08	2東京6	晴	3.0	3歳未勝利		9.0	8.0	8.0	199.0	9.0	8	吉田豊	56.0	芝2300		良	**	2:23.7	1.4	**	7-7-7-7	31.3-34.0	34.7	474(0)			ホウオウフウジン																																																																								
2019101023	2022-05-29	2東京12	晴	4.0	3歳未勝利		18.0	2.0	3.0	358.3	14.0	10	吉田豊	56.0	芝1600		良	**	1:35.1	1.4	**	16-16	35.0-35.2	34.8	474(0)			グレイスフル																																																																								
2019101023	2022-06-12	3東京4	晴	2.0	3歳未勝利		11.0	7.0	8.0	19.6	5.0	8	岩田康誠	56.0	ダ1600		稍	**	1:40.8	1.8	**	3-3	36.9-36.9	38.4	472(-2)			ハリウッドフェーム																																																																								
2019101023	2022-07-10	1函館10	晴	2.0	3歳未勝利		13.0	2.0	2.0	121.8	10.0	8	丸山元気	56.0	ダ1700		良	**	1:49.0	2.5	**	10-9-8-9	29.9-38.0	39.6	460(-12)			シルバーブレッド																																																																								
2019101023	2022-08-07	1札幌6	晴	4.0	3歳未勝利		14.0	3.0	4.0	68.2	9.0	8	丸山元気	56.0	ダ1700		良	**	1:49.5	1.7	**	10-11-11-9	30.1-38.9	39.2	454(-6)			セイウンガレオン																																																																								
2019101023	2022-09-07	門別	晴	8.0	ヒヤデス特別(C1)		7.0	3.0	3.0	26.1	6.0	5	丸山元気	56.0	ダ1700		良	**	1:55.0	3.9	**	6-6-6-5		44.0	468(+14)			サンオークレア	7.0																																																																							
2019101023	2022-12-11	5中山4	晴	4.0	障害3歳以上未勝利		13.0	5.0	7.0	39.6	8.0	11	石神深一	58.0	障2880		良		3:29.5	14.8		13-13-13-11	109.1-0.0	14.5	474(+6)			オメガエリタージュ																																																																								
2019101023	2023-04-22	1福島5	晴	5.0	障害4歳以上未勝利		11.0	8.0	11.0	81.3	8.0	9	水沼元輝	57.0	障2770		良		3:08.9	4.6		8-9-9-9	104.0-0.0	13.6	474(0)			ポールトゥウィン																																																																								
2019101023	2023-05-21	1新潟8	晴	4.0	障害4歳以上未勝利		13.0	5.0	7.0	260.9	13.0	11	水沼元輝	57.0	障2890		良		3:15.7	3.1		10-11-11-11	106.0-0.0	13.5	470(-4)			ロードトゥフェイム																																																																								
2019101023	2023-06-18	3東京6	晴	1.0	障害3歳以上未勝利		6.0	6.0	6.0	42.7	6.0	3	水沼元輝	57.0	障3000		良		3:30.7	1.6		3-3-3-3	108.0-0.0	14.0	476(+6)			ナリノモンターニュ	200.0																																																																							
2019101023	2023-07-16	3中京6	晴	1.0	障害3歳以上未勝利		10.0	2.0	2.0	13.7	4.0	2	水沼元輝	57.0	障3000		良		3:20.6	0.3		5-7-6-4	103.1-0.0	13.4	472(-4)			サイード	320.0																																																																							
2019101023	2023-08-13	3新潟2	晴	1.0	障害3歳以上未勝利		14.0	8.0	14.0	3.1	2.0	6	水沼元輝	57.0	障2850		良		3:08.2	1.5		5-6-2-2	104.1-0.0	13.2	474(+2)			サクラトップラン																																																																								
2019101023	2023-09-18	4中山5	晴	1.0	障害3歳以上未勝利		13.0	8.0	12.0	6.1	4.0	5	水沼元輝	57.0	障2880		良		3:17.4	1.3		7-6-6-4	108.0-0.0	13.7	480(+6)			コスモスタック	79.0																																																																							
2019101023	2023-10-14	4新潟1	晴	4.0	障害3歳以上未勝利		13.0	4.0	4.0	7.9	3.0	5	水沼元輝	57.0	障2850		良		3:07.1	1.3		4-4-5-5	102.1-0.0	13.1	470(-10)			ロスコフ	79.0																																																																							
2019101023	2023-11-05	3福島2	曇	4.0	障害3歳以上未勝利		11.0	7.0	9.0	7.6	4.0	中	水沼元輝	57.0	障2750		良						106.1-0.0		474(+4)			ブラックボイス																																																																								
2019101023	2023-11-19	3福島6	晴	4.0	障害3歳以上未勝利		14.0	6.0	10.0	15.0	5.0	7	蓑島靖典	60.0	障2770		良		3:11.5	4.5		6-6-10-10	110.0-0.0	13.8	468(-6)			エイムトゥルー																																																																								
2019101023	2023-12-28	5阪神9	晴	4.0	障害3歳以上未勝利		14.0	4.0	5.0	45.7	8.0	6	水沼元輝	57.0	障2970		良		3:22.5	1.5		9-8-8-7	107.0-0.0	13.6	474(+6)			ドンカルロ																																																																								
2019101023	2024-02-11	2小倉2	晴	4.0	障害4歳以上未勝利		12.0	2.0	2.0	24.6	6.0	5	水沼元輝	57.0	障2860		良		3:12.8	2.0		7-8-7-5	108.0-0.0	13.5	472(-2)			ルリアン	79.0																																																																							
2019101023	2024-08-10	2中京1	晴	1.0	障害3歳以上未勝利		10.0	3.0	3.0	27.5	8.0	5	大江原圭	60.0	障3000		良		3:20.8	2.2		7-7-7-7	103.1-0.0	13.4	472(0)			ゼンカイテン	79.0																																																																							
2019101023	2024-09-01	2中京8	曇	1.0	障害3歳以上未勝利		9.0	7.0	7.0	3.1	2.0	4	大江原圭	60.0	障3000		不		3:25.7	1.3		2-2-2-2	109.0-0.0	13.7	466(-6)			コルドゥーン	120.0																																																																							
2019101023	2024-09-22	3中京7	曇	1.0	障害3歳以上未勝利		13.0	6.0	9.0	8.7	3.0	8	大江原圭	60.0	障3000		良		3:24.1	2.8		10-10-10-10	103.1-0.0	13.6	478(+12)			タイセイスラッガー																																																																								
2019101023	2024-10-12	4新潟3	晴	1.0	障害3歳以上未勝利		11.0	7.0	9.0	13.1	5.0	8	大江原圭	60.0	障2850		良		3:09.0	4.0		7-7-8-8	103.0-0.0	13.3	478(0)			エターナリー																																																																								
2019101023	2024-11-03	3福島2	晴	5.0	障害3歳以上未勝利		7.0	6.0	6.0	26.1	7.0	4	土田真翔	57.0	障2750		重		3:05.2	0.5		5-5-6-6	109.0-0.0	13.5	474(-4)			タイセイモンストル	120.0																																																																							
2019101023	2024-11-17	3福島6	晴	4.0	障害3歳以上未勝利		14.0	7.0	11.0	41.1	8.0	4	土田真翔	57.0	障2770		良		3:03.6	0.4		6-6-5-6	107.0-0.0	13.3	470(-4)			パープルアドミラル	120.0																																																																							
2019101023	2024-12-08	5中山4	晴	4.0	障害3歳以上未勝利		11.0	1.0	1.0	14.3	5.0	4	土田真翔	57.0	障2880		良		3:17.9	0.1		7-7-5-4	108.0-0.0	13.7	484(+14)			ヤマタケアオイバラ	120.0																																																																							
2019101023	2025-01-19	1中山7	晴	4.0	障害4歳以上未勝利		11.0	2.0	2.0	15.3	8.0	5	土田真翔	57.0	障2880		良		3:16.5	0.8		8-6-6-6	107.0-0.0	13.6	490(+6)			ディナースタ	84.0																																																																							
2019101023	2025-02-08	1小倉5	雪	5.0	障害4歳以上未勝利		9.0	7.0	7.0	8.7	5.0	中	土田真翔	57.0	障2860		稍						107.1-0.0		482(-8)			ウン																																																																								
2019101023	2025-02-23	1小倉10	曇	4.0	障害4歳以上未勝利		12.0	5.0	6.0	12.5	5.0	3	土田真翔	57.0	障2860		良		3:13.7	0.5		7-6-6-6	108.0-0.0	13.5	484(+2)			サンデーヒーロー	210.0																																																																							
2019101023	2025-03-09	2中山4	晴	4.0	障害4歳以上未勝利		11.0	2.0	2.0	18.6	8.0	2	土田真翔	57.0	障2880		稍		3:17.7	0.4		8-8-4-3	110.1-0.0	13.7	484(0)			テンメジャーガール	340.0																																																																							
2019101023	2025-04-06	3中山4	曇	4.0	障害4歳以上未勝利		12.0	3.0	3.0	3.8	1.0	3	土田真翔	57.0	障2880		良		3:18.7	0.5		8-8-7-6	109.1-0.0	13.8	486(+2)			メイショウカズサ	210.0																																																																							
2019101023	2025-04-20	2阪神8	曇	4.0	障害4歳以上未勝利		14.0	5.0	8.0	16.3	7.0	6	伴啓太	60.0	障2970		良		3:26.4	1.8		10-9-7-5	106.0-0.0	13.9	472(-14)			テイエムマジック																																																																								
2019101023	2025-05-31	2東京11	雨	4.0	障害4歳以上未勝利		14.0	8.0	13.0	18.2	6.0	6	土田真翔	57.0	障3000		稍		3:32.7	3.4		9-9-5-5	110.0-0.0	14.2	488(+16)			スズカハービン																																																																								
2019101023	2025-06-22	3東京6	晴	1.0	障害3歳以上未勝利		12.0	4.0	4.0	30.2	9.0	6	土田真翔	57.0	障3000		良		3:25.0	1.2		5-4-2-1	106.0-0.0	13.7	488(0)			マホロバ																																																																								
2019101023	2025-07-27	3中京2	晴	1.0	障害3歳以上未勝利		14.0	7.0	11.0	16.4	5.0	6	土田真翔	57.0	障3000		良		3:19.5	0.5		9-9-7-7	102.1-0.0	13.3	486(-2)			タマモエース																																																																								
2019101023	2025-08-24	4中京2	晴	1.0	障害3歳以上未勝利		11.0	4.0	4.0	14.2	6.0	中	西谷誠	60.0	障3000		良					9-9-5-4	103.1-0.0		486(0)			アメリカンピース																																																																								
2019101023	2025-09-14	4中山4	曇	1.0	障害3歳以上未勝利		9.0	8.0	8.0	4.5	2.0	6	西谷誠	60.0	障2880		良		3:19.8	1.3		7-7-7-7	110.1-0.0	13.9	490(+4)			フェーングロッテン																																																																								
2019101023	2025-10-12	3京都4	曇	4.0	障害3歳以上未勝利		12.0	6.0	8.0	10.4	4.0	10	西谷誠	60.0	障2910		良		3:22.9	4.8		11-11-11-11	105.1-0.0	13.9	482(-8)			ヴィアルークス																																																																								
2019101023	2025-11-09	3福島2	曇	4.0	障害3歳以上未勝利		10.0	7.0	7.0	16.1	7.0	5	土田真翔	57.0	障2750		良		3:04.5	1.2		7-7-6-6	105.0-0.0	13.4	478(-4)			ローンウルフ	84.0																																																																							
2019101023	2025-11-22	3福島5	晴	4.0	障害3歳以上未勝利		14.0	6.0	10.0	20.6	7.0	8	土田真翔	57.0	障2770		良		3:05.7	4.2		9-9-8-8	103.1-0.0	13.4	482(+4)			マルベリーシチー																																																																								
2019101023	2025-12-28	5阪神8	晴	5.0	障害3歳以上未勝利		14.0	7.0	12.0	64.8	11.0	5	土田真翔	57.0	障2970		良		3:26.3	1.7		12-12-10-6	108.0-0.0	13.9	484(+2)			ナックエルドラド	84.0																																																																							
2019101023	2026-01-17	1中山6		4.0	障害4歳以上未勝利								土田真翔		障2880				3:16.1	1.2		9-8-7-6	106.1-0.0	13.6	488(+4)				340.0																													晴		12.0	7.0	9.0	36.3	7.0	2	57.0	良				コレクテイニア																													
2019101165	2021-08-07	3新潟5	晴	5.0	2歳新馬		17.0	2.0	4.0	38.1	8.0	12	柴田善臣	54.0	芝1600		良	**	1:37.3	2.3	**	15-15	36.4-33.7	34.4	478(0)			フォラブリューテ																																																																								
2019101165	2021-11-27	5東京7	晴	1.0	2歳未勝利		16.0	7.0	13.0	9.2	5.0	5	柴田善臣	55.0	ダ1600		稍	**	1:39.9	0.9	**	12-12	35.2-39.1	38.2	488(+10)			トーセンエルドラド	51.0																																																																							
2019101165	2021-12-19	5中山6	晴	2.0	2歳未勝利		16.0	6.0	12.0	7.2	3.0	1	田辺裕信	55.0	ダ1800		稍	**	1:55.0	-0.6	**	12-11-2-2	37.1-39.6	39.5	486(-2)			(ウロボン)	510.0																																																																							
2019101165	2022-01-08	1中山2	晴	9.0	黒竹賞(1勝クラス)		16.0	6.0	12.0	91.3	11.0	11	江田照男	56.0	ダ1800		稍	**	1:56.4	2.1	**	14-15-15-14	37.9-37.5	38.3	486(0)			ホウオウルーレット																																																																								
2019101165	2022-04-30	2東京3	晴	6.0	3歳1勝クラス		11.0	5.0	5.0	113.2	10.0	5	池添謙一	56.0	ダ1600		重	**	1:36.2	1.4	**	9-9	34.7-36.7	36.6	480(-6)			ジュタロウ	75.0																																																																							
2019101165	2022-05-29	2東京12	晴	5.0	3歳1勝クラス		16.0	6.0	12.0	31.4	9.0	10	岩田望来	56.0	ダ1600		良	**	1:37.8	1.4	**	7-7	34.7-37.1	37.6	476(-4)			ロードジャスティス																																																																								
2019101165	2022-10-15	4東京4	曇	4.0	3歳以上1勝クラス		12.0	8.0	11.0	5.7	3.0	6	幸英明	55.0	ダ1400		稍	**	1:25.8	1.3	**	8-7	36.4-35.6	36.1	486(+10)			アラカザーム																																																																								
2019101165	2022-10-29	4東京8	晴	7.0	3歳以上1勝クラス		13.0	7.0	10.0	69.2	12.0	8	内田博幸	55.0	ダ1400		良	**	1:26.7	0.8	**	7-3	36.5-36.7	37.3	484(-2)			キャンディドライヴ																																																																								
2019101165	2023-01-09	1中山4	晴	7.0	4歳以上1勝クラス		16.0	7.0	13.0	32.9	8.0	10	内田博幸	57.0	ダ1800		良	**	1:56.1	1.5	**	12-12-10-12	37.2-39.5	39.7	492(+8)			デルマタモン																																																																								
2019101165	2023-03-19	2中京4	晴	7.0	4歳以上1勝クラス		10.0	7.0	8.0	39.2	8.0	10	永島まな	54.0	ダ1800		重	**	1:55.5	4.1	**	9-9-7-8	37.2-36.4	39.7	482(-10)			グーデンドラーク																																																																								
2019101165	2023-05-13	1新潟5	晴	12.0	4歳以上1勝クラス		15.0	2.0	2.0	29.4	7.0	3	黛弘人	58.0	ダ1200		良	**	1:13.1	0.9	**	14-14	34.5-37.7	36.5	480(-2)			ロックユアハート	200.0																																																																							
2019101165	2023-05-21	1新潟8	晴	7.0	4歳以上1勝クラス		15.0	2.0	2.0	30.6	10.0	8	黛弘人	58.0	ダ1200		良	**	1:12.3	0.8	**	14-14	33.8-37.7	36.9	480(0)			クインズプリーズ																																																																								
2019101165	2023-07-01	2福島1	曇	12.0	3歳以上1勝クラス		16.0	3.0	6.0	43.2	10.0	9	菅原明良	58.0	ダ1150		重	**	1:08.9	0.9	**	12-13	31.2-36.8	36.4	480(0)			リラックス																																																																								
2019101165	2023-09-09	4中山1	晴	12.0	3歳以上1勝クラス		16.0	5.0	9.0	27.3	9.0	6	笹川翼	58.0	ダ1200		重	**	1:12.1	0.9	**	12-10	34.3-36.9	36.6	484(+4)			ゴキゲンサン																																																																								
2019101165	2023-09-30	4中山8	晴	8.0	3歳以上1勝クラス		16.0	7.0	13.0	34.2	8.0	6	永野猛蔵	57.0	ダ1200		良	**	1:12.0	1.8	**	15-15	33.8-36.4	36.2	488(+4)			サイモンギフト																																																																								
2019101165	2023-11-04	5東京1	晴	6.0	3歳以上1勝クラス		16.0	3.0	5.0	70.3	10.0	11	内田博幸	58.0	ダ1400		良	**	1:25.3	1.9	**	13-13	35.7-35.5	36.3	486(-2)			プラチナジュビリー																																																																								
2019101165	2023-11-11	3福島3	晴	7.0	3歳以上1勝クラス		16.0	8.0	16.0	21.4	9.0	3	小林脩斗	56.0	ダ1150		良	**	1:09.5	0.3	**	12-12	31.6-37.6	36.6	478(-8)			バスドラムガール	200.0																																																																							
2019101165	2023-12-02	5中山1	晴	7.0	3歳以上1勝クラス		16.0	8.0	16.0	12.2	6.0	4	小林脩斗	56.0	ダ1200		良	**	1:12.2	0.5	**	10-12	34.0-37.7	37.1	484(+6)			ニーナブランド	120.0																																																																							
2019101165	2023-12-23	5中山7	晴	8.0	3歳以上1勝クラス		16.0	1.0	1.0	20.3	8.0	2	小林脩斗	56.0	ダ1200		良	**	1:11.9	0.1	**	8-8	34.4-37.4	36.5	484(0)			クラウンブラヴォー	320.0																																																																							
2019101165	2024-01-14	1中山5	晴	6.0	4歳以上1勝クラス		15.0	2.0	3.0			除	江田照男	58.0	ダ1200		稍	**			**		34.4-37.5		484(0)			アンスリウム																																																																								
2019101165	2024-09-08	4中山2	晴	6.0	3歳以上1勝クラス		16.0	2.0	3.0	17.6	6.0	3	小林脩斗	56.0	ダ1200		良	**	1:11.6	0.5	**	11-10	34.2-36.9	36.1	484(0)			ヴィクトリーロード	200.0																																																																							
2019101165	2024-09-22	4中山7	曇	8.0	3歳以上1勝クラス		16.0	8.0	15.0	3.7	1.0	2	小林脩斗	56.0	ダ1200		良	**	1:11.7	0.1	**	10-8	33.8-37.8	37.2	488(+4)			リリージェーン	320.0																																																																							
2019101165	2024-11-09	3福島3	晴	7.0	3歳以上1勝クラス		16.0	6.0	11.0	4.3	2.0	8	小林脩斗	56.0	ダ1150		良	**	1:09.4	1.1	**	13-14	31.7-36.6	36.7	494(+6)			シャカシャカシー																																																																								
2019101165	2025-01-11	1中山3	晴	8.0	4歳以上1勝クラス		16.0	2.0	4.0	4.1	1.0	2	丹内祐次	58.0	ダ1200		稍	**	1:11.9	0.1	**	5-6	33.6-38.2	37.4	504(+10)			スーパーマン	320.0																																																																							
2019101165	2025-01-25	1中山8	曇	7.0	4歳以上1勝クラス		16.0	2.0	4.0	4.6	2.0	6	内田博幸	58.0	ダ1200		良	**	1:12.1	0.8	**	13-13	33.4-37.9	37.3	504(0)			マイレーヌ																																																																								
2019101165	2025-03-30	3中山2	晴	8.0	4歳以上1勝クラス		16.0	5.0	10.0	4.2	1.0	9	菅原明良	58.0	ダ1200		稍	**	1:13.1	0.8	**	4-8	36.0-36.3	36.7	494(-10)			セキテイオー																																																																								
2019101165	2025-04-06	3中山4	晴	12.0	4歳以上2勝クラス		15.0	1.0	1.0	15.5	5.0	7	荻野極	58.0	ダ1200		稍	**	1:12.6	1.1	**	4-4	35.7-35.8	36.6	488(-6)			ネイト																																																																								
2019101165	2025-07-19	2福島7	晴	12.0	3歳以上1勝クラス		11.0	6.0	6.0	18.3	4.0	7	菊沢一樹	58.0	ダ1150		良	**	1:10.2	0.4	**	8-8	32.7-37.1	36.5	486(-2)			グラスブランシュ																																																																								
2019101165	2025-09-07	2札幌6	曇	6.0	3歳以上1勝クラス		12.0	5.0	6.0	25.1	7.0	11	佐々木大	58.0	ダ1000		稍	**	1:00.2	1.3	**	11-12	35.0-35.4	35.1	488(+2)			サードウインド																																																																								
2019101165	2025-12-20	5中山5	曇	8.0	3歳以上1勝クラス		16.0	2.0	3.0	48.3	9.0	4	プーシャ	58.0	ダ1200		良	**	1:11.7	1.2	**	4-3	33.6-36.9	37.4	486(-2)			ダンケルド	120.0																																																																							
2019101165	2026-01-10	1中山3	晴	12.0	4歳以上1勝クラス		16.0	1.0	2.0	9.6	4.0	1	丹内祐次	58.0	ダ1200		良	**	1:12.5	0.0	**	9-7	34.7-37.8	36.8	486(0)			(ピコレッド)	820.0																																																																							
2019101185	2021-10-17	4阪神4		5.0	2歳新馬								岩田望来		芝1600				1:35.8	0.2		10-11	36.1-35.5	34.7	464(0)				280.0	晴		16.0	1.0	2.0	48.0	10.0	2	55.0	良	**	**		セルバーグ																																																									
2019101185	2021-11-06	5阪神1		3.0	2歳未勝利								岩田望来		芝1600				1:36.3	2.0		9-9	35.2-34.9	36.4	464(0)					晴		17.0	3.0	6.0	4.3	2.0	15	55.0	良	**	**		トゥードジボン																																																									
2019101185	2021-12-25	6阪神7		4.0	2歳未勝利								秋山真一		芝1600				1:36.7	1.3		18-17	35.6-35.7	35.6	468(+4)					晴		18.0	2.0	4.0	22.7	10.0	10	55.0	良	**	**		エリカフェリーチェ																																																									
2019101185	2022-01-22	1中京7		1.0	3歳未勝利								岩田望来		ダ1800				1:55.8	0.3		1-1-1-1	38.9-38.7	39.0	472(+4)				210.0	晴		11.0	6.0	7.0	12.4	3.0	2	56.0	良	**	**		ジョーコモド																																																									
2019101185	2022-02-05	1中京11		3.0	3歳未勝利								福永祐一		ダ1900				2:04.5	3.6		1-1-1-2	30.4-38.6	42.2	476(+4)				52.0	晴		13.0	2.0	2.0	3.5	2.0	5	56.0	良	**	**		インディゴブラック																																																									
2019101185	2022-02-27	1阪神6		2.0	3歳未勝利								福永祐一		ダ1800				1:57.2	0.2		4-4-3-2	38.4-40.3	40.2	474(-2)				210.0	晴		15.0	5.0	8.0	5.5	3.0	2	56.0	良	**	**		メッセージソング																																																									
2019101185	2022-03-21	2中京4		2.0	3歳未勝利								今村聖奈		ダ1800				1:55.1	-0.4		3-3-2-2	37.6-38.6	38.3	472(-2)				520.0	晴		14.0	6.0	9.0	2.6	1.0	1	52.0	稍	**	**		(クロニクル)																																																									
2019101185	2022-05-29	3中京8		6.0	3歳1勝クラス								角田大河		ダ1800				1:55.0	2.9		6-6-8-8	37.0-37.8	40.1	464(-8)					晴		15.0	2.0	3.0	27.9	10.0	12	53.0	良	**	**		ドライゼ																																																									
2019101185	2022-08-06	1札幌5		12.0	3歳以上1勝クラス								浜中俊		芝1500				1:29.4	0.1		11-10-8	30.1-35.0	34.4	468(+4)				120.0	晴		14.0	6.0	9.0	21.3	6.0	4	54.0	良	**	**		エープラス																																																									
2019101185	2022-08-20	2札幌3		9.0	千歳特別(1勝クラス)								浜中俊		芝1500				1:31.7	0.7		6-7-4	29.8-36.8	37.0	468(0)					曇		14.0	3.0	3.0	6.1	3.0	8	54.0	稍	**	**		モチベーション																																																									
2019101185	2022-11-12	3福島3		12.0	3歳以上1勝クラス								角田大和		芝1200				1:11.3	0.6		4-4	35.2-35.5	35.7	468(0)					晴		16.0	7.0	13.0	7.0	3.0	8	55.0	良	**	**		イールテソーロ																																																									
2019101185	2023-03-18	2中京3		8.0	4歳以上1勝クラス								幸英明		芝1400				1:23.9	1.5		7-7	34.8-35.6	36.5	476(+8)					曇		18.0	5.0	9.0	51.7	14.0	8	58.0	重	**	**		メイショウソラフネ																																																									
2019101185	2023-04-09	1福島2		8.0	4歳以上1勝クラス								佐々木大		芝1200				1:10.6	0.8		2-1	34.3-35.5	36.2	474(-2)					晴		15.0	4.0	6.0	7.3	5.0	6	55.0	良	**	**		ナバロン																																																									
2019101185	2023-05-07	1新潟4		8.0	4歳以上1勝クラス								石橋脩		芝1400				1:26.4	0.7		8-9	35.0-38.4	38.2	476(+2)					雨		16.0	4.0	8.0	11.3	6.0	6	58.0	不	**	**		バルタザール																																																									
2019101185	2023-06-18	3東京6		7.0	3歳以上1勝クラス								戸崎圭太		芝1800				1:46.2	0.7		8-11-9	35.1-35.0	34.8	482(+6)				80.0	晴		15.0	4.0	7.0	50.4	8.0	5	58.0	良	**	**		マイネルモーント																																																									
2019101185	2023-06-25	3東京8		12.0	3歳以上1勝クラス								石橋脩		ダ1400				1:25.3	1.9		4-4	35.0-36.3	37.7	482(0)					晴		16.0	4.0	8.0	44.3	9.0	10	58.0	良	**	**		ラックスアットゼア																																																									
2019101185	2023-08-27	2札幌6		8.0	3歳以上1勝クラス								佐々木大		芝1500				1:31.6	0.6		2-3-2	29.5-37.3	37.5	484(+2)				120.0	雨		14.0	3.0	4.0	24.8	9.0	4	57.0	重	**	**		セーヌドゥレーヴ																																																									
2019101185	2023-09-10	4中山2		7.0	3歳以上1勝クラス								ルメール		芝1600				1:33.4	-0.1		3-3-2	35.5-34.7	34.6	478(-6)				800.0	晴		16.0	5.0	10.0	11.8	5.0	1	58.0	良	**	**		(ダノンティアラ)																																																									
2019101185	2023-09-24	4中山7		9.0	木更津特別(2勝クラス)								戸崎圭太		芝1600				1:34.1	0.3		6-3-3	35.3-35.4	35.3	482(+4)				630.0	晴		16.0	4.0	8.0	11.9	7.0	2	55.0	良	**	**		センタースリール																																																									
2019101185	2023-12-10	5中山4		12.0	3歳以上2勝クラス								戸崎圭太		芝1600				1:34.0	1.0		3-4-4	34.7-35.2	35.9	482(0)					晴		11.0	1.0	1.0	5.0	3.0	9	58.0	良	**	**		ブランデーロック																																																									
2019101185	2023-12-24	5中山8		10.0	クリスマスC(2勝クラス)								戸崎圭太		芝1600				1:34.6	1.4		4-4-5	34.7-35.2	36.3	488(+6)					晴		16.0	2.0	3.0	18.0	7.0	15	58.0	良	**	**		コントラポスト																																																									
2019101185	2024-03-03	2中山4		12.0	4歳以上2勝クラス								西村淳也		ダ1200				1:11.5	0.5		9-8	33.6-37.4	36.8	494(+6)				170.0	晴		16.0	3.0	6.0	15.7	7.0	4	58.0	稍	**	**		ロレンツォ																																																									
2019101185	2024-03-16	2中山7		12.0	4歳以上2勝クラス								石橋脩		ダ1200				1:11.3	0.5		7-5	34.1-36.7	36.6	494(0)				290.0	晴		16.0	6.0	11.0	24.4	8.0	3	58.0	良	**	**		スクーバー																																																									
2019101185	2024-04-13	3中山7		12.0	袖ケ浦特別(2勝クラス)								田辺裕信		ダ1200				1:11.1	0.3		2-2	34.7-36.1	36.3	496(+2)				395.4	晴		15.0	8.0	15.0	6.6	4.0	3	58.0	良	**	**		ハヤブサジェット																																																									
2019101185	2024-05-05	2東京6		12.0	日吉特別(2勝クラス)								石橋脩		ダ1300				1:18.7	1.1		6-5	29.9-36.0	36.4	494(-2)					晴		16.0	5.0	9.0	18.5	9.0	10	58.0	良	**	**		グランフォーブル																																																									
2019101185	2024-07-21	2福島8		10.0	米沢特別(2勝クラス)								石橋脩		ダ1150				1:08.6	0.8		9-8	31.0-36.8	36.8	492(-2)					晴		15.0	7.0	13.0	13.0	6.0	6	58.0	良	**	**		ミユキアイラブユー																																																									
2019101185	2024-09-15	4中山4		9.0	浦安特別(2勝クラス)								石橋脩		ダ1200				1:12.6	1.0		7-9	35.0-36.6	37.0	492(0)					晴		13.0	7.0	10.0	15.3	6.0	9	58.0	良	**	**		エコロアレス																																																									
2019101185	2024-12-01	5中山2		12.0	3歳以上2勝クラス								石橋脩		ダ1200				1:11.3	0.5		10-8	34.1-36.7	36.4	500(+8)				170.0	晴		16.0	4.0	8.0	55.7	11.0	4	58.0	良	**	**		アメリカンマーチ																																																									
2019101185	2024-12-14	5中山5		12.0	3歳以上2勝クラス								石橋脩		ダ1200				1:12.0	0.0		3-3	34.1-37.9	37.7	500(0)				1140.0	晴		16.0	7.0	13.0	12.0	5.0	1	58.0	良	**	**		(ウィンダミア)																																																									
2019101185	2024-12-22	5中山8		12.0	フェアウェルS(3勝クラス)								マーカン		ダ1200				1:12.2	1.4		6-5	33.3-37.5	38.4	500(0)				184.0	晴		16.0	3.0	5.0	20.8	6.0	5	58.0	良	**	**		ケイアイアニラ																																																									
2019101185	2025-01-26	1中山9		10.0	江戸川S(3勝クラス)								石橋脩		ダ1200				1:11.7	0.6		5-8	33.3-37.8	37.8	504(+4)					晴		15.0	5.0	8.0	51.4	11.0	9	58.0	良	**	**		タイセイブリリオ																																																									
2019101185	2025-02-23	高知		3.0	メヒカリ特別(AB)								畑中信司		ダ1400				1:32.3	0.3		4-4-4-3		39.0	506(+2)				56.0	晴		8.0	3.0	3.0	2.4	2.0	2	56.0	良	**	**		デルマベルセブブ																																																									
2019101185	2025-03-02	高知		4.0	御厨人窟賞(重賞)								岡村卓弥		ダ1400				1:31.7	1.9		4-6-9-10		41.2	506(0)					曇		12.0	2.0	2.0	25.1	7.0	8	57.0	重	**	**		ニクソンテソーロ																																																									
2019101185	2025-03-16	高知		2.0	Weedイベント特別(A)								加藤翔馬		ダ1400				1:30.3	1.1		3-5-5-7		40.1	512(+6)					晴		9.0	8.0	10.0	6.1	3.0	7	56.0	不	**	**		ナムラスワガー																																																									
2019101185	2025-04-13	高知		9.0	AB混合								郷間勇太		ダ1600				1:44.5	2.3		5-6-6-7		39.8	503(-9)					晴		9.0	1.0	1.0	19.8	4.0	8	57.0	不	**	**		エコロファルコン																																																									
2019101185	2025-04-27	高知		6.0	Aー2								郷間勇太		ダ1300				1:25.0	1.2		5-4-4-4		39.7	511(+8)				16.0	晴		9.0	5.0	5.0	15.5	5.0	5	57.0	稍	**	**		ダノンジャスティス																																																									
2019101185	2025-05-10	高知		3.0	春野特別								郷間勇太		ダ1400				1:29.2	1.2		8-8-6-6		39.0	503(-8)				50.0	曇		11.0	1.0	1.0	69.1	8.0	5	57.0	不	**	**		サンライズグリット																																																									
2019101185	2025-05-25	高知		8.0	Aー3								仲原大生		ダ1600				1:45.6	0.2		3-3-5-2		39.9	503(0)				40.0	晴		8.0	3.0	3.0	28.8	8.0	3	57.0	不	**	**		ワイドカント																																																									
2019101185	2025-06-07	高知		3.0	瀬戸特別								仲原大生		ダ1600				1:47.1	1.8		4-4-4-6		40.9	505(+2)					曇		11.0	5.0	5.0	97.2	10.0	8	57.0	稍	**	**		メイショウウズマサ																																																									
2019101185	2025-06-22	高知		10.0	Aー2								仲原大生		ダ1600				1:44.4	0.6		2-3-2-2		39.5	495(-10)				40.0	曇		8.0	6.0	6.0	32.9	6.0	3	57.0	重	**	**		ロードレイライン																																																									
2019101233	2022-02-04	名古屋		1.0	3歳9組								岡部誠		ダ800				0:52.6	0.1		7		37.2	427(0)				12.2																																											晴		9.0	4.0	4.0	6.8	4.0	2	56.0	良	**	**		グローリーワールド															
2019101233	2022-02-18	名古屋		1.0	3歳10組								岡部誠		ダ1400				1:35.3	-0.6		5-4-1		41.2	428(+1)				38.0																																											晴		10.0	3.0	3.0	1.4	1.0	1	56.0	良	**	**		(カガヤキファイター)															
2019101233	2022-03-02	名古屋		1.0	3歳5組								岡部誠		ダ1400				1:34.0	-1.8		2-2-1		41.3	428(0)				38.0																																											晴		10.0	8.0	10.0	1.2	1.0	1	56.0	稍	**	**		(トマトヒメ)															
2019101233	2022-03-08	名古屋		6.0	土古ファイナルまであ(3歳)								大畑雅章		ダ1400				1:34.5	0.2		6-4-3		40.7	427(-1)				12.2																																											晴		10.0	4.0	4.0	4.9	3.0	2	56.0	良	**	**		トップマジェスティ															
2019101233	2022-04-11	名古屋		3.0	3歳3組								大畑雅章		ダ1500				1:37.2	0.7		4-2-2		39.4	438(+11)				13.2																																											晴		12.0	5.0	5.0	3.5	2.0	2	56.0	良	**	**		アヤ															
2019101233	2022-04-20	名古屋		10.0	名古屋CCチェリー賞(3歳)								丸野勝虎		ダ1500				1:38.9	0.3		7-5-4		39.8	431(-7)				20.5																																											晴		10.0	1.0	1.0	4.7	2.0	2	56.0	重	**	**		アスタートリゴン															
2019101233	2022-05-25	名古屋		2.0	3歳2組								今井貴大		ダ1500				1:36.7	-0.1		6-6-4		38.8	434(+3)				40.0																																											晴		9.0	6.0	6.0	2.8	2.0	1	56.0	良	**	**		(スモークウォーター)															
2019101233	2022-08-16	名古屋		10.0	ホトトギス特別(3歳)								丸野勝虎		ダ1500				1:37.1	-0.4		6-5-3		40.4	435(+1)				62.0																																											晴		10.0	8.0	10.0	2.8	1.0	1	56.0	良	**	**		(スモークウォーター)															
2019101233	2022-09-15	園田		11.0	西日本ダービー(重賞)								長谷部駿		ダ1870				2:05.5	0.3		8-7-6-6		38.9	426(-9)				120.0																																											晴		12.0	1.0	1.0	22.7	5.0	4	56.0	良	**	**		スーパーバンタム															
2019101233	2022-10-14	名古屋		6.0	C4組								岡部誠		ダ1500				1:36.5	-1.5		2-2-1		40.1	438(+12)				35.0																																											晴		11.0	6.0	7.0	1.1	1.0	1	56.0	良	**	**		(マーシゴッドレッグ)															
2019101233	2022-10-24	名古屋		12.0	オリオン座特別(B)								岡部誠		ダ2000				2:13.2	-0.5		3-3-1		39.5	433(-5)				60.0																																											晴		10.0	3.0	3.0	1.6	1.0	1	56.0	良	**	**		(ジャヤワルダナ)															
2019101233	2022-11-22	名古屋		12.0	くじゃく座特別(B)								岡部誠		ダ1500				1:35.9	-0.2		4-4-1		38.9	434(+1)				60.0																																											晴		12.0	8.0	12.0	4.6	2.0	1	57.0	重	**	**		(シノジマニヨラサイ)															
2019101233	2023-03-26	2中京6		6.0	4歳以上1勝クラス								秋山真一		ダ1400				1:25.8	0.6		10-9	36.0-37.0	36.8	430(-4)																																															小雨		16.0	3.0	6.0	24.6	9.0	7	58.0	不	**	**		マイレッドスター															
2019101233	2023-04-16	2阪神8		12.0	4歳以上1勝クラス								藤懸貴志		ダ1400				1:25.8	1.8		4-4	34.4-37.3	38.8	428(-2)																																															晴		15.0	2.0	4.0	36.3	9.0	13	58.0	重	**	**		スペクトログラム															
2019101233	2023-06-24	3阪神7		7.0	3歳以上1勝クラス								松若風馬		ダ1400				1:25.4	1.5		9-9	34.7-37.1	37.7	430(+2)				80.0																																											曇		16.0	6.0	12.0	217.1	15.0	5	58.0	稍	**	**		コパノパサディナ															
2019101233	2023-07-08	3中京3		6.0	3歳以上1勝クラス								松若風馬		ダ1400				1:25.8	1.9		16-16	34.1-38.1	37.6	424(-6)																																															曇		16.0	2.0	3.0	261.4	13.0	9	58.0	良	**	**		エンペラーワケア															
2019101233	2023-08-20	3小倉4		12.0	3歳以上1勝クラス								松若風馬		ダ1700				1:45.8	1.0		2-2-2-2	28.7-38.1	39.0	430(+6)				80.0																																											晴		15.0	8.0	16.0	82.5	10.0	5	58.0	良	**	**		ドゥラリアル															
2019101233	2023-09-02	3小倉7		12.0	3歳以上1勝クラス								秋山真一		ダ1700				1:46.2	1.3		5-4-4-5	29.3-39.0	40.0	426(-4)																																															晴		16.0	4.0	7.0	51.4	12.0	12	58.0	稍	**	**		サイモンザナドゥ															
2019101233	2023-12-10	5阪神4		7.0	3歳以上1勝クラス								藤懸貴志		ダ1800				1:57.9	3.7		4-4-3-4	38.5-37.0	40.3	432(+6)																																															晴		9.0	4.0	4.0	9.4	4.0	8	58.0	良	**	**		マーブルロック															
2019101233	2024-01-13	1小倉1		7.0	4歳以上1勝クラス								藤懸貴志		ダ1700				1:47.9	0.5		3-2-3-3	29.7-38.4	38.6	428(-4)																																															晴		16.0	1.0	1.0	27.9	10.0	6	58.0	良	**	**		ヴァンドゥラン															
2019101233	2024-02-03	2京都3		12.0	4歳以上1勝クラス								藤懸貴志		ダ1400				1:25.6	0.9		5-5	35.2-36.9	37.5	436(+8)																																															曇		16.0	5.0	9.0	14.4	6.0	6	58.0	良	**	**		プルートマスター															
2019101233	2024-02-17	2小倉3		7.0	4歳以上1勝クラス								藤懸貴志		ダ1700				1:46.6	0.0		10-10-10-9	30.1-39.5	38.1	434(-2)				320.0																																											晴		13.0	2.0	2.0	8.7	5.0	2	58.0	良	**	**		バックトゥザライト															
2019101233	2024-03-02	1阪神3		8.0	4歳以上1勝クラス								西村淳也		ダ1400				1:25.2	0.5		3-5	34.9-37.7	37.7	436(+2)				120.0																																											曇		14.0	2.0	2.0	8.4	5.0	4	58.0	稍	**	**		シゲルソロソロ															
2019101233	2024-03-23	1中京5		8.0	4歳以上1勝クラス								菱田裕二		ダ1400				1:24.9	2.0		13-13	34.9-35.9	36.6	432(-4)																																															雨		16.0	1.0	1.0	12.9	5.0	13	58.0	重	**	**		エイシンレジューム															
2019101233	2024-11-03	3福島2		3.0	3歳以上1勝クラス								斎藤新		ダ1700				1:45.2	0.3		10-10-11-9	29.4-37.9	37.6	446(+14)																																															晴		15.0	6.0	11.0	30.7	9.0	6	58.0	重	**	**		ツインビスケッツ															
2019101233	2024-11-16	3福島5		6.0	3歳以上1勝クラス								河原田菜		ダ1700				1:47.7	1.9		7-6-6-8	29.6-39.2	40.0	446(0)																																															晴		15.0	4.0	6.0	12.8	8.0	8	54.0	良	**	**		スマートハンター															
2019101233	2024-11-30	4中京1		6.0	3歳以上1勝クラス								小沢大仁		ダ1400				1:27.7	3.1		14-15	35.1-37.4	38.9	446(0)																																															晴		16.0	1.0	1.0	77.3	10.0	14	57.0	良	**	**		アンシール															
2019101233	2024-12-15	7京都6		7.0	3歳以上1勝クラス								藤懸貴志		ダ1400				1:26.9	0.5		15-14	35.9-37.7	36.4	446(0)				80.0																																											晴		16.0	8.0	15.0	141.0	15.0	5	58.0	良	**	**		ハリウッドブルース															
2019101233	2025-01-26	1小倉2		12.0	4歳以上1勝クラス								藤懸貴志		ダ1700				1:47.3	1.4		10-9-10-11	31.6-37.0	37.5	442(-4)																																															晴		11.0	8.0	11.0	27.4	8.0	9	58.0	良	**	**		ドッビアーコ															
2019101233	2025-02-16	1小倉8		8.0	4歳以上1勝クラス								小沢大仁		ダ1700				1:47.0	1.0		10-9-9-7	30.0-38.4	38.6	444(+2)																																															晴		14.0	3.0	3.0	38.5	10.0	6	58.0	良	**	**		ルフトクス															
2019101233	2025-03-02	1阪神2		8.0	4歳以上1勝クラス								高杉吏麒		芝1600				1:33.8	0.8		10-10	35.1-34.1	33.7	442(-2)																																															小雨		14.0	2.0	2.0	102.5	11.0	9	57.0	良	**	**		ブリックワーク															
2019101233	2025-04-26	1福島5		12.0	4歳以上1勝クラス								藤懸貴志		ダ1700				1:48.1	1.0		13-13-13-10	30.8-38.2	37.5	440(-2)																																															晴		13.0	8.0	13.0	61.3	12.0	6	58.0	良	**	**		マッスルバック															
2019101233	2025-07-08	川崎		10.0	ジュライスター賞(B2B3)								町田直希		ダ1600				1:45.5	1.9		8-7-7-7	37.6-39.7	40.3	442(+2)																																															晴		10.0	2.0	2.0	10.0	5.0	6	57.0	良	**	**		サマーアゲイン															
2019101233	2025-11-08	3福島1		12.0	3歳以上1勝クラス								的場勇人		ダ1700				1:47.4	1.5		15-14-15-14	30.0-38.5	38.5	438(-4)																																															晴		15.0	7.0	13.0	145.6	15.0	10	58.0	良	**	**		タイセイマンボ															
2019101233	2025-11-15	5東京3		7.0	3歳以上1勝クラス								橋木太希		ダ1400				1:26.3	1.6		12-11	36.1-36.8	36.4	442(+4)																																															晴		16.0	6.0	11.0	328.6	13.0	11	55.0	良	**	**		エリカマユーリ															
2019101233	2025-12-06	5中京1		7.0	3歳以上1勝クラス								河原田菜		ダ1800				1:57.0	3.3		6-6-11-13	36.8-38.2	40.4	442(0)																																															晴		16.0	5.0	10.0	349.3	16.0	14	54.0	良	**	**		ストーンズ															
2019101233	2025-12-20	5中京5		3.0	3歳以上1勝クラス								河原田菜		ダ1900				2:02.5	2.6		4-4-9-10	30.9-38.0	39.4	446(+4)																																															小雨		16.0	3.0	6.0	446.6	16.0	12	54.0	稍	**	**		スルーザナイト															
2019101264	2021-08-21	4新潟3	晴	5.0	2歳新馬		17.0	2.0	3.0	16.1	5.0	8	津村明秀	54.0	芝1200		良	**	1:11.8	1.3	**	4-3	35.1-35.4	36.5	472(0)			ジャスパークローネ																																																																								
2019101264	2021-10-09	4東京1	曇	1.0	2歳未勝利		14.0	5.0	7.0	5.5	3.0	5	田辺裕信	55.0	ダ1400		良	**	1:27.7	0.5	**	12-12	35.9-38.4	37.8	480(+8)			ベアグッジョブ	51.0																																																																							
2019101264	2021-10-31	4東京8	曇	1.0	2歳未勝利		15.0	3.0	4.0	3.1	2.0	2	田辺裕信	55.0	ダ1400		良	**	1:27.0	0.1	**	6-7	36.0-38.2	37.8	482(+2)			ルミナスフラックス	200.0																																																																							
2019101264	2021-11-27	5東京7	晴	1.0	2歳未勝利		16.0	1.0	1.0	4.5	2.0	8	田辺裕信	55.0	ダ1600		稍	**	1:41.2	2.2	**	4-2	35.2-39.1	40.7	484(+2)			トーセンエルドラド																																																																								
2019101264	2022-01-30	1東京2	晴	1.0	3歳未勝利		16.0	3.0	6.0	5.0	3.0	3	岩田望来	56.0	ダ1400		良	**	1:27.1	0.5	**	4-4	36.2-37.3	37.6	492(+8)			セブンダートオー	130.0																																																																							
2019101264	2022-02-13	1東京6	曇	1.0	3歳未勝利		16.0	6.0	11.0	4.5	3.0	8	松山弘平	56.0	ダ1400		重	**	1:26.6	1.4	**	11-10	36.6-35.8	36.0	492(0)			ニシノアンドレア																																																																								
2019101264	2022-03-27	2中京6	晴	4.0	3歳未勝利		16.0	7.0	13.0	3.8	1.0	1	田辺裕信	56.0	ダ1400		不	**	1:25.0	-0.1	**	8-5	34.4-38.5	37.8	492(0)			(ゴールデンヨシノ)	520.0																																																																							
2019101264	2022-06-19	3東京6	晴	12.0	3歳以上1勝クラス		16.0	4.0	7.0	14.6	9.0	10	田辺裕信	54.0	ダ1400		良	**	1:26.0	1.7	**	9-7	34.8-36.5	37.7	490(-2)			コングールテソーロ																																																																								
2019101264	2022-08-20	3新潟3	雨	8.0	3歳以上1勝クラス		15.0	2.0	3.0	29.8	11.0	5	田辺裕信	54.0	ダ1200		稍	**	1:12.2	0.7	**	12-12	34.5-37.0	36.7	486(-4)			キタノブレイド	77.0																																																																							
2019101264	2022-09-10	4中山1	晴	12.0	3歳以上1勝クラス		10.0	1.0	1.0	6.0	4.0	2	田辺裕信	55.0	ダ1200		良	**	1:12.0	1.0	**	5-4	34.8-36.2	36.8	492(+6)			トウカイファクター	310.0																																																																							
2019101264	2022-09-25	4中山7	晴	6.0	3歳以上1勝クラス		16.0	4.0	8.0	8.9	3.0	4	田辺裕信	55.0	ダ1200		重	**	1:11.0	1.2	**	6-6	33.5-36.3	36.7	494(+2)			パウオレ	120.0																																																																							
2019101264	2022-11-27	5東京8	晴	7.0	3歳以上1勝クラス		16.0	7.0	14.0	20.5	10.0	3	永野猛蔵	55.0	ダ1400		稍	**	1:24.7	0.2	**	10-10	35.4-36.7	36.0	500(+6)			アイスマン	190.0																																																																							
2019101264	2022-12-24	5中山7	晴	8.0	3歳以上1勝クラス		16.0	2.0	4.0	5.0	2.0	1	永野猛蔵	55.0	ダ1200		稍	**	1:11.7	-0.1	**	11-12	33.8-37.9	37.0	506(+6)			(ロジヴィクトリア)	770.0																																																																							
2019101264	2023-02-12	1東京6	曇	12.0	4歳以上2勝クラス		16.0	8.0	16.0	6.4	3.0	4	永野猛蔵	57.0	ダ1400		重	**	1:23.5	0.5	**	10-11	35.4-35.7	35.2	508(+2)			レイニーデイ	170.0																																																																							
2019101264	2023-03-05	2中山4	曇	12.0	4歳以上2勝クラス		16.0	3.0	6.0	13.6	5.0	8	永野猛蔵	57.0	ダ1200		良	**	1:11.6	0.8	**	12-12	34.2-36.6	36.0	502(-6)			セイカフォルゴーレ																																																																								
2019101264	2023-04-23	2東京2	晴	12.0	4歳以上2勝クラス		16.0	3.0	6.0	29.7	11.0	11	津村明秀	58.0	ダ1600		良	**	1:39.5	1.7	**	4-5	35.8-37.4	38.8	502(0)			グリュースゴット																																																																								
2019101264	2023-05-27	2東京11	晴	9.0	富嶽賞(2勝クラス)		16.0	4.0	8.0	24.0	7.0	7	永野猛蔵	58.0	ダ1400		良	**	1:24.8	0.9	**	14-14	34.7-37.2	36.1	498(-4)			アウリガテソーロ																																																																								
2019101264	2023-06-24	3東京7	曇	10.0	日野特別(2勝クラス)		16.0	7.0	13.0	108.1	11.0	11	永野猛蔵	58.0	ダ1600		良	**	1:37.4	1.2	**	12-13	34.8-36.7	36.7	498(0)			アナンシエーション																																																																								
2019101264	2023-08-26	3新潟5	晴	9.0	岩室温泉特別(2勝クラス)		15.0	8.0	14.0	11.7	6.0	8	永野猛蔵	58.0	ダ1200		良	**	1:12.3	0.7	**	13-12	34.1-37.5	36.5	496(-2)			メタマックス																																																																								
2019101264	2023-10-08	4東京2	小雨	12.0	3歳以上2勝クラス		16.0	8.0	16.0	40.7	8.0	7	田辺裕信	58.0	ダ1400		良	**	1:26.5	1.6	**	15-14	36.5-35.6	36.0	496(0)			バグラダス																																																																								
2019101264	2023-10-21	4東京6	晴	8.0	3歳以上2勝クラス		14.0	5.0	8.0	31.0	6.0	4	田辺裕信	58.0	ダ1400		良	**	1:25.5	0.5	**	3-2	36.9-35.9	36.2	500(+4)			コパノパサディナ	170.0																																																																							
2019101264	2023-11-18	5東京5	曇	8.0	3歳以上2勝クラス		16.0	3.0	5.0	57.7	12.0	11	田辺裕信	58.0	ダ1400		重	**	1:24.5	1.0	**	16-15	34.8-36.5	36.2	504(+4)			マーブルマカロン																																																																								
2019101264	2024-01-07	1中山2	曇	12.0	4歳以上2勝クラス		16.0	4.0	7.0	53.9	12.0	5	小林勝太	55.0	ダ1200		良	**	1:11.8	0.6	**	8-8	34.2-37.0	36.6	498(-6)			フラップシグナス	114.0																																																																							
2019101264	2024-01-21	1中山7	小雨	8.0	4歳以上2勝クラス		15.0	6.0	11.0	52.0	13.0	2	大野拓弥	58.0	ダ1200		不	**	1:10.4	0.1	**	7-5	33.2-37.1	36.6	500(+2)			パルデンス	460.0																																																																							
2019101264	2024-02-04	1東京4	曇	12.0	4歳以上2勝クラス		16.0	3.0	6.0	10.1	5.0	6	大野拓弥	58.0	ダ1300		良	**	1:19.2	0.8	**	7-7	29.5-37.0	36.9	500(0)			タイセイジャスパー																																																																								
2019101264	2024-04-06	3中山5	曇	9.0	葛飾特別(2勝クラス)		16.0	1.0	2.0	11.1	6.0	3	Ｍ．デム	58.0	ダ1200		稍	**	1:10.7	0.1	**	11-11	33.4-37.2	35.9	498(-2)			アロットドリーム	395.3																																																																							
2019101264	2024-04-21	3京都2	小雨	12.0	4歳以上2勝クラス		16.0	2.0	3.0	14.3	5.0	13	Ｍ．デム	58.0	ダ1200		稍	**	1:13.3	1.3	**	14-12	34.7-37.3	36.8	494(-4)			カミーロ																																																																								
2019101264	2024-05-25	2東京11	晴	9.0	富嶽賞(2勝クラス)		16.0	5.0	9.0	74.4	12.0	10	永野猛蔵	58.0	ダ1400		良	**	1:25.6	1.7	**	10-10	36.3-35.5	36.2	496(+2)			コンクイスタ																																																																								
2019101264	2024-08-10	3新潟1	晴	9.0	浦佐特別(2勝クラス)		15.0	4.0	6.0	31.3	12.0	6	田辺裕信	58.0	ダ1200		良	**	1:11.5	0.3	**	13-13	34.0-37.2	35.7	502(+6)			クリノアルバトロス																																																																								
2019101264	2024-10-26	4東京7	曇	12.0	3歳以上2勝クラス		14.0	1.0	1.0	74.6	8.0	14	田辺裕信	58.0	ダ1400		良	**	1:28.9	4.4	**	9-7	36.1-35.9	39.7	500(-2)			スタンリーテソーロ																																																																								
2019101264	2024-12-14	7京都5	曇	9.0	深草特別(2勝クラス)		16.0	1.0	1.0	156.2	12.0	15	団野大成	58.0	ダ1200		良	**	1:13.9	1.7	**	16-16	36.1-36.1	36.5	500(0)			ルクスメテオール																																																																								
2019101264	2025-01-18	1中山6	晴	8.0	4歳以上2勝クラス		16.0	6.0	12.0	62.5	12.0	13	菊沢一樹	58.0	ダ1200		良	**	1:12.6	1.3	**	6-7	33.8-37.5	38.2	500(0)			キタノソワレ																																																																								
2019101264	2025-03-22	2中山7	晴	12.0	4歳以上2勝クラス		16.0	1.0	2.0	87.6	11.0	13	佐藤翔馬	55.0	ダ1200		稍	**	1:12.6	1.2	**	14-13	34.3-37.1	36.1	506(+6)			スマイルアップ																																																																								
2019101264	2025-04-06	3中山4	晴	12.0	4歳以上2勝クラス		15.0	2.0	3.0	146.5	13.0	8	佐藤翔馬	55.0	ダ1200		稍	**	1:12.9	1.4	**	10-10	35.7-35.8	36.1	500(-6)			ネイト																																																																								
2019101264	2025-05-03	2京都3	晴	12.0	4歳以上2勝クラス		16.0	1.0	2.0	169.7	14.0	12	菱田裕二	58.0	ダ1200		稍	**	1:12.3	1.4	**	16-16	35.0-35.9	35.7	500(0)			アガシ																																																																								
2019101264	2025-06-08	3東京2	晴	10.0	八王子特別(2勝クラス)		16.0	7.0	14.0	353.9	16.0	14	内田博幸	58.0	ダ1400		良	**	1:25.2	1.5	**	10-10	35.4-36.4	37.0	498(-2)			スティールブルー																																																																								
2019101264	2025-11-16	3福島4	晴	5.0	障害3歳以上未勝利		11.0	8.0	10.0	24.5	8.0	6	草野太郎	60.0	障2750		良		3:05.9	4.3		9-9-8-8	106.1-0.0	13.5	498(0)			ホークフィールド																																																																								
2019101403	2022-02-26	2中山1		1.0	3歳未勝利								Ｍ．デム		ダ1800				1:59.2	4.5		7-8-5-6	37.8-38.2	41.8	464(0)					晴		16.0	4.0	7.0	14.5	6.0	8	54.0	良	**	**		バーリンギャップ																																																									
2019101403	2022-03-13	2中京2		4.0	3歳未勝利								Ｍ．デム		ダ1900				2:03.4	0.1		2-3-3-3	32.8-37.5	37.3	458(-6)				210.0	晴		10.0	8.0	10.0	27.1	6.0	2	54.0	良	**	**		ネッスンドルマ																																																									
2019101403	2022-05-01	1福島6		3.0	3歳未勝利								丸山元気		ダ1700				1:48.4	1.0		13-12-7-6	29.8-38.1	38.3	452(-6)				52.0	曇		15.0	2.0	3.0	5.8	4.0	5	54.0	重	**	**		タガノクリステル																																																									
2019101403	2022-05-21	2東京9		5.0	3歳未勝利								野中悠太		ダ2100				2:13.6	0.4		2-2-2-2	30.5-39.1	39.5	450(-2)				78.0	雨		11.0	6.0	7.0	9.7	4.0	4	54.0	良	**	**		トップオブジェラス																																																									
2019101403	2022-06-11	3東京3		2.0	3歳未勝利								Ｍ．デム		ダ1600				1:38.2	0.1		1-1	34.8-38.2	38.3	452(+2)				210.0	曇		15.0	7.0	13.0	2.0	1.0	2	54.0	良	**	**		バイタルエリア																																																									
2019101403	2022-06-26	3東京8		1.0	3歳未勝利								戸崎圭太		ダ1600				1:38.0	0.6		2-2	35.1-37.5	38.0	452(0)				52.0	晴		16.0	6.0	12.0	2.4	1.0	5	54.0	良	**	**		ホイットニー																																																									
2019101403	2022-07-26	船橋		7.0	ナティレイン特別(3歳C1)								森泰斗		ダ1600				1:43.5	1.2		4-4-3-2	38.1-38.9	39.7	454(+2)				100.0	曇		13.0	4.0	4.0	2.0	1.0	2	54.0	稍	**	**		セイバートゥース																																																									
2019101403	2022-08-14	2札幌2		3.0	3歳未勝利								原田和真		ダ1700				1:49.5	2.3		3-2-3-3	30.5-38.9	41.0	458(+4)					曇		14.0	7.0	12.0	11.4	6.0	9	54.0	稍	**	**		タイセイフェイバー																																																									
2019101403	2022-10-14	園田		11.0	DASH観音寺特別C(C2)								鴨宮祥行		ダ1700				1:55.5	0.9		2-2-2-1		39.8	452(-6)				7.0	晴		12.0	7.0	10.0	5.3	3.0	5	54.0	良	**	**		エコロブレーヴ																																																									
2019101403	2022-11-04	園田		7.0	C2二								鴨宮祥行		ダ1400				1:32.6	-0.3		8-8-2-2		39.9	446(-6)				60.0	晴		10.0	7.0	8.0	3.0	2.0	1	54.0	良	**	**		(テイケイアンジェ)																																																									
2019101403	2022-11-22	園田		9.0	C1								鴨宮祥行		ダ1400				1:32.5	1.5		6-5-6-6		40.2	449(+3)				10.0	曇		12.0	5.0	6.0	25.2	6.0	5	54.0	重	**	**		シュガーフロート																																																									
2019101403	2022-12-20	園田		9.0	C1二								鴨宮祥行		ダ1400				1:32.9	1.0		4-4-4-4		39.5	444(-5)					晴		8.0	6.0	6.0	17.5	3.0	6	54.0	良	**	**		アンブロジアーナ																																																									
2019101403	2023-08-03	園田		7.0	C2一								鴨宮祥行		ダ1400				1:32.9	1.0		4-4-4-4		40.1	465(+21)				7.0	晴		10.0	1.0	1.0	5.8	3.0	5	54.0	良	**	**		ナムラオリビア																																																									
2019101403	2023-08-31	園田		7.0	C2一								鴨宮祥行		ダ1400				1:31.9	0.8		5-5-3-3		40.3	472(+7)				10.5	曇		10.0	6.0	6.0	8.7	3.0	4	54.0	良	**	**		マーブルファクター																																																									
2019101403	2023-09-21	園田		6.0	C2一								鴨宮祥行		ダ1400				1:32.3	0.2		7-7-2-2		40.2	467(-5)				28.0	曇		10.0	8.0	9.0	2.7	2.0	2	54.0	良	**	**		ソングフォーユー																																																									
2019101403	2023-10-06	園田		12.0	カトレア賞C2一								鴨宮祥行		ダ1400				1:33.4	1.1		5-6-6-6		39.2	463(-4)				10.5	晴		9.0	4.0	4.0	10.4	4.0	4	54.0	稍	**	**		ポルトドール																																																									
2019101403	2023-10-26	園田		6.0	C2二								鴨宮祥行		ダ1400				1:32.4	-0.3		5-5-4-4		39.5	456(-7)				70.0	晴		10.0	5.0	5.0	9.7	5.0	1	54.0	良	**	**		(ストリートジャガー)																																																									
2019101403	2023-12-01	園田		8.0	C1二								鴨宮祥行		ダ1400				1:31.9	0.0		7-7-5-5		39.3	455(-1)				40.0	晴		7.0	3.0	3.0	10.7	4.0	2	54.0	良	**	**		エンドレスロード																																																									
2019101403	2023-12-31	園田		9.0	C1一								鴨宮祥行		ダ1400				1:32.1	1.5		6-7-6-6		40.2	452(-3)					曇		12.0	8.0	11.0	3.5	2.0	7	54.0	良	**	**		ベラジオウマムスコ																																																									
2019101403	2024-01-25	姫路		12.0	ヒナギク賞C1								鴨宮祥行		ダ1400				1:33.9	1.1		9-9-9-9		39.8	451(-1)				11.0	晴		12.0	4.0	4.0	18.2	7.0	5	54.0	良	**	**		ピックプリンサ																																																									
2019101403	2024-02-20	姫路		10.0	C1								鴨宮祥行		ダ1400				1:34.0	0.2		6-6-7-8		39.7	449(-2)				40.0	曇		12.0	6.0	7.0	8.8	3.0	2	54.0	重	**	**		メイショウホウセン																																																									
2019101403	2024-03-19	園田		12.0	C1								鴨宮祥行		ダ1230				1:21.9	0.7		9-8-6-6			443(-6)				27.5	曇		12.0	8.0	11.0	10.5	3.0	3	54.0	良	**	**		ウンエンリヒカイ																																																									
2019101403	2024-07-03	園田		7.0	C2一								鴨宮祥行		ダ1400				1:34.2	-0.7		5-5-3-1		42.0	457(+14)				70.0	曇		8.0	4.0	4.0	3.1	1.0	1	54.0	稍	**	**		(ラー)																																																									
2019101403	2024-10-20	4新潟6		9.0	十日町特別(1勝クラス)								横山琉人		芝1400				1:24.2	1.8		17-16	34.6-35.8	35.9	456(-1)					晴		18.0	3.0	5.0	152.7	15.0	15	56.0	良	**	**		ヴァンヴィーヴ																																																									
2019101403	2024-12-22	5中山8		7.0	3歳以上1勝クラス								横山琉人		ダ1800				1:59.3	4.2		14-13-13-14	37.7-39.7	42.9	468(+12)					晴		16.0	6.0	12.0	350.7	16.0	11	55.0	良	**	**		ドバイブルース																																																									
2019101403	2025-06-19	園田		12.0	B2								土方颯太		ダ1400				1:32.4	1.4		7-7-9-8		40.3	467(-1)					晴		12.0	3.0	3.0	59.2	10.0	8	54.0	良	**	**		メイショウカイコン																																																									
2019101403	2025-07-09	園田		9.0	B2二								土方颯太		ダ1400				1:34.4	3.2		6-6-8-8		41.5	463(-4)					曇		8.0	1.0	1.0	79.4	8.0	8	54.0	良	**	**		ツキムスビ																																																									
2019101403	2025-07-31	園田		12.0	B2								鴨宮祥行		ダ1400				1:31.5	0.9		9-9-10-10		38.8	461(-2)					晴		12.0	8.0	11.0	97.3	10.0	6	55.0	良	**	**		グッドハビッツ																																																									
2019101403	2025-11-13	園田		12.0	C1								土方颯太		ダ1400				1:34.5	2.7		4-3-4-9		41.6	463(+2)					曇		11.0	8.0	10.0	92.3	8.0	10	54.0	稍	**	**		ゼットシルヴィア																																																									
2019101403	2025-11-27	園田		8.0	ネイビーズアフロ☆来(C1)								土方颯太		ダ1400				1:34.6	3.7		7-4-9-8		41.1	459(-4)					曇		9.0	1.0	1.0	114.1	8.0	9	54.0	稍	**	**		ベラジオガルフ																																																									
2019101403	2025-12-16	園田		8.0	C1								永井孝典		ダ1400				1:34.1	2.2		7-7-7-7		40.6	460(+1)					晴		12.0	5.0	5.0	216.0	11.0	10	55.0	良	**	**		サントモナルカ																																																									
2019101403	2025-12-31	園田		9.0	C1一								鴨宮祥行		ダ1400				1:35.4	3.9		4-4-8-9		43.1	460(0)					曇		9.0	4.0	4.0	163.0	9.0	9	55.0	良	**	**		エイシンエラン																																																									
2019101406	2021-07-31	3新潟3	晴	5.0	2歳新馬		17.0	7.0	13.0	45.5	12.0	4	松山弘平	54.0	芝1600		良	**	1:36.1	0.6	**	17-17	35.8-34.6	33.8	440(0)			ラニュイエトワール	110.0																																																																							
2019101406	2022-06-25	3阪神3	晴	6.0	3歳未勝利		17.0	2.0	3.0	30.8	6.0	15	松山弘平	54.0	芝1800		良	**	1:49.9	3.2	**	16-14	34.6-35.1	37.3	448(+8)			ジューンレインボー																																																																								
2019101406	2022-07-24	3小倉8	晴	3.0	3歳未勝利		16.0	4.0	7.0	63.5	9.0	3	西村淳也	54.0	芝1800		良	**	1:47.6	0.7	**	4-4-4-5	35.2-36.1	36.3	442(-6)			ショウナンナダル	130.0																																																																							
2019101406	2022-08-06	2新潟3	晴	3.0	3歳未勝利		18.0	3.0	5.0	19.6	7.0	8	西村淳也	54.0	芝1600		良	**	1:34.6	0.5	**	2-2	35.5-34.0	34.3	442(0)			セキテイオー																																																																								
2019101406	2022-09-04	4小倉8	晴	4.0	3歳未勝利		18.0	4.0	7.0	31.9	10.0	11	秋山真一	54.0	芝2000		良	**	2:01.6	1.4	**	1-1-3-3	35.4-36.4	37.4	436(-6)			メイショウケイガン																																																																								
2019101406	2022-11-19	3福島5	晴	9.0	三春駒特別(1勝クラス)		16.0	5.0	10.0	236.9	16.0	14	小沢大仁	53.0	芝1800		良	**	1:50.3	1.2	**	5-5-6-6	36.3-36.0	36.6	450(+14)			ウインシュクラン																																																																								
2019101406	2023-05-04	園田	晴	7.0	C2二		10.0	8.0	9.0	13.0	5.0	3	松本幸祐	54.0	ダ1400		良	**	1:33.8	1.9	**	3-4-3-3		40.7	461(+11)			ラブリアージェ	17.5																																																																							
2019101406	2023-05-19	園田	曇	8.0	C2一		10.0	4.0	4.0	6.9	5.0	9	松本幸祐	54.0	ダ1400		不	**	1:34.5	3.1	**	3-3-4-4		42.7	453(-8)			マー																																																																								
2019101406	2023-06-09	園田	曇	5.0	C2一		11.0	6.0	6.0	28.2	9.0	7	廣瀬航	54.0	ダ1400		重	**	1:34.9	2.2	**	2-2-5-5		43.1	450(-3)			ハクビ																																																																								
2019101406	2023-06-30	園田	雨	6.0	C2		10.0	2.0	2.0	43.3	8.0	7	井上幹太	54.0	ダ1230		稍	**	1:21.6	1.6	**	3-3-3-4		40.8	446(-4)			キンタムチャチャ																																																																								
2019101406	2023-07-20	園田	晴	4.0	C3		10.0	7.0	8.0	9.2	6.0	1	廣瀬航	54.0	ダ1230		良	**	1:21.2	-0.2	**	1-1-1-1		39.4	442(-4)			(テイケイアンジェ)	56.0																																																																							
2019101406	2023-08-09	園田	曇	11.0	近畿畜産特別C2		12.0	6.0	7.0	110.9	11.0	10	廣瀬航	54.0	ダ1230		良	**	1:21.0	2.3	**	5-5-4-5		40.6	452(+10)			ヨシノタルマエ																																																																								
2019101406	2023-12-07	園田	晴	5.0	C3		9.0	8.0	9.0	4.7	3.0	2	杉浦健太	54.0	ダ1230		良	**	1:22.0	0.0	**	2-2-2-2		40.3	466(+14)			ヴィルゲート	22.4																																																																							
2019101406	2023-12-19	園田	曇	5.0	C3		12.0	6.0	7.0	1.9	1.0	2	大山真吾	54.0	ダ1230		稍	**	1:22.5	0.4	**	2-2-2-2		40.3	465(-1)			リュウノヒナコ	22.4																																																																							
2019101406	2024-01-04	園田	曇	6.0	C2二		12.0	3.0	3.0	74.1	9.0	11	大山真吾	54.0	ダ1400		良	**	1:34.4	2.1	**	3-3-4-4		43.0	464(-1)			メイショウギシオー																																																																								
2019101406	2024-01-18	姫路	雨	5.0	C2二		10.0	2.0	2.0	22.1	5.0	4	大山真吾	54.0	ダ1400		良	**	1:36.5	0.7	**	3-2-3-2		40.8	460(-4)			クァンタムリープ	10.5																																																																							
2019101406	2024-01-30	姫路	晴	5.0	C3一		9.0	8.0	8.0	4.9	3.0	2	大山真吾	54.0	ダ1400		良	**	1:34.9	0.4	**	2-2-1-1		39.4	458(-2)			アイムクリエイター	22.4																																																																							
2019101406	2024-02-20	姫路	曇	4.0	C3一		10.0	6.0	6.0	6.6	4.0	1	大山真吾	54.0	ダ1400		重	**	1:34.6	-0.3	**	4-3-3-2		40.6	458(0)			(エイユースイート)	56.0																																																																							
2019101406	2024-03-19	園田	曇	6.0	C2二		12.0	4.0	4.0	3.7	2.0	5	大山真吾	54.0	ダ1400		良	**	1:36.5	2.2	**	7-7-6-4		41.6	462(+4)			メイショウナラシバ	7.0																																																																							
2019101406	2024-04-02	園田	晴	10.0	C2一		10.0	4.0	4.0	27.3	6.0	2	大山真吾	54.0	ダ1400		良	**	1:34.0	0.2	**	3-3-3-2		40.3	458(-4)			アスクサステナブル	24.5																																																																							
2019101406	2024-04-23	園田	曇	12.0	C2一		8.0	7.0	7.0	7.2	3.0	4	大山真吾	54.0	ダ1400		重	**	1:34.6	1.9	**	3-3-3-3		42.3	451(-7)			アイアンムーン	10.5																																																																							
2019101406	2024-05-08	園田	晴	12.0	C2		10.0	3.0	3.0	8.8	4.0	1	大山真吾	54.0	ダ1230		稍	**	1:22.0	-0.1	**	3-3-3-3		40.8	446(-5)			(テイケイアンジェ)	80.0																																																																							
2019101406	2024-05-29	園田	晴	12.0	C2		12.0	5.0	5.0	24.0	8.0	7	杉浦健太	55.0	ダ1230		重	**	1:23.2	2.0	**	5-5-7-7		41.8	448(+2)			ベベ																																																																								
2019101406	2024-06-19	園田	晴	10.0	楽天競馬×楽天モバイ(C2)		10.0	7.0	8.0	64.4	7.0	8	大山真吾	54.0	ダ1230		重	**	1:24.6	4.0	**	7-7-9-9		43.0	446(-2)			ベベ																																																																								
2019101406	2024-10-09	園田	晴	5.0	ほほえみいっぱいスプ(C3)		10.0	7.0	7.0	4.4	2.0	3	大山真吾	54.0	ダ1230		重	**	1:23.9	1.0	**	2-2-2-3		41.5	457(+11)			チャウチャウチャウ	11.2																																																																							
2019101406	2024-10-23	園田	曇	1.0	C3		12.0	1.0	1.0	4.0	2.0	3	大山真吾	54.0	ダ1230		稍	**	1:22.6	0.8	**	7-8-6-5		40.5	455(-2)			アコーダンス	11.2																																																																							
2019101406	2024-11-06	園田	晴	4.0	東経135度7ハロン(C3)		9.0	5.0	5.0	2.8	1.0	1	大山真吾	54.0	ダ1400		稍	**	1:33.3	-1.0	**	1-1-1-1		40.9	455(0)			(アラタマノキセキ)	56.0																																																																							
2019101406	2024-11-26	園田	雨	8.0	C2二		10.0	4.0	4.0	18.3	4.0	6	大山真吾	54.0	ダ1400		良	**	1:33.5	1.3	**	9-9-6-6		40.2	455(0)			ビーナスライズ																																																																								
2019101406	2024-12-15	4中京6	晴	8.0	3歳以上1勝クラス		16.0	6.0	11.0	289.7	16.0	10	国分恭介	56.0	芝1600		良	**	1:35.3	1.1	**	13-13-12	34.5-36.4	36.1	444(-11)			サクラオーラ																																																																								
2019101406	2025-02-02	1小倉4	晴	9.0	戸畑特別(1勝クラス)		16.0	8.0	16.0	289.8	16.0	10	高倉稜	56.0	芝2000		稍	**	2:03.7	2.0	**	12-12-15-15	35.5-36.4	37.2	460(+16)			イケイケドンドン																																																																								
2019101406	2025-03-01	1小倉11	曇	8.0	4歳以上1勝クラス		15.0	8.0	14.0	277.1	15.0	9	小沢大仁	56.0	芝1800		良	**	1:50.2	1.3	**	8-8-7-9	35.9-36.7	37.4	462(+2)			オオナミコナミ																																																																								
2019101406	2025-04-06	2阪神4	晴	6.0	4歳以上1勝クラス		11.0	5.0	5.0	100.8	9.0	10	幸英明	56.0	芝2000		良	**	2:02.2	2.3	**	11-11-11-9	35.0-35.6	36.9	462(0)			クリノアドバンス																																																																								
2019101406	2025-04-19	2阪神7	晴	8.0	4歳以上1勝クラス		14.0	5.0	7.0	342.4	14.0	13	柴田裕一	53.0	芝1600		良	**	1:35.3	1.7	**	4-4	36.1-33.6	34.9	450(-12)			ダノンクロム																																																																								
2019101406	2025-05-04	2京都4	晴	7.0	4歳以上1勝クラス		9.0	5.0	5.0	290.1	9.0	8	菱田裕二	56.0	芝1600		良	**	1:35.8	1.8	**	5-4	35.7-34.2	34.5	452(+2)			ミッキースターダム																																																																								
2019101406	2025-05-18	2京都8	晴	6.0	4歳以上1勝クラス		16.0	1.0	2.0	248.7	16.0	15	国分優作	56.0	芝1200		稍	**	1:10.0	1.2	**	6-7	34.6-34.2	34.8	456(+4)			トウカイエルデ																																																																								
2019101406	2025-07-13	佐賀	曇	8.0	ヘルクレス座特選(C2)		12.0	5.0	6.0	2.3	1.0	3	出水拓人	54.0	ダ900		稍	**	0:55.4	1.1	**	8-7		35.9	468(+12)			マインドマイワーズ	8.1																																																																							
2019101406	2025-08-24	佐賀	曇	7.0	佐藤哲三さん来場記念(C1)		12.0	5.0	5.0	4.3	3.0	5	出水拓人	54.0	ダ1300		不	**	1:23.9	0.7	**	7-7-6-6		38.8	475(+7)			セブンセコンズ	3.4																																																																							
2019101406	2025-09-07	佐賀	晴	11.0	SAGAリベンジャー(C1)		11.0	8.0	10.0	5.5	3.0	2	青海大樹	53.0	ダ1300		良	**	1:24.4	0.2	**	3-3-3-2		39.2	473(-2)			コワン	13.4																																																																							
2019101406	2025-09-20	佐賀	曇	11.0	SAGAリベンジャー(C1)		10.0	7.0	8.0	10.4	5.0	5	青海大樹	53.0	ダ1400		不	**	1:31.4	1.5	**	8-7-7-7		39.8	475(+2)			ロジメリオール	3.4																																																																							
2019101406	2025-10-05	佐賀	曇	8.0	朝日山賞(C1)		10.0	8.0	10.0	4.1	2.0	1	出水拓人	54.0	ダ1400		重	**	1:31.0	-0.5	**	4-3-3-1		39.7	475(0)			(ケンタッキーダンス)	42.0																																																																							
2019101406	2025-10-12	佐賀	晴	7.0	C1ー5組		10.0	5.0	5.0	9.4	5.0	6	青海大樹	53.0	ダ1400		良	**	1:31.9	1.0	**	4-4-6-7		39.9	475(0)			ロトプレシャス																																																																								
2019101406	2025-10-26	佐賀	曇	7.0	JBC2025船橋・(C1)		9.0	2.0	2.0	9.4	4.0	6	青海大樹	53.0	ダ1400		良	**	1:31.8	1.2	**	4-4-5-7		39.8	475(0)			ドラゴンズバック																																																																								
2019101406	2025-11-08	佐賀	曇	9.0	AIパッカル賞(C1)		11.0	4.0	4.0	47.2	7.0	5	青海大樹	53.0	ダ1400		良	**	1:31.2	0.4	**	4-3-3-1		39.8	477(+2)			コマゼロワン	3.4																																																																							
2019101406	2025-11-23	佐賀	晴	7.0	第4回エーエスピー福(C1)		11.0	6.0	7.0	23.0	6.0	8	出水拓人	54.0	ダ1300		良	**	1:25.2	1.9	**	4-4-4-7		39.9	481(+4)			グシチャンノホシ																																																																								
2019101406	2025-12-20	佐賀	晴	9.0	ラークスパ―賞(C1)		11.0	1.0	1.0	92.8	9.0	8	林悠翔	52.0	ダ1400		良	**	1:32.9	2.1	**	6-7-7-7		40.3	494(+13)			マインドマイワーズ																																																																								
2019101464	2021-10-17	5新潟4		5.0	2歳新馬								菊沢一樹		芝1200				1:12.7	1.3		7-8	35.1-36.3	36.7	430(0)																																	曇		16.0	4.0	8.0	38.3	12.0	9	55.0	重	**	**		ラインアルテア																													
2019101464	2021-11-06	2福島1		1.0	2歳未勝利								菊沢一樹		ダ1150				1:10.7	0.7		8-9	31.6-38.4	37.9	434(+4)																																	晴		16.0	2.0	4.0	79.9	11.0	7	55.0	良	**	**		トモノボーイ																													
2019101464	2022-01-22	1中山7		1.0	3歳未勝利								菊沢一樹		ダ1200				1:13.6	1.6		5-6	34.2-37.8	39.0	440(+6)																																	晴		16.0	2.0	3.0	259.7	11.0	7	56.0	良	**	**		サカエショウ																													
2019101464	2022-02-22	浦和		9.0	ツインマッチ特別(3歳)								藤本現暉		ダ1400				1:30.5	0.3		7-7-5-3	37.6-39.7	39.0	435(-5)				87.5																													曇		12.0	2.0	2.0	15.1	4.0	2	56.0	良	**	**		ルワンジュ																													
2019101464	2022-04-17	1福島2		3.0	3歳未勝利								菊沢一樹		ダ1700				1:47.4	0.8		3-3-3-3	30.2-38.1	38.7	434(-1)				78.0																													晴		15.0	7.0	12.0	27.4	7.0	4	56.0	稍	**	**		クルル																													
2019101464	2022-04-24	1福島4		1.0	3歳未勝利								菊沢一樹		ダ1700				1:48.5	0.4		3-3-3-3	30.6-38.5	38.8	434(0)				130.0																													晴		15.0	7.0	13.0	15.1	6.0	3	56.0	良	**	**		ダノンマジック																													
2019101464	2022-05-14	1新潟3		4.0	3歳未勝利								菊沢一樹		ダ1800				1:53.9	0.1		8-8-8-5	36.3-39.4	38.7	434(0)				210.0																													曇		13.0	8.0	13.0	4.7	3.0	2	56.0	稍	**	**		モズミツボシ																													
2019101464	2022-07-02	2福島1		3.0	3歳未勝利								菊沢一樹		ダ1700				1:46.9	-0.5		3-2-3-3	30.8-37.5	37.2	436(+2)				520.0																													晴		15.0	5.0	8.0	2.1	1.0	1	56.0	良	**	**		(ヤサカシュエット)																													
2019101464	2022-07-24	2福島8		8.0	3歳以上1勝クラス								菊沢一樹		ダ1700				1:45.4	-0.1		7-7-5-6	28.8-39.6	38.3	438(+2)				770.0																													曇		15.0	4.0	6.0	7.5	3.0	1	54.0	稍	**	**		(ヴィブラフォン)																													
2019101464	2022-10-16	4新潟2		10.0	菅名岳特別(2勝クラス)								菊沢一樹		ダ1800				1:53.5	1.3		7-8-5-5	36.6-37.4	37.9	444(+6)				230.0																													晴		15.0	7.0	13.0	10.7	7.0	4	55.0	良	**	**		ジャズブルース																													
2019101464	2022-11-05	3福島1		11.0	河北新報杯(2勝クラス)								菊沢一樹		ダ1700				1:45.5	0.3		7-7-6-6	30.2-37.3	36.9	442(-2)				385.2																													晴		15.0	8.0	14.0	5.1	3.0	3	55.0	良	**	**		ラヴィータエベラ																													
2019101464	2023-01-05	1中山1		7.0	4歳以上2勝クラス								菊沢一樹		ダ1800				1:54.8	0.3		10-9-9-11	37.3-40.2	39.2	452(+10)																																	晴		16.0	3.0	6.0	5.6	2.0	10	57.0	良	**	**		ブルーカルセドニー																													
2019101464	2023-03-04	2中山3		12.0	4歳以上2勝クラス								菊沢一樹		ダ1800				1:54.7	1.5		2-2-2-3	37.1-38.4	39.8	454(+2)																																	晴		16.0	8.0	16.0	16.3	6.0	10	58.0	良	**	**		パワーブローキング																													
2019101464	2023-04-09	1福島2		9.0	喜多方特別(2勝クラス)								菊沢一樹		ダ1700				1:46.2	1.1		9-9-9-6	29.6-37.8	38.2	450(-4)																																	晴		15.0	7.0	12.0	17.8	8.0	8	58.0	良	**	**		テーオードレフォン																													
2019101464	2023-08-19	3新潟3		9.0	瀬波温泉特別(2勝クラス)								菊沢一樹		ダ1800				1:53.7	1.2		10-9-8-8	36.2-38.5	39.1	454(+4)																																	晴		15.0	2.0	3.0	68.3	10.0	8	58.0	良	**	**		ゴールドバランサー																													
2019101464	2023-09-10	4中山2		9.0	白井特別(2勝クラス)								菊沢一樹		芝1800				1:48.9	1.8		6-6-7-9	37.0-34.1	34.7	452(-2)																																	晴		10.0	5.0	5.0	208.9	10.0	10	58.0	良	**	**		ロジレット																													
2019101464	2023-10-29	4新潟6		10.0	鳥屋野特別(2勝クラス)								菊沢一樹		ダ1800				1:51.2	1.7		12-13-14-13	34.9-38.3	38.0	450(-2)																																	雨		15.0	3.0	4.0	64.8	13.0	7	58.0	不	**	**		ハッスルダンク																													
2019101464	2024-04-07	1福島2		9.0	喜多方特別(2勝クラス)								永野猛蔵		ダ1700				1:47.6	1.5		10-8-10-9	30.3-38.1	38.1	436(-14)																																	晴		13.0	8.0	12.0	97.2	12.0	11	58.0	良	**	**		ナイトアクアリウム																													
2019101464	2024-04-21	2東京2		12.0	4歳以上2勝クラス								長浜鴻緒		ダ1600				1:40.1	2.5		6-7	35.5-36.2	37.8	436(0)																																	曇		13.0	7.0	10.0	262.1	13.0	12	55.0	良	**	**		ウェイワードアクト																													
2019101464	2024-08-17	3新潟3		9.0	瀬波温泉特別(2勝クラス)								伴啓太		ダ1800				1:53.6	1.9		5-5-4-6	36.0-38.0	39.1	438(+2)																																	晴		15.0	7.0	13.0	528.5	15.0	8	58.0	良	**	**		ジャスパーロブスト																													
2019101464	2024-09-01	2中京8		1.0	障害3歳以上未勝利								伴啓太		障3000				3:24.9	0.5		6-6-5-4	109.0-0.0	13.7	440(+2)				200.0																													曇		9.0	5.0	5.0	8.0	4.0	3	60.0	不				コルドゥーン																													
2019101464	2024-10-20	4新潟6		4.0	障害3歳以上未勝利								伴啓太		障2850				3:11.9	1.1		2-6-6-6	104.1-0.0	13.5	446(+6)				120.0																													晴		7.0	7.0	7.0	3.2	1.0	4	60.0	稍				サンマルグレイト																													
2019101464	2024-11-03	3福島2		5.0	障害3歳以上未勝利								伴啓太		障2750				3:04.8	0.1		1-1-3-3	109.0-0.0	13.4	444(-2)				200.0																													晴		7.0	5.0	5.0	4.1	3.0	3	60.0	重				タイセイモンストル																													
2019101464	2025-01-19	1中山7		4.0	障害4歳以上未勝利								伴啓太		障2880				3:15.9	0.2		1-1-1-1	107.0-0.0	13.6	454(+10)				340.0																													晴		11.0	6.0	6.0	7.1	4.0	2	60.0	良				ディナースタ																													
2019101464	2025-03-08	2中山3		4.0	障害4歳以上未勝利								伴啓太		障2880				3:17.4	0.7		3-2-2-4	108.0-0.0	13.7	454(0)				130.0																													曇		9.0	4.0	4.0	1.7	1.0	4	60.0	稍				プラチナムレイアー																													
2019101464	2025-04-05	3中山3		4.0	障害4歳以上未勝利								伴啓太		障2880				3:19.1	2.9		4-5-5-6	107.0-0.0	13.8	446(-8)																																	晴		14.0	7.0	12.0	4.7	3.0	8	60.0	稍				ウイングランブルー																													
2019101464	2025-07-06	2福島4		1.0	障害3歳以上未勝利								伴啓太		障2750				3:03.6	0.1		6-6-5-4	107.0-0.0	13.4	444(-2)				340.0																													晴		14.0	2.0	2.0	3.7	2.0	2	60.0	良				ビーンスターク																													
2019101464	2025-08-24	4中京2		1.0	障害3歳以上未勝利								伴啓太		障3000				3:19.7	1.0		7-7-6-6	103.1-0.0	13.3	444(0)				210.0																													晴		11.0	5.0	5.0	5.8	3.0	3	60.0	良				アメリカンピース																													
2019101464	2025-11-09	3福島2		5.0	障害3歳以上未勝利								上野翔		障2750				3:05.3	0.6		3-3-4-4	106.0-0.0	13.5	456(+12)				84.0																													曇		9.0	1.0	1.0	2.0	1.0	5	60.0	良				イルディヴィーノ																													
2019101464	2025-12-28	5阪神8		5.0	障害3歳以上未勝利								上野翔		障2970				3:26.0	1.4		1-1-2-3	108.0-0.0	13.9	450(-6)				130.0																													晴		14.0	6.0	10.0	3.7	2.0	4	60.0	良				ナックエルドラド																													
2019101464	2026-01-17	1中山6		4.0	障害4歳以上未勝利								上野翔		障2880				3:17.0	2.1		2-3-4-4	106.1-0.0	13.7	452(+2)				130.0																													晴		12.0	5.0	6.0	7.2	3.0	4	60.0	良				コレクテイニア																													
2019101612	2022-01-09	1中京3	晴	6.0	3歳新馬		11.0	4.0	4.0	6.1	4.0	1	岩田望来	56.0	芝2000		良	**	2:04.4	-0.4	**	1-1-1-1	38.0-34.3	34.3	486(0)			(ニシノクレセント)	600.0																																																																							
2019101612	2022-02-26	1阪神5	晴	10.0	すみれS(L)		8.0	8.0	8.0	14.0	6.0	7	岩田望来	56.0	芝2200		良	**	2:14.0	1.1	**	3-3-3-3	35.9-34.4	35.4	486(0)			ポッドボレット																																																																								
2019101612	2022-03-27	2中京6	晴	9.0	大寒桜賞(1勝クラス)		8.0	6.0	6.0	11.3	5.0	8	岩田望来	56.0	芝2200		重	**	2:21.6	7.5	**	1-1-2-5	34.9-36.5	43.2	484(-2)			ブラックブロッサム																																																																								
2019101612	2022-07-17	3小倉6	晴	12.0	3歳以上1勝クラス		15.0	4.0	6.0	7.3	4.0	12	岩田望来	54.0	ダ1700		良	**	1:47.5	1.6	**	2-2-2-2	29.9-38.3	39.7	488(+4)			イチネンエーグミ																																																																								
2019101612	2023-03-18	2中京3	曇	8.0	4歳以上1勝クラス		18.0	4.0	7.0	17.0	9.0	3	角田大和	57.0	芝1400		重	**	1:23.1	0.7	**	1-1	34.8-35.6	36.3	490(+2)			メイショウソラフネ	200.0																																																																							
2019101612	2023-04-23	1京都2	晴	7.0	4歳以上1勝クラス		18.0	6.0	12.0	5.6	1.0	5	西塚洸二	55.0	芝1400		良	**	1:20.9	0.7	**	1-1	34.1-34.6	35.3	482(-8)			エクセトラ	80.0																																																																							
2019101612	2023-05-21	1新潟8	晴	8.0	4歳以上1勝クラス		16.0	2.0	4.0	3.0	1.0	10	西塚洸二	55.0	芝1400		良	**	1:23.8	1.6	**	2-4	33.8-36.4	37.8	482(0)			カールスモーキー																																																																								
2019101612	2023-11-04	3福島1	曇	6.0	3歳以上1勝クラス		14.0	5.0	7.0	7.6	4.0	6	松本大輝	57.0	芝1800		良	**	1:48.7	1.1	**	2-2-2-2	34.7-36.3	37.4	488(+6)			ニューノーマル																																																																								
2019101612	2023-12-16	5阪神5	曇	12.0	3歳以上1勝クラス		10.0	5.0	5.0	17.5	6.0	7	西塚洸二	55.0	芝1800		稍	**	1:48.3	1.1	**	2-2	36.5-34.0	34.9	492(+4)			ワイドアラジン																																																																								
2019101612	2024-01-06	1京都1	曇	12.0	4歳以上1勝クラス		17.0	1.0	1.0	21.4	8.0	1	西塚洸二	55.0	芝1800		良	**	1:47.3	-0.2	**	1-1	35.2-35.9	35.9	494(+2)			(ルクスビッグスター)	800.0																																																																							
2019101612	2024-02-04	2京都4	曇	8.0	4歳以上2勝クラス		7.0	5.0	5.0	19.4	4.0	5	角田大河	57.0	芝2000		良	**	2:01.6	0.9	**	1-1-1-1	36.5-35.5	36.4	498(+4)			セブンマジシャン	114.0																																																																							
2019101612	2024-03-02	1阪神3	曇	9.0	千里山特別(2勝クラス)		8.0	8.0	8.0	5.5	3.0	1	角田大河	58.0	芝2000		稍	**	2:00.2	-0.1	**	1-1-1-1	36.2-36.4	36.4	494(-4)			(エグランタイン)	1569.6																																																																							
2019101612	2024-04-07	2阪神6	晴	10.0	ダイワスカーレットC(3勝クラス)		16.0	8.0	16.0	14.8	6.0	12	松山弘平	55.0	芝2000		良	**	1:59.9	1.1	**	1-1-1-1	35.6-34.5	35.6	486(-8)			エーデルブルーメ																																																																								
2019101612	2025-04-06	3中山4	晴	11.0	美浦S(3勝クラス)		16.0	4.0	7.0	72.3	15.0	16	菱田裕二	58.0	芝2000		良	**	2:04.3	4.7	**	16-16-16-16	35.9-35.7	38.5	484(-2)			レガーロデルシエロ																																																																								
2019101612	2025-08-02	1札幌3	晴	11.0	STV賞(3勝クラス)		16.0	5.0	9.0	198.2	16.0	15	古川奈穂	54.0	芝2000		良	**	2:01.4	1.2	**	8-10-10-12	36.1-35.2	35.8	496(+12)			エープラス																																																																								
2019101612	2025-08-23	2札幌1	晴	11.0	オールスターJ第2戦(3勝クラス)		14.0	5.0	7.0	48.0	12.0	14	坂井瑠星	58.0	芝2000		良	**	2:06.0	3.9	**	2-2-2-3	36.6-36.9	40.7	492(-4)			パトリックハンサム																																																																								
2019101612	2025-10-18	3京都6	雨	4.0	障害3歳以上未勝利		11.0	7.0	8.0	43.0	9.0	11	小牧加矢	60.0	障2910		良		3:31.2	13.2		11-11-11-11	105.0-0.0	14.5	506(+14)			ホウオウプレシャス																																																																								
2019101612	2025-11-16	3福島4	晴	5.0	障害3歳以上未勝利		11.0	3.0	3.0	6.1	3.0	2	小牧加矢	60.0	障2750		良		3:02.1	0.5		5-6-5-3	106.1-0.0	13.2	490(-16)			ホークフィールド	340.0																																																																							
2019101612	2025-12-07	5中山2	晴	4.0	障害3歳以上未勝利		11.0	5.0	5.0	3.5	2.0	2	小牧加矢	60.0	障2880		良		3:20.9	0.6		4-4-4-3	107.1-0.0	14.0	492(+2)			テーオーリカード	340.0																																																																							
2019101612	2026-01-18	1中山7		4.0	障害4歳以上未勝利								小牧加矢		障2880				3:13.6	-0.4		3-3-3-3	106.1-0.0	13.4	492(0)				840.0																																																									晴		14.0	5.0	7.0	3.1	1.0	1	60.0	良				(ゴールデンステップ)	202606010704
2019101679	2021-08-07	1函館11		5.0	2歳新馬								吉田隼人		芝1200				1:10.0	0.0		2-2	34.3-35.7	35.7	442(0)				700.0	晴		9.0	8.0	8.0	3.6	2.0	1	54.0	良	**	**		(バイハリウッド)																																																									
2019101679	2021-09-05	2札幌8		10.0	すずらん賞(OP)								ルメール		芝1200				1:11.0	-0.1		5-4	34.8-36.2	35.8	440(-2)				1620.3	晴		9.0	6.0	6.0	3.5	2.0	1	54.0	良	**	**		(ポメランチェ)																																																									
2019101679	2021-11-06	5東京1		11.0	京王杯2歳S(GII)								横山武史		芝1400				1:22.1	0.8		13-13	35.1-34.1	33.5	446(+6)					晴		14.0	8.0	13.0	11.7	7.0	8	55.0	良	**	**		キングエルメス																																																									
2019101679	2021-12-19	6阪神6		11.0	朝日フューチュリティ(GI)								鮫島克駿		芝1600				1:35.0	1.5		10-13	34.3-35.2	35.6	446(0)					晴		15.0	3.0	5.0	47.6	10.0	11	55.0	良	**	**		ドウデュース																																																									
2019101679	2022-02-27	1阪神6		10.0	マーガレットS(L)								福永祐一		芝1200				1:08.8	0.8		11-12	33.1-34.9	34.5	448(+2)					晴		13.0	5.0	6.0	4.8	2.0	8	56.0	良	**	**		ジャングロ																																																									
2019101679	2022-03-19	2中京3		11.0	中スポ賞ファルコンS(GIII)								吉田隼人		芝1400				1:22.2	1.3		5-3	33.1-36.5	37.5	450(+2)					曇		18.0	1.0	2.0	52.4	11.0	11	56.0	稍	**	**		プルパレイ																																																									
2019101679	2022-05-28	3中京7		11.0	葵S(GIII)								横山和生		芝1200				1:09.2	1.0		15-17	33.2-35.0	34.4	450(0)					晴		17.0	4.0	8.0	39.1	13.0	12	56.0	良	**	**		ウインマーベル																																																									
2019101679	2022-06-26	1函館6		10.0	HTB杯(2勝クラス)								菱田裕二		芝1200				1:09.6	0.7		14-15	34.1-34.8	34.1	448(-2)					曇		15.0	5.0	9.0	12.4	6.0	14	53.0	良	**	**		グランアリエル																																																									
2019101679	2022-07-09	1函館9		10.0	潮騒特別(2勝クラス)								横山和生		芝1200				1:10.0	0.1		1-1	34.4-35.5	35.6	452(+4)				230.0	曇		13.0	6.0	9.0	50.3	7.0	4	54.0	良	**	**		ソウテン																																																									
2019101679	2022-08-07	1札幌6		10.0	HBC賞(2勝クラス)								横山和生		芝1200				1:08.8	0.2		2-2	33.8-34.8	34.8	438(-14)				151.0	晴		16.0	8.0	15.0	23.6	10.0	5	54.0	良	**	**		ショウナンラスボス																																																									
2019101679	2022-09-03	2札幌7		9.0	札幌スポニチ賞(2勝クラス)								横山和生		芝1200				1:10.6	1.3		5-6	33.8-35.5	36.1	442(+4)					晴		16.0	8.0	15.0	10.5	4.0	9	55.0	良	**	**		キミワクイーン																																																									
2019101679	2022-10-09	4東京2		9.0	三鷹特別(2勝クラス)								松山弘平		芝1400				1:21.8	1.3		4-4	33.9-35.3	35.5	448(+6)					曇		11.0	2.0	2.0	20.1	7.0	9	55.0	良	**	**		グラスミヤラビ																																																									
2019101679	2023-02-18	1阪神3		12.0	4歳以上2勝クラス								坂井瑠星		ダ1400				1:31.9	7.2		6-14	34.1-38.3	44.6	446(-2)					曇		14.0	1.0	1.0	30.3	9.0	14	58.0	良	**	**		ユイノチャッキー																																																									
2019101679	2023-05-20	2東京9		10.0	高尾特別(2勝クラス)								横山和生		芝1400				1:22.1	0.0		3-3	35.9-34.3	33.8	446(0)				626.6	曇		9.0	3.0	3.0	33.1	7.0	2	58.0	良	**	**		ハギノメーテル																																																									
2019101679	2023-06-17	1函館3		11.0	STV杯(2勝クラス)								横山和生		芝1200				1:08.9	0.3		4-2	33.9-34.7	34.7	446(0)				629.0	曇		15.0	2.0	2.0	9.3	5.0	2	57.0	良	**	**		アップリバー																																																									
2019101679	2023-07-16	2函館6		12.0	湯の川温泉特別(2勝クラス)								横山和生		芝1200				1:11.5	0.1		2-2	36.5-34.9	35.0	448(+2)				394.2	曇		13.0	5.0	7.0	5.6	3.0	3	58.0	稍	**	**		スズノナデシコ																																																									
2019101679	2023-08-06	1札幌6		10.0	札幌スポニチ賞(2勝クラス)								横山和生		芝1200				1:11.7	1.0		3-3	34.1-36.6	37.1	452(+4)					曇		11.0	8.0	10.0	5.2	3.0	9	58.0	重	**	**		シャークスポット																																																									
2019101679	2023-09-24	4中山7		12.0	3歳以上2勝クラス								小林勝太		ダ1200				1:13.2	1.8		3-4	33.7-37.7	39.1	444(-8)					晴		16.0	8.0	15.0	7.9	4.0	15	55.0	稍	**	**		コスモノアゼット																																																									
2019101679	2024-02-24	1阪神1		12.0	4歳以上2勝クラス								北村友一		芝1200				1:09.1	0.9		7-7	33.3-34.9	34.7	456(+12)				114.0	晴		10.0	1.0	1.0	16.5	6.0	5	58.0	良	**	**		ウォータールグラン																																																									
2019101679	2024-03-03	2小倉8		10.0	西日本新聞杯(2勝クラス)								北村友一		芝1200				1:09.7	0.7		4-2	34.4-34.6	35.1	454(-2)				155.0	曇		18.0	2.0	3.0	22.1	7.0	5	58.0	稍	**	**		メイショウフンケイ																																																									
2019101679	2024-06-08	1函館1		11.0	函館日刊スポーツ杯(2勝クラス)								北村友一		芝1200				1:09.0	0.4		4-4	33.3-35.3	35.4	460(+6)					晴		16.0	1.0	2.0	10.4	3.0	8	58.0	良	**	**		ナリタローゼ																																																									
2019101679	2024-06-23	1函館6		10.0	HTB杯(2勝クラス)								北村友一		芝1200				1:09.4	0.9		7-8	33.9-34.6	34.9	460(0)					晴		13.0	1.0	1.0	19.3	8.0	13	56.0	良	**	**		トーセンサンダー																																																									
2019101679	2024-08-04	1札幌6		10.0	札幌スポニチ賞(2勝クラス)								北村友一		芝1200				1:09.6	0.3		12-11	34.2-35.1	34.2	448(-12)				230.0	曇		16.0	7.0	14.0	42.9	13.0	4	58.0	稍	**	**		コナブラック																																																									
2019101679	2024-08-24	2札幌5		10.0	オールスターJ第1戦(2勝クラス)								川田将雅		芝1200				1:09.6	0.7		11-12	33.5-35.4	34.9	446(-2)					晴		14.0	4.0	5.0	12.3	5.0	11	58.0	良	**	**		クファシル																																																									
2019101679	2024-11-23	6京都7		12.0	3歳以上2勝クラス								北村友一		芝1200				1:09.3	1.1		13-13	34.3-33.9	33.5	448(+2)					曇		15.0	4.0	7.0	155.3	15.0	11	58.0	良	**	**		アンクルクロス																																																									
2019101679	2024-12-08	7京都4		8.0	3歳以上2勝クラス								北村友一		ダ1200				1:14.3	2.1		12-15	34.7-37.5	37.8	452(+4)					曇		15.0	5.0	9.0	224.8	14.0	14	58.0	良	**	**		メイショウタイゲイ																																																									
2019101679	2024-12-22	7京都8		12.0	ジングルベル賞(2勝クラス)								斎藤新		芝1400				1:22.0	0.8		2-2	35.4-34.2	34.9	448(-4)					晴		17.0	7.0	13.0	217.8	17.0	9	55.0	良	**	**		ヤマニンアルリフラ																																																									
2019101679	2025-02-23	1京都8		12.0	4歳以上2勝クラス								富田暁		ダ1400				1:28.6	3.6		6-9	35.3-37.5	40.6	448(0)					曇		12.0	4.0	4.0	148.2	11.0	12	58.0	良	**	**		ヒルノドゴール																																																									
2019101894	2021-06-19	3阪神1		5.0	2歳新馬								福永祐一		ダ1200				1:13.1	0.3		3-3	35.4-37.4	37.5	512(0)				280.0	雨		16.0	6.0	11.0	6.0	2.0	2	54.0	不	**	**		フェズカズマ																																																									
2019101894	2021-09-18	5中京3		2.0	2歳未勝利								福永祐一		ダ1200				1:11.1	-0.2		2-2	35.3-35.8	35.7	522(+10)				510.0	雨		10.0	8.0	10.0	2.3	1.0	1	54.0	不	**	**		(スーパーラッキー)																																																									
2019101894	2021-12-05	5中山2		6.0	2歳1勝クラス								大野拓弥		ダ1200				1:11.4	0.0		2-2	34.0-37.4	37.3	528(+6)				730.0	晴		10.0	3.0	3.0	4.3	2.0	1	55.0	良	**	**		(アイヴォリードレス)																																																									
2019101894	2022-02-20	1東京8		9.0	ヒヤシンスS(L)								大野拓弥		ダ1600				1:38.1	2.8		5-8	35.2-35.8	37.9	530(+2)					曇		14.0	3.0	4.0	39.1	8.0	14	56.0	重	**	**		コンバスチョン																																																									
2019101894	2022-03-13	2中京2		10.0	昇竜S(OP)								大野拓弥		ダ1400				1:25.3	1.8		4-4	34.8-37.0	38.4	526(-4)					曇		10.0	8.0	10.0	29.3	7.0	6	56.0	良	**	**		リメイク																																																									
2019101894	2022-06-12	4中京4		9.0	恵那特別(2勝クラス)								富田暁		ダ1200				1:11.1	0.3		4-4	33.9-36.9	36.8	524(-2)				609.8	晴		16.0	7.0	13.0	6.6	3.0	2	54.0	良	**	**		ペプチドヤマト																																																									
2019101894	2022-08-27	3新潟5		9.0	岩室温泉特別(2勝クラス)								戸崎圭太		ダ1200				1:11.2	-0.2		2-2	34.1-37.1	36.8	526(+2)				1541.5	曇		15.0	5.0	8.0	1.7	1.0	1	54.0	稍	**	**		(エリモグリッター)																																																									
2019101894	2022-09-17	4中山3		11.0	初風S(3勝クラス)								戸崎圭太		ダ1200				1:10.8	0.5		2-2	33.8-36.5	36.8	528(+2)				749.8	晴		16.0	5.0	9.0	3.7	2.0	2	55.0	良	**	**		アティード																																																									
2019101894	2022-11-05	5阪神1		10.0	安芸S(3勝クラス)								川田将雅		ダ1200				1:12.2	0.6		3-2	34.7-36.9	37.2	520(-8)					晴		16.0	3.0	6.0	2.6	1.0	7	56.0	良	**	**		カルネアサーダ																																																									
2019101894	2023-01-07	1中山2		10.0	初春S(3勝クラス)								大野拓弥		ダ1200				1:11.0	0.6		3-4	33.2-37.2	37.3	528(+8)				184.0	晴		15.0	5.0	9.0	3.2	1.0	5	58.0	良	**	**		テイエムトッキュウ																																																									
2019101894	2023-03-04	1阪神7		10.0	なにわS(3勝クラス)								岩田望来		ダ1200				1:13.8	1.5		5-7	35.2-37.1	38.1	528(0)					晴		16.0	1.0	1.0	5.7	3.0	13	58.0	良	**	**		ピアシック																																																									
2019101894	2023-06-11	3阪神4		10.0	安芸S(3勝クラス)								団野大成		ダ1200				1:11.4	0.6		4-4	34.7-36.1	36.3	514(-14)					曇		16.0	1.0	2.0	26.3	8.0	10	56.0	重	**	**		ファーンヒル																																																									
2019101894	2023-08-19	3新潟3		10.0	上越S(3勝クラス)								石橋脩		ダ1200				1:11.2	0.7		5-5	33.5-37.0	36.4	510(-4)				464.7	晴		15.0	6.0	10.0	28.6	8.0	3	58.0	良	**	**		アームズレイン																																																									
2019101894	2023-09-10	4阪神2		10.0	オークランドTRT(3勝クラス)								岩田望来		ダ1200				1:12.8	1.0		4-4	35.0-36.8	37.3	520(+10)					曇		11.0	3.0	3.0	6.8	4.0	7	56.0	良	**	**		メイショウミツヤス																																																									
2019101894	2023-11-19	3京都6		12.0	西陣S(3勝クラス)								岩田望来		ダ1400				1:24.4	0.4		8-7	34.9-36.9	36.2	528(+8)				280.0	晴		14.0	5.0	8.0	13.6	7.0	4	58.0	稍	**	**		テーオーステルス																																																									
2019101894	2023-12-24	5中山8		12.0	フェアウェルS(3勝クラス)								岩田望来		ダ1200				1:10.3	0.0		3-3	33.5-36.8	36.5	528(0)				1875.0	晴		16.0	8.0	16.0	7.0	4.0	1	58.0	良	**	**		(グットディール)																																																									
2019101894	2024-03-17	2中山8		10.0	千葉S(OP)								大野拓弥		ダ1200				1:11.4	0.2		9-6	34.4-36.8	36.2	526(-2)				889.8	晴		16.0	4.0	7.0	22.4	9.0	2	55.0	良	**	**		ケイアイロベージ																																																									
2019101894	2024-04-07	3中山6		11.0	京葉S(L)								戸崎圭太		ダ1200				1:10.8	1.0		7-8	34.3-35.5	35.7	526(0)					晴		14.0	7.0	11.0	4.8	2.0	8	57.0	重	**	**		シアージスト																																																									
2019101894	2024-06-02	4京都2		11.0	松風月S(OP)								Ｍ．デム		ダ1200				1:11.2	0.7		12-13	33.9-36.6	35.6	524(-2)					曇		16.0	4.0	7.0	16.4	7.0	6	55.0	稍	**	**		ジレトール																																																									
2019101894	2024-08-18	3新潟4		11.0	NST賞(OP)								戸崎圭太		ダ1200				1:11.7	0.3		10-9	33.8-37.6	36.5	528(+4)				554.6	晴		14.0	5.0	8.0	18.8	5.0	3	55.0	良	**	**		メタマックス																																																									
2019101894	2024-09-21	4中山6		11.0	ながつきS(OP)								大野拓弥		ダ1200				1:13.4	2.8		9-8	33.8-36.8	38.5	518(-10)					曇		14.0	4.0	7.0	9.4	5.0	14	57.0	良	**	**		サンライズアムール																																																									
2019101894	2024-12-22	7京都8		11.0	りんくうS(OP)								岩田望来		ダ1200				1:12.1	0.6		10-11	34.8-36.7	36.4	530(+12)				330.0	晴		16.0	5.0	9.0	58.8	13.0	4	57.0	良	**	**		ドンアミティエ																																																									
2019101894	2025-03-23	2中山8		11.0	千葉S(OP)								北村宏司		ダ1200				1:10.2	0.2		3-3	33.3-36.7	36.6	534(+4)				890.0	晴		16.0	4.0	8.0	55.6	12.0	2	55.0	良	**	**		ボナンザ																																																									
2019101894	2025-04-26	2京都1		11.0	天王山S(OP)								幸英明		ダ1200				1:12.1	1.4		5-6	34.3-36.4	36.7	532(-2)					晴		14.0	6.0	9.0	30.4	10.0	14	57.0	良	**	**		ドンアミティエ																																																									
2019101894	2025-07-20	2福島8		11.0	福島テレビ賞(OP)								石川裕紀		ダ1150				1:08.4	1.1		6-5	31.2-36.1	36.5	522(-10)					晴		13.0	6.0	9.0	27.4	10.0	11	57.0	良	**	**		シアージスト																																																									
2019101894	2025-10-05	3京都2		10.0	藤森S(OP)								高杉吏麒		ダ1200				1:11.2	1.8		7-6	34.6-34.8	36.1	528(+6)					曇		16.0	8.0	15.0	59.5	11.0	10	57.0	重	**	**		タガノミスト																																																									
2019101894	2025-12-07	5阪神2		11.0	りんくうS(OP)								田口貫太		ダ1200				1:11.5	0.9		4-4	34.9-35.7	36.2	532(+4)					晴		16.0	5.0	10.0	66.6	13.0	15	55.0	良	**	**		メイショウホウレン																																																									
2019101975	2021-12-05	6阪神2		5.0	2歳新馬								和田竜二		芝1200				1:10.1	0.6		2-2	34.3-35.2	35.4	478(0)				180.0															曇		14.0	3.0	3.0	5.1	2.0	3	55.0	良	**	**		アルーリングウェイ																																											
2019101975	2021-12-19	6阪神6		2.0	2歳未勝利								和田竜二		ダ1200				1:12.4	0.3		1-1	34.5-37.6	37.9	472(-6)				200.0															晴		16.0	5.0	9.0	4.1	2.0	2	55.0	稍	**	**		クールココナヒメ																																											
2019101975	2022-01-05	1中京1		2.0	3歳未勝利								和田竜二		ダ1200				1:15.1	1.8		3-3	35.2-38.1	39.7	474(+2)				52.0															晴		15.0	8.0	14.0	1.6	1.0	5	56.0	良	**	**		テーオーステルス																																											
2019101975	2022-02-26	1阪神5		2.0	3歳未勝利								和田竜二		ダ1200				1:12.9	-1.2		1-1	35.5-37.4	37.4	474(0)				520.0															晴		15.0	2.0	2.0	2.8	2.0	1	56.0	良	**	**		(レッドアクトゥール)																																											
2019101975	2022-03-27	2阪神2		7.0	3歳1勝クラス								和田竜二		ダ1200				1:12.0	0.8		4-4	35.1-36.1	36.6	472(-2)				190.0															晴		11.0	5.0	5.0	3.2	2.0	3	56.0	稍	**	**		シホノディレット																																											
2019101975	2022-04-16	2阪神7		6.0	3歳1勝クラス								和田竜二		ダ1200				1:12.4	0.6		2-2	34.6-37.2	37.5	472(0)				190.0															晴		16.0	8.0	15.0	16.2	6.0	3	56.0	稍	**	**		クロジシジョー																																											
2019101975	2022-09-11	5中京2		7.0	3歳以上1勝クラス								和田竜二		ダ1200				1:11.2	0.3		3-2	33.7-37.2	37.0	492(+20)				250.0															晴		12.0	6.0	8.0	2.4	1.0	2	55.0	稍	**	**		メディシス																																											
2019101975	2022-10-10	4阪神3		7.0	3歳以上1勝クラス								和田竜二		ダ1200				1:13.0	2.2		1-1	34.5-36.3	38.5	488(-4)																			曇		14.0	2.0	2.0	2.5	1.0	13	55.0	不	**	**		スリードレフォン																																											
2019101975	2022-12-25	6阪神8		8.0	3歳以上1勝クラス								藤岡康太		ダ1200				1:12.2	0.1		4-3	35.6-36.5	36.3	492(+4)				310.0															晴		15.0	7.0	13.0	4.5	3.0	2	56.0	良	**	**		ダイリュウブラック																																											
2019101975	2023-01-14	1中京5		8.0	4歳以上1勝クラス								松山弘平		ダ1200				1:11.9	-0.7		2-2	35.8-36.1	36.1	490(-2)				800.0															曇		14.0	7.0	12.0	2.6	1.0	1	58.0	重	**	**		(フラップシグナス)																																											
2019101975	2023-02-12	1阪神2		12.0	4歳以上2勝クラス								和田竜二		ダ1200				1:12.5	0.2		5-7	35.1-37.2	37.0	486(-4)				170.0															晴		16.0	2.0	3.0	3.1	1.0	4	58.0	良	**	**		クレド																																											
2019101975	2023-04-08	2阪神5		12.0	4歳以上2勝クラス								松山弘平		ダ1200				1:12.4	0.5		3-4	35.6-36.3	36.6	492(+6)																			晴		13.0	3.0	3.0	2.7	1.0	8	58.0	重	**	**		クリーンジーニアス																																											
2019101975	2023-04-23	1京都2		12.0	4歳以上2勝クラス								松山弘平		ダ1200				1:12.0	-0.1		5-4	34.9-37.1	36.5	490(-2)				1140.0															晴		16.0	3.0	5.0	3.5	2.0	1	58.0	良	**	**		(スマートラプター)																																											
2019101975	2023-07-23	3中京8		10.0	桶狭間S(3勝クラス)								和田竜二		ダ1200				1:12.2	1.7		4-4	34.0-36.5	37.9	484(-6)																			晴		16.0	3.0	6.0	13.1	7.0	14	58.0	良	**	**		アルファマム																																											
2019101975	2023-12-02	5阪神1		10.0	妙見山S(3勝クラス)								Ｍ．デム		ダ1200				1:11.8	0.4		4-3	34.5-36.9	37.1	506(+22)				464.8															晴		16.0	7.0	13.0	31.4	8.0	3	58.0	良	**	**		タイセイブレイズ																																											
2019101975	2023-12-17	5阪神6		12.0	御影S(3勝クラス)								Ｍ．デム		ダ1400				1:25.1	1.7		9-6	33.6-37.5	37.9	504(-2)																			晴		16.0	8.0	16.0	20.6	6.0	6	58.0	稍	**	**		エンペラーワケア																																											
2019101975	2024-01-06	1京都1		9.0	門松S(3勝クラス)								ルメート		ダ1400				1:24.5	1.0		2-2	34.6-37.2	38.0	498(-6)																			曇		12.0	7.0	10.0	18.6	8.0	7	58.0	良	**	**		モズリッキー																																											
2019101975	2024-02-04	2京都4		10.0	令月S(OP)								角田大河		ダ1200				1:11.2	0.2		3-2	34.9-36.1	36.0	502(+4)				330.0															晴		16.0	6.0	11.0	9.9	4.0	4	52.0	良	**	**		クロジシジョー																																											
2019101975	2024-03-31	2阪神4		12.0	陽春S(3勝クラス)								菱田裕二		ダ1200				1:11.6	-0.2		3-2	35.2-36.4	36.3	500(-2)				1873.6															曇		16.0	3.0	5.0	4.9	2.0	1	55.0	良	**	**		(アルムラトゥール)																																											
2019101975	2024-04-20	3京都1		11.0	天王山S(OP)								幸英明		ダ1200				1:11.7	0.7		5-3	35.1-35.9	36.3	498(-2)				220.0															曇		13.0	4.0	5.0	21.0	7.0	5	57.0	良	**	**		ジレトール																																											
2019101975	2024-05-04	1新潟3		11.0	越後S(OP)								菱田裕二		ダ1200				1:11.1	0.0		3-3	34.0-37.1	36.5	492(-6)				2233.6															晴		15.0	7.0	13.0	18.9	8.0	1	58.0	良	**	**		(クインズメリッサ)																																											
2019101975	2024-11-09	6京都3		10.0	室町S(OP)								菱田裕二		ダ1200				1:11.2	0.5		4-4	34.1-36.6	36.8	502(+10)																			晴		16.0	2.0	3.0	63.9	14.0	7	57.0	良	**	**		イスラアネーロ																																											
2019101975	2024-12-08	5中山4		11.0	カペラS(GIII)								菱田裕二		ダ1200				1:10.5	0.4		5-5	32.5-37.6	37.1	490(-12)																			晴		15.0	1.0	1.0	76.0	12.0	8	57.0	良	**	**		ガビーズシスター																																											
2019101975	2025-02-23	1京都8		11.0	大和S(OP)								川須栄彦		ダ1200				1:12.1	0.9		10-10	35.4-35.8	35.6	508(+18)																			曇		16.0	2.0	4.0	12.0	4.0	6	58.0	良	**	**		ドンアミティエ																																											
2019101975	2025-03-25	高知		5.0	黒船賞[指定交流](JpnIII)								菱田裕二		ダ1400				1:34.4	4.6		5-5-5-5		44.9	499(-9)																			晴		12.0	2.0	2.0	60.6	5.0	12	56.0	良	**	**		シャマル																																											
2019101975	2025-04-20	3中山8		10.0	京葉S(L)								岩田望来		ダ1200				1:11.6	0.5		3-3	34.7-36.4	36.4	498(-1)																			曇		16.0	7.0	14.0	45.6	10.0	7	58.0	良	**	**		インビンシブルパパ																																											
2019101975	2025-11-08	4京都1		11.0	室町S(OP)								菱田裕二		ダ1200				1:11.0	0.7		5-3	34.2-36.1	36.3	506(+8)																			晴		16.0	3.0	5.0	80.5	15.0	10	57.0	良	**	**		ペプチドヤマト																																											
2019101975	2025-12-07	5阪神2		11.0	りんくうS(OP)								菱田裕二		ダ1200				1:11.0	0.4		4-4	34.9-35.7	35.7	504(-2)																			晴		16.0	5.0	9.0	17.0	7.0	8	56.0	良	**	**		メイショウホウレン																																											
2019101975	2025-12-28	5阪神8		11.0	ギャラクシーS(OP)								菱田裕二		ダ1400				1:23.6	0.2		4-4	33.9-37.6	37.3	498(-6)				554.9															晴		16.0	3.0	6.0	56.0	11.0	3	58.0	良	**	**		ノーブルロジャー																																											
2019101975	2026-01-18	1中山7		10.0	ジャニュアリーS(OP)								菱田裕二		ダ1200				1:10.9	0.3		6-6	33.3-37.3	37.2	500(+2)				442.7																																																									晴		16.0	8.0	16.0	12.5	5.0	3	58.0	良	**	**		モンドプリューム	202606010710
2019102106	2021-06-13	佐賀	曇	1.0	2歳新馬		7.0	3.0	3.0	2.9	2.0	1	真島正徳	55.0	ダ900		良	**	0:55.8	-1.0	**	1-1		38.3	483(0)			(ミユキゲコクジョウ)	160.0																																																																							
2019102106	2021-07-17	佐賀	曇	6.0	JRA認定2歳ー1組		7.0	1.0	1.0	13.3	4.0	1	竹吉徹	55.0	ダ1400		不	**	1:32.3	-0.5	**	3-3-2-1		39.7	481(-2)			(ムーンオブザクイン)	250.0																																																																							
2019102106	2021-08-14	4小倉1	雨	9.0	フェニックス賞(OP)		10.0	6.0	6.0	21.0	7.0	6	川島信二	54.0	芝1200		不	**	1:11.7	0.9	**	3-4	34.1-36.7	37.3	486(+5)			ナムラクレア																																																																								
2019102106	2021-09-12	佐賀	曇	8.0	シリウス特別(2歳)		7.0	5.0	5.0	1.2	1.0	2	真島正徳	55.0	ダ1400		良	**	1:30.1	0.0	**	3-3-2-2		38.3	476(-10)			ユウワクスレスレ	19.5																																																																							
2019102106	2022-04-24	佐賀	曇	10.0	レッドスター特別(3歳)		11.0	3.0	3.0	1.5	1.0	2	石川慎将	56.0	ダ1400		重	**	1:32.7	0.1	**	4-3-4-1		40.4	502(+26)			テキサスホールデム	25.6																																																																							
2019102106	2022-05-08	佐賀	晴	6.0	佐賀皐月賞(重賞)		12.0	7.0	10.0	6.1	3.0	10	石川倭	56.0	ダ1800		良	**	2:04.2	3.8	**	7-5-3-10		44.3	506(+4)			ザビッグレディー																																																																								
2019102106	2022-05-29	佐賀	晴	9.0	九州ダービー栄城賞(重賞)		12.0	7.0	9.0	40.5	7.0	11	石川倭	56.0	ダ2000		良	**	2:19.0	4.5	**	4-3-4-9		44.4	496(-10)			イカニカン																																																																								
2019102106	2022-06-19	佐賀	曇	10.0	松風月賞(B)		10.0	1.0	1.0	6.2	4.0	2	石川慎将	56.0	ダ1400		良	**	1:31.0	0.2	**	3-3-3-1		40.2	494(-2)			トゥーヤング	14.4																																																																							
2019102106	2022-07-03	佐賀	曇	9.0	佐賀ユースC(重賞)		12.0	5.0	6.0	13.5	4.0	8	竹吉徹	56.0	ダ1400		良	**	1:33.6	1.9	**	8-8-8-6		42.4	495(+1)			シウラグランデ																																																																								
2019102106	2022-12-17	6中京5	曇	2.0	3歳以上1勝クラス		16.0	5.0	10.0	50.8	11.0	16	川島信二	56.0	ダ1400		良	**	1:27.5	2.3	**	2-3	35.1-37.9	40.1	504(+9)			エーティーマクフィ																																																																								
2019102106	2022-12-25	6阪神8	晴	8.0	3歳以上1勝クラス		15.0	5.0	8.0	199.4	14.0	4	川島信二	56.0	ダ1200		良	**	1:13.0	0.9	**	11-10	35.6-36.5	36.4	504(0)			ダイリュウブラック	120.0																																																																							
2019102106	2023-01-22	1中京8	晴	8.0	4歳以上1勝クラス		15.0	2.0	3.0	7.4	5.0	4	川島信二	58.0	ダ1200		良	**	1:13.3	0.2	**	4-3	35.6-37.5	37.4	512(+8)			メイショウオウギ	120.0																																																																							
2019102106	2023-02-05	1小倉8	晴	3.0	4歳以上1勝クラス		13.0	5.0	7.0	5.6	3.0	5	川島信二	58.0	ダ1000		良	**	0:59.4	0.9	**	11-9	33.7-36.0	35.3	522(+10)			デルマシルフ	80.0																																																																							
2019102106	2023-02-19	2小倉4	小雨	3.0	4歳以上1勝クラス		14.0	4.0	6.0	5.2	3.0	5	川島信二	58.0	ダ1000		不	**	0:58.8	0.2	**	9-8	34.5-35.7	34.9	510(-12)			テイエムヒマラヤ	80.0																																																																							
2019102106	2023-03-04	1阪神7	晴	8.0	4歳以上1勝クラス		15.0	6.0	11.0	6.6	4.0	1	川島信二	58.0	ダ1200		良	**	1:13.3	-0.1	**	11-9	35.2-38.1	36.8	506(-4)			(アイファーリンクス)	800.0																																																																							
2019102106	2023-04-29	1京都3	小雨	12.0	4歳以上2勝クラス		15.0	2.0	3.0	59.1	12.0	8	川島信二	58.0	ダ1400		良	**	1:25.7	1.2	**	8-8	35.3-36.9	37.3	508(+2)			エーティーマクフィ																																																																								
2019102106	2023-05-13	1京都7	曇	7.0	4歳以上2勝クラス		16.0	1.0	1.0	33.6	11.0	4	川島信二	58.0	芝1200		良	**	1:09.1	0.4	**	8-8	35.4-33.3	33.1	514(+6)			アドヴァイス	170.0																																																																							
2019102106	2023-05-27	1京都11	晴	12.0	4歳以上2勝クラス		14.0	7.0	12.0	28.3	10.0	2	川島信二	58.0	芝1400		良	**	1:20.3	0.1	**	13-13	34.6-34.5	32.9	512(-2)			メイショウベッピン	460.0																																																																							
2019102106	2023-06-18	3阪神6	曇	9.0	皆生特別(2勝クラス)		11.0	4.0	4.0	9.5	5.0	6	川島信二	58.0	芝1600		良	**	1:35.0	1.1	**	9-9	36.9-32.7	33.2	508(-4)			ベルクレスタ																																																																								
2019102106	2023-09-30	4阪神8	曇	8.0	3歳以上2勝クラス		17.0	3.0	5.0	26.1	7.0	7	団野大成	58.0	芝1400		良	**	1:21.5	0.6	**	11-13	34.6-34.3	34.0	508(0)			ジューンオレンジ																																																																								
2019102106	2023-10-14	2京都4	小雨	9.0	3歳以上2勝クラス		11.0	7.0	9.0	6.8	4.0	1	団野大成	58.0	芝1400		良	**	1:20.6	-0.1	**	10-10	34.2-35.0	33.8	508(0)			(ワンダーカタリナ)	1140.0																																																																							
2019102106	2023-11-05	3京都2	晴	10.0	醍醐S(3勝クラス)		18.0	3.0	6.0	14.7	8.0	15	団野大成	58.0	芝1200		良	**	1:08.3	1.0	**	16-15	32.9-34.4	33.4	508(0)			ショウナンハクラク																																																																								
2019102106	2024-03-31	2阪神4	晴	10.0	キタサンブラックC(3勝クラス)		17.0	7.0	13.0	76.1	12.0	2	菅原明良	58.0	芝1400		良	**	1:20.4	0.0	**	15-16	33.6-35.4	33.1	512(+4)			スズハローム	751.0																																																																							
2019102106	2024-04-14	2阪神8	晴	10.0	立雲峡S(3勝クラス)		11.0	8.0	10.0	5.6	2.0	2	団野大成	58.0	芝1600		良	**	1:32.7	0.0	**	11-11	35.2-34.9	32.9	508(-4)			セオ	746.8																																																																							
2019102106	2024-05-05	2東京6	晴	9.0	分倍河原S(3勝クラス)		12.0	5.0	6.0	10.6	5.0	6	菅原明良	58.0	芝1600		良	**	1:33.0	0.5	**	11-11	34.9-34.5	34.0	508(0)			ラケマーダ																																																																								
2019102106	2024-05-26	3京都12	晴	12.0	渡月橋S(3勝クラス)		16.0	7.0	14.0	4.1	1.0	7	団野大成	58.0	芝1400		良	**	1:20.4	0.3	**	15-15	34.3-34.4	33.3	504(-4)			サトノペルセウス																																																																								
2019102106	2024-12-15	7京都6	晴	12.0	東山S(3勝クラス)		18.0	8.0	17.0	78.4	13.0	12	城戸義政	56.0	芝1400		良	**	1:21.5	0.9	**	18-18	34.2-35.2	33.5	512(+8)			フォーチュンタイム																																																																								
2019102106	2025-01-12	1中京4	曇	10.0	新春S(3勝クラス)		16.0	1.0	2.0	53.5	11.0	11	城戸義政	56.0	芝1600		良	**	1:35.1	0.7	**	8-9-7	34.8-36.1	36.0	508(-4)			ヒルノローザンヌ																																																																								
2019102106	2025-01-26	1中京9	晴	10.0	トリトンS(3勝クラス)		14.0	5.0	8.0	19.5	7.0	9	西村淳也	58.0	芝1400		良	**	1:22.6	0.5	**	8-7	35.6-34.5	34.5	508(0)			フルメタルボディー																																																																								
2019102106	2025-02-09	1京都4	晴	9.0	斑鳩S(3勝クラス)		14.0	3.0	4.0	49.7	9.0	7	高杉吏麒	58.0	芝1600		稍	**	1:35.5	0.5	**	11-12	35.6-34.9	34.4	514(+6)			タガノエルピーダ																																																																								
2019102106	2025-02-23	1京都8	曇	9.0	山城S(3勝クラス)		9.0	6.0	6.0	7.8	6.0	3	荻野極	55.0	芝1400		良	**	1:22.6	0.3	**	9-9	36.4-34.1	33.4	514(0)			スカイロケット	463.0																																																																							
2019102106	2025-03-22	1阪神7	晴	9.0	立雲峡S(3勝クラス)		18.0	1.0	1.0	6.3	3.0	5	武豊	55.0	芝1400		良	**	1:20.9	0.5	**	14-14	34.4-34.5	33.5	514(0)			マサノカナリア	184.0																																																																							
2019102106	2025-04-06	2阪神4	晴	10.0	夢洲S(3勝クラス)		14.0	5.0	7.0	23.7	10.0	11	幸英明	58.0	芝1600		良	**	1:33.2	0.9	**	12-13	35.4-33.7	33.4	516(+2)			シヴァース																																																																								
2019102106	2025-06-01	2京都12	晴	12.0	渡月橋S(3勝クラス)		14.0	6.0	9.0	16.6	9.0	7	小沢大仁	58.0	芝1400		良	**	1:21.3	0.5	**	10-11	35.7-33.6	33.5	508(-8)			ガロンヌ																																																																								
2019102106	2025-06-15	3阪神4	晴	10.0	花のみちS(3勝クラス)		18.0	4.0	7.0	91.7	16.0	15	幸英明	58.0	芝1600		稍	**	1:34.1	1.5	**	18-18	34.1-35.0	33.7	510(+2)			ブルーミンデザイン																																																																								
2019102106	2025-12-21	5阪神6	小雨	12.0	六甲アイランドS(3勝クラス)		14.0	5.0	8.0	65.1	10.0	6	酒井学	58.0	芝1400		重	**	1:21.9	0.3	**	13-13	35.5-34.5	33.7	510(0)			ディアナザール																																																																								
2019102106	2026-01-11	1京都4	曇	10.0	新春S(3勝クラス)		15.0	4.0	6.0	27.8	9.0	8	岩田望来	58.0	芝1600		良	**	1:33.7	0.9	**	11-13	34.6-34.8	33.7	510(0)			ベラジオボンド																																																																								
2019102202	2021-12-19	6阪神6		6.0	2歳新馬								松山弘平		ダ1800				1:57.8	4.1		5-5-5-4	38.4-37.0	40.3	520(0)					晴		7.0	1.0	1.0	5.7	3.0	6	55.0	稍	**	**		デシエルト																																																									
2019102202	2022-01-08	1中京2		3.0	3歳未勝利								坂井瑠星		ダ1800				1:54.9	0.0		1-1-1-1	37.5-38.9	38.9	512(-8)				520.0	晴		14.0	7.0	11.0	45.3	9.0	1	56.0	良	**	**		(ジルバーン)																																																									
2019102202	2022-02-06	1中京12		4.0	3歳1勝クラス								高倉稜		ダ1800				1:57.9	4.5		4-6-4-7	37.6-37.7	41.8	506(-6)					小雪		11.0	7.0	9.0	50.9	8.0	11	56.0	稍	**	**		オディロン																																																									
2019102202	2022-05-22	3中京6		10.0	鳳雛S(L)								坂井瑠星		ダ1800				1:57.2	4.2		1-1-1-1	37.2-37.6	41.8	504(-2)					晴		10.0	1.0	1.0	49.4	8.0	10	56.0	良	**	**		ハピ																																																									
2019102202	2022-06-18	3阪神1		8.0	3歳以上1勝クラス								高倉稜		ダ1800				1:55.5	2.5		2-3-4-11	36.8-38.2	39.9	502(-2)					曇		15.0	4.0	7.0	181.1	14.0	13	54.0	良	**	**		ビーアイオラクル																																																									
2019102202	2022-07-03	3小倉2		7.0	3歳以上1勝クラス								高倉稜		ダ1700				1:45.7	0.7		1-1-1-1	29.6-37.8	38.5	502(0)				120.0	曇		12.0	2.0	2.0	55.5	10.0	4	54.0	良	**	**		サンライズグリット																																																									
2019102202	2022-07-23	3小倉7		12.0	3歳以上1勝クラス								高倉稜		ダ1700				1:45.2	0.3		2-2-2-2	28.8-38.3	38.5	506(+4)				190.0	晴		16.0	5.0	10.0	15.5	7.0	3	54.0	良	**	**		タガノエスコート																																																									
2019102202	2022-11-05	3福島1		3.0	3歳以上1勝クラス								永島まな		ダ1700				1:46.3	1.1		1-1-1-1	29.8-37.3	38.4	514(+8)				190.0	晴		15.0	1.0	1.0	2.2	1.0	3	51.0	良	**	**		ジュリエットパール																																																									
2019102202	2022-11-19	3福島5		2.0	3歳以上1勝クラス								永島まな		ダ1700				1:47.2	1.3		4-4-2-2	29.5-39.0	40.2	514(0)					晴		15.0	8.0	14.0	3.6	1.0	6	51.0	良	**	**		トーセンマーク																																																									
2019102202	2023-03-12	1阪神10		8.0	4歳以上1勝クラス								斎藤新		ダ1800				1:56.0	0.7		2-2-2-2	38.0-38.5	39.1	516(+2)				120.0	晴		11.0	7.0	8.0	9.1	4.0	4	58.0	良	**	**		ミステリーボックス																																																									
2019102202	2023-03-26	2阪神2		8.0	4歳以上1勝クラス								高倉稜		ダ1800				1:53.1	0.3		2-2-2-1	37.8-37.1	37.4	512(-4)				200.0	雨		12.0	7.0	10.0	4.6	2.0	3	58.0	不	**	**		ワンダフルトゥデイ																																																									
2019102202	2023-04-23	1福島6		12.0	4歳以上1勝クラス								高倉稜		ダ1700				1:48.0	2.2		1-1-1-1	29.8-38.8	41.0	504(-8)					晴		11.0	3.0	3.0	3.0	1.0	10	58.0	良	**	**		マサカウマザンマイ																																																									
2019102202	2023-08-13	2札幌2		12.0	3歳以上1勝クラス								鮫島克駿		ダ1700				1:48.0	1.0		1-2-2-2	30.1-38.4	39.3	514(+10)					曇		13.0	2.0	2.0	10.2	5.0	8	58.0	良	**	**		ダブルジョーク																																																									
2019102202	2023-08-26	2札幌5		12.0	ニセコ特別(1勝クラス)								横山武史		ダ1700				1:49.4	3.4		2-2-2-2	30.1-38.1	41.4	508(-6)					晴		12.0	5.0	7.0	17.9	7.0	10	58.0	良	**	**		メイクザビート																																																									
2019102202	2023-09-18	4阪神5		8.0	3歳以上1勝クラス								高倉稜		ダ1800				1:56.2	2.5		8-8-12-12	37.0-39.0	40.2	504(-4)					晴		13.0	1.0	1.0	27.1	9.0	9	58.0	良	**	**		タイガースパーク																																																									
2019102202	2024-02-04	2京都4		7.0	4歳以上1勝クラス								ルメート		ダ1800				1:53.9	0.2		2-2-2-2	37.4-38.1	38.3	522(+18)				320.0	曇		9.0	5.0	5.0	12.6	5.0	2	58.0	良	**	**		ヒロノオオゾラ																																																									
2019102202	2024-02-17	2京都7		7.0	4歳以上1勝クラス								ルメート		ダ1800				1:53.6	-0.1		3-3-2-1	37.4-38.0	37.9	526(+4)				800.0	晴		11.0	4.0	4.0	3.6	3.0	1	58.0	稍	**	**		(オーバーザドリーム)																																																									
2019102202	2024-03-30	2阪神3		12.0	4歳以上2勝クラス								和田竜二		ダ1800				1:54.9	2.4		5-5-4-6	37.5-37.2	39.2	520(-6)					晴		15.0	4.0	7.0	24.3	8.0	13	58.0	稍	**	**		ハギノロックオン																																																									
2019102202	2024-10-05	5京都1		12.0	3歳以上2勝クラス								池添謙一		ダ1800				1:54.8	1.7		4-3-6-5	36.8-38.1	39.3	526(+6)					晴		14.0	1.0	1.0	24.0	7.0	9	58.0	稍	**	**		マルチャレアル																																																									
2019102202	2024-10-26	4東京7		9.0	伊勢佐木特別(2勝クラス)								松岡正海		ダ1600				1:38.8	1.4		5-5	36.4-35.7	36.5	526(0)					曇		10.0	1.0	1.0	125.7	10.0	7	58.0	良	**	**		グロッシェン																																																									
2019102202	2024-11-16	5東京5		8.0	3歳以上2勝クラス								石川裕紀		ダ1400				1:25.8	1.0		12-12	35.4-36.9	36.6	524(-2)					曇		16.0	4.0	7.0	121.8	12.0	7	58.0	良	**	**		ビートエモーション																																																									
2019102202	2024-12-22	7京都8		8.0	3歳以上2勝クラス								斎藤新		ダ1400				1:26.8	1.4		2-3	36.0-37.6	38.8	524(0)					晴		16.0	5.0	9.0	97.7	12.0	12	58.0	良	**	**		スターペスカオリ																																																									
2019102202	2025-04-05	2阪神3		12.0	4歳以上2勝クラス								和田竜二		ダ1400				1:26.6	1.9		13-13	35.5-36.7	37.6	524(0)					曇		16.0	3.0	5.0	161.0	14.0	16	58.0	良	**	**		フラムリンガム																																																									
2019102202	2025-05-01	園田		10.0	A2								吉村智洋		ダ1400				1:28.5	-1.8		1-1-1-1		38.2	516(-8)				230.0	晴		8.0	8.0	8.0	1.7	1.0	1	57.0	良	**	**		(タガノウィリアム)																																																									
2019102202	2025-05-23	園田		11.0	創刊50周年記念日刊(A2B1)								吉村智洋		ダ1700				1:52.9	-0.2		2-2-1-1		39.3	511(-5)				230.0	曇		8.0	6.0	6.0	1.2	1.0	1	59.0	良	**	**		(ヒノデテイオー)																																																									
2019102202	2025-06-12	園田		11.0	ひまわりの里佐用町お(A1)								鴨宮祥行		ダ1700				1:54.4	0.5		4-3-3-2		38.3	510(-1)				120.0	曇		8.0	7.0	7.0	1.7	1.0	2	57.0	重	**	**		キングレジェンド																																																									
2019102202	2025-08-15	園田		11.0	摂津盃(重賞)								鴨宮祥行		ダ1700				1:53.7	1.1		11-11-11-10		39.5	503(-7)					曇		12.0	2.0	2.0	23.6	6.0	8	56.0	重	**	**		ナムラタタ																																																									
2019102202	2025-09-26	園田		11.0	園田チャレンジC(重賞)								鴨宮祥行		ダ1400				1:30.5	2.6		3-4-5-8		41.0	516(+13)					曇		10.0	8.0	9.0	19.7	5.0	9	57.0	稍	**	**		ロレンツォ																																																									
2019102202	2025-10-16	名古屋		11.0	ゴールド争覇(重賞)								塚本征吾		ダ1500				1:35.4	2.8		4-5-7		39.8	527(+11)					曇		12.0	4.0	4.0	113.6	11.0	11	57.0	不	**	**		ケイズレーヴ																																																									
2019102202	2025-11-13	園田		11.0	加古川靴下特別A1A(A1A2)								長谷部駿		ダ1700				1:55.1	1.1		2-2-1-1		42.4	522(-5)					曇		12.0	3.0	3.0	43.1	10.0	11	57.0	稍	**	**		キングレジェンド																																																									
2019102202	2025-12-11	園田		11.0	師走特別A1A2								長谷部駿		ダ1700				1:52.8	0.4		1-1-1-2		39.9	517(-5)				75.0	晴		12.0	2.0	2.0	33.5	9.0	3	57.0	良	**	**		ベラジオウマムスコ																																																									
2019102215	2021-11-27	5阪神7		5.0	2歳新馬								幸英明		芝1600				1:37.7	-0.1		3-3	37.0-35.2	34.9	446(0)				700.0															晴		13.0	2.0	2.0	39.2	8.0	1	54.0	良	**	**		(レオンバローズ)																																											
2019102215	2021-12-12	6阪神4		11.0	阪神ジュベナイルF(GI)								酒井学		芝1600				1:35.0	1.2		18-13	34.1-34.8	34.9	448(+2)																			晴		18.0	7.0	14.0	145.6	15.0	11	54.0	良	**	**		サークルオブライフ																																											
2019102215	2022-03-21	2中京4		9.0	フローラルウォーク賞(1勝クラス)								幸英明		芝1600				1:36.4	1.3		5-5-5	35.8-34.4	35.2	434(-14)																			晴		10.0	1.0	1.0	18.9	5.0	8	54.0	良	**	**		エンペザー																																											
2019102215	2022-07-16	3小倉5		9.0	都井岬特別(1勝クラス)								幸英明		芝2000				2:00.5	1.5		3-3-4-6	36.9-34.6	35.7	452(+18)																			晴		9.0	1.0	1.0	24.9	7.0	7	52.0	良	**	**		ラリュエル																																											
2019102215	2022-07-31	2新潟2		9.0	出雲崎特別(1勝クラス)								幸英明		芝1800				1:45.6	1.5		4-4	35.1-33.6	34.8	448(-4)																			晴		17.0	3.0	6.0	96.6	10.0	7	52.0	良	**	**		ジュンブロッサム																																											
2019102215	2022-11-19	5阪神5		12.0	3歳以上1勝クラス								幸英明		芝1600				1:36.8	1.1		9-10	35.2-35.3	33.6	434(-14)																			晴		18.0	5.0	10.0	73.6	15.0	16	54.0	良	**	**		レベレンシア																																											
2019102215	2023-04-16	1福島4		7.0	4歳以上1勝クラス								亀田温心		芝1200				1:10.9	0.2		11-10	33.8-36.9	36.1	450(+16)				120.0															晴		16.0	2.0	4.0	10.8	5.0	4	56.0	稍	**	**		ロゼクラン																																											
2019102215	2023-05-07	1新潟4		8.0	4歳以上1勝クラス								亀田温心		芝1400				1:26.8	1.1		8-9	35.0-38.4	38.6	456(+6)																			雨		16.0	2.0	4.0	8.8	5.0	12	56.0	不	**	**		バルタザール																																											
2019102215	2023-06-11	3阪神4		12.0	3歳以上1勝クラス								田口貫太		芝1400				1:22.0	0.1		7-6	33.4-37.2	35.8	452(-4)				320.0															曇		15.0	4.0	7.0	40.2	8.0	2	53.0	稍	**	**		マチカゼ																																											
2019102215	2023-06-24	3阪神7		8.0	3歳以上1勝クラス								田口貫太		芝1400				1:21.7	0.4		12-12	34.7-35.1	34.3	452(0)				80.0															曇		15.0	6.0	10.0	8.5	3.0	5	53.0	良	**	**		アスクビギンアゲン																																											
2019102215	2023-07-09	3中京4		9.0	タイランドC(1勝クラス)								池添謙一		芝1400				1:21.0	0.8		12-12	33.3-35.3	35.0	450(-2)				452.2															曇		18.0	7.0	13.0	22.3	8.0	2	56.0	稍	**	**		スズハローム																																											
2019102215	2023-10-08	2京都2		8.0	3歳以上1勝クラス								幸英明		芝1400				1:22.2	0.6		5-6	35.7-34.0	34.2	456(+6)				80.0															小雨		17.0	7.0	14.0	7.5	3.0	5	56.0	良	**	**		ケイデンシーマーク																																											
2019102215	2023-10-21	4新潟3		7.0	3歳以上1勝クラス								亀田温心		芝1400				1:22.4	0.3		13-12	34.1-36.2	35.7	444(-12)				100.0															小雨		18.0	4.0	8.0	17.2	6.0	4	56.0	重	**	**		ミッキーチャレンジ																																											
2019102215	2023-11-05	3京都2		12.0	3歳以上1勝クラス								幸英明		芝1400				1:21.2	0.2		7-7	35.2-34.3	33.8	450(+6)				200.0															晴		17.0	3.0	6.0	8.3	4.0	3	56.0	良	**	**		オードリーバローズ																																											
2019102215	2024-03-09	1中京1		12.0	4歳以上1勝クラス								秋山稔樹		芝1400				1:21.7	0.1		14-14	33.3-36.4	35.3	460(+10)				120.0															晴		18.0	3.0	5.0	3.8	1.0	4	55.0	良	**	**		スクルトゥーラ																																											
2019102215	2024-03-24	1中京6		8.0	4歳以上1勝クラス								秋山稔樹		芝1200				1:11.3	1.0		12-12	35.1-35.2	35.0	468(+8)																			小雨		16.0	6.0	12.0	5.6	3.0	6	55.0	重	**	**		アシャカタカ																																											
2019102215	2024-04-14	2阪神8		7.0	4歳以上1勝クラス								亀田温心		芝1600				1:34.2	0.6		5-6	35.2-34.7	34.4	466(-2)																			晴		17.0	8.0	17.0	8.3	4.0	9	56.0	良	**	**		ベルシャンブル																																											
2019102215	2024-10-06	4新潟2		7.0	3歳以上1勝クラス								秋山稔樹		芝1400				1:21.4	0.4		11-10	34.3-35.1	34.6	458(-8)				80.0															晴		18.0	6.0	12.0	17.1	7.0	5	56.0	良	**	**		メリージェーン																																											
2019102215	2024-10-26	4新潟7		9.0	柏崎特別(1勝クラス)								菊沢一樹		芝1600				1:34.5	0.4		11-11	35.7-33.8	33.5	452(-6)				170.0															晴		16.0	5.0	10.0	16.9	6.0	4	56.0	良	**	**		ツルマウカタチ																																											
2019102215	2024-12-15	4中京6		8.0	3歳以上1勝クラス								団野大成		芝1600				1:34.4	0.2		13-13-12	34.5-36.4	35.3	454(+2)				120.0															晴		16.0	7.0	13.0	6.3	3.0	4	56.0	良	**	**		サクラオーラ																																											
2019102215	2025-01-05	1中京1		12.0	4歳以上1勝クラス								団野大成		芝1600				1:35.0	0.2		8-8-8	35.5-35.2	34.7	454(0)				200.0															晴		16.0	1.0	2.0	11.3	6.0	3	56.0	良	**	**		オーシャントライブ																																											
2019102215	2025-01-19	1中京7		12.0	4歳以上1勝クラス								団野大成		芝1600				1:34.5	0.3		11-10-10	35.5-35.3	34.3	452(-2)				200.0															晴		16.0	5.0	9.0	5.1	2.0	3	56.0	良	**	**		オトコギアンパン																																											
2019102215	2025-03-16	1阪神6		7.0	4歳以上1勝クラス								幸英明		芝1600				1:34.9	0.6		4-4	35.0-35.3	35.6	454(+2)				120.0															雨		16.0	8.0	16.0	13.1	5.0	4	56.0	稍	**	**		ファーヴェント																																											
2019102215	2025-03-30	2阪神2		7.0	4歳以上1勝クラス								松山弘平		芝1400				1:21.5	0.4		7-5	33.8-35.7	35.3	454(0)																			曇		17.0	7.0	14.0	3.2	1.0	7	56.0	良	**	**		レディマリオン																																											
2019102215	2025-04-19	2阪神7		8.0	4歳以上1勝クラス								幸英明		芝1600				1:34.2	0.6		8-8	36.1-33.6	33.6	456(+2)																			晴		14.0	3.0	4.0	8.3	5.0	7	56.0	良	**	**		ダノンクロム																																											
2019102215	2025-05-31	2京都11		8.0	4歳以上1勝クラス								幸英明		芝1600				1:34.2	0.6		9-11	34.3-34.8	34.7	464(+8)																			曇		18.0	1.0	2.0	18.9	9.0	10	56.0	良	**	**		クスクス																																											
2019102215	2025-08-09	3中京5		12.0	3歳以上1勝クラス								酒井学		芝1600				1:33.1	0.7		9-9-9	35.1-33.8	33.8	458(-6)				200.0															晴		12.0	7.0	10.0	21.3	5.0	3	56.0	良	**	**		アイサンサン																																											
2019102215	2025-08-31	4中京4		8.0	3歳以上1勝クラス								酒井学		芝1600				1:32.5	1.2		11-13-12	34.2-34.4	34.2	462(+4)																			晴		16.0	8.0	16.0	15.5	5.0	6	56.0	良	**	**		グローリーリンク																																											
2019102215	2025-11-08	3福島1		7.0	3歳以上1勝クラス								亀田温心		芝1200				1:08.6	0.6		12-10	33.3-34.7	34.4	456(-6)																			晴		16.0	7.0	13.0	8.3	3.0	9	56.0	良	**	**		バシレイア																																											
2019102215	2025-12-21	5中京6		6.0	3歳以上1勝クラス								丸山元気		芝1600				1:36.3	0.2		10-11-11	35.5-35.7	34.8	456(0)				120.0															雨		16.0	3.0	6.0	17.6	7.0	4	56.0	稍	**	**		ノクナレア																																											
2019102215	2026-01-18	1京都7		12.0	4歳以上1勝クラス								松若風馬		芝1600				1:36.1	0.0		3-3	35.5-35.2	34.9	456(0)				820.0																																																									晴		8.0	3.0	3.0	13.2	4.0	1	56.0	良	**	**		(レッドフェルメール)	202608010712
2019102265	2021-11-07	5阪神2	晴	5.0	2歳新馬		7.0	1.0	1.0	29.9	6.0	3	松若風馬	55.0	芝2000		良	**	2:03.4	1.6	**	7-7-7-5	37.4-35.5	36.5	500(0)			ダノンブリザード	180.0																																																																							
2019102265	2021-11-28	5阪神8	晴	3.0	2歳未勝利		14.0	7.0	11.0	71.2	9.0	12	川須栄彦	55.0	芝2000		良	**	2:04.7	1.7	**	10-10-11-10	38.1-35.9	36.8	506(+6)			タイセイディバイン																																																																								
2019102265	2021-12-11	6中京3	晴	1.0	2歳未勝利		12.0	7.0	10.0	11.7	5.0	8	秋山稔樹	54.0	ダ1800		良	**	1:57.7	3.1	**	10-9-7-7	38.2-38.2	40.3	504(-2)			ハセドン																																																																								
2019102265	2022-04-03	2阪神4	曇	3.0	3歳未勝利		14.0	7.0	11.0	34.1	11.0	3	松本大輝	54.0	ダ2000		良	**	2:09.1	1.3	**	10-11-11-8	34.5-39.1	38.9	514(+10)			アトレイユ	130.0																																																																							
2019102265	2022-04-23	2阪神9	晴	4.0	3歳未勝利		10.0	4.0	4.0	32.7	5.0	3	小沢大仁	54.0	ダ2000		良	**	2:09.4	1.7	**	6-6-6-6	36.8-37.0	38.1	518(+4)			ハイエンド	130.0																																																																							
2019102265	2022-05-07	3中京1	晴	4.0	3歳未勝利		8.0	1.0	1.0	21.6	5.0	3	角田大河	53.0	ダ1900		良	**	2:02.6	2.7	**	6-6-6-6	30.6-38.0	39.8	516(-2)			グローツラング	130.0																																																																							
2019102265	2022-05-28	3中京7	晴	4.0	3歳未勝利		12.0	6.0	8.0	9.8	4.0	4	角田大河	53.0	ダ1900		重	**	2:00.7	0.4	**	10-11-7-7	30.4-38.9	38.6	518(+2)			テイエムシニスター	78.0																																																																							
2019102265	2022-06-11	4中京3	曇	3.0	3歳未勝利		12.0	7.0	10.0	7.9	6.0	1	松本大輝	54.0	ダ1900		良	**	2:01.4	-0.1	**	7-5-4-3	30.0-38.5	38.2	516(-2)			(ソリダリティ)	520.0																																																																							
2019102265	2023-01-22	1中京8	晴	7.0	4歳以上1勝クラス		12.0	2.0	2.0	9.6	3.0	1	酒井学	57.0	ダ1900		良	**	2:02.3	-0.2	**	8-8-7-7	30.1-40.1	39.6	522(+6)			(ブラジリアンソング)	800.0																																																																							
2019102265	2023-01-28	1東京1	晴	8.0	4歳以上2勝クラス		16.0	7.0	14.0	16.8	7.0	11	三浦皇成	57.0	ダ2100		良	**	2:14.5	3.3	**	5-8-10-11	30.6-36.7	38.9	518(-4)			ホウオウバリスタ																																																																								
2019102265	2023-03-26	2中京6	小雨	10.0	天白川特別(2勝クラス)		13.0	5.0	7.0	22.5	8.0	4	松本大輝	58.0	ダ1900		不	**	1:58.7	0.4	**	4-4-5-5	29.9-37.2	37.2	522(+4)			セブンスレター	230.0																																																																							
2019102265	2023-04-15	2阪神7	雨	8.0	4歳以上2勝クラス		7.0	7.0	7.0	6.1	3.0	5	酒井学	58.0	ダ2000		不	**	2:06.0	1.4	**	5-5-5-5	35.9-36.4	37.0	524(+2)			リチュアル	114.0																																																																							
2019102265	2023-07-02	3中京2	晴	10.0	日進特別(2勝クラス)		16.0	4.0	8.0	14.4	6.0	3	酒井学	58.0	ダ1800		稍	**	1:53.3	0.7	**	7-7-8-9	36.4-39.3	39.1	520(-4)			マルカアトラス	395.5																																																																							
2019102265	2023-07-15	3中京5	晴	10.0	大府特別(2勝クラス)		16.0	3.0	6.0	33.9	9.0	7	酒井学	58.0	ダ1800		良	**	1:54.5	1.6	**	7-7-6-8	37.2-37.4	38.5	520(0)			ゼットリアン																																																																								
2019102265	2023-10-21	2京都6	曇	9.0	北國新聞杯(2勝クラス)		16.0	5.0	10.0	37.1	6.0	8	松本大輝	58.0	ダ1900		良	**	2:01.9	2.3	**	10-8-8-9	29.5-38.6	40.0	522(+2)			イーサンバーニング																																																																								
2019102265	2023-12-02	4中京1	晴	9.0	犬山特別(2勝クラス)		16.0	4.0	8.0	18.5	7.0	3	松本大輝	58.0	ダ1900		良	**	2:00.4	0.3	**	8-9-9-9	30.1-37.7	37.0	520(-2)			アースライザー	395.8																																																																							
2019102265	2023-12-16	5阪神5	小雨	9.0	境港特別(2勝クラス)		16.0	2.0	3.0	19.7	5.0	5	酒井学	58.0	ダ2000		稍	**	2:06.9	1.2	**	9-9-10-7	35.3-38.8	39.1	522(+2)			ダディーズウォリア	155.0																																																																							
2019102265	2024-03-16	1中京3	晴	9.0	弥富特別(2勝クラス)		16.0	2.0	3.0	20.5	7.0	5	松本大輝	56.0	ダ1900		良	**	2:00.4	1.2	**	9-9-9-9	30.6-36.9	37.2	526(+4)			メイショウコガシラ	155.0																																																																							
2019102265	2024-03-24	1中京6	小雨	10.0	ロードカナロアC(2勝クラス)		16.0	5.0	10.0	18.9	8.0	15	池添謙一	58.0	ダ1800		重	**	1:52.7	2.3	**	10-10-4-8	36.7-36.6	38.7	520(-6)			サンテックス																																																																								
2019102265	2024-06-09	3東京4	曇	9.0	八王子特別(2勝クラス)		12.0	3.0	3.0	16.7	7.0	10	北村友一	58.0	ダ2100		良	**	2:13.1	2.3	**	4-5-6-6	30.2-39.6	39.6	518(-2)			ベルウッドグラス																																																																								
2019102265	2024-09-29	3中京9	曇	8.0	3歳以上2勝クラス		16.0	1.0	1.0	44.3	10.0	7	松本大輝	57.0	ダ1900		重	**	1:59.7	1.4	**	12-12-11-11	29.4-37.8	38.2	522(+4)			リューデスハイム																																																																								
2019102265	2024-12-07	4中京3	曇	10.0	鳴海特別(2勝クラス)		16.0	6.0	12.0	192.6	15.0	8	松本大輝	58.0	ダ1800		良	**	1:53.1	1.1	**	15-15-16-15	37.2-36.9	36.4	528(+6)			スナークラファエロ																																																																								
2019102265	2025-01-18	1中京6	晴	9.0	濃尾特別(2勝クラス)		16.0	1.0	1.0	127.6	13.0	7	松本大輝	58.0	ダ1800		良	**	1:54.7	0.6	**	13-14-15-15	37.8-36.7	36.4	532(+4)			マーブルマウンテン																																																																								
2019102265	2025-03-23	2中京4	晴	10.0	弥富特別(2勝クラス)		16.0	6.0	12.0	37.9	11.0	12	小沢大仁	55.0	ダ1900		良	**	2:01.0	1.8	**	6-6-9-9	30.2-39.5	39.5	530(-2)			アスクデビューモア																																																																								
2019102265	2025-04-06	2阪神4	晴	7.0	4歳以上2勝クラス		10.0	5.0	5.0	36.8	8.0	5	酒井学	58.0	ダ1800		良	**	1:54.6	1.1	**	8-8-8-7	37.4-38.7	39.1	530(0)			ペンナヴェローチェ	114.0																																																																							
2019102265	2025-08-24	4中京2	晴	10.0	大府特別(2勝クラス)		16.0	3.0	6.0	69.9	13.0	14	酒井学	58.0	ダ1800		良	**	1:55.4	2.5	**	9-9-8-10	37.3-38.9	38.7	526(-4)			パカーラン																																																																								
2019102265	2025-09-28	4阪神9	曇	12.0	3歳以上2勝クラス		14.0	3.0	4.0	67.0	9.0	11	酒井学	58.0	ダ2000		良	**	2:07.9	2.2	**	6-6-6-5	35.6-38.2	39.5	526(0)			シャルクハフト																																																																								
2019102265	2025-11-01	高知	晴	3.0	C3ー3		12.0	3.0	3.0	1.8	1.0	1	山崎雅由	57.0	ダ1400		不	**	1:30.8	-0.6	**	4-3-2-2		38.6	548(+22)			(アクアマリンブルー)	60.0																																																																							
2019102265	2025-11-15	高知	晴	3.0	C2ー8		8.0	5.0	5.0	1.2	1.0	1	山崎雅由	57.0	ダ1600		重	**	1:46.5	-1.0	**	4-4-4-1		39.0	544(-4)			(キンセンオー)	70.0																																																																							
2019102265	2025-11-29	高知	晴	11.0	小雪特別(C2)		9.0	6.0	6.0	1.6	1.0	3	山崎雅由	57.0	ダ1400		良	**	1:33.4	0.3	**	3-3-3-5		41.0	546(+2)			ベストディシジョン	32.5																																																																							
2019102265	2025-12-13	高知	小雨	11.0	年の瀬特別(C2)		12.0	4.0	4.0	3.9	2.0	4	山崎雅由	57.0	ダ1400		良	**	1:33.4	0.8	**	7-7-4-5		40.4	549(+3)			ジャスパージャック	19.5																																																																							
2019102265	2025-12-28	高知	晴	4.0	馬産地日高特別(C2)		10.0	8.0	10.0	1.6	1.0	1	山崎雅由	57.0	ダ1600		良	**	1:48.5	-0.9	**	4-4-4-3		39.7	547(-2)			(ビッキーファースト)	70.0																																																																							
2019102265	2026-01-13	高知	晴	6.0	C1ー4		6.0	5.0	5.0	1.3	1.0	1	山崎雅由	57.0	ダ1600		良		1:46.4	-0.6		1-1-1-1		39.5	549(+2)			(ポピュラーソング)	90.0																																																																							
2019102273	2021-07-17	1福島5		5.0	2歳新馬								木幡育也		芝1800				1:51.9	0.3		8-9-7-7	37.9-35.1	34.8	472(0)				70.0																													晴		13.0	2.0	2.0	112.0	12.0	5	53.0	良	**	**		セプテンベル																													
2019102273	2021-08-15	4新潟2		3.0	2歳未勝利								木幡育也		芝1600				1:36.1	0.8		13-13	35.9-34.5	34.3	458(-14)				77.0																													曇		14.0	8.0	13.0	32.1	8.0	4	53.0	稍	**	**		リアグラシア																													
2019102273	2022-03-05	2中山3		5.0	3歳未勝利								江田照男		芝1600				1:35.8	0.4		4-4-4	35.6-35.5	35.6	460(+2)				130.0																													晴		16.0	6.0	12.0	10.3	4.0	3	54.0	良	**	**		クイーンドライヴ																													
2019102273	2022-03-26	3中山1		4.0	3歳未勝利								江田照男		芝1600				1:36.5	1.0		5-6-6	35.8-35.3	35.6	464(+4)																																	小雨		15.0	4.0	8.0	12.1	6.0	9	54.0	良	**	**		サンクション																													
2019102273	2022-04-23	2東京1		1.0	3歳未勝利								江田照男		ダ1600				1:39.9	2.3		5-3	35.0-37.6	39.5	460(-4)																																	晴		16.0	1.0	2.0	7.0	3.0	9	54.0	重	**	**		ラズライト																													
2019102273	2022-05-15	1新潟4		1.0	3歳未勝利								横山琉人		ダ1200				1:13.2	0.7		3-2	33.8-38.7	39.2	456(-4)				52.0																													晴		15.0	6.0	10.0	7.3	4.0	5	51.0	稍	**	**		ヴァーチュアス																													
2019102273	2022-06-18	1函館3		3.0	3歳未勝利								丸山元気		ダ1000				1:00.5	1.4		7-7	35.0-35.9	36.4	462(+6)																																	曇		12.0	7.0	9.0	34.4	7.0	7	54.0	良	**	**		ルアル																													
2019102273	2022-07-23	1札幌1		4.0	3歳未勝利								丸山元気		芝1200				1:10.0	-0.2		5-5	34.0-36.0	35.4	466(+4)				520.0																													曇		16.0	6.0	11.0	36.5	10.0	1	54.0	稍	**	**		(マヒナライズ)																													
2019102273	2022-09-04	2札幌8		6.0	3歳以上1勝クラス								西塚洸二		芝1200				1:09.4	-0.2		14-12	34.2-35.2	34.1	486(+20)				770.0																													晴		16.0	5.0	10.0	13.1	5.0	1	50.0	良	**	**		(トーホウデュラン)																													
2019102273	2022-10-01	4中山8		10.0	勝浦特別(2勝クラス)								丸山元気		芝1200				1:08.0	0.3		4-3	33.4-34.3	34.1	470(-16)				609.6																													晴		14.0	6.0	9.0	11.5	6.0	2	53.0	良	**	**		サトノレーヴ																													
2019102273	2023-06-10	1函館1		11.0	函館日刊スポーツ杯(2勝クラス)								横山武史		芝1200				1:08.5	-0.1		6-6	33.0-35.5	34.8	480(+10)				1577.3																													晴		13.0	5.0	6.0	2.9	1.0	1	56.0	良	**	**		(クラリティスケール)																													
2019102273	2023-07-01	2函館1		11.0	TVh杯(3勝クラス)								横山武史		芝1200				1:09.3	-0.1		9-10	34.0-35.3	34.6	484(+4)				1873.6																													晴		16.0	5.0	9.0	1.9	1.0	1	54.0	良	**	**		(ドロップオブライト)																													
2019102273	2023-09-10	4阪神2		11.0	産経賞セントウルS(GII)								鮫島克駿		芝1200				1:08.0	0.8		2-2	33.5-33.7	34.3	484(0)																																	曇		15.0	8.0	15.0	32.5	11.0	11	55.0	良	**	**		テイエムスパーダ																													
2019102273	2024-01-08	1中山3		11.0	カーバンクルS(OP)								横山武史		芝1200				1:07.9	0.1		12-12	33.1-34.7	33.7	488(+4)				350.0																													晴		16.0	6.0	12.0	4.8	2.0	4	55.0	良	**	**		シュバルツカイザー																													
2019102273	2024-04-07	1福島2		11.0	モルガナイトS(OP)								丸山元気		芝1200				1:08.0	0.3		3-3	33.0-34.7	34.6	478(-10)				930.2																													晴		16.0	3.0	6.0	10.2	3.0	2	55.0	良	**	**		アサカラキング																													
2019102273	2024-06-22	1函館5		11.0	青函S(OP)								横山武史		芝1200				1:08.8	0.0		6-5	34.6-34.2	33.6	490(+12)				2336.4																													曇		16.0	4.0	8.0	3.8	2.0	1	55.0	良	**	**		(カンティーユ)																													
2019102273	2024-08-25	2札幌6		11.0	キーンランドC(GIII)								ルメール		芝1200				1:08.2	0.3		11-11	33.6-34.3	33.8	492(+2)				650.0																													晴		16.0	2.0	4.0	11.7	4.0	4	55.0	良	**	**		サトノレーヴ																													
2019102273	2024-10-05	5京都1		11.0	夕刊フジ杯オパールS(L)								丸山元気		芝1200				1:08.1	0.7		9-11	33.3-34.1	34.0	486(-6)																																	晴		18.0	8.0	16.0	19.1	9.0	11	55.0	良	**	**		ビッグシーザー																													
2019102273	2025-01-18	1中山6		11.0	カーバンクルS(OP)								横山武史		芝1200				1:07.7	0.3		8-5	33.2-34.2	33.8	494(+8)				230.0																													晴		16.0	2.0	3.0	13.5	7.0	5	55.0	良	**	**		エイシンフェンサー																													
2019102273	2025-03-23	2中京4		11.0	愛知杯(GIII)								荻野極		芝1400				1:20.8	0.6		10-11	32.7-36.0	35.5	486(-8)																																	晴		18.0	5.0	10.0	45.0	14.0	7	55.0	良	**	**		ワイドラトゥール																													
2019102273	2025-06-14	1函館1		11.0	函館スプリントS(GIII)								佐々木大		芝1200				1:07.2	0.6		10-9	32.5-34.1	33.6	488(+2)																																	曇		16.0	8.0	15.0	31.5	8.0	9	55.0	良	**	**		カピリナ																													
2019102273	2025-06-28	1函館5		11.0	青函S(OP)								横山武史		芝1200				1:08.6	0.5		5-4	33.3-34.8	34.7	494(+6)				230.0																													晴		16.0	2.0	4.0	5.4	2.0	5	55.0	良	**	**		エーティーマクフィ																													
2019102273	2025-08-24	2札幌2		11.0	キーンランドC(GIII)								ルメール		芝1200				1:08.8	0.6		13-14	33.6-34.6	34.1	496(+2)																																	晴		16.0	5.0	9.0	9.3	5.0	9	55.0	良	**	**		パンジャタワー																													
2019102273	2026-01-17	1中山6		11.0	カーバンクルS(OP)								津村明秀		芝1200				1:07.6	0.2		8-8	33.7-33.7	33.2	492(-4)				350.0																													晴		16.0	3.0	6.0	32.9	11.0	4	54.0	良				ウイングレイテスト																													
2019102493	2021-10-30	4東京7	晴	4.0	2歳新馬		14.0	6.0	9.0	6.8	4.0	6	田辺裕信	54.0	芝1400		良	**	1:23.4	0.8	**	4-6	36.2-34.3	34.7	460(0)			アインシュペンナー																																																																								
2019102493	2021-12-05	5中山2	晴	3.0	2歳未勝利		16.0	2.0	4.0	4.6	2.0	6	田辺裕信	54.0	芝1600		良	**	1:35.2	0.4	**	14-12-10	35.4-35.5	35.0	446(-14)			フィールシンパシー																																																																								
2019102493	2021-12-28	5中山9	晴	4.0	2歳未勝利		16.0	4.0	8.0	18.2	5.0	6	田辺裕信	54.0	芝1800		良	**	1:51.4	1.1	**	6-6-7-6	37.4-35.0	35.5	440(-6)			レッドモンレーヴ																																																																								
2019102493	2022-02-13	1東京6	雨	5.0	3歳未勝利		16.0	1.0	1.0	66.0	8.0	9	田辺裕信	54.0	芝1800		良	**	1:49.1	1.8	**	8-9-9	36.5-34.9	35.5	434(-6)			ローシャムパーク																																																																								
2019102493	2022-05-01	1福島6	曇	2.0	3歳未勝利		13.0	6.0	9.0	15.4	6.0	4	丸山元気	54.0	芝1800		稍	**	1:50.8	0.7	**	6-6-4-5	35.6-35.7	35.9	424(-10)			アイキャンドウイッ	78.0																																																																							
2019102493	2022-05-21	1新潟5	曇	5.0	3歳未勝利		16.0	5.0	9.0	9.0	6.0	1	丸山元気	54.0	芝1800		良	**	1:48.9	-0.1	**	11-11	36.1-35.2	34.0	424(0)			(ナイルプロジェクト)	520.0																																																																							
2019102493	2022-11-13	3福島4	曇	8.0	3歳以上1勝クラス		16.0	3.0	5.0	30.6	11.0	15	丸山元気	53.0	芝1800		良	**	1:51.4	1.2	**	8-7-7-6	37.3-35.4	36.0	446(+22)			パトリックハンサム																																																																								
2019102493	2022-12-10	6中京3	晴	7.0	3歳以上1勝クラス		15.0	4.0	6.0	276.2	13.0	11	幸英明	54.0	芝2000		良	**	2:01.6	1.7	**	10-10-9-9	36.0-34.2	35.2	436(-10)			ロマンシングブルー																																																																								
2019102493	2023-03-19	2中京4	晴	6.0	4歳以上1勝クラス		16.0	7.0	14.0	171.1	15.0	16	幸英明	56.0	芝1600		稍	**	1:37.8	2.0	**	16-14-14	36.1-35.1	35.6	434(-2)			ダノンソフィア																																																																								
2019102493	2023-05-07	1新潟4	雨	8.0	4歳以上1勝クラス		16.0	7.0	13.0	63.7	13.0	15	永島まな	53.0	芝1400		不	**	1:27.1	1.4	**	11-14	35.0-38.4	38.7	444(+10)			バルタザール																																																																								
2019102493	2023-08-12	3新潟1	曇	8.0	3歳以上1勝クラス		15.0	7.0	13.0	209.3	15.0	8	野中悠太	56.0	ダ1800		良	**	1:55.1	1.8	**	8-9-8-7	37.1-38.3	39.0	446(+2)			モルチャン																																																																								
2019102493	2023-11-19	5東京6	晴	6.0	3歳以上1勝クラス		16.0	8.0	16.0	166.4	11.0	5	吉田豊	56.0	ダ1600		稍	**	1:37.6	0.6	**	10-8	35.5-36.3	36.3	464(+18)			タマモロック	80.0																																																																							
2019102493	2023-11-25	5東京7	曇	6.0	3歳以上1勝クラス		15.0	6.0	12.0	67.9	11.0	4	ドイル	56.0	ダ1600		良	**	1:37.7	0.3	**	9-9	34.9-37.3	36.3	456(-8)			オソルノ	120.0																																																																							
2019102493	2024-02-04	1東京4	曇	4.0	4歳以上1勝クラス		15.0	4.0	6.0	7.8	4.0	1	吉田豊	56.0	ダ1600		良	**	1:38.9	-0.3	**	12-12	35.8-37.0	35.9	464(+8)			(ファミリークレスト)	800.0																																																																							
2019102493	2024-02-18	1東京8	晴	12.0	大島特別(2勝クラス)		16.0	4.0	8.0	46.4	12.0	6	吉田豊	56.0	ダ1400		良	**	1:25.3	1.0	**	13-13	35.3-37.1	36.0	464(0)			エミサキホコル																																																																								
2019102493	2024-04-21	2東京2	曇	12.0	4歳以上2勝クラス		13.0	1.0	1.0	28.7	6.0	9	吉田豊	56.0	ダ1600		良	**	1:39.1	1.5	**	9-7	35.5-36.2	36.8	448(-16)			ウェイワードアクト																																																																								
2019102493	2024-05-19	2東京10	曇	12.0	三峰山特別(2勝クラス)		15.0	4.0	7.0	26.0	10.0	9	吉田豊	56.0	ダ1600		良	**	1:38.3	1.1	**	13-13	36.4-35.9	35.7	464(+16)			マウントベル																																																																								
2019102493	2024-06-01	3東京1	晴	8.0	3歳以上2勝クラス		16.0	4.0	7.0	68.9	12.0	4	吉田豊	56.0	ダ1600		重	**	1:36.4	0.6	**	14-16	35.1-36.2	35.2	468(+4)			フェブランシェ	170.0																																																																							
2019102493	2024-06-22	3東京7	晴	10.0	日野特別(2勝クラス)		16.0	3.0	5.0	145.5	11.0	14	吉田豊	56.0	ダ1600		重	**	1:37.3	2.2	**	16-15	35.0-36.5	36.5	476(+8)			アッシュルバニパル																																																																								
2019102493	2024-11-09	5東京3	晴	8.0	3歳以上2勝クラス		13.0	8.0	12.0	143.2	11.0	7	吉田豊	56.0	ダ1600		良	**	1:38.4	2.1	**	11-11	35.8-35.6	36.5	464(-12)			ウィンドフォール																																																																								
2019102493	2024-11-30	4中京1	晴	9.0	犬山特別(2勝クラス)		16.0	4.0	8.0	139.5	13.0	3	高杉吏麒	56.0	ダ1800		良	**	1:53.4	0.4	**	11-12-11-10	37.7-37.6	37.1	454(-10)			メイショウポペット	395.0																																																																							
2019102493	2025-01-18	1中山6	晴	7.0	4歳以上2勝クラス		13.0	6.0	8.0	15.6	5.0	1	キング	56.0	ダ1800		良	**	1:54.7	-0.2	**	3-3-6-3	38.0-38.8	38.4	470(+16)			(グレノークス)	1140.0																																																																							
2019102493	2025-02-01	1東京1	晴	9.0	白嶺S(3勝クラス)		16.0	7.0	14.0	71.0	13.0	10	原優介	52.0	ダ1600		良	**	1:37.6	0.9	**	4-3	35.8-36.1	36.5	474(+4)			タガノエスコート																																																																								
2019102493	2025-04-06	3中山4	晴	10.0	アリエスS(3勝クラス)		16.0	8.0	15.0	66.2	12.0	6	内田博幸	56.0	ダ1800		稍	**	1:53.1	1.2	**	12-12-15-14	36.0-37.8	37.8	466(-8)			マンマリアーレ																																																																								
2019102493	2025-05-03	1新潟1	晴	11.0	三条S(3勝クラス)		15.0	8.0	15.0	95.6	15.0	13	柴田大知	56.0	ダ1800		稍	**	1:53.9	1.6	**	15-15-15-14	37.9-37.3	37.2	466(0)			アピーリングルック																																																																								
2019102496	2021-08-08	3新潟6		5.0	2歳新馬								福永祐一		芝2000				2:03.8	0.1		7-8-10-7	35.6-35.3	34.8	482(0)				180.0	曇		12.0	1.0	1.0	8.3	3.0	3	54.0	良	**	**		リブースト																																																									
2019102496	2021-10-02	5中京8		2.0	2歳未勝利								福永祐一		芝2000				2:01.5	0.6		5-5-5-5	36.8-36.3	36.3	466(-16)				130.0	晴		9.0	1.0	1.0	6.9	3.0	3	55.0	良	**	**		ダンテスヴュー																																																									
2019102496	2021-10-17	4阪神4		3.0	2歳未勝利								吉田隼人		芝1800				1:48.4	0.6		7-6	35.4-36.4	36.5	466(0)				77.0	晴		9.0	2.0	2.0	7.9	4.0	4	55.0	稍	**	**		モズタンジロウ																																																									
2019102496	2022-03-21	2中京4		5.0	3歳未勝利								福永祐一		芝2000				2:01.9	0.2		9-9-7-5	36.4-36.2	36.0	472(+6)				130.0	晴		17.0	7.0	14.0	5.7	3.0	3	56.0	良	**	**		ストップザタイム																																																									
2019102496	2022-05-01	2阪神12		4.0	3歳未勝利								福永祐一		芝2400				2:29.6	0.0		6-6-5-5	37.0-36.5	36.2	464(-8)				520.0	曇		12.0	4.0	4.0	3.6	2.0	1	56.0	稍	**	**		(クロスオブゴールド)																																																									
2019102496	2022-07-10	3小倉4		9.0	タイランドC(1勝クラス)								福永祐一		芝2600				2:37.8	-0.2		4-4-2-1	36.1-34.9	34.7	452(-12)				1098.7	晴		13.0	6.0	8.0	4.4	2.0	1	54.0	良	**	**		(ミステリーウェイ)																																																									
2019102496	2023-05-14	1京都8		9.0	白川特別(2勝クラス)								幸英明		芝2400				2:27.8	0.6		4-4-4-4	35.5-35.7	36.0	474(+22)					曇		8.0	3.0	3.0	5.9	4.0	7	58.0	稍	**	**		サンセットクラウド																																																									
2019102496	2023-06-11	3阪神4		9.0	三田特別(2勝クラス)								藤岡康太		芝2400				2:32.1	3.6		8-7-7-7	37.8-37.6	40.4	470(-4)					曇		13.0	8.0	12.0	2.9	1.0	12	58.0	稍	**	**		イヤサカ																																																									
2019102496	2023-09-17	4阪神4		9.0	兵庫特別(2勝クラス)								モレイラ		芝2400				2:26.4	2.2		3-4-5-5	37.6-34.2	35.8	466(-4)					晴		11.0	5.0	5.0	19.5	7.0	8	58.0	良	**	**		ライリッズ																																																									
2019102496	2023-10-01	4阪神9		9.0	武田尾特別(2勝クラス)								秋山真一		芝1800				1:46.9	0.6		6-6	35.6-34.3	34.5	470(+4)					曇		11.0	5.0	6.0	77.2	10.0	8	58.0	稍	**	**		ヨリマル																																																									
2019102496	2024-02-10	2京都5		12.0	4歳以上2勝クラス								Ｍ．デム		ダ1900				2:03.1	3.9		5-5-5-5	29.7-37.6	41.1	480(+10)					曇		14.0	3.0	3.0	89.6	13.0	14	58.0	良	**	**		エクセスリターン																																																									
2019102496	2024-03-02	1阪神3		9.0	千里山特別(2勝クラス)								国分優作		芝2000				2:02.3	2.1		4-4-5-5	36.2-36.4	38.1	480(0)					曇		8.0	2.0	2.0	152.0	8.0	7	58.0	稍	**	**		アスクオンディープ																																																									
2019102496	2024-06-30	3小倉2		9.0	柳川特別(2勝クラス)								藤懸貴志		芝1800				1:50.6	1.6		10-10-10-9	35.8-37.6	37.8	468(-12)					曇		10.0	1.0	1.0	56.4	8.0	6	58.0	稍	**	**		グランデサラス																																																									
2019102496	2024-07-21	3小倉8		9.0	宗像特別(2勝クラス)								藤懸貴志		芝2000				2:01.5	0.9		12-13-12-13	35.0-37.0	36.7	466(-2)					曇		18.0	5.0	10.0	245.7	17.0	8	58.0	良	**	**		ファベル																																																									
2019102496	2024-08-31	3新潟7		10.0	赤倉特別(2勝クラス)								松岡正海		芝2000				2:02.1	1.2		3-3	36.8-35.3	36.3	472(+6)					曇		12.0	7.0	9.0	57.7	10.0	8	58.0	稍	**	**		コスモシャングリラ																																																									
2019102496	2024-09-21	4中山6		10.0	九十九里特別(2勝クラス)								藤懸貴志		芝2500				2:31.2	0.6		11-11-11-10	30.2-34.9	34.7	464(-8)				155.0	曇		11.0	7.0	9.0	108.7	10.0	5	58.0	良	**	**		アドマイヤサジー																																																									
2019102496	2024-10-14	4東京4		7.0	3歳以上2勝クラス								藤懸貴志		芝2500				2:34.8	0.5		4-4-5-5	31.6-33.9	33.8	468(+4)					晴		7.0	3.0	3.0	28.7	6.0	7	58.0	良	**	**		リンフレスカンテ																																																									
2019102496	2024-12-22	5中山8		9.0	グッドラックH(2勝クラス)								藤懸貴志		芝2500				2:36.2	4.0		15-15-15-15	30.6-36.4	38.6	470(+2)					晴		16.0	1.0	1.0	73.6	13.0	16	55.0	良	**	**		スティンガーグラス																																																									
2019102496	2025-01-11	1中京3		9.0	渥美特別(2勝クラス)								藤懸貴志		芝2000				2:03.0	1.3		10-10-10-11	36.8-35.2	35.7	470(0)					晴		13.0	6.0	9.0	229.2	11.0	9	58.0	良	**	**		パワーホール																																																									
2019102521	2022-01-23	1中京8		6.0	3歳新馬								武豊		芝1600				1:37.7	0.3		2-1-1	36.5-35.1	35.4	518(0)					曇		16.0	5.0	9.0	16.1	5.0	7	56.0	良	**	**		キタサンシュガー																																																									
2019102521	2022-02-05	1中京11		2.0	3歳未勝利								武豊		ダ1400				1:25.1	-0.2		1-1	34.8-38.1	38.1	512(-6)				520.0	曇		16.0	1.0	1.0	3.8	2.0	1	56.0	良	**	**		(メイショウキッド)																																																									
2019102521	2022-04-16	2阪神7		6.0	3歳1勝クラス								武豊		ダ1200				1:13.1	1.3		5-6	34.6-37.2	38.0	512(0)				75.0	晴		16.0	2.0	4.0	6.6	3.0	5	56.0	稍	**	**		クロジシジョー																																																									
2019102521	2022-05-08	3中京2		6.0	3歳1勝クラス								角田大河		ダ1400				1:24.5	-0.2		2-2	34.5-37.9	37.9	508(-4)				750.0	晴		12.0	8.0	12.0	2.8	1.0	1	53.0	良	**	**		(フォーチュンテラー)																																																									
2019102521	2022-05-15	2東京8		10.0	青竜S(OP)								武豊		ダ1600				1:38.5	3.0		4-3	35.0-36.4	39.1	508(0)					曇		13.0	8.0	13.0	46.8	10.0	12	56.0	稍	**	**		ハセドン																																																									
2019102521	2022-06-19	3東京6		11.0	ユニコーンS(GIII)								石橋脩		ダ1600				1:37.8	2.6		2-2	34.3-36.9	39.3	510(+2)					晴		15.0	5.0	9.0	210.4	15.0	14	56.0	良	**	**		ペイシャエス																																																									
2019102521	2022-11-27	5阪神8		8.0	3歳以上2勝クラス								角田大河		ダ1400				1:25.2	1.2		2-2	34.2-37.8	38.9	514(+4)					晴		16.0	2.0	4.0	5.1	2.0	6	54.0	稍	**	**		プライムライン																																																									
2019102521	2022-12-18	6阪神6		9.0	高砂特別(2勝クラス)								武豊		ダ1200				1:12.1	0.1		1-1	35.0-37.0	37.1	514(0)				610.4	晴		16.0	6.0	12.0	3.6	2.0	2	56.0	良	**	**		ラヴケリー																																																									
2019102521	2023-01-05	1中山1		8.0	4歳以上2勝クラス								武豊		ダ1200				1:11.3	0.2		2-2	33.6-37.5	37.5	514(0)				460.0	晴		15.0	5.0	9.0	4.1	2.0	2	58.0	良	**	**		スズカコテキタイ																																																									
2019102521	2023-01-28	1中京9		8.0	4歳以上2勝クラス								松山弘平		ダ1200				1:12.0	0.0		3-2	34.5-37.5	37.1	522(+8)				460.0	晴		15.0	6.0	12.0	2.5	1.0	2	58.0	良	**	**		ストームゾーン																																																									
2019102521	2023-02-26	1阪神6		12.0	4歳以上2勝クラス								幸英明		ダ1200				1:12.3	0.7		3-2	35.0-36.6	36.9	524(+2)				170.0	曇		16.0	8.0	16.0	1.7	1.0	4	58.0	稍	**	**		クレア																																																									
2019102521	2023-04-23	1京都2		12.0	4歳以上2勝クラス								武豊		ダ1200				1:12.1	0.1		1-1	34.9-37.1	37.2	520(-4)				460.0	晴		16.0	1.0	1.0	3.0	1.0	2	58.0	良	**	**		ナムラフランク																																																									
2019102521	2023-05-13	1京都7		12.0	4歳以上2勝クラス								武豊		ダ1200				1:11.8	-0.1		2-2	35.9-35.9	35.7	522(+2)				1140.0	雨		15.0	7.0	12.0	2.3	1.0	1	58.0	良	**	**		(ルアル)																																																									
2019102521	2023-06-11	3阪神4		10.0	安芸S(3勝クラス)								酒井学		ダ1200				1:11.0	0.2		2-2	34.7-36.1	36.1	526(+4)					曇		16.0	8.0	16.0	6.0	5.0	6	55.0	重	**	**		ファーンヒル																																																									
2019102521	2023-12-09	5中山3		10.0	アクアラインS(3勝クラス)								石橋脩		ダ1200				1:11.0	0.3		2-2	34.0-36.7	36.9	528(+2)				464.9	晴		16.0	6.0	11.0	13.5	4.0	3	55.0	良	**	**		オメガシンフォニー																																																									
2019102521	2023-12-24	5中山8		12.0	フェアウェルS(3勝クラス)								松山弘平		ダ1200				1:10.9	0.6		2-1	33.5-36.8	37.4	528(0)					晴		16.0	1.0	1.0	9.9	5.0	9	58.0	良	**	**		メズメライザー																																																									
2019102521	2024-03-17	1阪神8		10.0	鳴門S(3勝クラス)								武豊		ダ1400				1:25.5	1.5		1-1	35.4-36.4	37.9	524(-4)					雨		11.0	5.0	5.0	11.6	5.0	8	58.0	稍	**	**		ロードアウォード																																																									
2019102521	2024-05-19	3京都10		11.0	高瀬川S(3勝クラス)								酒井学		ダ1400				1:26.7	2.9		7-12	34.4-37.2	39.4	526(+2)					小雨		16.0	7.0	13.0	33.5	10.0	16	55.0	良	**	**		エルゲルージ																																																									
2019102521	2024-11-02	6京都1		10.0	貴船S(3勝クラス)								シュタル		ダ1200				1:12.7	2.5		3-4	34.5-35.7	37.8	520(-6)					雨		16.0	3.0	5.0	28.8	9.0	14	55.0	不	**	**		インユアパレス																																																									
2019102521	2024-12-22	5中山8		12.0	フェアウェルS(3勝クラス)								幸英明		ダ1200				1:12.7	1.9		13-13	33.3-37.5	37.9	522(+2)					晴		16.0	1.0	1.0	63.6	10.0	13	58.0	良	**	**		ケイアイアニラ																																																									
2019102521	2025-01-29	姫路		11.0	神戸ビーフ特別A1A(A1A2)								廣瀬航		ダ1400				1:32.9	-0.2		2-2-2-2		40.8	520(-2)				270.0	晴		10.0	8.0	12.0	3.8	2.0	1	56.0	良	**	**		(アウグスト)																																																									
2019102521	2025-02-26	姫路		11.0	ひょうご雪姫ポーク特(A1)								廣瀬航		ダ1500				1:38.6	-0.1		2-2-2-2		39.2	515(-5)				270.0	晴		8.0	8.0	8.0	1.9	1.0	1	57.0	良	**	**		(サンライズラポール)																																																									
2019102521	2025-03-27	園田		11.0	ひめたんお誕生日記念(A1A2)								廣瀬航		ダ1400				1:29.9	0.5		3-3-3-2		39.5	517(+2)				40.5	曇		12.0	3.0	3.0	3.1	1.0	4	57.0	良	**	**		フクノユリディズ																																																									
2019102521	2025-05-05	園田		11.0	兵庫大賞典(重賞)								廣瀬航		ダ1400				1:30.1	0.9		3-3-4-4		39.7	518(+1)					晴		10.0	8.0	10.0	21.4	4.0	7	57.0	良	**	**		イグナイター																																																									
2019102521	2025-07-03	園田		11.0	DASH観音寺特別A(A1A2)								廣瀬航		ダ1400				1:31.9	3.0		4-4-6-4		41.2	523(+5)					曇		12.0	6.0	8.0	9.9	4.0	11	57.0	良	**	**		エイシンレジューム																																																									
2019102521	2026-01-11	佐賀		3.0	ゴールドスプリント(重賞)								石川慎将		ダ1300				1:21.9	1.2		3-3-1-1		38.6	530(+7)				140.0	曇		11.0	2.0	2.0	113.3	9.0	3	56.0	良	**	**		ミスズグランドオー																																																									
2019102576	2021-09-18	5中京3		5.0	2歳新馬								幸英明		芝1200				1:11.5	0.8		4-4	35.2-35.5	36.0	444(0)				110.0	小雨		10.0	8.0	10.0	4.6	2.0	4	54.0	不	**	**		ラキエータ																																																									
2019102576	2021-10-17	5新潟4		2.0	2歳未勝利								斎藤新		芝1200				1:11.6	0.6		9-9	34.7-36.3	35.8	434(-10)				77.0	曇		13.0	5.0	6.0	3.8	1.0	4	55.0	重	**	**		ウインマーベル																																																									
2019102576	2021-12-19	6中京6		4.0	2歳未勝利								秋山稔樹		芝1400				1:22.2	0.1		4-4	33.9-36.3	35.8	452(+18)				200.0	晴		18.0	6.0	12.0	11.6	5.0	2	54.0	良	**	**		スカイトレイル																																																									
2019102576	2022-01-09	1中京3		5.0	3歳未勝利								斎藤新		芝1600				1:36.4	1.7		3-8-8	35.3-34.8	35.9	452(0)					晴		16.0	2.0	4.0	10.4	5.0	12	56.0	良	**	**		エンペザー																																																									
2019102576	2022-01-15	1中京5		5.0	3歳未勝利								武豊		芝1400				1:22.1	0.5		4-3	33.9-35.9	36.1	456(+4)				130.0	曇		18.0	1.0	1.0	15.4	6.0	3	56.0	良	**	**		ショウナンハクラク																																																									
2019102576	2022-04-17	1福島2		2.0	3歳未勝利								秋山稔樹		芝1200				1:10.6	-0.4		2-1	34.5-36.1	36.1	454(-2)				520.0	晴		16.0	5.0	9.0	2.2	1.0	1	55.0	良	**	**		(スーリールダンジュ)																																																									
2019102576	2022-06-12	4中京4		12.0	3歳以上1勝クラス								小沢大仁		芝1200				1:08.5	-0.3		6-6	33.6-34.9	34.2	450(-4)				770.0	晴		16.0	5.0	10.0	12.2	8.0	1	52.0	良	**	**		(シゲルカチョウ)																																																									
2019102576	2022-07-17	3小倉6		10.0	戸畑特別(2勝クラス)								小沢大仁		芝1200				1:07.1	-0.1		2-2	32.8-34.3	33.9	446(-4)				1527.5	晴		8.0	6.0	6.0	2.3	1.0	1	54.0	良	**	**		(ドナウエレン)																																																									
2019102576	2022-09-03	4小倉7		11.0	テレQ杯(3勝クラス)								小沢大仁		芝1200				1:07.9	0.2		5-6	32.9-34.8	34.4	446(0)				750.8	曇		18.0	5.0	10.0	3.3	1.0	2	54.0	重	**	**		セルフィー																																																									
2019102576	2022-09-24	5中京6		11.0	豊明S(3勝クラス)								小沢大仁		芝1200				1:08.3	0.8		12-12	33.4-34.1	33.8	448(+2)					晴		17.0	4.0	7.0	4.1	1.0	8	55.0	良	**	**		ショウナンバニラ																																																									
2019102576	2022-11-19	3福島5		11.0	みちのくS(3勝クラス)								小沢大仁		芝1200				1:09.7	0.0		10-9	33.6-36.1	34.9	450(+2)				280.0	晴		15.0	5.0	9.0	5.9	2.0	4	56.0	良	**	**		ダークペイジ																																																									
2019102576	2022-12-28	6阪神9		12.0	2022ファイナルS(3勝クラス)								幸英明		芝1200				1:09.2	0.9		6-7	34.1-34.2	34.5	456(+6)					晴		16.0	6.0	11.0	12.9	6.0	6	56.0	良	**	**		エイシンスポッター																																																									
2019102576	2023-01-29	1小倉6		11.0	巌流島S(3勝クラス)								小沢大仁		芝1200				1:09.2	0.1		6-6	33.5-35.6	35.0	450(-6)				751.2	曇		18.0	4.0	8.0	8.3	5.0	2	57.0	重	**	**		スンリ																																																									
2019102576	2023-02-26	2小倉6		11.0	下関S(3勝クラス)								小沢大仁		芝1200				1:09.4	0.4		6-6	34.1-34.9	34.9	462(+12)				280.0	晴		17.0	2.0	4.0	5.3	3.0	4	58.0	良	**	**		エナジーグラン																																																									
2019102576	2023-03-18	1阪神11		10.0	淀屋橋S(3勝クラス)								和田竜二		芝1200				1:08.2	0.0		5-5	34.0-34.2	33.8	458(-4)				1875.7	曇		16.0	5.0	9.0	11.1	5.0	1	58.0	稍	**	**		(ヨシノイースター)																																																									
2019102576	2023-05-07	1京都6		11.0	鞍馬S(OP)								池添謙一		芝1200				1:10.7	0.8		12-11	34.7-35.2	35.4	458(0)					雨		18.0	8.0	16.0	9.2	6.0	12	57.0	不	**	**		エイシンスポッター																																																									
2019102576	2023-07-16	2福島6		11.0	福島テレビOP(OP)								Ｍ．デム		芝1200				1:10.0	0.6		12-13	34.2-35.2	34.4	452(-6)					晴		16.0	6.0	11.0	6.0	3.0	14	57.0	良	**	**		スマートリアン																																																									
2019102576	2023-08-20	3小倉4		11.0	TV西日本北九州記念(GIII)								田口貫太		芝1200				1:08.1	0.8		8-8	32.9-34.4	34.5	460(+8)					晴		18.0	4.0	7.0	36.5	12.0	12	55.0	良	**	**		ジャスパークローネ																																																									
2019102576	2023-10-08	2京都2		11.0	夕刊フジ杯オパールS(L)								和田竜二		芝1200				1:08.4	0.3		9-6	33.6-34.5	34.1	454(-6)				270.0	小雨		18.0	5.0	10.0	34.5	11.0	5	55.0	良	**	**		メイショウゲンセン																																																									
2019102576	2023-12-16	5阪神5		11.0	タンザナイトS(OP)								和田竜二		芝1200				1:08.8	0.3		11-10	33.9-34.6	34.2	456(+2)				230.0	曇		16.0	2.0	4.0	9.0	5.0	5	55.0	稍	**	**		カルネアサーダ																																																									
2019102576	2024-01-13	1京都4		11.0	淀短距離S(L)								和田竜二		芝1200				1:09.4	0.8		5-5	33.9-34.7	34.7	462(+6)					曇		17.0	5.0	9.0	37.5	10.0	6	57.0	良	**	**		ビッグシーザー																																																									
2019102576	2024-04-07	1福島2		11.0	モルガナイトS(OP)								吉田隼人		芝1200				1:08.4	0.7		6-6	33.0-34.7	34.8	462(0)					晴		16.0	5.0	9.0	29.9	6.0	11	57.0	良	**	**		アサカラキング																																																									
2019102576	2024-06-22	1函館5		11.0	青函S(OP)								大野拓弥		芝1200				1:09.5	0.7		11-11	34.6-34.2	34.0	462(0)					曇		16.0	6.0	11.0	50.1	11.0	9	57.0	良	**	**		モリノドリーム																																																									
2019102576	2024-08-11	2札幌2		11.0	UHB賞(OP)								高杉吏麒		芝1200				1:08.3	0.3		8-9	33.3-34.7	34.4	454(-8)					晴		16.0	8.0	15.0	141.7	15.0	8	57.0	良	**	**		プルパレイ																																																									
2019102576	2024-11-03	3福島2		11.0	みちのくS(OP)								高杉吏麒		芝1200				1:11.3	0.6		12-8	35.2-35.5	35.3	452(-2)					晴		16.0	6.0	12.0	37.4	9.0	11	57.0	稍	**	**		エターナルタイム																																																									
2019102576	2024-12-22	7京都8		11.0	りんくうS(OP)								秋山稔樹		ダ1200				1:13.1	1.6		10-8	34.8-36.7	37.5	468(+16)					晴		16.0	5.0	10.0	174.9	16.0	11	57.0	良	**	**		ドンアミティエ																																																									
2019102576	2025-02-23	1京都8		11.0	大和S(OP)								荻野琢真		ダ1200				1:12.7	1.5		15-13	35.4-35.8	35.9	468(0)					曇		16.0	4.0	7.0	278.0	16.0	13	57.0	良	**	**		ドンアミティエ																																																									
2019102694	2022-04-02	2阪神3		3.0	3歳未勝利								国分恭介		ダ1200				1:14.5	1.2		15-14	36.1-37.2	36.9	476(0)					晴		16.0	7.0	13.0	235.7	14.0	8	56.0	良	**	**		スリードレフォン																																																									
2019102694	2022-07-27	園田		10.0	JRA交流六甲山特別								小沢大仁		ダ1870				2:05.6	0.1		3-3-3-3		40.8	494(+18)				60.0	曇		8.0	6.0	6.0	10.4	4.0	2	54.0	良	**	**		テーオーティラミス																																																									
2019102694	2023-03-27	金沢		4.0	C211								堀場裕充		ダ1400				1:31.5	-0.5		4-3-3-2		38.3	491(-3)				40.0	曇		8.0	6.0	6.0	1.2	1.0	1	56.0	不	**	**		(ヴェーチェル)																																																									
2019102694	2023-04-09	金沢		4.0	C24								堀場裕充		ダ1400				1:31.7	-0.6		3-3-2-2		39.7	489(-2)				40.0	晴		10.0	8.0	10.0	1.0	1.0	1	56.0	重	**	**		(テーオーハーバード)																																																									
2019102694	2023-04-18	金沢		5.0	上花楓裏&日菜森めぶ(C1)								堀場裕充		ダ1400				1:30.4	-0.9		1-1-1-1		38.0	485(-4)				42.0	雨		9.0	8.0	9.0	1.0	1.0	1	56.0	重	**	**		(ビジョ)																																																									
2019102694	2023-09-24	4阪神7		8.0	3歳以上1勝クラス								菱田裕二		ダ1800				1:55.5	2.9		12-12-12-12	37.6-37.1	38.3	502(+17)					晴		12.0	6.0	8.0	129.1	12.0	12	58.0	良	**	**		バリアントバイオ																																																									
2019102694	2023-10-08	2京都2		7.0	3歳以上1勝クラス								鷲頭虎太		ダ1800				1:55.4	3.8		11-11-10-10	37.2-37.5	39.4	502(0)					小雨		13.0	2.0	2.0	308.1	13.0	12	55.0	良	**	**		シゲルショウグン																																																									
2019102694	2024-12-05	園田		10.0	JRA交流武庫川特別								菱田裕二		ダ1400				1:30.5	-0.3		4-4-4-4		39.0	500(-2)				200.0	晴		9.0	1.0	1.0	8.8	6.0	1	56.0	良	**	**		(オンリーラヴ)																																																									
2019102694	2024-12-22	7京都8		9.0	クリスマスエルフ賞(2勝クラス)								古川吉洋		ダ1800				1:57.7	3.9		16-16-14-15	37.2-38.6	40.1	498(-2)					晴		16.0	8.0	15.0	260.4	16.0	14	58.0	良	**	**		タンゴバイラリン																																																									
2019102701	2021-10-30	4阪神7	晴	3.0	2歳新馬		15.0	7.0	13.0	8.9	5.0	1	和田竜二	54.0	ダ1400		良	**	1:26.1	-0.4	**	2-2	36.1-37.4	37.2	420(0)			(マテンロウアイ)	700.0																																																																							
2019102701	2022-07-09	3小倉3	晴	8.0	3歳以上1勝クラス		16.0	4.0	8.0	10.3	4.0	15	和田竜二	52.0	ダ1700		重	**	1:48.9	4.6	**	2-2-4-11	28.6-38.5	42.8	418(-2)			タガノクリステル																																																																								
2019102701	2023-03-26	2中京6	小雨	6.0	4歳以上1勝クラス		16.0	8.0	15.0	14.9	7.0	2	佐々木大	53.0	ダ1400		不	**	1:25.5	0.3	**	5-5	36.0-37.0	37.0	430(+12)			マイレッドスター	320.0																																																																							
2019102701	2023-04-22	1京都1	晴	7.0	4歳以上1勝クラス		13.0	5.0	7.0	4.7	2.0	4	今村聖奈	53.0	ダ1200		良	**	1:13.3	1.0	**	5-5	35.9-36.4	36.7	424(-6)			ルアル	120.0																																																																							
2019102701	2023-07-08	3中京3	曇	6.0	3歳以上1勝クラス		16.0	4.0	7.0	50.6	9.0	14	永島まな	53.0	ダ1400		良	**	1:26.7	2.8	**	1-1	34.1-38.1	40.9	428(+4)			エンペラーワケア																																																																								
2019102701	2023-12-17	4中京6	晴	3.0	3歳以上1勝クラス		16.0	4.0	8.0	20.9	6.0	8	小林勝太	53.0	ダ1400		稍	**	1:25.7	0.8	**	2-2	34.6-38.3	39.0	444(+16)			ジュンウィンダム																																																																								
2019102701	2024-02-18	2京都8	曇	8.0	4歳以上1勝クラス		16.0	3.0	6.0	9.8	4.0	5	和田竜二	56.0	ダ1200		良	**	1:12.3	0.1	**	1-1	35.3-36.9	37.0	440(-4)			アロットドリーム	80.0																																																																							
2019102701	2024-03-23	2阪神1	曇	12.0	4歳以上1勝クラス		12.0	5.0	5.0	4.1	2.0	5	吉村誠之	53.0	ダ1200		不	**	1:11.5	0.2	**	3-3	35.1-36.2	36.1	434(-6)			フェリ	80.0																																																																							
2019102701	2024-10-12	4新潟3	晴	8.0	3歳以上1勝クラス		13.0	6.0	8.0	8.4	5.0	1	高杉吏麒	53.0	ダ1200		良	**	1:11.7	0.0	**	3-3	34.3-37.4	37.0	454(+20)			(イノセントキャット)	800.0																																																																							
2019102701	2025-01-18	1中山6	晴	8.0	4歳以上2勝クラス		16.0	1.0	2.0	60.8	11.0	2	長浜鴻緒	53.0	ダ1200		良	**	1:11.4	0.1	**	4-3	33.8-37.5	37.2	460(+6)			キタノソワレ	460.0																																																																							
2019102701	2025-02-16	1京都6	曇	12.0	4歳以上2勝クラス		16.0	6.0	11.0	4.6	2.0	2	吉村誠之	54.0	ダ1200		稍	**	1:12.4	0.2	**	7-9	35.1-37.1	36.5	456(-4)			タガノミスト	460.0																																																																							
2019102701	2025-04-06	3中山4	晴	12.0	4歳以上2勝クラス		15.0	6.0	10.0	1.7	1.0	1	長浜鴻緒	53.0	ダ1200		稍	**	1:11.5	-0.4	**	1-1	35.7-35.8	35.8	450(-6)			(メジャーデビュー)	1140.0																																																																							
2019102701	2025-05-04	2京都4	晴	12.0	巨椋池S(3勝クラス)		16.0	4.0	7.0	14.7	6.0	10	吉村誠之	53.0	ダ1200		良	**	1:11.1	0.9	**	5-6	33.9-36.3	36.7	458(+8)			キタノズエッジ																																																																								
2019102736	2022-01-10	1中山4	曇	4.0	3歳新馬		15.0	2.0	4.0	133.8	12.0	6	大野拓弥	54.0	ダ1200		良	**	1:14.3	2.1	**	12-13	34.2-38.0	38.1	456(0)			ラブリネスオーバー																																																																								
2019102736	2022-02-27	2中山2	晴	3.0	3歳未勝利		15.0	5.0	9.0	25.1	7.0	3	大野拓弥	54.0	ダ1200		良	**	1:13.8	0.6	**	11-10	35.4-37.8	36.8	444(-12)			ザアトム	130.0																																																																							
2019102736	2022-03-21	2中山8	曇	1.0	3歳未勝利		16.0	6.0	12.0	13.7	6.0	1	大野拓弥	54.0	ダ1200		重	**	1:11.9	-0.2	**	11-11	34.1-37.8	36.7	446(+2)			(ミニョンルミエール)	520.0																																																																							
2019102736	2022-04-16	3中山7	晴	6.0	3歳1勝クラス		16.0	5.0	9.0	37.9	10.0	15	大野拓弥	54.0	芝1200		重	**	1:12.3	3.6	**	14-14	32.9-35.8	36.5	442(-4)			ブレスレスリー																																																																								
2019102736	2022-08-13	3新潟1	曇	12.0	3歳以上1勝クラス		15.0	8.0	15.0	10.4	6.0	9	福永祐一	52.0	ダ1200		重	**	1:12.7	0.8	**	12-12	36.2-35.7	35.6	448(+6)			スンヌンタイ																																																																								
2019102736	2022-09-17	4中山3	晴	6.0	3歳以上1勝クラス		15.0	1.0	1.0	16.8	8.0	3	大野拓弥	53.0	ダ1200		良	**	1:11.8	0.7	**	6-5	34.2-36.9	37.1	450(+2)			オンマガトオル	190.0																																																																							
2019102736	2022-10-02	4中山9	晴	6.0	3歳以上1勝クラス		16.0	3.0	6.0	16.3	7.0	8	大野拓弥	53.0	ダ1200		良	**	1:12.3	0.7	**	12-10	34.1-37.5	37.1	458(+8)			クールライズ																																																																								
2019102736	2022-12-17	5中山5	曇	8.0	3歳以上1勝クラス		16.0	6.0	11.0	32.3	9.0	8	福永祐一	54.0	ダ1200		良	**	1:12.3	1.2	**	12-11	34.7-36.4	36.5	444(-14)			スズカコテキタイ																																																																								
2019102736	2023-03-05	2中山4	曇	4.0	4歳以上1勝クラス		16.0	7.0	13.0	21.8	7.0	3	三浦皇成	56.0	ダ1200		良	**	1:12.0	0.5	**	10-10	33.9-37.6	37.0	450(+6)			シュロス	200.0																																																																							
2019102736	2023-03-25	3中山1	小雨	7.0	4歳以上1勝クラス		16.0	8.0	15.0	23.5	7.0	8	森泰斗	56.0	ダ1200		不	**	1:11.7	0.5	**	14-14	34.0-37.2	36.0	452(+2)			フレーゲル																																																																								
2019102736	2023-06-01	浦和	晴	9.0	マルチステッキ特別(B2B3)		12.0	5.0	5.0	6.2	3.0	2	丹内祐次	55.0	ダ1400		稍	**	1:29.0	0.2	**	5-6-6-3	36.8-38.8	38.9	454(+2)			グッドフェイス	160.0																																																																							
2019102736	2023-08-20	3新潟4	晴	8.0	3歳以上1勝クラス		15.0	6.0	11.0	21.9	10.0	3	三浦皇成	56.0	ダ1200		良	**	1:13.0	0.2	**	10-12	35.0-37.8	37.3	456(+2)			ダークンストーミー	200.0																																																																							
2019102736	2023-09-02	3新潟7	曇	8.0	3歳以上1勝クラス		15.0	3.0	4.0	24.0	7.0	9	三浦皇成	56.0	ダ1200		良	**	1:13.3	1.3	**	14-14	34.1-37.9	37.3	458(+2)			カンパニョーラ																																																																								
2019102736	2023-12-16	5中山5	晴	12.0	3歳以上1勝クラス		16.0	2.0	3.0	24.7	8.0	4	Ｍ．デム	56.0	ダ1200		稍	**	1:12.1	0.9	**	11-9	34.7-36.5	36.7	452(-6)			ヤングワールド	120.0																																																																							
2019102736	2024-01-08	1中山3	晴	7.0	4歳以上1勝クラス		16.0	1.0	2.0	21.9	10.0	2	田辺裕信	56.0	ダ1200		良	**	1:12.9	0.0	**	15-15	33.7-39.2	37.8	458(+6)			オルコス	320.0																																																																							
2019102736	2024-01-21	1中山7	雨	4.0	4歳以上1勝クラス		16.0	3.0	5.0	13.8	6.0	10	田辺裕信	56.0	ダ1200		不	**	1:12.0	0.8	**	15-14	33.4-37.8	36.6	458(0)			セッカチケーン																																																																								
2019102736	2024-03-09	2中山5	晴	8.0	4歳以上1勝クラス		16.0	7.0	14.0	14.4	7.0	7	田辺裕信	56.0	ダ1200		重	**	1:11.4	0.2	**	12-12	33.4-37.8	36.8	468(+10)			ピカリエ																																																																								
2019102736	2024-03-23	2阪神1	曇	12.0	4歳以上1勝クラス		12.0	8.0	12.0	6.1	4.0	9	藤岡康太	56.0	ダ1200		不	**	1:11.9	0.6	**	11-12	35.1-36.2	35.4	460(-8)			フェリ																																																																								
2019102736	2024-05-26	2東京12	晴	7.0	4歳以上1勝クラス		15.0	2.0	3.0	20.7	8.0	10	岩田望来	56.0	ダ1400		良	**	1:25.9	1.7	**	11-11	34.5-38.0	37.1	472(+12)			ニシノスピカ																																																																								
2019102736	2024-09-07	4中山1	晴	6.0	3歳以上1勝クラス		16.0	6.0	11.0	31.8	8.0	8	大野拓弥	56.0	ダ1200		良	**	1:12.2	0.7	**	16-15	34.0-37.5	36.5	468(-4)			オーブルクール																																																																								
2019102736	2024-09-16	4中山5	曇	12.0	3歳以上1勝クラス		16.0	8.0	15.0	38.5	10.0	9	大野拓弥	56.0	ダ1200		良	**	1:12.6	1.0	**	14-13	33.2-38.4	37.2	472(+4)			ノーブルゲイル																																																																								
2019102736	2024-10-05	4新潟1	晴	8.0	3歳以上1勝クラス		15.0	8.0	14.0	43.5	10.0	14	Ｍ．デム	56.0	ダ1200		重	**	1:13.6	2.6	**	6-6	34.0-37.0	38.9	468(-4)			ワークソング																																																																								
2019102736	2024-12-15	5中山6	晴	8.0	3歳以上1勝クラス		16.0	5.0	10.0	25.2	8.0	1	三浦皇成	56.0	ダ1200		良	**	1:12.1	-0.3	**	13-13	34.3-37.8	36.6	464(-4)			(アグラード)	800.0																																																																							
2019102736	2025-01-05	1中山1	晴	12.0	4歳以上2勝クラス		16.0	2.0	3.0	23.0	7.0	11	菅原明良	56.0	ダ1200		良	**	1:12.2	1.2	**	13-12	34.5-36.5	36.6	462(-2)			ムーム																																																																								
2019102736	2025-03-16	2中山6	小雨	12.0	4歳以上2勝クラス		16.0	6.0	12.0	86.3	13.0	7	田辺裕信	56.0	ダ1200		不	**	1:11.3	0.4	**	15-15	33.1-37.8	36.5	470(+8)			ショウナンアビアス																																																																								
2019102736	2025-04-06	3中山4	晴	12.0	4歳以上2勝クラス		15.0	3.0	5.0	28.1	6.0	11	石川裕紀	56.0	ダ1200		稍	**	1:13.0	1.5	**	13-12	35.7-35.8	35.9	468(-2)			ネイト																																																																								
2019102736	2025-05-10	2東京5	晴	12.0	4歳以上2勝クラス		16.0	5.0	10.0	95.2	12.0	9	田辺裕信	56.0	ダ1400		重	**	1:23.5	1.2	**	16-16	34.6-35.9	35.1	468(0)			イノセントキャット																																																																								
2019102736	2025-08-09	2新潟5	晴	10.0	3歳以上2勝クラス		15.0	1.0	1.0	157.4	15.0	12	大野拓弥	56.0	ダ1200		良	**	1:12.7	2.3	**	14-14	34.3-36.1	36.4	468(0)			ドラゴンウェルズ																																																																								
2019102736	2025-09-20	4中山6	曇	12.0	3歳以上2勝クラス		16.0	3.0	6.0	122.2	14.0	10	原優介	56.0	ダ1200		重	**	1:12.1	1.6	**	15-12	34.2-36.3	36.5	470(+2)			エコロエイト																																																																								
2019102736	2025-10-12	3京都4	小雨	9.0	円山特別(2勝クラス)		14.0	5.0	7.0	225.1	14.0	14	菱田裕二	56.0	ダ1200		良	**	1:12.9	2.8	**	11-12	34.3-35.8	36.7	470(0)			アメリカンビキニ																																																																								
2019102753	2021-12-26	6阪神8		4.0	2歳新馬								古川吉洋		ダ1800				2:00.6	2.8		3-3-3-4	38.2-40.1	42.6	486(0)					晴		16.0	5.0	10.0	178.9	15.0	8	54.0	良	**	**		オステリア																																																									
2019102753	2022-01-10	1中京4		2.0	3歳未勝利								古川吉洋		ダ1800				1:59.5	5.2		1-1-1-2	37.6-38.3	43.5	482(-4)					晴		10.0	6.0	6.0	92.0	8.0	10	54.0	良	**	**		エヴィダンシア																																																									
2019102753	2022-05-07	3中京1		3.0	3歳未勝利								古川吉洋		ダ1200				1:12.0	-0.8		1-1	34.9-37.1	37.1	494(+12)				520.0	晴		16.0	6.0	12.0	26.8	6.0	1	54.0	良	**	**		(メイショウアポイ)																																																									
2019102753	2022-05-15	3中京4		6.0	3歳1勝クラス								富田暁		ダ1200				1:11.0	-0.2		1-1	34.1-36.9	36.9	490(-4)				750.0	晴		16.0	7.0	14.0	6.3	2.0	1	54.0	重	**	**		(ミラビリス)																																																									
2019102753	2022-09-10	5中京1		12.0	3歳以上2勝クラス								古川吉洋		ダ1200				1:10.8	1.7		2-2	33.6-35.5	37.0	500(+10)					晴		16.0	8.0	15.0	5.3	2.0	9	53.0	重	**	**		ラインガルーダ																																																									
2019102753	2022-10-10	4阪神3		12.0	3歳以上2勝クラス								古川吉洋		ダ1400				1:23.7	0.9		2-2	34.0-36.9	37.7	494(-6)					曇		15.0	4.0	6.0	19.6	6.0	6	53.0	重	**	**		ディアノイア																																																									
2019102753	2022-10-22	4阪神6		12.0	3歳以上2勝クラス								北村友一		ダ1200				1:11.5	0.8		1-1	34.3-36.4	37.2	492(-2)				280.0	晴		14.0	8.0	13.0	5.1	2.0	3	53.0	良	**	**		サンライズアムール																																																									
2019102753	2023-02-12	1阪神2		12.0	4歳以上2勝クラス								池添謙一		ダ1200				1:12.3	0.0		1-1	35.1-37.2	37.2	502(+10)				460.0	晴		16.0	6.0	12.0	7.4	4.0	2	56.0	良	**	**		クレド																																																									
2019102753	2023-03-12	1阪神10		12.0	4歳以上2勝クラス								池添謙一		ダ1200				1:13.1	0.5		1-1	34.8-37.8	38.3	498(-4)				290.0	晴		16.0	1.0	1.0	2.0	1.0	3	56.0	良	**	**		アランチャータ																																																									
2019102753	2023-03-26	2阪神2		12.0	4歳以上2勝クラス								北村友一		ダ1200				1:11.0	0.0		1-1	35.2-35.8	35.8	500(+2)				460.0	雨		16.0	5.0	9.0	4.5	3.0	2	56.0	不	**	**		サトノテンペスト																																																									
2019102753	2023-05-28	1京都12		8.0	4歳以上2勝クラス								富田暁		ダ1200				1:12.1	-0.4		1-1	34.7-37.4	37.4	502(+2)				1140.0	晴		16.0	1.0	1.0	2.0	1.0	1	56.0	良	**	**		(デルマカンノン)																																																									
2019102753	2023-06-11	3阪神4		10.0	安芸S(3勝クラス)								古川吉洋		ダ1200				1:10.9	0.1		1-1	34.7-36.1	36.2	500(-2)				280.0	曇		16.0	6.0	12.0	5.7	4.0	4	54.0	重	**	**		ファーンヒル																																																									
2019102753	2024-01-21	1京都7		10.0	羅生門S(3勝クラス)								古川吉洋		ダ1200				1:11.5	1.3		3-3	33.6-36.6	37.5	510(+10)					曇		16.0	4.0	8.0	19.1	7.0	11	56.0	重	**	**		ゼットレヨン																																																									
2019102753	2024-03-02	1阪神3		10.0	なにわS(3勝クラス)								酒井学		ダ1200				1:13.5	2.5		15-15	34.6-36.4	37.0	506(-4)					曇		16.0	4.0	7.0	26.1	8.0	16	56.0	稍	**	**		コパノパサディナ																																																									
2019102753	2024-03-31	2阪神4		12.0	陽春S(3勝クラス)								富田暁		ダ1200				1:12.3	0.7		2-3	35.2-36.4	36.9	498(-8)				280.0	曇		16.0	8.0	15.0	36.5	10.0	4	54.0	良	**	**		ナムラフランク																																																									
2019102753	2024-11-30	7京都1		10.0	姫路S(3勝クラス)								古川吉洋		ダ1200				1:12.9	1.2		2-2	35.0-36.7	37.8	504(+6)					晴		15.0	8.0	16.0	66.4	12.0	12	56.0	稍	**	**		ジョーローリット																																																									
2019102753	2024-12-22	5中山8		12.0	フェアウェルS(3勝クラス)								池添謙一		ダ1200				1:13.7	2.9		4-5	33.3-37.5	40.1	494(-10)					晴		16.0	2.0	4.0	116.7	14.0	15	56.0	良	**	**		ケイアイアニラ																																																									
2019102753	2025-01-26	1中山9		10.0	江戸川S(3勝クラス)								木幡巧也		ダ1200				1:11.5	0.4		3-4	33.3-37.8	37.9	494(0)				184.0	晴		15.0	3.0	4.0	228.2	15.0	5	56.0	良	**	**		タイセイブリリオ																																																									
2019102753	2025-04-13	1福島2		10.0	やまびこS(3勝クラス)								国分恭介		ダ1150				1:08.8	0.1		11-9	30.4-38.3	37.0	520(+26)				464.9	雨		16.0	6.0	12.0	25.5	7.0	3	56.0	良	**	**		シークレットヴァウ																																																									
2019102753	2025-05-04	2京都4		12.0	巨椋池S(3勝クラス)								和田竜二		ダ1200				1:10.3	0.1		5-4	33.9-36.3	35.9	520(0)				750.8	晴		16.0	6.0	12.0	30.7	9.0	2	54.0	良	**	**		キタノズエッジ																																																									
2019102753	2025-06-15	3阪神4		12.0	リボン賞(3勝クラス)								和田竜二		ダ1200				1:11.5	1.1		4-4	33.8-36.6	37.2	520(0)					晴		16.0	5.0	10.0	10.5	6.0	10	55.0	重	**	**		ムーヴ																																																									
2019102753	2025-11-15	3福島3		11.0	フルーツラインC(3勝クラス)								富田暁		ダ1150				1:09.9	1.3		13-14	31.7-36.9	37.0	514(-6)					晴		16.0	3.0	6.0	19.7	8.0	13	56.0	良	**	**		メイショウカゼマチ																																																									
2019102753	2025-12-28	5中山8		10.0	フェアウェルS(3勝クラス)								西村淳也		ダ1200				1:11.2	0.3		2-2	33.4-37.5	37.7	512(-2)				184.0	晴		16.0	7.0	13.0	59.5	11.0	5	56.0	良	**	**		カンパニョーラ																																																									
2019102753	2026-01-12	1中山5		10.0	初春S(3勝クラス)								川又賢治		ダ1200				1:11.5	1.2		7-7	33.5-36.8	36.6	512(0)				280.0	晴		16.0	1.0	1.0	28.5	10.0	4	55.0	良	**	**		ドラゴンウェルズ																																																									
2019102793	2021-12-19	6阪神6		6.0	2歳新馬								ルメール		ダ1800				1:56.8	3.1		6-6-5-4	38.4-37.0	39.2	498(0)				70.0	晴		7.0	2.0	2.0	5.3	2.0	5	55.0	稍	**	**		デシエルト																																																									
2019102793	2022-01-05	1中京1		3.0	3歳未勝利								角田大和		ダ1900				2:04.7	2.6		6-6-10-10	30.1-39.2	40.4	498(0)					晴		14.0	7.0	12.0	83.5	11.0	8	53.0	良	**	**		メイショウユズルハ																																																									
2019102793	2022-01-22	1小倉3		6.0	3歳未勝利								角田大和		芝2000				2:02.9	2.5		2-2-7-12	35.5-35.7	37.6	492(-6)					晴		14.0	4.0	5.0	54.0	9.0	14	53.0	良	**	**		サクセスドレーク																																																									
2019102793	2022-04-17	2阪神8		2.0	3歳未勝利								松田大作		ダ1400				1:27.2	1.6		12-12	34.6-38.8	38.6	492(0)					晴		16.0	2.0	4.0	259.3	14.0	9	56.0	良	**	**		セイクリッド																																																									
2019102793	2022-06-25	3阪神3		3.0	3歳未勝利								永島まな		ダ1800				1:55.3	2.4		9-9-8-7	37.7-38.1	39.1	492(0)				52.0	晴		16.0	2.0	3.0	125.5	13.0	5	52.0	良	**	**		サンライズアリオン																																																									
2019102793	2022-07-10	3小倉4		3.0	3歳未勝利								永島まな		ダ1700				1:46.4	1.5		6-6-6-7	30.1-37.2	38.1	488(-4)				52.0	晴		16.0	7.0	14.0	150.5	14.0	5	52.0	稍	**	**		テイエムファクター																																																									
2019102793	2022-07-31	2新潟2		3.0	3歳未勝利								永島まな		ダ1800				1:54.4	0.7		10-10-5-5	36.6-37.3	37.5	484(-4)				130.0	晴		15.0	8.0	14.0	15.9	5.0	3	52.0	良	**	**		ソリダリティ																																																									
2019102793	2022-08-14	4小倉2		3.0	3歳未勝利								永島まな		ダ1700				1:46.3	-0.1		3-3-2-1	30.1-38.1	38.1	488(+4)				520.0	晴		16.0	8.0	16.0	15.2	8.0	1	52.0	良	**	**		(ドンシャーク)																																																									
2019102793	2022-12-11	6中京4		3.0	3歳以上1勝クラス								永島まな		ダ1900				2:04.5	2.5		6-6-6-7	30.6-38.6	40.1	494(+6)					晴		11.0	7.0	8.0	5.6	2.0	11	52.0	良	**	**		タシロ																																																									
2019102793	2023-01-08	1中京3		8.0	4歳以上1勝クラス								角田大和		ダ1900				2:02.4	1.2		2-2-2-1	31.3-37.8	39.0	494(0)					晴		12.0	7.0	9.0	132.2	11.0	6	56.0	良	**	**		ウインザナドゥ																																																									
2019102793	2023-04-23	1福島6		12.0	4歳以上1勝クラス								永島まな		ダ1700				1:48.2	2.4		9-8-11-11	29.8-38.8	39.4	490(-4)					晴		11.0	1.0	1.0	7.3	4.0	11	54.0	良	**	**		マサカウマザンマイ																																																									
2019102793	2023-05-07	1新潟4		7.0	4歳以上1勝クラス								永島まな		ダ1800				1:54.8	2.2		3-3-9-8	36.9-38.2	39.1	484(-6)					雨		11.0	7.0	8.0	31.3	7.0	9	55.0	不	**	**		モネータドーロ																																																									
2019102793	2023-07-16	3中京6		7.0	3歳以上1勝クラス								永島まな		ダ1900				2:12.0	11.9		11-12-13-13	30.0-38.8	45.8	484(0)					晴		13.0	1.0	1.0	158.5	13.0	13	55.0	良	**	**		スタボーンイメル																																																									
2019102793	2024-01-21	1小倉4		8.0	4歳以上1勝クラス								角田大和		ダ1700				1:46.4	2.8		12-12-13-13	28.5-38.6	38.7	496(+12)					曇		16.0	8.0	16.0	287.7	15.0	13	57.0	重	**	**		ガンウルフ																																																									
2019102793	2024-11-16	3福島5		4.0	障害3歳以上未勝利								石神深一		障2770				3:13.9	11.8		13-13-13-13	106.0-0.0	14.0	492(-4)					晴		14.0	5.0	7.0	140.9	12.0	13	60.0	良				マイネルエール																																																									
2019102793	2024-12-22	7京都8		5.0	障害3歳以上未勝利								小野寺祐		障2910				3:25.9	7.1		10-10-11-11	109.0-0.0	14.2	490(-2)					曇		14.0	5.0	7.0	183.9	14.0	12	60.0	良				マテンロウジョイ																																																									
2019102793	2025-03-01	1小倉11		4.0	障害4歳以上未勝利								石神深一		障2860				3:18.6	3.1		5-5-5-6	106.1-0.0	13.9	504(+14)					曇		12.0	8.0	11.0	114.8	12.0	6	60.0	良				ダイスアローリング																																																									
2019102793	2025-08-31	3新潟4		1.0	障害3歳以上未勝利								石神深一		障2850				3:16.2	6.2		5-6-11-12	103.0-0.0	13.8	500(-4)					晴		14.0	7.0	12.0	160.6	13.0	12	60.0	良				ホウオウエクレール																																																									
2019102937	2021-06-27	3東京8	曇	6.0	2歳新馬		15.0	3.0	5.0	36.4	7.0	11	Ｍ．デム	54.0	ダ1400		良	**	1:29.7	3.2	**	12-10	37.2-36.9	38.1	444(0)			コンバスチョン																																																																								
2019102937	2021-07-18	1福島6	晴	2.0	2歳未勝利		16.0	6.0	12.0	273.0	16.0	4	柴田大知	54.0	芝1800		良	**	1:50.3	0.6	**	13-14-11-7	35.1-36.8	36.6	442(-2)			カメハメハタイム	77.0																																																																							
2019102937	2021-08-07	3新潟5	晴	1.0	2歳未勝利		11.0	6.0	6.0	30.4	6.0	4	柴田大知	54.0	芝2000		良	**	2:02.5	0.8	**	3-3-4-3	36.4-35.7	36.1	444(+2)			ロードリライアブル	77.0																																																																							
2019102937	2021-09-05	4新潟8	曇	2.0	2歳未勝利		10.0	8.0	9.0	19.3	6.0	4	柴田大知	54.0	芝2000		良	**	2:04.1	1.0	**	5-5-5-4	36.6-36.0	36.7	450(+6)			タミオスター	77.0																																																																							
2019102937	2021-10-02	4中山8	晴	4.0	2歳未勝利		15.0	1.0	1.0	35.0	7.0	7	柴田大知	55.0	芝2000		稍	**	2:02.7	2.1	**	15-15-15-14	36.4-34.9	35.5	454(+4)			レヴァンジル																																																																								
2019102937	2022-03-20	2中山7	晴	5.0	3歳未勝利		17.0	3.0	5.0	121.0	11.0	2	丹内祐次	56.0	芝2000		重	**	2:03.9	0.0	**	4-3-4-3	36.6-36.7	36.5	464(+10)			レガラール	210.0																																																																							
2019102937	2022-04-09	3中山5	晴	5.0	3歳未勝利		18.0	7.0	14.0	28.7	6.0	3	丹内祐次	56.0	芝2000		良	**	2:01.5	0.7	**	7-7-6-4	34.6-37.0	36.7	464(0)			パラレルヴィジョン	130.0																																																																							
2019102937	2022-04-24	1福島4	晴	6.0	3歳未勝利		16.0	7.0	14.0	3.6	1.0	3	丹内祐次	56.0	芝2000		良	**	2:01.3	0.0	**	9-8-6-2	34.1-36.3	35.8	462(-2)			エグランタイン	130.0																																																																							
2019102937	2022-05-29	1新潟8	晴	6.0	3歳未勝利		12.0	8.0	11.0	3.8	2.0	1	丹内祐次	56.0	芝2200		良	**	2:16.7	-0.1	**	4-4-4-2	36.4-36.6	36.4	460(-2)			(リッチブラック)	520.0																																																																							
2019102937	2022-06-18	1函館3	晴	10.0	奥尻特別(1勝クラス)		9.0	7.0	7.0	21.3	6.0	4	丹内祐次	54.0	芝2000		良	**	2:01.2	0.3	**	3-3-3-2	36.0-34.5	34.6	460(0)			フィデル	160.0																																																																							
2019102937	2022-11-12	3福島3	晴	8.0	3歳以上1勝クラス		16.0	7.0	14.0	13.2	7.0	10	丸山元気	55.0	芝2600		良	**	2:44.1	1.1	**	3-3-2-2	38.0-36.6	37.7	472(+12)			ブラックラテ																																																																								
2019102937	2022-12-04	6中京2	晴	12.0	栄特別(1勝クラス)		11.0	4.0	4.0	33.9	7.0	5	丸山元気	55.0	芝2200		良	**	2:15.7	0.7	**	5-5-5-5	36.8-34.7	34.8	472(0)			ストップザタイム	107.0																																																																							
2019102937	2022-12-28	5中山9	晴	7.0	3歳以上1勝クラス		18.0	8.0	18.0	97.1	12.0	5	丹内祐次	56.0	芝2000		良	**	2:01.6	0.8	**	6-6-6-7	35.0-37.0	37.2	476(+4)			デコラシオン	77.0																																																																							
2019102937	2023-01-09	1中山4	晴	12.0	4歳以上1勝クラス		17.0	2.0	3.0	20.9	8.0	5	Ｍ．デム	57.0	芝2000		良	**	2:01.4	0.4	**	6-6-6-6	36.0-35.3	34.6	472(-4)			レイトカンセイオー	80.0																																																																							
2019102937	2023-02-11	2小倉1	晴	9.0	唐戸特別(1勝クラス)		12.0	1.0	1.0	7.8	5.0	8	丹内祐次	57.0	芝2000		重	**	2:02.4	0.4	**	4-3-4-4	37.3-35.4	35.5	474(+2)			カイザー																																																																								
2019102937	2023-05-20	1新潟7	晴	10.0	二王子特別(1勝クラス)		16.0	5.0	9.0	15.5	8.0	8	丹内祐次	58.0	芝2000		良	**	2:01.3	0.5	**	3-3	35.6-35.1	35.3	472(-2)			ブリングトゥライフ																																																																								
2019102937	2023-06-17	1函館3	曇	10.0	奥尻特別(1勝クラス)		9.0	1.0	1.0	12.2	5.0	1	富田暁	58.0	芝2000		良	**	1:59.8	-0.1	**	4-4-4-4	35.0-35.4	35.1	470(-2)			(テラフォーミング)	1137.3																																																																							
2019102937	2023-06-25	1函館6	晴	9.0	北海ハンデキャップ(2勝クラス)		13.0	8.0	13.0	9.8	5.0	6	佐々木大	56.0	芝2000		良	**	2:02.7	0.7	**	5-5-3-5	36.3-35.2	35.6	466(-4)			エーデルブルーメ																																																																								
2019102937	2023-07-22	1札幌1	晴	10.0	ライラック賞(2勝クラス)		9.0	4.0	4.0	14.6	5.0	8	横山武史	58.0	芝2000		良	**	2:01.0	0.6	**	3-3-4-6	37.2-34.5	34.6	472(+6)			インザオベーション																																																																								
2019102937	2024-01-07	1中山2	晴	9.0	初日の出賞(2勝クラス)		17.0	8.0	15.0	181.6	17.0	15	ピーヒュ	58.0	芝2000		良	**	2:00.9	0.9	**	9-11-9-11	36.7-35.5	35.7	486(+14)			ダイバリオン																																																																								
2019102937	2024-02-03	1小倉7	小雨	11.0	別府特別(2勝クラス)		11.0	7.0	9.0	55.5	7.0	3	丹内祐次	58.0	芝1800		稍	**	1:50.1	0.4	**	3-3-3-2	37.1-36.4	35.8	480(-6)			ヴァモスロード	393.5																																																																							
2019102937	2024-02-24	2小倉5	晴	11.0	八代特別(2勝クラス)		15.0	1.0	1.0	16.5	6.0	10	富田暁	56.0	芝2000		稍	**	2:02.6	0.4	**	4-4-9-7	36.1-36.3	36.1	476(-4)			マリネロ																																																																								
2019102937	2024-03-16	2中山7	晴	9.0	館山特別(2勝クラス)		11.0	3.0	3.0	74.7	10.0	5	松岡正海	58.0	芝2000		良	**	2:00.6	0.6	**	3-3-4-4	36.1-35.3	35.7	478(+2)			ヤマニンエンディマ	155.0																																																																							
2019102937	2024-04-07	3中山6	晴	10.0	鹿野山特別(2勝クラス)		15.0	6.0	10.0	35.8	8.0	2	松岡正海	58.0	芝2000		重	**	2:02.2	0.4	**	1-1-1-1	37.2-35.2	35.6	476(-2)			ホウオウスーペリア	629.4																																																																							
2019102937	2024-06-08	1函館1	晴	10.0	松前特別(2勝クラス)		16.0	5.0	9.0	40.1	12.0	8	松岡正海	58.0	芝1800		良	**	1:47.6	0.4	**	9-10-6-5	35.7-35.0	35.0	476(0)			エープラス																																																																								
2019102937	2024-06-23	1函館6	曇	9.0	洞爺湖特別(2勝クラス)		9.0	1.0	1.0	10.5	4.0	1	松岡正海	58.0	芝2000		良	**	2:00.7	-0.1	**	1-1-1-1	36.3-35.3	35.3	476(0)			(ナックイルシーブ)	1570.3																																																																							
2019102937	2024-07-27	1札幌3	曇	11.0	STV賞(3勝クラス)		14.0	8.0	13.0	45.1	12.0	5	鮫島克駿	56.0	芝2000		良	**	2:01.0	0.4	**	1-1-1-1	36.1-34.5	34.9	474(-2)			フェアエールング	184.0																																																																							
2019102937	2024-08-24	2札幌5	晴	11.0	オールスターJ第2戦(3勝クラス)		14.0	6.0	10.0	18.7	8.0	13	吉村智洋	58.0	芝2000		良	**	2:02.1	2.0	**	1-1-2-3	35.4-37.5	39.5	478(+4)			シュバルツクーゲル																																																																								
2019102937	2025-03-02	1小倉12	曇	11.0	関門橋S(3勝クラス)		13.0	7.0	11.0	62.7	12.0	11	黛弘人	58.0	芝2000		重	**	2:05.5	1.1	**	5-4-1-2	37.4-36.9	38.0	482(+4)			アスクドゥポルテ																																																																								
2019102937	2025-04-06	3中山4	晴	11.0	美浦S(3勝クラス)		16.0	2.0	3.0	55.9	12.0	12	松岡正海	58.0	芝2000		良	**	2:00.8	1.2	**	11-11-11-11	35.9-35.7	36.0	482(0)			レガーロデルシエロ																																																																								
2019102937	2025-04-27	2京都2	晴	10.0	センテニアルパークS(3勝クラス)		16.0	7.0	13.0	530.5	16.0	13	高倉稜	54.0	芝1800		良	**	1:46.6	0.8	**	3-3	35.2-33.6	34.2	478(-4)			ホウオウラスカーズ																																																																								
2019102937	2025-05-17	2東京7	曇	11.0	六社S(3勝クラス)		12.0	4.0	4.0	181.3	12.0	4	松岡正海	58.0	芝2400		稍	**	2:27.0	0.7	**	2-3-3-3	36.6-36.9	37.3	484(+6)			ラスカンブレス	280.0																																																																							
2019102937	2025-06-07	3阪神1	曇	11.0	垂水S(3勝クラス)		15.0	3.0	4.0	173.4	15.0	14	野中悠太	58.0	芝2000		良	**	1:59.8	1.2	**	7-6-8-10	35.4-35.6	36.2	476(-8)			シェイクユアハート																																																																								
2019102937	2025-10-19	4東京7	小雨	12.0	甲斐路S(3勝クラス)		18.0	3.0	6.0	310.7	18.0	12	原田和真	54.0	芝1800		良	**	1:46.6	1.2	**	1-1-1	35.6-34.1	35.3	478(+2)			ニシノティアモ																																																																								
2019102937	2025-11-09	5東京2	小雨	10.0	イクイノックスM(3勝クラス)		12.0	7.0	9.0	221.6	12.0	7	柴田大知	58.0	芝2000		良	**	1:59.6	1.0	**	3-4-3	36.1-33.9	34.7	478(0)			ウィクトルウェルス																																																																								
2019102937	2025-11-30	5東京8	晴	11.0	ウェルカムS(3勝クラス)		15.0	3.0	6.0	211.2	15.0	14	柴田大知	58.0	芝2000		良	**	1:59.2	1.6	**	4-4-6	35.6-34.4	35.4	478(0)			ヴィレム																																																																								
2019102937	2025-12-14	5阪神4	晴	9.0	オリオンS(3勝クラス)		15.0	5.0	9.0	204.5	14.0	13	田口貫太	58.0	芝2200		良	**	2:13.5	1.9	**	6-6-7-10	34.8-35.2	36.5	474(-4)			エコロディノス																																																																								
2019102937	2026-01-04	1京都1	曇	10.0	寿S(3勝クラス)		9.0	3.0	3.0	127.2	9.0	8	和田竜二	58.0	芝2000		良	**	2:01.6	0.5	**	2-2-2-3	36.9-34.0	34.3	474(0)			タガノデュード																																																																								
2019103204	2021-07-24	1函館7		5.0	2歳新馬								吉田隼人		ダ1700				1:50.0	2.7		10-12-12-12	29.7-38.7	39.3	474(0)																			曇		12.0	2.0	2.0	49.1	9.0	8	54.0	良	**	**		カズラポニアン																																											
2019103204	2021-08-07	1函館11		1.0	2歳未勝利								菱田裕二		芝1800				1:54.4	4.4		4-8-12-12	36.1-37.3	39.9	472(-2)																			晴		12.0	6.0	8.0	157.4	10.0	12	54.0	良	**	**		アスクワイルドモア																																											
2019103204	2021-12-04	6阪神1		3.0	2歳未勝利								酒井学		ダ1800				1:57.3	1.5		4-3-5-6	38.1-40.0	40.9	484(+12)																			晴		9.0	8.0	9.0	18.3	5.0	6	55.0	良	**	**		ウッドショック																																											
2019103204	2022-07-31	1札幌4		3.0	3歳未勝利								鷲頭虎太		ダ1700				1:53.0	6.0		14-14-14-14	30.3-38.1	41.6	482(-2)																			晴		14.0	3.0	4.0	157.3	14.0	14	53.0	良	**	**		クインズジョイフル																																											
2019103204	2022-09-06	門別		3.0	3歳以上C4ー4								五十嵐冬		ダ1700				1:53.3	0.9		3-3-1-1		42.2	480(-2)				6.3															曇		9.0	5.0	5.0	17.3	4.0	3	56.0	稍	**	**		フクノバルトラン																																											
2019103204	2022-09-20	門別		5.0	名物・とねっこジンギ(C4)								五十嵐冬		ダ1600				1:42.0	0.4		1-1-1-2		40.2	476(-4)				8.4															晴		12.0	1.0	1.0	4.8	3.0	2	56.0	重	**	**		ペイシャガン																																											
2019103204	2022-10-12	門別		4.0	ライディングヒルズ静(C4)								五十嵐冬		ダ1600				1:42.4	0.7		1-1-1-1		40.3	488(+12)				8.4															晴		11.0	3.0	3.0	4.5	3.0	2	56.0	重	**	**		タロマイスター																																											
2019103204	2022-10-25	門別		5.0	生え抜きシューター中(C4)								五十嵐冬		ダ1700				1:52.5	-0.1		2-2-2-2		40.1	482(-6)				30.0															晴		10.0	4.0	4.0	1.4	1.0	1	56.0	良	**	**		(スズカサンサン)																																											
2019103204	2022-11-10	門別		8.0	ユーチャリス特別(C3)								五十嵐冬		ダ1700				1:49.6	-0.2		3-3-1-1		38.8	488(+6)				45.0															晴		10.0	7.0	8.0	3.3	3.0	1	56.0	稍	**	**		(ブレスク)																																											
2019103204	2022-12-22	名古屋		7.0	C10組								加藤聡一		ダ1500				1:37.4	-1.2		4-1-1		39.6	501(+13)				35.0															晴		12.0	5.0	6.0	1.3	1.0	1	56.0	稍	**	**		(ミスナンナ)																																											
2019103204	2023-01-03	名古屋		10.0	尾張名古屋杯(C)								加藤聡一		ダ1500				1:35.3	0.1		2-2-1		38.2	501(0)				36.3															晴		12.0	5.0	5.0	3.8	3.0	2	56.0	良	**	**		ブリーザフレスカ																																											
2019103204	2023-01-20	名古屋		7.0	大河内杯BOSS生誕(C)								加藤聡一		ダ1500				1:34.3	-1.5		2-1-1		37.9	502(+1)				35.0															晴		11.0	6.0	7.0	1.1	1.0	1	56.0	稍	**	**		(リアルグローリー)																																											
2019103204	2023-02-27	名古屋		11.0	こいぬ座特別(B)								加藤聡一		ダ1700				1:50.7	-1.2		3-2-1		40.0	506(+4)				60.0															晴		11.0	4.0	4.0	1.4	1.0	1	56.0	良	**	**		(ルテリブル)																																											
2019103204	2023-04-08	3中山5		8.0	4歳以上1勝クラス								戸崎圭太		ダ1800				1:56.3	1.8		7-8-9-11	38.4-37.8	39.0	496(-10)																			曇		12.0	5.0	6.0	7.1	5.0	7	58.0	稍	**	**		ローズピリオド																																											
2019103204	2023-12-09	5中山3		8.0	3歳以上1勝クラス								大野拓弥		ダ1800				1:54.9	0.6		3-2-2-2	36.8-39.5	40.0	500(+4)				120.0															晴		16.0	7.0	14.0	17.0	8.0	4	58.0	良	**	**		シグナルファイアー																																											
2019103204	2023-12-24	5中山8		7.0	3歳以上1勝クラス								大野拓弥		ダ1800				1:55.8	1.7		13-12-8-9	36.6-39.3	39.9	510(+10)																			曇		16.0	8.0	15.0	26.2	7.0	11	58.0	良	**	**		ショウナンカブト																																											
2019103204	2024-01-20	1中山6		8.0	4歳以上1勝クラス								大野拓弥		ダ1800				1:55.9	1.6		7-6-8-8	36.5-40.5	40.7	504(-6)																			小雨		15.0	5.0	9.0	149.8	14.0	10	58.0	良	**	**		ジャックパール																																											
2019103204	2024-03-03	2中山4		7.0	4歳以上1勝クラス								吉田豊		ダ1800				1:54.5	1.1		1-1-1-1	37.6-37.7	38.8	510(+6)																			晴		11.0	1.0	1.0	24.9	7.0	6	58.0	稍	**	**		ベンテイガ																																											
2019103204	2024-03-17	1中京4		8.0	4歳以上1勝クラス								藤岡佑介		ダ1800				1:56.6	3.2		3-3-1-2	38.1-38.1	41.3	502(-8)																			曇		10.0	7.0	8.0	14.8	7.0	9	58.0	良	**	**		メジャークオリティ																																											
2019103204	2024-04-14	3中山8		6.0	4歳以上1勝クラス								吉田豊		ダ1800				1:55.8	1.1		6-6-8-7	38.0-37.4	37.8	492(-10)																			晴		15.0	4.0	6.0	81.2	9.0	7	58.0	良	**	**		ラップスター																																											
2019103204	2024-05-11	3京都7		6.0	4歳以上1勝クラス								和田竜二		ダ1800				1:56.4	2.4		8-9-8-7	38.2-37.6	38.9	492(0)																			晴		14.0	6.0	10.0	355.4	13.0	9	58.0	良	**	**		サンライズパスカル																																											
2019103204	2025-03-16	2中山6		8.0	4歳以上1勝クラス								石神深道		ダ2400							4-5	36.4-39.1		506(+14)																			雨		16.0	2.0	4.0	265.2	15.0	中	55.0	不	**	**		エアロソニック																																											
2019103204	2025-04-12	3中山5		8.0	4歳以上1勝クラス								長浜鴻緒		ダ2400				2:38.7	1.0		3-3-4-4	38.8-39.7	39.7	506(0)																			晴		14.0	8.0	13.0	49.4	12.0	6	55.0	良	**	**		ラファールドール																																											
2019103204	2025-04-27	1福島6		6.0	4歳以上1勝クラス								舟山瑠泉		ダ1700				1:46.5	0.1		5-4-2-2	30.5-38.5	38.4	506(0)				320.0															晴		14.0	3.0	3.0	42.9	10.0	2	55.0	良	**	**		ナチュラルリバー																																											
2019103204	2025-05-18	1新潟6		8.0	4歳以上1勝クラス								丹内祐次		ダ1800				1:54.7	1.5		5-5-5-5	36.2-39.1	40.2	506(0)																			曇		14.0	6.0	9.0	10.7	7.0	6	58.0	良	**	**		エイブラムス																																											
2019103204	2025-06-28	2福島1		12.0	3歳以上1勝クラス								石神深道		ダ1700				1:48.3	3.6		12-12-14-15	29.7-37.2	39.0	504(-2)																			晴		15.0	8.0	15.0	33.5	10.0	11	55.0	良	**	**		オーケーバーディー																																											
2019103204	2025-07-26	1札幌1		9.0	3歳以上1勝クラス								黛弘人		ダ1700				1:46.4	0.9		11-11-10-9	29.7-38.1	38.1	500(-4)																			小雨		13.0	5.0	6.0	92.4	12.0	7	58.0	良	**	**		ショウナンヤッホー																																											
2019103204	2025-09-06	2札幌5		12.0	3歳以上1勝クラス								舟山瑠泉		ダ1700				1:47.9	1.4		10-11-7-9	30.7-38.2	39.1	496(-4)																			曇		14.0	6.0	9.0	70.6	9.0	10	55.0	良	**	**		メイショウツヨキ																																											
2019103204	2025-09-20	4中山6		6.0	3歳以上1勝クラス								黛弘人		ダ2400				2:39.6	3.8		3-4-8-8	40.3-36.7	39.9	492(-4)																			曇		11.0	2.0	2.0	88.3	9.0	9	58.0	重	**	**		プレシャスデイ																																											
2019103204	2025-11-24	3福島6		3.0	3歳以上1勝クラス								横山琉人		ダ1700				1:48.4	1.5		9-9-9-7	30.5-38.4	39.4	508(+16)																			晴		15.0	5.0	9.0	140.5	14.0	11	58.0	良	**	**		マナエトレ																																											
2019103204	2025-12-14	5中山4		8.0	3歳以上1勝クラス								舟山瑠泉		ダ2500				2:47.6	4.4		3-3-1-3	30.2-39.5	43.9	506(-2)																			曇		14.0	5.0	8.0	200.1	14.0	10	55.0	稍	**	**		ダカラフェスティヴ																																											
2019103204	2025-12-27	5中山7		8.0	3歳以上1勝クラス								舟山瑠泉		ダ1800				1:55.6	1.7		8-8-10-10	37.1-38.3	39.3	504(-2)																			曇		16.0	4.0	7.0	306.4	12.0	9	55.0	稍	**	**		ミダース																																											
2019103204	2026-01-18	1中山7		6.0	4歳以上1勝クラス								舟山瑠泉		ダ1800				1:57.1	1.5		5-5-8-7	38.5-38.6	39.4	508(+4)																																																													晴		14.0	4.0	5.0	301.5	12.0	9	55.0	良	**	**		リラゲイル	202606010706
2019103208	2021-12-26	6阪神8		4.0	2歳新馬								坂井瑠星		ダ1800				1:57.8	-0.8		2-2-2-1	38.2-40.1	40.0	518(0)				700.0	晴		16.0	8.0	15.0	3.4	2.0	1	55.0	良	**	**		(マルトドラゴン)																																																									
2019103208	2022-01-08	1中京2		7.0	3歳1勝クラス								坂井瑠星		ダ1800				1:56.2	3.3		1-1-2-1	35.7-39.0	42.3	510(-8)					晴		14.0	2.0	2.0	101.4	8.0	14	56.0	良	**	**		デシエルト																																																									
2019103208	2022-02-20	1東京8		9.0	ヒヤシンスS(L)								内田博幸		ダ1600				1:36.5	1.2		13-13	35.2-35.8	36.0	514(+4)					曇		14.0	7.0	11.0	253.6	14.0	10	56.0	重	**	**		コンバスチョン																																																									
2019103208	2022-03-05	1阪神7		6.0	3歳1勝クラス								坂井瑠星		ダ1800				1:55.6	2.3		8-9-7-7	36.4-39.0	40.6	502(-12)					晴		12.0	8.0	12.0	47.3	8.0	7	56.0	良	**	**		ノットゥルノ																																																									
2019103208	2022-04-30	2阪神11		5.0	3歳1勝クラス								松若風馬		ダ1800				1:52.6	0.7		4-4-3-3	36.5-38.5	38.8	498(-4)					晴		14.0	3.0	4.0	75.9	10.0	6	56.0	重	**	**		マルカアトラス																																																									
2019103208	2022-10-02	5中京9		7.0	3歳以上1勝クラス								岩田望来		ダ1800				1:56.0	2.8		3-4-4-5	37.1-39.3	41.6	496(-2)					晴		16.0	2.0	3.0	8.4	4.0	14	55.0	良	**	**		ワンダーブレット																																																									
2019103208	2022-10-15	4新潟1		8.0	3歳以上1勝クラス								斎藤新		ダ1800				1:56.2	2.5		4-5-5-6	35.8-40.1	41.5	496(0)					晴		13.0	4.0	5.0	45.8	9.0	10	55.0	良	**	**		ニシノボルテージ																																																									
2019103208	2022-10-30	4阪神9		7.0	3歳以上1勝クラス								角田大河		ダ1200				1:12.9	0.5		11-10	35.1-37.3	36.5	494(-2)				120.0	晴		12.0	6.0	8.0	9.4	4.0	4	53.0	良	**	**		メルシー																																																									
2019103208	2022-11-20	5阪神6		7.0	3歳以上1勝クラス								角田大河		ダ1400				1:27.0	1.8		12-11	36.2-36.3	37.1	508(+14)					曇		16.0	7.0	14.0	22.7	7.0	12	54.0	稍	**	**		ラクスバラディー																																																									
2019103208	2023-02-04	1中京11		6.0	4歳以上1勝クラス								荻野極		ダ1200				1:12.9	-0.2		11-10	35.1-37.8	36.7	506(-2)				800.0	晴		16.0	4.0	7.0	28.0	9.0	1	58.0	良	**	**		(ヤマイチエスポ)																																																									
2019103208	2023-02-26	1阪神6		12.0	4歳以上2勝クラス								角田大河		ダ1200				1:13.0	1.4		11-12	35.0-36.6	36.7	498(-8)					曇		16.0	7.0	14.0	35.4	8.0	10	56.0	稍	**	**		クレア																																																									
2019103208	2023-04-23	1京都2		12.0	4歳以上2勝クラス								松田大作		ダ1200				1:13.0	1.0		13-12	34.9-37.1	36.3	498(0)					晴		16.0	3.0	6.0	122.6	15.0	6	58.0	良	**	**		ナムラフランク																																																									
2019103208	2023-05-13	1京都7		7.0	4歳以上2勝クラス								松田大作		芝1200				1:09.9	1.2		14-14	35.4-33.3	33.4	500(+2)					曇		16.0	8.0	16.0	143.5	15.0	15	58.0	良	**	**		アドヴァイス																																																									
2019103208	2023-09-30	4中山8		12.0	3歳以上2勝クラス								西村淳也		ダ1200				1:11.6	0.6		15-11	33.8-37.2	35.9	504(+4)					晴		16.0	6.0	11.0	45.4	11.0	9	58.0	良	**	**		レヴール																																																									
2019103208	2023-10-21	2京都6		9.0	北國新聞杯(2勝クラス)								松若風馬		ダ1900				2:02.5	2.9		13-12-11-12	29.5-38.6	40.4	500(-4)					曇		16.0	4.0	8.0	105.7	12.0	11	58.0	良	**	**		イーサンバーニング																																																									
2019103208	2023-12-28	5阪神9		4.0	障害3歳以上未勝利								中村将之		障2970				3:23.5	2.5		3-4-7-8	107.0-0.0	13.7	522(+22)					晴		14.0	3.0	4.0	65.1	9.0	9	60.0	良				ドンカルロ																																																									
2019103208	2024-02-03	1小倉7		5.0	障害4歳以上未勝利								井上敏樹		障2860				3:15.2	1.4		10-10-9-9	108.0-0.0	13.7	520(-2)					曇		12.0	3.0	3.0	49.1	10.0	6	60.0	良				ニシノフウジン																																																									
2019103208	2024-03-23	2阪神1		4.0	障害4歳以上未勝利								中村将之		障2970				3:28.0	0.5		2-2-2-2	109.1-0.0	14.0	522(+2)				200.0	雨		8.0	1.0	1.0	9.4	3.0	3	60.0	重				メルテミア																																																									
2019103208	2024-04-14	1福島4		5.0	障害4歳以上未勝利								中村将之		障2750				3:02.6	0.1		3-3-1-1	105.0-0.0	13.3	516(-6)				320.0	晴		11.0	8.0	11.0	5.5	3.0	2	60.0	良				ウインチェレステ																																																									
2019103208	2024-05-04	1新潟3		4.0	障害4歳以上未勝利								中村将之		障2890				3:12.2	1.4		3-2-2-3	106.0-0.0	13.3	516(0)				200.0	晴		12.0	8.0	12.0	4.7	2.0	3	60.0	良				レッドスパロー																																																									
2019103208	2024-12-22	7京都8		5.0	障害3歳以上未勝利								高田潤		障2910				3:21.8	3.0		5-6-4-3	109.0-0.0	13.9	520(+4)				79.0	曇		14.0	3.0	3.0	9.8	5.0	5	60.0	良				マテンロウジョイ																																																									
2019103208	2025-01-13	1中山5		4.0	障害4歳以上未勝利								高田潤		障2880				3:17.9	2.7		4-4-3-3	107.1-0.0	13.7	520(0)				84.0	晴		9.0	7.0	7.0	5.6	2.0	5	60.0	良				フォージドブリック																																																									
2019103208	2025-02-08	1小倉5		5.0	障害4歳以上未勝利								高田潤		障2860				3:16.0	0.7		5-5-5-5	107.1-0.0	13.7	512(-8)				340.0	雪		9.0	8.0	8.0	6.7	4.0	2	60.0	稍				ウン																																																									
2019103208	2025-04-05	3中山3		4.0	障害4歳以上未勝利								高田潤		障2880				3:18.9	2.7		9-10-9-7	107.0-0.0	13.8	512(0)					晴		14.0	4.0	5.0	10.3	5.0	7	60.0	稍				ウイングランブルー																																																									
2019103208	2025-05-11	1新潟4		4.0	障害4歳以上未勝利								高田潤		障2890				3:16.5	2.2		6-6-9-10	106.1-0.0	13.6	518(+6)				84.0	曇		14.0	6.0	9.0	12.6	7.0	5	60.0	稍				ヒルズカーン																																																									
2019103208	2025-06-08	3阪神2		1.0	障害3歳以上未勝利								高田潤		障2970				3:24.2	3.4		7-7-6-5	106.1-0.0	13.8	526(+8)					曇		11.0	3.0	3.0	28.1	7.0	6	60.0	良				サンダーアラート																																																									
2019103208	2025-09-21	4阪神7		1.0	障害3歳以上未勝利								高田潤		障2970				3:23.9	2.1		4-4-2-3	106.0-0.0	13.7	524(-2)				130.0	晴		8.0	8.0	8.0	6.5	3.0	4	60.0	良				コパノニコルソン																																																									
2019103208	2025-10-12	3京都4		4.0	障害3歳以上未勝利								高田潤		障2910				3:19.4	1.3		3-4-4-3	105.1-0.0	13.7	522(-2)				210.0	曇		12.0	8.0	12.0	8.4	3.0	3	60.0	良				ヴィアルークス																																																									
2019103208	2025-11-02	3京都11		4.0	障害3歳以上未勝利								高田潤		障2910				3:23.5	0.3		3-3-2-2	108.0-0.0	14.0	524(+2)				340.0	晴		10.0	1.0	1.0	3.7	2.0	2	60.0	良				ゲインサポート																																																									
2019103208	2025-11-24	3福島6		4.0	障害3歳以上未勝利								高田潤		障2770				3:02.3	-0.2		2-2-2-1	105.0-0.0	13.2	522(-2)				840.0	晴		14.0	8.0	13.0	1.8	1.0	1	60.0	良				(ハイウェイスター)																																																									
2019103210	2022-04-02	3中山3	晴	1.0	3歳未勝利		16.0	2.0	3.0	16.2	5.0	7	菅原明良	54.0	ダ1800		重	**	1:55.9	1.5	**	16-16-15-15	36.7-38.5	38.0	460(0)			ニシノスピカ																																																																								
2019103210	2022-06-26	3東京8	晴	1.0	3歳未勝利		16.0	5.0	10.0	5.8	3.0	2	菅原明良	54.0	ダ1600		良	**	1:37.8	0.4	**	15-15	35.1-37.5	36.0	460(0)			ホイットニー	210.0																																																																							
2019103210	2022-07-16	2福島5	曇	2.0	3歳未勝利		15.0	7.0	13.0	3.5	1.0	2	菅原明良	54.0	ダ1700		不	**	1:46.4	1.0	**	10-9-10-11	29.9-37.5	37.4	464(+4)			ラジエル	210.0																																																																							
2019103210	2022-08-14	3新潟2	曇	2.0	3歳未勝利		15.0	4.0	6.0	4.5	2.0	1	菅原明良	54.0	ダ1800		不	**	1:53.1	-0.3	**	11-10-9-9	37.1-38.7	37.4	464(0)			(トリプルスリル)	520.0																																																																							
2019103210	2022-12-10	6中京3	晴	2.0	3歳以上1勝クラス		12.0	5.0	6.0	2.9	1.0	1	西村淳也	54.0	ダ1800		良	**	1:53.0	-1.5	**	8-7-5-5	36.7-38.2	37.2	466(+2)			(デームフォーチュン)	770.0																																																																							
2019103210	2023-01-21	1中山7	晴	9.0	初茜賞(2勝クラス)		16.0	7.0	13.0	4.3	2.0	5	菅原明良	55.0	ダ1800		稍	**	1:54.5	0.7	**	6-7-8-10	37.1-38.8	38.9	472(+6)			キャリックアリード	155.0																																																																							
2019103210	2023-02-11	1東京5	晴	12.0	4歳以上2勝クラス		16.0	4.0	8.0	5.8	3.0	3	菅原明良	56.0	ダ1600		不	**	1:35.7	0.3	**	6-5	35.2-35.7	35.4	470(-2)			サトノアポロン	290.0																																																																							
2019103210	2023-06-10	3東京3	曇	9.0	青梅特別(2勝クラス)		15.0	3.0	5.0	7.6	4.0	2	三浦皇成	56.0	ダ1600		稍	**	1:35.6	0.2	**	9-10	35.0-36.6	35.9	470(0)			ヴァーンフリート	630.4																																																																							
2019103210	2023-06-24	3東京7	曇	10.0	日野特別(2勝クラス)		16.0	5.0	9.0	3.7	2.0	5	三浦皇成	56.0	ダ1600		良	**	1:36.7	0.5	**	10-9	34.8-36.7	36.4	470(0)			アナンシエーション	155.0																																																																							
2019103210	2023-10-07	4東京1	晴	10.0	西湖特別(2勝クラス)		12.0	2.0	2.0	22.9	6.0	8	三浦皇成	56.0	ダ1600		良	**	1:38.0	0.7	**	7-6	36.0-36.2	36.5	482(+12)			ミファヴォリート																																																																								
2019103210	2023-11-11	5東京3	曇	8.0	3歳以上2勝クラス		16.0	4.0	8.0	9.6	3.0	4	三浦皇成	56.0	ダ1600		良	**	1:36.9	0.5	**	11-12	35.0-37.3	36.7	482(0)			クインズジュピタ	170.0																																																																							
2019103210	2023-12-10	4中京4	晴	9.0	大須特別(2勝クラス)		16.0	5.0	9.0	8.1	4.0	1	丸山元気	56.0	ダ1800		良	**	1:53.3	-0.3	**	14-14-14-13	37.1-37.6	36.4	478(-4)			(サノノエスポ)	1585.0																																																																							
2019103210	2024-03-31	3中山4	晴	10.0	アリエスS(3勝クラス)		16.0	1.0	1.0	43.8	12.0	7	内田博幸	56.0	ダ1800		良	**	1:53.5	0.4	**	15-15-16-16	37.6-37.7	36.5	472(-6)			ドライゼ																																																																								
2019103210	2024-04-27	1新潟1	晴	11.0	三条S(3勝クラス)		13.0	5.0	7.0	6.2	4.0	3	斎藤新	56.0	ダ1800		良	**	1:52.2	0.2	**	13-13-12-11	35.9-38.0	37.0	472(0)			ミファヴォリート	463.9																																																																							
2019103210	2024-08-11	2中京2	晴	10.0	三河S(3勝クラス)		10.0	7.0	7.0	2.4	1.0	3	西村淳也	56.0	ダ1800		良	**	1:52.9	0.5	**	6-6-4-3	36.4-37.9	37.6	470(-2)			オシゲ	463.2																																																																							
2019103210	2024-08-31	3新潟7	曇	11.0	古町S(3勝クラス)		11.0	1.0	1.0	5.8	4.0	6	丸山元気	56.0	ダ1800		稍	**	1:52.8	1.1	**	8-7-8-8	35.9-38.0	37.7	474(+4)			カズプレスト																																																																								
2019103210	2024-10-06	4新潟2	晴	11.0	トルマリンS(3勝クラス)		13.0	2.0	2.0	7.8	3.0	10	斎藤新	56.0	ダ1800		良	**	1:53.0	1.2	**	10-11-10-12	36.2-37.7	37.8	478(+4)			ピースオブザライフ																																																																								
2019103210	2025-04-06	3中山4	晴	10.0	アリエスS(3勝クラス)		16.0	7.0	13.0	49.2	9.0	14	斎藤新	56.0	ダ1800		稍	**	1:54.3	2.4	**	10-11-13-15	36.0-37.8	39.1	484(+6)			マンマリアーレ																																																																								
2019103308	2021-12-28	5中山9		6.0	2歳新馬								横山和生		ダ1200				1:16.7	3.6		2-2	34.3-38.8	42.3	450(0)																																	晴		14.0	3.0	4.0	11.3	4.0	14	55.0	良	**	**		ギユウ																													
2019103308	2022-01-30	1小倉6		3.0	3歳未勝利								泉谷楓真		ダ1000				1:01.2	1.0		10-10	34.7-37.1	37.0	452(+2)																																	曇		13.0	1.0	1.0	41.2	9.0	9	55.0	良	**	**		キョウエイゾロ																													
2019103308	2022-02-19	2小倉3		3.0	3歳未勝利								角田大和		ダ1000				1:01.7	2.0		10-9	34.7-36.4	37.5	456(+4)																																	雨		14.0	7.0	11.0	140.2	11.0	10	53.0	稍	**	**		イスラアネーロ																													
2019103308	2022-04-03	3中山4		2.0	3歳未勝利								小林脩斗		ダ1200				1:13.1	1.3		1-1	34.2-37.6	38.9	452(-4)				52.0																													雨		16.0	6.0	11.0	135.5	14.0	5	53.0	稍	**	**		ルプランドル																													
2019103308	2022-04-23	1福島3		1.0	3歳未勝利								横山琉人		ダ1150				1:11.9	1.1		5-5	32.5-38.3	38.9	448(-4)																																	曇		16.0	1.0	2.0	59.9	7.0	7	53.0	良	**	**		ゴッドクインビー																													
2019103308	2022-05-28	1新潟7		3.0	3歳未勝利								角田大和		ダ1200				1:12.8	0.2		2-2	34.6-38.0	38.0	456(+8)				210.0																													曇		15.0	2.0	2.0	40.3	7.0	2	54.0	重	**	**		クランシリーニー																													
2019103308	2022-06-18	3東京5		3.0	3歳未勝利								小林脩斗		ダ1300				1:19.8	1.5		2-2	29.6-36.5	37.9	458(+2)																																	曇		15.0	7.0	13.0	52.6	9.0	9	53.0	良	**	**		ホワイトガーベラ																													
2019103308	2022-08-14	3新潟2		4.0	3歳未勝利								小林脩斗		ダ1200				1:10.7	0.0		4-3	33.9-36.8	36.4	460(+2)				520.0																													曇		15.0	8.0	14.0	28.8	8.0	1	54.0	重	**	**		(パンタナル)																													
2019103308	2022-10-23	4新潟4		7.0	3歳以上1勝クラス								小林脩斗		ダ1200				1:12.9	0.8		6-5	34.3-37.8	38.0	458(-2)				77.0																													曇		15.0	4.0	6.0	13.5	5.0	5	53.0	稍	**	**		オンザダブル																													
2019103308	2022-12-28	5中山9		8.0	3歳以上1勝クラス								小林脩斗		ダ1200				1:12.1	1.2		6-6	34.1-36.8	37.4	460(+2)																																	晴		16.0	1.0	1.0	46.5	11.0	6	54.0	良	**	**		ドリームビリーバー																													
2019103308	2023-03-12	2中山6		12.0	4歳以上1勝クラス								小林脩斗		ダ1200				1:12.6	0.7		2-2	34.7-37.2	37.7	466(+6)																																	曇		15.0	3.0	5.0	13.2	5.0	7	56.0	良	**	**		アメトリーチェ																													
2019103308	2023-05-07	1新潟4		12.0	4歳以上1勝クラス								永島まな		ダ1200				1:13.1	1.2		1-1	34.7-37.2	38.4	464(-2)																																	雨		15.0	1.0	1.0	6.7	3.0	11	55.0	不	**	**		スキャッターシード																													
2019103308	2023-08-05	2新潟3		12.0	3歳以上1勝クラス								田口貫太		ダ1200				1:13.2	1.7		5-5	33.9-37.6	38.7	458(-6)																																	晴		15.0	6.0	11.0	47.8	10.0	9	55.0	良	**	**		ロードラディウス																													
2019103308	2023-09-09	4中山1		12.0	3歳以上1勝クラス								小林勝太		ダ1200				1:13.1	1.9		9-10	34.3-36.9	37.8	468(+10)																																	晴		16.0	2.0	3.0	45.5	10.0	12	55.0	重	**	**		ゴキゲンサン																													
2019103308	2023-10-29	4新潟6		6.0	3歳以上1勝クラス								佐々木大		ダ1200				1:10.2	0.0		3-2	34.0-36.2	35.8	468(0)				320.0																													雨		12.0	4.0	4.0	25.3	6.0	2	57.0	不	**	**		ブラーヴ																													
2019103308	2023-12-16	4中京5		8.0	3歳以上1勝クラス								団野大成		ダ1200				1:11.5	0.9		4-4	35.0-35.6	36.1	466(-2)				80.0																													曇		16.0	2.0	3.0	14.0	5.0	5	58.0	重	**	**		タイキエクセロン																													
2019103308	2024-01-08	1中山3		7.0	4歳以上1勝クラス								原優介		ダ1200				1:13.0	0.1		5-4	33.7-39.2	38.9	474(+8)				200.0																													晴		16.0	8.0	16.0	16.1	6.0	3	57.0	良	**	**		オルコス																													
2019103308	2024-02-25	1阪神2		12.0	4歳以上1勝クラス								原優介		ダ1200				1:11.8	0.8		5-5	34.6-36.4	36.6	472(-2)				120.0																													小雨		15.0	6.0	11.0	7.1	3.0	4	57.0	不	**	**		サクハル																													
2019103308	2024-03-17	2中山8		7.0	4歳以上1勝クラス								原優介		ダ1200				1:13.0	1.0		2-2	35.2-36.8	37.7	478(+6)				320.0																													晴		16.0	5.0	10.0	8.2	3.0	2	57.0	良	**	**		ナスノカンゲツ																													
2019103308	2024-09-22	4中山7		8.0	3歳以上1勝クラス								小林勝太		ダ1200				1:12.7	1.1		6-5	33.8-37.8	38.4	482(+4)																																	曇		16.0	6.0	12.0	20.1	9.0	9	56.0	良	**	**		リリージェーン																													
2019103308	2024-10-14	4新潟4		8.0	3歳以上1勝クラス								永島まな		ダ1200				1:12.0	0.8		8-8	34.4-36.8	36.5	476(-6)				80.0																													晴		8.0	5.0	5.0	7.3	4.0	5	56.0	良	**	**		テイエムヒショウ																													
2019103308	2025-03-22	2中山7		6.0	4歳以上1勝クラス								北村宏司		ダ1200				1:13.2	1.1		6-5	34.7-37.4	38.1	472(-4)																																	晴		16.0	2.0	4.0	35.1	10.0	12	58.0	稍	**	**		オセアエクスプレス																													
2019103308	2025-05-24	1新潟7		12.0	4歳以上1勝クラス								永島まな		ダ1200				1:13.3	1.6		13-13	35.2-36.5	36.3	470(-2)																																	曇		14.0	3.0	5.0	38.3	10.0	9	56.0	良	**	**		ジーベック																													
2019103308	2025-12-13	5中山3		7.0	3歳以上1勝クラス								横山典弘		ダ1200				1:12.9	0.6		13-13	35.1-37.2	36.8	480(+10)																																	曇		16.0	6.0	11.0	61.6	10.0	7	58.0	良	**	**		レイユール																													
2019103308	2026-01-17	1中山6		6.0	4歳以上1勝クラス								横山典弘		ダ1200				1:12.6	0.7		8-5	34.3-37.6	37.7	482(+2)																																	晴		16.0	1.0	2.0	24.3	10.0	9	58.0	良				メッエフアパラ																													
2019103442	2021-12-12	5中山4	曇	5.0	2歳新馬		16.0	7.0	13.0	30.7	7.0	3	江田照男	54.0	芝1600		良	**	1:37.2	0.5	**	1-2-2	37.3-34.6	34.9	446(0)			パンテレリア	180.0																																																																							
2019103442	2021-12-25	5中山7	晴	3.0	2歳未勝利		16.0	2.0	4.0	17.8	5.0	11	江田照男	54.0	芝1600		稍	**	1:38.0	1.1	**	2-2-2	35.9-36.1	37.1	446(0)			ニシノメグレス																																																																								
2019103442	2022-03-21	2中山8	曇	1.0	3歳未勝利		16.0	3.0	5.0	9.1	4.0	8	菊沢一樹	54.0	ダ1200		重	**	1:13.1	1.2	**	12-12	34.1-37.8	37.8	442(-4)			イルザ																																																																								
2019103442	2022-05-15	1新潟4	晴	1.0	3歳未勝利		15.0	7.0	13.0	9.1	5.0	2	今村聖奈	50.0	ダ1200		稍	**	1:12.6	0.1	**	5-5	33.8-38.7	38.3	440(-2)			ヴァーチュアス	210.0																																																																							
2019103442	2022-05-29	1新潟8	晴	1.0	3歳未勝利		15.0	3.0	5.0	18.4	5.0	4	原優介	51.0	ダ1200		稍	**	1:13.2	1.2	**	8-8	33.9-38.1	38.3	444(+4)			オースミメッシーナ	78.0																																																																							
2019103442	2022-06-18	3東京5	曇	7.0	3歳未勝利		16.0	8.0	15.0	10.0	7.0	1	菊沢一樹	54.0	ダ1400		良	**	1:25.2	-0.2	**	2-2	35.5-37.4	37.2	438(-6)			(リゼレインボー)	520.0																																																																							
2019103442	2022-08-27	3新潟5	曇	12.0	3歳以上1勝クラス		18.0	4.0	8.0	15.4	6.0	4	菊沢一樹	52.0	芝1200		良	**	1:08.7	0.4	**	5-5	33.2-35.1	34.6	446(+8)			ミスボニータ	120.0																																																																							
2019103442	2022-09-24	4中山6	曇	4.0	3歳以上1勝クラス		15.0	4.0	8.0	8.2	4.0	4	菊沢一樹	53.0	芝1200		不	**	1:09.3	1.0	**	6-5	34.8-33.5	33.9	448(+2)			ミッキーハーモニー	120.0																																																																							
2019103442	2022-11-19	3福島5	晴	8.0	3歳以上1勝クラス		16.0	7.0	13.0	13.1	6.0	2	菊沢一樹	54.0	ダ1150		良	**	1:08.6	0.1	**	10-9	31.0-37.5	36.7	446(-2)			ボルタドマール	310.0																																																																							
2019103442	2022-12-17	5中山5	曇	8.0	3歳以上1勝クラス		16.0	6.0	12.0	8.1	4.0	11	菊沢一樹	54.0	ダ1200		良	**	1:12.6	1.5	**	8-8	34.7-36.4	37.3	450(+4)			スズカコテキタイ																																																																								
2019103442	2023-03-11	2中山5	晴	8.0	4歳以上1勝クラス		13.0	4.0	5.0	8.1	3.0	1	横山和生	56.0	ダ1200		良	**	1:11.3	-0.1	**	4-4	34.1-37.2	36.9	450(0)			(サクラファシナンテ)	800.0																																																																							
2019103442	2023-05-06	2東京5	晴	12.0	4歳以上2勝クラス		10.0	6.0	6.0	20.0	7.0	6	横山和生	56.0	芝1400		良	**	1:21.3	0.3	**	7-7	34.5-34.8	34.3	452(+2)			ハーツラプソディ																																																																								
2019103442	2023-06-10	1函館1	晴	11.0	函館日刊スポーツ杯(2勝クラス)		13.0	4.0	4.0	25.4	10.0	2	横山和生	56.0	芝1200		良	**	1:08.6	0.1	**	9-8	33.0-35.5	34.7	454(+2)			モリノドリーム	627.8																																																																							
2019103442	2023-06-17	1函館3	曇	11.0	STV杯(2勝クラス)		15.0	3.0	5.0	5.3	2.0	7	鮫島克駿	55.0	芝1200		良	**	1:09.0	0.4	**	14-13	33.9-34.7	34.0	456(+2)			アップリバー																																																																								
2019103442	2023-07-16	2函館6	曇	12.0	湯の川温泉特別(2勝クラス)		13.0	4.0	5.0	9.8	7.0	9	丹内祐次	56.0	芝1200		稍	**	1:12.0	0.6	**	8-8	36.5-34.9	35.0	456(0)			スズノナデシコ																																																																								
2019103442	2023-09-03	3新潟8	晴	9.0	飯豊特別(2勝クラス)		13.0	7.0	11.0	29.4	9.0	11	菅原明良	56.0	芝1400		良	**	1:23.1	1.9	**	10-11	34.3-35.2	35.2	450(-6)			ラスール																																																																								
2019103442	2023-11-12	5東京4	曇	7.0	3歳以上2勝クラス		16.0	4.0	8.0	94.2	12.0	12	原優介	55.0	ダ1300		良	**	1:19.9	2.6	**	14-14	29.5-36.1	36.0	454(+4)			シアージスト																																																																								
2019103442	2023-12-03	5阪神2	晴	8.0	3歳以上2勝クラス		16.0	1.0	1.0	96.9	12.0	10	田口貫太	54.0	ダ1200		良	**	1:13.3	1.2	**	15-14	34.8-37.3	36.6	450(-4)			ゼットレヨン																																																																								
2019103442	2024-03-17	1阪神8	雨	9.0	山陽特別(2勝クラス)		11.0	1.0	1.0	90.3	10.0	9	池添謙一	56.0	芝1400		稍	**	1:22.7	1.6	**	2-2	34.4-35.1	36.4	462(+12)			サウンドブライアン																																																																								
2019103442	2024-04-13	3中山7	晴	8.0	4歳以上2勝クラス		12.0	8.0	12.0	49.3	11.0	7	長浜鴻緒	53.0	芝1200		良	**	1:09.7	0.6	**	3-4	35.3-33.8	34.2	462(0)			ティニア																																																																								
2019103442	2024-05-11	3京都7	晴	7.0	4歳以上2勝クラス		14.0	4.0	5.0	82.6	12.0	12	池添謙一	56.0	芝1200		良	**	1:09.0	1.3	**	9-11	33.9-33.8	34.2	462(0)			キタノエクスプレス																																																																								
2019103442	2024-12-08	7京都4	曇	12.0	鹿ケ谷特別(2勝クラス)		11.0	7.0	9.0	199.4	11.0	11	古川吉洋	56.0	芝1200		良	**	1:09.8	1.1	**	6-5	34.5-34.2	34.7	466(+4)			イサチルシーサイド																																																																								
2019103442	2025-01-05	1中京1	晴	8.0	4歳以上2勝クラス		16.0	8.0	15.0	176.1	15.0	11	古川吉洋	56.0	ダ1200		良	**	1:12.9	1.0	**	12-12	34.1-37.8	37.0	470(+4)			ナッカーフェイス																																																																								
2019103442	2025-02-16	1京都6	曇	12.0	4歳以上2勝クラス		16.0	8.0	16.0	199.7	15.0	6	古川吉洋	56.0	ダ1200		稍	**	1:12.9	0.7	**	11-10	35.1-37.1	36.8	462(-8)			タガノミスト																																																																								
2019103442	2025-03-16	2中山6	小雨	12.0	4歳以上2勝クラス		16.0	2.0	4.0	160.1	16.0	10	杉原誠人	56.0	ダ1200		不	**	1:11.6	0.7	**	14-14	33.1-37.8	36.9	460(-2)			ショウナンアビアス																																																																								
2019103442	2025-04-06	3中山4	晴	12.0	4歳以上2勝クラス		15.0	4.0	7.0	83.6	10.0	5	原優介	56.0	ダ1200		稍	**	1:12.4	0.9	**	7-6	35.7-35.8	36.1	460(0)			ネイト	114.0																																																																							
2019103442	2025-04-12	3中山5	晴	12.0	4歳以上2勝クラス		16.0	7.0	14.0	93.4	16.0	5	石川裕紀	56.0	ダ1200		良	**	1:11.3	0.4	**	11-10	34.4-36.5	35.8	456(-4)			オーブルクール	114.0																																																																							
2019103442	2025-05-11	2京都6	曇	12.0	4歳以上2勝クラス		16.0	3.0	6.0	28.4	10.0	12	古川吉洋	56.0	ダ1400		稍	**	1:25.2	1.3	**	12-12	35.0-36.4	36.7	450(-6)			プルートマスター																																																																								
2019103442	2025-07-13	1函館10	晴	10.0	噴火湾特別(2勝クラス)		12.0	6.0	7.0	31.5	11.0	3	松本大輝	56.0	ダ1000		良	**	0:59.0	0.1	**	10-9	34.4-36.0	35.1	460(+10)			テイエムタリスマ	393.6																																																																							
2019103442	2025-08-03	1札幌4	晴	9.0	3歳以上2勝クラス		10.0	2.0	2.0	16.2	7.0	3	松本大輝	55.0	ダ1000		良	**	0:59.5	0.9	**	9-7	34.5-35.7	35.3	460(0)			メイショウキルギス	290.0																																																																							
2019103442	2025-08-17	1札幌8	曇	10.0	大通公園特別(2勝クラス)		11.0	1.0	1.0	38.5	8.0	8	古川吉洋	56.0	ダ1000		稍	**	0:59.5	0.8	**	10-9	34.2-35.9	35.2	454(-6)			カウスリップ																																																																								
2019103442	2026-01-04	1中山1	晴	12.0	4歳以上2勝クラス		16.0	4.0	7.0	76.2	12.0	11	石川裕紀	56.0	ダ1200		稍	**	1:12.3	1.3	**	13-13	34.7-36.3	36.2	472(+18)			スリーピース																																																																								
2019103556	2022-01-29	1中京9		4.0	3歳新馬								和田竜二		ダ1400				1:28.0	1.8		5-5	35.6-38.0	39.3	486(0)				150.0	晴		14.0	4.0	6.0	18.5	8.0	3	56.0	良	**	**		キュートヴィラン																																																									
2019103556	2022-02-19	1阪神3		4.0	3歳未勝利								和田竜二		ダ1400				1:27.9	1.4		5-5	35.2-38.3	39.2	486(0)					曇		13.0	1.0	1.0	11.7	4.0	6	56.0	良	**	**		フラップシグナス																																																									
2019103556	2022-03-13	1阪神10		2.0	3歳未勝利								和田竜二		ダ1800				1:57.1	2.2		2-2-6-5	37.7-39.7	41.0	488(+2)					曇		11.0	8.0	11.0	12.0	6.0	9	56.0	良	**	**		エメヴィベール																																																									
2019103556	2022-03-27	2阪神2		2.0	3歳未勝利								松若風馬		ダ1200				1:11.6	-0.1		3-2	35.1-36.5	36.3	488(0)				520.0	晴		16.0	2.0	3.0	48.9	8.0	1	56.0	重	**	**		(ルアル)																																																									
2019103556	2022-09-18	5中京4		8.0	3歳以上1勝クラス								松若風馬		ダ1200				1:12.5	0.8		8-9	34.8-36.9	37.0	494(+6)					曇		15.0	4.0	7.0	8.4	4.0	8	55.0	良	**	**		サンライズホーク																																																									
2019103556	2022-10-10	4阪神3		7.0	3歳以上1勝クラス								松若風馬		ダ1200				1:11.6	0.8		5-4	34.5-36.3	36.7	498(+4)					曇		14.0	8.0	14.0	10.1	5.0	6	55.0	不	**	**		スリードレフォン																																																									
2019103556	2022-12-25	6阪神8		8.0	3歳以上1勝クラス								松若風馬		ダ1200				1:13.2	1.1		2-2	35.6-36.5	37.5	494(-4)					晴		15.0	2.0	2.0	15.7	5.0	6	56.0	良	**	**		ダイリュウブラック																																																									
2019103556	2023-01-14	1中京5		8.0	4歳以上1勝クラス								角田大河		ダ1200				1:12.7	0.8		4-4	35.8-36.1	36.7	496(+2)				200.0	曇		14.0	8.0	14.0	11.7	4.0	3	56.0	重	**	**		ナムラフランク																																																									
2019103556	2023-02-04	1中京11		6.0	4歳以上1勝クラス								角田大河		ダ1200				1:13.7	0.8		9-9	35.1-37.8	37.8	502(+6)					晴		16.0	1.0	1.0	7.7	4.0	9	56.0	良	**	**		オステリア																																																									
2019103556	2023-03-25	2阪神1		12.0	4歳以上1勝クラス								和田竜二		ダ1200				1:11.6	0.5		2-2	35.1-36.0	36.4	484(-18)				320.0	曇		14.0	6.0	10.0	6.3	4.0	2	58.0	稍	**	**		グランアプロウソ																																																									
2019103556	2023-04-09	2阪神6		6.0	4歳以上1勝クラス								松若風馬		ダ1200				1:13.5	0.7		1-1	35.2-37.6	38.3	486(+2)					晴		13.0	1.0	1.0	4.8	3.0	10	58.0	稍	**	**		エバニスタ																																																									
2019103556	2023-06-17	3阪神5		12.0	3歳以上1勝クラス								長岡禎仁		ダ1200				1:14.3	2.0		9-14	34.8-37.5	38.4	486(0)					晴		16.0	2.0	3.0	41.9	9.0	14	58.0	良	**	**		ボナンザ																																																									
2019103556	2023-09-23	4阪神6		9.0	3歳以上1勝クラス								長岡禎仁		ダ1200				1:13.0	1.4		5-5	34.0-37.6	38.1	492(+6)					晴		15.0	6.0	11.0	69.0	12.0	10	58.0	稍	**	**		ディキシーガンナー																																																									
2019103556	2023-10-09	2京都3		8.0	3歳以上1勝クラス								長岡禎仁		ダ1200				1:13.6	0.8		11-9	34.7-38.1	38.0	494(+2)					曇		16.0	6.0	11.0	31.9	11.0	9	58.0	重	**	**		ギーロカスタル																																																									
2019103556	2023-10-21	2京都6		6.0	3歳以上1勝クラス								和田竜二		ダ1200				1:13.7	1.3		8-8	35.1-37.3	37.3	494(0)					曇		14.0	5.0	7.0	54.8	12.0	11	58.0	良	**	**		アイファーシアトル																																																									
2019103556	2024-02-25	1阪神2		12.0	4歳以上1勝クラス								長岡禎仁		ダ1200				1:11.0	-0.4		2-1	34.6-36.4	36.3	504(+10)				800.0	小雨		15.0	4.0	6.0	31.3	8.0	1	58.0	不	**	**		(ロードドミニオン)																																																									
2019103556	2024-03-09	1中京1		9.0	伊良湖特別(2勝クラス)								長岡禎仁		ダ1200				1:13.4	0.4		7-12	34.2-38.8	38.1	504(0)					曇		16.0	4.0	8.0	16.4	8.0	8	58.0	良	**	**		ロングファイナリー																																																									
2019103556	2024-04-06	2阪神5		12.0	4歳以上2勝クラス								長岡禎仁		ダ1200				1:13.2	1.3		9-9	35.4-36.5	37.0	508(+4)					曇		13.0	7.0	10.0	23.2	8.0	12	58.0	稍	**	**		ダイリュウホマレ																																																									
2019103556	2024-06-23	4京都8		12.0	リボン賞(2勝クラス)								長岡禎仁		ダ1200				1:11.3	1.2		2-2	34.8-35.3	36.4	498(-10)					曇		16.0	1.0	2.0	92.5	12.0	8	58.0	不	**	**		エスカル																																																									
2019103556	2024-09-07	3中京1		12.0	3歳以上2勝クラス								長岡禎仁		ダ1200				1:12.4	1.7		3-4	34.1-36.6	38.0	498(0)					晴		11.0	1.0	1.0	51.7	9.0	10	58.0	良	**	**		スターターン																																																									
2019103556	2024-12-22	7京都8		8.0	3歳以上2勝クラス								長岡禎仁		ダ1400				1:27.5	2.1		1-2	36.0-37.6	39.7	506(+8)					晴		16.0	1.0	1.0	127.6	14.0	14	58.0	良	**	**		スターペスカオリ																																																									
2019103556	2025-01-19	1中京7		10.0	豊川特別(2勝クラス)								長岡禎仁		ダ1200				1:13.3	2.2		6-7	35.1-36.0	37.8	504(-2)					晴		16.0	7.0	13.0	262.8	16.0	15	58.0	良	**	**		ドゥータップ																																																									
2019103556	2025-03-02	1阪神2		12.0	4歳以上2勝クラス								和田竜二		ダ1200				1:13.4	1.7		11-11	34.7-37.0	37.3	502(-2)					曇		16.0	8.0	15.0	173.2	15.0	13	58.0	良	**	**		キタノズエッジ																																																									
2019103556	2025-05-22	大井		11.0	’25メトロポリタン(A2B1)								長岡禎仁		ダ1200				1:13.0	0.3		7-7	34.1-38.6	38.2	509(+7)				288.0	曇		15.0	2.0	2.0	37.4	7.0	2	57.0	良	**	**		モデルハント																																																									
2019103556	2025-06-01	2京都12		8.0	4歳以上2勝クラス								長岡禎仁		ダ1200				1:12.4	1.0		13-13	35.1-36.3	36.3	506(-3)					晴		16.0	3.0	6.0	163.3	16.0	12	58.0	良	**	**		パドマ																																																									
2019103556	2025-07-19	2小倉7		10.0	熊本城特別(2勝クラス)								長岡禎仁		ダ1700				1:46.4	3.2		3-3-3-6	29.7-36.7	39.6	488(-18)					曇		16.0	7.0	14.0	132.2	15.0	15	58.0	重	**	**		レイナデアルシーラ																																																									
2019103556	2025-09-02	大井		11.0	貴船坂賞競走(B3)								西啓太		ダ1400				1:27.7	0.4		4-5-4	37.4-37.5	37.5	509(+21)				57.0	晴		12.0	1.0	1.0	2.6	1.0	4	56.0	良	**	**		ワールドエイム																																																									
2019103556	2025-09-19	大井		12.0	伊皿子坂賞競走(B3)								西啓太		ダ1200				1:15.4	3.2		5-5	34.4-37.8	40.5	505(-4)					曇		16.0	7.0	13.0	6.6	3.0	14	56.0	不	**	**		ブルーヒサシン																																																									
2019103556	2025-10-07	大井		10.0	プルザトリガー賞競走(B3)								西啓太		ダ1200				1:13.2	0.1		1-1	35.3-37.8	37.9	507(+2)				152.0	曇		11.0	6.0	7.0	4.3	2.0	2	56.0	良	**	**		シャインフォール																																																									
2019103556	2025-12-05	大井		11.0	スマイルシティ・品川(B2)								西啓太		ダ1200				1:14.9	2.0		2-2	34.9-38.0	39.8	505(-2)					晴		14.0	4.0	5.0	21.7	6.0	11	56.0	良	**	**		ワールドコネクター																																																									
2019103556	2025-12-31	大井		12.0	おおとり賞競走(B2)								野畑凌		ダ1200				1:14.0	0.7		2-2	35.1-38.2	38.8	503(-2)					晴		16.0	6.0	12.0	95.8	14.0	10	56.0	稍	**	**		シャインフォール																																																									
2019103562	2021-08-29	4小倉6		6.0	2歳新馬								藤岡康太		芝1200				1:10.9	0.1		3-3	35.9-34.9	34.8	486(0)				280.0	晴		8.0	7.0	7.0	4.6	2.0	2	54.0	良	**	**		ホワイトターフ																																																									
2019103562	2021-09-18	5中京3		3.0	2歳未勝利								藤岡康太		芝1600				1:39.4	2.6		1-1-1	36.0-36.4	39.0	478(-8)					雨		13.0	2.0	2.0	10.7	5.0	12	54.0	不	**	**		ピンクマクフィー																																																									
2019103562	2021-12-04	6阪神1		4.0	2歳未勝利								幸英明		芝1200				1:09.6	0.0		1-1	34.9-34.7	34.7	486(+8)				200.0	晴		12.0	5.0	5.0	5.1	3.0	2	55.0	良	**	**		フェブサンカラ																																																									
2019103562	2021-12-28	6阪神9		2.0	2歳未勝利								幸英明		芝1200				1:09.7	0.4		2-2	34.4-34.9	35.3	488(+2)				77.0	曇		16.0	1.0	1.0	3.0	2.0	4	55.0	良	**	**		ゼロドラゴン																																																									
2019103562	2022-01-23	1小倉4		6.0	3歳未勝利								原優介		芝1200				1:10.3	0.2		1-1	33.7-36.4	36.6	488(0)				210.0	雨		18.0	2.0	3.0	4.0	2.0	2	53.0	重	**	**		ミッキーハーモニー																																																									
2019103562	2022-04-16	1福島1		2.0	3歳未勝利								原優介		芝1200				1:10.3	-0.4		1-1	33.9-36.4	36.4	488(0)				520.0	曇		16.0	3.0	5.0	2.2	1.0	1	53.0	稍	**	**		(ソングフォーユー)																																																									
2019103562	2022-05-21	3中京5		9.0	メルボルンT(1勝クラス)								幸英明		芝1200				1:08.9	-0.1		2-2	34.3-34.6	34.3	488(0)				1064.3	曇		16.0	4.0	8.0	15.9	6.0	1	56.0	良	**	**		(タイセイブリリオ)																																																									
2019103562	2022-09-25	5中京7		9.0	知多特別(2勝クラス)								幸英明		芝1200				1:09.6	1.9		3-2	33.7-34.0	35.7	488(0)					晴		17.0	6.0	12.0	22.3	6.0	17	55.0	良	**	**		マッドクール																																																									
2019103562	2022-10-23	4阪神7		9.0	北摂特別(2勝クラス)								幸英明		芝1200				1:08.9	0.2		2-2	34.7-34.0	34.1	488(0)				230.0	晴		13.0	3.0	3.0	19.0	6.0	4	55.0	良	**	**		スリーパーダ																																																									
2019103562	2022-11-12	3福島3		10.0	会津特別(2勝クラス)								酒井学		芝1200				1:10.6	0.4		2-2	33.7-36.5	36.8	490(+2)					晴		16.0	3.0	6.0	10.7	5.0	6	56.0	良	**	**		ジャストザビアンカ																																																									
2019103562	2023-01-28	1小倉5		11.0	周防灘特別(2勝クラス)								幸英明		芝1200				1:09.7	0.5		2-2	33.7-35.5	35.7	490(0)				155.0	曇		18.0	8.0	16.0	14.8	5.0	5	58.0	重	**	**		エナジーグラン																																																									
2019103562	2023-02-18	2小倉3		11.0	紫川特別(2勝クラス)								菱田裕二		芝1200				1:10.2	1.8		5-5	33.5-34.9	36.1	490(0)					小雨		18.0	1.0	1.0	15.4	7.0	17	58.0	稍	**	**		メイショウゲンセン																																																									
2019103562	2023-04-23	1福島6		11.0	福島中央テレビ杯(2勝クラス)								原優介		芝1200				1:09.8	1.0		2-2	34.2-34.6	35.5	490(0)					晴		16.0	2.0	3.0	26.6	10.0	15	58.0	良	**	**		ショウナンハクラク																																																									
2019103562	2023-07-01	3中京1		10.0	知多特別(2勝クラス)								幸英明		芝1200				1:09.3	0.6		3-2	33.8-34.9	35.3	482(-8)					晴		11.0	6.0	7.0	20.0	6.0	7	58.0	重	**	**		タイセイブリリオ																																																									
2019103562	2023-07-22	2福島7		10.0	郡山特別(2勝クラス)								石川裕紀		芝1200				1:09.6	0.5		2-2	33.9-35.2	35.6	480(-2)					晴		15.0	6.0	11.0	44.0	10.0	6	58.0	良	**	**		ブーケファロス																																																									
2019103562	2023-09-24	4阪神7		12.0	3歳以上2勝クラス								田口貫太		ダ1200				1:12.7	0.9		3-4	35.5-36.3	36.6	484(+4)					晴		15.0	7.0	13.0	24.8	8.0	6	55.0	良	**	**		パラシュラーマ																																																									
2019103562	2023-10-22	2京都7		9.0	壬生特別(2勝クラス)								和田竜二		芝1200				1:08.3	0.6		1-1	33.9-33.8	34.4	494(+10)					晴		16.0	1.0	2.0	54.4	11.0	6	58.0	良	**	**		ミルトクレイモー																																																									
2019103562	2023-12-24	5中山8		8.0	冬至特別(2勝クラス)								マーカン		ダ1200				1:11.0	0.2		2-2	33.5-37.3	37.3	492(-2)				630.4	曇		14.0	5.0	8.0	31.4	4.0	2	58.0	良	**	**		ワールズコライド																																																									
2019103562	2024-01-13	1中山4		8.0	4歳以上2勝クラス								ルメール		ダ1200				1:11.3	0.0		2-2	34.5-36.8	36.7	488(-4)				1140.0	曇		12.0	3.0	3.0	2.2	1.0	1	58.0	良	**	**		(デュードメール)																																																									
2019103562	2024-02-03	2京都3		9.0	橿原S(3勝クラス)								幸英明		ダ1200				1:12.9	2.1		7-7	34.0-36.8	37.9	488(0)					晴		16.0	5.0	9.0	48.4	10.0	13	58.0	良	**	**		ドンアミティエ																																																									
2019103562	2024-04-28	3京都4		12.0	東大路S(3勝クラス)								三浦皇成		ダ1200				1:14.0	2.7		4-7	35.2-36.1	38.5	486(-2)					晴		16.0	1.0	1.0	70.0	12.0	16	58.0	良	**	**		ステラフィオーレ																																																									
2019103562	2024-07-20	2福島7		11.0	TUF杯(3勝クラス)								田辺裕信		ダ1150				1:07.9	0.6		2-2	31.1-36.2	36.7	484(-2)				749.8	晴		16.0	3.0	5.0	13.8	4.0	2	54.0	良	**	**		エスカル																																																									
2019103562	2024-08-17	3新潟3		10.0	上越S(3勝クラス)								原優介		ダ1200				1:13.4	2.2		3-4	34.0-37.2	39.1	484(0)					晴		15.0	7.0	13.0	19.7	6.0	15	58.0	良	**	**		ジュンウィンダム																																																									
2019103562	2024-11-02	3福島1		11.0	フルーツラインC(3勝クラス)								亀田温心		ダ1150				1:08.5	1.6		7-7	30.9-36.0	36.9	486(+2)					雨		16.0	3.0	5.0	24.3	9.0	9	58.0	不	**	**		エランティス																																																									
2019103562	2024-12-22	5中山8		12.0	フェアウェルS(3勝クラス)								石橋脩		ダ1200				1:13.5	2.7		10-12	33.3-37.5	39.3	490(+4)					晴		16.0	2.0	3.0	65.5	12.0	14	58.0	良	**	**		ケイアイアニラ																																																									
2019103562	2025-01-26	1中山9		10.0	江戸川S(3勝クラス)								ルメート		ダ1200				1:12.0	0.9		5-4	33.3-37.8	38.1	488(-2)					晴		15.0	7.0	13.0	76.6	13.0	12	58.0	良	**	**		タイセイブリリオ																																																									
2019103562	2026-01-04	名古屋		11.0	目出鯛特別(A)								丸野勝虎		ダ1700				1:53.0	3.7		4-6-10		41.8	502(+14)					晴		11.0	8.0	12.0	12.8	4.0	11	57.0	良	**	**		ダグフォース																																																									
2019103588	2021-10-16	4東京3		5.0	2歳新馬								Ｍ．デム		芝1800				1:50.1	-0.2		4-5-3	38.2-34.2	33.9	434(0)				700.0															小雨		18.0	4.0	8.0	2.7	1.0	1	54.0	良	**	**		(エピファニー)																																											
2019103588	2021-11-27	5阪神7		11.0	ラジオN杯京都2歳S(GIII)								Ｍ．デム		芝2000				2:04.5	1.2		5-5-5-2	37.5-35.7	36.5	424(-10)																			曇		10.0	6.0	6.0	6.0	4.0	8	54.0	良	**	**		ジャスティンロック																																											
2019103588	2022-01-10	1中山4		11.0	フェアリーS(GIII)								Ｍ．デム		芝1600				1:35.2	-0.1		16-9-10	35.5-35.3	34.7	420(-4)				3757.4															曇		16.0	4.0	8.0	7.1	5.0	1	54.0	良	**	**		(スターズオンアース)																																											
2019103588	2022-04-10	2阪神6		11.0	桜花賞(GI)								福永祐一		芝1600				1:34.0	1.1		16-17	34.6-34.1	34.1	426(+6)																			晴		18.0	5.0	10.0	22.4	10.0	16	55.0	良	**	**		スターズオンアース																																											
2019103588	2022-05-22	2東京10		11.0	優駿牝馬(GI)								横山和生		芝2400				2:25.4	1.5		15-15-15-15	35.3-34.8	34.5	426(0)																			晴		17.0	6.0	12.0	42.4	12.0	11	55.0	良	**	**		スターズオンアース																																											
2019103588	2022-09-10	4中山1		11.0	紫苑S(GIII)								戸崎圭太		芝2000				2:00.0	0.1		8-8-10-6	35.9-35.1	34.6	434(+8)				936.1															晴		12.0	6.0	8.0	6.8	6.0	3	54.0	良	**	**		スタニングローズ																																											
2019103588	2022-10-16	4阪神5		11.0	秋華賞(GI)								Ｍ．デム		芝2000				1:59.4	0.8		16-16-16-16	35.7-34.8	33.9	432(-2)																			晴		16.0	1.0	2.0	19.9	6.0	10	55.0	良	**	**		スタニングローズ																																											
2019103588	2022-11-13	5阪神4		11.0	エリザベス女王杯(GI)								Ｍ．デム		芝2200				2:13.3	0.3		16-17-14-13	35.3-36.4	35.5	438(+6)				4331.0															曇		18.0	7.0	15.0	52.9	12.0	2	54.0	重	**	**		ジェラルディーナ																																											
2019103588	2023-03-25	3中山1		11.0	日経賞(GII)								Ｍ．デム		芝2500				2:38.3	1.5		12-12-11-7	30.6-36.8	36.9	434(-4)				1000.0															曇		12.0	4.0	4.0	5.9	3.0	4	54.0	不	**	**		タイトルホルダー																																											
2019103588	2023-05-28	2東京12		12.0	目黒記念(GII)								Ｍ．デム		芝2500				2:31.4	0.6		15-14-13-14	29.7-34.5	34.1	438(+4)																			曇		18.0	2.0	4.0	8.3	5.0	9	56.0	良	**	**		ヒートオンビート																																											
2019103588	2023-06-25	3阪神8		11.0	宝塚記念(GI)								Ｍ．デム		芝2200				2:12.7	1.5		7-7-8-12	34.0-35.5	36.4	430(-8)																			曇		17.0	1.0	1.0	158.9	13.0	17	56.0	良	**	**		イクイノックス																																											
2019103588	2023-10-14	4東京4		11.0	アイルランド府中牝馬(GII)								戸崎圭太		芝1800				1:46.2	0.1		4-6-5	35.9-33.9	33.0	448(+18)				1413.0															晴		13.0	6.0	8.0	25.9	10.0	3	55.0	良	**	**		ディヴィーナ																																											
2019103588	2023-11-12	3京都4		11.0	エリザベス女王杯(GI)								戸崎圭太		芝2200				2:12.9	0.3		10-10-11-12	36.5-35.1	34.2	442(-6)				2000.0															曇		15.0	6.0	11.0	10.2	4.0	4	56.0	良	**	**		ブレイディヴェーグ																																											
2019103588	2023-12-24	5中山8		11.0	有馬記念(GI)								戸崎圭太		芝2500				2:31.8	0.9		14-13-15-12	30.2-35.9	34.9	448(+6)																			晴		16.0	4.0	8.0	65.1	10.0	13	56.0	良	**	**		ドウデュース																																											
2019103588	2024-04-06	2阪神5		11.0	サンスポ杯阪神牝馬S(GII)								戸崎圭太		芝1600				1:34.2	1.2		5-4	35.4-33.5	34.2	432(-16)																			曇		11.0	8.0	11.0	10.5	6.0	10	55.0	良	**	**		マスクトディーヴァ																																											
2019103588	2024-05-12	2東京8		11.0	ヴィクトリアマイル(GI)								戸崎圭太		芝1600				1:33.7	1.9		9-8	33.8-35.0	35.8	440(+8)																			曇		15.0	1.0	1.0	56.7	9.0	14	56.0	良	**	**		テンハッピーローズ																																											
2019103588	2024-10-14	4東京4		11.0	アイルランド府中牝馬(GII)								横山武史		芝1800				1:45.7	1.0		7-8-6	35.1-34.1	34.1	458(+18)																			晴		15.0	8.0	14.0	33.8	9.0	13	55.0	良	**	**		ブレイディヴェーグ																																											
2019103588	2024-11-10	6京都4		11.0	エリザベス女王杯(GI)								石川裕紀		芝2200				2:11.6	0.5		11-11-11-11	35.2-34.4	33.9	448(-10)																			曇		17.0	1.0	2.0	35.7	10.0	6	56.0	良	**	**		スタニングローズ																																											
2019103588	2025-01-26	1中山9		11.0	アメリカジョッキーC(GII)								石川裕紀		芝2200				2:12.7	0.6		9-9-10-10	36.5-36.6	36.3	444(-4)				620.0															晴		18.0	1.0	1.0	40.3	9.0	5	55.0	良	**	**		ダノンデサイル																																											
2019103588	2025-03-16	2中京2		11.0	東海テレビ杯金鯱賞(GII)								石川裕紀		芝2000				2:03.1	1.8		5-4-4-5	35.7-38.6	37.8	446(+2)																			小雨		10.0	3.0	3.0	25.4	7.0	8	55.0	重	**	**		クイーンズウォーク																																											
2019103588	2025-04-20	1福島4		11.0	福島牝馬S(GIII)								石川裕紀		芝1800				1:47.2	1.0		14-14-14-13	35.2-35.2	34.4	442(-4)																			曇		16.0	1.0	2.0	7.7	3.0	8	55.0	良	**	**		アドマイヤマツリ																																											
2019103588	2025-08-03	1札幌4		11.0	クイーンS(GIII)								石川裕紀		芝1800				1:46.3	0.3		10-10-10-9	34.9-35.9	34.6	454(+12)				570.0															晴		14.0	7.0	11.0	39.1	10.0	4	55.0	良	**	**		アルジーヌ																																											
2019103588	2025-10-12	4東京4		11.0	アイルランドT(GII)								石川裕紀		芝1800				1:45.8	0.1		11-13-13	36.4-33.2	32.3	458(+4)				830.0															曇		16.0	5.0	10.0	19.1	8.0	4	55.0	良	**	**		ラヴァンダ																																											
2019103588	2025-11-16	4京都4		11.0	エリザベス女王杯(GI)								藤岡佑介		芝2200				2:11.4	0.4		15-15-16-16	35.4-34.9	34.2	456(-2)				3349.8															晴		16.0	6.0	12.0	32.7	9.0	3	56.0	良	**	**		レガレイラ																																											
2019103588	2026-01-18	1京都7		11.0	日経新春杯(GII)								藤岡佑介		芝2400				2:26.9	1.2		11-12-12-12	35.9-34.4	34.0	442(-14)																																																													晴		13.0	8.0	12.0	11.5	6.0	12	55.0	良	**	**		ゲルチュタール	202608010711
2019103634	2021-06-13	3東京4		5.0	2歳新馬								戸崎圭太		芝1800				1:53.4	2.5		2-4-5	38.7-34.3	36.5	500(0)																			曇		8.0	3.0	3.0	25.5	5.0	8	54.0	良	**	**		ヴァーンフリート																																											
2019103634	2021-10-10	4東京2		2.0	2歳未勝利								柴田大知		ダ1600				1:39.2	-0.1		10-9	35.6-38.9	37.7	506(+6)				510.0															曇		15.0	2.0	3.0	9.3	5.0	1	55.0	良	**	**		(ケイアイユニバース)																																											
2019103634	2021-11-07	5阪神2		9.0	もちの木賞(1勝クラス)								坂井瑠星		ダ1800				1:57.0	3.5		2-2-2-2	36.7-38.4	41.8	506(0)																			晴		13.0	4.0	5.0	17.0	6.0	11	55.0	良	**	**		クラウンプライド																																											
2019103634	2022-07-30	1札幌3		7.0	3歳以上1勝クラス								柴山雄一		ダ1700				1:48.1	2.3		3-3-3-5	30.9-36.9	38.9	526(+20)																			晴		14.0	6.0	10.0	127.4	12.0	11	54.0	良	**	**		ジョイス																																											
2019103634	2022-08-14	2札幌2		6.0	3歳以上1勝クラス								斎藤新		ダ1700				1:48.7	2.0		7-8-12-11	30.0-39.6	40.4	522(-4)																			曇		14.0	1.0	1.0	105.5	10.0	10	54.0	稍	**	**		コスモルーテウス																																											
2019103634	2022-11-05	5東京1		8.0	3歳以上1勝クラス								柴田大知		ダ1300				1:19.4	0.9		4-5	29.3-37.2	37.6	526(+4)																			晴		16.0	5.0	9.0	24.3	10.0	10	56.0	良	**	**		アーサーテソーロ																																											
2019103634	2022-12-04	6中京2		6.0	3歳以上1勝クラス								斎藤新		ダ1200				1:13.5	0.4		14-14	35.7-37.4	36.5	528(+2)				77.0															晴		16.0	4.0	8.0	15.6	5.0	5	56.0	良	**	**		ベジェサ																																											
2019103634	2022-12-17	5中山5		8.0	3歳以上1勝クラス								斎藤新		ダ1200				1:12.3	1.2		14-14	34.7-36.4	36.2	524(-4)																			曇		16.0	7.0	14.0	14.1	6.0	6	56.0	良	**	**		スズカコテキタイ																																											
2019103634	2023-01-07	1中山2		7.0	4歳以上1勝クラス								柴田大知		ダ1200				1:12.2	0.7		15-16	33.7-37.8	37.1	524(0)																			晴		16.0	4.0	7.0	15.3	8.0	9	58.0	良	**	**		カイタロー																																											
2019103634	2023-03-26	2中京6		6.0	4歳以上1勝クラス								和田竜二		ダ1400				1:26.3	1.1		5-5	36.0-37.0	37.8	524(0)																			小雨		16.0	5.0	9.0	17.9	8.0	9	58.0	不	**	**		マイレッドスター																																											
2019103634	2023-04-16	3中山8		7.0	4歳以上1勝クラス								石川裕紀		ダ1200				1:11.5	1.5		11-11	33.7-36.3	36.4	518(-6)																			晴		14.0	5.0	8.0	22.0	8.0	8	58.0	重	**	**		マイアミュレット																																											
2019103634	2024-02-17	1東京7		7.0	4歳以上1勝クラス								柴田大知		ダ1400				1:27.8	1.8		10-11	36.6-36.5	37.1	538(+20)																			曇		16.0	7.0	14.0	237.8	15.0	13	58.0	良	**	**		ユイノイチゲキ																																											
2019103634	2024-08-25	3新潟6		1.0	障害3歳以上未勝利								草野太郎		障2850				3:11.8	1.1		5-4-4-4	103.0-0.0	13.5	524(-14)				120.0															曇		8.0	6.0	6.0	73.0	7.0	4	60.0	良				ピーターサイト																																											
2019103634	2025-04-27	2京都2		4.0	障害4歳以上未勝利								草野太郎		障2910				3:23.8	2.5		4-4-4-5	107.1-0.0	14.0	508(-16)																			晴		12.0	6.0	7.0	18.3	7.0	8	60.0	良				アルマーザアミール																																											
2019103634	2025-05-25	1新潟8		4.0	障害4歳以上未勝利								草野太郎		障2890				3:21.3	6.8		11-9-8-11	107.1-0.0	13.9	518(+10)																			小雨		14.0	1.0	1.0	25.5	6.0	11	60.0	稍				トゥラッタッタ																																											
2019103634	2026-01-18	1中山7		4.0	障害4歳以上未勝利								草野太郎		障2880				3:22.0	8.4		13-12-12-12	106.1-0.0	14.0	538(+20)																																																													晴		14.0	2.0	2.0	160.7	11.0	12	60.0	良				アスクオンディープ	202606010704
2019103659	2022-01-15	1中京5		6.0	3歳新馬								川田将雅		芝2000				2:04.2	-0.1		5-6-6-4	37.6-34.5	34.2	484(0)				600.0	晴		12.0	4.0	4.0	3.3	2.0	1	56.0	良	**	**		(プラダリア)																																																									
2019103659	2022-02-26	1阪神5		10.0	すみれS(L)								川田将雅		芝2200				2:14.3	1.4		6-6-5-6	35.9-34.4	35.5	484(0)					晴		8.0	6.0	6.0	3.5	1.0	8	56.0	良	**	**		ポッドボレット																																																									
2019103659	2024-01-06	1京都1		12.0	4歳以上1勝クラス								藤岡佑介		芝1800				1:50.5	3.2		2-4	35.2-35.9	38.9	504(+20)					曇		17.0	7.0	14.0	31.9	10.0	17	58.0	良	**	**		アスクオンディープ																																																									
2019103659	2024-02-03	2京都3		7.0	4歳以上1勝クラス								角田大河		芝2000				2:01.5	1.1		3-3-4-3	37.3-35.5	36.3	508(+4)					晴		11.0	5.0	5.0	23.0	7.0	7	57.0	良	**	**		ブリタニア																																																									
2019103659	2024-02-24	2小倉5		12.0	4歳以上1勝クラス								藤岡佑介		芝1200				1:09.3	0.0		10-10	34.0-35.3	34.5	498(-10)				800.0	晴		18.0	7.0	15.0	6.5	3.0	1	58.0	稍	**	**		(アドマイヤジェイ)																																																									
2019103659	2024-03-30	2阪神3		10.0	ラジオ関西賞仲春特別(2勝クラス)								藤岡佑介		芝1200				1:09.4	1.0		14-14	33.9-34.5	34.2	498(0)					晴		15.0	5.0	9.0	7.5	4.0	13	58.0	良	**	**		タツダイヤモンド																																																									
2019103659	2024-12-22	7京都8		12.0	ジングルベル賞(2勝クラス)								藤岡佑介		芝1400				1:21.9	0.7		14-13	35.4-34.2	33.8	504(+6)				155.0	晴		17.0	7.0	14.0	35.5	11.0	5	55.0	良	**	**		ヤマニンアルリフラ																																																									
2019103659	2025-02-08	1東京3		10.0	テレビ山梨杯(2勝クラス)								戸崎圭太		芝1400				1:21.2	0.3		10-10	34.7-34.8	34.1	500(-4)				230.0	晴		13.0	5.0	7.0	7.3	3.0	4	55.0	良	**	**		コスモアディラート																																																									
2019103659	2025-03-16	2中京2		9.0	岡崎特別(2勝クラス)								岩田望来		芝1400				1:22.8	0.6		9-9	34.3-36.1	35.2	506(+6)				629.4	曇		13.0	4.0	4.0	3.6	2.0	2	55.0	重	**	**		ヤマニンアストロン																																																									
2019103659	2025-05-03	2京都3		10.0	御池特別(2勝クラス)								岩田望来		芝1400				1:21.4	0.5		8-6	35.2-34.9	34.1	510(+4)				230.0	晴		8.0	7.0	7.0	4.2	3.0	4	58.0	良	**	**		グロリアラウス																																																									
2019103659	2025-05-18	2東京8		9.0	テレ玉杯(2勝クラス)								横山武史		芝1600				1:34.2	0.7		8-8	36.0-33.7	33.1	502(-8)					曇		9.0	8.0	9.0	5.5	3.0	6	58.0	良	**	**		ボーモンド																																																									
2019103659	2025-06-28	2小倉1		10.0	柳川特別(2勝クラス)								団野大成		芝1800				1:49.0	2.2		6-5-4-5	35.9-35.2	37.2	506(+4)				155.0	晴		6.0	1.0	1.0	14.1	4.0	5	58.0	良	**	**		テレサ																																																									
2019103815	2021-06-12	1札幌1		5.0	2歳新馬								丹内祐次		芝1000				0:57.4	0.5		6-5	34.4-33.5	33.5	422(0)				70.0	曇		12.0	1.0	1.0	42.8	8.0	5	54.0	良	**	**		カイカノキセキ																																																									
2019103815	2021-06-26	1札幌5		1.0	2歳未勝利								丹内祐次		芝1200				1:09.7	0.7		3-2	33.9-35.1	35.6	426(+4)				77.0	晴		14.0	8.0	13.0	14.1	4.0	4	54.0	良	**	**		リトス																																																									
2019103815	2021-07-10	1函館3		1.0	2歳未勝利								丹内祐次		芝1200				1:10.6	0.8		2-2	34.2-35.6	36.3	420(-6)					曇		9.0	7.0	7.0	15.0	6.0	6	54.0	良	**	**		ブッシュガーデン																																																									
2019103815	2021-11-06	2福島1		2.0	2歳未勝利								丹内祐次		芝1200				1:09.3	-0.1		3-3	33.9-35.4	35.2	432(+12)				510.0	晴		16.0	2.0	3.0	19.3	7.0	1	54.0	良	**	**		(メルヴィル)																																																									
2019103815	2022-01-09	1中山3		9.0	朱竹賞(1勝クラス)								丹内祐次		芝1200				1:09.8	1.0		6-5	33.3-35.5	36.0	438(+6)					晴		12.0	7.0	9.0	47.3	10.0	7	54.0	良	**	**		リトス																																																									
2019103815	2022-02-12	1東京5		11.0	デイリー杯クイーンC(GIII)								野中悠太		芝1600				1:35.4	1.3		1-1	35.3-34.4	35.7	434(-4)					晴		16.0	8.0	16.0	473.7	16.0	13	54.0	良	**	**		プレサージュリフト																																																									
2019103815	2022-04-16	3中山7		6.0	3歳1勝クラス								木幡巧也		芝1200				1:09.0	0.3		5-5	32.9-35.8	35.5	422(-12)				190.0	晴		16.0	4.0	8.0	106.2	13.0	3	54.0	重	**	**		ブレスレスリー																																																									
2019103815	2022-08-07	1札幌6		12.0	3歳以上1勝クラス								丹内祐次		芝1200				1:09.5	0.7		3-3	34.5-34.3	34.8	430(+8)					晴		16.0	1.0	1.0	13.1	8.0	8	52.0	良	**	**		グラスミヤラビ																																																									
2019103815	2022-08-13	2札幌1		12.0	3歳以上1勝クラス								斎藤新		芝1200				1:11.2	1.0		5-7	34.1-36.1	36.4	430(0)					晴		16.0	6.0	11.0	27.2	8.0	12	52.0	稍	**	**		バンデルオーラ																																																									
2019103815	2022-08-28	2札幌6		9.0	小樽特別(1勝クラス)								丹内祐次		芝1200				1:10.6	1.4		4-3	34.0-35.2	36.4	436(+6)					晴		16.0	4.0	7.0	76.2	13.0	14	52.0	良	**	**		ヒルノローザンヌ																																																									
2019103815	2022-11-13	3福島4		7.0	3歳以上1勝クラス								小林脩斗		芝1200				1:11.4	1.1		13-14	34.7-35.6	35.4	446(+10)					曇		16.0	7.0	13.0	46.6	12.0	15	52.0	良	**	**		フリートオブフット																																																									
2019103815	2022-12-04	6中京2		6.0	3歳以上1勝クラス								古川吉洋		ダ1200				1:13.7	0.6		12-12	35.7-37.4	36.9	438(-8)					晴		16.0	3.0	6.0	169.3	12.0	9	54.0	良	**	**		ベジェサ																																																									
2019103815	2023-01-08	1中山3		8.0	4歳以上1勝クラス								内田博幸		ダ1200				1:12.0	0.3		4-3	34.2-37.5	37.5	452(+14)				200.0	晴		16.0	4.0	8.0	36.1	7.0	3	56.0	良	**	**		ダルダヌス																																																									
2019103815	2023-01-22	1中山8		4.0	4歳以上1勝クラス								内田博幸		ダ1200				1:11.3	0.2		4-3	33.5-37.6	37.5	452(0)				200.0	曇		16.0	2.0	4.0	34.2	8.0	3	56.0	良	**	**		カンザシ																																																									
2019103815	2023-03-11	2中山5		8.0	4歳以上1勝クラス								内田博幸		ダ1200				1:11.6	0.3		2-2	34.1-37.2	37.3	444(-8)				120.0	晴		13.0	6.0	9.0	2.2	1.0	4	56.0	良	**	**		クラリティスケール																																																									
2019103815	2023-04-08	3中山5		12.0	4歳以上1勝クラス								内田博幸		ダ1200				1:11.0	0.5		1-1	33.7-36.8	37.3	442(-2)				200.0	小雨		15.0	3.0	4.0	5.0	3.0	3	56.0	稍	**	**		カラパタール																																																									
2019103815	2023-05-07	1新潟4		6.0	4歳以上1勝クラス								丹内祐次		ダ1200				1:11.9	0.5		7-7	34.4-37.0	36.9	444(+2)				320.0	雨		15.0	2.0	2.0	2.3	1.0	2	56.0	不	**	**		オーガスタスカイ																																																									
2019103815	2023-05-21	1新潟8		7.0	4歳以上1勝クラス								丹内祐次		ダ1200				1:11.7	0.2		3-3	33.8-37.7	37.6	440(-4)				200.0	晴		15.0	6.0	10.0	2.8	1.0	3	56.0	良	**	**		クインズプリーズ																																																									
2019103815	2023-08-20	3新潟4		8.0	3歳以上1勝クラス								内田博幸		ダ1200				1:13.5	0.7		1-1	35.0-37.8	38.5	442(+2)					晴		15.0	3.0	5.0	3.9	1.0	10	56.0	良	**	**		ダークンストーミー																																																									
2019103815	2023-09-09	4中山1		12.0	3歳以上1勝クラス								内田博幸		ダ1200				1:11.9	0.7		3-3	34.3-36.9	37.3	444(+2)				120.0	晴		16.0	3.0	6.0	5.7	4.0	4	56.0	重	**	**		ゴキゲンサン																																																									
2019103815	2023-09-30	4中山8		8.0	3歳以上1勝クラス								丹内祐次		ダ1200				1:11.1	0.9		3-2	33.8-36.4	37.0	450(+6)				320.0	晴		16.0	3.0	6.0	6.7	3.0	2	56.0	良	**	**		サイモンギフト																																																									
2019103815	2023-10-21	4新潟3		8.0	3歳以上1勝クラス								丹内祐次		ダ1200				1:11.3	0.7		5-5	34.0-36.6	36.6	444(-6)				200.0	小雨		14.0	6.0	10.0	3.0	2.0	3	56.0	重	**	**		エランティス																																																									
2019103815	2023-11-05	3福島2		12.0	3歳以上1勝クラス								丹内祐次		ダ1150				1:09.7	0.9		4-4	31.9-36.9	37.5	446(+2)					曇		11.0	7.0	9.0	4.0	2.0	7	56.0	良	**	**		アイファースキャン																																																									
2019103815	2024-02-25	2中山2		8.0	4歳以上1勝クラス								藤田菜七		ダ1200				1:11.8	0.4		2-2	33.6-37.8	38.2	456(+10)				200.0	小雨		16.0	5.0	10.0	7.8	3.0	3	54.0	稍	**	**		ハヤブサジェット																																																									
2019103815	2024-03-09	2中山5		8.0	4歳以上1勝クラス								藤田菜七		ダ1200				1:11.4	0.2		7-7	33.4-37.8	37.4	462(+6)				80.0	晴		16.0	6.0	11.0	5.8	3.0	5	54.0	重	**	**		ピカリエ																																																									
2019103815	2024-04-06	3中山5		12.0	4歳以上1勝クラス								藤田菜七		ダ1200				1:11.8	-0.2		1-1	34.7-37.1	37.1	460(-2)				800.0	曇		16.0	4.0	7.0	5.4	4.0	1	54.0	稍	**	**		(ホウオウジュビリー)																																																									
2019103815	2024-04-28	2東京4		12.0	4歳以上2勝クラス								長浜鴻緒		ダ1400							16	34.8-36.8		460(0)					晴		16.0	1.0	2.0	46.6	10.0	中	53.0	良	**	**		エピックジョイ																																																									
2019103815	2024-05-25	2東京11		9.0	富嶽賞(2勝クラス)								藤田菜七		ダ1400				1:26.1	2.2		14-15	36.3-35.5	36.2	450(-10)					晴		16.0	3.0	5.0	61.4	11.0	12	56.0	良	**	**		コンクイスタ																																																									
2019103815	2024-10-22	浦和		11.0	ミズナラ賞(A2B1)								笹川翼		ダ1400				1:30.2	2.7		4-4-4-6	36.6-38.0	40.2	460(+10)					曇		11.0	7.0	8.0	21.7	6.0	11	55.0	良	**	**		シーサーペント																																																									
2019103815	2024-12-22	5中山8		8.0	冬至特別(2勝クラス)								内田博幸		ダ1200				1:12.5	0.9		7-8	33.6-38.0	38.5	462(+2)					晴		16.0	7.0	13.0	194.7	15.0	11	56.0	良	**	**		ロードフロンティア																																																									
2019103815	2025-03-16	2中山6		12.0	4歳以上2勝クラス								原優介		ダ1200				1:12.1	1.2		6-7	33.1-37.8	38.4	458(-4)					小雨		16.0	1.0	1.0	126.9	15.0	15	56.0	不	**	**		ショウナンアビアス																																																									
2019103815	2025-03-22	2中山7		12.0	4歳以上2勝クラス								原優介		ダ1200				1:11.4	0.0		6-6	34.3-37.1	36.4	458(0)				1140.0	晴		16.0	6.0	11.0	279.9	15.0	1	56.0	稍	**	**		(ノヴァエクスプレス)																																																									
2019103815	2025-05-18	2東京8		12.0	BSイレブン賞(3勝クラス)								原優介		ダ1400				1:24.3	1.5		2-2	34.4-36.2	37.7	456(-2)					曇		16.0	7.0	13.0	81.9	14.0	14	56.0	重	**	**		サンライズパスカル																																																									
2019103815	2025-10-12	4東京4		10.0	テレビ静岡賞(3勝クラス)								原優介		ダ1400				1:25.9	2.0		8-9	36.0-36.3	36.5	468(+12)					曇		16.0	7.0	13.0	156.9	16.0	13	56.0	良	**	**		ワイワイレジェンド																																																									
2019103816	2022-04-17	2阪神8		4.0	3歳未勝利								藤岡康太		芝2200				2:13.8	0.7		8-8-8-9	35.0-34.9	34.8	470(0)				78.0																													晴		18.0	3.0	6.0	157.3	15.0	4	56.0	良	**	**		ディナースタ																													
2019103816	2022-05-14	3中京3		5.0	3歳未勝利								藤岡康太		芝2200				2:15.6	0.2		10-9-1-1	36.2-36.1	36.3	462(-8)				210.0																													晴		10.0	4.0	4.0	3.6	2.0	2	56.0	重	**	**		エンドウノハナ																													
2019103816	2022-05-29	1新潟8		6.0	3歳未勝利								今村聖奈		芝2200				2:16.8	0.1		2-2-2-1	36.4-36.6	36.7	458(-4)				210.0																													晴		12.0	6.0	8.0	2.6	1.0	2	52.0	良	**	**		コスモフロイデ																													
2019103816	2022-06-18	3阪神1		2.0	3歳未勝利								藤岡康太		芝2400				2:27.2	-0.2		2-2-2-2	37.5-34.8	34.8	460(+2)				520.0																													曇		13.0	7.0	10.0	2.0	1.0	1	56.0	良	**	**		(サンセットクラウド)																													
2019103816	2022-10-16	4東京5		7.0	3歳以上1勝クラス								石川裕紀		芝2400				2:24.9	1.1		3-5-5-4	36.2-34.8	35.5	464(+4)																																	曇		12.0	7.0	10.0	5.2	2.0	7	54.0	良	**	**		レッドミラージュ																													
2019103816	2022-11-12	3福島3		8.0	3歳以上1勝クラス								藤岡佑介		芝2600				2:43.0	0.0		2-2-2-1	38.0-36.6	36.6	460(-4)				310.0																													晴		16.0	8.0	16.0	4.5	1.0	2	55.0	良	**	**		ブラックラテ																													
2019103816	2022-12-11	6中京4		7.0	3歳以上1勝クラス								藤岡康太		芝2200				2:13.7	1.2		4-4-3-2	35.7-34.9	36.0	460(0)																																	晴		12.0	8.0	11.0	3.4	2.0	7	55.0	良	**	**		メイショウブレゲ																													
2019103816	2023-04-23	1福島6		9.0	燧ヶ岳特別(1勝クラス)								荻野極		芝2600				2:41.6	0.6		3-3-3-3	37.3-35.7	36.0	448(-12)				170.0																													晴		14.0	4.0	6.0	9.9	3.0	4	58.0	良	**	**		タガノバルコス																													
2019103816	2023-05-14	1新潟6		9.0	尖閣湾特別(1勝クラス)								荻野極		芝2000				2:00.7	0.4		2-2	36.3-35.2	35.6	450(+2)				111.0																													晴		12.0	5.0	5.0	3.7	2.0	5	58.0	良	**	**		サンライズロナウド																													
2019103816	2023-11-19	3福島6		9.0	磐梯山特別(1勝クラス)								丸山元気		芝2600				2:46.2	1.3		5-5-6-7	38.7-36.5	37.2	460(+10)																																	晴		16.0	7.0	14.0	28.4	9.0	14	58.0	良	**	**		シリンガバルガリス																													
2019103816	2024-01-13	1小倉1		6.0	4歳以上1勝クラス								幸英明		芝2600				2:39.8	0.9		5-4-2-2	35.7-35.3	36.1	470(+10)																																	晴		16.0	4.0	8.0	17.3	7.0	6	58.0	良	**	**		カナオールウェイズ																													
2019103816	2024-02-10	2小倉1		9.0	帆柱山特別(1勝クラス)								幸英明		芝2600				2:41.9	0.6		1-1-1-1	37.2-35.3	35.9	466(-4)				170.0																													晴		8.0	2.0	2.0	10.3	5.0	4	58.0	良	**	**		シリアルノヴェル																													
2019103816	2024-03-09	1中京1		7.0	4歳以上1勝クラス								三浦皇成		芝2200				2:13.5	0.5		1-1-1-1	34.9-36.9	37.4	478(+12)				120.0																													晴		9.0	1.0	1.0	5.2	3.0	4	58.0	良	**	**		バンフィエルド																													
2019103816	2024-04-07	1福島2		8.0	4歳以上1勝クラス								菅原明良		芝2600				2:40.3	1.5		3-3-3-3	36.6-36.9	38.0	472(-6)																																	晴		16.0	4.0	8.0	4.1	1.0	11	58.0	良	**	**		マルカブリッツ																													
2019103816	2024-05-04	1新潟3		10.0	荒川峡特別(1勝クラス)								小沢大仁		芝2200				2:16.0	1.0		1-1-1-2	35.6-36.5	37.5	470(-2)																																	晴		13.0	3.0	3.0	9.8	6.0	8	58.0	良	**	**		イゾレエオリア																													
2019103816	2024-05-18	3京都9		7.0	4歳以上1勝クラス								西村淳也		芝2400				2:24.0	0.0		2-2-2-2	34.4-35.4	35.4	470(0)				800.0																													晴		12.0	3.0	3.0	9.0	6.0	1	58.0	良	**	**		(ノートルプロメス)																													
2019103816	2024-09-15	3中京4		9.0	茶臼山高原特別(2勝クラス)								西村淳也		芝2200				2:13.9	1.5		1-1-1-1	37.1-34.8	36.3	470(0)				155.0																													曇		10.0	4.0	4.0	15.7	4.0	5	54.0	稍	**	**		アドマイヤテラ																													
2019103816	2024-10-05	5京都1		8.0	3歳以上2勝クラス								西村淳也		芝2400				2:25.2	0.2		3-3-2-2	34.7-36.1	35.9	468(-2)				460.0																													晴		8.0	7.0	7.0	7.1	3.0	2	58.0	良	**	**		ヴェローチェエラ																													
2019103816	2024-11-09	6京都3		12.0	3歳以上2勝クラス								松山弘平		芝2400				2:27.3	0.4		3-3-3-3	37.6-34.4	34.6	464(-4)				290.0																													晴		6.0	5.0	5.0	2.8	1.0	3	58.0	良	**	**		キングサーガ																													
2019103816	2024-12-07	7京都3		12.0	3歳以上2勝クラス								坂井瑠星		芝2400				2:26.6	1.9		2-2-2-2	34.6-36.3	37.0	466(+2)																																	晴		10.0	3.0	3.0	3.7	3.0	8	58.0	良	**	**		ギャンブルルーム																													
2019103816	2025-02-01	1京都1		10.0	許波多特別(2勝クラス)								西村淳也		芝2400				2:26.2	1.3		4-4-3-4	35.6-36.5	37.2	464(-2)				155.0																													曇		10.0	8.0	10.0	9.0	5.0	5	56.0	良	**	**		ウィープディライト																													
2019103816	2025-03-02	1阪神2		9.0	淡路特別(2勝クラス)								西村淳也		芝2200				2:12.3	0.5		5-5-6-5	33.7-35.4	35.4	466(+2)				393.2																													小雨		9.0	4.0	4.0	31.0	5.0	3	58.0	良	**	**		タガノデュード																													
2019103816	2025-03-22	1阪神7		8.0	4歳以上2勝クラス								坂井瑠星		芝2600				2:39.7	0.6		2-2-2-2	37.2-34.9	35.5	466(0)																																	晴		9.0	6.0	6.0	3.0	2.0	6	58.0	良	**	**		リミットバスター																													
2019103816	2025-06-14	1函館1		10.0	松前特別(2勝クラス)								藤岡佑介		芝1800				1:46.7	0.4		11-12-14-13	34.6-34.9	34.2	470(+4)																																	晴		16.0	2.0	3.0	58.4	11.0	6	58.0	良	**	**		パレハ																													
2019103816	2025-07-13	1函館10		9.0	北海ハンデキャップ(2勝クラス)								藤岡佑介		芝1800				1:47.5	1.9		2-2-2-3	35.3-34.8	36.4	468(-2)																																	晴		11.0	4.0	4.0	22.1	6.0	10	56.0	良	**	**		ミッキージュエリー																													
2019103816	2025-08-09	1札幌5		10.0	藻岩山特別(2勝クラス)								藤岡佑介		芝2000				2:04.3	1.2		11-11-9-7	38.3-34.7	34.9	470(+2)																																	晴		11.0	3.0	3.0	47.5	6.0	8	58.0	稍	**	**		サクラファレル																													
2019103816	2025-08-24	2札幌2		12.0	オールスターJ第4戦(2勝クラス)								横山武史		芝1800				1:49.5	0.8		12-12-12-11	36.2-35.7	35.5	466(-4)																																	晴		14.0	5.0	7.0	112.0	14.0	11	58.0	良	**	**		ピンクジン																													
2019103816	2026-01-17	1京都6		9.0	稲荷特別(2勝クラス)								ハマーハ		芝2000				2:01.9	0.9		6-5-7-7	36.0-34.5	34.7	460(-6)																																	晴		10.0	3.0	3.0	25.4	6.0	7	58.0	良				ジェットマグナム																													
2019103825	2022-07-16	2福島5		3.0	3歳未勝利								津村明秀		ダ1700				1:46.1	1.1		4-5-4-6	30.0-37.5	38.2	484(0)																																															曇		15.0	3.0	5.0	77.5	13.0	9	56.0	不	**	**		モントブレッチア															
2019103825	2022-08-14	3新潟2		2.0	3歳未勝利								津村明秀		ダ1800				1:54.9	1.8		1-1-2-3	37.1-38.7	40.4	470(-14)																																															曇		15.0	5.0	9.0	7.4	4.0	11	56.0	不	**	**		フレンチギフト															
2019103825	2022-11-06	盛岡		2.0	C2九組								関本淳		ダ1200				1:14.2	-1.4		1-1		37.7	495(+25)				30.0																																											晴		8.0	3.0	3.0	1.3	1.0	1	56.0	良	**	**		(タイムトリップ)															
2019103825	2022-11-20	盛岡		4.0	C2六組								関本淳		ダ1200				1:13.8	-1.0		1-1		37.3	492(-3)				30.0																																											晴		10.0	4.0	4.0	1.0	1.0	1	56.0	良	**	**		(ムーンシュトラール)															
2019103825	2023-02-19	1阪神4		8.0	4歳以上1勝クラス								鮫島克駿		ダ1200				1:13.1	0.9		3-3	34.3-37.9	38.2	496(+4)				200.0																																											曇		15.0	3.0	5.0	3.6	1.0	3	58.0	稍	**	**		ウナギノボリ															
2019103825	2023-03-19	2中京4		12.0	4歳以上1勝クラス								鮫島克駿		ダ1200				1:11.6	0.1		8-7	34.6-36.9	35.9	482(-14)				320.0																																											晴		16.0	5.0	9.0	3.6	1.0	2	58.0	稍	**	**		クリーンジーニアス															
2019103825	2023-07-02	3中京2		12.0	3歳以上1勝クラス								藤岡康太		ダ1200				1:12.1	0.4		7-7	34.4-37.3	37.0	488(+6)				120.0																																											晴		16.0	4.0	8.0	4.0	2.0	4	58.0	稍	**	**		テイエムフェロー															
2019103825	2023-07-29	2新潟1		8.0	3歳以上1勝クラス								団野大成		ダ1200				1:11.8	-0.4		4-4	34.4-37.4	37.0	496(+8)				800.0																																											晴		13.0	6.0	10.0	3.5	2.0	1	58.0	良	**	**		(スペキオサレジーナ)															
2019103825	2023-08-26	3新潟5		9.0	岩室温泉特別(2勝クラス)								菅原明良		ダ1200				1:12.9	1.3		11-12	34.1-37.5	37.4	496(0)																																															晴		15.0	6.0	11.0	5.3	2.0	11	58.0	良	**	**		メタマックス															
2019103825	2023-10-01	4阪神9		12.0	3歳以上2勝クラス								藤岡康太		ダ1400				1:24.9	1.0		4-5	34.1-37.6	38.2	496(0)																																															曇		16.0	2.0	4.0	22.8	9.0	11	58.0	重	**	**		マイネルプロンプト															
2019103825	2024-06-23	4京都8		12.0	リボン賞(2勝クラス)								西村淳也		ダ1200				1:11.1	1.0		15-15	34.8-35.3	34.9	486(-10)																																															曇		16.0	3.0	5.0	160.4	16.0	7	58.0	不	**	**		エスカル															
2019103825	2024-08-24	2中京5		10.0	清洲特別(2勝クラス)								西村淳也		ダ1200				1:11.6	0.3		13-12	34.5-36.8	35.8	488(+2)				395.0																																											晴		15.0	2.0	3.0	16.3	9.0	3	58.0	良	**	**		ヒビキ															
2019103825	2024-09-22	3中京7		12.0	3歳以上2勝クラス								西村淳也		ダ1200				1:12.1	1.0		4-4	35.1-36.0	36.8	490(+2)				170.0																																											曇		10.0	2.0	2.0	15.8	4.0	4	58.0	良	**	**		インユアパレス															
2019103825	2024-10-19	5京都5		12.0	3歳以上2勝クラス								西村淳也		ダ1200				1:11.9	0.4		12-12	34.9-36.6	35.7	494(+4)				290.0																																											小雨		14.0	8.0	15.0	5.6	3.0	3	58.0	稍	**	**		プレシオーソ															
2019103825	2024-12-14	7京都5		9.0	深草特別(2勝クラス)								岩田望来		ダ1200				1:12.9	0.7		11-11	36.1-36.1	36.2	508(+14)																																															曇		16.0	6.0	11.0	20.1	7.0	6	58.0	良	**	**		ルクスメテオール															
2019103825	2025-01-05	1中京1		8.0	4歳以上2勝クラス								西村淳也		ダ1200				1:12.1	0.2		15-15	34.1-37.8	35.4	504(-4)				170.0																																											晴		16.0	4.0	7.0	7.8	6.0	4	58.0	良	**	**		ナッカーフェイス															
2019103825	2025-01-19	1中京7		10.0	豊川特別(2勝クラス)								西村淳也		ダ1200				1:11.8	0.7		14-12	35.1-36.0	35.2	504(0)																																															晴		16.0	4.0	8.0	24.2	8.0	9	58.0	良	**	**		ドゥータップ															
2019103825	2025-05-04	2東京4		12.0	4歳以上2勝クラス								ディー		ダ1300				1:21.7	4.8		11-13	29.4-35.9	38.5	492(-12)																																															晴		16.0	4.0	7.0	30.1	9.0	15	58.0	稍	**	**		キュムロンニンバス															
2019103825	2025-08-02	3中京3		8.0	浜松特別(2勝クラス)								吉村誠之		ダ1200				1:12.1	0.9		14-14	34.6-36.6	35.9	490(-2)				155.0																																											晴		14.0	2.0	2.0	57.3	8.0	5	58.0	良	**	**		テーオーエルビス															
2019103825	2025-08-30	4中京3		9.0	清洲特別(2勝クラス)								岩田康誠		ダ1200				1:12.5	1.5		16-16	34.0-37.0	35.7	488(-2)																																															晴		16.0	6.0	11.0	22.4	7.0	12	58.0	良	**	**		メイショウヤーキス															
2019103825	2025-09-27	4阪神8		12.0	3歳以上2勝クラス								吉村誠之		ダ1200				1:12.4	1.8		15-16	34.3-36.3	35.7	496(+8)																																															晴		16.0	7.0	13.0	29.1	7.0	10	57.0	良	**	**		タカネノハナコサン															
2019103825	2025-10-12	3京都4		9.0	円山特別(2勝クラス)								斎藤新		ダ1200				1:11.1	1.0		9-10	34.3-35.8	35.3	502(+6)																																															小雨		14.0	6.0	9.0	104.7	12.0	6	58.0	良	**	**		アメリカンビキニ															
2019103825	2025-11-15	4京都3		9.0	深草特別(2勝クラス)								鮫島克駿		ダ1200				1:11.3	0.3		10-8	34.6-36.4	34.9	496(-6)				394.8																																											晴		15.0	3.0	4.0	49.7	11.0	3	58.0	良	**	**		ジェネラーレ															
2019103825	2025-12-14	5阪神4		8.0	3歳以上2勝クラス								西村淳也		ダ1200				1:11.3	0.2		9-8	34.2-36.9	35.6	498(+2)				460.0																																											晴		11.0	7.0	8.0	11.9	5.0	2	58.0	良	**	**		クーデール															
2019103825	2026-01-05	1京都2		8.0	4歳以上2勝クラス								鮫島克駿		ダ1200				1:12.7	0.2		5-2	35.8-36.7	36.4	502(+4)				300.0																																											晴		15.0	8.0	15.0	8.4	6.0	3	58.0	良	**	**		イリフィ															
2019103827	2021-11-14	5東京4		5.0	2歳新馬								松田大作		芝1800				1:51.7	0.2		2-2-2	38.5-34.7	34.7	462(0)				280.0															晴		9.0	8.0	8.0	13.8	5.0	2	55.0	良	**	**		エンパイアウエスト																																											
2019103827	2021-12-11	5中山3		7.0	2歳未勝利								丸山元気		芝1800				1:49.8	0.2		4-6-5-5	37.4-35.1	34.8	454(-8)				77.0															晴		16.0	7.0	14.0	12.1	4.0	4	55.0	良	**	**		セイウンプラチナ																																											
2019103827	2021-12-28	5中山9		4.0	2歳未勝利								Ｍ．デム		芝1800				1:50.9	0.6		1-1-1-1	37.4-35.0	35.6	454(0)				130.0															晴		16.0	2.0	3.0	5.7	4.0	3	55.0	良	**	**		レッドモンレーヴ																																											
2019103827	2022-01-15	1中山5		5.0	3歳未勝利								Ｍ．デム		芝2000				2:04.4	-0.1		1-1-1-1	38.4-36.1	36.1	452(-2)				520.0															晴		13.0	7.0	11.0	2.5	1.0	1	56.0	良	**	**		(ゴールデンアワー)																																											
2019103827	2022-02-26	2中山1		9.0	水仙賞(1勝クラス)								Ｍ．デム		芝2200				2:15.3	0.0		3-3-3-2	36.1-35.5	35.3	456(+4)				415.6															晴		9.0	8.0	9.0	13.5	4.0	2	56.0	良	**	**		ロードレゼル																																											
2019103827	2022-03-20	2中山7		11.0	フジTVスプリングS(GII)								Ｍ．デム		芝1800				1:49.3	0.9		11-11-12-11	36.7-35.3	35.0	452(-4)																			曇		13.0	8.0	13.0	26.3	9.0	9	56.0	稍	**	**		ビーアストニッシド																																											
2019103827	2022-04-30	2東京3		11.0	テレビ東京杯青葉賞(GII)								Ｍ．デム		芝2400				2:27.8	3.6		3-3-3-3	35.5-35.5	38.2	448(-4)																			晴		13.0	6.0	9.0	22.5	8.0	12	56.0	良	**	**		プラダリア																																											
2019103827	2022-07-03	2福島2		11.0	ラジオNIKKEI賞(GIII)								Ｍ．デム		芝1800				1:47.6	0.9		3-3-3-3	34.9-35.9	36.4	454(+6)																			晴		13.0	4.0	4.0	15.3	9.0	10	52.0	良	**	**		フェーングロッテン																																											
2019103827	2022-07-23	2福島7		9.0	伊達特別(1勝クラス)								Ｍ．デム		芝1800				1:51.2	0.8		3-3-3-2	36.3-36.4	37.0	446(-8)																			晴		14.0	6.0	10.0	3.5	2.0	6	54.0	稍	**	**		ロジレット																																											
2019103827	2022-12-10	5中山3		7.0	3歳以上1勝クラス								石川裕紀		芝1800				1:48.9	1.8		5-6-6-5	36.1-35.9	37.2	460(+14)																			晴		16.0	8.0	16.0	22.6	10.0	14	56.0	良	**	**		ソバナ																																											
2019103827	2023-01-28	1小倉5		9.0	日田特別(1勝クラス)								丸山元気		芝1800				1:50.2	0.1		2-2-5-3	37.3-36.5	36.3	460(0)				285.8															曇		14.0	4.0	6.0	18.9	8.0	3	57.0	重	**	**		レヴォリオ																																											
2019103827	2023-02-11	2小倉1		9.0	唐戸特別(1勝クラス)								丸山元気		芝2000				2:02.1	0.1		1-1-1-1	37.3-35.4	35.5	458(-2)				285.1															晴		12.0	4.0	4.0	14.2	7.0	3	57.0	重	**	**		カイザー																																											
2019103827	2023-02-26	2小倉6		9.0	高千穂特別(1勝クラス)								丸山元気		芝1800				1:50.0	-0.1		1-1-1-1	38.0-35.7	35.7	456(-2)				1151.3															晴		15.0	6.0	11.0	4.5	2.0	1	57.0	良	**	**		(スズカキング)																																											
2019103827	2023-07-08	2福島3		10.0	猪苗代特別(2勝クラス)								丸山元気		芝2000				2:01.3	0.2		1-1-1-1	36.5-35.9	36.1	450(-6)				628.4															曇		13.0	3.0	3.0	13.7	6.0	2	58.0	良	**	**		バレエマスター																																											
2019103827	2023-07-23	2福島8		10.0	白河特別(2勝クラス)								石橋脩		芝1800				1:50.2	1.1		3-3-3-5	36.9-35.8	36.5	448(-2)																			晴		15.0	8.0	15.0	4.0	2.0	12	58.0	良	**	**		セイウンプラチナ																																											
2019103827	2023-09-10	4中山2		9.0	白井特別(2勝クラス)								Ｍ．デム		芝1800				1:47.8	0.7		3-3-3-3	37.0-34.1	34.3	454(+6)																			晴		10.0	7.0	8.0	8.0	3.0	7	58.0	良	**	**		ロジレット																																											
2019103827	2023-10-07	4東京1		9.0	tvk賞(2勝クラス)								丸山元気		芝1800				1:48.5	1.4		9-10-11	36.5-33.0	33.6	454(0)																			晴		12.0	6.0	7.0	45.1	6.0	11	58.0	良	**	**		カナテープ																																											
2019103827	2023-10-29	4東京9		8.0	本栖湖特別(2勝クラス)								Ｍ．デム		芝2400				2:24.2	1.4		1-1-1-1	36.2-34.9	36.3	452(-2)				392.4															晴		7.0	7.0	7.0	17.3	5.0	3	58.0	良	**	**		ダノンギャラクシー																																											
2019103827	2023-11-18	5東京5		9.0	南武特別(2勝クラス)								松山弘平		芝2400				2:26.7	1.3		1-1-1-1	37.4-35.6	36.9	460(+8)																			晴		12.0	7.0	9.0	22.7	4.0	9	58.0	良	**	**		ファンタジア																																											
2019103827	2023-12-24	5中山8		9.0	グッドラックH(2勝クラス)								坂井瑠星		芝2500				2:34.6	0.0		1-1-1-1	31.7-35.1	35.1	452(-8)				394.5															曇		14.0	3.0	4.0	13.8	7.0	3	55.0	良	**	**		ジオフロント																																											
2019103827	2024-01-14	1中山5		7.0	4歳以上2勝クラス								坂井瑠星		芝2200				2:13.2	0.5		2-2-2-2	35.5-35.8	36.2	456(+4)																			晴		15.0	7.0	12.0	10.1	4.0	8	58.0	良	**	**		コスモフリーゲン																																											
2019103827	2024-04-28	2東京4		9.0	陣馬特別(2勝クラス)								横山和生		芝2400				2:27.1	0.1		1-1-2-1	38.0-34.8	34.9	450(-6)				625.0															晴		8.0	8.0	8.0	3.0	2.0	2	55.0	良	**	**		マイネルカンパーナ																																											
2019103827	2024-05-26	2東京12		8.0	青嵐賞(2勝クラス)								横山和生		芝2400				2:26.7	0.4		1-1-5-5	38.4-34.3	34.2	444(-6)				230.0															晴		11.0	6.0	6.0	14.1	6.0	4	58.0	良	**	**		アームブランシュ																																											
2019103827	2024-06-16	3東京6		9.0	町田特別(2勝クラス)								吉田豊		芝2400				2:27.5	0.6		1-1-1-1	39.4-33.7	34.3	440(-4)				392.3															晴		7.0	7.0	7.0	6.2	3.0	3	55.0	良	**	**		ヘデントール																																											
2019103827	2024-10-05	4東京1		9.0	tvk賞(2勝クラス)								横山和生		芝2000				2:01.0	0.7		1-2-2	37.7-33.8	34.3	452(+12)				155.0															小雨		7.0	4.0	4.0	19.6	5.0	5	58.0	稍	**	**		アスクカムオンモア																																											
2019103827	2024-10-27	4東京8		8.0	本栖湖特別(2勝クラス)								横山和生		芝2400				2:28.5	0.8		1-1-1-1	37.7-33.9	34.7	450(-2)																			曇		7.0	5.0	5.0	18.8	5.0	6	58.0	良	**	**		ベンサレム																																											
2019103827	2024-12-01	5中山2		8.0	3歳以上2勝クラス								吉田豊		芝2500				2:31.5	1.3		1-1-1-2	30.7-35.9	37.2	450(0)																			晴		11.0	5.0	5.0	11.3	5.0	10	58.0	良	**	**		ホウオウムサシ																																											
2019103827	2025-01-12	1中山4		9.0	初咲賞(2勝クラス)								横山和生		芝2200				2:14.2	1.2		2-2-3-2	37.4-35.5	36.4	454(+4)				155.0															曇		14.0	5.0	7.0	45.3	10.0	5	58.0	良	**	**		ディマイザキッド																																											
2019103827	2025-02-02	1東京2		12.0	4歳以上2勝クラス								吉田豊		芝2000				2:00.8	0.1		2-2-2	35.6-36.2	35.9	450(-4)				290.0															曇		10.0	1.0	1.0	3.4	3.0	3	58.0	良	**	**		スパークリシャール																																											
2019103827	2025-03-22	2中山7		9.0	館山特別(2勝クラス)								津村明秀		芝2000				2:02.2	2.7		3-3-3-7	34.5-36.0	38.5	454(+4)																			晴		13.0	8.0	12.0	20.6	6.0	11	58.0	良	**	**		エセルフリーダ																																											
2019103827	2025-05-25	2東京10		9.0	調布特別(2勝クラス)								シュタル		芝1800				1:46.9	0.7		3-3-3	35.6-34.5	34.9	454(0)				230.0															曇		9.0	3.0	3.0	10.9	5.0	4	55.0	良	**	**		コルレオニス																																											
2019103827	2025-06-08	3東京2		9.0	香港ジョッキーCT(2勝クラス)								横山和生		芝2000				2:02.2	0.8		1-1-1	37.2-34.1	34.9	448(-6)																			晴		12.0	7.0	9.0	52.4	8.0	10	58.0	良	**	**		ウィクトルウェルス																																											
2019103827	2025-06-21	3東京5		9.0	町田特別(2勝クラス)								吉田豊		芝2400				2:26.8	1.4		1-1-1-1	37.9-35.1	36.5	446(-2)				155.0															晴		9.0	8.0	8.0	56.5	7.0	5	55.0	良	**	**		ヤマニンブークリエ																																											
2019103827	2025-11-01	4東京10		9.0	本栖湖特別(2勝クラス)								横山和生		芝2400				2:25.6	0.8		1-1-1-1	36.5-33.8	34.6	460(+14)																			曇		8.0	3.0	3.0	58.2	7.0	7	54.0	良	**	**		トリプルコーク																																											
2019103827	2025-11-24	5東京6		9.0	南武特別(2勝クラス)								吉田豊		芝2400				2:25.1	1.8		3-3-3-4	37.1-34.6	36.2	458(-2)																			晴		12.0	6.0	7.0	87.1	8.0	10	58.0	良	**	**		バレンタインガール																																											
2019103827	2025-12-28	5中山8		9.0	グッドラックH(2勝クラス)								北村友一		芝2500				2:34.2	0.6		10-10-11-11	31.3-36.1	35.8	456(-2)																			晴		14.0	8.0	14.0	202.1	13.0	7	54.0	良	**	**		コーチェラバレー																																											
2019103827	2026-01-18	1中山7		7.0	4歳以上2勝クラス								北村友一		芝2200				2:15.7	1.2		14-13-16-16	37.7-34.0	33.9	462(+6)																																																													晴		16.0	6.0	11.0	276.0	11.0	13	58.0	良	**	**		フィーリウス	202606010707
2019103996	2022-08-20	3新潟3	曇	2.0	3歳未勝利		15.0	2.0	2.0	65.5	11.0	4	菅原明良	56.0	ダ1800		稍	**	1:55.2	0.5	**	15-15-13-11	36.3-39.4	38.6	496(0)			アーバンデザイン	78.0																																																																							
2019103996	2022-09-04	3新潟8	晴	3.0	3歳未勝利		15.0	3.0	5.0	3.6	1.0	6	菅原明良	56.0	ダ1800		稍	**	1:55.2	1.1	**	9-8-2-2	36.9-39.1	39.9	494(-2)			ミニョンルミエール																																																																								
2019103996	2022-10-12	門別	晴	5.0	みついし花だより賞(C4)		12.0	3.0	3.0	2.3	1.0	3	亀井洋司	56.0	ダ1200		重	**	1:14.8	0.5	**	6-7		37.6	508(+14)			シトラスダル	6.3																																																																							
2019103996	2022-10-27	門別	晴	3.0	3歳以上C4ー2		12.0	1.0	1.0	1.1	1.0	1	落合玄太	56.0	ダ1200		良	**	1:14.7	-0.3	**	6-2		37.9	510(+2)			(バーマン)	30.0																																																																							
2019103996	2022-11-09	門別	晴	8.0	ハマナデシコ特別(C3)		11.0	6.0	7.0	2.7	2.0	2	落合玄太	56.0	ダ1200		稍	**	1:13.8	0.5	**	2-1		38.1	510(0)			ローゼンヴォルフ	12.6																																																																							
2019103996	2022-12-30	大井	晴	3.0	3歳　152		16.0	1.0	2.0	5.1	3.0	3	和田譲治	56.0	ダ1200		良	**	1:14.7	0.6	**	1-1	35.6-38.5	39.1	525(+15)			ローゼンヴォルフ	35.0																																																																							
2019103996	2023-01-26	大井	晴	1.0	C3三　四		15.0	2.0	4.0	2.0	1.0	2	森泰斗	56.0	ダ1200		良	**	1:14.6	0.0	**	8-5	36.6-38.0	37.6	520(-5)			ディーカラーズ	32.0																																																																							
2019103996	2023-02-24	大井	曇	1.0	C3一　二		16.0	3.0	6.0	1.2	1.0	1	森泰斗	56.0	ダ1200		良	**	1:14.3	-0.1	**	8-9	35.6-38.7	37.6	520(0)			(フレンチバローズ)	80.0																																																																							
2019103996	2023-03-08	大井	晴	6.0	C2九　十		15.0	4.0	7.0	3.5	2.0	1	森泰斗	56.0	ダ1200		良	**	1:13.6	-0.8	**	2-2	36.0-37.6	37.4	514(-6)			(キタノライアン)	100.0																																																																							
2019103996	2023-03-31	大井	晴	5.0	C2一　二三(C2二)		14.0	4.0	6.0			取	森泰斗	56.0	ダ1200		重	**			**		36.0-37.2		計不			ゴールデンレアル																																																																								
2019103996	2023-06-03	3阪神1	晴	8.0	3歳以上1勝クラス		16.0	6.0	12.0	47.7	10.0	8	吉田隼人	58.0	ダ1200		重	**	1:11.9	1.0	**	6-4	34.6-36.3	36.7	502(-12)			コパノハンプトン																																																																								
2019103996	2023-08-13	3小倉2	晴	12.0	3歳以上1勝クラス		14.0	3.0	3.0	24.9	10.0	2	国分恭介	58.0	ダ1000		良	**	0:58.5	0.5	**	10-9	33.5-35.8	34.5	506(+4)			ダノンセシボン	320.0																																																																							
2019103996	2023-09-03	3小倉8	晴	8.0	3歳以上1勝クラス		13.0	1.0	1.0	4.3	2.0	8	坂井瑠星	58.0	ダ1000		良	**	0:58.8	1.0	**	10-8	33.5-35.5	35.5	506(0)			メイショウカゼマチ																																																																								
2019103996	2023-09-24	4阪神7	晴	7.0	3歳以上1勝クラス		18.0	4.0	8.0	26.3	10.0	8	国分恭介	58.0	芝1400		良	**	1:21.1	0.7	**	13-12	33.5-35.4	34.9	502(-4)			シンプリーオーサム																																																																								
2019103996	2023-10-09	2京都3	曇	8.0	3歳以上1勝クラス		16.0	2.0	3.0	13.1	6.0	7	国分恭介	58.0	ダ1200		重	**	1:13.6	0.8	**	5-5	34.7-38.1	38.6	502(0)			ギーロカスタル																																																																								
2019103996	2023-12-16	4中京5	曇	8.0	3歳以上1勝クラス		16.0	1.0	1.0	14.9	6.0	1	国分恭介	58.0	ダ1200		重	**	1:10.6	-0.3	**	3-2	35.0-35.6	35.3	502(0)			(ジューンアース)	800.0																																																																							
2019103996	2024-01-06	1京都1	曇	8.0	4歳以上2勝クラス		16.0	6.0	11.0	20.4	7.0	8	国分恭介	58.0	ダ1200		良	**	1:12.9	1.0	**	8-9	34.6-37.3	37.2	506(+4)			ジュンウィンダム																																																																								
2019103996	2024-03-09	1中京1	曇	9.0	伊良湖特別(2勝クラス)		16.0	2.0	4.0	6.5	3.0	2	国分恭介	58.0	ダ1200		良	**	1:13.0	0.0	**	6-5	34.2-38.8	38.0	500(-6)			ロングファイナリー	630.8																																																																							
2019103996	2024-03-24	2阪神2	曇	12.0	4歳以上2勝クラス		15.0	5.0	10.0	7.3	4.0	13	国分恭介	58.0	ダ1200		不	**	1:12.2	1.2	**	9-8	34.9-36.1	36.4	502(+2)			オーガスタスカイ																																																																								
2019103996	2024-05-26	3京都12	晴	8.0	4歳以上2勝クラス		15.0	6.0	10.0	39.6	10.0	13	荻野極	58.0	ダ1200		良	**	1:13.3	1.5	**	8-9	35.5-36.3	36.8	502(0)			グッドウッドガイ																																																																								
2019103996	2024-08-24	2中京5	晴	10.0	清洲特別(2勝クラス)		15.0	6.0	12.0	11.8	6.0	7	国分恭介	58.0	ダ1200		良	**	1:11.9	0.6	**	11-11	34.5-36.8	36.4	502(0)			ヒビキ																																																																								
2019103996	2024-09-15	3中京4	曇	12.0	3歳以上2勝クラス		13.0	3.0	3.0	25.9	7.0	9	国分恭介	58.0	ダ1400		重	**	1:24.1	1.1	**	10-10	33.9-37.4	37.1	502(0)			ヴィヴァン																																																																								
2019103996	2024-12-01	4中京2	晴	10.0	クロフネC(2勝クラス)		16.0	4.0	7.0	72.3	11.0	7	国分恭介	58.0	ダ1200		良	**	1:11.8	0.9	**	13-12	34.5-36.4	35.8	504(+2)			ライジン																																																																								
2019103996	2024-12-14	4中京5	晴	10.0	ヤングJSFR中京2(2勝クラス)		16.0	4.0	7.0	40.2	11.0	7	及川烈	58.0	ダ1400		良	**	1:25.7	0.7	**	15-15	34.2-39.0	36.1	508(+4)			アイファースキャン																																																																								
2019103996	2025-03-15	2中京1	小雨	9.0	伊良湖特別(2勝クラス)		16.0	3.0	6.0	30.4	7.0	10	国分恭介	58.0	ダ1200		良	**	1:13.0	0.7	**	15-15	35.9-36.4	35.9	508(0)			ヤマニンアルリフラ																																																																								
2019103996	2025-03-29	2中京5	晴	9.0	矢作川特別(2勝クラス)		13.0	8.0	13.0	92.0	13.0	11	国分恭介	58.0	ダ1800		稍	**	1:55.3	2.4	**	13-13-13-13	38.0-39.1	39.7	508(0)			ティンティンデオ																																																																								
2019103996	2025-04-06	2阪神4	晴	8.0	4歳以上2勝クラス		10.0	6.0	6.0	93.7	9.0	6	国分恭介	58.0	芝1200		良	**	1:09.2	0.6	**	8-8	34.6-34.0	33.7	508(0)			バンドシェル																																																																								
2019103996	2025-06-21	1函館3	曇	11.0	STV杯(2勝クラス)		15.0	2.0	2.0	40.5	10.0	6	国分恭介	58.0	芝1200		良	**	1:09.2	0.3	**	2-2	34.2-34.7	34.8	508(0)			ゴールドサーベル																																																																								
2019103996	2025-06-29	1函館6	晴	12.0	湯の川温泉特別(2勝クラス)		14.0	8.0	13.0	37.1	12.0	11	佐々木大	58.0	芝1200		良	**	1:09.7	1.0	**	2-2	34.4-34.3	34.8	506(-2)			トウカイファクター																																																																								
2019103996	2025-12-20	5阪神5	曇	12.0	3歳以上2勝クラス		16.0	4.0	7.0	181.1	15.0	2	酒井学	58.0	芝1200		良	**	1:08.3	0.1	**	11-12	33.3-34.9	33.6	512(+6)			ブルーアイドガール	460.0																																																																							
2019103996	2026-01-17	1中山6		12.0	4歳以上2勝クラス								田辺裕信		芝1200				1:08.8	0.8		10-12	34.3-33.7	33.9	512(0)																																	晴		16.0	6.0	12.0	50.3	12.0	13	58.0	良				カンシン																													
2019104005	2021-06-13	3東京4		5.0	2歳新馬								岩部純二		芝1800				1:52.1	1.2		4-4-5	38.7-34.3	35.2	486(0)																			曇		8.0	5.0	5.0	35.9	6.0	6	54.0	良	**	**		ヴァーンフリート																																											
2019104005	2021-07-18	1福島6		2.0	2歳未勝利								丸山元気		芝1800				1:50.6	0.9		14-13-15-15	35.1-36.8	36.5	486(0)				51.0															晴		16.0	4.0	7.0	36.3	9.0	5	54.0	良	**	**		カメハメハタイム																																											
2019104005	2021-08-14	4新潟1		2.0	2歳未勝利								菅原明良		芝1800				1:51.5	1.5		6-6	37.6-33.9	34.7	488(+2)																			雨		11.0	8.0	11.0	41.1	6.0	7	54.0	稍	**	**		ラーグルフ																																											
2019104005	2021-09-11	4中山1		3.0	2歳未勝利								小林脩斗		ダ1800				1:58.0	3.1		7-7-7-5	36.3-40.1	42.4	490(+2)																			曇		16.0	1.0	1.0	6.2	3.0	6	51.0	稍	**	**		セイルオンセイラー																																											
2019104005	2021-11-14	2福島4		1.0	2歳未勝利								菅原明良		ダ1700				1:49.8	0.5		4-3-6-5	31.2-38.5	38.6	490(0)				130.0															晴		15.0	2.0	3.0	14.7	6.0	3	55.0	良	**	**		タイキマクスウェル																																											
2019104005	2021-12-04	5中山1		4.0	2歳未勝利								菅原明良		ダ1800				1:57.1	1.8		3-3-3-3	37.6-38.4	39.9	496(+6)				77.0															晴		12.0	8.0	12.0	9.8	3.0	4	55.0	稍	**	**		ラフシー																																											
2019104005	2021-12-11	5中山3		3.0	2歳未勝利								菅原明良		ダ1800				1:55.6	0.7		12-12-12-9	37.1-39.6	38.5	496(0)																			晴		15.0	1.0	1.0	9.4	4.0	6	55.0	稍	**	**		ニシノボルテージ																																											
2019104005	2022-02-06	1東京4		2.0	3歳未勝利								内田博幸		ダ2100				2:16.1	0.6		3-3-3-2	31.5-38.4	38.8	502(+6)				78.0															晴		14.0	2.0	2.0	2.9	1.0	4	56.0	良	**	**		サバンナモンキー																																											
2019104005	2022-02-26	2中山1		3.0	3歳未勝利								内田博幸		ダ1800				1:57.1	2.3		9-9-6-5	37.3-38.9	40.3	496(-6)				78.0															晴		16.0	7.0	13.0	6.0	3.0	4	56.0	良	**	**		ミストルティン																																											
2019104005	2022-05-15	2東京8		2.0	3歳未勝利								菅原明良		ダ1600				1:38.4	0.4		7-7	35.3-37.1	36.7	492(-4)				130.0															曇		14.0	7.0	11.0	6.5	4.0	3	56.0	重	**	**		ダノンアーリー																																											
2019104005	2022-06-04	3東京1		3.0	3歳未勝利								菅原明良		ダ1600				1:38.8	1.1		7-7	36.0-36.7	37.0	492(0)				78.0															晴		16.0	5.0	9.0	4.4	3.0	4	56.0	稍	**	**		ブレイクフォース																																											
2019104005	2022-06-26	3東京8		4.0	3歳未勝利								菅原明良		ダ1600				1:36.9	-0.8		4-5	34.6-38.1	37.7	498(+6)				520.0															晴		16.0	8.0	16.0	3.8	2.0	1	56.0	良	**	**		(バイオエックス)																																											
2019104005	2022-10-22	4東京6		7.0	3歳以上1勝クラス								菅原明良		ダ1600				1:39.8	1.6		7-8	34.9-37.3	38.1	498(0)																			曇		13.0	8.0	12.0	5.1	3.0	7	55.0	良	**	**		サイモンメガライズ																																											
2019104005	2022-11-06	5東京2		7.0	3歳以上1勝クラス								菅原明良		ダ1600				1:39.6	1.2		12-12	36.5-36.6	36.2	498(0)																			晴		12.0	2.0	2.0	10.1	6.0	9	56.0	良	**	**		シャーマンズケイブ																																											
2019104005	2022-11-27	5東京8		5.0	3歳以上1勝クラス								ドイル		ダ1600				1:38.1	1.5		9-9	34.5-37.6	37.9	502(+4)																			晴		16.0	1.0	1.0	36.9	8.0	8	56.0	稍	**	**		ライラスター																																											
2019104005	2022-12-18	5中山6		8.0	3歳以上1勝クラス								ドイル		ダ1800				1:55.3	1.6		10-10-8-9	37.5-39.0	39.7	504(+2)																			晴		15.0	5.0	8.0	77.9	11.0	9	56.0	稍	**	**		サクセスエース																																											
2019104005	2023-03-18	2中山7		7.0	4歳以上1勝クラス								松岡正海		ダ1800				1:53.9	0.8		13-13-13-13	38.1-37.1	36.7	502(-2)																			雨		13.0	1.0	1.0	66.9	10.0	11	58.0	重	**	**		ロイヤルダンス																																											
2019104005	2023-03-26	3中山2		7.0	4歳以上1勝クラス								石川裕紀		ダ1800				1:53.7	0.2		9-9-10-8	36.2-39.3	38.3	500(-2)				120.0															雨		12.0	4.0	4.0	67.6	10.0	4	58.0	不	**	**		エスティメート																																											
2019104005	2023-04-16	3中山8		6.0	4歳以上1勝クラス								石川裕紀		ダ1800				1:53.5	0.8		7-8-8-8	37.4-37.9	37.7	494(-6)																			晴		10.0	8.0	9.0	29.5	6.0	6	58.0	重	**	**		ペイシャジュン																																											
2019104005	2023-05-14	2東京8		6.0	4歳以上1勝クラス								石川裕紀		ダ2100				2:12.6	1.7		11-11-11-11	31.8-37.5	37.3	496(+2)																			曇		13.0	8.0	13.0	25.2	9.0	8	58.0	稍	**	**		アコークロー																																											
2019104005	2023-06-25	1函館6		8.0	3歳以上1勝クラス								丸山元気		ダ1700				1:45.8	0.8		13-12-10-9	30.0-38.0	37.9	500(+4)																			晴		14.0	7.0	11.0	41.3	13.0	6	58.0	稍	**	**		ローズスター																																											
2019104005	2023-07-08	2函館3		8.0	3歳以上1勝クラス								黛弘人		ダ1700				1:47.1	0.8		7-7-6-8	29.2-38.7	38.8	494(-6)																			晴		11.0	6.0	7.0	25.9	9.0	6	58.0	良	**	**		グラシアス																																											
2019104005	2023-07-29	1札幌3		8.0	3歳以上1勝クラス								黛弘人		ダ1700				1:47.0	1.2		9-8-2-4	30.8-36.4	37.5	506(+12)				120.0															曇		13.0	8.0	12.0	46.4	8.0	4	58.0	良	**	**		サンテックス																																											
2019104005	2023-08-20	2札幌4		12.0	3歳以上1勝クラス								黛弘人		ダ1700				1:49.2	1.5		10-9-8-9	31.8-37.6	38.4	522(+16)																			曇		13.0	8.0	12.0	26.8	8.0	9	58.0	稍	**	**		メイショウシナノ																																											
2019104005	2023-09-03	2札幌8		8.0	3歳以上1勝クラス								古川吉洋		ダ1700				1:48.0	2.0		12-12-11-10	30.6-38.0	39.0	512(-10)																			晴		14.0	5.0	7.0	86.9	11.0	9	58.0	良	**	**		トウキチロウ																																											
2019104005	2024-01-13	1中山4		7.0	4歳以上1勝クラス								菅原明良		ダ1800				1:56.0	2.0		11-11-10-12	36.7-38.9	39.6	508(-4)																			曇		16.0	7.0	13.0	25.9	9.0	11	58.0	良	**	**		オセアバトルプラン																																											
2019104005	2024-02-03	1東京3		8.0	4歳以上1勝クラス								菅原明良		ダ1600				1:39.2	0.7		12-11	36.0-37.6	37.0	508(0)																			晴		16.0	8.0	16.0	158.4	14.0	8	58.0	良	**	**		エリンアキレウス																																											
2019104005	2024-02-24	2中山1		8.0	4歳以上1勝クラス								小林勝太		ダ1800				1:55.5	2.5		10-12-12-12	37.8-37.6	38.6	508(0)																			晴		12.0	1.0	1.0	197.4	11.0	11	55.0	稍	**	**		シゲルカミカゼ																																											
2019104005	2024-07-28	1札幌4		6.0	3歳以上1勝クラス								長浜鴻緒		ダ1700				1:46.0	1.9		13-12-11-12	29.6-36.7	37.6	504(-4)																			曇		14.0	4.0	5.0	184.6	14.0	10	55.0	不	**	**		ミッキーラッキー																																											
2019104005	2024-08-11	2札幌2		6.0	3歳以上1勝クラス								長浜鴻緒		ダ1700				1:47.1	0.8		9-9-7-6	30.5-39.2	38.7	498(-6)				120.0															晴		13.0	2.0	2.0	197.7	13.0	4	55.0	良	**	**		ダノンスウィッチ																																											
2019104005	2024-08-24	2札幌5		12.0	ニセコ特別(1勝クラス)								長浜鴻緒		ダ1700				1:49.0	2.3		10-10-10-10	31.4-38.2	38.4	506(+8)																			晴		10.0	5.0	5.0	155.2	9.0	7	58.0	良	**	**		ヴァルドルチャ																																											
2019104005	2024-09-01	2札幌8		12.0	3歳以上1勝クラス								古川吉洋		ダ1700				1:46.2	1.4		12-12-12-12	29.4-38.6	38.2	494(-12)																			晴		14.0	6.0	9.0	235.8	14.0	7	58.0	重	**	**		ロードクロンヌ																																											
2019104005	2024-09-29	4中山9		4.0	3歳以上1勝クラス								内田博幸		ダ1800				1:55.0	0.6		14-14-9-8	38.3-38.3	38.2	502(+8)				80.0															曇		16.0	7.0	13.0	205.5	15.0	5	58.0	良	**	**		コスモオピニオン																																											
2019104005	2024-10-20	4東京6		8.0	3歳以上1勝クラス								内田博幸		ダ1600				1:39.1	1.0		11-11	36.3-37.0	36.4	504(+2)				80.0															晴		12.0	5.0	5.0	21.9	8.0	5	58.0	良	**	**		ピコニ																																											
2019104005	2024-11-10	5東京4		6.0	3歳以上1勝クラス								内田博幸		ダ1600				1:38.7	1.5		16-16	35.8-36.2	36.1	508(+4)																			曇		16.0	6.0	12.0	55.0	11.0	6	58.0	良	**	**		ホウキボシ																																											
2019104005	2024-12-07	5中山3		8.0	3歳以上1勝クラス								内田博幸		ダ1800				1:55.1	1.3		14-13-12-11	38.3-37.8	37.9	514(+6)				80.0															晴		16.0	3.0	5.0	169.8	14.0	5	58.0	良	**	**		エッグスラット																																											
2019104005	2025-01-13	1中山5		8.0	4歳以上1勝クラス								内田博幸		ダ1800				1:56.4	1.6		14-14-12-11	37.1-39.6	39.3	514(0)																			晴		14.0	5.0	7.0	78.1	13.0	6	58.0	良	**	**		プルナチャンドラ																																											
2019104005	2025-03-22	2中山7		7.0	4歳以上1勝クラス								横山琉人		ダ1800				1:54.9	0.5		11-11-8-7	37.0-38.6	38.6	510(-4)				120.0															晴		16.0	7.0	14.0	135.7	14.0	4	57.0	稍	**	**		イデアユウシン																																											
2019104005	2025-04-13	1福島2		12.0	4歳以上1勝クラス								横山琉人		ダ1700				1:48.1	0.5		10-10-11-12	30.5-38.7	38.2	506(-4)				200.0															雨		15.0	5.0	8.0	24.4	9.0	3	57.0	良	**	**		タカサンフェイス																																											
2019104005	2025-04-27	1福島6		6.0	4歳以上1勝クラス								横山琉人		ダ1700				1:46.8	0.4		13-13-10-10	30.5-38.5	37.5	508(+2)				200.0															晴		14.0	2.0	2.0	9.7	6.0	3	57.0	良	**	**		ナチュラルリバー																																											
2019104005	2025-05-24	1新潟7		8.0	4歳以上1勝クラス								横山琉人		ダ1800				1:53.5	0.2		12-12-8-6	36.0-39.0	38.2	514(+6)				80.0															曇		15.0	7.0	12.0	10.6	5.0	5	57.0	良	**	**		ゴヴェルナーレリコ																																											
2019104005	2025-06-21	3東京5		12.0	3歳以上1勝クラス								横山琉人		ダ1600				1:37.9	1.3		14-13	34.7-37.0	36.3	518(+4)																			晴		16.0	6.0	12.0	36.9	8.0	9	57.0	良	**	**		チザルピーノ																																											
2019104005	2025-07-12	2福島5		12.0	3歳以上1勝クラス								小林凌大		ダ1700				1:47.2	1.0		13-13-14-14	30.2-38.2	37.8	518(0)																			曇		15.0	3.0	4.0	44.5	12.0	8	58.0	良	**	**		プライベートアイズ																																											
2019104005	2025-07-20	2福島8		12.0	3歳以上1勝クラス								木幡巧也		ダ1700				1:47.4	2.0		9-10-10-10	30.9-37.1	38.2	516(-2)																			晴		15.0	4.0	6.0	46.3	10.0	9	58.0	良	**	**		ブルータス																																											
2019104005	2026-01-18	1中山7		6.0	4歳以上1勝クラス								原優介		ダ1800				1:59.9	4.3		10-10-11-12	38.5-38.6	41.9	510(-6)																																																													晴		14.0	7.0	12.0	122.4	10.0	14	58.0	良	**	**		リラゲイル	202606010706
2019104112	2021-06-27	3阪神4		5.0	2歳新馬								武豊		芝1800				1:53.4	5.5		3-9	35.7-35.7	40.4	468(0)																																															曇		11.0	7.0	9.0	119.5	10.0	11	54.0	良	**	**		レッドベルアーム															
2019104112	2021-10-17	4阪神4		3.0	2歳未勝利								角田大和		芝1800				1:48.3	0.5		9-9	35.4-36.4	36.1	466(-2)				130.0																																											晴		9.0	6.0	6.0	227.1	9.0	3	52.0	稍	**	**		モズタンジロウ															
2019104112	2021-11-07	5阪神2		3.0	2歳未勝利								角田大和		芝1800				1:47.9	1.0		1-1	36.9-34.2	35.2	466(0)				51.0																																											晴		13.0	1.0	1.0	26.5	7.0	5	52.0	良	**	**		ポッドボレット															
2019104112	2021-11-21	5阪神6		3.0	2歳未勝利								角田大和		芝2000				2:03.1	0.2		6-6-4-3	36.4-35.6	35.3	464(-2)				130.0																																											晴		11.0	8.0	11.0	29.4	7.0	3	52.0	良	**	**		ロードレゼル															
2019104112	2021-12-12	6中京4		4.0	2歳未勝利								角田大和		芝2000				2:02.5	0.3		5-5-4-4	36.1-36.0	36.1	466(+2)				130.0																																											曇		18.0	5.0	10.0	12.9	7.0	3	52.0	良	**	**		テーオーソラネル															
2019104112	2022-01-23	1小倉4		7.0	3歳未勝利								角田大和		芝2000				2:04.5	-0.3		5-5-2-2	36.0-38.5	38.3	470(+4)				520.0																																											雨		14.0	4.0	6.0	3.4	1.0	1	53.0	重	**	**		(レッドファーロ)															
2019104112	2022-02-13	2小倉2		9.0	あすなろ賞(1勝クラス)								泉谷楓真		芝2000				2:04.0	0.6		3-3-2-4	36.8-36.8	37.3	462(-8)				103.0																																											曇		8.0	3.0	3.0	11.9	6.0	5	56.0	稍	**	**		シーグラス															
2019104112	2022-03-06	1阪神8		9.0	アルメリア賞(1勝クラス)								泉谷楓真		芝1800				1:47.1	0.8		1-1	35.1-34.9	35.7	462(0)				150.0																																											晴		7.0	4.0	4.0	20.9	4.0	4	56.0	良	**	**		ピースオブエイト															
2019104112	2022-03-19	1阪神11		11.0	若葉S(L)								富田暁		芝2000				2:00.9	0.7		7-8-8-8	36.5-35.3	35.1	462(0)				200.0																																											小雨		10.0	7.0	8.0	117.6	9.0	5	56.0	稍	**	**		デシエルト															
2019104112	2022-04-30	2東京3		11.0	テレビ東京杯青葉賞(GII)								松岡正海		芝2400				2:26.2	2.0		8-7-7-8	35.5-35.5	35.9	462(0)																																															晴		13.0	3.0	4.0	112.0	11.0	10	56.0	良	**	**		プラダリア															
2019104112	2022-06-04	3東京1		9.0	稲城特別(1勝クラス)								富田暁		芝2400				2:26.4	0.5		4-4-4-4	36.6-36.3	35.9	460(-2)				435.4																																											晴		8.0	7.0	7.0	6.5	3.0	2	53.0	良	**	**		エンドロール															
2019104112	2022-07-10	3小倉4		9.0	タイランドC(1勝クラス)								富田暁		芝2600				2:38.5	0.7		8-9-6-4	36.1-34.9	35.2	456(-4)				107.0																																											晴		13.0	4.0	5.0	2.7	1.0	5	54.0	良	**	**		スズノマーベリック															
2019104112	2022-09-19	5中京5		9.0	金山特別(1勝クラス)								武豊		芝2200				2:15.2	0.9		6-6-5-5	35.6-34.5	35.0	464(+8)																																															曇		8.0	3.0	3.0	8.0	4.0	7	54.0	稍	**	**		レッドバリエンテ															
2019104112	2023-01-21	1小倉3		10.0	戸畑特別(1勝クラス)								富田暁		芝2000				2:00.4	0.2		6-6-9-8	34.8-36.5	36.0	486(+22)				170.0																																											晴		15.0	4.0	6.0	7.1	3.0	4	57.0	稍	**	**		テーオーソロス															
2019104112	2023-07-29	1札幌3		9.0	積丹特別(1勝クラス)								小沢大仁		芝2600				2:41.5	0.7		4-5-4-4	37.5-35.8	35.9	488(+2)				111.0																																											曇		14.0	6.0	10.0	20.3	7.0	5	58.0	良	**	**		ゴールデンスナップ															
2019104112	2023-08-26	2札幌5		9.0	ルスツ特別(1勝クラス)								小沢大仁		芝2600				2:43.8	0.9		5-5-7-6	38.3-37.2	37.1	494(+6)																																															晴		14.0	8.0	13.0	36.2	8.0	7	58.0	良	**	**		ニシノファンフェア															
2019104112	2023-09-18	4阪神5		9.0	生田特別(1勝クラス)								泉谷楓真		芝2400				2:25.3	0.3		5-5-4-4	36.8-34.7	34.3	482(-12)				450.2																																											晴		14.0	3.0	3.0	17.2	6.0	2	58.0	良	**	**		バロッサヴァレー															
2019104112	2023-10-21	4新潟3		9.0	岩船特別(1勝クラス)								泉谷楓真		芝2200				2:17.2	1.5		6-6-3-3	36.6-35.6	36.9	480(-2)																																															小雨		15.0	3.0	5.0	9.1	4.0	7	58.0	重	**	**		アームブランシュ															
2019104112	2023-11-26	3京都8		5.0	3歳以上1勝クラス								泉谷楓真		芝2000				2:01.0	0.1		8-7-7-6	36.7-34.9	34.4	490(+10)				200.0																																											晴		14.0	6.0	10.0	18.3	8.0	3	57.0	良	**	**		マイネルエンペラー															
2019104112	2023-12-16	4中京5		9.0	高山特別(1勝クラス)								藤岡康太		芝2200				2:14.2	0.1		15-17-11-11	35.7-34.9	34.2	488(-2)				455.4																																											曇		18.0	6.0	11.0	11.4	4.0	2	58.0	稍	**	**		コスモフリーゲン															
2019104112	2024-01-20	1小倉3		10.0	戸畑特別(1勝クラス)								藤岡康太		芝2000				2:02.9	1.3		7-6-10-6	36.0-35.9	36.7	494(+6)																																															雨		17.0	1.0	1.0	5.1	3.0	6	58.0	稍	**	**		シランケド															
2019104112	2024-02-17	2小倉3		9.0	筑紫特別(1勝クラス)								藤岡康太		芝2000				1:59.3	0.0		7-7-6-6	36.4-36.6	35.5	490(-4)				1138.7																																											晴		9.0	1.0	1.0	2.8	1.0	1	58.0	良	**	**		(フォトンブルー)															
2019104112	2024-03-23	1中京5		10.0	熊野特別(2勝クラス)								角田大和		芝2200				2:16.4	0.6		9-9-9-4	36.9-35.4	35.7	492(+2)				155.0																																											小雨		10.0	3.0	3.0	14.3	7.0	5	58.0	重	**	**		ホールネス															
2019104112	2024-04-14	1福島4		10.0	奥の細道特別(2勝クラス)								角田大和		芝2600				2:40.2	0.7		6-6-3-3	36.5-35.2	35.7	484(-8)				394.8																																											晴		16.0	3.0	6.0	7.7	3.0	3	58.0	良	**	**		フルール															
2019104112	2024-05-04	3京都5		9.0	鴨川特別(2勝クラス)								武豊		芝2000				1:57.7	0.0		3-2-2-2	35.6-34.6	34.4	486(+2)				1568.9																																											晴		7.0	1.0	1.0	5.6	3.0	1	58.0	良	**	**		(ダノンフロイデ)															
2019104112	2024-11-17	6京都6		9.0	比叡S(3勝クラス)								武豊		芝2400				2:25.7	1.2		7-7-7-7	34.5-35.2	35.8	502(+16)																																															曇		17.0	8.0	15.0	58.5	10.0	12	55.0	良	**	**		ヴェローチェエラ															
2019104112	2025-01-26	1小倉2		11.0	壇之浦S(3勝クラス)								太宰啓介		芝1800				1:48.1	1.2		10-11-12-11	36.4-34.9	34.9	498(-4)																																															晴		12.0	2.0	2.0	33.2	9.0	10	58.0	良	**	**		セキトバイースト															
2019104112	2025-02-15	1京都5		10.0	飛鳥S(3勝クラス)								幸英明		芝2000				2:01.5	0.8		8-8-8-7	37.5-34.9	35.0	506(+8)				184.0																																											晴		9.0	8.0	8.0	49.5	7.0	5	58.0	良	**	**		ウエストナウ															
2019104112	2025-03-15	1阪神5		10.0	難波S(3勝クラス)								幸英明		芝1800				1:45.9	0.7		11-10	34.8-34.3	34.2	502(-4)																																															小雨		15.0	7.0	13.0	195.2	13.0	10	58.0	良	**	**		サブマリーナ															
2019104112	2025-04-27	2京都2		10.0	センテニアルパークS(3勝クラス)								松若風馬		芝1800				1:46.5	0.7		14-14	35.2-33.6	33.4	502(0)																																															晴		16.0	6.0	11.0	222.2	15.0	10	54.0	良	**	**		ホウオウラスカーズ															
2019104112	2025-05-18	2京都8		10.0	錦S(3勝クラス)								松若風馬		芝1600				1:33.9	0.8		12-12	35.3-33.7	33.1	500(-2)				184.0																																											曇		12.0	6.0	8.0	67.8	11.0	5	54.0	稍	**	**		ココナッツブラウン															
2019104112	2025-06-01	2京都12		12.0	渡月橋S(3勝クラス)								松若風馬		芝1400				1:21.0	0.2		12-11	35.7-33.6	33.1	494(-6)				280.0																																											晴		14.0	7.0	11.0	61.6	11.0	4	58.0	良	**	**		ガロンヌ															
2019104112	2025-06-29	2小倉2		11.0	佐世保S(3勝クラス)								角田大和		芝1200				1:08.3	0.5		12-11	33.2-34.6	34.0	490(-4)																																															晴		13.0	6.0	8.0	18.5	9.0	8	55.0	良	**	**		ヤマニンアンフィル															
2019104112	2025-07-26	2新潟1		7.0	新潟日報賞(3勝クラス)								石橋脩		芝1400				1:20.7	1.6		10-10	34.4-33.2	33.4	492(+2)																																															晴		10.0	5.0	5.0	77.3	10.0	8	58.0	良	**	**		ワールズエンド															
2019104112	2025-08-24	3新潟2		9.0	長岡S(3勝クラス)								石橋脩		芝1600				1:33.8	1.3		18-17	34.8-33.6	33.2	486(-6)																																															晴		18.0	6.0	11.0	163.2	17.0	14	55.0	良	**	**		ファーヴェント															
2019104112	2025-09-28	4阪神9		1.0	障害3歳以上未勝利								森一馬		障2970				3:28.5	3.7		11-11-10-9	105.1-0.0	14.0	502(+16)																																															晴		12.0	1.0	1.0	7.1	4.0	8	60.0	良				フームスムート															
2019104112	2025-11-01	3京都10		4.0	障害3歳以上未勝利								森一馬		障2910				3:18.8	-0.2		5-5-2-1	109.0-0.0	13.7	510(+8)				840.0																																											曇		11.0	6.0	6.0	15.8	5.0	1	60.0	稍				(ネイチャーシップ)															
2019104112	2025-11-22	3福島5		5.0	障害3歳以上OP								難波剛健		障3380				3:45.9	1.8		11-8-8-8	104.1-0.0	13.4	498(-12)																																															晴		14.0	5.0	7.0	19.3	6.0	7	60.0	良				エンデュミオン															
2019104159	2021-08-28	4新潟5		6.0	2歳新馬								杉原誠人		芝1600				1:35.6	1.3		13-13	35.4-34.5	34.6	444(0)				110.0																																											曇		18.0	8.0	17.0	54.8	10.0	4	54.0	良	**	**		ソネットフレーズ															
2019104159	2021-09-20	4中山5		2.0	2歳未勝利								田辺裕信		芝1600				1:36.2	0.8		10-11-11	35.0-36.0	35.9	446(+2)																																															晴		15.0	5.0	9.0	10.8	4.0	7	54.0	良	**	**		サークルオブライフ															
2019104159	2021-12-11	6中京3		4.0	2歳未勝利								Ｍ．デム		芝1600				1:37.1	0.6		12-11-10	36.6-35.0	34.6	442(-4)																																															晴		16.0	7.0	13.0	36.4	9.0	8	54.0	良	**	**		ルピナスリード															
2019104159	2022-01-16	1中山6		5.0	3歳未勝利								和田竜二		芝1600				1:36.1	0.1		8-8-3	35.6-36.5	35.9	444(+2)				210.0																																											晴		16.0	5.0	9.0	15.7	8.0	2	54.0	良	**	**		ハピネスアゲン															
2019104159	2022-02-06	1東京4		5.0	3歳未勝利								Ｍ．デム		芝1600				1:35.1	0.0		6-5	35.5-34.6	34.1	440(-4)				210.0																																											晴		16.0	6.0	11.0	14.2	4.0	2	54.0	良	**	**		ライラスター															
2019104159	2022-02-26	2中山1		5.0	3歳未勝利								Ｍ．デム		芝1600				1:35.4	0.0		15-11-8	35.7-35.3	34.4	438(-2)				210.0																																											晴		16.0	8.0	15.0	2.9	1.0	2	54.0	良	**	**		デコラシオン															
2019104159	2022-03-20	2中山7		4.0	3歳未勝利								Ｍ．デム		芝1600				1:35.7	0.1		9-12-6	35.2-36.5	35.7	442(+4)				210.0																																											晴		16.0	3.0	6.0	2.2	1.0	2	54.0	重	**	**		レディナビゲーター															
2019104159	2022-04-16	3中山7		5.0	3歳未勝利								Ｍ．デム		芝1600				1:36.9	0.7		6-6-9	35.7-36.0	36.2	438(-4)																																															晴		16.0	2.0	3.0	2.5	2.0	6	54.0	重	**	**		ベストフィーリング															
2019104159	2022-05-01	2東京4		5.0	3歳未勝利								Ｍ．デム		芝1800				1:50.0	0.4		7-4-4	37.3-34.2	34.3	440(+2)				130.0																																											曇		16.0	7.0	13.0	3.5	2.0	3	54.0	良	**	**		ロジマンボ															
2019104159	2022-05-22	2東京10		3.0	3歳未勝利								Ｍ．デム		芝1400				1:21.8	0.2		7-8	34.8-35.2	34.6	440(0)				130.0																																											晴		18.0	7.0	13.0	6.2	3.0	3	54.0	稍	**	**		レイヴンズコー															
2019104159	2022-06-19	3東京6		4.0	3歳未勝利								Ｍ．デム		芝1400				1:21.6	0.0		8-6	35.4-34.2	33.7	446(+6)				210.0																																											晴		16.0	4.0	8.0	2.1	1.0	2	54.0	良	**	**		ソレントフレイバー															
2019104159	2022-06-26	3東京8		3.0	3歳未勝利								菅原明良		芝1600				1:34.9	-0.1		7-5	36.2-34.7	34.2	442(-4)				520.0																																											晴		15.0	8.0	15.0	2.4	1.0	1	54.0	良	**	**		(チューウィー)															
2019104159	2022-09-10	4中山1		11.0	紫苑S(GIII)								田辺裕信		芝2000				2:00.1	0.2		10-10-12-6	35.9-35.1	34.5	458(+16)				370.0																																											晴		12.0	6.0	7.0	41.3	7.0	5	54.0	良	**	**		スタニングローズ															
2019104159	2022-09-24	4中山6		6.0	3歳以上1勝クラス								杉原誠人		芝2000				2:00.6	0.6		10-10-10-10	35.9-35.3	34.4	458(0)				190.0																																											曇		11.0	6.0	7.0	2.5	1.0	3	52.0	不	**	**		ヒットザシーン															
2019104159	2022-10-08	4東京1		7.0	3歳以上1勝クラス								菅原明良		芝2000				2:00.1	0.1		7-6-7	36.4-34.0	33.5	458(0)				310.0																																											曇		16.0	5.0	9.0	4.9	3.0	2	53.0	良	**	**		マイネルクリソーラ															
2019104159	2022-10-22	4東京6		12.0	3歳以上1勝クラス								菅原明良		芝1800				1:48.8	0.8		9-9-9	36.6-34.1	33.2	458(0)																																															曇		11.0	2.0	2.0	3.8	2.0	8	53.0	良	**	**		カナテープ															
2019104159	2022-12-10	5中山3		7.0	3歳以上1勝クラス								松岡正海		芝1800				1:47.1	0.0		8-8-6-5	36.1-35.9	35.3	456(-2)				310.0																																											晴		16.0	1.0	2.0	4.9	2.0	2	54.0	良	**	**		ソバナ															
2019104159	2022-12-24	5中山7		9.0	ノエル賞(1勝クラス)								松岡正海		芝1600				1:35.0	0.5		7-8-8	34.9-35.3	34.9	452(-4)				107.0																																											晴		16.0	7.0	13.0	5.0	3.0	5	54.0	良	**	**		ディオスバリエンテ															
2019104159	2023-01-09	1中山4		12.0	4歳以上1勝クラス								松岡正海		芝2000				2:02.0	1.0		15-15-12-11	36.0-35.3	34.8	452(0)																																															晴		17.0	4.0	7.0	6.5	3.0	10	55.0	良	**	**		レイトカンセイオー															
2019104159	2023-03-19	2中山8		6.0	4歳以上1勝クラス								菅原明良		芝2000				2:03.6	0.9		10-10-11-8	36.0-36.7	36.8	452(0)																																															晴		16.0	3.0	5.0	5.7	3.0	7	56.0	重	**	**		ウィズグレイス															
2019104159	2023-04-15	1福島3		10.0	桑折特別(1勝クラス)								黛弘人		芝2000				2:03.1	0.0		11-12-12-9	36.3-36.4	35.6	460(+8)				1147.1																																											雨		15.0	8.0	15.0	6.1	3.0	1	56.0	稍	**	**		(ゴルトシュミーデ)															
2019104159	2023-05-14	2東京8		9.0	テレ玉杯(2勝クラス)								黛弘人		芝1800				1:47.7	0.4		7-8-8	36.6-33.7	33.4	462(+2)				155.0																																											曇		8.0	1.0	1.0	8.0	4.0	5	56.0	良	**	**		ルージュエクレール															
2019104159	2023-06-03	3阪神1		9.0	三木特別(2勝クラス)								菅原明良		芝1800				1:45.6	0.8		5-6	35.8-34.2	34.1	464(+2)				625.4																																											晴		8.0	2.0	2.0	7.9	4.0	2	56.0	良	**	**		ケイアイセナ															
2019104159	2023-07-15	2函館5		10.0	かもめ島特別(2勝クラス)								黛弘人		芝1800				1:51.3	0.0		12-13-10-9	37.1-36.7	35.9	462(-2)				1581.5																																											小雨		14.0	7.0	12.0	12.8	5.0	1	56.0	重	**	**		(アルジーヌ)															
2019104159	2023-07-29	1札幌3		11.0	STV賞(3勝クラス)								黛弘人		芝2000				2:00.5	1.3		5-4-4-7	35.4-35.3	36.3	462(0)																																															曇		16.0	2.0	3.0	18.2	7.0	12	54.0	良	**	**		サンストックトン															
2019104159	2023-09-17	4中山4		10.0	レインボーS(3勝クラス)								黛弘人		芝1800				1:47.3	0.8		13-13-12-9	35.6-34.7	34.3	462(0)																																															晴		15.0	7.0	13.0	20.0	8.0	12	54.0	良	**	**		スパイラルノヴァ															
2019104159	2023-10-22	4新潟4		11.0	新潟牝馬S(L)								黛弘人		芝2200				2:16.0	1.2		8-8-5-6	35.9-35.5	36.2	468(+6)																																															晴		13.0	4.0	5.0	46.1	11.0	11	55.0	稍	**	**		メモリーレゾン															
2019104159	2023-11-12	5東京4		10.0	ユートピアS(3勝クラス)								嶋田純次		芝1800				1:46.9	0.8		12-12-13	35.2-34.3	33.7	468(0)																																															曇		14.0	5.0	8.0	66.4	8.0	9	56.0	良	**	**		ルージュリナージュ															
2019104159	2024-01-20	1中山6		11.0	初富士S(3勝クラス)								内田博幸		芝2000				1:59.7	0.5		9-9-11-11	36.5-35.4	34.7	464(-4)				280.0																																											曇		11.0	3.0	3.0	46.4	9.0	4	53.0	良	**	**		グランベルナデット															
2019104159	2024-02-11	1東京6		9.0	初音S(3勝クラス)								内田博幸		芝1800				1:47.1	1.6		13-12-12	35.5-34.3	33.1	466(+2)																																															晴		13.0	6.0	9.0	36.2	9.0	10	56.0	良	**	**		コンクシェル															
2019104159	2024-03-03	2小倉8		11.0	関門橋S(3勝クラス)								黛弘人		芝2000				2:02.8	1.1		12-11-10-11	36.6-35.3	35.9	464(-2)																																															曇		14.0	5.0	8.0	26.4	9.0	10	56.0	稍	**	**		ニホンピロキーフ															
2019104159	2024-03-17	2中山8		9.0	スピカS(3勝クラス)								内田博幸		芝1800				1:48.3	0.7		15-15-14-14	36.0-34.9	34.2	462(-2)																																															晴		16.0	5.0	9.0	194.8	16.0	9	56.0	良	**	**		グランディア															
2019104159	2024-04-21	3京都2		10.0	センテニアルパークS(3勝クラス)								長岡禎仁		芝1800				1:47.7	0.8		5-5	36.0-34.1	34.4	462(0)																																															小雨		9.0	1.0	1.0	65.8	8.0	6	53.0	稍	**	**		アスコルティアーモ															
2019104159	2024-07-07	1函館10		11.0	五稜郭S(3勝クラス)								黛弘人		芝1800				1:50.2	0.8		11-11-12-13	36.2-36.6	36.0	462(0)																																															曇		14.0	8.0	13.0	25.9	9.0	9	56.0	稍	**	**		キミノナハマリア															
2019104159	2024-08-24	2札幌5		11.0	オールスターJ第2戦(3勝クラス)								レーン		芝2000				2:00.5	0.4		9-9-9-6	35.4-37.5	37.0	458(-4)				280.0																																											晴		14.0	7.0	11.0	34.9	12.0	4	56.0	良	**	**		シュバルツクーゲル															
2019104159	2024-09-15	4中山4		10.0	レインボーS(3勝クラス)								石川裕紀		芝1800				1:46.7	1.2		6-6-6-10	35.8-34.5	35.2	460(+2)																																															晴		15.0	7.0	12.0	27.5	10.0	11	53.0	良	**	**		ギャラクシーナイト															
2019104159	2024-10-20	4新潟6		11.0	新潟牝馬S(L)								斎藤新		芝2200				2:14.2	1.0		7-7-7-8	34.8-37.4	36.3	466(+6)																																															晴		13.0	7.0	11.0	81.1	12.0	9	55.0	良	**	**		ホールネス															
2019104159	2024-11-10	5東京4		10.0	ユートピアS(3勝クラス)								内田博幸		芝1800				1:46.9	0.4		8-8-10	36.1-34.2	33.4	466(0)																																															曇		13.0	6.0	8.0	188.0	13.0	7	56.0	良	**	**		ウインエーデル															
2019104159	2024-12-07	5中山3		11.0	常総S(3勝クラス)								丸田恭介		芝1800				1:48.8	0.5		9-10-11-12	37.0-34.6	34.2	460(-6)																																															晴		15.0	6.0	11.0	62.1	9.0	9	56.0	良	**	**		ディオスバリエンテ															
2019104159	2025-02-09	1東京4		10.0	初音S(3勝クラス)								丸田恭介		芝1800				1:45.7	0.2		9-8-8	34.9-35.2	34.0	464(+4)				184.0																																											晴		16.0	6.0	12.0	135.4	12.0	5	56.0	良	**	**		カナテープ															
2019104159	2025-03-29	2中京5		11.0	豊橋S(3勝クラス)								長岡禎仁		芝1600				1:35.7	0.5		9-8-8	36.6-34.8	34.3	462(-2)																																															晴		11.0	5.0	5.0	10.3	5.0	7	56.0	稍	**	**		バウンシーステップ															
2019104159	2025-04-27	2京都2		10.0	センテニアルパークS(3勝クラス)								和田竜二		芝1800				1:46.5	0.7		7-8	35.2-33.6	33.7	468(+6)																																															晴		16.0	4.0	8.0	85.9	13.0	8	53.0	良	**	**		ホウオウラスカーズ															
2019104159	2025-05-18	2京都8		10.0	錦S(3勝クラス)								酒井学		芝1600				1:34.1	1.0		7-7	35.3-33.7	34.0	472(+4)																																															曇		12.0	1.0	1.0	46.2	10.0	8	53.0	稍	**	**		ココナッツブラウン															
2019104159	2025-06-07	3阪神1		11.0	垂水S(3勝クラス)								幸英明		芝2000				1:59.5	0.9		11-11-10-10	35.4-35.6	35.8	468(-4)																																															曇		15.0	8.0	14.0	158.4	14.0	10	56.0	良	**	**		シェイクユアハート															
2019104159	2025-07-13	1函館10		11.0	巴賞(OP)								黛弘人		芝1800				1:45.9	1.1		10-10-10-9	34.4-35.5	34.0	466(-2)																																															晴		12.0	7.0	9.0	25.9	10.0	6	55.0	良	**	**		ケイアイセナ															
2019104159	2025-08-31	2札幌4		11.0	日高S(3勝クラス)								古川奈穂		芝1500				1:30.4	0.9		11-11-11	30.0-35.7	35.7	472(+6)																																															曇		13.0	7.0	11.0	98.6	13.0	9	56.0	稍	**	**		リラボニート															
2019104159	2025-10-19	4新潟2		11.0	新潟牝馬S(L)								嶋田純次		芝2200				2:14.5	1.8		14-14-14-14	35.8-35.0	35.3	470(-2)																																															曇		14.0	8.0	14.0	77.5	12.0	13	55.0	良	**	**		カネラフィーナ															
2019104159	2025-11-16	5東京4		10.0	ユートピアS(3勝クラス)								内田博幸		芝1800				1:48.7	2.2		3-4-4	37.2-33.7	35.5	472(+2)																																															晴		11.0	4.0	4.0	127.2	11.0	11	56.0	良	**	**		フレミングフープ															
2019104159	2025-12-13	5中山3		11.0	常総S(3勝クラス)								長浜鴻緒		芝1800				1:47.8	0.5		9-8-10-12	36.7-34.3	34.0	470(-2)																																															曇		16.0	1.0	2.0	198.0	15.0	6	56.0	良	**	**		マイネルオーシャン															
2019104169	2021-08-15	4小倉2	曇	5.0	2歳新馬		16.0	1.0	2.0	69.9	10.0	12	太宰啓介	54.0	芝1800		稍	**	1:54.1	2.7	**	16-15-14-13	39.0-34.7	36.4	452(0)			ドグマ																																																																								
2019104169	2021-11-14	2福島4	晴	1.0	2歳未勝利		15.0	2.0	2.0	69.5	11.0	5	小沢大仁	52.0	ダ1700		良	**	1:50.1	0.8	**	8-7-10-10	31.2-38.5	38.6	458(+6)			タイキマクスウェル	51.0																																																																							
2019104169	2021-11-28	5阪神8	晴	1.0	2歳未勝利		14.0	5.0	8.0	23.9	8.0	5	団野大成	55.0	ダ1800		良	**	1:56.6	0.6	**	3-3-5-3	37.4-40.4	40.4	454(-4)			エルバリオ	51.0																																																																							
2019104169	2021-12-11	6阪神3	晴	1.0	2歳未勝利		10.0	3.0	3.0	16.4	5.0	5	泉谷楓真	54.0	ダ1800		良	**	1:56.4	2.9	**	9-9-8-7	37.8-37.0	38.9	446(-8)			フォーチュンテラー	51.0																																																																							
2019104169	2021-12-26	6阪神8	晴	1.0	2歳未勝利		16.0	1.0	2.0	13.3	5.0	4	団野大成	55.0	ダ1800		良	**	1:57.5	0.8	**	4-4-4-5	37.5-40.6	40.9	450(+4)			シルヴァンエルフ	77.0																																																																							
2019104169	2022-01-15	1小倉1	晴	1.0	3歳未勝利		9.0	6.0	6.0	6.7	4.0	3	西村淳也	56.0	ダ1700		良	**	1:49.4	0.5	**	3-4-3-4	31.4-38.6	38.8	450(0)			テイクザワールド	130.0																																																																							
2019104169	2022-01-29	1小倉5	曇	1.0	3歳未勝利		13.0	3.0	3.0	9.1	4.0	11	吉田隼人	56.0	ダ1700		良	**	1:50.8	1.7	**	5-6-5-7	30.5-39.2	40.3	446(-4)			バハルダール																																																																								
2019104169	2022-05-22	1新潟6	曇	6.0	3歳未勝利		15.0	6.0	11.0	29.3	8.0	5	西村淳也	56.0	ダ1800		良	**	1:56.5	1.9	**	7-5-13-14	36.6-39.3	39.4	450(+4)			ラインメッセージ	52.0																																																																							
2019104169	2022-06-11	1函館1	晴	6.0	3歳未勝利		14.0	7.0	12.0	24.6	8.0	3	吉田隼人	56.0	ダ1700		良	**	1:47.1	0.1	**	7-7-7-5	29.7-40.1	39.1	440(-10)			エコログロリアス	130.0																																																																							
2019104169	2022-06-25	1函館5	曇	2.0	3歳未勝利		8.0	5.0	5.0	4.2	3.0	1	吉田隼人	56.0	ダ1700		重	**	1:45.8	-0.3	**	5-5-5-3	30.1-37.3	36.8	440(0)			(シャンダス)	520.0																																																																							
2019104169	2022-09-10	5中京1	晴	6.0	3歳以上1勝クラス		10.0	6.0	6.0	13.9	7.0	9	団野大成	54.0	ダ1800		不	**	1:53.1	1.9	**	3-3-6-6	38.4-36.4	37.8	448(+8)			タイセイエピソード																																																																								
2019104169	2022-09-17	5中京3	曇	6.0	3歳以上1勝クラス		12.0	6.0	8.0	25.7	8.0	9	団野大成	54.0	ダ1800		良	**	1:54.6	2.0	**	3-3-3-3	37.8-37.3	39.2	446(-2)			サンマルレジェンド																																																																								
2019104169	2023-05-21	1京都10	晴	7.0	4歳以上1勝クラス		10.0	3.0	3.0	25.9	7.0	6	団野大成	58.0	ダ1900		良	**	2:03.3	1.7	**	4-4-4-3	30.1-38.9	40.0	460(+14)			ウインヴェルデ																																																																								
2019104169	2023-06-03	3阪神1	晴	6.0	3歳以上1勝クラス		13.0	7.0	12.0	81.8	11.0	9	団野大成	58.0	ダ1800		重	**	1:53.3	1.2	**	7-7-8-7	36.7-38.3	38.8	456(-4)			コロンビアテソーロ																																																																								
2019104169	2023-06-24	3阪神7	曇	12.0	3歳以上1勝クラス		14.0	2.0	3.0	157.0	12.0	10	団野大成	58.0	ダ1800		稍	**	1:54.8	2.3	**	2-2-2-5	36.5-37.9	39.9	462(+6)			ミスティックロア																																																																								
2019104169	2023-07-16	3中京6	晴	12.0	3歳以上1勝クラス		14.0	7.0	11.0	165.1	14.0	11	角田大河	57.0	芝1200		良	**	1:09.3	1.0	**	8-9	33.1-35.2	34.4	460(-2)			ウォータールグラン																																																																								
2019104169	2023-08-26	3小倉5	晴	12.0	3歳以上1勝クラス		14.0	6.0	10.0	51.8	11.0	9	団野大成	58.0	芝1200		良	**	1:09.2	1.0	**	14-14	33.5-34.7	34.7	458(-2)			ハクサンパイオニア																																																																								
2019104169	2023-09-16	4阪神3	晴	4.0	3歳以上1勝クラス		18.0	6.0	11.0	202.8	17.0	16	団野大成	58.0	芝1600		良	**	1:33.6	1.4	**	8-11	34.1-34.9	35.4	462(+4)			マイネルラッシュ																																																																								
2019104169	2023-10-15	2京都5	曇	7.0	3歳以上1勝クラス		13.0	5.0	6.0	57.2	9.0	3	小沢大仁	57.0	ダ1400		重	**	1:25.2	1.2	**	9-9	34.1-38.0	37.5	460(-2)			ペプチドタイガー	200.0																																																																							
2019104169	2023-10-29	2京都9	晴	8.0	3歳以上1勝クラス		16.0	7.0	13.0	33.6	8.0	2	小沢大仁	57.0	ダ1400		良	**	1:24.9	0.1	**	14-14	34.4-38.3	36.7	460(0)			カマチョクイン	320.0																																																																							
2019104169	2023-11-11	3京都3	曇	7.0	3歳以上1勝クラス		16.0	5.0	10.0	10.3	5.0	3	角田大河	57.0	ダ1200		重	**	1:12.8	1.0	**	11-12	34.6-37.2	36.8	466(+6)			インヒズアイズ	200.0																																																																							
2019104169	2023-11-25	3京都7	晴	8.0	3歳以上1勝クラス		15.0	5.0	10.0	12.6	7.0	5	小沢大仁	57.0	ダ1400		良	**	1:24.3	0.6	**	8-7	34.4-37.4	37.1	466(0)			ケイアイアニラ	80.0																																																																							
2019104169	2024-03-23	1中京5	雨	8.0	4歳以上1勝クラス		16.0	6.0	12.0	5.0	2.0	9	団野大成	58.0	ダ1400		重	**	1:24.5	1.6	**	10-10	34.9-35.9	36.5	472(+6)			エイシンレジューム																																																																								
2019104169	2024-04-14	2阪神8	晴	8.0	4歳以上1勝クラス		12.0	2.0	2.0	13.9	5.0	9	太宰啓介	58.0	ダ1400		良	**	1:26.5	1.4	**	9-10	35.4-37.4	37.6	462(-10)			サザーランド																																																																								
2019104169	2024-05-05	3京都6	晴	12.0	4歳以上1勝クラス		16.0	4.0	7.0	11.8	7.0	7	団野大成	58.0	ダ1400		良	**	1:26.3	0.5	**	9-7	35.7-37.6	37.2	458(-4)			バイファーザベスト																																																																								
2019104169	2024-05-19	3京都10	曇	12.0	4歳以上1勝クラス		16.0	1.0	2.0	12.5	6.0	2	団野大成	58.0	ダ1200		良	**	1:12.7	0.1	**	1-1	35.5-37.1	37.2	454(-4)			スターペスカオリ	320.0																																																																							
2019104169	2024-06-01	4京都1	晴	9.0	3歳以上1勝クラス		16.0	5.0	10.0	12.5	6.0	3	団野大成	58.0	ダ1200		稍	**	1:11.2	0.5	**	8-6	34.3-36.4	36.0	458(+4)			エスカル	200.0																																																																							
2019104169	2024-06-15	4京都5	曇	12.0	3歳以上1勝クラス		16.0	1.0	1.0	17.5	5.0	7	団野大成	58.0	ダ1200		良	**	1:12.2	0.9	**	2-2	34.0-37.3	37.7	454(-4)			インユアパレス																																																																								
2019104169	2024-09-21	3中京6	晴	9.0	3歳以上1勝クラス		13.0	7.0	12.0	5.9	3.0	3	団野大成	58.0	ダ1200		良	**	1:12.1	0.8	**	5-5	34.4-36.9	37.1	454(0)			アメリカンチケット	200.0																																																																							
2019104169	2024-10-13	5京都4	晴	9.0	3歳以上1勝クラス		14.0	4.0	5.0	8.3	4.0	1	団野大成	58.0	ダ1200		良	**	1:11.9	-0.1	**	8-8	34.0-37.9	36.5	460(+6)			(クリノオリーブ)	800.0																																																																							
2019104169	2024-11-03	6京都2	晴	7.0	3歳以上2勝クラス		12.0	3.0	3.0	12.2	5.0	2	団野大成	58.0	ダ1200		重	**	1:11.9	0.4	**	9-9	34.8-36.7	36.2	466(+6)			ヨーカイディスコ	460.0																																																																							
2019104169	2024-11-17	6京都6	曇	8.0	3歳以上2勝クラス		16.0	6.0	12.0	7.9	4.0	5	武豊	58.0	ダ1200		良	**	1:12.0	0.9	**	15-15	34.6-36.5	36.0	462(-4)			ツークフォーゲル	114.0																																																																							
2019104169	2024-12-08	7京都4	曇	8.0	3歳以上2勝クラス		15.0	4.0	7.0	6.7	4.0	1	武豊	58.0	ダ1200		良	**	1:12.2	-0.2	**	12-13	34.7-37.5	35.8	462(0)			(ノットファウンド)	1140.0																																																																							
2019104169	2025-03-23	1阪神8	晴	10.0	鳴門S(3勝クラス)		16.0	7.0	13.0	35.5	9.0	13	松山弘平	58.0	ダ1400		良	**	1:26.8	2.2	**	10-13	35.4-36.8	37.7	474(+12)			ジャスティンアース																																																																								
2019104169	2025-04-06	2阪神4	晴	12.0	陽春S(3勝クラス)		11.0	6.0	6.0	8.1	5.0	2	松山弘平	58.0	ダ1200		良	**	1:11.6	0.2	**	9-9	34.3-37.1	35.7	474(0)			エコロガイア	747.4																																																																							
2019104169	2025-04-20	2阪神8	曇	10.0	天満橋S(3勝クラス)		16.0	6.0	12.0	24.3	9.0	10	池添謙一	56.0	ダ1400		良	**	1:25.6	1.2	**	14-12	34.5-37.4	37.3	474(0)			ローズスター																																																																								
2019104169	2025-08-16	2新潟7	晴	7.0	上越S(3勝クラス)		15.0	4.0	6.0	56.9	10.0	12	内田博幸	58.0	ダ1200		良	**	1:12.2	1.3	**	14-15	33.6-37.3	36.1	462(-12)			タガノミスト																																																																								
2019104169	2025-09-07	4阪神2	晴	10.0	オークランドTRT(3勝クラス)		12.0	7.0	9.0	46.7	6.0	10	酒井学	58.0	ダ1200		良	**	1:12.3	1.8	**	10-10	35.0-35.5	35.9	468(+6)			テーオーエルビス																																																																								
2019104169	2025-09-20	4阪神6	曇	11.0	大阪スポーツ杯(3勝クラス)		13.0	3.0	3.0	160.0	12.0	9	酒井学	58.0	ダ1400		良	**	1:25.0	0.7	**	13-12	35.6-36.6	36.3	468(0)			スターペスカオリ																																																																								
2019104169	2025-12-21	5阪神6	雨	9.0	御影S(3勝クラス)		16.0	2.0	3.0	262.8	16.0	8	和田竜二	58.0	ダ1400		重	**	1:23.2	0.7	**	10-12	34.0-36.8	36.5	470(+2)			トリリオンボーイ																																																																								
2019104169	2026-01-05	1京都2	晴	10.0	門松S(3勝クラス)		16.0	8.0	15.0	113.2	12.0	11	和田竜二	58.0	ダ1200		良	**	1:12.5	1.3	**	14-16	34.9-36.3	35.9	476(+6)			ヒルノドゴール																																																																								
2019104385	2021-08-30	盛岡		3.0	ファーストステップ2(新馬)(2歳)								関本玲花		ダ1000										計不																			曇		4.0	4.0	4.0			取	51.0	重	**	**		レオンボーイ																																											
2019104385	2021-09-12	盛岡		2.0	ファーストステップ2(新馬)(2歳)								山本聡哉		芝1000				0:59.8	0.0		5-3		35.1	439(0)				150.0															晴		7.0	7.0	7.0	2.2	1.0	1	54.0	良	**	**		(セイシーキング)																																											
2019104385	2021-10-03	盛岡		4.0	フューチャーステップ(2歳)								山本聡哉		芝1000				0:59.6	0.0		6-3		35.6	448(+9)				87.5															晴		10.0	1.0	1.0	3.6	2.0	2	54.0	良	**	**		エイシンツーリング																																											
2019104385	2021-10-17	盛岡		4.0	フューチャーステップ(2歳)								山本政聡		芝1600				1:41.1	0.9		10-11-8-9		37.8	441(-7)				12.5															晴		12.0	7.0	9.0	20.0	4.0	5	54.0	重	**	**		ギャレット																																											
2019104385	2021-11-28	水沢		6.0	フューチャーステップ(2歳)								山本政聡		ダ1400				1:29.5	0.7		10-9-9-7		38.3	453(+12)				87.5															晴		11.0	7.0	9.0	43.3	7.0	2	54.0	不	**	**		キモンリッキー																																											
2019104385	2021-12-14	水沢		11.0	寒菊賞(重賞)								坂口裕一		ダ1600				1:42.7	1.9		12-11-10-9		38.7	450(-3)																			晴		12.0	5.0	6.0	55.9	7.0	7	55.0	不	**	**		クロールキック																																											
2019104385	2022-02-11	大井		4.0	3歳　211.								和田譲治		ダ1400				1:28.5	2.0		6-7-7	36.6-37.6	38.8	441(-9)																			晴		14.0	4.0	5.0	22.2	7.0	6	54.0	不	**	**		フィガロアルビアン																																											
2019104385	2022-03-11	大井		2.0	3歳　359万								和田譲治		ダ1600				1:44.3	1.7		11-11-9-9	37.5-39.5	40.0	435(-6)				22.0															晴		11.0	7.0	8.0	45.3	9.0	5	54.0	良	**	**		ラリュヌブランシュ																																											
2019104385	2022-04-01	大井		2.0	3歳　470.								酒井忍		ダ1400										430(-5)																			晴		0.0	6.0	6.0				54.0	不																																															
2019104385	2022-04-22	大井		3.0	3歳　358.								酒井忍		ダ1600				1:42.1	1.9		7-7-8-8	36.6-38.4	39.7	440(+5)																			晴		12.0	4.0	4.0	118.9	12.0	8	54.0	不	**	**		ローズティアラ																																											
2019104385	2022-05-13	大井		2.0	3歳　355万								酒井忍		ダ1400				1:27.5	0.6		11-12-12	36.9-37.6	36.7	442(+2)				16.0															雨		12.0	5.0	7.0	76.8	11.0	5	54.0	不	**	**		コパノセントルイス																																											
2019104385	2022-05-27	大井		3.0	3歳　337万								酒井忍		ダ1200				1:12.8	0.5		9-9	35.0-37.3	36.4	445(+3)				40.0															曇		10.0	8.0	9.0	43.6	8.0	3	54.0	不	**	**		ゼットソード																																											
2019104385	2022-06-10	大井		6.0	3歳　396.								酒井忍		ダ1200				1:13.1	0.0		9-9	35.6-37.5	36.3	443(-2)				150.0															曇		10.0	8.0	9.0	23.7	5.0	1	54.0	稍	**	**		(カワイイ)																																											
2019104385	2022-07-15	大井		9.0	C1一　二三(C1二)								酒井忍		ダ1200				1:13.1	0.2		6-5	36.2-36.7	36.7	447(+4)				48.0															雨		8.0	7.0	7.0	4.3	3.0	2	53.0	不	**	**		スマートフレイ																																											
2019104385	2022-08-19	大井		6.0	フォールン・エンジェ(C1)								酒井忍		ダ1200				1:13.7	0.8		9-10	35.5-37.4	37.1	453(+6)																			晴		10.0	3.0	3.0	3.7	2.0	8	53.0	重	**	**		サッキールビアノ																																											
2019104385	2022-09-08	大井		9.0	C1二　三四(C1三)								和田譲治		ダ1200				1:13.5	0.0		10-9	35.3-38.2	36.8	451(-2)				48.0															曇		11.0	2.0	2.0	20.1	5.0	2	53.0	良	**	**		キャンユーキッス																																											
2019104385	2022-11-08	金沢		11.0	湯涌温泉特別(B1)								青柳正義		ダ1400				1:29.9	0.0		7-8-1-2		36.9	447(-4)				15.0															曇		11.0	1.0	1.0	2.5	1.0	2	53.0	稍	**	**		サクラルコール																																											
2019104385	2022-11-20	金沢		8.0	金箔生産ほぼ100%(A2)								青柳正義		ダ1500				1:36.1	-0.2		11-11-8-3		37.3	446(-1)				62.0															曇		12.0	2.0	2.0	1.5	1.0	1	53.0	重	**	**		(サエチ)																																											
2019104385	2023-01-08	1中山3		8.0	4歳以上1勝クラス								津村明秀		ダ1200				1:12.5	0.8		15-15	34.2-37.5	37.0	436(-10)																			晴		16.0	4.0	7.0	63.3	9.0	9	56.0	良	**	**		ダルダヌス																																											
2019104385	2023-02-04	1東京3		8.0	4歳以上1勝クラス								丸田恭介		ダ1600				1:39.1	0.9		15-15	35.9-37.3	36.7	434(-2)																			晴		16.0	8.0	16.0	54.8	10.0	8	56.0	良	**	**		ベストフィーリング																																											
2019104385	2023-03-18	1阪神11		8.0	4歳以上1勝クラス								川須栄彦		ダ1400				1:24.5	0.1		12-11	34.5-37.8	36.7	430(-4)				80.0															曇		13.0	6.0	8.0	30.7	11.0	5	56.0	不	**	**		リーベサンライズ																																											
2019104385	2023-08-12	3新潟1		12.0	3歳以上1勝クラス								嶋田純次		ダ1200				1:12.1	1.0		12-11	34.6-36.5	35.8	450(+20)				80.0															晴		15.0	4.0	6.0	49.2	11.0	5	56.0	良	**	**		キュートヘスティア																																											
2019104385	2023-09-02	3新潟7		8.0	3歳以上1勝クラス								嶋田純次		ダ1200				1:12.0	0.0		13-12	34.1-37.9	36.2	448(-2)				800.0															曇		15.0	5.0	9.0	11.4	5.0	1	56.0	良	**	**		(グラスシフォン)																																											
2019104385	2023-10-21	4東京6		8.0	3歳以上2勝クラス								嶋田純次		ダ1400				1:26.4	1.4		10-11	36.9-35.9	36.0	448(0)																			晴		14.0	4.0	5.0	25.2	5.0	11	56.0	良	**	**		コパノパサディナ																																											
2019104385	2023-11-05	3京都2		8.0	3歳以上2勝クラス								吉田豊		ダ1200				1:12.3	1.1		14-12	34.1-37.1	35.6	454(+6)																			晴		14.0	3.0	3.0	71.8	9.0	7	56.0	良	**	**		ダノンセシボン																																											
2019104385	2024-01-14	1京都5		8.0	4歳以上2勝クラス								角田大河		ダ1200				1:12.2	0.6		10-9	35.9-35.7	35.2	450(-4)				170.0															晴		13.0	4.0	5.0	61.7	8.0	4	55.0	良	**	**		ボナンザ																																											
2019104385	2024-02-04	1東京4		12.0	4歳以上2勝クラス								吉田豊		ダ1300				1:19.0	0.6		15-15	29.5-37.0	35.3	444(-6)				290.0															曇		16.0	6.0	12.0	18.9	7.0	3	56.0	良	**	**		タイセイジャスパー																																											
2019104385	2024-02-24	2中山1		12.0	4歳以上2勝クラス								吉田豊		ダ1200				1:10.9	0.2		14-13	33.5-37.2	36.0	446(+2)				460.0															晴		16.0	2.0	4.0	10.5	5.0	2	56.0	稍	**	**		エレガントムーン																																											
2019104385	2024-05-05	2東京6		12.0	日吉特別(2勝クラス)								鮫島克駿		ダ1300				1:18.5	0.9		16-16	29.9-36.0	35.1	450(+4)																			晴		16.0	8.0	15.0	7.2	4.0	7	56.0	良	**	**		グランフォーブル																																											
2019104385	2024-06-02	3東京2		12.0	小金井特別(2勝クラス)								吉田豊		ダ1400				1:23.7	0.6		10-10	36.1-34.8	34.4	454(+4)				155.0															小雨		16.0	4.0	7.0	17.1	8.0	5	56.0	重	**	**		ジャスリー																																											
2019104385	2024-06-23	4京都8		12.0	リボン賞(2勝クラス)								菅原明良		ダ1200				1:11.8	1.7		16-16	34.8-35.3	35.0	454(0)																			曇		16.0	4.0	8.0	48.4	11.0	11	56.0	不	**	**		エスカル																																											
2019104385	2024-09-15	4中山4		9.0	浦安特別(2勝クラス)								吉田豊		ダ1200				1:12.1	0.5		9-8	35.0-36.6	36.3	454(0)				230.0															晴		13.0	2.0	2.0	22.3	8.0	4	56.0	良	**	**		エコロアレス																																											
2019104385	2024-09-28	4中山8		12.0	3歳以上2勝クラス								吉田豊		ダ1200				1:10.6	-0.2		13-11	33.3-37.3	36.0	460(+6)				1140.0															曇		16.0	5.0	9.0	49.2	10.0	1	56.0	良	**	**		(ニットウバジル)																																											
2019104385	2024-12-07	5中山3		10.0	アクアラインS(3勝クラス)								石川裕紀		ダ1200				1:10.8	0.6		16-16	33.5-36.7	35.6	456(-4)				184.0															晴		16.0	7.0	14.0	9.1	5.0	5	53.0	良	**	**		グッジョブ																																											
2019104385	2025-01-05	1中京1		10.0	門松S(3勝クラス)								西村淳也		ダ1200				1:11.9	0.3		13-13	35.5-36.1	35.1	452(-4)																			晴		16.0	3.0	6.0	13.4	5.0	6	56.0	良	**	**		サウンドアレグリア																																											
2019104385	2025-03-01	2中山1		10.0	春風S(3勝クラス)								嶋田純次		ダ1200				1:11.7	0.7		16-15	33.8-37.2	35.9	458(+6)				184.0															晴		16.0	4.0	7.0	14.5	5.0	5	53.0	良	**	**		ニットウバジル																																											
2019104385	2025-03-29	3中山1		9.0	ブラッドストーンS(3勝クラス)								吉田豊		ダ1200				1:10.7	0.2		15-15	33.6-36.9	35.7	460(+2)																			雨		16.0	5.0	9.0	27.0	8.0	6	56.0	稍	**	**		ブシン																																											
2019104385	2025-06-15	3阪神4		12.0	リボン賞(3勝クラス)								永島まな		ダ1200				1:11.9	1.5		14-14	33.8-36.6	36.3	462(+2)																			晴		16.0	6.0	12.0	48.6	10.0	13	53.0	重	**	**		ムーヴ																																											
2019104385	2025-08-17	2新潟8		6.0	稲妻S(3勝クラス)								吉田豊		芝1000				0:56.2	0.9		11	32.8-33.1	32.4	470(+8)																			晴		11.0	6.0	7.0	20.6	8.0	6	56.0	良	**	**		エコロレジーナ																																											
2019104385	2025-09-13	4中山3		11.0	初風S(3勝クラス)								吉田豊		ダ1200				1:10.5	0.6		10-10	34.1-35.8	35.2	470(0)				184.0															曇		10.0	7.0	8.0	13.0	6.0	5	56.0	重	**	**		ユキマル																																											
2019104385	2025-11-16	5東京4		9.0	銀嶺S(3勝クラス)								吉田豊		ダ1400				1:24.2	0.8		12-11	35.2-36.2	35.6	464(-6)				280.0															晴		14.0	1.0	1.0	36.9	6.0	4	53.0	良	**	**		ダノンフィーゴ																																											
2019104385	2025-12-28	5中山8		10.0	フェアウェルS(3勝クラス)								吉田豊		ダ1200				1:10.9	0.0		16-16	33.4-37.5	35.8	464(0)				1875.7															晴		16.0	5.0	10.0	21.5	8.0	1	56.0	良	**	**		(コブラ)																																											
2019104385	2026-01-18	1中山7		10.0	ジャニュアリーS(OP)								吉田豊		ダ1200				1:11.1	0.5		15-14	33.3-37.3	36.2	466(+2)																																																													晴		16.0	2.0	4.0	38.3	11.0	7	55.0	良	**	**		モンドプリューム	202606010710
2019104447	2021-12-05	6中京2		5.0	2歳新馬								松山弘平		芝2000				2:06.3	2.9		6-6-6-6	38.1-34.6	36.5	494(0)					曇		6.0	5.0	5.0	7.1	3.0	6	55.0	良	**	**		シェルビーズアイ																																																									
2019104447	2022-08-07	2新潟4		4.0	3歳未勝利								松山弘平		芝2000				2:00.6	0.5		10-10-10-9	36.0-35.6	35.2	498(+4)				52.0	晴		18.0	1.0	1.0	46.4	9.0	5	56.0	良	**	**		カイザー																																																									
2019104447	2022-08-28	3新潟6		4.0	3歳未勝利								Ｍ．デム		芝2000				2:00.8	-0.8		13-14-12-11	35.8-35.5	34.6	492(-6)				520.0	曇		18.0	6.0	11.0	6.3	3.0	1	56.0	稍	**	**		(アオカミ)																																																									
2019104447	2022-10-22	4新潟3		9.0	岩船特別(1勝クラス)								菱田裕二		芝2200				2:15.1	0.3		10-11-11-9	36.8-34.7	34.1	488(-4)				441.0	雨		16.0	4.0	8.0	3.6	2.0	2	54.0	良	**	**		バラジ																																																									
2019104447	2022-11-26	5東京7		7.0	3歳以上1勝クラス								ギュイヨ		芝2400				2:26.1	-0.5		6-6-5-6	36.7-34.0	33.5	486(-2)				770.0	曇		7.0	4.0	4.0	2.1	1.0	1	55.0	良	**	**		(フォーグッド)																																																									
2019104447	2022-12-18	6中京6		12.0	尾張特別(2勝クラス)								菱田裕二		芝2200				2:13.6	0.0		9-8-9-6	35.9-35.2	34.7	484(-2)				1537.3	晴		12.0	3.0	3.0	3.6	2.0	1	55.0	良	**	**		(エイカイマッケンロ)																																																									
2019104447	2023-01-29	1中京10		9.0	美濃S(3勝クラス)								松山弘平		芝2200				2:12.9	0.0		5-5-2-3	36.9-35.0	34.7	482(-2)				744.2	晴		7.0	3.0	3.0	2.0	1.0	2	57.0	良	**	**		セファーラジエル																																																									
2019104447	2023-06-10	3東京3		11.0	ジューンS(3勝クラス)								内田博幸		芝2400				2:23.3	0.0		8-9-10-12	35.3-35.8	33.7	486(+4)				750.8	曇		18.0	4.0	7.0	10.4	5.0	2	57.0	良	**	**		サクセスシュート																																																									
2019104447	2023-08-19	3新潟3		11.0	日本海S(3勝クラス)								内田博幸		芝2200				2:12.3	0.9		10-8-6-7	35.7-35.3	35.5	480(-6)					晴		13.0	5.0	6.0	5.1	3.0	7	58.0	良	**	**		ドゥレッツァ																																																									
2019104447	2024-02-03	1東京3		11.0	JCベストレース記念(3勝クラス)								キング		芝2400				2:23.6	-0.1		9-9-9-8	36.3-34.1	33.2	486(+6)				1865.9	晴		12.0	5.0	5.0	6.9	3.0	1	57.0	良	**	**		(キングズレイン)																																																									
2019104447	2024-03-23	3中山1		11.0	日経賞(GII)								鮫島克駿		芝2500				2:31.4	-0.1		9-8-8-6	30.8-36.2	35.3	480(-6)				6771.4	小雨		10.0	6.0	6.0	6.3	4.0	1	57.0	良	**	**		(クロミナンス)																																																									
2019104447	2024-05-26	2東京12		12.0	目黒記念(GII)								モレイラ		芝2500				2:32.3	0.0		11-10-11-10	29.9-33.8	32.9	478(-2)				5792.4	晴		13.0	6.0	9.0	3.5	1.0	1	58.5	良	**	**		(シュヴァリエローズ)																																																									
2019104447	2024-06-23	4京都8		11.0	宝塚記念(GI)								レーン		芝2200				2:14.5	2.5		9-9-5-7	35.6-34.5	36.7	470(-8)					曇		13.0	1.0	1.0	25.4	9.0	11	58.0	重	**	**		ブローザホーン																																																									
2019104447	2024-11-24	5東京8		12.0	ジャパンC(GI)								鮫島克駿		芝2400				2:26.3	0.8		14-12-12-12	37.1-33.4	33.4	478(+8)					晴		14.0	4.0	5.0	83.9	11.0	10	58.0	良	**	**		ドウデュース																																																									
2019104447	2024-12-22	5中山8		11.0	有馬記念(GI)								鮫島克駿		芝2500				2:32.6	0.8		12-11-9-10	31.4-35.2	35.5	478(0)					晴		15.0	6.0	12.0	108.1	14.0	10	58.0	良	**	**		レガレイラ																																																									
2019104447	2025-02-22	1東京7		11.0	ダイヤモンドS(GIII)								鮫島克駿		芝3400				3:33.3	1.1		7-7-7-8	37.8-34.9	35.3	482(+4)				430.0	晴		16.0	6.0	11.0	7.8	3.0	5	59.0	良	**	**		ヘデントール																																																									
2019104447	2025-08-17	1札幌8		11.0	札幌記念(GII)								キング		芝2000				2:02.3	0.8		9-9-10-10	36.1-36.9	36.4	478(-4)					曇		16.0	2.0	3.0	19.8	7.0	7	58.0	稍	**	**		トップナイフ																																																									
2019104447	2025-11-09	5東京2		11.0	アルゼンチン共和国杯(GII)								鮫島克駿		芝2500				2:30.4	0.2		12-13-12-14	30.6-34.6	34.0	480(+2)				570.0	曇		18.0	4.0	7.0	12.0	6.0	5	59.0	良	**	**		ミステリーウェイ																																																									
2019104447	2025-11-30	5東京8		12.0	ジャパンC(GI)								菅原明良		芝2400				2:22.2	1.9		15-15-15-13	34.5-34.6	34.9	478(-2)					晴		17.0	5.0	10.0	442.0	17.0	10	58.0	良	**	**		カランダガン																																																									
2019104561	2021-10-17	5新潟4		5.0	2歳新馬								斎藤新		芝1200				1:12.5	1.1		7-9	35.1-36.3	36.5	522(0)					曇		16.0	6.0	12.0	14.9	7.0	8	55.0	重	**	**		ラインアルテア																																																									
2019104561	2022-01-08	1中山2		1.0	3歳未勝利								三浦皇成		ダ1200				1:12.5	0.0		10-10	33.9-38.6	37.6	528(+6)				210.0	晴		16.0	3.0	6.0	16.9	7.0	2	56.0	稍	**	**		ビップソリオ																																																									
2019104561	2022-01-22	1中山7		1.0	3歳未勝利								ルメール		ダ1200				1:12.7	0.7		6-6	34.2-37.8	38.0	528(0)				130.0	晴		16.0	1.0	2.0	2.7	2.0	3	56.0	良	**	**		サカエショウ																																																									
2019104561	2022-02-13	1東京6		1.0	3歳未勝利								三浦皇成		ダ1400				1:25.3	0.1		3-3	36.6-35.8	35.7	534(+6)				210.0	曇		16.0	5.0	10.0	2.9	1.0	2	56.0	重	**	**		ニシノアンドレア																																																									
2019104561	2022-10-06	門別		9.0	シュウメイギク特別(C1)								落合玄太		ダ1200				1:12.6	0.8		1-1		38.0	552(+18)				12.6	曇		11.0	6.0	6.0	2.0	1.0	2	56.0	稍	**	**		ドリームビリーバー																																																									
2019104561	2022-10-20	門別		8.0	SPAT4ならお得に(C1)								落合玄太		ダ1200				1:14.1	-1.3		3-1		37.2	552(0)				45.0	晴		8.0	1.0	1.0	1.1	1.0	1	56.0	良	**	**		(ココシルフィード)																																																									
2019104561	2022-11-01	門別		9.0	シクラメン特別(B4)								落合玄太		ダ1200				1:13.4	-1.4		2-1		38.4	550(-2)				55.0	雨		11.0	8.0	11.0	1.0	1.0	1	56.0	稍	**	**		(アマクミナイデヨ)																																																									
2019104561	2023-01-08	1中山3		8.0	4歳以上1勝クラス								戸崎圭太		ダ1200				1:11.7	-0.1		6-5	34.2-37.5	37.1	548(-2)				800.0	晴		16.0	2.0	3.0	3.0	2.0	1	58.0	良	**	**		(トーセンニック)																																																									
2019104561	2023-02-05	1東京4		12.0	4歳以上2勝クラス								戸崎圭太		ダ1300				1:18.7	0.5		4-4	29.0-37.2	36.9	546(-2)				170.0	晴		16.0	3.0	6.0	3.7	2.0	4	58.0	良	**	**		オールフラッグ																																																									
2019104561	2023-05-28	1京都12		8.0	4歳以上2勝クラス								鮫島克駿		ダ1200				1:13.0	0.9		6-5	34.7-37.4	37.7	548(+2)					晴		16.0	3.0	6.0	5.2	2.0	6	58.0	良	**	**		カフジエニアゴン																																																									
2019104561	2023-09-17	4中山4		9.0	浦安特別(2勝クラス)								戸崎圭太		ダ1200				1:11.6	-0.2		6-5	34.2-37.4	36.7	552(+4)				1585.7	晴		16.0	1.0	2.0	8.4	3.0	1	58.0	良	**	**		(レイテントロアー)																																																									
2019104561	2024-12-22	5中山8		12.0	フェアウェルS(3勝クラス)								戸崎圭太		ダ1200				1:12.2	1.4		6-5	33.3-37.5	38.4	570(+18)					晴		16.0	6.0	11.0	21.0	7.0	7	58.0	良	**	**		ケイアイアニラ																																																									
2019104561	2025-05-04	2京都4		12.0	巨椋池S(3勝クラス)								藤岡佑介		ダ1200				1:11.6	1.4		12-14	33.9-36.3	36.2	554(-16)					晴		16.0	5.0	10.0	107.1	15.0	14	55.0	良	**	**		キタノズエッジ																																																									
2019104561	2025-09-28	4中山9		12.0	外房S(3勝クラス)								佐々木大		ダ1200				1:12.1	1.2		10-11	33.7-37.2	37.3	552(-2)					晴		16.0	4.0	7.0	131.1	16.0	14	54.0	良	**	**		カズゴルティス																																																									
2019104674	2022-01-23	1中山8	曇	6.0	3歳新馬		13.0	6.0	8.0	5.6	3.0	1	横山琉人	51.0	芝2000		良	**	2:04.4	0.0	**	1-1-1-1	38.5-35.9	35.9	410(0)			(デュアルレインボー)	600.0																																																																							
2019104674	2022-03-27	3中山2	曇	9.0	ミモザ賞(1勝クラス)		8.0	2.0	2.0	4.2	3.0	6	菅原明良	54.0	芝2000		重	**	2:03.8	1.2	**	5-6-5-3	36.4-36.2	37.0	412(+2)			ラブパイロー																																																																								
2019104674	2022-04-24	2東京2	雨	11.0	サンスポ賞フローラS(GII)		15.0	3.0	5.0	111.9	13.0	11	内田博幸	54.0	芝2000		良	**	2:01.5	1.1	**	12-13-13	35.9-34.8	34.0	410(-2)			エリカヴィータ																																																																								
2019104674	2022-09-10	4中山1	晴	11.0	紫苑S(GIII)		12.0	1.0	1.0	80.2	10.0	10	横山琉人	54.0	芝2000		良	**	2:01.2	1.3	**	3-4-5-6	35.9-35.1	36.1	412(+2)			スタニングローズ																																																																								
2019104674	2022-12-28	5中山9	晴	7.0	3歳以上1勝クラス		18.0	3.0	6.0	115.4	14.0	7	石川裕紀	54.0	芝2000		良	**	2:01.7	0.9	**	3-5-3-3	35.0-37.0	37.5	412(0)			デコラシオン																																																																								
2019104674	2023-01-21	1中山7	晴	12.0	4歳以上1勝クラス		14.0	4.0	6.0	23.5	8.0	5	石川裕紀	55.0	芝2200		稍	**	2:15.6	0.2	**	9-9-10-10	37.3-36.8	36.0	410(-2)			ハイエスティーム	80.0																																																																							
2019104674	2023-03-19	2中山8	晴	6.0	4歳以上1勝クラス		16.0	3.0	6.0	21.0	8.0	8	北村友一	56.0	芝2000		重	**	2:03.8	1.1	**	10-10-12-8	36.0-36.7	36.8	412(+2)			ウィズグレイス																																																																								
2019104674	2023-04-23	1福島6	晴	9.0	燧ヶ岳特別(1勝クラス)		14.0	2.0	2.0	13.6	7.0	7	武藤雅	56.0	芝2600		良	**	2:41.9	0.9	**	10-10-11-12	37.3-35.7	35.7	408(-4)			タガノバルコス																																																																								
2019104674	2023-07-23	2福島8	晴	8.0	3歳以上1勝クラス		14.0	6.0	10.0	7.5	4.0	6	吉田豊	56.0	芝2600		良	**	2:43.7	0.6	**	8-7-9-7	36.6-37.4	37.1	414(+6)			シルバーティムール																																																																								
2019104674	2023-08-26	2札幌5	晴	9.0	ルスツ特別(1勝クラス)		14.0	3.0	3.0	24.1	6.0	9	浜中俊	56.0	芝2600		良	**	2:44.3	1.4	**	5-5-5-6	38.3-37.2	37.7	416(+2)			ニシノファンフェア																																																																								
2019104674	2023-12-16	4中京5	曇	9.0	高山特別(1勝クラス)		18.0	8.0	17.0	172.9	16.0	16	西村淳也	56.0	芝2200		稍	**	2:15.4	1.3	**	5-5-6-4	35.7-34.9	35.8	404(-12)			コスモフリーゲン																																																																								
2019104674	2024-07-07	2福島4	晴	9.0	織姫賞(1勝クラス)		16.0	8.0	16.0	171.1	12.0	7	吉田豊	56.0	芝1800		良	**	1:49.1	0.6	**	2-2-2-2	35.9-35.5	36.0	424(+20)			ルーチェロッサ																																																																								
2019104674	2024-09-15	4中山4	晴	8.0	3歳以上1勝クラス		17.0	1.0	2.0	31.3	10.0	1	吉田豊	56.0	芝2000		良	**	1:58.1	-0.1	**	5-5-4-3	34.0-35.9	34.9	422(-2)			(オルノア)	800.0																																																																							
2019104674	2024-11-16	5東京5	曇	9.0	南武特別(2勝クラス)		11.0	4.0	4.0	31.7	6.0	7	菅原明良	56.0	芝2400		良	**	2:27.8	0.8	**	2-2-4-4	38.4-34.7	35.1	426(+4)			ラスカンブレス																																																																								
2019104674	2024-12-08	5中山4	晴	9.0	チバテレ杯(2勝クラス)		16.0	7.0	14.0	32.1	8.0	14	吉田豊	56.0	芝2000		良	**	2:00.8	0.9	**	5-5-6-7	36.2-36.0	36.5	424(-2)			ガジュノリ																																																																								
2019104674	2024-12-28	7京都9	晴	10.0	フォーチュンC(2勝クラス)		16.0	5.0	9.0	38.5	8.0	9	吉村誠之	52.0	芝2000		良	**	2:01.2	0.5	**	5-5-8-9	36.5-35.3	35.2	418(-6)			ワレハウミノコ																																																																								
2019104674	2025-03-29	3中山1	雨	8.0	4歳以上2勝クラス		12.0	3.0	3.0	103.5	11.0	10	吉田豊	56.0	芝1800		稍	**	1:51.5	1.4	**	8-7-8-11	37.7-36.4	37.1	424(+6)			マイネルブリックス																																																																								
2019104674	2025-04-06	3中山4	小雨	9.0	安房特別(2勝クラス)		12.0	5.0	5.0	54.0	10.0	10	長浜鴻緒	52.0	芝2500		良	**	2:34.8	2.3	**	4-4-3-3	30.5-35.1	37.1	422(-2)			レッドテリオス																																																																								
2019104740	2021-08-01	3新潟4		5.0	2歳新馬								石橋脩		芝1800				1:51.3	0.1		8-7	39.0-32.9	32.6	464(0)				280.0	雨		10.0	8.0	9.0	4.9	2.0	2	54.0	良	**	**		ルージュスティリア																																																									
2019104740	2021-10-09	4東京1		2.0	2歳未勝利								石橋脩		芝1800				1:47.3	-0.3		5-5-7	35.8-34.5	33.9	462(-2)				510.0	曇		12.0	5.0	5.0	2.6	1.0	1	54.0	良	**	**		(ユイノゴトク)																																																									
2019104740	2021-11-21	5東京6		9.0	赤松賞(1勝クラス)								石橋脩		芝1600				1:34.3	0.5		3-3	35.9-34.1	33.8	468(+6)				253.3	曇		9.0	8.0	9.0	2.3	1.0	3	54.0	良	**	**		ナミュール																																																									
2019104740	2022-01-10	1中山4		11.0	フェアリーS(GIII)								石橋脩		芝1600				1:35.3	0.1		5-5-4	35.5-35.3	35.1	474(+6)				1516.4	曇		16.0	2.0	3.0	4.3	1.0	2	54.0	良	**	**		ライラック																																																									
2019104740	2022-02-12	1東京5		11.0	デイリー杯クイーンC(GIII)								横山武史		芝1600				1:34.2	0.1		5-3	35.3-34.4	34.2	474(0)				1516.2	晴		16.0	5.0	9.0	3.4	1.0	2	54.0	良	**	**		プレサージュリフト																																																									
2019104740	2022-04-10	2阪神6		11.0	桜花賞(GI)								川田将雅		芝1600				1:32.9	0.0		10-9	34.6-34.1	33.5	470(-4)				15759.4	晴		18.0	4.0	8.0	14.5	7.0	1	55.0	良	**	**		(ウォーターナビレラ)																																																									
2019104740	2022-05-22	2東京10		11.0	優駿牝馬(GI)								ルメール		芝2400				2:23.9	-0.2		8-7-8-8	35.3-34.8	33.7	464(-6)				16815.4	晴		17.0	8.0	18.0	6.5	3.0	1	55.0	良	**	**		(スタニングローズ)																																																									
2019104740	2022-10-16	4阪神5		11.0	秋華賞(GI)								ルメール		芝2000				1:58.7	0.1		14-13-14-14	35.7-34.8	33.5	472(+8)				2848.0	晴		16.0	5.0	9.0	3.0	1.0	3	55.0	良	**	**		スタニングローズ																																																									
2019104740	2023-04-02	2阪神4		11.0	大阪杯(GI)								ルメール		芝2000				1:57.4	0.0		12-12-11-9	35.5-35.3	34.4	484(+12)				8097.2	晴		16.0	6.0	11.0	3.4	1.0	2	56.0	良	**	**		ジャックドール																																																									
2019104740	2023-05-14	2東京8		11.0	ヴィクトリアマイル(GI)								ルメール		芝1600				1:32.3	0.1		5-3	34.2-33.7	33.6	484(0)				3349.8	小雨		16.0	1.0	2.0	2.5	1.0	3	56.0	良	**	**		ソングライン																																																									
2019104740	2023-11-26	5東京8		12.0	ジャパンC(GI)								ビュイッ		芝2400				2:22.6	0.8		4-4-4-4	35.5-36.5	34.0	496(+12)				13055.2	曇		18.0	8.0	17.0	26.6	5.0	3	56.0	良	**	**		イクイノックス																																																									
2019104740	2023-12-24	5中山8		11.0	有馬記念(GI)								ルメール		芝2500				2:31.0	0.1		2-2-2-2	30.2-35.9	34.8	494(-2)				20097.2	晴		16.0	8.0	16.0	8.6	7.0	2	56.0	良	**	**		ドウデュース																																																									
2019104740	2024-03-30	メイダン			ドバイシーマC(GI)								デットー		芝2410										計不							12.0		11.0	4.2	3.0	8	55.0	良																																																													
2019104740	2024-11-24	5東京8		12.0	ジャパンC(GI)								川田将雅		芝2400				2:26.1	0.6		3-3-2-2	37.1-33.4	33.8	500(0)					晴		14.0	8.0	14.0	12.7	5.0	7	56.0	良	**	**		ドウデュース																																																									
2019104740	2024-12-22	5中山8		11.0	有馬記念(GI)								川田将雅		芝2500				2:33.6	1.8		3-5-5-13	31.4-35.2	36.7	498(-2)					晴		15.0	4.0	7.0	17.6	8.0	14	56.0	良	**	**		レガレイラ																																																									
2019104841	2021-06-26	1札幌5		5.0	2歳新馬								小沢大仁		芝1200				1:09.5	0.3		1-2	34.9-34.3	34.6	442(0)				280.0	晴		8.0	1.0	1.0	25.7	7.0	2	51.0	良	**	**		キングエルメス																																																									
2019104841	2021-07-03	1函館1		1.0	2歳未勝利								小沢大仁		芝1200				1:09.8	0.5		3-3	33.5-35.8	36.1	444(+2)				51.0	晴		10.0	5.0	5.0	6.0	3.0	5	51.0	良	**	**		ナムラリコリス																																																									
2019104841	2021-08-15	2札幌2		1.0	2歳未勝利								西谷凜		芝1200				1:10.4	1.1		1-1	33.5-35.8	36.9	432(-12)					曇		9.0	3.0	3.0	10.8	5.0	6	51.0	良	**	**		フリートオブフット																																																									
2019104841	2021-09-04	2札幌7		1.0	2歳未勝利								西谷凜		芝1200				1:10.4	0.4		3-4	34.7-35.3	35.3	438(+6)				130.0	晴		9.0	2.0	2.0	19.2	5.0	3	51.0	良	**	**		プラソン																																																									
2019104841	2022-03-26	2阪神1		1.0	3歳未勝利								鮫島克駿		ダ1200				1:12.5	-0.1		2-2	35.7-36.8	36.6	458(+20)				520.0	小雨		16.0	7.0	13.0	3.5	2.0	1	54.0	良	**	**		(テキサスフィズ)																																																									
2019104841	2022-04-16	2阪神7		6.0	3歳1勝クラス								鮫島克駿		ダ1200				1:11.8	0.0		2-2	34.6-37.2	37.1	458(0)				300.0	晴		16.0	5.0	9.0	14.7	5.0	2	54.0	稍	**	**		クロジシジョー																																																									
2019104841	2022-05-15	3中京4		6.0	3歳1勝クラス								和田竜二		ダ1200				1:11.8	0.8		4-3	34.1-36.9	37.2	456(-2)				75.0	晴		16.0	2.0	4.0	1.7	1.0	5	54.0	重	**	**		カフジエニアゴン																																																									
2019104841	2022-06-11	1函館1		8.0	3歳以上1勝クラス								鮫島克駿		ダ1000				0:58.6	0.4		3-3	34.4-35.5	35.6	454(-2)				310.0	晴		12.0	6.0	8.0	1.9	1.0	2	52.0	良	**	**		チェイスザドリーム																																																									
2019104841	2022-07-03	1函館8		12.0	3歳以上1勝クラス								鮫島克駿		ダ1000				0:58.3	-0.3		1-1	34.8-35.1	35.1	460(+6)				770.0	晴		11.0	7.0	10.0	1.4	1.0	1	52.0	稍	**	**		(スズカサウスソング)																																																									
2019104841	2022-07-24	1札幌2		10.0	知床特別(2勝クラス)								鮫島克駿		芝1200				1:09.2	-0.2		2-2	33.3-35.9	35.7	456(-4)				1532.4	曇		9.0	5.0	5.0	5.6	3.0	1	52.0	良	**	**		(ラキエータ)																																																									
2019104841	2022-11-05	5阪神1		10.0	安芸S(3勝クラス)								鮫島克駿		ダ1200				1:11.6	-0.2		2-2	34.7-36.9	36.7	458(+2)				1879.9	晴		16.0	8.0	15.0	5.8	3.0	1	52.0	良	**	**		(ウォームライト)																																																									
2019104841	2022-12-11	5中山4		11.0	カペラS(GIII)								永野猛蔵		ダ1200				1:10.9	2.0		5-6	32.2-36.7	38.3	460(+2)					曇		16.0	7.0	14.0	35.6	11.0	15	53.0	良	**	**		リメイク																																																									
2019104841	2023-01-09	1中京4		11.0	淀短距離S(L)								松若風馬		芝1200				1:07.7	0.2		2-2	33.3-34.2	34.3	466(+6)				1109.4	晴		15.0	2.0	3.0	30.0	8.0	2	55.0	良	**	**		ホープフルサイン																																																									
2019104841	2023-02-12	2小倉2		11.0	北九州短距離S(OP)								松若風馬		芝1200				1:08.5	0.3		2-2	33.1-35.1	35.3	466(0)					晴		18.0	4.0	8.0	4.8	1.0	9	55.0	稍	**	**		ヴァトレニ																																																									
2019104841	2023-04-09	3中山6		11.0	京葉S(L)								松岡正海		ダ1200				1:10.6	0.6		2-2	33.7-36.3	36.6	460(-6)				360.0	晴		13.0	4.0	4.0	35.2	9.0	4	55.0	良	**	**		テイエムトッキュウ																																																									
2019104841	2023-06-11	1函館2		11.0	函館スプリントS(GIII)								角田大和		芝1200				1:09.1	0.9		3-3	33.0-35.2	36.0	460(0)					曇		16.0	8.0	16.0	78.5	14.0	12	55.0	良	**	**		キミワクイーン																																																									
2019104841	2023-06-24	1函館5		11.0	青函S(OP)								角田大和		芝1200				1:09.6	0.3		2-2	34.6-34.7	34.8	460(0)				930.4	曇		16.0	5.0	10.0	8.0	3.0	2	55.0	稍	**	**		ゾンニッヒ																																																									
2019104841	2023-07-23	1札幌2		11.0	しらかばS(OP)								角田大和		芝1200				1:08.0	0.6		5-2	33.7-33.7	34.0	468(+8)					晴		16.0	7.0	14.0	9.1	4.0	10	54.0	良	**	**		シュバルツカイザー																																																									
2019104841	2023-08-13	2札幌2		11.0	UHB賞(OP)								角田大和		芝1200				1:08.4	0.2		1-1	34.4-33.8	34.0	462(-6)				929.0	曇		15.0	8.0	15.0	9.4	4.0	2	55.0	良	**	**		シナモンスティック																																																									
2019104841	2023-10-07	2京都1		11.0	藤森S(OP)								角田大和		ダ1200				1:12.1	1.2		2-2	34.6-36.3	37.4	456(-6)					晴		16.0	7.0	14.0	16.6	6.0	11	55.0	良	**	**		サンライズアムール																																																									
2019104841	2023-12-16	5阪神5		11.0	タンザナイトS(OP)								川須栄彦		芝1200				1:08.5	0.0		1-1	33.9-34.6	34.6	464(+8)				2334.3	曇		16.0	3.0	5.0	6.7	3.0	1	54.0	稍	**	**		(ホープフルサイン)																																																									
2019104841	2024-01-13	1京都4		11.0	淀短距離S(L)								川須栄彦		芝1200				1:09.3	0.7		1-1	33.9-34.7	35.4	466(+2)				340.0	曇		17.0	8.0	16.0	11.7	4.0	4	56.0	良	**	**		ビッグシーザー																																																									
2019104841	2024-04-14	3中山8		12.0	春雷S(L)								戸崎圭太		芝1200				1:07.2	0.1		2-2	33.4-33.7	33.7	466(0)				410.0	晴		16.0	4.0	7.0	10.7	4.0	4	55.0	良	**	**		サトノレーヴ																																																									
2019104841	2024-06-09	1函館2		11.0	函館スプリントS(GIII)								鮫島克駿		芝1200				1:10.6	2.2		3-3	33.4-35.0	36.9	472(+6)					小雨		16.0	4.0	8.0	29.2	8.0	16	55.0	良	**	**		サトノレーヴ																																																									
2019104841	2024-07-21	1札幌2		11.0	しらかばS(OP)								藤岡佑介		芝1200				1:09.1	0.8		2-3	34.1-34.2	34.8	468(-4)					晴		10.0	8.0	10.0	7.0	4.0	10	55.0	良	**	**		ゾンニッヒ																																																									
2019104841	2024-08-11	2札幌2		11.0	UHB賞(OP)								藤岡佑介		芝1200				1:08.8	0.8		2-2	33.3-34.7	35.3	462(-6)					晴		16.0	4.0	7.0	41.9	12.0	13	56.0	良	**	**		プルパレイ																																																									
2019104841	2024-10-06	5京都2		10.0	藤森S(OP)								川須栄彦		ダ1200				1:12.0	0.7		3-2	34.7-36.6	36.9	470(+8)					晴		14.0	4.0	7.0	40.8	10.0	7	56.0	良	**	**		クインズメリッサ																																																									
2019104841	2024-12-22	7京都8		11.0	りんくうS(OP)								川須栄彦		ダ1200				1:14.0	2.5		3-3	34.8-36.7	39.0	476(+6)					晴		16.0	7.0	13.0	60.7	15.0	15	56.0	良	**	**		ドンアミティエ																																																									
2019104850	2021-12-11	6阪神3		6.0	2歳新馬								幸英明		芝2000				2:02.1	0.5		10-10-9-9	36.3-36.2	35.9	466(0)				70.0																																											晴		13.0	4.0	4.0	59.8	10.0	5	55.0	良	**	**		ロードラプソディ															
2019104850	2022-04-24	1福島4		6.0	3歳未勝利								原優介		芝2000				2:01.7	0.4		14-15-14-13	34.1-36.3	35.6	468(+2)				52.0																																											晴		16.0	1.0	2.0	17.2	6.0	5	53.0	良	**	**		エグランタイン															
2019104850	2022-05-14	1新潟3		5.0	3歳未勝利								原優介		芝2400				2:31.7	0.5		14-14-14-12	36.9-37.0	35.8	470(+2)				130.0																																											曇		14.0	3.0	4.0	6.2	3.0	3	53.0	稍	**	**		ブロンドケリー															
2019104850	2022-05-29	1新潟8		6.0	3歳未勝利								原優介		芝2200				2:17.2	0.5		4-5-11-10	36.4-36.6	36.3	470(0)				78.0																																											晴		12.0	4.0	4.0	6.9	4.0	4	53.0	良	**	**		コスモフロイデ															
2019104850	2022-06-25	3阪神3		4.0	3歳未勝利								幸英明		芝2000				2:01.2	0.6		11-11-10-10	35.3-37.3	37.0	472(+2)				52.0																																											晴		16.0	5.0	10.0	8.4	5.0	5	56.0	良	**	**		キングロコマイカイ															
2019104850	2022-07-16	3小倉5		7.0	3歳未勝利								藤岡康太		芝2000				1:59.2	-0.4		8-9-5-3	34.4-35.5	35.2	464(-8)				520.0																																											晴		18.0	6.0	11.0	15.5	5.0	1	56.0	良	**	**		(ルージュラジョア)															
2019104850	2022-11-05	5阪神1		12.0	3歳以上1勝クラス								藤岡康太		芝1800				1:45.9	0.3		7-4	35.3-34.1	34.2	476(+12)				190.0																																											晴		12.0	4.0	4.0	33.0	7.0	3	55.0	良	**	**		トゥデイイズザデイ															
2019104850	2022-11-19	5阪神5		12.0	3歳以上1勝クラス								藤岡康太		芝1600				1:36.0	0.3		11-6	35.2-35.3	33.1	478(+2)																																															晴		18.0	7.0	14.0	7.7	3.0	7	56.0	良	**	**		レベレンシア															
2019104850	2023-03-11	2中京1		12.0	4歳以上1勝クラス								富田暁		芝1600				1:35.6	0.3		15-13-13	36.6-35.1	34.3	480(+2)				80.0																																											晴		16.0	6.0	11.0	5.9	4.0	5	58.0	良	**	**		インテグリフォリア															
2019104850	2023-03-26	2阪神2		7.0	4歳以上1勝クラス								富田暁		芝1600				1:36.9	1.4		12-13	35.8-34.9	35.1	486(+6)				80.0																																											雨		14.0	5.0	8.0	7.7	3.0	5	58.0	重	**	**		ミツルハピネス															
2019104850	2023-04-15	1福島3		8.0	4歳以上1勝クラス								菱田裕二		芝1800				1:48.7	0.0		15-15-15-14	35.1-37.2	35.4	478(-8)				800.0																																											雨		16.0	8.0	16.0	6.1	3.0	1	58.0	稍	**	**		(バガン)															
2019104850	2023-07-08	2福島3		10.0	猪苗代特別(2勝クラス)								田辺裕信		芝2000				2:01.1	-0.2		8-7-6-5	36.5-35.9	35.3	472(-6)				1579.4																																											曇		13.0	4.0	5.0	6.8	5.0	1	58.0	良	**	**		(オウケンボルト)															
2019104850	2023-10-28	4新潟5		11.0	魚沼S(3勝クラス)								富田暁		芝2000				2:05.1	1.5		12-12	36.9-35.9	36.5	476(+4)																																															雨		12.0	1.0	1.0	14.4	6.0	8	58.0	不	**	**		ホウオウリアリティ															
2019104850	2023-11-18	3京都5		10.0	比叡S(3勝クラス)								浜中俊		芝2400				2:29.4	1.7		7-4-7-9	35.5-34.0	35.0	476(0)																																															晴		14.0	7.0	11.0	61.8	12.0	13	58.0	稍	**	**		ディナースタ															
2019104850	2024-02-18	2京都8		10.0	斑鳩S(3勝クラス)								古川吉洋		芝1600				1:34.1	1.1		5-4	35.2-34.6	34.9	478(+2)																																															曇		12.0	1.0	1.0	80.3	9.0	9	58.0	良	**	**		ディオ															
2019104850	2024-03-03	2小倉8		11.0	関門橋S(3勝クラス)								丸山元気		芝2000				2:03.0	1.3		5-5-2-7	36.6-35.3	36.4	474(-4)																																															曇		14.0	4.0	6.0	46.0	10.0	11	58.0	稍	**	**		ニホンピロキーフ															
2019104850	2024-03-24	3中山2		10.0	春興S(3勝クラス)								松若風馬		芝1600				1:33.3	0.4		7-8-8	35.0-34.6	33.8	470(-4)				184.0																																											曇		13.0	2.0	2.0	31.6	10.0	5	54.0	良	**	**		サイルーン															
2019104850	2024-04-14	2阪神8		10.0	立雲峡S(3勝クラス)								松若風馬		芝1600				1:33.0	0.3		9-9	35.2-34.9	33.4	476(+6)																																															晴		11.0	7.0	8.0	17.7	6.0	6	58.0	良	**	**		セオ															
2019104850	2024-08-25	3新潟6		10.0	長岡S(3勝クラス)								斎藤新		芝1600				1:33.4	-0.2		5-5	34.9-34.7	33.9	466(-10)				1869.4																																											曇		14.0	1.0	1.0	24.8	8.0	1	54.0	良	**	**		(テンノメッセージ)															
2019104850	2024-09-29	3中京9		11.0	ポートアイランドS(L)								斎藤新		芝1600				1:35.2	0.8		12-13-13	34.9-36.5	35.1	472(+6)																																															曇		14.0	7.0	11.0	49.6	9.0	8	57.0	稍	**	**		アスクコンナモンダ															
2019104850	2024-12-07	7京都3		11.0	リゲルS(L)								幸英明		芝1600				1:33.4	0.5		8-7	35.0-34.4	34.0	476(+4)				270.0																																											晴		13.0	4.0	5.0	72.8	9.0	5	57.0	良	**	**		シャドウフューリー															
2019104850	2025-01-13	1中山5		11.0	ニューイヤーS(L)								キング		芝1600				1:33.5	1.2		13-13-13	34.5-34.9	34.7	476(0)																																															晴		16.0	7.0	13.0	68.8	12.0	15	57.0	良	**	**		トロヴァトーレ															
2019104850	2025-03-09	1阪神4		11.0	大阪城S(L)								斎藤新		芝1800				1:45.2	0.6		3-4	35.3-33.6	33.9	484(+8)																																															晴		14.0	1.0	1.0	73.7	11.0	6	57.0	良	**	**		デビットバローズ															
2019104850	2025-03-30	2阪神2		11.0	六甲S(L)								斎藤新		芝1600							11-12	34.6-34.5		478(-6)																																															曇		12.0	3.0	3.0	27.5	8.0	中	57.0	良	**	**		ダディーズビビッド															
2019104850	2025-05-25	2京都10		11.0	都大路S(L)								松若風馬		芝1800				1:45.9	0.7		16-16	33.9-35.7	35.1	482(+4)				420.0																																											曇		17.0	6.0	11.0	76.5	13.0	4	55.0	稍	**	**		セキトバイースト															
2019104850	2025-06-14	3東京3		11.0	ジューンS(OP)								丸山元気		芝1800				1:48.5	0.5		11-10-10	36.3-34.7	34.2	476(-6)																																															小雨		15.0	3.0	4.0	101.5	12.0	7	57.0	良	**	**		シルトホルン															
2019104850	2025-08-09	2新潟5		7.0	関越S(OP)								菊沢一樹		芝1800				1:46.3	0.1		5-3	36.8-32.7	32.4	474(-2)				603.9																																											晴		13.0	5.0	7.0	18.9	7.0	3	55.0	良	**	**		ウンブライル															
2019104850	2025-08-31	3新潟4		11.0	新潟記念(GIII)								菊沢一樹		芝2000				1:58.3	0.3		9-10	35.6-33.2	32.8	476(+2)																																															晴		16.0	3.0	5.0	223.2	12.0	7	57.0	良	**	**		シランケド															
2019104850	2025-10-25	3京都8		11.0	カシオペアS(L)								吉村誠之		芝1800				1:45.2	0.2		8-6	34.9-35.4	33.8	476(0)				420.0																																											曇		10.0	2.0	2.0	13.2	6.0	4	57.0	良	**	**		オーロラエックス															
2019104850	2025-11-15	4京都3		10.0	アンドロメダS(L)								鮫島克駿		芝2000				1:59.3	0.4		8-10-9-9	35.5-35.1	34.7	484(+8)				420.0																																											晴		16.0	4.0	7.0	18.6	7.0	4	57.0	良	**	**		ウエストナウ															
2019104850	2025-12-21	5中山6		11.0	ディセンバーS(L)								原優介		芝1800				1:48.7	1.3		16-16-16-15	36.7-35.2	34.6	472(-12)																																															曇		16.0	5.0	9.0	17.9	8.0	11	57.0	重	**	**		ドラゴンブースト															
2019104861	2021-12-25	5中山7		5.0	2歳新馬								菅原明良		芝1800				1:51.1	0.5		2-2-2-2	37.5-35.6	36.0	448(0)				110.0																													晴		16.0	5.0	10.0	33.9	8.0	4	54.0	稍	**	**		ルージュエヴァイユ																													
2019104861	2022-01-16	1中山6		5.0	3歳未勝利								菅原明良		芝1600				1:36.8	0.8		4-2-2	35.6-36.5	37.2	444(-4)																																	晴		16.0	8.0	15.0	11.0	5.0	8	54.0	良	**	**		ハピネスアゲン																													
2019104861	2022-04-02	3中山3		5.0	3歳未勝利								三浦皇成		芝2000				2:03.8	1.6		5-2-2-2	37.0-35.3	36.8	438(-6)																																	晴		18.0	8.0	18.0	115.5	11.0	10	54.0	稍	**	**		ヴィブラツィオーネ																													
2019104861	2022-06-19	3東京6		4.0	3歳未勝利								津村明秀		芝1400				1:22.2	0.6		2-2	35.4-34.2	34.7	450(+12)				52.0																													晴		16.0	5.0	10.0	17.4	6.0	5	54.0	良	**	**		ソレントフレイバー																													
2019104861	2022-07-10	2福島4		2.0	3歳未勝利								津村明秀		ダ1700				1:46.5	-1.2		10-8-5-2	29.6-38.1	37.6	448(-2)				520.0																													晴		15.0	4.0	6.0	9.5	6.0	1	54.0	良	**	**		(ミニョンルミエール)																													
2019104861	2022-08-28	3新潟6		8.0	3歳以上1勝クラス								津村明秀		ダ1800				1:53.5	0.8		2-3-3-2	36.6-37.6	38.1	436(-12)				190.0																													晴		8.0	5.0	5.0	2.7	2.0	3	52.0	稍	**	**		モントブレッチア																													
2019104861	2022-09-25	4中山7		8.0	3歳以上1勝クラス								津村明秀		ダ1800				1:54.2	0.9		6-5-5-2	37.5-38.7	39.1	436(0)				120.0																													晴		13.0	7.0	11.0	4.2	1.0	4	52.0	稍	**	**		スピードソルジャー																													
2019104861	2023-03-25	3中山1		8.0	4歳以上1勝クラス								津村明秀		ダ1800				1:53.7	-0.2		6-5-4-3	37.8-38.9	38.6	452(+16)				800.0																													小雨		14.0	4.0	6.0	5.8	3.0	1	56.0	不	**	**		(ハローサブリナ)																													
2019104861	2023-10-01	4中山9		9.0	3歳以上2勝クラス								松山弘平		ダ1800				1:57.4	3.5		9-6-8-9	37.8-37.6	40.5	450(-2)																																	曇		16.0	8.0	16.0	60.2	11.0	14	56.0	良	**	**		カランセ																													
2019104861	2023-11-11	5東京3		8.0	3歳以上2勝クラス								柴田大知		ダ1600				1:38.0	1.6		11-10	35.0-37.3	38.0	444(-6)																																	曇		16.0	3.0	6.0	210.2	15.0	10	56.0	良	**	**		クインズジュピタ																													
2019104861	2024-01-20	1中山6		9.0	初茜賞(2勝クラス)								内田博幸		ダ1800				1:54.7	1.2		16-16-16-16	37.4-39.2	38.1	442(-2)																																	小雨		16.0	4.0	7.0	330.5	16.0	12	56.0	良	**	**		メイショウコバト																													
2019104861	2024-04-20	1福島5		10.0	尾瀬特別(2勝クラス)								西塚洸二		ダ1700				1:45.9	0.7		7-7-7-7	29.5-38.4	38.1	434(-8)																																	晴		15.0	4.0	6.0	87.5	12.0	6	52.0	良	**	**		ニホンピロハーバー																													
2019104861	2024-05-12	2東京8		9.0	テレ玉杯(2勝クラス)								内田博幸		芝1600				1:34.5	1.7		7-7	35.4-33.9	34.6	446(+12)																																	曇		8.0	3.0	3.0	142.1	7.0	8	56.0	良	**	**		ゴートゥファースト																													
2019104861	2024-07-07	2福島4		10.0	天の川賞(2勝クラス)								内田博幸		ダ1700				1:46.4	1.0		3-5-6-5	30.8-36.5	37.2	442(-4)				230.0																													晴		10.0	5.0	5.0	59.5	9.0	4	56.0	良	**	**		ジョージテソーロ																													
2019104861	2024-08-04	2新潟4		12.0	苗場特別(2勝クラス)								西塚洸二		ダ1800				1:53.3	0.3		1-1-1-1	36.6-38.2	38.5	438(-4)				230.0																													晴		15.0	1.0	1.0	25.0	6.0	4	56.0	良	**	**		ダイメイセブン																													
2019104861	2024-09-01	3新潟8		10.0	両津湾特別(2勝クラス)								内田博幸		ダ1800				1:53.6	1.6		8-8-7-7	36.2-37.8	38.8	440(+2)				155.0																													晴		15.0	3.0	5.0	69.7	9.0	5	56.0	良	**	**		ハビレ																													
2019104861	2024-10-05	4新潟1		11.0	鳥屋野特別(2勝クラス)								丹内祐次		ダ1800				1:52.8	0.5		8-8-4-4	36.6-37.5	37.8	444(+4)																																	晴		13.0	4.0	4.0	6.0	3.0	6	53.0	稍	**	**		エスティメート																													
2019104861	2024-10-26	4新潟7		10.0	直江津特別(2勝クラス)								西塚洸二		ダ1800				1:53.4	0.6		6-7-5-5	36.4-37.0	37.2	440(-4)				155.0																													晴		14.0	5.0	7.0	26.8	9.0	5	56.0	良	**	**		ウィステリアリヴァ																													
2019104861	2024-11-10	3福島4		10.0	福島放送賞(2勝クラス)								柴田大知		ダ1700				1:45.9	-0.2		14-14-15-10	29.7-38.8	37.9	442(+2)				1590.6																													晴		15.0	5.0	9.0	53.3	15.0	1	56.0	良	**	**		(ケイアイメキラ)																													
2019104861	2024-12-01	5中山2		10.0	市川S(3勝クラス)								内田博幸		ダ1800				1:53.2	1.1		12-12-14-14	36.2-38.5	38.6	444(+2)																																	晴		16.0	2.0	3.0	88.4	12.0	9	52.0	良	**	**		クインズミモザ																													
2019104861	2025-03-08	2中山3		10.0	上総S(3勝クラス)								柴田大知		ダ1800				1:54.2	2.1		15-15-14-15	36.9-38.5	38.7	444(0)																																	曇		16.0	7.0	13.0	207.2	16.0	15	52.0	稍	**	**		ロードクロンヌ																													
2019104861	2025-04-13	2阪神6		12.0	梅田S(3勝クラス)								津村明秀		ダ1800				1:54.7	1.9		11-10-9-7	37.6-37.4	38.5	440(-4)																																	雨		16.0	2.0	4.0	243.6	16.0	12	56.0	稍	**	**		ネバーモア																													
2019104861	2025-06-29	2福島2		10.0	鶴ヶ城S(3勝クラス)								山本咲希		ダ1700				1:45.7	1.2		12-13-14-13	30.2-37.1	36.6	452(+12)																																	晴		15.0	3.0	5.0	135.0	12.0	8	56.0	良	**	**		ジャスパーロブスト																													
2019104861	2025-08-16	1札幌7		11.0	報知杯大雪H(3勝クラス)								川又賢治		ダ1700				1:45.2	0.9		6-6-5-7	29.1-38.3	38.4	448(-4)																																	晴		14.0	1.0	1.0	112.1	14.0	8	51.0	良	**	**		コトホドサヨウニ																													
2019104861	2025-10-11	3京都3		11.0	御陵S(3勝クラス)								柴田大知		ダ1900				1:59.0	1.4		10-11-11-11	30.0-37.7	38.0	452(+4)																																	晴		16.0	2.0	4.0	198.5	15.0	10	51.0	良	**	**		タガノバビロン																													
2019104861	2025-11-24	3福島6		11.0	奥羽S(3勝クラス)								柴田大知		ダ1700				1:47.4	1.2		11-11-11-13	30.8-37.7	37.8	456(+4)																																	曇		15.0	2.0	2.0	211.5	15.0	10	56.0	良	**	**		シェットランド																													
2019104861	2026-01-17	1中山6		10.0	アレキサンドライトS(3勝クラス)								柴田大知		ダ1800				1:54.4	2.2		9-10-9-11	37.4-37.5	38.5	462(+6)																																	晴		16.0	7.0	14.0	261.9	16.0	14	50.0	良				チュウワクリスエス																													
2019104868	2021-07-18	1函館6		5.0	2歳新馬								大野拓弥		芝1800				1:51.9	0.5		3-3-3-3	36.9-35.1	35.4	442(0)				110.0	晴		9.0	6.0	6.0	38.0	7.0	4	54.0	良	**	**		リューベック																																																									
2019104868	2021-08-29	2札幌6		1.0	2歳未勝利								大野拓弥		芝1500				1:31.1	0.4		5-5-5	30.2-36.3	36.2	438(-4)					晴		12.0	2.0	2.0	8.1	4.0	6	54.0	良	**	**		モチベーション																																																									
2019104868	2021-10-16	5新潟3		6.0	2歳未勝利								菅原明良		芝1400				1:24.0	0.7		8-8	34.6-36.4	36.4	434(-4)				77.0	曇		15.0	5.0	9.0	7.9	4.0	4	54.0	良	**	**		ユキヤナギ																																																									
2019104868	2021-12-19	5中山6		3.0	2歳未勝利								菅原明良		芝1800				1:49.3	0.0		1-1-1-1	36.9-35.5	35.5	446(+12)				510.0	晴		16.0	1.0	1.0	12.5	5.0	1	54.0	良	**	**		(アレグロモデラート)																																																									
2019104868	2022-01-10	1中山4		11.0	フェアリーS(GIII)								菅原明良		芝1600				1:35.6	0.4		3-3-3	35.5-35.3	35.5	444(-2)				370.0	曇		16.0	4.0	7.0	78.9	13.0	5	54.0	良	**	**		ライラック																																																									
2019104868	2022-03-13	2中山6		11.0	アネモネS(L)								菅原明良		芝1600				1:35.6	1.2		8-10-9	35.4-34.6	34.8	440(-4)					晴		14.0	7.0	12.0	30.8	7.0	11	54.0	良	**	**		クロスマジェスティ																																																									
2019104868	2022-06-12	1函館2		9.0	遊楽部特別(1勝クラス)								Ｍ．デム		芝1800				1:47.3	-0.1		1-1-1-1	35.5-35.5	35.5	444(+4)				1102.2	晴		14.0	6.0	10.0	17.1	7.0	1	52.0	良	**	**		(モチベーション)																																																									
2019104868	2022-09-18	5中京4		11.0	関西TVローズS(GII)								浜中俊		芝2000				2:01.9	3.4		4-3-3-3	35.7-34.5	37.6	456(+12)					曇		14.0	2.0	2.0	110.3	12.0	13	54.0	良	**	**		アートハウス																																																									
2019104868	2023-04-09	2阪神6		7.0	4歳以上2勝クラス								横山武史		芝1600				1:34.9	1.2		6-7	35.7-33.9	34.6	448(-8)					晴		10.0	8.0	10.0	11.4	4.0	6	56.0	良	**	**		トランキリテ																																																									
2019104868	2023-04-30	1京都4		8.0	糺の森特別(2勝クラス)								Ｍ．デム		芝1800				1:48.5	1.2		3-4	35.4-34.6	35.6	448(0)					曇		9.0	5.0	5.0	32.7	9.0	8	56.0	稍	**	**		シンシアウィッシュ																																																									
2019104868	2023-07-15	2函館5		10.0	かもめ島特別(2勝クラス)								岩田康誠		芝1800				1:54.3	3.0		1-1-1-2	37.1-36.7	39.7	454(+6)					小雨		14.0	8.0	14.0	81.6	11.0	13	56.0	重	**	**		カヨウネンカ																																																									
2019104868	2023-08-12	2札幌1		10.0	羊ヶ丘特別(2勝クラス)								富田暁		芝1500				1:29.0	0.9		2-2-2	29.3-35.5	36.3	450(-4)					晴		11.0	6.0	6.0	133.8	10.0	9	56.0	良	**	**		レイベリング																																																									
2019104868	2023-11-11	3京都3		12.0	3歳以上2勝クラス								大野拓弥		芝1400				1:23.1	1.9		6-5	34.7-35.2	35.9	454(+4)					曇		18.0	8.0	16.0	127.9	16.0	17	56.0	稍	**	**		シロン																																																									
2019104868	2023-12-02	5中山1		12.0	3歳以上2勝クラス								大野拓弥		芝1200				1:08.3	0.5		15-15	33.0-34.8	33.8	458(+4)					晴		16.0	3.0	6.0	148.7	16.0	9	56.0	良	**	**		ピンクマクフィー																																																									
2019104868	2024-03-09	2中山5		12.0	4歳以上2勝クラス								大野拓弥		芝1200				1:12.0	2.4		7-7	33.7-35.9	37.5	462(+4)					晴		13.0	7.0	11.0	110.3	11.0	13	56.0	稍	**	**		サウザンサニー																																																									
2019104868	2024-06-23	1函館6		10.0	HTB杯(2勝クラス)								松岡正海		芝1200				1:08.9	0.4		6-6	33.9-34.6	34.5	460(-2)					晴		13.0	5.0	6.0	62.4	11.0	6	52.0	良	**	**		トーセンサンダー																																																									
2019104868	2024-06-30	1函館8		10.0	立待岬特別(2勝クラス)								大野拓弥		芝1200				1:09.9	1.1		11-10	34.1-34.7	34.8	456(-4)					曇		15.0	5.0	9.0	69.5	14.0	13	56.0	良	**	**		オウバイトウリ																																																									
2019104868	2024-09-01	3新潟8		9.0	飯豊特別(2勝クラス)								菅原明良		芝1400				1:22.8	1.2		2-2	35.2-34.4	35.4	452(-4)					晴		7.0	2.0	2.0	116.0	7.0	7	56.0	良	**	**		セントメモリーズ																																																									
2019104868	2024-09-14	4中山3		10.0	御宿特別(2勝クラス)								永野猛蔵		芝1600				1:32.9	0.3		1-1-1	35.2-34.0	34.3	450(-2)				230.0	晴		13.0	1.0	1.0	100.2	11.0	4	56.0	良	**	**		ポルカリズム																																																									
2019104868	2024-12-08	5中山4		12.0	3歳以上2勝クラス								石田拓郎		芝1600				1:34.0	0.3		2-2-2	33.9-36.3	36.4	458(+8)					晴		16.0	8.0	16.0	63.8	11.0	6	53.0	良	**	**		マルチャン																																																									
2019104868	2024-12-22	5中山8		10.0	オルフェーヴルC(2勝クラス)								石田拓郎		芝1600				1:34.9	1.5		1-1-2	34.6-35.6	37.1	458(0)					晴		16.0	3.0	5.0	59.5	12.0	15	56.0	良	**	**		ピックアチェリー																																																									
2019104868	2025-03-09	2中山4		8.0	4歳以上2勝クラス								石田拓郎		芝1600				1:38.2	4.0		3-4-10	34.3-36.9	40.5	450(-8)					晴		16.0	3.0	6.0	83.1	13.0	16	53.0	稍	**	**		レッドアトレーヴ																																																									
2019104909	2021-10-09	4阪神1	晴	5.0	2歳新馬		12.0	6.0	7.0	99.8	11.0	6	小沢大仁	52.0	芝2000		良	**	2:04.1	1.3	**	10-10-10-11	38.2-34.0	34.5	496(0)			アートハウス																																																																								
2019104909	2021-10-31	4阪神8	曇	3.0	2歳未勝利		12.0	4.0	4.0	24.4	5.0	1	松田大作	55.0	芝2000		良	**	2:02.0	-0.4	**	10-10-11-11	37.0-35.1	34.3	496(0)			(ショウナンアデイブ)	510.0																																																																							
2019104909	2021-12-11	6阪神3	晴	9.0	エリカ賞(1勝クラス)		11.0	8.0	11.0	13.0	6.0	7	松田大作	55.0	芝2000		良	**	2:00.7	1.0	**	10-10-9-6	35.7-36.1	36.2	486(-10)			サトノヘリオス																																																																								
2019104909	2022-01-05	1中京1	晴	6.0	3歳1勝クラス		10.0	7.0	8.0	19.3	6.0	3	松田大作	56.0	芝2000		良	**	2:00.2	0.1	**	9-9-9-9	35.7-36.8	35.8	488(+2)			グランディア	190.0																																																																							
2019104909	2022-03-12	1阪神9	晴	9.0	ゆきやなぎ賞(1勝クラス)		8.0	5.0	5.0	3.6	2.0	1	松田大作	56.0	芝2400		良	**	2:27.1	-0.2	**	8-8-8-7	37.2-34.0	33.3	488(0)			(ディライトバローズ)	1048.9																																																																							
2019104909	2022-05-07	3中京1	晴	11.0	京都新聞杯(GII)		12.0	7.0	9.0	10.4	5.0	3	松田大作	56.0	芝2200		良	**	2:09.8	0.3	**	12-12-12-12	34.0-35.6	35.0	484(-4)			アスクワイルドモア	1412.8																																																																							
2019104909	2022-06-05	4中京2	曇	9.0	一宮特別(2勝クラス)		8.0	7.0	7.0	1.2	1.0	1	松山弘平	53.0	芝2200		良	**	2:11.6	-0.3	**	7-7-7-7	35.7-35.5	34.8	490(+6)			(タガノカイ)	1530.3																																																																							
2019104909	2022-09-25	5中京7	晴	11.0	神戸新聞杯(GII)		17.0	1.0	2.0	8.3	4.0	3	吉田隼人	56.0	芝2200		良	**	2:11.8	0.7	**	15-15-13-16	34.7-34.7	34.3	496(+6)			ジャスティンパレス	1417.0																																																																							
2019104909	2022-10-23	4阪神7	晴	11.0	菊花賞(GI)		18.0	2.0	4.0	11.5	7.0	2	吉田隼人	57.0	芝3000		良	**	3:02.4	0.0	**	12-13-10-4	34.9-37.0	36.3	496(0)			アスクビクターモア	6875.8																																																																							
2019104909	2022-12-25	5中山8	晴	11.0	有馬記念(GI)		16.0	2.0	3.0	14.1	6.0	2	福永祐一	55.0	芝2500		良	**	2:32.8	0.4	**	14-14-15-6	30.0-35.9	35.2	498(+2)			イクイノックス	16096.0																																																																							
2019104909	2023-03-19	1阪神12	晴	11.0	阪神大賞典(GII)		14.0	1.0	1.0	1.6	1.0	2	川田将雅	56.0	芝3000		良	**	3:06.4	0.3	**	6-6-6-2	38.6-34.4	34.4	500(+2)			ジャスティンパレス	2728.4																																																																							
2019104909	2023-04-30	1京都4	曇	11.0	天皇賞(春)(GI)		17.0	7.0	13.0	6.7	3.0	6	川田将雅	58.0	芝3200		稍	**	3:17.3	1.2	**	11-10-9-6	35.0-35.3	35.9	500(0)			ジャスティンパレス																																																																								
2019104909	2024-11-30	7京都1	晴	11.0	チャレンジC(GIII)		15.0	7.0	12.0	6.0	2.0	4	松山弘平	57.0	芝2000		良	**	1:59.1	0.9	**	11-9-10-6	34.7-35.4	35.8	516(+16)			ラヴェル	650.0																																																																							
2019104909	2025-01-26	1中山9	晴	11.0	アメリカジョッキーC(GII)		18.0	2.0	4.0	8.2	4.0	4	内田博幸	57.0	芝2200		良	**	2:12.6	0.5	**	9-9-12-12	36.5-36.6	36.1	506(-10)			ダノンデサイル	930.0																																																																							
2019104909	2025-04-06	2阪神4	晴	11.0	大阪杯(GI)		15.0	1.0	1.0	48.1	12.0	8	吉田隼人	58.0	芝2000		良	**	1:56.8	0.6	**	12-11-11-12	34.9-35.1	34.0	510(+4)			ベラジオオペラ																																																																								
2019104909	2025-06-15	3阪神4	晴	11.0	宝塚記念(GI)		17.0	3.0	6.0	57.5	12.0	10	内田博幸	58.0	芝2200		稍	**	2:12.4	1.3	**	9-10-11-10	34.8-36.0	36.2	504(-6)			メイショウタバル																																																																								
2019104909	2025-10-05	3京都2	曇	11.0	京都大賞典(GII)		18.0	8.0	16.0	26.2	8.0	10	内田博幸	57.0	芝2400		稍	**	2:24.5	0.6	**	15-15-13-14	35.3-34.9	34.7	510(+6)			ディープモンスター																																																																								
2019104909	2025-11-09	5東京2	曇	11.0	アルゼンチン共和国杯(GII)		18.0	7.0	14.0	10.9	4.0	11	横山武史	58.0	芝2500		良	**	2:30.6	0.4	**	4-4-4-2	30.6-34.6	34.9	510(0)			ミステリーウェイ																																																																								
2019104915	2022-01-16	1中山6		6.0	3歳新馬								団野大成		芝1600				1:36.4	0.1		1-2-2	36.1-35.6	35.7	470(0)				240.0															晴		16.0	8.0	16.0	24.1	5.0	2	56.0	良	**	**		ウインエクレール																																											
2019104915	2022-02-05	1中京11		5.0	3歳未勝利								団野大成		芝1600				1:36.0	0.1		3-2-2	36.0-35.1	35.0	474(+4)				210.0															晴		13.0	6.0	9.0	5.7	3.0	2	56.0	良	**	**		サブライムアンセム																																											
2019104915	2022-04-17	2阪神8		3.0	3歳未勝利								小沢大仁		芝1600				1:35.5	1.3		5-4	36.3-33.5	34.4	464(-10)																			晴		17.0	8.0	18.0	6.9	3.0	8	54.0	良	**	**		ヴァモスロード																																											
2019104915	2022-06-11	1函館1		1.0	3歳未勝利								西村淳也		芝1200				1:08.5	-0.5		4-4	33.6-34.9	34.6	480(+16)				520.0															曇		16.0	1.0	1.0	2.7	1.0	1	56.0	良	**	**		(ショウナンラブリー)																																											
2019104915	2022-06-26	1函館6		12.0	3歳以上1勝クラス								浜中俊		芝1200				1:09.6	0.1		3-3	34.0-35.5	35.4	484(+4)				120.0															曇		13.0	5.0	7.0	1.6	1.0	4	54.0	良	**	**		タツリュウオー																																											
2019104915	2022-08-13	2札幌1		12.0	3歳以上1勝クラス								浜中俊		芝1200				1:10.2	-0.2		10-10	34.1-36.1	35.0	470(-14)				770.0															晴		16.0	8.0	15.0	3.6	1.0	1	54.0	稍	**	**		(スーリールダンジュ)																																											
2019104915	2022-12-03	5中山1		12.0	3歳以上2勝クラス								マーカン		芝1200				1:08.5	0.3		7-3	33.2-35.0	34.9	470(0)				170.0															曇		16.0	8.0	15.0	9.9	5.0	4	56.0	良	**	**		ミッキーハーモニー																																											
2019104915	2022-12-25	5中山8		12.0	キャンドルライト賞(2勝クラス)								マーカン		芝1200				1:09.1	0.3		8-8	33.7-35.1	34.8	470(0)				151.0															晴		16.0	6.0	12.0	4.9	2.0	5	56.0	良	**	**		ホウオウノーサイド																																											
2019104915	2023-01-15	1小倉2		9.0	小郡特別(2勝クラス)								浜中俊		芝1200				1:09.1	0.0		14-11	33.2-35.9	34.5	478(+8)				1591.3															曇		18.0	6.0	12.0	5.6	3.0	1	58.0	稍	**	**		(ウインモナーク)																																											
2019104915	2023-04-08	3中山5		10.0	船橋S(3勝クラス)								横山武史		芝1200				1:08.5	0.4		11-13	33.5-34.6	33.8	468(-10)				184.0															曇		13.0	4.0	5.0	20.2	8.0	5	58.0	稍	**	**		ヨシノイースター																																											
2019104915	2023-07-22	3中京7		11.0	豊明S(3勝クラス)								菱田裕二		芝1400				1:21.7	0.9		15-16	34.3-35.3	34.5	472(+4)																			晴		18.0	6.0	12.0	24.6	9.0	11	58.0	良	**	**		サマートゥリスト																																											
2019104915	2023-07-30	2新潟2		11.0	アイビスサマーD(GIII)								幸英明		芝1000				0:56.1	1.2		16	32.2-33.2	33.0	470(-2)																			晴		18.0	3.0	5.0	170.0	18.0	13	57.0	良	**	**		オールアットワンス																																											
2019104915	2023-09-02	3小倉7		11.0	テレQ杯(3勝クラス)								国分恭介		芝1200				1:08.2	-0.1		10-9	33.0-35.2	34.1	470(0)				1867.3															晴		13.0	7.0	11.0	16.1	8.0	1	56.0	稍	**	**		(タツリュウオー)																																											
2019104915	2023-11-05	3福島2		11.0	みちのくS(OP)								菊沢一樹		芝1200				1:09.9	0.3		12-12	33.8-35.8	35.3	470(0)																			曇		16.0	7.0	14.0	26.9	9.0	6	57.0	良	**	**		グレイトゲイナー																																											
2019104915	2023-11-26	3京都8		12.0	京阪杯(GIII)								国分恭介		芝1200				1:08.6	1.2		14-12	33.7-33.7	33.3	478(+8)																			晴		18.0	1.0	1.0	133.6	17.0	17	57.0	良	**	**		トウシンマカオ																																											
2019104915	2024-02-11	2小倉2		11.0	北九州短距離S(OP)								幸英明		芝1200				1:08.5	0.5		14-13	34.0-34.0	33.6	474(-4)																			晴		18.0	8.0	18.0	20.6	9.0	11	57.0	良	**	**		ヨシノイースター																																											
2019104915	2024-04-14	3中山8		12.0	春雷S(L)								Ｍ．デム		芝1200				1:07.7	0.6		14-13	33.4-33.7	32.9	472(-2)																			晴		16.0	3.0	5.0	135.8	15.0	12	55.0	良	**	**		サトノレーヴ																																											
2019104915	2024-07-14	2福島6		11.0	福島テレビOP(OP)								菊沢一樹		芝1200				1:09.4	0.6		9-10	34.1-34.7	34.0	472(0)																			小雨		16.0	5.0	9.0	56.4	12.0	7	57.0	良	**	**		カリボール																																											
2019104915	2024-11-03	3福島2		11.0	みちのくS(OP)								国分恭介		芝1200				1:11.1	0.4		8-8	35.2-35.5	35.5	470(-2)																			晴		16.0	5.0	10.0	56.2	12.0	6	57.0	稍	**	**		エターナルタイム																																											
2019104915	2025-02-16	1小倉8		11.0	北九州短距離S(OP)								国分恭介		芝1200				1:08.9	0.4		7-7	33.9-34.6	34.4	480(+10)																			晴		15.0	1.0	1.0	29.6	8.0	11	57.0	良	**	**		キタノエクスプレス																																											
2019104915	2025-04-27	1福島6		11.0	モルガナイトS(OP)								国分恭介		芝1200				1:08.7	0.2		6-4	34.2-34.3	34.1	480(0)				584.8															晴		16.0	7.0	14.0	46.9	12.0	3	57.0	良	**	**		ジャスティンスカイ																																											
2019104915	2025-05-17	2京都7		11.0	鞍馬S(OP)								国分恭介		芝1200				1:09.2	0.5		4-5	34.7-34.0	34.3	486(+6)				350.0															晴		11.0	3.0	3.0	30.3	7.0	4	57.0	重	**	**		オタルエバー																																											
2019104915	2025-07-12	2福島5		11.0	安達太良S(OP)								国分恭介		芝1200				1:10.4	0.9		4-3	34.6-34.9	35.5	482(-4)																			曇		14.0	8.0	14.0	16.1	9.0	7	57.0	良	**	**		カルロヴェローチェ																																											
2019104915	2025-10-04	3京都1		11.0	オパールS(L)								西村淳也		芝1200				1:08.2	0.5		4-4	33.7-34.0	34.2	484(+2)																			曇		18.0	8.0	17.0	57.7	15.0	7	55.0	重	**	**		メイショウソラフネ																																											
2019104915	2025-11-09	3福島2		11.0	みちのくS(OP)								国分恭介		芝1200				1:08.9	0.6		9-8	33.5-34.8	34.8	480(-4)																			小雨		16.0	1.0	1.0	10.6	4.0	9	57.0	良	**	**		レイピア																																											
2019104915	2026-01-18	1中山7		10.0	ジャニュアリーS(OP)								国分恭介		ダ1200				1:12.0	1.4		12-12	33.3-37.3	37.6	484(+4)																																																													晴		16.0	2.0	3.0	149.7	14.0	13	57.0	良	**	**		モンドプリューム	202606010710
2019104922	2021-10-16	4東京3	小雨	5.0	2歳新馬		18.0	7.0	14.0	17.2	5.0	7	三浦皇成	55.0	芝1800		良	**	1:51.8	1.7	**	10-12-12	38.2-34.2	34.6	512(0)			ライラック																																																																								
2019104922	2021-12-28	5中山9	晴	2.0	2歳未勝利		16.0	6.0	11.0	6.6	3.0	3	Ｍ．デム	55.0	ダ1800		良	**	1:57.0	0.7	**	8-8-7-5	39.0-38.8	38.8	520(+8)			イスカンダル	130.0																																																																							
2019104922	2022-01-15	1中山5	晴	2.0	3歳未勝利		16.0	8.0	15.0	2.7	2.0	3	Ｍ．デム	56.0	ダ1800		稍	**	1:56.9	1.4	**	12-11-7-3	38.4-39.0	39.7	518(-2)			ギャラクシーナイト	130.0																																																																							
2019104922	2022-01-29	1東京1	曇	3.0	3歳未勝利		16.0	4.0	8.0	6.3	4.0	2	Ｍ．デム	56.0	ダ1600		良	**	1:39.2	0.1	**	13-10	35.2-38.7	37.6	510(-8)			グローリー	210.0																																																																							
2019104922	2022-02-20	1東京8	曇	2.0	3歳未勝利		16.0	8.0	16.0	2.7	1.0	1	Ｍ．デム	56.0	ダ2100		不	**	2:13.3	0.0	**	5-5-4-4	31.9-35.7	35.5	506(-4)			(ヒシアラカン)	520.0																																																																							
2019104922	2022-05-29	3中京8	晴	6.0	3歳1勝クラス		15.0	3.0	5.0	18.9	8.0	7	柴山雄一	56.0	ダ1800		良	**	1:53.0	0.9	**	4-4-3-3	37.0-37.8	38.4	526(+20)			ドライゼ																																																																								
2019104922	2022-06-12	3東京4	雨	7.0	3歳以上1勝クラス		13.0	5.0	6.0	3.5	1.0	4	坂井瑠星	54.0	ダ2100		稍	**	2:10.8	0.5	**	4-4-4-4	29.8-37.5	37.6	516(-10)			プラチナドリーム	120.0																																																																							
2019104922	2022-08-14	3新潟2	曇	8.0	3歳以上1勝クラス		15.0	3.0	5.0	4.2	2.0	10	Ｍ．デム	54.0	ダ1800		重	**	1:54.1	2.2	**	11-11-9-9	35.9-38.9	40.5	512(-4)			イスカンダル																																																																								
2019104922	2022-09-19	4中山5	晴	8.0	3歳以上1勝クラス		16.0	3.0	5.0	9.9	5.0	7	Ｍ．デム	54.0	ダ2400		重	**	2:35.5	1.4	**	2-2-2-2	37.5-39.9	40.9	516(+4)			ワカミヤプレスト																																																																								
2019104922	2022-10-08	4東京1	曇	8.0	3歳以上1勝クラス		13.0	7.0	11.0	12.6	7.0	13	斎藤新	55.0	ダ2100		重	**	2:16.6	8.1	**	2-3-8-11	30.2-37.2	43.7	504(-12)			ホウオウバリスタ																																																																								
2019104922	2023-01-29	1東京2	晴	7.0	4歳以上1勝クラス		11.0	6.0	6.0	10.1	5.0	1	菅原明良	57.0	ダ2100		良	**	2:14.5	-0.2	**	2-2-1-1	31.8-38.1	38.1	522(+18)			(サトノギベオン)	800.0																																																																							
2019104922	2023-09-16	4中山3	晴	9.0	松戸特別(2勝クラス)		16.0	4.0	7.0	15.2	6.0	11	菅原明良	58.0	ダ2400		良	**	2:36.6	2.5	**	3-3-3-4	37.5-40.1	41.9	520(-2)			レッドプロフェシー																																																																								
2019104922	2023-10-28	4東京8	晴	9.0	伊勢佐木特別(2勝クラス)		16.0	6.0	11.0	42.3	10.0	9	柴山雄一	58.0	ダ2100		良	**	2:12.9	1.9	**	2-2-2-1	31.0-36.5	38.4	516(-4)			クールミラボー																																																																								
2019104922	2024-02-18	1東京8	晴	7.0	4歳以上2勝クラス		16.0	2.0	3.0	87.9	11.0	16	ピーヒュ	58.0	ダ2100		良	**	2:16.4	3.9	**	8-8-8-10	30.9-38.8	41.7	502(-14)			カレンアルカンタラ																																																																								
2019104922	2024-04-07	2阪神6	晴	8.0	宝塚市制70周年記念(2勝クラス)		11.0	7.0	8.0	143.4	11.0	10	浜中俊	58.0	ダ1800		良	**	1:53.8	1.8	**	1-1-1-1	36.8-37.3	39.1	506(+4)			ハギノサステナブル																																																																								
2019104922	2024-05-04	2東京5	晴	12.0	4歳以上2勝クラス		13.0	2.0	2.0	61.8	7.0	10	菅原明良	58.0	ダ1600		稍	**	1:38.5	1.3	**	10-12	35.9-36.7	36.7	508(+2)			ラップスター																																																																								
2019104922	2024-10-05	5京都1	晴	12.0	3歳以上2勝クラス		14.0	6.0	9.0	139.4	13.0	11	鮫島克駿	58.0	ダ1800		稍	**	1:55.0	1.9	**	9-10-4-3	36.8-38.1	39.5	504(-4)			マルチャレアル																																																																								
2019104922	2024-10-12	5京都3	晴	9.0	3歳以上2勝クラス		13.0	8.0	12.0	94.1	10.0	11	長岡禎仁	58.0	ダ1800		良	**	1:54.8	3.0	**	3-3-3-6	38.0-36.3	38.9	502(-2)			モンブランミノル																																																																								
2019104922	2024-11-10	6京都4	晴	8.0	3歳以上2勝クラス		13.0	8.0	13.0	184.5	12.0	8	鮫島克駿	58.0	ダ1400		良	**	1:25.3	1.3	**	7-8	34.3-37.9	38.0	508(+6)			ヘルモーズ																																																																								
2019104922	2025-03-22	2中山7	晴	9.0	館山特別(2勝クラス)		13.0	3.0	3.0	163.3	13.0	13	内田博幸	58.0	芝2000		良	**	2:03.3	3.8	**	12-13-13-13	34.5-36.0	38.6	504(-4)			エセルフリーダ																																																																								
2019104922	2025-04-06	2阪神4	晴	7.0	4歳以上2勝クラス		10.0	8.0	9.0	284.9	10.0	9	中井裕二	58.0	ダ1800		良	**	1:55.3	1.8	**	4-7-7-7	37.4-38.7	39.8	504(0)			ペンナヴェローチェ																																																																								
2019104922	2025-06-14	3東京3	小雨	9.0	日野特別(2勝クラス)		16.0	6.0	12.0	274.9	15.0	16	丸山元気	58.0	ダ2100		良	**	2:14.6	3.8	**	9-11-11-11	30.8-37.8	40.1	498(-6)			ノットイナフ																																																																								
2019104922	2025-08-02	高知	晴	2.0	C3ー12		10.0	7.0	7.0	1.3	1.0	1	山崎雅由	57.0	ダ1400		良	**	1:30.7	-2.0	**	5-4-3-2		38.2	509(+11)			(チュラウェーブ)	60.0																																																																							
2019104922	2025-09-14	高知	晴	1.0	C3ー14		10.0	2.0	2.0	1.1	1.0	1	山崎雅由	57.0	ダ1300		重	**	1:23.8	-1.4	**	1-1-1-1		38.9	509(0)			(ダノンファスト)	60.0																																																																							
2019104922	2025-09-28	高知	曇	10.0	C3ー11		11.0	7.0	9.0	1.1	1.0	5	山崎雅由	57.0	ダ1400		不	**	1:32.9	0.8	**	2-2-2-3		40.8	515(+6)			テーオーエメラルド	6.0																																																																							
2019104922	2025-11-23	高知	晴	3.0	宗田節特別(C3)		9.0	8.0	8.0	2.0	2.0	1	山崎雅由	57.0	ダ1600		良	**	1:48.3	-0.9	**	2-2-2-2		39.7	503(-12)			(カルリーノ)	60.0																																																																							
2019104922	2025-12-06	高知	晴	8.0	C3ー7		10.0	3.0	3.0	1.7	1.0	7	山崎雅由	57.0	ダ1300		良	**	1:27.5	1.9	**	6-6-6-7		41.2	510(+7)			ボンジュールゼン																																																																								
2019104952	2021-06-06	3東京2		6.0	2歳新馬								横山武史		芝1400				1:23.3	0.7		4-3	35.7-34.8	35.2	438(0)					小雨		15.0	4.0	7.0	17.1	8.0	8	54.0	良	**	**		ビーオンザマーチ																																																									
2019104952	2021-08-01	3新潟4		2.0	2歳未勝利								武藤雅		芝1000				0:57.3	0.5		7	33.3-34.2	34.1	414(-24)					曇		18.0	4.0	8.0	9.6	4.0	10	54.0	良	**	**		エシェロン																																																									
2019104952	2021-09-18	4中山3		3.0	2歳未勝利								武藤雅		芝1200				1:11.1	1.2		13-14	34.1-35.8	35.9	418(+4)					雨		16.0	8.0	16.0	46.4	10.0	11	54.0	重	**	**		トーセンキャロル																																																									
2019104952	2021-10-10	5新潟2		1.0	2歳未勝利								横山琉人		ダ1200				1:11.9	0.2		4-4	33.8-37.9	37.5	416(-2)				200.0	晴		15.0	1.0	1.0	15.7	4.0	2	51.0	良	**	**		ショウナンワオン																																																									
2019104952	2021-10-30	5新潟7		3.0	2歳未勝利								横山琉人		ダ1200				1:11.8	0.0		4-4	34.5-37.3	36.9	422(+6)				200.0	晴		15.0	8.0	14.0	2.4	1.0	2	51.0	良	**	**		アメトリーチェ																																																									
2019104952	2021-12-11	5中山3		1.0	2歳未勝利								横山琉人		ダ1200				1:12.0	-0.3		1-1	34.4-37.6	37.6	430(+8)				510.0	晴		16.0	8.0	16.0	1.8	1.0	1	51.0	稍	**	**		(ミンナノユメミノル)																																																									
2019104952	2021-12-25	5中山7		7.0	2歳1勝クラス								横山琉人		ダ1200				1:11.8	0.8		4-2	32.9-38.1	38.1	430(0)				180.0	晴		16.0	2.0	4.0	17.0	7.0	3	51.0	稍	**	**		タヤスゴールド																																																									
2019104952	2022-03-05	2中山3		7.0	3歳1勝クラス								横山琉人		ダ1200				1:14.2	0.2		5-6	35.5-38.5	38.3	432(+2)				75.0	晴		16.0	6.0	12.0	3.6	1.0	5	51.0	良	**	**		エイシンヌプリ																																																									
2019104952	2022-03-27	3中山2		5.0	3歳1勝クラス								武藤雅		ダ1200				1:11.7	1.0		6-4	33.3-37.4	37.7	436(+4)					曇		15.0	3.0	4.0	14.1	7.0	6	54.0	重	**	**		ミユキアイラブユー																																																									
2019104952	2022-05-28	1新潟7		9.0	ゆきつばき賞(1勝クラス)								武藤雅		芝1200				1:10.7	1.5		3-4	33.9-35.3	36.4	420(-16)					晴		16.0	3.0	5.0	78.2	14.0	14	54.0	良	**	**		グランアリエル																																																									
2019104952	2022-07-16	2福島5		12.0	3歳以上1勝クラス								小林脩斗		ダ1150				1:07.3	-0.6		1-1	31.4-35.9	35.9	422(+2)				770.0	曇		16.0	3.0	6.0	3.4	1.0	1	49.0	重	**	**		(ルプランドル)																																																									
2019104952	2022-10-23	4新潟4		10.0	妙高特別(2勝クラス)								小林脩斗		ダ1200				1:13.8	1.0		5-5	34.8-38.0	38.8	434(+12)					曇		15.0	1.0	1.0	20.9	7.0	11	53.0	稍	**	**		アイスリアン																																																									
2019104952	2022-12-28	5中山9		10.0	ベストウィッシュC(2勝クラス)								小林脩斗		ダ1200				1:12.1	0.8		2-2	34.5-36.8	37.6	446(+12)					晴		16.0	7.0	13.0	85.9	11.0	6	54.0	良	**	**		ホワイトガーベラ																																																									
2019104952	2023-02-25	2中山1		12.0	4歳以上2勝クラス								小林脩斗		ダ1200				1:12.3	0.5		4-4	34.2-37.6	37.8	446(0)				170.0	曇		14.0	2.0	2.0	33.3	6.0	4	54.0	良	**	**		アイヴォリードレス																																																									
2019104952	2023-03-18	2中山7		12.0	4歳以上2勝クラス								小林脩斗		ダ1200				1:11.7	1.4		5-5	33.4-36.9	37.9	442(-4)					雨		15.0	5.0	10.0	62.4	14.0	13	54.0	不	**	**		ファイアーボーラー																																																									
2019104952	2023-05-28	1京都12		8.0	4歳以上2勝クラス								西塚洸二		ダ1200				1:13.1	1.0		9-8	34.7-37.4	37.5	434(-8)					晴		16.0	6.0	11.0	159.9	14.0	7	53.0	良	**	**		カフジエニアゴン																																																									
2019104952	2023-08-26	3新潟5		9.0	岩室温泉特別(2勝クラス)								内田博幸		ダ1200				1:12.8	1.2		4-5	34.1-37.5	38.3	430(-4)					晴		15.0	7.0	13.0	97.9	14.0	10	56.0	良	**	**		メタマックス																																																									
2019104952	2023-10-09	2京都3		12.0	3歳以上2勝クラス								吉村智洋		ダ1400				1:25.1	0.4		3-4	34.2-38.6	38.8	438(+8)				290.0	曇		13.0	4.0	4.0	119.5	11.0	3	56.0	重	**	**		レディフォース																																																									
2019104952	2023-10-29	2京都9		12.0	3歳以上2勝クラス								鮫島克駿		ダ1400				1:26.5	2.0		2-2	34.3-38.0	39.9	434(-4)					晴		15.0	4.0	8.0	38.8	9.0	15	56.0	良	**	**		ブレーヴジャッカル																																																									
2019104952	2023-12-17	5阪神6		8.0	3歳以上2勝クラス								津村明秀		ダ1400				1:26.4	1.0		5-6	34.1-39.2	39.6	432(-2)					晴		14.0	6.0	10.0	145.2	12.0	9	56.0	稍	**	**		スマートアンバー																																																									
2019104952	2024-02-24	2中山1		12.0	4歳以上2勝クラス								津村明秀		ダ1200				1:11.5	0.8		6-6	33.5-37.2	37.6	436(+4)					晴		16.0	3.0	5.0	59.5	14.0	9	56.0	稍	**	**		エレガントムーン																																																									
2019104952	2024-04-13	1福島3		11.0	ラジオ福島賞(2勝クラス)								武藤雅		ダ1150				1:08.7	0.1		4-4	30.8-37.8	37.5	432(-4)				395.5	晴		16.0	8.0	16.0	32.3	12.0	3	56.0	良	**	**		クリダーム																																																									
2019104952	2024-07-07	2福島4		12.0	彦星賞(2勝クラス)								武藤雅		ダ1150				1:08.3	0.1		4-4	31.0-37.2	36.9	434(+2)				629.6	晴		16.0	2.0	4.0	13.3	6.0	2	56.0	良	**	**		スマートアイ																																																									
2019104952	2024-07-21	2福島8		10.0	米沢特別(2勝クラス)								戸崎圭太		ダ1150				1:08.5	0.7		6-7	31.0-36.8	36.9	436(+2)				155.0	晴		15.0	4.0	8.0	3.0	1.0	5	56.0	良	**	**		ミユキアイラブユー																																																									
2019104952	2024-09-15	4中山4		9.0	浦安特別(2勝クラス)								武藤雅		ダ1200				1:12.0	0.4		3-3	35.0-36.6	36.7	436(0)				394.0	晴		13.0	4.0	5.0	21.6	7.0	3	56.0	良	**	**		エコロアレス																																																									
2019104952	2024-10-19	5京都5		12.0	3歳以上2勝クラス								シュタル		ダ1200				1:13.5	2.0		7-8	34.9-36.6	38.0	434(-2)					小雨		14.0	2.0	3.0	18.9	7.0	10	56.0	稍	**	**		プレシオーソ																																																									
2019104952	2024-12-22	5中山8		8.0	冬至特別(2勝クラス)								武藤雅		ダ1200				1:12.4	0.8		3-3	33.6-38.0	38.6	450(+16)					晴		16.0	1.0	1.0	53.1	8.0	7	56.0	良	**	**		ロードフロンティア																																																									
2019104952	2025-03-16	2中山6		12.0	4歳以上2勝クラス								武藤雅		ダ1200				1:11.9	1.0		6-7	33.1-37.8	38.2	446(-4)					小雨		16.0	3.0	5.0	63.7	10.0	13	56.0	不	**	**		ショウナンアビアス																																																									
2019105032	2021-12-25	6阪神7		5.0	2歳新馬								坂井瑠星		芝1800				1:49.1	0.4		8-7	36.2-35.5	35.4	520(0)					曇		14.0	5.0	8.0	14.8	5.0	7	55.0	良	**	**		ジャスティンカツミ																																																									
2019105032	2022-01-08	1中京2		5.0	3歳未勝利								坂井瑠星		芝2200				2:13.9	0.1		1-1-1-1	34.4-36.4	36.5	516(-4)				130.0	晴		16.0	2.0	3.0	17.8	6.0	3	56.0	良	**	**		アーティット																																																									
2019105032	2022-01-23	1中京8		5.0	3歳未勝利								坂井瑠星		芝2200				2:13.9	0.2		1-1-1-1	35.2-35.9	36.1	510(-6)				130.0	曇		9.0	4.0	4.0	2.3	1.0	3	56.0	良	**	**		エターナルビクトリ																																																									
2019105032	2022-05-08	2東京6		3.0	3歳未勝利								坂井瑠星		芝2300				2:22.3	-0.1		1-1-1-1	31.3-34.0	34.0	522(+12)				520.0	晴		9.0	1.0	1.0	2.1	1.0	1	56.0	良	**	**		(ゴーシェナイト)																																																									
2019105032	2022-09-04	4小倉8		12.0	3歳以上1勝クラス								坂井瑠星		芝2600				2:43.0	4.6		11-10-13-14	36.5-36.4	39.5	524(+2)					晴		15.0	7.0	13.0	7.2	5.0	14	54.0	良	**	**		シホノスペランツァ																																																									
2019105032	2022-09-19	5中京5		9.0	金山特別(1勝クラス)								坂井瑠星		芝2200				2:14.9	0.6		1-1-1-1	35.6-34.5	35.1	514(-10)				160.0	曇		8.0	7.0	7.0	11.5	5.0	4	54.0	稍	**	**		レッドバリエンテ																																																									
2019105032	2022-10-02	4中山9		7.0	3歳以上1勝クラス								菱田裕二		芝2200				2:14.7	0.6		3-2-4-5	37.0-36.2	36.5	514(0)					晴		12.0	3.0	3.0	6.5	4.0	6	54.0	良	**	**		キントリヒ																																																									
2019105032	2022-11-20	3福島6		9.0	磐梯山特別(1勝クラス)								松岡正海		芝2600				2:46.6	3.5		4-3-3-6	38.1-37.2	40.4	514(0)					曇		15.0	7.0	13.0	10.6	6.0	15	55.0	良	**	**		マイネルメサイア																																																									
2019105032	2022-12-04	6中京2		12.0	栄特別(1勝クラス)								石川裕紀		芝2200				2:16.5	1.5		6-6-7-7	36.8-34.7	35.3	516(+2)					晴		11.0	5.0	5.0	27.0	6.0	10	55.0	良	**	**		ストップザタイム																																																									
2019105032	2022-12-11	6阪神4		7.0	3歳以上1勝クラス								坂井瑠星		ダ1800				1:53.4	0.1		1-1-1-1	37.1-37.7	37.8	516(0)				310.0	曇		10.0	7.0	8.0	7.1	3.0	2	56.0	良	**	**		エクセスリターン																																																									
2019105032	2022-12-24	6阪神7		12.0	3歳以上1勝クラス								坂井瑠星		芝2400				2:29.1	2.0		2-2-2-1	35.1-36.3	38.3	510(-6)					晴		8.0	7.0	7.0	6.2	3.0	7	55.0	良	**	**		リアド																																																									
2019105032	2023-04-23	1京都2		8.0	4歳以上1勝クラス								坂井瑠星		ダ1900				1:59.1	-1.5		2-2-2-1	29.9-38.8	38.8	532(+22)				800.0	晴		14.0	7.0	12.0	2.5	1.0	1	58.0	良	**	**		(ウインヴェルデ)																																																									
2019105032	2023-05-07	1京都6		12.0	4歳以上2勝クラス								本田正重		ダ1900				1:58.1	1.1		3-3-3-3	29.8-37.6	38.1	530(-2)					雨		12.0	7.0	10.0	3.3	2.0	6	58.0	不	**	**		アスクドゥラメンテ																																																									
2019105032	2023-05-21	2東京10		8.0	是政特別(2勝クラス)								坂井瑠星		ダ2100				2:10.8	-0.4		1-1-1-1	31.6-37.3	37.3	526(-4)				1580.1	晴		13.0	3.0	3.0	2.1	1.0	1	58.0	稍	**	**		(ラフルオリータ)																																																									
2019105032	2023-08-05	2新潟3		10.0	柳都S(3勝クラス)								坂井瑠星		ダ1800				1:53.7	1.6		8-9-9-8	36.4-38.2	38.9	530(+4)					晴		15.0	5.0	8.0	10.4	5.0	14	58.0	良	**	**		アスクドゥラメンテ																																																									
2019105032	2023-10-01	4阪神9		10.0	堺S(3勝クラス)								幸英明		ダ1800				1:52.0	0.7		1-1-1-1	36.4-37.3	38.0	524(-6)					曇		12.0	6.0	7.0	25.3	9.0	7	58.0	重	**	**		ホウオウルーレット																																																									
2019105032	2023-11-18	5東京5		10.0	晩秋S(3勝クラス)								北村友一		ダ2100				2:11.2	1.9		1-1-1-1	31.8-36.9	38.8	520(-4)					晴		16.0	6.0	11.0	21.1	6.0	11	55.0	重	**	**		オーサムリザルト																																																									
2019105032	2024-02-17	1東京7		10.0	金蹄S(3勝クラス)								菅原明良		ダ2100				2:12.1	1.0		1-1-1-1	30.6-37.2	38.2	530(+10)				184.0	曇		13.0	2.0	2.0	66.7	9.0	5	58.0	良	**	**		クールミラボー																																																									
2019105032	2024-02-24	1阪神1		10.0	伊丹S(3勝クラス)								松山弘平		ダ1800				1:52.7	0.8		1-1-1-1	37.6-36.7	37.5	530(0)				184.0	晴		13.0	8.0	12.0	16.0	7.0	5	58.0	稍	**	**		サンデーファンデー																																																									
2019105032	2024-03-10	1阪神6		10.0	オークランドTRT(3勝クラス)								Ｍ．デム		ダ2000				2:07.5	1.4		4-5-4-6	35.7-38.7	39.7	528(-2)					晴		16.0	6.0	11.0	18.8	9.0	9	55.0	良	**	**		グリューヴルム																																																									
2019105032	2024-04-27	2東京3		9.0	是政S(3勝クラス)								オシェア		ダ2100				2:11.9	2.5		2-1-2-2	30.6-36.5	39.0	520(-8)					曇		16.0	8.0	15.0	25.9	7.0	8	58.0	稍	**	**		メイプルリッジ																																																									
2019105032	2024-08-03	2新潟3		6.0	柳都S(3勝クラス)								Ｍ．デム		ダ1800				1:54.0	2.1		3-4-3-4	36.2-38.1	39.9	516(-4)					晴		15.0	5.0	8.0	12.0	5.0	15	55.0	良	**	**		ゴールドバランサー																																																									
2019105032	2024-10-19	4東京5		10.0	神無月S(3勝クラス)								石川裕紀		ダ2100				2:14.5	4.0		3-3-8-14	30.8-37.1	39.9	518(+2)					曇		15.0	6.0	10.0	50.4	11.0	15	55.0	良	**	**		ダノンブレット																																																									
2019105032	2024-12-22	5中山8		12.0	フェアウェルS(3勝クラス)								鮫島克駿		ダ1200				1:12.3	1.5		14-13	33.3-37.5	37.3	522(+4)					晴		16.0	4.0	7.0	76.8	13.0	9	58.0	良	**	**		ケイアイアニラ																																																									
2019105032	2025-02-15	1東京5		10.0	銀蹄S(3勝クラス)								内田博幸		ダ1400				1:25.8	2.1		12-12	35.6-36.1	36.9	538(+16)					晴		16.0	2.0	3.0	245.3	15.0	13	58.0	良	**	**		コンクイスタ																																																									
2019105032	2025-07-27	3中京2		1.0	障害3歳以上未勝利								坂口智康		障3000				3:37.3	18.3		14-14-14-14	102.1-0.0	14.5	538(0)					晴		14.0	6.0	10.0	69.8	11.0	14	57.0	良				タマモエース																																																									
2019105039	2021-12-19	6阪神6	晴	6.0	2歳新馬		7.0	4.0	4.0	1.5	1.0	1	岩田康誠	55.0	ダ1800		稍	**	1:53.7	-1.1	**	1-1-1-1	38.4-37.0	37.0	506(0)			(トウセツ)	700.0																																																																							
2019105039	2022-01-08	1中京2	晴	7.0	3歳1勝クラス		14.0	3.0	4.0	3.9	2.0	1	岩田康誠	56.0	ダ1800		良	**	1:52.9	-0.2	**	2-2-1-2	35.7-39.0	39.0	506(0)			(ジュタロウ)	750.0																																																																							
2019105039	2022-03-19	1阪神11	小雨	11.0	若葉S(L)		10.0	6.0	6.0	3.8	2.0	1	岩田康誠	56.0	芝2000		稍	**	2:00.2	-0.5	**	1-1-1-1	36.5-35.3	35.3	510(+4)			(ヴェローナシチー)	2022.4																																																																							
2019105039	2022-04-17	3中山8	曇	11.0	皐月賞(GI)		18.0	8.0	16.0	15.5	7.0	16	岩田康誠	57.0	芝2000		良	**	2:01.3	1.6	**	2-2-2-2	35.2-34.9	36.3	512(+2)			ジオグリフ																																																																								
2019105039	2022-05-29	2東京12	晴	11.0	東京優駿(GI)		18.0	7.0	14.0	90.4	15.0	15	岩田康誠	57.0	芝2400		良	**	2:24.0	2.1	**	1-1-1-1	35.1-35.2	37.3	512(0)			ドウデュース																																																																								
2019105039	2022-10-10	4東京3	曇	11.0	グリーンチャンネルC(L)		16.0	8.0	15.0	3.6	2.0	1	戸崎圭太	54.0	ダ1600		重	**	1:33.5	-0.1	**	3-3	34.9-34.7	34.4	522(+10)			(ギルデッドミラー)	2344.1																																																																							
2019105039	2023-11-19	5東京6	晴	11.0	霜月S(OP)		16.0	5.0	10.0	1.9	1.0	4	戸崎圭太	58.0	ダ1400		良	**	1:22.8	0.1	**	2-2	34.4-36.3	36.1	532(+10)			アルファマム	330.0																																																																							
2019105039	2024-01-07	1京都2	晴	11.0	すばるS(L)		15.0	8.0	15.0	2.0	1.0	5	戸崎圭太	58.0	ダ1400		良	**	1:24.9	0.4	**	9-7	34.7-37.4	36.9	532(0)			テーオーステルス	240.0																																																																							
2019105039	2024-04-20	2東京1	晴	11.0	オアシスS(L)		15.0	6.0	11.0	3.2	2.0	5	戸崎圭太	58.0	ダ1600		良	**	1:37.4	0.7	**	4-4	34.6-36.7	37.0	532(0)			ユティタム	240.0																																																																							
2019105039	2024-06-09	4京都4	曇	11.0	三宮S(OP)		16.0	6.0	11.0	5.6	2.0	3	岩田康誠	57.0	ダ1800		稍	**	1:52.1	1.3	**	2-2-2-2	35.2-38.5	39.2	530(-2)			オメガギネス	555.0																																																																							
2019105039	2024-07-07	3小倉4	曇	11.0	プロキオンS(GIII)		16.0	6.0	12.0	19.4	5.0	13	岩田康誠	57.0	ダ1700		良	**	1:44.8	2.1	**	9-9-9-12	28.5-37.8	39.0	522(-8)			ヤマニンウルス																																																																								
2019105039	2024-10-06	4東京2	曇	10.0	グリーンチャンネルC(L)		16.0	6.0	12.0	5.9	3.0	6	岩田康誠	58.0	ダ1600		重	**	1:35.2	1.0	**	2-3	34.2-36.4	37.2	530(+8)			ショウナンライシン																																																																								
2019105039	2024-11-16	6京都5	曇	11.0	アンドロメダS(L)		15.0	4.0	6.0	28.6	8.0	1	岩田康誠	57.0	芝2000		良	**	1:58.6	-0.6	**	1-1-1-1	35.9-35.3	35.3	528(-2)			(ロードデルレイ)	2831.5																																																																							
2019105039	2024-12-07	4中京3	曇	11.0	中日新聞杯(GIII)		18.0	4.0	8.0	5.2	3.0	1	岩田康誠	58.0	芝2000		良	**	1:58.4	-0.4	**	1-1-1-1	35.3-35.6	35.6	532(+4)			(ロードデルレイ)	4363.7																																																																							
2019105039	2025-03-16	2中京2	小雨	11.0	東海テレビ杯金鯱賞(GII)		10.0	5.0	5.0	3.2	2.0	4	武豊	57.0	芝2000		重	**	2:01.7	0.4	**	1-1-1-1	35.7-38.6	39.0	536(+4)			クイーンズウォーク	1000.0																																																																							
2019105039	2025-04-06	2阪神4	晴	11.0	大阪杯(GI)		15.0	6.0	11.0	12.2	7.0	14	池添謙一	58.0	芝2000		良	**	1:57.7	1.5	**	1-1-1-1	34.9-35.1	36.6	540(+4)			ベラジオオペラ																																																																								
2019105058	2021-07-10	1福島3		5.0	2歳新馬								田辺裕信		芝1800				1:53.6	1.7		11-11-10-8	38.1-36.1	37.0	536(0)					曇		12.0	8.0	12.0	12.4	5.0	7	54.0	稍	**	**		オンリーオピニオン																																																									
2019105058	2021-09-05	2札幌8		2.0	2歳未勝利								小沢大仁		芝1500				1:33.2	0.8		12-10-10	31.3-36.1	36.0	544(+8)					晴		13.0	3.0	3.0	31.2	8.0	10	51.0	稍	**	**		ナバロン																																																									
2019105058	2022-02-06	1東京4		1.0	3歳未勝利								横山琉人		ダ1400				1:27.8	1.4		11-8	35.3-38.7	39.4	570(+26)					晴		16.0	4.0	7.0	15.2	5.0	8	53.0	良	**	**		メテオフリューゲル																																																									
2019105058	2022-03-12	2中京1		1.0	3歳未勝利								小林脩斗		ダ1400				1:25.2	-1.0		2-2	35.0-37.8	37.7	556(-14)				520.0	晴		16.0	4.0	8.0	19.3	5.0	1	53.0	良	**	**		(アルマイメル)																																																									
2019105058	2022-03-27	3中山2		5.0	3歳1勝クラス								永野猛蔵		ダ1200				1:10.7	-0.4		2-2	33.3-37.4	37.2	560(+4)				750.0	曇		15.0	8.0	15.0	6.3	3.0	1	54.0	重	**	**		(ウィンダミア)																																																									
2019105058	2022-06-04	3東京1		12.0	3歳以上2勝クラス								永野猛蔵		ダ1400				1:24.6	0.4		2-2	34.3-37.9	38.1	568(+8)					晴		16.0	8.0	16.0	2.6	1.0	6	52.0	良	**	**		プエルタデルソル																																																									
2019105058	2022-08-14	2札幌2		12.0	3歳以上2勝クラス								鷲頭虎太		ダ1000				0:59.3	0.1		10-6	34.4-36.4	35.3	564(-4)				440.0	晴		12.0	4.0	4.0	5.1	3.0	2	51.0	稍	**	**		ムジック																																																									
2019105058	2022-11-06	5阪神2		8.0	3歳以上2勝クラス								北村友一		ダ1200				1:12.1	0.2		2-2	34.5-37.4	37.5	570(+6)				440.0	晴		16.0	4.0	7.0	5.6	2.0	2	56.0	良	**	**		ニューフロンティア																																																									
2019105058	2022-11-19	5阪神5		8.0	3歳以上2勝クラス								幸英明		ダ1200				1:12.7	1.5		6-6	34.9-36.3	37.1	568(-2)					晴		16.0	8.0	16.0	3.4	2.0	6	56.0	良	**	**		イスラアネーロ																																																									
2019105058	2022-12-18	6阪神6		9.0	高砂特別(2勝クラス)								坂井瑠星		ダ1200				1:12.7	0.7		15-15	35.0-37.0	36.3	574(+6)					晴		16.0	5.0	10.0	2.6	1.0	8	56.0	良	**	**		ラヴケリー																																																									
2019105058	2023-05-21	1新潟8		10.0	火打山特別(2勝クラス)								横山琉人		ダ1200				1:11.8	0.3		14-14	33.3-38.2	36.2	578(+4)				230.0	晴		14.0	4.0	7.0	14.4	6.0	4	58.0	良	**	**		メイショウフジタカ																																																									
2019105058	2024-02-18	2小倉4		9.0	伊万里特別(2勝クラス)								杉原誠人		ダ1000				0:59.2	0.7		11-10	33.6-35.9	35.6	566(-12)					晴		14.0	4.0	6.0	8.9	5.0	6	58.0	良	**	**		オーロベルディ																																																									
2019105058	2024-03-09	1中京1		9.0	伊良湖特別(2勝クラス)								小林凌大		ダ1200				1:13.1	0.1		3-2	34.2-38.8	38.8	560(-6)				230.0	曇		16.0	8.0	16.0	7.9	5.0	4	58.0	良	**	**		ロングファイナリー																																																									
2019105058	2024-03-24	2阪神2		12.0	4歳以上2勝クラス								小沢大仁		ダ1200				1:11.7	0.7		7-8	34.9-36.1	36.1	560(0)					曇		15.0	3.0	6.0	5.0	2.0	8	57.0	不	**	**		オーガスタスカイ																																																									
2019105058	2024-07-21	2福島8		10.0	米沢特別(2勝クラス)								菅原明良		ダ1150				1:07.8	-0.3		5-5	31.0-36.8	36.4	572(+12)				1584.3	晴		15.0	8.0	15.0	8.1	3.0	1	58.0	良	**	**		(カリュウ)																																																									
2019105058	2024-10-27	4東京8		10.0	エイシンフラッシュC(3勝クラス)								菅原明良		ダ1300				1:18.4	0.8		4-3	29.8-35.7	36.2	568(-4)					曇		15.0	2.0	3.0	31.2	9.0	11	58.0	良	**	**		エピックジョイ																																																									
2019105058	2024-12-22	5中山8		12.0	フェアウェルS(3勝クラス)								菅原明良		ダ1200				1:12.1	1.3		10-10	33.3-37.5	37.9	566(-2)				464.8	晴		16.0	1.0	2.0	12.4	4.0	3	58.0	良	**	**		ケイアイアニラ																																																									
2019105058	2025-01-13	1中山5		10.0	初春S(3勝クラス)								菅原明良		ダ1200				1:11.4	0.9		9-7	33.1-37.4	37.6	566(0)				280.0	晴		16.0	2.0	4.0	30.4	11.0	4	56.0	良	**	**		ロードフロンティア																																																									
2019105058	2025-02-22	1京都7		10.0	河原町S(3勝クラス)								斎藤新		ダ1400				1:25.1	1.2		5-5	35.1-36.9	37.6	564(-2)					曇		16.0	7.0	13.0	41.6	10.0	7	56.0	良	**	**		ニシキギミッチー																																																									
2019105058	2025-04-13	1福島2		10.0	やまびこS(3勝クラス)								斎藤新		ダ1150				1:08.8	0.1		9-9	30.4-38.3	37.3	566(+2)				749.8	雨		16.0	8.0	15.0	7.6	3.0	2	58.0	良	**	**		シークレットヴァウ																																																									
2019105058	2025-05-04	2京都4		12.0	巨椋池S(3勝クラス)								菅原明良		ダ1200				1:11.7	1.5		12-12	33.9-36.3	36.4	566(0)					晴		16.0	3.0	5.0	26.7	8.0	15	56.0	良	**	**		キタノズエッジ																																																									
2019105058	2025-07-05	2福島3		11.0	TUF杯(3勝クラス)								横山琉人		ダ1150				1:08.7	1.0		13-12	31.6-36.1	35.7	562(-4)					晴		16.0	1.0	2.0	26.4	8.0	10	58.0	良	**	**		オーブルクール																																																									
2019105058	2025-11-15	3福島3		11.0	フルーツラインC(3勝クラス)								横山琉人		ダ1150				1:09.4	0.8		10-12	31.7-36.9	36.6	566(+4)					晴		16.0	5.0	9.0	24.6	9.0	10	58.0	良	**	**		メイショウカゼマチ																																																									
2019105058	2026-01-12	1中山5		10.0	初春S(3勝クラス)								横山琉人		ダ1200				1:11.8	1.5		4-5	33.5-36.8	37.4	576(+10)					晴		16.0	7.0	14.0	81.3	13.0	10	55.0	良	**	**		ドラゴンウェルズ																																																									
2019105063	2022-01-30	1東京2		3.0	3歳未勝利								野中悠太		ダ1600				1:40.5	0.3		9-7	36.1-37.2	37.0	494(0)				130.0	晴		16.0	5.0	10.0	5.2	2.0	3	54.0	良	**	**		スノーグレース																																																									
2019105063	2022-04-02	3中山3		1.0	3歳未勝利								野中悠太		ダ1800				1:54.8	0.4		14-14-9-7	36.7-38.5	37.8	488(-6)				78.0	晴		16.0	1.0	2.0	1.9	1.0	4	54.0	重	**	**		ニシノスピカ																																																									
2019105063	2022-05-01	2東京4		1.0	3歳未勝利								レーン		ダ1600				1:38.1	-1.0		2-2	35.4-37.5	37.4	490(+2)				520.0	曇		16.0	3.0	5.0	1.4	1.0	1	54.0	稍	**	**		(サンマルソムニア)																																																									
2019105063	2022-06-25	3東京7		7.0	3歳以上1勝クラス								戸崎圭太		ダ1600				1:36.6	0.4		8-5	34.9-36.6	36.5	498(+8)				310.0	晴		16.0	1.0	1.0	3.9	2.0	2	52.0	良	**	**		マウントベル																																																									
2019105063	2022-09-04	3新潟8		8.0	3歳以上1勝クラス								戸崎圭太		ダ1800				1:55.2	1.5		3-3-2-2	36.6-38.6	39.9	498(0)					晴		15.0	6.0	10.0	1.6	1.0	8	52.0	良	**	**		トーホウボルツ																																																									
2019105063	2022-11-05	5東京1		7.0	3歳以上1勝クラス								野中悠太		ダ1600				1:38.8	0.4		5-4	35.9-36.4	36.4	504(+6)					晴		14.0	4.0	5.0	4.7	3.0	6	54.0	良	**	**		ミファヴォリート																																																									
2019105063	2022-11-13	5東京4		7.0	3歳以上1勝クラス								鮫島克駿		ダ1600				1:38.9	1.9		3-2	35.7-36.8	38.6	504(0)					曇		16.0	4.0	7.0	5.6	2.0	9	54.0	良	**	**		ヴァーンフリート																																																									
2019105063	2023-01-28	1東京1		7.0	4歳以上1勝クラス								横山武史		ダ1400				1:26.1	0.4		5-5	35.7-37.7	37.5	504(0)				80.0	晴		16.0	1.0	1.0	5.0	3.0	5	55.0	良	**	**		ゲンパチプライド																																																									
2019105063	2023-03-25	2中京5		7.0	4歳以上1勝クラス								小林勝太		ダ1400				1:24.4	-0.1		9-10	35.2-37.0	36.4	498(-6)				800.0	曇		16.0	7.0	13.0	5.8	2.0	1	53.0	不	**	**		(ピュアカラー)																																																									
2019105063	2023-04-30	2東京4		12.0	4歳以上2勝クラス								小林勝太		ダ1400				1:25.1	0.8		11-13	35.8-36.2	35.6	498(0)				114.0	曇		15.0	8.0	15.0	10.7	5.0	5	53.0	良	**	**		ハイアムズビーチ																																																									
2019105063	2023-06-03	3東京1		9.0	3歳以上2勝クラス								小林勝太		ダ1600				1:36.5	1.5		5-5	35.6-35.3	36.0	504(+6)					晴		16.0	8.0	15.0	13.1	6.0	6	53.0	重	**	**		ニシノカシミヤ																																																									
2019105063	2023-09-12	川崎		11.0	スパーキングナイトチ(A2B1)								戸崎圭太		ダ1600				1:45.0	1.6		6-7-5-5	37.1-40.1	41.0	514(+10)					晴		13.0	6.0	9.0	4.1	2.0	9	54.0	良	**	**		ミヤビマドンナ																																																									
2019105063	2023-11-05	5東京2		8.0	3歳以上2勝クラス								北村宏司		ダ1400				1:25.2	1.2		9-10	35.6-36.2	36.2	506(-8)					晴		16.0	6.0	11.0	15.1	6.0	8	56.0	良	**	**		ダノンミカエル																																																									
2019105063	2024-01-08	1中山3		12.0	4歳以上2勝クラス								北村宏司		芝1600							7-6-7	33.6-36.1		500(-6)					晴		15.0	8.0	14.0	48.6	10.0	中	56.0	良	**	**		スプレモフレイバー																																																									
2019105063	2024-04-28	2東京4		12.0	4歳以上2勝クラス								石川裕紀		ダ1400				1:24.6	1.2		13-13	34.8-36.8	35.9	500(0)				114.0	晴		16.0	1.0	1.0	67.2	12.0	5	56.0	良	**	**		エピックジョイ																																																									
2019105063	2024-05-19	2東京10		12.0	三峰山特別(2勝クラス)								石川裕紀		ダ1600				1:38.8	1.6		10-10	36.4-35.9	36.5	500(0)					曇		15.0	1.0	1.0	52.9	12.0	12	56.0	良	**	**		マウントベル																																																									
2019105063	2024-07-28	1札幌4		12.0	3歳以上2勝クラス								岩田康誠		ダ1700				1:43.7	0.9		5-6-5-6	29.0-36.6	37.0	502(+2)				170.0	曇		10.0	8.0	9.0	22.6	6.0	4	56.0	重	**	**		エリカサファイア																																																									
2019105063	2024-08-18	2札幌4		9.0	大通公園特別(2勝クラス)								岩田康誠		ダ1700				1:46.2	0.0		4-4-4-3	30.4-38.5	38.2	502(0)				628.6	晴		14.0	3.0	4.0	12.5	7.0	2	56.0	良	**	**		リフレクトザムーン																																																									
2019105063	2024-10-20	5京都6		7.0	3歳以上2勝クラス								岩田康誠		ダ1800				1:55.6	2.7		8-8-9-8	37.0-37.9	39.6	496(-6)					晴		16.0	6.0	12.0	9.4	5.0	10	56.0	稍	**	**		バスタードサフラン																																																									
2019105063	2024-11-30	4中京1		9.0	犬山特別(2勝クラス)								ドイル		ダ1800				1:54.3	1.3		9-11-13-13	37.7-37.6	37.9	496(0)					晴		16.0	8.0	15.0	56.9	12.0	9	56.0	良	**	**		メイショウポペット																																																									
2019105063	2024-12-22	5中山8		10.0	オルフェーヴルC(2勝クラス)								野中悠太		芝1600				1:34.1	0.7		8-9-6	34.6-35.6	35.7	500(+4)					晴		16.0	8.0	16.0	126.1	14.0	10	56.0	良	**	**		ピックアチェリー																																																									
2019105064	2022-01-09	1中山3		6.0	3歳新馬								石橋脩		芝2000				2:06.5	1.0		6-6-7-8	39.4-34.7	35.2	426(0)					晴		14.0	2.0	2.0	16.8	8.0	6	54.0	稍	**	**		マイネルニコラス																																																									
2019105064	2022-04-24	1福島4		2.0	3歳未勝利								丸山元気		芝1800				1:50.3	0.8		12-10-11-9	36.2-36.3	36.3	426(0)					晴		16.0	5.0	10.0	21.6	6.0	7	54.0	良	**	**		メモリーサボアール																																																									
2019105064	2022-05-14	2東京7		2.0	3歳未勝利								永野猛蔵		ダ1600				1:36.7	0.2		9-9	35.3-36.6	36.0	426(0)				210.0	曇		14.0	8.0	14.0	19.7	9.0	2	52.0	不	**	**		ベルカノア																																																									
2019105064	2022-05-28	2東京11		1.0	3歳未勝利								レーン		ダ1600				1:38.3	-0.1		3-3	35.5-38.1	37.8	426(0)				520.0	晴		15.0	5.0	9.0	2.1	1.0	1	54.0	重	**	**		(イモータルフェイム)																																																									
2019105064	2022-08-20	2札幌3		12.0	3歳以上1勝クラス								横山武史		ダ1700				1:45.6	0.4		2-2-3-3	29.6-38.1	38.2	434(+8)				190.0	曇		8.0	2.0	2.0	14.1	6.0	3	52.0	稍	**	**		スミ																																																									
2019105064	2022-09-03	2札幌7		8.0	3歳以上1勝クラス								横山武史		ダ1700				1:47.0	0.3		5-4-4-2	29.5-39.3	39.2	436(+2)				120.0	晴		14.0	4.0	6.0	3.7	2.0	4	52.0	稍	**	**		ウインホノカ																																																									
2019105064	2023-03-25	3中山1		8.0	4歳以上1勝クラス								横山武史		ダ1800				1:54.1	0.4		3-3-6-6	37.8-38.9	38.8	440(+4)				200.0	小雨		14.0	1.0	1.0	5.3	2.0	3	56.0	不	**	**		スズノテレサ																																																									
2019105064	2023-04-23	2東京2		7.0	4歳以上1勝クラス								横山武史		ダ1600				1:39.7	0.7		2-2	36.4-36.8	37.5	438(-2)				200.0	晴		10.0	5.0	5.0	2.1	1.0	3	56.0	良	**	**		メイショウホオズキ																																																									
2019105064	2023-06-24	3東京7		7.0	3歳以上1勝クラス								ルメール		ダ1600				1:37.9	0.7		11-10	35.8-36.9	36.2	436(-2)				80.0	曇		14.0	7.0	12.0	4.3	2.0	5	56.0	良	**	**		カプラローラ																																																									
2019105064	2023-07-16	2福島6		8.0	3歳以上1勝クラス								菅原明良		ダ1700				1:48.7	2.3		13-13-14-14	29.6-38.7	39.7	436(0)					晴		15.0	1.0	1.0	8.5	4.0	11	56.0	良	**	**		タマモバンケット																																																									
2019105064	2023-10-21	4東京6		7.0	3歳以上1勝クラス								戸崎圭太		ダ1600				1:38.6	0.1		6-5	35.9-37.2	36.6	444(+8)				320.0	晴		15.0	8.0	15.0	28.4	8.0	2	56.0	良	**	**		ジューンポンポン																																																									
2019105064	2023-11-04	5東京1		7.0	3歳以上1勝クラス								横山和生		ダ1600				1:37.4	0.1		11-10	35.8-36.9	35.8	444(0)				320.0	晴		11.0	4.0	4.0	10.4	4.0	2	56.0	良	**	**		ビターゼノビア																																																									
2019105064	2024-02-04	1東京4		4.0	4歳以上1勝クラス								横山和生		ダ1600				1:39.2	0.3		11-10	35.8-37.0	36.4	446(+2)				320.0	曇		15.0	3.0	5.0	3.9	1.0	2	56.0	良	**	**		メロウヴォイス																																																									
2019105064	2024-02-25	2中山2		7.0	4歳以上1勝クラス								戸崎圭太		ダ1800				1:55.9	1.9		7-5-8-9	37.2-39.5	40.7	446(0)					小雨		10.0	3.0	3.0	3.8	3.0	7	56.0	稍	**	**		ピッチパーフェクト																																																									
2019105064	2024-04-21	2東京2		7.0	4歳以上1勝クラス								横山和生		ダ1600				1:38.4	-0.4		7-4	35.3-38.7	38.3	440(-6)				800.0	晴		12.0	5.0	5.0	3.4	2.0	1	56.0	良	**	**		(カリカ)																																																									
2019105064	2024-05-19	2東京10		12.0	三峰山特別(2勝クラス)								横山和生		ダ1600				1:37.8	0.6		8-9	36.4-35.9	35.7	434(-6)				230.0	曇		15.0	3.0	4.0	4.7	2.0	4	56.0	良	**	**		マウントベル																																																									
2019105064	2024-06-01	3東京1		8.0	3歳以上2勝クラス								横山和生		ダ1600				1:36.6	0.8		14-14	35.1-36.2	35.6	434(0)					晴		16.0	2.0	3.0	9.0	3.0	10	56.0	重	**	**		フェブランシェ																																																									
2019105064	2024-10-06	4東京2		12.0	3歳以上2勝クラス								横山和生		ダ1600				1:36.6	2.0		10-12	35.0-34.5	35.5	452(+18)					曇		16.0	1.0	1.0	47.2	6.0	6	56.0	重	**	**		ボールドゾーン																																																									
2019105064	2024-10-20	4東京6		12.0	3歳以上2勝クラス								北村宏司		ダ1600				1:39.7	2.3		6-6	36.4-36.1	37.8	450(-2)					晴		14.0	2.0	2.0	25.4	7.0	10	56.0	良	**	**		ロジアデレード																																																									
2019105064	2024-12-22	5中山8		8.0	冬至特別(2勝クラス)								ドイル		ダ1200				1:12.5	0.9		16-16	33.6-38.0	37.2	440(-10)					晴		16.0	3.0	6.0	145.7	14.0	10	56.0	良	**	**		ロードフロンティア																																																									
2019105076	2021-09-04	4新潟7		5.0	2歳新馬								戸崎圭太		芝2000				2:05.7	0.9		3-3-3-3	37.0-35.8	36.5	506(0)																																	曇		10.0	8.0	10.0	5.2	2.0	6	54.0	稍	**	**		キャンデセント																													
2019105076	2021-10-17	4東京4		3.0	2歳未勝利								三浦皇成		芝1800				1:52.5	0.3		5-5-3	38.3-34.6	34.5	504(-2)				130.0																													雨		9.0	4.0	4.0	7.4	3.0	3	55.0	稍	**	**		アサヒ																													
2019105076	2021-11-07	5東京2		3.0	2歳未勝利								三浦皇成		芝2000				2:03.1	0.3		6-6-6	37.7-34.5	34.2	504(0)				200.0																													曇		10.0	5.0	5.0	2.3	2.0	2	55.0	良	**	**		コリエンテス																													
2019105076	2022-01-29	1東京1		5.0	3歳未勝利								武豊		芝1800				1:48.2	0.0		5-3-4	36.3-34.3	34.1	512(+8)				210.0																													曇		16.0	5.0	9.0	5.2	3.0	2	56.0	良	**	**		ベジャール																													
2019105076	2022-02-20	1東京8		4.0	3歳未勝利								武豊		芝1800				1:49.8	0.8		5-4-4	35.9-34.4	34.9	510(-2)				130.0																													曇		16.0	1.0	2.0	2.6	2.0	3	56.0	重	**	**		スガオノママデ																													
2019105076	2022-03-20	2中山7		5.0	3歳未勝利								武豊		芝2000				2:04.1	0.2		4-6-4-3	36.6-36.7	36.6	508(-2)				130.0																													晴		17.0	8.0	17.0	3.7	2.0	3	56.0	重	**	**		レガラール																													
2019105076	2022-04-17	3中山8		4.0	3歳未勝利								横山武史		芝2200				2:17.0	2.1		1-2-3-6	35.5-36.1	37.9	508(0)																																	晴		18.0	3.0	6.0	3.7	3.0	13	56.0	稍	**	**		キングズパレス																													
2019105076	2022-07-02	2福島1		7.0	3歳未勝利								戸崎圭太		芝2000				2:01.2	0.2		4-4-4-4	35.7-36.1	35.4	524(+16)				210.0																													晴		10.0	4.0	4.0	2.3	1.0	2	56.0	良	**	**		イヴニングスター																													
2019105076	2022-07-24	2福島8		7.0	3歳未勝利								戸崎圭太		芝2000				2:04.6	0.7		9-8-7-7	35.7-37.6	37.4	514(-10)				78.0																													晴		16.0	5.0	10.0	1.8	1.0	4	56.0	良	**	**		シャドウマッドネス																													
2019105076	2022-08-21	3新潟4		6.0	3歳未勝利								戸崎圭太		芝2000				2:00.9	0.0		17-17-2-3	35.2-35.6	35.3	518(+4)				520.0																													晴		18.0	4.0	8.0	2.8	1.0	1	56.0	稍	**	**		(キーワード)																													
2019105076	2022-11-26	5東京7		7.0	3歳以上1勝クラス								ルメール		芝2400				2:26.6	0.5		4-4-3-3	36.7-34.0	34.3	524(+6)				310.0																													曇		7.0	3.0	3.0	3.4	2.0	2	55.0	良	**	**		シュトルーヴェ																													
2019105076	2023-05-21	2東京10		6.0	4歳以上1勝クラス								ルメール		芝2400				2:28.4	0.0		3-3-2-4	37.8-34.1	33.7	512(-12)				320.0																													晴		8.0	3.0	3.0	2.2	2.0	2	58.0	良	**	**		ライリッズ																													
2019105076	2023-06-17	3東京5		8.0	3歳以上1勝クラス								ルメール		芝2400				2:25.4	0.5		7-6-6-6	37.1-34.4	34.4	502(-10)				320.0																													晴		9.0	6.0	6.0	2.1	2.0	2	58.0	良	**	**		ナイトインロンドン																													
2019105076	2023-08-26	2札幌5		9.0	ルスツ特別(1勝クラス)								ルメール		芝2600				2:45.3	2.4		7-7-10-13	38.3-37.2	38.3	506(+4)																																	晴		14.0	6.0	10.0	2.5	1.0	14	58.0	良	**	**		ニシノファンフェア																													
2019105076	2023-10-15	4東京5		7.0	3歳以上1勝クラス								菅原明良		芝2400				2:28.0	2.1		10-10-10-10	36.6-36.1	35.8	504(-2)																																	曇		10.0	8.0	9.0	6.2	4.0	9	58.0	重	**	**		コパノサントス																													
2019105076	2023-12-03	4中京2		12.0	栄特別(1勝クラス)								横山武史		芝2200				2:15.0	0.4		9-9-9-9	37.6-34.5	34.2	510(+6)				284.8																													晴		11.0	8.0	10.0	8.5	4.0	3	58.0	良	**	**		プラニスフェリオ																													
2019105076	2024-01-20	1中山6		12.0	4歳以上1勝クラス								横山武史		芝2200				2:14.6	1.4		12-12-13-14	36.3-35.6	35.6	514(+4)																																	曇		17.0	2.0	4.0	11.5	7.0	12	58.0	良	**	**		サトノトルネード																													
2019105076	2024-03-24	1中京6		7.0	4歳以上1勝クラス								ルメール		芝2200				2:16.1	1.1		8-8-5-4	35.0-37.5	37.8	512(-2)				200.0																													小雨		9.0	6.0	6.0	3.5	2.0	3	58.0	重	**	**		コパノサントス																													
2019105076	2024-05-19	2東京10		7.0	4歳以上1勝クラス								ルメール		芝2400				2:27.5	1.7		7-7-8-7	37.1-34.9	35.9	514(+2)																																	曇		9.0	5.0	5.0	5.0	3.0	6	58.0	良	**	**		ジュンツバメガエシ																													
2019105076	2024-09-07	4中山1		7.0	3歳以上1勝クラス								菅原明良		芝2000				1:59.2	1.6		4-4-4-4	35.0-35.3	34.7	516(+2)				120.0																													晴		10.0	3.0	3.0	10.7	5.0	4	58.0	良	**	**		フナデ																													
2019105076	2024-10-06	4新潟2		9.0	萬代橋特別(1勝クラス)								丸山元気		芝2400				2:26.0	0.9		12-12-9-7	34.9-36.7	36.9	516(0)																																	晴		16.0	3.0	5.0	14.6	6.0	9	58.0	良	**	**		ウィープディライト																													
2019105076	2024-10-27	4新潟8		9.0	湯沢特別(1勝クラス)								丸山元気		芝2000				2:03.8	4.4		3-4	35.7-34.7	38.5	516(0)																																	晴		16.0	7.0	14.0	57.9	12.0	16	58.0	良	**	**		クロシェットノエル																													
2019105076	2025-04-26	1福島5		10.0	飯盛山特別(1勝クラス)								内田博幸		芝2000				2:00.3	1.0		8-8-9-8	35.4-35.3	35.4	506(-10)																																	晴		13.0	1.0	1.0	52.0	11.0	8	58.0	良	**	**		カリーニョ																													
2019105076	2025-05-17	1新潟5		9.0	尖閣湾特別(1勝クラス)								荻野極		芝2000				2:03.2	0.0		3-2	37.8-35.0	34.9	506(0)				447.4																													曇		9.0	2.0	2.0	47.7	7.0	2	58.0	稍	**	**		アンテロース																													
2019105076	2025-06-15	3東京4		7.0	3歳以上1勝クラス								荻野極		芝2000				2:02.8	0.9		3-4-3	37.6-34.6	35.1	508(+2)																																	曇		14.0	2.0	2.0	23.4	7.0	7	58.0	稍	**	**		ダンツファイター																													
2019105076	2025-08-31	3新潟4		9.0	瓢湖特別(1勝クラス)								荻野極		芝2200				2:18.6	5.0		2-2-2-5	35.6-35.5	40.4	510(+2)																																	晴		11.0	8.0	12.0	20.0	6.0	11	58.0	良	**	**		トリプルコーク																													
2019105076	2025-09-27	4中山8		7.0	3歳以上1勝クラス								荻野極		芝2200				2:14.5	2.0		16-15-13-15	36.9-34.5	35.5	510(0)																																	晴		16.0	8.0	15.0	98.8	10.0	14	58.0	良	**	**		サンカシグレ																													
2019105076	2026-01-17	1中山6		7.0	4歳以上1勝クラス								菅原明良		芝2200				2:12.6	0.6		8-8-8-9	36.6-35.6	35.5	500(-10)																																	晴		12.0	3.0	3.0	134.3	10.0	7	58.0	良				クリフハンガー																													
2019105095	2021-10-09	4阪神1		5.0	2歳新馬								松山弘平		芝2000				2:04.1	1.3		5-5-5-6	38.2-34.0	34.8	474(0)				70.0																																											晴		12.0	6.0	8.0	2.9	2.0	5	55.0	良	**	**		アートハウス															
2019105095	2021-10-31	5新潟8		2.0	2歳未勝利								西村淳也		芝2000				2:05.5	0.2		5-5-3-3	38.4-35.7	35.5	474(0)				200.0																																											晴		11.0	7.0	9.0	3.8	2.0	2	55.0	良	**	**		インダミタブル															
2019105095	2022-10-10	4阪神3		9.0	3歳以上1勝クラス								和田竜二		芝1800				1:47.3	2.0		2-2	34.8-34.9	35.6	482(+8)																																															曇		11.0	1.0	1.0	26.8	8.0	9	55.0	稍	**	**		セルバーグ															
2019105095	2022-10-22	4阪神6		7.0	3歳以上1勝クラス								和田竜二		芝2000				2:00.9	1.0		3-3-4-7	34.9-34.9	35.6	486(+4)																																															晴		9.0	8.0	8.0	43.9	8.0	8	55.0	良	**	**		ダークエクリプス															
2019105095	2022-12-03	6中京1		6.0	3歳以上1勝クラス								斎藤新		ダ1800				1:55.2	-0.7		2-2-2-1	37.4-37.2	37.1	486(0)				770.0																																											晴		10.0	1.0	1.0	4.6	3.0	1	56.0	良	**	**		(クリノパイソン)															
2019105095	2023-02-05	1中京12		7.0	4歳以上1勝クラス								ムルザバ		ダ1800				1:53.7	-1.0		1-1-2-2	38.3-38.4	38.4	492(+6)				800.0																																											晴		9.0	2.0	2.0	1.2	1.0	1	57.0	良	**	**		(カズカポレイ)															
2019105095	2023-03-18	2中京3		9.0	弥富特別(2勝クラス)								幸英明		ダ1800				1:51.0	0.8		1-1-2-1	36.0-36.9	37.7	492(0)																																															曇		16.0	1.0	2.0	2.1	1.0	7	57.0	不	**	**		ラルフ															
2019105095	2023-07-02	2福島2		10.0	いわき特別(2勝クラス)								幸英明		ダ1700				1:46.3	0.7		1-1-1-2	30.3-38.1	38.8	494(+2)				230.0																																											晴		12.0	2.0	2.0	2.4	1.0	4	58.0	稍	**	**		プリンスミノル															
2019105095	2023-10-15	4新潟2		10.0	菅名岳特別(2勝クラス)								北村友一		ダ1800				1:52.8	1.3		9-9-7-6	35.9-37.5	37.9	494(0)				155.0																																											小雨		13.0	4.0	5.0	9.7	3.0	5	58.0	稍	**	**		ルクスフロンティア															
2019105095	2023-12-03	4中京2		10.0	鳴海特別(2勝クラス)								ビュイッ		ダ1400				1:26.7	2.6		4-5	34.8-37.5	39.8	494(0)																																															晴		16.0	7.0	13.0	19.9	6.0	15	58.0	良	**	**		ロードアウォード															
2019105095	2024-02-10	2小倉1		11.0	紫川特別(2勝クラス)								幸英明		ダ1700				1:44.6	0.3		6-4-5-3	29.3-37.6	37.6	496(+2)				395.2																																											晴		16.0	5.0	10.0	27.9	6.0	3	58.0	良	**	**		ドゥラレジリエント															
2019105095	2024-03-02	2小倉7		11.0	早鞆特別(2勝クラス)								幸英明		ダ1700				1:44.1	0.4		8-8-4-3	28.1-38.1	38.2	494(-2)				230.0																																											晴		16.0	4.0	8.0	7.1	4.0	4	57.0	稍	**	**		アイファーテイオー															
2019105095	2024-10-26	5京都7		12.0	3歳以上2勝クラス								Ｃ．デム		ダ1800				1:52.2	-0.2		3-2-2-2	37.7-37.0	36.9	490(-4)				1140.0																																											曇		15.0	6.0	10.0	7.8	3.0	1	58.0	良	**	**		(クリノフィガロ)															
2019105095	2024-12-21	7京都7		10.0	御陵S(3勝クラス)								Ｃ．デム		ダ1800				1:53.9	1.5		6-7-6-6	36.4-36.6	37.5	496(+6)																																															曇		16.0	6.0	11.0	8.6	3.0	9	56.0	良	**	**		モンブランミノル															
2019105095	2025-02-08	1小倉5		11.0	豊前S(3勝クラス)								杉原誠人		ダ1700				1:44.5	1.2		12-11-11-12	29.2-37.2	37.7	498(+2)																																															曇		15.0	5.0	8.0	24.8	9.0	9	56.0	稍	**	**		マリアナトレンチ															
2019105095	2025-03-30	2中京6		10.0	伊勢S(3勝クラス)								シュタル		ダ1900				2:01.7	2.4		4-3-3-3	30.0-38.4	40.5	500(+2)																																															晴		16.0	8.0	16.0	36.5	9.0	15	55.0	良	**	**		レヴォントゥレット															
2019105095	2025-06-22	3阪神6		10.0	姫路S(3勝クラス)								小崎綾也		ダ1800				1:56.5	4.0		6-6-6-13	37.1-37.5	41.0	502(+2)																																															晴		16.0	3.0	6.0	222.0	15.0	16	58.0	良	**	**		ルシュヴァルドール															
2019105095	2025-09-15	4阪神5		1.0	障害3歳以上未勝利								難波剛健		障2970				3:31.5	-0.1		2-2-2-2	107.1-0.0	14.2	496(-6)				840.0																																											晴		7.0	4.0	4.0	10.7	3.0	1	60.0	良				(ロードプレジール)															
2019105095	2025-10-25	3京都8		4.0	障害3歳以上OP								難波剛健		障3170				3:39.5	0.1		3-3-3-3	105.0-0.0	13.8	492(-4)				570.0																																											曇		8.0	7.0	7.0	9.0	3.0	2	60.0	良				コパノニコルソン															
2019105095	2025-12-06	5中山1		8.0	イルミネーションJS(OP)								難波剛健		障3570				4:04.1	1.8		8-7-7-8	105.1-0.0	13.7	488(-4)																																															曇		12.0	7.0	9.0	6.9	3.0	9	60.0	良				ピーターサイト															
2019105095	2026-01-10	1京都3		8.0	牛若丸ジャンプS(OP)								難波剛健		障3170				3:37.7	2.3		7-7-6-7	109.0-0.0	13.7	496(+8)																																															晴		11.0	3.0	3.0	13.6	4.0	6	59.0	良				シホノスペランツァ															
2019105195	2021-11-21	5東京6		6.0	2歳新馬								石橋脩		芝2000				2:01.3	-0.3		5-5-5	37.1-33.9	33.1	498(0)				700.0	曇		8.0	6.0	6.0	1.7	1.0	1	55.0	良	**	**		(バトルボーン)																																																									
2019105195	2022-02-13	1東京6		11.0	共同通信杯(GIII)								松山弘平		芝1800				1:47.9	-0.2		6-6-5	36.1-34.3	33.7	502(+4)				4041.3	雨		11.0	8.0	10.0	3.9	3.0	1	56.0	稍	**	**		(ジオグリフ)																																																									
2019105195	2022-04-17	3中山8		11.0	皐月賞(GI)								川田将雅		芝2000				2:00.0	0.3		5-5-6-3	35.2-34.9	34.6	504(+2)				2300.0	曇		18.0	1.0	1.0	5.0	2.0	4	57.0	良	**	**		ジオグリフ																																																									
2019105195	2022-05-29	2東京12		11.0	東京優駿(GI)								川田将雅		芝2400				2:22.3	0.4		10-10-11-11	35.1-35.2	34.3	494(-10)				3000.0	晴		18.0	6.0	12.0	3.5	1.0	4	57.0	良	**	**		ドウデュース																																																									
2019105195	2022-10-30	4東京9		11.0	天皇賞(秋)(GI)								川田将雅		芝2000				1:57.7	0.2		11-11-11	34.7-36.7	32.8	500(+6)				5045.0	晴		15.0	3.0	5.0	7.3	4.0	3	56.0	良	**	**		イクイノックス																																																									
2019105195	2022-11-27	5東京8		12.0	ジャパンC(GI)								川田将雅		芝2400				2:24.3	0.6		8-10-10-7	36.3-34.2	34.4	500(0)				4000.0	晴		18.0	7.0	14.0	4.2	2.0	5	55.0	良	**	**		ヴェラアズール																																																									
2019105195	2023-03-25	メイダン			ドバイターフ(GI)								モレイラ		芝1800										計不					晴		14.0		2.0	3.5	1.0	2	57.0	良																																																													
2019105195	2023-08-20	2札幌4		11.0	札幌記念(GII)								モレイラ		芝2000				2:02.8	1.3		12-12-7-3	35.5-36.4	37.1	508(0)				1100.0	晴		15.0	4.0	6.0	6.3	3.0	4	58.0	稍	**	**		プログノーシス																																																									
2019105195	2023-10-29	4東京9		11.0	天皇賞(秋)(GI)								モレイラ		芝2000				1:55.8	0.6		8-7-7	34.9-34.7	34.3	500(-8)				3300.0	晴		11.0	4.0	4.0	14.0	4.0	4	58.0	良	**	**		イクイノックス																																																									
2019105195	2023-11-26	5東京8		12.0	ジャパンC(GI)								モレイラ		芝2400				2:23.2	1.4		11-11-11-11	35.5-36.5	33.8	498(-2)					曇		18.0	5.0	10.0	32.5	6.0	6	58.0	良	**	**		イクイノックス																																																									
2019105195	2024-03-30	メイダン			ドバイターフ(GI)								モレイラ		芝1800										計不							16.0		4.0	7.9	4.0	3	57.0	良																																																													
2019105195	2024-10-27	4東京8		11.0	天皇賞(秋)(GI)								Ｃ．デム		芝2000				1:58.3	1.0		5-6-5	35.9-33.7	34.1	498(0)					曇		15.0	6.0	10.0	14.3	5.0	14	58.0	良	**	**		ドウデュース																																																									
2019105195	2024-11-24	5東京8		12.0	ジャパンC(GI)								松山弘平		芝2400				2:26.2	0.7		3-7-9-7	37.1-33.4	33.4	492(-6)					晴		14.0	4.0	6.0	106.4	13.0	9	58.0	良	**	**		ドウデュース																																																									
2019105195	2024-12-22	5中山8		11.0	有馬記念(GI)								松山弘平		芝2500				2:32.5	0.7		15-15-15-13	31.4-35.2	34.9	496(+4)					晴		15.0	7.0	14.0	122.4	15.0	9	58.0	良	**	**		レガレイラ																																																									
2019105195	2025-08-31	3新潟4		11.0	新潟記念(GIII)								佐々木大		芝2000				1:59.0	1.0		5-5	35.6-33.2	33.7	508(+12)					晴		16.0	4.0	7.0	11.5	5.0	13	57.0	良	**	**		シランケド																																																									
2019105195	2025-11-30	5東京8		12.0	ジャパンC(GI)								佐々木大		芝2400				2:22.6	2.3		13-13-10-11	34.5-34.6	35.5	498(-10)					晴		17.0	4.0	7.0	274.2	15.0	13	58.0	良	**	**		カランダガン																																																									
2019105232	2022-01-08	1中京2		6.0	3歳新馬								和田竜二		芝1600				1:37.7	0.6		2-3-3	36.9-34.4	34.7	444(0)				90.0	晴		16.0	3.0	5.0	17.7	5.0	4	54.0	良	**	**		ショショローザ																																																									
2019105232	2022-02-05	1中京11		5.0	3歳未勝利								和田竜二		芝1600				1:36.6	0.7		7-4-4	36.0-35.1	35.5	438(-6)					晴		13.0	5.0	7.0	19.9	6.0	6	54.0	良	**	**		サブライムアンセム																																																									
2019105232	2022-02-27	1阪神6		3.0	3歳未勝利								和田竜二		ダ1400				1:26.5	0.0		5-4	34.4-39.7	39.2	440(+2)				520.0	晴		13.0	7.0	11.0	5.5	4.0	1	54.0	良	**	**		(アルマイメル)																																																									
2019105232	2022-05-22	3中京6		6.0	3歳1勝クラス								藤岡康太		ダ1400				1:27.7	3.2		13-12	34.7-37.4	39.5	430(-10)					晴		13.0	4.0	4.0	50.2	9.0	12	54.0	良	**	**		ハーツアズワン																																																									
2019105232	2022-10-01	5中京8		4.0	3歳以上1勝クラス								和田竜二		ダ1400				1:27.0	2.8		7-8	34.5-37.6	39.7	470(+40)					晴		16.0	8.0	15.0	13.9	6.0	14	53.0	良	**	**		ロードアラビアン																																																									
2019105232	2022-11-12	3福島3		12.0	3歳以上1勝クラス								富田暁		芝1200				1:11.3	0.6		2-2	35.2-35.5	35.9	448(-22)					晴		16.0	2.0	4.0	7.9	4.0	9	54.0	良	**	**		イールテソーロ																																																									
2019105232	2023-04-09	2阪神6		6.0	4歳以上1勝クラス								戸崎圭太		ダ1200				1:13.7	0.9		5-5	35.2-37.6	38.0	452(+4)					晴		13.0	6.0	8.0	25.4	7.0	11	56.0	稍	**	**		エバニスタ																																																									
2019105232	2023-08-09	園田		8.0	JRA交流武庫川特別								今村聖奈		ダ1400				1:30.0	1.0		3-3-6-6		39.0	470(+18)				20.0	曇		12.0	3.0	3.0	4.0	2.0	5	51.0	良	**	**		カッティングジェム																																																									
2019105232	2023-11-05	3京都2		12.0	3歳以上1勝クラス								今村聖奈		芝1400				1:21.8	0.8		3-3	35.2-34.3	34.8	470(0)					晴		17.0	6.0	12.0	145.3	16.0	13	53.0	良	**	**		オードリーバローズ																																																									
2019105232	2024-01-14	1小倉2		12.0	4歳以上1勝クラス								永島まな		芝1200				1:08.7	0.8		14-13	33.0-34.9	34.8	450(-20)					晴		17.0	7.0	14.0	9.8	4.0	13	53.0	良	**	**		ニシノコウダイ																																																									
2019105232	2024-03-23	2阪神1		12.0	4歳以上1勝クラス								田口貫太		ダ1200				1:11.6	0.3		3-3	35.1-36.2	36.2	458(+8)					曇		12.0	5.0	6.0	18.2	8.0	6	55.0	不	**	**		フェリ																																																									
2019105232	2024-04-27	3京都3		8.0	4歳以上1勝クラス								田口貫太		ダ1200				1:12.8	0.4		2-2	35.1-37.3	37.6	458(0)				80.0	曇		14.0	7.0	12.0	18.7	6.0	5	55.0	良	**	**		サンガネーブ																																																									
2019105232	2024-05-12	3京都8		8.0	4歳以上1勝クラス								田口貫太		ダ1200				1:13.1	0.7		3-3	35.2-37.2	37.6	460(+2)					曇		12.0	8.0	11.0	3.0	1.0	6	55.0	良	**	**		ノットファウンド																																																									
2019105232	2024-06-16	4京都6		6.0	3歳以上1勝クラス								田口貫太		ダ1400				1:26.7	1.9		4-5	34.5-38.1	39.5	462(+2)					晴		16.0	7.0	13.0	30.5	10.0	8	55.0	良	**	**		ブリーズオンチーク																																																									
2019105232	2024-09-29	3中京9		6.0	3歳以上1勝クラス								田口貫太		ダ1400				1:25.8	1.7		4-4	34.5-37.9	39.3	474(+12)					曇		16.0	1.0	2.0	16.1	7.0	11	55.0	重	**	**		シャープソーン																																																									
2019105232	2024-11-09	3福島3		7.0	3歳以上1勝クラス								小林美駒		ダ1150				1:09.6	1.3		8-12	31.7-36.6	37.3	460(-14)					晴		16.0	4.0	8.0	31.7	9.0	10	52.0	良	**	**		シャカシャカシー																																																									
2019105232	2024-12-22	7京都8		7.0	3歳以上1勝クラス								永島まな		ダ1200				1:14.4	1.5		8-11	35.5-37.4	38.3	468(+8)					晴		16.0	2.0	3.0	130.3	13.0	14	54.0	良	**	**		ヤマカツパトリシア																																																									
2019105232	2025-02-16	1小倉8		3.0	4歳以上1勝クラス								小沢大仁		ダ1000				0:59.3	1.1		9-10	33.9-35.9	36.2	452(-16)					曇		14.0	6.0	9.0	69.7	11.0	10	56.0	良	**	**		ジェネラーレ																																																									
2019105252	2021-07-04	1函館2	曇	5.0	2歳新馬		14.0	3.0	3.0	2.7	2.0	1	武豊	54.0	芝1800		良	**	1:50.1	-0.3	**	11-11-9-5	36.4-36.1	35.4	418(0)			(ブラックボイス)	700.0																																																																							
2019105252	2021-11-20	5東京5	晴	11.0	東京スポーツ杯2歳S(GII)		12.0	7.0	10.0	6.8	3.0	6	武豊	55.0	芝1800		良	**	1:47.3	1.1	**	12-2-1	36.2-34.3	35.4	438(+20)			イクイノックス																																																																								
2019105252	2021-12-19	6阪神6	晴	11.0	朝日フューチュリティ(GI)		15.0	2.0	3.0	29.0	8.0	4	池添謙一	55.0	芝1600		良	**	1:34.0	0.5	**	12-12	34.3-35.2	34.7	432(-6)			ドウデュース	1100.0																																																																							
2019105252	2022-02-19	1阪神3	小雨	9.0	つばき賞(1勝クラス)		7.0	6.0	6.0	3.0	3.0	2	福永祐一	56.0	芝1800		良	**	1:49.8	0.2	**	5-4	38.6-32.9	32.9	426(-6)			テンダンス	415.0																																																																							
2019105252	2022-03-20	2中山7	曇	11.0	フジTVスプリングS(GII)		13.0	7.0	10.0	5.6	4.0	7	福永祐一	56.0	芝1800		稍	**	1:49.2	0.8	**	6-7-7-6	36.7-35.3	35.3	426(0)			ビーアストニッシド																																																																								
2019105252	2022-06-26	3阪神4	晴	8.0	城崎特別(1勝クラス)		11.0	4.0	4.0	1.8	1.0	1	福永祐一	54.0	芝1800		良	**	1:46.2	-0.1	**	4-4	35.1-34.3	33.8	426(0)			(サンストックトン)	1094.5																																																																							
2019105252	2022-10-08	4阪神1	曇	9.0	瀬戸内海特別(2勝クラス)		13.0	3.0	3.0	2.1	1.0	1	福永祐一	55.0	芝1600		良	**	1:32.5	-0.3	**	4-5	35.2-34.3	33.4	432(+6)			(ララヴォルシエル)	1538.7																																																																							
2019105252	2022-11-19	5東京5	晴	10.0	秋色S(3勝クラス)		16.0	1.0	1.0	3.0	1.0	6	福永祐一	56.0	芝1600		良	**	1:32.4	0.4	**	8-8	34.7-34.1	33.7	440(+8)			ジャスティンスカイ																																																																								
2019105252	2023-02-19	1阪神4	曇	10.0	武庫川S(3勝クラス)		14.0	8.0	14.0	3.8	1.0	10	鮫島克駿	58.0	芝1600		稍	**	1:35.2	1.2	**	10-12	35.6-34.3	34.4	446(+6)			セルバーグ																																																																								
2019105252	2023-04-02	2阪神4	晴	10.0	心斎橋S(3勝クラス)		15.0	3.0	5.0	4.0	1.0	4	坂井瑠星	58.0	芝1400		良	**	1:20.2	0.2	**	11-10	34.3-34.2	33.1	442(-4)			メイショウホシアイ	280.0																																																																							
2019105252	2023-06-17	3阪神5	晴	10.0	垂水S(3勝クラス)		9.0	8.0	9.0	5.2	3.0	1	坂井瑠星	56.0	芝1800		良	**	1:44.7	0.0	**	1-1	35.0-33.9	33.9	442(0)			(トゥデイイズザデイ)	1864.5																																																																							
2019105252	2023-07-16	2函館6	曇	11.0	函館記念(GIII)		16.0	8.0	15.0	14.5	6.0	6	鮫島克駿	55.0	芝2000		稍	**	2:01.9	0.5	**	5-6-6-5	35.4-36.6	36.5	442(0)			ローシャムパーク																																																																								
2019105252	2023-09-16	4阪神3	晴	11.0	ケフェウスS(OP)		10.0	3.0	3.0	4.3	3.0	8	坂井瑠星	55.0	芝2000		良	**	1:58.4	1.2	**	2-2-2-2	34.4-36.5	37.4	442(0)			エピファニー																																																																								
2019105252	2023-10-29	2京都9	晴	11.0	カシオペアS(L)		16.0	6.0	11.0	6.0	3.0	1	鮫島克駿	57.0	芝1800		良	**	1:44.7	-0.1	**	5-5	34.3-35.4	34.4	440(-2)			(ピンハイ)	2834.3																																																																							
2019105252	2024-01-06	1京都1	晴	11.0	スポニチ賞京都金杯(GIII)		18.0	7.0	14.0	5.8	2.0	11	鮫島克駿	57.0	芝1600		良	**	1:34.8	1.0	**	13-10	33.7-37.1	36.0	446(+6)			コレペティトール																																																																								
2019105252	2024-02-18	2小倉4	晴	11.0	小倉大賞典(GIII)		15.0	4.0	7.0	4.7	1.0	4	鮫島克駿	57.0	芝1800		良	**	1:45.4	0.3	**	4-4-4-3	35.0-36.5	35.2	444(-2)			エピファニー	650.0																																																																							
2019105252	2024-03-30	3中山3	晴	11.0	ダービー卿チャレンジ(GIII)		16.0	4.0	8.0	16.8	9.0	9	横山和生	57.0	芝1600		稍	**	1:33.9	1.0	**	15-16-16	35.5-35.1	33.8	444(0)			パラレルヴィジョン																																																																								
2019105252	2024-05-11	3京都7	晴	11.0	都大路S(L)		11.0	4.0	4.0	3.8	3.0	2	横山典弘	58.0	芝1800		良	**	1:45.0	0.2	**	7-7	35.4-33.6	33.2	446(+2)			セオ	1106.8																																																																							
2019105252	2024-06-09	3東京4	曇	11.0	エプソムC(GIII)		18.0	7.0	15.0	9.5	4.0	5	横山典弘	57.0	芝1800		良	**	1:45.3	0.6	**	7-3-3	35.2-34.6	34.6	440(-6)			レーベンスティール	430.0																																																																							
2019105252	2024-07-21	3小倉8	晴	11.0	中京記念(GIII)		14.0	2.0	2.0	8.2	5.0	1	横山典弘	57.0	芝1800		良	**	1:47.2	0.0	**	7-7-7-4	34.3-37.3	36.4	440(0)			(エピファニー)	4150.4																																																																							
2019105252	2024-10-19	4東京5	曇	11.0	富士S(GII)		17.0	6.0	12.0	56.0	11.0	6	横山典弘	57.0	芝1600		良	**	1:32.6	0.5	**	4-6	34.2-34.0	33.9	448(+8)			ジュンブロッサム																																																																								
2019105252	2024-11-17	6京都6	曇	11.0	マイルチャンピオンS(GI)		17.0	6.0	12.0	115.6	12.0	11	藤岡佑介	58.0	芝1600		良	**	1:32.9	0.9	**	14-13	33.8-34.5	34.2	450(+2)			ソウルラッシュ																																																																								
2019105252	2025-01-05	1中山1	曇	11.0	日刊スポ賞中山金杯(GIII)		18.0	1.0	2.0	8.4	4.0	1	藤岡佑介	58.0	芝2000		良	**	1:58.1	-0.2	**	11-10-9-6	34.9-35.7	34.6	452(+2)			(マイネルモーント)	4363.0																																																																							
2019105252	2025-03-02	2中山2	晴	11.0	中山記念(GII)		16.0	5.0	10.0	11.5	5.0	12	藤岡佑介	57.0	芝1800		良	**	1:45.9	1.1	**	9-9-11-10	35.6-34.8	34.8	448(-4)			シックスペンス																																																																								
2019105252	2025-04-06	2阪神4	晴	11.0	大阪杯(GI)		15.0	8.0	15.0	178.4	14.0	15	横山典弘	58.0	芝2000		良	**	1:58.3	2.1	**	5-4-5-6	34.9-35.1	36.1	446(-2)			ベラジオオペラ																																																																								
2019105252	2025-06-29	1函館6	晴	11.0	函館記念(GIII)		14.0	6.0	9.0	11.9	9.0	6	藤岡佑介	59.0	芝2000		良	**	1:58.2	0.6	**	9-12-11-11	34.1-35.4	35.0	452(+6)			ヴェローチェエラ																																																																								
2019105252	2025-08-17	1札幌8	曇	11.0	札幌記念(GII)		16.0	6.0	12.0	24.1	9.0	11	藤岡佑介	58.0	芝2000		稍	**	2:02.6	1.1	**	9-9-10-9	36.1-36.9	36.7	448(-4)			トップナイフ																																																																								
2019105252	2025-10-05	3京都2	曇	11.0	京都大賞典(GII)		18.0	8.0	17.0	80.6	12.0	6	藤岡佑介	57.0	芝2400		稍	**	2:24.3	0.4	**	3-3-7-7	35.3-34.9	34.8	446(-2)			ディープモンスター																																																																								
2019105276	2021-07-04	1函館2		5.0	2歳新馬								ルメール		芝1800				1:50.4	0.3		3-4-3-3	36.4-36.1	36.1	512(0)				280.0															曇		14.0	1.0	1.0	2.2	1.0	2	54.0	良	**	**		アルナシーム																																											
2019105276	2021-07-17	1函館5		1.0	2歳未勝利								ルメール		芝1800				1:50.5	-0.2		6-5-6-5	36.4-36.1	35.7	510(-2)				510.0															晴		9.0	8.0	9.0	1.3	1.0	1	54.0	良	**	**		(セイウンプラチナ)																																											
2019105276	2021-10-23	4東京5		9.0	アイビーS(L)								ルメール		芝1800				1:49.8	0.5		2-5-5	35.9-34.5	34.3	506(-4)				260.0															晴		8.0	5.0	5.0	8.2	4.0	4	55.0	良	**	**		ドウデュース																																											
2019105276	2021-12-04	5中山1		9.0	葉牡丹賞(1勝クラス)								鮫島克駿		芝2000				2:01.0	0.4		10-10-3-4	36.1-35.6	35.8	508(+2)																			晴		15.0	7.0	12.0	26.5	8.0	8	55.0	良	**	**		ボーンディスウェイ																																											
2019105276	2022-03-12	2中山5		7.0	3歳1勝クラス								横山和生		芝2000				2:00.7	0.3		3-3-3-2	34.8-35.4	35.4	508(0)				300.0															晴		13.0	7.0	10.0	8.1	4.0	2	56.0	良	**	**		エターナルビクトリ																																											
2019105276	2022-04-03	3中山4		9.0	山吹賞(1勝クラス)								横山和生		芝2200				2:17.5	0.4		2-2-2-2	38.0-35.7	35.9	508(0)				416.2															曇		9.0	4.0	4.0	3.9	2.0	2	56.0	稍	**	**		トーセンリョウ																																											
2019105276	2022-06-11	1函館1		9.0	駒ケ岳特別(1勝クラス)								横山和生		芝2600				2:40.0	0.1		5-5-4-3	36.9-35.7	35.5	504(-4)				274.3															晴		11.0	8.0	11.0	2.8	1.0	3	53.0	良	**	**		シェルビーズアイ																																											
2019105276	2022-07-02	1函館7		7.0	3歳以上1勝クラス								横山和生		芝2000				2:02.6	0.8		3-4-3-2	35.8-36.5	37.0	506(+2)				77.0															曇		9.0	7.0	7.0	2.6	1.0	5	54.0	稍	**	**		マイネルエニグマ																																											
2019105276	2022-10-29	4東京8		8.0	3歳以上1勝クラス								坂井瑠星		芝2000				1:59.0	0.5		1-1-1	36.3-34.6	35.1	508(+2)				77.0															晴		11.0	2.0	2.0	6.1	4.0	5	55.0	良	**	**		カトゥルスフェリス																																											
2019105276	2022-11-19	3福島5		12.0	3歳以上1勝クラス								西村淳也		芝2000				2:01.7	0.0		3-3-3-2	35.0-36.5	36.4	510(+2)				190.0															晴		16.0	6.0	12.0	5.1	2.0	3	55.0	良	**	**		エニシノウタ																																											
2019105276	2022-12-28	6阪神9		8.0	3歳以上1勝クラス								岩田望来		ダ1800				1:54.6	-0.1		2-2-2-2	37.8-38.5	38.4	510(0)				770.0															晴		11.0	8.0	10.0	2.9	1.0	1	56.0	良	**	**		(モズタンジロウ)																																											
2019105276	2023-03-05	1阪神8		9.0	4歳以上2勝クラス								岩田望来		ダ1800				1:54.9	0.6		3-3-3-2	37.2-38.3	38.6	510(0)																			晴		12.0	1.0	1.0	4.4	1.0	6	58.0	良	**	**		マリオロード																																											
2019105276	2023-04-01	3中山3		10.0	安房特別(2勝クラス)								戸崎圭太		芝2500				2:33.2	0.9		4-4-3-1	29.3-36.3	36.9	512(+2)				230.0															晴		11.0	1.0	1.0	5.2	3.0	4	58.0	良	**	**		エンドロール																																											
2019105276	2023-05-06	1京都5		9.0	鴨川特別(2勝クラス)								松山弘平		芝2000				1:59.2	0.4		2-2-2-2	35.8-34.1	34.5	510(-2)				155.0															曇		10.0	3.0	3.0	5.8	3.0	5	58.0	良	**	**		レッドラディエンス																																											
2019105276	2023-07-08	2福島3		10.0	猪苗代特別(2勝クラス)								戸崎圭太		芝2000				2:01.7	0.6		2-2-2-2	36.5-35.9	36.4	510(0)																			曇		13.0	6.0	8.0	4.8	3.0	6	58.0	良	**	**		バレエマスター																																											
2019105276	2023-10-14	4新潟1		1.0	障害3歳以上未勝利								石神深一		障2850				3:07.9	2.6		14-13-12-12	105.0-0.0	13.2	518(+8)																			晴		14.0	7.0	11.0	5.4	3.0	8	60.0	良				メモリーズオブユー																																											
2019105276	2023-11-05	3福島2		4.0	障害3歳以上未勝利								石神深一		障2750				3:03.3	-1.0		3-3-2-1	106.1-0.0	13.3	516(-2)				790.0															曇		11.0	1.0	1.0	2.4	1.0	1	60.0	良				(マイバウム)																																											
2019105276	2024-01-20	1小倉3		5.0	障害4歳以上OP								石神深一		障2860				3:07.8	-0.2		3-3-2-3	104.1-0.0	13.1	522(+6)				1350.0															雨		12.0	1.0	1.0	6.1	4.0	1	60.0	稍				(ヴェイルネビュラ)																																											
2019105276	2024-02-24	2小倉5		8.0	春麗ジャンプS(OP)								石神深一		障3390				3:48.6	-0.3		2-2-2-1	106.0-0.0	13.5	518(-4)				1671.7															晴		10.0	1.0	1.0	4.3	2.0	1	60.0	稍				(ジューンベロシティ)																																											
2019105276	2024-06-22	3東京7		8.0	東京ジャンプS(JGIII)								石神深一		障3110				3:28.2	1.7		3-1-2-2	105.0-0.0	13.4	520(+2)				440.0															晴		14.0	6.0	10.0	4.6	3.0	4	60.0	稍				ジューンベロシティ																																											
2019105276	2024-10-13	4東京3		9.0	東京ハイジャンプ(JGII)								石神深一		障3110				3:26.5	1.7		7-7-8-8	103.1-0.0	13.3	512(-8)																			晴		9.0	8.0	8.0	8.2	5.0	6	60.0	良				ジューンベロシティ																																											
2019105276	2025-02-15	1小倉7		8.0	小倉ジャンプS(JGIII)								石神深一		障3390				3:47.0	2.3		5-6-7-6	106.0-0.0	13.4	518(+6)																			曇		14.0	2.0	2.0	6.3	3.0	7	60.0	良				スマイルスルー																																											
2019105276	2025-03-22	2中山7		8.0	ペガサスジャンプS(OP)								五十嵐雄		障3350				3:47.5	2.5		3-3-7-7	106.0-0.0	13.6	512(-6)																			晴		14.0	4.0	5.0	13.7	5.0	9	60.0	良				インプレス																																											
2019105276	2025-07-12	2福島5		9.0	信夫山特別(2勝クラス)								杉原誠人		芝2600				2:47.0	3.8		2-2-2-2	38.4-36.4	40.0	526(+14)																			曇		12.0	5.0	6.0	19.2	7.0	11	58.0	良	**	**		ロードオールライト																																											
2019105276	2026-01-18	1中山7		7.0	4歳以上2勝クラス								斎藤新		芝2200				2:16.7	2.2		13-13-9-6	37.7-34.0	35.7	530(+4)																																																													晴		16.0	7.0	13.0	369.3	14.0	16	58.0	良	**	**		フィーリウス	202606010707
2019105277	2021-10-24	4阪神6	晴	5.0	2歳新馬		10.0	7.0	7.0	1.7	1.0	1	福永祐一	55.0	芝1800		良	**	1:47.3	-0.5	**	4-3	36.7-34.4	33.5	462(0)			(トルナヴァ)	700.0																																																																							
2019105277	2022-01-22	1中京7	晴	10.0	若駒S(L)		7.0	1.0	1.0	1.6	1.0	2	武豊	56.0	芝2000		良	**	2:02.4	0.2	**	1-2-3-2	38.3-35.0	35.0	472(+10)			リューベック	804.6																																																																							
2019105277	2022-03-26	2阪神1	小雨	11.0	毎日杯(GIII)		10.0	6.0	6.0	5.6	2.0	5	福永祐一	56.0	芝1800		稍	**	1:48.0	0.5	**	5-2	35.9-35.6	35.9	470(-2)			ピースオブエイト	400.0																																																																							
2019105277	2022-05-07	3中京1	晴	11.0	京都新聞杯(GII)		12.0	6.0	7.0	6.1	3.0	7	川田将雅	56.0	芝2200		良	**	2:10.6	1.1	**	4-5-6-6	34.0-35.6	36.3	462(-8)			アスクワイルドモア																																																																								
2019105277	2022-08-13	3新潟1	曇	9.0	湯沢特別(1勝クラス)		13.0	6.0	8.0	1.7	1.0	2	福永祐一	54.0	芝2000		良	**	1:59.1	0.4	**	8-8	36.7-34.1	33.7	468(+6)			スパイダーゴールド	438.2																																																																							
2019105277	2022-09-19	5中京5	曇	9.0	金山特別(1勝クラス)		8.0	8.0	8.0	3.2	2.0	2	藤岡康太	54.0	芝2200		稍	**	2:14.6	0.3	**	2-2-2-2	35.6-34.5	34.7	464(-4)			レッドバリエンテ	436.0																																																																							
2019105277	2022-10-16	4阪神5	晴	7.0	3歳以上1勝クラス		10.0	8.0	9.0	1.9	1.0	4	藤岡康太	54.0	芝2400		良	**	2:25.8	0.5	**	3-3-3-3	36.2-34.7	34.9	472(+8)			サンセットクラウド	120.0																																																																							
2019105277	2022-12-24	6阪神7	晴	12.0	3歳以上1勝クラス		8.0	4.0	4.0	1.5	1.0	1	イーガン	55.0	芝2400		良	**	2:27.1	-0.2	**	3-3-3-3	35.1-36.3	36.1	476(+4)			(ケンハービンジャー)	770.0																																																																							
2019105277	2023-01-07	1中京2	晴	9.0	長良川特別(2勝クラス)		14.0	6.0	9.0	7.1	3.0	4	イーガン	57.0	芝2200		良	**	2:13.2	0.3	**	2-2-2-2	35.0-34.8	35.0	482(+6)			チャックネイト	230.0																																																																							
2019105277	2023-03-18	1阪神11	曇	9.0	淡路特別(2勝クラス)		12.0	6.0	8.0	5.1	2.0	4	藤岡康太	55.0	芝2600		稍	**	2:40.0	0.9	**	3-3-4-4	36.5-35.8	36.0	486(+4)			エンドウノハナ	230.0																																																																							
2019105277	2023-04-23	1京都2	晴	9.0	比良山特別(2勝クラス)		10.0	6.0	6.0	1.9	1.0	5	川田将雅	58.0	芝2200		良	**	2:14.0	0.2	**	3-3-4-5	37.5-34.4	34.2	480(-6)			サジェス	155.0																																																																							
2019105277	2023-05-14	1京都8	曇	9.0	白川特別(2勝クラス)		8.0	6.0	6.0	4.8	3.0	2	藤岡康太	58.0	芝2400		稍	**	2:27.3	0.1	**	2-2-1-1	35.5-35.7	35.8	482(+2)			サンセットクラウド	625.4																																																																							
2019105277	2023-08-20	3新潟4	晴	10.0	阿賀野川特別(2勝クラス)		18.0	2.0	4.0	7.2	3.0	7	石川裕紀	58.0	芝2200		良	**	2:12.4	1.1	**	6-5-5-6	34.0-35.6	36.3	476(-6)			リビアングラス																																																																								
2019105277	2024-01-14	1小倉2	晴	9.0	玄海特別(2勝クラス)		13.0	6.0	8.0	19.1	5.0	11	モリス	58.0	芝2000		良	**	2:00.8	1.1	**	2-2-2-4	36.5-34.6	35.5	478(+2)			ウインシュクラン																																																																								
2019105277	2024-02-17	2小倉3	晴	10.0	皿倉山特別(2勝クラス)		16.0	6.0	11.0	16.3	6.0	9	藤岡康太	58.0	芝2600		良	**	2:40.2	0.7	**	2-2-3-4	36.3-35.6	35.9	482(+4)			サトノクローク																																																																								
2019105277	2024-03-09	1中京1	曇	10.0	恋路ケ浜特別(2勝クラス)		10.0	1.0	1.0	16.9	6.0	7	藤岡康太	58.0	芝2000		良	**	2:00.6	0.6	**	1-2-2-2	36.2-35.2	35.7	484(+2)			エイカイマッケンロ																																																																								
2019105277	2024-08-24	3新潟5	晴	10.0	五頭連峰特別(2勝クラス)		16.0	7.0	14.0	53.4	11.0	7	津村明秀	58.0	芝1600		良	**	1:34.5	0.5	**	11-11	36.1-34.3	33.5	484(0)			ワンダイレクト																																																																								
2019105277	2024-09-28	3中京8	曇	8.0	3歳以上2勝クラス		13.0	8.0	12.0	29.8	9.0	8	坂井瑠星	58.0	芝1600		良	**	1:34.9	0.9	**	7-10-10	35.8-34.7	34.6	476(-8)			スズカダブル																																																																								
2019105277	2024-11-02	3福島1	雨	10.0	三陸特別(2勝クラス)		16.0	6.0	12.0	27.4	11.0	15	松岡正海	55.0	芝2600		重	**	2:50.4	4.4	**	3-4-8-13	39.2-37.9	41.7	472(-4)			ヴェルミセル																																																																								
2019105277	2025-04-06	2阪神4	晴	7.0	4歳以上2勝クラス		10.0	8.0	10.0	14.0	6.0	4	幸英明	58.0	ダ1800		良	**	1:54.2	0.7	**	4-4-4-3	37.4-38.7	39.1	488(+16)			ペンナヴェローチェ	170.0																																																																							
2019105277	2025-04-27	2京都2	晴	12.0	4歳以上2勝クラス		12.0	8.0	11.0	18.4	8.0	4	幸英明	58.0	ダ1800		良	**	1:52.6	0.6	**	9-9-2-3	37.0-37.2	37.7	482(-6)			スマートリアファル	170.0																																																																							
2019105277	2025-06-15	1函館2	曇	10.0	津軽海峡特別(2勝クラス)		14.0	7.0	11.0	6.1	3.0	5	岩田康誠	56.0	ダ1700		良	**	1:45.9	0.5	**	7-6-4-6	30.2-37.7	37.5	492(+10)			タマモプルメリア	155.0																																																																							
2019105277	2025-07-05	1函館7	晴	10.0	竜飛崎特別(2勝クラス)		14.0	5.0	7.0	27.2	7.0	12	武豊	58.0	ダ1700		重	**	1:44.9	2.1	**	9-11-10-10	29.3-37.3	38.2	488(-4)			ドバイブルース																																																																								
2019105277	2025-10-25	3京都8	曇	9.0	北國新聞杯(2勝クラス)		16.0	3.0	6.0	39.6	8.0	7	岩田康誠	58.0	ダ1900		良	**	1:59.3	1.3	**	4-4-3-3	29.9-38.0	38.9	480(-8)			タガノマカシヤ																																																																								
2019105283	2021-09-05	4小倉8		5.0	2歳新馬								武豊		芝1800				1:50.2	-0.1		6-4-3-2	38.7-34.3	34.1	494(0)				700.0	曇		13.0	8.0	13.0	1.7	1.0	1	54.0	良	**	**		(ガイアフォース)																																																									
2019105283	2021-10-23	4東京5		9.0	アイビーS(L)								武豊		芝1800				1:49.3	0.0		2-4-3	35.9-34.5	34.0	506(+12)				1716.8	晴		8.0	4.0	4.0	3.8	2.0	1	55.0	良	**	**		(グランシエロ)																																																									
2019105283	2021-12-19	6阪神6		11.0	朝日フューチュリティ(GI)								武豊		芝1600				1:33.5	-0.1		8-7	34.3-35.2	34.5	496(-10)				7110.6	晴		15.0	5.0	9.0	7.8	3.0	1	55.0	良	**	**		(セリフォス)																																																									
2019105283	2022-03-06	2中山4		11.0	報知弥生ディープ記念(GII)								武豊		芝2000				2:00.5	0.0		5-4-4-5	36.2-35.2	35.0	504(+8)				2222.4	曇		11.0	6.0	7.0	2.2	1.0	2	56.0	良	**	**		アスクビクターモア																																																									
2019105283	2022-04-17	3中山8		11.0	皐月賞(GI)								武豊		芝2000				2:00.0	0.3		15-15-16-14	35.2-34.9	33.8	496(-8)				4147.5	曇		18.0	6.0	12.0	3.9	1.0	3	57.0	良	**	**		ジオグリフ																																																									
2019105283	2022-05-29	2東京12		11.0	東京優駿(GI)								武豊		芝2400				2:21.9	0.0		13-14-14-14	35.1-35.2	33.7	490(-6)				22697.8	晴		18.0	7.0	13.0	4.2	3.0	1	57.0	良	**	**		(イクイノックス)																																																									
2019105283	2022-09-11	パリロンシャン			ニエル賞(GII)								武豊		芝2400										計不							7.0		5.0		2.0	4	58.0	重																																																													
2019105283	2022-10-02	パリロンシャン			凱旋門賞(GI)								武豊		芝2400										計不							20.0		19.0	7.5	3.0	19	56.5	重																																																													
2019105283	2023-02-12	1阪神2		11.0	京都記念(GII)								武豊		芝2200				2:10.9	-0.6		11-11-8-6	34.6-34.5	34.0	508(0)				6291.0	晴		13.0	8.0	12.0	2.5	1.0	1	58.0	良	**	**		(マテンロウレオ)																																																									
2019105283	2023-03-25	メイダン			ドバイターフ(GI)								武豊		芝1800										計不					晴		14.0		3.0			取	57.0	良																																																													
2019105283	2023-10-29	4東京9		11.0	天皇賞(秋)(GI)								戸崎圭太		芝2000				1:56.6	1.4		4-4-4	34.9-34.7	35.3	512(+4)					晴		11.0	3.0	3.0	4.3	2.0	7	58.0	良	**	**		イクイノックス																																																									
2019105283	2023-11-26	5東京8		12.0	ジャパンC(GI)								戸崎圭太		芝2400				2:22.7	0.9		6-6-6-6	35.5-36.5	33.7	504(-8)				7500.0	曇		18.0	3.0	5.0	13.2	3.0	4	58.0	良	**	**		イクイノックス																																																									
2019105283	2023-12-24	5中山8		11.0	有馬記念(GI)								武豊		芝2500				2:30.9	-0.1		13-13-8-3	30.2-35.9	34.3	506(+2)				50340.2	晴		16.0	3.0	5.0	5.2	2.0	1	58.0	良	**	**		(スターズオンアース)																																																									
2019105283	2024-03-30	メイダン			ドバイターフ(GI)								武豊		芝1800										計不							16.0		5.0	2.1	1.0	5	57.0	良																																																													
2019105283	2024-06-23	4京都8		11.0	宝塚記念(GI)								武豊		芝2200				2:12.9	0.9		11-11-13-11	35.6-34.5	34.6	508(0)					曇		13.0	4.0	4.0	2.3	1.0	6	58.0	重	**	**		ブローザホーン																																																									
2019105283	2024-10-27	4東京8		11.0	天皇賞(秋)(GI)								武豊		芝2000				1:57.3	-0.2		14-14-13	35.9-33.7	32.5	504(-4)				22323.4	曇		15.0	4.0	7.0	3.8	2.0	1	58.0	良	**	**		(タスティエーラ)																																																									
2019105283	2024-11-24	5東京8		12.0	ジャパンC(GI)								武豊		芝2400				2:25.5	0.0		13-12-12-7	37.1-33.4	32.7	510(+6)				50298.2	晴		14.0	3.0	3.0	2.3	1.0	1	58.0	良	**	**		(シンエンペラー)																																																									
2019105283	2024-12-22	5中山8		11.0	有馬記念(GI)								武豊		芝2500								31.4-35.2		計不					晴		15.0	1.0	2.0			取	58.0	良	**	**		レガレイラ																																																									
2019105297	2021-12-26	6阪神8		6.0	2歳新馬								浜中俊		芝1400				1:23.3	0.2		4-3	35.2-35.9	35.9	450(0)				280.0	晴		18.0	1.0	1.0	15.5	6.0	2	54.0	良	**	**		シーズザデイ																																																									
2019105297	2022-01-15	1小倉1		2.0	3歳未勝利								浜中俊		芝1200				1:08.9	0.7		8-9	33.3-34.9	35.2	448(-2)				52.0	晴		18.0	4.0	8.0	8.3	4.0	5	54.0	良	**	**		グラスミヤラビ																																																									
2019105297	2022-02-05	1小倉7		2.0	3歳未勝利								浜中俊		芝1200				1:09.1	0.2		5-3	34.0-34.9	34.8	444(-4)				78.0	晴		18.0	1.0	2.0	9.5	4.0	4	54.0	良	**	**		メモリーレゾン																																																									
2019105297	2022-04-24	1福島4		5.0	3歳未勝利								菱田裕二		芝1200				1:10.4	-0.5		3-2	34.7-35.7	35.3	452(+8)				520.0	晴		16.0	4.0	8.0	1.8	1.0	1	54.0	良	**	**		(セキテイホノオー)																																																									
2019105297	2022-07-03	3小倉2		8.0	3歳以上1勝クラス								角田大河		芝1200				1:07.4	0.6		7-7	32.4-34.4	34.5	460(+8)					曇		12.0	7.0	9.0	7.1	4.0	7	49.0	良	**	**		カフジテトラゴン																																																									
2019105297	2022-09-03	4小倉7		8.0	3歳以上1勝クラス								松山弘平		芝1200				1:09.7	0.9		11-8	34.0-34.8	34.7	462(+2)					曇		15.0	1.0	1.0	16.5	8.0	11	53.0	重	**	**		クァンタムレルム																																																									
2019105297	2022-09-17	5中京3		7.0	3歳以上1勝クラス								浜中俊		ダ1200				1:13.0	1.4		12-12	35.1-36.5	36.0	458(-4)					曇		14.0	5.0	7.0	19.5	6.0	10	53.0	良	**	**		メイショウヒヅクリ																																																									
2019105297	2022-12-10	6中京3		2.0	3歳以上1勝クラス								浜中俊		ダ1800				1:55.2	2.2		7-7-8-8	36.7-38.2	39.1	462(+4)				77.0	晴		12.0	7.0	10.0	15.7	7.0	5	54.0	良	**	**		フレンチギフト																																																									
2019105297	2022-12-25	6阪神8		7.0	3歳以上1勝クラス								イーガン		ダ1800				1:57.3	2.6		3-3-3-3	37.7-38.8	41.1	458(-4)					晴		12.0	3.0	3.0	27.2	7.0	8	54.0	良	**	**		メタルゴッド																																																									
2019105297	2023-02-05	1小倉8		9.0	合馬特別(1勝クラス)								浜中俊		芝1200				1:08.7	0.6		5-4	33.5-34.6	34.8	454(-4)					晴		18.0	4.0	8.0	47.3	11.0	7	56.0	良	**	**		タイセイブリリオ																																																									
2019105297	2023-03-19	2中京4		6.0	4歳以上1勝クラス								菱田裕二		芝1600				1:35.9	0.1		2-3-2	36.1-35.1	34.9	452(-2)				200.0	晴		16.0	3.0	5.0	15.0	8.0	3	56.0	稍	**	**		ダノンソフィア																																																									
2019105297	2023-04-02	3中山4		7.0	4歳以上1勝クラス								Ｍ．デム		芝1600				1:34.0	0.1		3-6-6	34.9-35.3	34.7	452(0)				200.0	曇		16.0	8.0	15.0	11.0	5.0	3	56.0	良	**	**		モンタナアゲート																																																									
2019105297	2023-04-23	1福島6		10.0	飯盛山特別(1勝クラス)								角田大和		芝2000				2:01.4	0.1		1-1-1-1	36.6-35.0	35.1	444(-8)				285.5	晴		14.0	3.0	3.0	7.0	3.0	3	56.0	良	**	**		ウェイオブライト																																																									
2019105297	2023-07-09	2福島4		9.0	織姫賞(1勝クラス)								戸崎圭太		芝1800				1:48.6	0.2		8-7-5-3	36.0-36.0	35.8	448(+4)				450.8	曇		16.0	5.0	9.0	4.2	2.0	2	56.0	良	**	**		ラファドゥラ																																																									
2019105297	2023-07-22	2福島7		9.0	伊達特別(1勝クラス)								戸崎圭太		芝1800				1:49.5	0.0		1-1-1-1	37.1-36.0	36.0	446(-2)				449.4	晴		14.0	4.0	5.0	2.8	1.0	2	56.0	良	**	**		フルール																																																									
2019105297	2023-09-17	4中山4		8.0	3歳以上1勝クラス								菅原明良		芝1800				1:46.4	0.1		2-4-3-3	34.9-35.5	35.3	460(+14)				320.0	晴		15.0	1.0	1.0	5.4	2.0	2	56.0	良	**	**		アスコルティアーモ																																																									
2019105297	2023-10-15	4新潟2		9.0	粟島特別(1勝クラス)								富田暁		芝1800				1:47.6	1.0		4-4	34.1-35.8	36.1	466(+6)					曇		17.0	6.0	11.0	3.3	1.0	6	56.0	稍	**	**		フェミナフォルテ																																																									
2019105297	2023-11-04	3福島1		6.0	3歳以上1勝クラス								佐々木大		芝1800				1:47.6	-0.5		6-6-6-5	34.7-36.3	35.7	462(-4)				800.0	曇		14.0	4.0	6.0	2.8	2.0	1	55.0	良	**	**		(ヴェルテンベルク)																																																									
2019105297	2023-11-19	3福島6		10.0	五色沼特別(2勝クラス)								佐々木大		芝1800				1:49.8	-0.1		6-6-4-3	36.9-35.9	35.5	462(0)				1585.0	晴		16.0	3.0	5.0	4.4	3.0	1	56.0	良	**	**		(アマイ)																																																									
2019105297	2024-01-14	1小倉2		10.0	壇之浦S(3勝クラス)								佐々木大		芝1800				1:46.7	0.2		7-6-6-4	36.1-35.8	35.5	458(-4)					晴		14.0	4.0	5.0	5.5	2.0	6	56.0	良	**	**		ハーランズハーツ																																																									
2019105297	2024-02-04	1小倉8		11.0	小倉日経OP(OP)								佐々木大		芝2000				2:04.9	0.8		5-6-4-5	37.3-37.8	38.1	460(+2)					晴		9.0	7.0	7.0	8.4	5.0	8	55.0	重	**	**		ダンディズム																																																									
2019105297	2024-02-24	2中山1		11.0	幕張S(3勝クラス)								菅原明良		芝1600				1:34.9	1.2		8-8-8	34.7-35.5	34.5	460(0)					晴		11.0	7.0	8.0	36.1	9.0	7	56.0	稍	**	**		ニシノスーベニア																																																									
2019105297	2024-03-24	3中山2		10.0	春興S(3勝クラス)								津村明秀		芝1600				1:33.5	0.6		6-5-5	35.0-34.6	34.5	464(+4)					曇		13.0	4.0	4.0	29.1	9.0	6	53.0	良	**	**		サイルーン																																																									
2019105297	2024-07-07	1函館10		11.0	五稜郭S(3勝クラス)								浜中俊		芝1800				1:49.9	0.5		8-7-6-7	36.2-36.6	36.5	466(+2)				464.3	曇		14.0	2.0	2.0	28.6	10.0	3	56.0	稍	**	**		キミノナハマリア																																																									
2019105297	2024-07-27	1札幌3		11.0	STV賞(3勝クラス)								浜中俊		芝2000				2:01.0	0.4		4-4-6-6	36.1-34.5	34.6	468(+2)				280.0	曇		14.0	7.0	12.0	27.5	10.0	4	54.0	良	**	**		フェアエールング																																																									
2019105297	2024-08-24	2札幌5		11.0	オールスターJ第2戦(3勝クラス)								ホー		芝2000				2:02.1	2.0		5-6-6-12	35.4-37.5	38.7	470(+2)					晴		14.0	3.0	4.0	10.2	4.0	14	56.0	良	**	**		シュバルツクーゲル																																																									
2019105297	2024-08-31	2札幌7		10.0	アジア競馬連盟T(3勝クラス)								浜中俊		芝1500				1:30.6	0.6		11-11-13	29.9-36.2	35.7	468(-2)					曇		14.0	8.0	13.0	56.0	13.0	8	56.0	重	**	**		ドナベティ																																																									
2019105297	2024-11-09	6京都3		9.0	修学院S(3勝クラス)								浜中俊		芝2000				1:58.3	0.5		10-10-10-10	35.6-35.8	35.1	458(-10)					晴		14.0	1.0	1.0	98.4	12.0	9	53.0	良	**	**		ショウナンアデイブ																																																									
2019105297	2024-12-22	7京都8		10.0	サンタクロースS(3勝クラス)								浜中俊		芝2000				2:01.5	0.6		9-11-11-12	37.8-34.1	34.0	460(+2)					晴		14.0	2.0	2.0	92.7	11.0	8	56.0	良	**	**		ホウオウプロサンゲ																																																									
2019105297	2025-01-25	1中山8		11.0	初富士S(3勝クラス)								木幡巧也		芝2000				2:01.3	0.6		5-5-5-5	36.8-35.6	35.5	470(+10)					晴		17.0	4.0	7.0	67.9	13.0	9	53.0	良	**	**		コスモブッドレア																																																									
2019105346	2021-09-12	5中京2	曇	5.0	2歳新馬		5.0	4.0	4.0	1.5	1.0	1	ルメール	54.0	芝2000		良	**	2:02.3	-0.3	**	2-2-2-2	38.2-34.4	34.3	444(0)			(アカデミー)	700.0																																																																							
2019105346	2021-11-14	5阪神4	晴	9.0	黄菊賞(1勝クラス)		6.0	1.0	1.0	1.9	1.0	1	ルメール	55.0	芝2000		良	**	2:03.3	-0.1	**	2-2-2-2	38.5-34.7	34.6	450(+6)			(メイショウゲキリン)	1023.3																																																																							
2019105346	2021-12-28	5中山9	晴	11.0	ホープフルS(GI)		15.0	5.0	8.0	8.8	4.0	2	Ｃ．デム	55.0	芝2000		良	**	2:00.8	0.2	**	5-5-5-5	35.9-36.3	35.7	450(0)			キラーアビリティ	2830.0																																																																							
2019105346	2022-04-17	3中山8	曇	11.0	皐月賞(GI)		18.0	5.0	10.0	20.9	9.0	9	Ｍ．デム	57.0	芝2000		良	**	2:00.5	0.8	**	17-17-14-12	35.2-34.9	34.5	458(+8)			ジオグリフ																																																																								
2019105346	2022-05-29	2東京12	晴	11.0	東京優駿(GI)		18.0	5.0	9.0	43.1	10.0	9	Ｍ．デム	57.0	芝2400		良	**	2:23.2	1.3	**	6-8-8-8	35.1-35.2	35.4	448(-10)			ドウデュース																																																																								
2019105346	2022-09-25	5中京7	晴	11.0	神戸新聞杯(GII)		17.0	4.0	7.0	11.0	5.0	1	鮫島克駿	56.0	芝2200		良	**	2:11.1	-0.6	**	4-5-4-3	34.7-34.7	34.4	452(+4)			(ヤマニンゼスト)	5519.0																																																																							
2019105346	2022-10-23	4阪神7	晴	11.0	菊花賞(GI)		18.0	8.0	17.0	9.7	4.0	3	鮫島克駿	57.0	芝3000		良	**	3:02.5	0.1	**	8-6-6-4	34.9-37.0	36.5	452(0)			アスクビクターモア	4237.9																																																																							
2019105346	2022-12-25	5中山8	晴	11.0	有馬記念(GI)		16.0	5.0	10.0	18.9	7.0	7	マーカン	55.0	芝2500		良	**	2:33.5	1.1	**	3-3-4-5	30.0-35.9	36.6	456(+4)			イクイノックス																																																																								
2019105346	2023-03-19	1阪神12	晴	11.0	阪神大賞典(GII)		14.0	3.0	3.0	3.1	2.0	1	ルメール	57.0	芝3000		良	**	3:06.1	-0.3	**	3-3-2-2	38.6-34.4	34.2	472(+16)			(ボルドグフーシュ)	6799.4																																																																							
2019105346	2023-04-30	1京都4	曇	11.0	天皇賞(春)(GI)		17.0	1.0	1.0	4.3	2.0	1	ルメール	58.0	芝3200		稍	**	3:16.1	-0.4	**	8-7-7-4	35.0-35.3	34.9	472(0)			(ディープボンド)	22357.0																																																																							
2019105346	2023-06-25	3阪神8	曇	11.0	宝塚記念(GI)		17.0	5.0	9.0	8.5	2.0	3	鮫島克駿	58.0	芝2200		良	**	2:11.4	0.2	**	12-13-11-9	34.0-35.5	35.1	470(-2)			イクイノックス	5552.8																																																																							
2019105346	2023-10-29	4東京9	晴	11.0	天皇賞(秋)(GI)		11.0	6.0	6.0	35.1	6.0	2	横山武史	58.0	芝2000		良	**	1:55.6	0.4	**	10-10-10	34.9-34.7	33.7	468(-2)			イクイノックス	8868.4																																																																							
2019105346	2023-12-24	5中山8	晴	11.0	有馬記念(GI)		16.0	5.0	10.0	3.6	1.0	4	横山武史	58.0	芝2500		良	**	2:31.2	0.3	**	16-16-12-9	30.2-35.9	34.4	474(+6)			ドウデュース	7500.0																																																																							
2019105346	2024-03-30	メイダン			ドバイシーマC(GI)		12.0		2.0	7.6	4.0	4	モレイラ	57.0	芝2410		良								計不																																																																											
2019105346	2024-06-23	4京都8	曇	11.0	宝塚記念(GI)		13.0	2.0	2.0	3.7	2.0	10	ルメール	58.0	芝2200		重	**	2:13.6	1.6	**	7-7-5-5	35.6-34.5	35.9	472(0)			ブローザホーン																																																																								
2019105346	2024-10-27	4東京8	曇	11.0	天皇賞(秋)(GI)		15.0	6.0	11.0	15.0	6.0	4	坂井瑠星	58.0	芝2000		良	**	1:57.6	0.3	**	12-11-11	35.9-33.7	33.0	470(-2)			ドウデュース	3300.0																																																																							
2019105346	2024-11-24	5東京8	晴	12.0	ジャパンC(GI)		14.0	3.0	4.0	6.2	3.0	5	Ｃ．デム	58.0	芝2400		良	**	2:26.0	0.5	**	7-7-7-7	37.1-33.4	33.3	468(-2)			ドウデュース	5000.0																																																																							
2019105346	2024-12-22	5中山8	晴	11.0	有馬記念(GI)		15.0	6.0	11.0	10.9	4.0	5	坂井瑠星	58.0	芝2500		良	**	2:32.3	0.5	**	9-9-11-10	31.4-35.2	35.1	468(0)			レガレイラ	5000.0																																																																							
2019105346	2025-04-06	2阪神4	晴	11.0	大阪杯(GI)		15.0	4.0	6.0	10.4	6.0	6	鮫島克駿	58.0	芝2000		良	**	1:56.6	0.4	**	7-7-7-6	34.9-35.1	34.2	474(+6)			ベラジオオペラ																																																																								
2019105346	2025-05-04	2京都4	晴	11.0	天皇賞(春)(GI)		15.0	7.0	13.0	4.9	3.0	6	鮫島克駿	58.0	芝3200		良	**	3:15.1	1.1	**	12-12-3-3	36.4-35.7	36.6	474(0)			ヘデントール																																																																								
2019105346	2025-06-15	3阪神4	晴	11.0	宝塚記念(GI)		17.0	4.0	7.0	31.5	10.0	3	ディー	58.0	芝2200		稍	**	2:11.6	0.5	**	14-14-15-14	34.8-36.0	35.1	470(-4)			メイショウタバル	7551.6																																																																							
2019105346	2025-11-02	4東京11	曇	11.0	天皇賞(秋)(GI)		14.0	3.0	3.0	20.4	8.0	3	団野大成	58.0	芝2000		良	**	1:58.8	0.2	**	4-6-6	37.1-32.9	32.6	470(0)			マスカレードボール	7542.6																																																																							
2019105346	2025-11-30	5東京8	晴	12.0	ジャパンC(GI)		17.0	1.0	1.0	12.2	5.0	5	Ｃ．デム	58.0	芝2400		良	**	2:20.9	0.6	**	11-12-13-13	34.5-34.6	33.5	470(0)			カランダガン	5000.0																																																																							
2019105346	2025-12-28	5中山8	晴	11.0	有馬記念(GI)		16.0	2.0	3.0	12.7	5.0	7	団野大成	58.0	芝2500		良	**	2:32.1	0.6	**	15-16-11-12	29.7-35.6	35.2	472(+2)			ミュージアムマイル																																																																								
2019105448	2021-10-16	4東京3		3.0	2歳新馬								ルメール		芝1600				1:36.4	-0.2		8-8	36.4-34.5	34.0	444(0)				700.0																																											曇		18.0	6.0	12.0	2.1	1.0	1	54.0	良	**	**		(ケデシュ)															
2019105448	2022-01-10	1中山4		11.0	フェアリーS(GIII)								ルメール		芝1600				1:36.0	0.8		14-13-13	35.5-35.3	35.3	438(-6)																																															曇		16.0	5.0	9.0	5.3	2.0	10	54.0	良	**	**		ライラック															
2019105448	2022-04-24	2東京2		11.0	サンスポ賞フローラS(GII)								田辺裕信		芝2000				2:00.4	-0.1		4-4-4	35.9-34.8	34.0	442(+4)				5305.0																																											雨		15.0	2.0	2.0	13.6	5.0	1	54.0	良	**	**		(パーソナルハイ)															
2019105448	2022-05-22	2東京10		11.0	優駿牝馬(GI)								福永祐一		芝2400				2:25.0	1.1		7-7-6-6	35.3-34.8	35.0	440(-2)																																															晴		17.0	5.0	9.0	11.5	6.0	9	55.0	良	**	**		スターズオンアース															
2019105448	2022-10-16	4阪神5		11.0	秋華賞(GI)								福永祐一		芝2000				1:59.5	0.9		12-12-13-11	35.7-34.8	34.6	458(+18)																																															晴		16.0	7.0	13.0	36.2	8.0	13	55.0	良	**	**		スタニングローズ															
2019105448	2022-12-17	5中山5		11.0	ターコイズS(GIII)								福永祐一		芝1600				1:33.8	0.3		13-11-11	35.2-34.9	34.2	462(+4)																																															曇		16.0	7.0	14.0	23.0	10.0	9	54.0	良	**	**		ミスニューヨーク															
2019105448	2023-01-14	1中京5		11.0	愛知杯(GIII)								岩田望来		芝2000				2:05.3	2.2		8-8-9-10	37.9-34.3	35.6	458(-4)																																															曇		15.0	3.0	5.0	24.0	10.0	14	54.0	重	**	**		アートハウス															
2019105448	2023-04-22	1福島5		11.0	福島牝馬S(GIII)								富田暁		芝1800				1:48.5	0.6		12-13-13-12	36.5-35.0	34.7	456(-2)																																															晴		15.0	3.0	4.0	38.7	11.0	10	57.0	良	**	**		ステラリア															
2019105448	2023-05-20	2東京9		11.0	メイS(OP)								北村宏司		芝1800				1:45.4	0.7		11-9-12	35.2-34.4	34.1	456(0)				240.0																																											曇		18.0	1.0	1.0	49.6	12.0	5	54.0	良	**	**		サクラトゥジュール															
2019105448	2023-10-14	4東京4		11.0	アイルランド府中牝馬(GII)								三浦皇成		芝1800				1:47.0	0.9		4-4-5	35.9-33.9	33.8	464(+8)																																															晴		13.0	2.0	2.0	94.2	12.0	11	55.0	良	**	**		ディヴィーナ															
2019105448	2023-12-17	5中山6		11.0	ディセンバーS(L)								北村宏司		芝1800				1:48.1	0.3		6-6-4-6	37.1-35.8	35.6	462(-2)				420.0																																											晴		13.0	3.0	3.0	19.8	9.0	4	56.0	良	**	**		ロングラン															
2019105448	2024-01-13	1小倉1		11.0	愛知杯(GIII)								佐々木大		芝2000				1:58.8	0.9		7-6-11-12	33.5-35.8	36.1	460(-2)																																															晴		14.0	6.0	10.0	40.2	10.0	10	55.0	良	**	**		ミッキーゴージャス															
2019105448	2024-04-20	1福島5		11.0	福島牝馬S(GIII)								富田暁		芝1800				1:47.3	0.4		7-7-6-6	35.3-35.0	34.7	464(+4)				400.0																																											晴		16.0	1.0	2.0	41.3	11.0	5	56.0	良	**	**		コスタボニータ															
2019105448	2024-06-16	4京都6		11.0	マーメイドS(GIII)								小沢大仁		芝2000				1:57.9	0.7		6-6-7-7	34.8-36.1	34.8	464(0)																																															晴		16.0	7.0	14.0	74.2	16.0	7	54.0	良	**	**		アリスヴェリテ															
2019105448	2024-07-28	1札幌4		11.0	クイーンS(GIII)								池添謙一		芝1800				1:48.1	0.7		14-14-14-14	35.7-35.3	34.8	454(-10)																																															晴		14.0	7.0	11.0	106.6	13.0	11	56.0	稍	**	**		コガネノソラ															
2019105448	2024-10-20	4新潟6		11.0	新潟牝馬S(L)								丸山元気		芝2200				2:13.9	0.7		3-3-3-3	34.8-37.4	37.6	472(+18)																																															晴		13.0	1.0	1.0	12.1	6.0	6	56.0	良	**	**		ホールネス															
2019105448	2024-11-10	6京都4		11.0	エリザベス女王杯(GI)								藤岡佑介		芝2200				2:12.1	1.0		12-12-11-13	35.2-34.4	34.3	464(-8)																																															曇		17.0	5.0	10.0	207.5	17.0	12	56.0	良	**	**		スタニングローズ															
2019105448	2025-01-25	1小倉1		11.0	小倉牝馬S(GIII)								池添謙一		芝2000				1:59.2	0.8		10-10-9-11	33.9-36.3	36.3	466(+2)																																															晴		18.0	6.0	11.0	85.9	15.0	12	53.0	良	**	**		フェアエールング															
2019105448	2025-04-13	1福島2		11.0	福島民報杯(L)								小沢大仁		芝2000				2:00.5	0.7		6-6-6-6	34.8-36.4	36.1	474(+8)																																															雨		15.0	6.0	10.0	48.8	13.0	9	56.0	良	**	**		シリウスコルト															
2019105448	2025-05-25	2京都10		11.0	都大路S(L)								和田竜二		芝1800				1:47.0	1.8		10-10	33.9-35.7	36.7	458(-16)																																															曇		17.0	7.0	14.0	161.1	16.0	11	53.0	稍	**	**		セキトバイースト															
2019105448	2025-06-22	3東京6		11.0	府中牝馬S(GIII)								丸山元気		芝1800				1:46.4	0.4		1-1-1	35.5-35.4	35.8	466(+8)																																															晴		14.0	4.0	6.0	190.8	14.0	6	52.0	良	**	**		セキトバイースト															
2019105448	2025-10-19	4新潟2		11.0	新潟牝馬S(L)								菊沢一樹		芝2200				2:13.2	0.5		3-3-2-2	35.8-35.0	35.2	468(+2)																																															曇		14.0	1.0	1.0	20.8	8.0	7	56.0	良	**	**		カネラフィーナ															
2019105462	2021-09-19	5中京4		5.0	2歳新馬								川田将雅		芝2000				2:05.5	0.7		4-4-3-3	39.7-34.0	34.4	504(0)				180.0																																											曇		7.0	2.0	2.0	4.4	2.0	3	54.0	良	**	**		トゥデイイズザデイ															
2019105462	2021-11-20	5東京5		2.0	2歳未勝利								川田将雅		芝2000				2:00.7	1.5		13-13-13	36.6-36.0	34.6	510(+6)																																															晴		14.0	6.0	10.0	6.1	3.0	9	55.0	良	**	**		ジュンブロッサム															
2019105462	2022-03-06	1阪神8		2.0	3歳未勝利								藤岡佑介		ダ2000				2:10.3	0.8		8-9-7-6	35.6-40.0	40.1	514(+4)																																															晴		14.0	4.0	5.0	4.7	2.0	7	56.0	良	**	**		アスクヴィヴァユー															
2019105462	2022-06-11	4中京3		3.0	3歳未勝利								川田将雅		ダ1900				2:01.5	0.1		2-2-2-2	30.0-38.5	38.6	502(-12)				210.0																																											曇		12.0	5.0	5.0	3.0	1.0	2	56.0	良	**	**		ショウサンキズナ															
2019105462	2022-07-31	2新潟2		3.0	3歳未勝利								川田将雅		ダ1800				1:53.7	-0.5		4-4-3-3	36.6-37.3	37.0	502(0)				520.0																																											晴		15.0	6.0	10.0	2.6	1.0	1	56.0	良	**	**		(アダマスミノル)															
2019105462	2022-11-26	5阪神7		6.0	3歳以上1勝クラス								川田将雅		ダ2000				2:06.6	0.6		4-4-4-2	36.4-37.3	37.5	508(+6)				190.0																																											曇		9.0	7.0	7.0	3.7	2.0	3	55.0	稍	**	**		オブジェダート															
2019105462	2022-12-17	6中京5		3.0	3歳以上1勝クラス								藤岡佑介		ダ1800				1:55.5	0.4		2-2-2-2	38.2-37.8	38.1	506(-2)				190.0																																											曇		11.0	8.0	11.0	2.3	1.0	3	56.0	良	**	**		ハイラブハンター															
2019105462	2023-03-18	1阪神11		7.0	4歳以上1勝クラス								川田将雅		ダ2000				2:05.6	0.0		3-3-3-2	36.3-37.3	36.9	508(+2)				800.0																																											曇		9.0	1.0	1.0	1.5	1.0	1	58.0	不	**	**		(グローツラング)															
2019105462	2023-04-15	2阪神7		8.0	4歳以上2勝クラス								川田将雅		ダ2000				2:05.0	0.4		3-3-3-3	35.9-36.4	36.2	504(-4)				170.0																																											雨		7.0	3.0	3.0	1.6	1.0	4	58.0	不	**	**		リチュアル															
2019105462	2023-12-24	5阪神8		9.0	クリスマスエルフ賞(2勝クラス)								西村淳也		ダ1800				1:55.5	2.0		2-2-2-2	37.0-38.6	40.3	504(0)																																															晴		15.0	1.0	1.0	11.4	6.0	13	58.0	良	**	**		ダイシンピスケス															
2019105462	2024-01-13	1京都4		9.0	五条坂特別(2勝クラス)								ルメート		ダ1900				2:01.6	0.2		4-4-3-2	29.8-37.4	37.3	510(+6)				393.7																																											曇		10.0	7.0	8.0	26.7	7.0	3	58.0	良	**	**		スマラグドス															
2019105462	2024-03-09	1阪神5		12.0	4歳以上2勝クラス								ムルザバ		ダ1800				1:56.0	2.2		7-7-9-10	37.9-37.6	38.9	516(+6)																																															曇		14.0	4.0	6.0	19.1	7.0	9	58.0	良	**	**		チュウワハート															
2019105462	2024-03-24	2阪神2		8.0	4歳以上2勝クラス								幸英明		ダ2000				2:05.1	1.0		4-5-4-7	33.8-38.3	38.9	510(-6)																																															雨		14.0	6.0	10.0	6.8	3.0	8	58.0	不	**	**		バリアントバイオ															
2019105462	2024-05-18	2東京9		12.0	4歳以上2勝クラス								原優介		ダ2100				2:13.8	3.1		3-3-3-3	30.1-39.8	42.4	506(-4)																																															晴		16.0	7.0	14.0	16.2	8.0	12	57.0	良	**	**		マテンロウガイ															
2019105462	2024-06-23	1函館6		9.0	洞爺湖特別(2勝クラス)								北村友一		芝2000				2:00.9	0.2		9-9-9-9	36.3-35.3	34.3	506(0)				230.0																																											曇		9.0	8.0	9.0	14.0	5.0	4	58.0	良	**	**		コスモフロイデ															
2019105462	2024-08-17	2札幌3		11.0	札幌日刊スポーツ杯(2勝クラス)								北村友一		芝2600				2:41.7	1.2		3-3-4-5	37.9-36.0	36.9	510(+4)																																															曇		14.0	6.0	9.0	37.2	11.0	8	56.0	良	**	**		フェミナフォルテ															
2019105462	2024-09-01	2札幌8		10.0	フィリピンT(2勝クラス)								北村友一		芝2000				2:03.0	-0.1		9-9-8-8	36.2-36.7	36.0	512(+2)				1582.2																																											晴		15.0	2.0	3.0	56.1	10.0	1	58.0	稍	**	**		(ハヤテノフクノスケ)															
2019105462	2024-11-09	6京都3		9.0	修学院S(3勝クラス)								幸英明		芝2000				1:58.2	0.4		8-8-8-8	35.6-35.8	35.2	510(-2)																																															晴		14.0	4.0	5.0	88.8	11.0	7	55.0	良	**	**		ショウナンアデイブ															
2019105462	2025-01-25	1中山8		11.0	初富士S(3勝クラス)								三浦皇成		芝2000				2:01.1	0.4		10-10-10-9	36.8-35.6	34.8	510(0)																																															晴		17.0	5.0	10.0	32.5	9.0	7	55.0	良	**	**		コスモブッドレア															
2019105462	2025-04-12	2阪神5		10.0	京橋S(3勝クラス)								北村友一		芝2000				1:59.1	0.2		4-3-4-4	35.7-35.1	35.0	510(0)				464.9																																											曇		16.0	1.0	1.0	28.4	11.0	3	55.0	良	**	**		カネフラ															
2019105462	2025-05-04	2東京4		9.0	府中S(3勝クラス)								石川裕紀		芝2000				1:58.4	0.7		2-3-2	36.3-34.4	35.0	514(+4)				184.0																																											晴		13.0	7.0	11.0	23.9	6.0	5	58.0	良	**	**		アスクカムオンモア															
2019105462	2025-07-13	1函館10		11.0	巴賞(OP)								佐々木大		芝1800				1:45.5	0.7		7-7-7-7	34.4-35.5	34.1	524(+10)				603.9																																											晴		12.0	5.0	6.0	12.0	4.0	3	57.0	良	**	**		ケイアイセナ															
2019105462	2025-08-02	1札幌3		11.0	STV賞(3勝クラス)								斎藤新		芝2000				2:00.5	0.3		11-11-10-12	36.1-35.2	34.8	514(-10)																																															晴		16.0	3.0	5.0	12.1	8.0	7	56.0	良	**	**		エープラス															
2019105462	2025-09-14	4中山4		10.0	レインボーS(3勝クラス)								荻野極		芝2000				1:59.7	0.4		5-7-8-7	36.9-34.5	34.2	514(0)																																															曇		14.0	4.0	6.0	6.7	3.0	6	56.0	良	**	**		ブラックシールド															
2019105462	2025-11-30	5東京8		11.0	ウェルカムS(3勝クラス)								Ｃ．デム		芝2000				1:59.0	1.4		8-10-9	35.6-34.4	35.1	516(+2)																																															晴		15.0	7.0	13.0	26.8	8.0	12	58.0	良	**	**		ヴィレム															
2019105485	2021-09-26	5中京7		5.0	2歳新馬								福永祐一		芝2000				2:09.9	1.3		4-4-4-4	39.9-35.5	36.4	476(0)					雨		11.0	6.0	7.0	2.2	1.0	7	54.0	重	**	**		トゥーサン																																																									
2019105485	2021-10-23	4阪神5		3.0	2歳未勝利								岩田望来		芝1800				1:47.6	0.7		7-8	35.4-35.4	35.3	482(+6)				130.0	晴		9.0	7.0	7.0	6.2	3.0	3	55.0	良	**	**		テンダンス																																																									
2019105485	2021-11-14	2福島4		2.0	2歳未勝利								岩田康誠		芝2000				2:02.4	-0.1		15-15-14-7	34.2-38.0	36.9	486(+4)				510.0	晴		15.0	6.0	10.0	5.1	2.0	1	55.0	良	**	**		(ラフシー)																																																									
2019105485	2022-02-06	1東京4		9.0	ゆりかもめ賞(1勝クラス)								丸山元気		芝2400				2:28.4	1.1		7-7-7-8	37.3-34.3	34.5	492(+6)					曇		10.0	1.0	1.0	32.8	7.0	8	56.0	良	**	**		レヴァンジル																																																									
2019105485	2022-04-17	2阪神8		6.0	3歳1勝クラス								鮫島克駿		芝2000				1:59.9	0.8		2-2-2-2	36.1-34.7	35.0	488(-4)				190.0	晴		8.0	3.0	3.0	7.1	3.0	3	56.0	良	**	**		メイショウラナキラ																																																									
2019105485	2022-05-14	3中京3		9.0	あずさ賞(1勝クラス)								吉田隼人		芝2000				2:02.1	2.5		8-8-7-8	36.5-34.4	36.0	478(-10)					晴		9.0	3.0	3.0	22.7	6.0	7	56.0	重	**	**		セントカメリア																																																									
2019105485	2022-09-04	4小倉8		12.0	3歳以上1勝クラス								福永祐一		芝2600				2:39.6	1.2		8-8-7-8	36.5-36.4	36.6	488(+10)					晴		15.0	4.0	7.0	12.7	6.0	6	54.0	良	**	**		シホノスペランツァ																																																									
2019105485	2022-10-15	4新潟1		6.0	3歳以上1勝クラス								今村聖奈		ダ2500				2:46.0	2.4		9-9-10-10	32.6-38.4	39.1	482(-6)					曇		11.0	3.0	3.0	7.6	5.0	10	50.0	良	**	**		マイネルオーサム																																																									
2019105485	2023-02-04	1小倉7		8.0	4歳以上1勝クラス								ムルザバ		芝2000				2:00.1	0.1		5-7-6-3	34.8-35.4	35.0	492(+10)				320.0	晴		15.0	2.0	3.0	7.8	5.0	2	57.0	良	**	**		モカフラワー																																																									
2019105485	2023-02-19	2小倉4		9.0	国東特別(1勝クラス)								幸英明		芝2000				2:04.6	-0.3		5-5-5-2	37.7-36.2	35.9	486(-6)				1146.4	晴		11.0	6.0	6.0	3.5	2.0	1	57.0	重	**	**		(ウェイオブライト)																																																									
2019105485	2023-04-02	2阪神4		9.0	明石特別(2勝クラス)								幸英明		芝2000				1:59.7	0.6		8-9-7-7	36.9-34.0	34.0	492(+6)				393.5	晴		11.0	6.0	7.0	4.9	2.0	3	56.0	良	**	**		テーオーソラネル																																																									
2019105485	2023-04-16	2阪神8		9.0	蓬莱峡特別(2勝クラス)								幸英明		芝1800				1:47.6	0.6		5-2	35.5-33.9	34.4	494(+2)					晴		11.0	5.0	5.0	10.0	5.0	6	58.0	稍	**	**		シェイリーン																																																									
2019105485	2023-05-13	1新潟5		11.0	信濃川特別(2勝クラス)								菱田裕二		芝2000				2:01.7	0.0		4-3	37.5-33.9	33.6	490(-4)				1578.7	晴		11.0	6.0	6.0	2.5	1.0	1	58.0	良	**	**		(ブルーゲート)																																																									
2019105485	2024-06-02	4京都2		10.0	下鴨S(3勝クラス)								鮫島克駿		芝2000				1:59.8	0.4		11-11-11-12	35.6-35.3	34.5	494(+4)					曇		13.0	8.0	13.0	28.4	9.0	9	58.0	良	**	**		ベリーヴィーナス																																																									
2019105485	2024-12-22	7京都8		10.0	サンタクロースS(3勝クラス)								亀田温心		芝2000				2:02.8	1.9		6-7-8-7	37.8-34.1	35.5	524(+30)					晴		14.0	1.0	1.0	163.9	13.0	14	58.0	良	**	**		ホウオウプロサンゲ																																																									
2019105485	2025-01-06	1中京2		10.0	寿S(3勝クラス)								亀田温心		芝2000				2:06.9	4.9		7-7-5-8	36.4-36.1	40.2	518(-6)					雨		18.0	8.0	17.0	362.5	18.0	18	58.0	稍	**	**		グランドカリナン																																																									
2019105552	2021-09-04	4新潟7		5.0	2歳新馬								菅原明良		芝2000				2:05.1	0.3		9-9-9-9	37.0-35.8	35.4	486(0)				280.0	曇		10.0	3.0	3.0	8.0	3.0	2	54.0	稍	**	**		キャンデセント																																																									
2019105552	2021-11-20	5東京5		2.0	2歳未勝利								ルメール		芝2000				1:59.3	0.1		7-8-7	36.6-36.0	34.1	480(-6)				200.0	晴		14.0	7.0	11.0	2.9	1.0	2	55.0	良	**	**		ジュンブロッサム																																																									
2019105552	2022-02-13	1東京6		5.0	3歳未勝利								ルメール		芝1800				1:47.3	-0.7		3-1-1	36.5-34.9	34.9	488(+8)				520.0	雨		16.0	2.0	3.0	1.4	1.0	1	56.0	良	**	**		(ロジマンボ)																																																									
2019105552	2022-04-16	3中山7		9.0	山藤賞(1勝クラス)								ルメール		芝2000				2:00.3	-1.1		6-6-1-1	37.1-35.6	35.6	488(0)				1050.3	晴		9.0	8.0	8.0	1.7	1.0	1	56.0	稍	**	**		(レッドランメルト)																																																									
2019105552	2022-09-19	4中山5		11.0	朝日セントライト記念(GII)								ルメール		芝2200				2:12.3	0.5		7-7-7-7	35.4-35.3	35.0	494(+6)				1413.0	曇		13.0	1.0	1.0	4.9	2.0	3	56.0	稍	**	**		ガイアフォース																																																									
2019105552	2023-01-05	1中山1		12.0	4歳以上2勝クラス								戸崎圭太		芝2000				2:00.2	-0.2		6-6-4-4	36.3-35.1	34.8	502(+8)				1140.0	晴		14.0	1.0	1.0	1.4	1.0	1	57.0	良	**	**		(ボーンディスウェイ)																																																									
2019105552	2023-03-19	2中山8		9.0	スピカS(3勝クラス)								戸崎圭太		芝1800				1:49.2	0.6		9-7-4-4	35.5-37.5	36.5	500(-2)				184.0	晴		16.0	5.0	10.0	1.4	1.0	5	58.0	重	**	**		ノースザワールド																																																									
2019105552	2023-05-28	2東京12		10.0	むらさき賞(3勝クラス)								レーン		芝1800				1:45.1	-0.1		12-11-8	35.0-34.0	33.3	506(+6)				1876.4	晴		17.0	3.0	5.0	3.1	1.0	1	57.0	良	**	**		(グランディア)																																																									
2019105552	2023-07-16	2函館6		11.0	函館記念(GIII)								ルメール		芝2000				2:01.4	-0.4		8-7-7-7	35.4-36.6	35.8	500(-6)				4356.0	曇		16.0	5.0	9.0	4.1	1.0	1	56.0	稍	**	**		(ルビーカサブランカ)																																																									
2019105552	2023-09-24	4中山7		11.0	産経賞オールカマー(GII)								ルメール		芝2200				2:12.0	-0.2		5-5-5-5	36.0-35.5	35.0	496(-4)				6805.0	晴		15.0	7.0	13.0	5.6	4.0	1	57.0	良	**	**		(タイトルホルダー)																																																									
2019105552	2023-12-10	シャティン			香港C(GI)								レーン		芝2000										502							11.0		4.0	6.6	3.0	8	57.0	良																																																													
2019105552	2024-03-31	2阪神4		11.0	大阪杯(GI)								戸崎圭太		芝2000				1:58.2	0.0		13-12-2-2	35.8-35.0	34.9	504(+2)				8096.0	晴		16.0	1.0	2.0	6.0	3.0	2	58.0	良	**	**		ベラジオオペラ																																																									
2019105552	2024-06-23	4京都8		11.0	宝塚記念(GI)								戸崎圭太		芝2200				2:12.9	0.9		9-9-3-4	35.6-34.5	35.3	506(+2)				2200.0	曇		13.0	7.0	10.0	10.5	4.0	5	58.0	重	**	**		ブローザホーン																																																									
2019105552	2024-10-06	4東京2		11.0	毎日王冠(GII)								戸崎圭太		芝1800				1:45.6	0.5		9-8-9	35.3-33.7	33.3	502(-4)					曇		14.0	6.0	9.0	3.7	2.0	10	57.0	良	**	**		シックスペンス																																																									
2019105552	2024-11-03	デルマー			BCターフ(GI)								ルメール		芝2400										計不							13.0		1.0	19.2	7.0	2	57.0	良																																																													
2019105552	2024-12-22	5中山8		11.0	有馬記念(GI)								マーカン		芝2500				2:32.3	0.5		12-11-9-8	31.4-35.2	35.2	506(0)					晴		15.0	3.0	6.0	17.2	7.0	7	58.0	良	**	**		レガレイラ																																																									
2019105552	2025-04-12	ランドウィック			クイーンエリザベスS(GI)								ルメール		芝2000										計不							15.0		2.0	6.1	2.0	6	59.0	稍																																																													
2019105552	2025-06-15	3阪神4		11.0	宝塚記念(GI)								菱田裕二		芝2200				2:13.8	2.7		9-9-9-10	34.8-36.0	37.8	498(0)					晴		17.0	2.0	3.0	28.0	9.0	15	58.0	稍	**	**		メイショウタバル																																																									
2019105552	2025-11-09	5東京2		11.0	アルゼンチン共和国杯(GII)								プーシャ		芝2500				2:30.6	0.4		6-4-5-6	30.6-34.6	34.6	502(+4)					曇		18.0	2.0	3.0	11.4	5.0	12	59.5	良	**	**		ミステリーウェイ																																																									
2019105552	2025-12-14	シャティン		8.0	香港C(GI)								ルメール		芝2000										498							7.0		3.0	24.7	4.0	5	57.0	良																																																													
2019105559	2021-11-07	5東京2		5.0	2歳新馬								内田博幸		芝1800				1:49.7	0.8		12-12-12	36.5-34.3	33.8	472(0)																																															晴		12.0	8.0	12.0	21.6	6.0	6	55.0	良	**	**		ドゥラドーレス															
2019105559	2021-12-26	5中山8		4.0	2歳未勝利								内田博幸		芝2000				2:03.5	0.9		8-8-11-12	36.9-35.6	35.6	486(+14)				51.0																																											晴		18.0	2.0	4.0	18.7	6.0	5	55.0	良	**	**		デインティハート															
2019105559	2022-01-23	1中山8		5.0	3歳未勝利								戸崎圭太		芝2200				2:16.2	0.3		3-3-4-5	37.0-36.3	36.1	482(-4)				130.0																																											曇		11.0	1.0	1.0	2.4	1.0	3	56.0	良	**	**		モネータドーロ															
2019105559	2022-02-13	1東京6		5.0	3歳未勝利								戸崎圭太		芝1800				1:48.0	0.7		3-5-5	36.5-34.9	34.9	480(-2)				210.0																																											雨		16.0	4.0	7.0	5.5	3.0	2	56.0	良	**	**		ローシャムパーク															
2019105559	2022-03-13	2中山6		5.0	3歳未勝利								戸崎圭太		芝2000				2:01.2	0.7		6-6-5-5	35.8-35.7	35.9	482(+2)				78.0																																											晴		17.0	3.0	5.0	2.2	1.0	4	56.0	良	**	**		タシット															
2019105559	2022-05-01	2東京4		5.0	3歳未勝利								戸崎圭太		芝1800				1:49.6	0.0		3-4-4	37.3-34.2	33.9	474(-8)				520.0																																											曇		16.0	2.0	4.0	2.0	1.0	1	56.0	良	**	**		(アオイアルファワン)															
2019105559	2022-12-10	5中山3		7.0	3歳以上1勝クラス								戸崎圭太		芝1800				1:50.6	3.5		16-16-16-16	36.1-35.9	36.6	488(+14)																																															晴		16.0	2.0	3.0	14.3	7.0	16	56.0	良	**	**		ソバナ															
2019105559	2023-03-19	2中山8		6.0	4歳以上1勝クラス								内田博幸		芝2000				2:04.5	1.8		3-3-5-5	36.0-36.7	38.1	486(-2)																																															晴		16.0	5.0	10.0	35.6	10.0	11	58.0	重	**	**		ウィズグレイス															
2019105559	2023-04-30	2東京4		7.0	4歳以上1勝クラス								内田博幸		芝2000				2:00.1	0.4		6-5-7	36.7-34.2	34.0	482(-4)				200.0																																											曇		8.0	3.0	3.0	6.8	5.0	3	58.0	良	**	**		エンパイアウエスト															
2019105559	2023-05-28	2東京12		7.0	4歳以上1勝クラス								内田博幸		芝1800				1:46.0	0.0		5-6-5	35.0-34.9	34.3	482(0)				800.0																																											晴		12.0	5.0	5.0	15.8	6.0	1	58.0	良	**	**		(メジャークロニクル)															
2019105559	2023-06-25	3東京8		9.0	八ヶ岳特別(2勝クラス)								北村宏司		芝1800				1:46.5	0.3		2-3-4	35.8-34.5	34.5	488(+6)				393.9																																											晴		12.0	7.0	9.0	5.5	2.0	3	58.0	良	**	**		ヴェールランス															
2019105559	2023-09-02	3新潟7		10.0	赤倉特別(2勝クラス)								内田博幸		芝2000				2:00.3	1.2		4-4	35.4-33.5	34.3	482(-6)				155.0																																											曇		9.0	8.0	9.0	13.6	4.0	5	58.0	良	**	**		ロードデルレイ															
2019105559	2023-10-07	4東京1		9.0	tvk賞(2勝クラス)								北村宏司		芝1800				1:47.7	0.6		3-3-3	36.5-33.0	33.4	484(+2)				393.8																																											晴		12.0	6.0	8.0	12.9	4.0	3	58.0	良	**	**		カナテープ															
2019105559	2023-11-12	5東京4		8.0	3歳以上2勝クラス								北村宏司		芝1800				1:48.2	0.2		1-3-3	37.3-33.9	33.8	488(+4)				170.0																																											曇		8.0	6.0	6.0	2.5	2.0	4	58.0	良	**	**		ラケマーダ															
2019105559	2023-12-17	5中山6		12.0	3歳以上2勝クラス								北村宏司		芝1800				1:48.5	0.0		5-6-6-4	37.3-35.1	34.7	488(0)				1140.0																																											晴		13.0	8.0	13.0	5.2	3.0	1	58.0	良	**	**		(マイネルニコラス)															
2019105559	2024-03-17	2中山8		9.0	スピカS(3勝クラス)								北村宏司		芝1800				1:48.6	1.0		4-4-3-3	36.0-34.9	35.5	492(+4)																																															晴		16.0	7.0	13.0	37.2	12.0	15	58.0	良	**	**		グランディア															
2019105559	2024-05-26	2東京12		9.0	むらさき賞(3勝クラス)								北村宏司		芝1800				1:45.9	1.1		5-6-6	35.1-35.0	35.1	490(-2)																																															晴		10.0	3.0	3.0	25.0	6.0	9	55.0	良	**	**		ジェイパームス															
2019105559	2024-09-15	4中山4		10.0	レインボーS(3勝クラス)								北村宏司		芝1800				1:47.3	1.8		3-3-3-2	35.8-34.5	36.0	490(0)																																															晴		15.0	8.0	15.0	55.8	13.0	13	55.0	良	**	**		ギャラクシーナイト															
2019105559	2024-11-02	5東京1		10.0	ノベンバーS(3勝クラス)								内田博幸		芝1800				1:45.8	0.7		10-10-10	34.9-35.9	35.0	486(-4)				184.0																																											小雨		10.0	4.0	4.0	102.2	10.0	5	54.0	稍	**	**		コントラポスト															
2019105559	2024-12-07	5中山3		11.0	常総S(3勝クラス)								北村宏司		芝1800				1:48.9	0.6		15-15-15-15	37.0-34.6	33.7	486(0)																																															晴		15.0	3.0	4.0	38.0	8.0	13	58.0	良	**	**		ディオスバリエンテ															
2019105559	2025-01-25	1中山8		11.0	初富士S(3勝クラス)								野中悠太		芝2000				2:02.6	1.9		16-16-16-16	36.8-35.6	35.5	496(+10)																																															晴		17.0	8.0	15.0	106.0	16.0	15	54.0	良	**	**		コスモブッドレア															
2019105559	2025-03-23	2中山8		10.0	スピカS(3勝クラス)								内田博幸		芝1800				1:47.8	1.1		10-10-9-9	36.7-35.5	35.9	494(-2)																																															晴		16.0	3.0	6.0	192.9	15.0	10	58.0	良	**	**		アドマイヤマツリ															
2019105559	2025-05-04	2東京4		9.0	府中S(3勝クラス)								内田博幸		芝2000				1:59.0	1.3		12-11-12	36.3-34.4	34.6	490(-4)																																															晴		13.0	8.0	13.0	215.2	13.0	9	58.0	良	**	**		アスクカムオンモア															
2019105559	2025-06-01	2東京12		10.0	むらさき賞(3勝クラス)								北村宏司		芝1800				1:46.3	1.7		4-4-4	33.6-36.1	36.8	494(+4)																																															晴		18.0	1.0	1.0	115.5	15.0	16	53.0	良	**	**		メリオーレム															
2019105559	2025-07-19	2福島7		11.0	阿武隈S(3勝クラス)								内田博幸		芝1800				1:50.8	1.2		10-10-10-10	36.5-36.1	35.7	492(-2)																																															晴		10.0	6.0	6.0	95.6	9.0	10	53.0	良	**	**		アンリーロード															
2019105559	2025-11-30	5東京8		11.0	ウェルカムS(3勝クラス)								岩田康誠		芝2000				2:00.2	2.6		6-6-4	35.6-34.4	36.6	490(-2)																																															晴		15.0	7.0	14.0	182.3	14.0	15	58.0	良	**	**		ヴィレム															
2019105565	2021-06-06	4中京2		5.0	2歳新馬								吉田隼人		芝1400				1:23.3	0.2		3-3	35.0-35.9	35.8	480(0)				280.0	晴		13.0	7.0	11.0	1.9	1.0	2	54.0	良	**	**		ブレスレスリー																																																									
2019105565	2021-06-26	3阪神3		1.0	2歳未勝利								川田将雅		芝1600				1:35.2	-0.4		3-3	35.6-35.6	35.4	478(-2)				510.0	曇		10.0	8.0	9.0	2.0	1.0	1	54.0	良	**	**		(クロニクルノヴァ)																																																									
2019105565	2021-08-29	4新潟6		11.0	新潟2歳S(GIII)								松山弘平		芝1600				1:34.3	0.5		12-11	36.2-33.6	32.9	488(+10)				310.0	晴		12.0	5.0	5.0	12.1	5.0	5	54.0	良	**	**		セリフォス																																																									
2019105565	2021-10-09	4東京1		11.0	サウジアラビアRC(GIII)								戸崎圭太		芝1600				1:36.5	0.1		5-5	37.7-33.8	33.2	480(-8)				833.6	曇		7.0	1.0	1.0	5.4	3.0	3	54.0	良	**	**		コマンドライン																																																									
2019105565	2021-11-13	5阪神3		11.0	デイリー杯2歳S(GII)								吉田隼人		芝1600				1:35.6	0.5		2-2	35.9-33.8	34.2	474(-6)				380.0	晴		7.0	2.0	2.0	7.3	4.0	5	54.0	良	**	**		セリフォス																																																									
2019105565	2022-02-13	1阪神2		8.0	こぶし賞(1勝クラス)								坂井瑠星		芝1600				1:36.9	0.0		3-3	38.0-33.6	33.4	476(+2)				1046.8	雨		6.0	5.0	5.0	1.7	1.0	1	54.0	稍	**	**		(セイウンハーデス)																																																									
2019105565	2022-03-21	2中山8		11.0	フラワーC(GIII)								川田将雅		芝1800				1:48.5	-0.1		4-3-3-3	36.9-35.4	35.0	474(-2)				3742.7	晴		12.0	1.0	1.0	4.4	2.0	1	54.0	良	**	**		(ニシノラブウインク)																																																									
2019105565	2022-05-22	2東京10		11.0	優駿牝馬(GI)								レーン		芝2400				2:24.1	0.2		5-5-4-4	35.3-34.8	34.4	474(0)				6404.4	晴		17.0	1.0	2.0	28.2	10.0	2	55.0	良	**	**		スターズオンアース																																																									
2019105565	2022-09-10	4中山1		11.0	紫苑S(GIII)								坂井瑠星		芝2000				1:59.9	0.0		3-3-2-2	35.9-35.1	35.0	488(+14)				3742.7	晴		12.0	8.0	12.0	2.8	1.0	1	54.0	良	**	**		(サウンドビバーチェ)																																																									
2019105565	2022-10-16	4阪神5		11.0	秋華賞(GI)								坂井瑠星		芝2000				1:58.6	-0.1		3-5-5-4	35.7-34.8	34.3	488(0)				11336.0	晴		16.0	4.0	7.0	5.7	3.0	1	55.0	良	**	**		(ナミュール)																																																									
2019105565	2022-11-13	5阪神4		11.0	エリザベス女王杯(GI)								坂井瑠星		芝2200				2:15.5	2.5		5-5-5-6	35.3-36.4	38.2	488(0)					曇		18.0	5.0	10.0	5.7	2.0	14	54.0	重	**	**		ジェラルディーナ																																																									
2019105565	2023-02-26	2中山2		11.0	中山記念(GII)								吉田隼人		芝1800				1:47.3	0.2		3-3-3-3	36.4-35.4	35.4	494(+6)				670.0	晴		14.0	7.0	12.0	7.8	3.0	5	55.0	良	**	**		ヒシイグアス																																																									
2019105565	2023-05-14	2東京8		11.0	ヴィクトリアマイル(GI)								坂井瑠星		芝1600				1:33.0	0.8		15-15	34.2-33.7	33.4	490(-4)					小雨		16.0	3.0	5.0	25.4	7.0	12	56.0	良	**	**		ソングライン																																																									
2019105565	2024-03-31	2阪神4		11.0	大阪杯(GI)								西村淳也		芝2000				1:58.7	0.5		1-1-1-1	35.8-35.0	35.5	490(0)					晴		16.0	3.0	5.0	12.5	6.0	8	56.0	良	**	**		ベラジオオペラ																																																									
2019105565	2024-05-12	2東京8		11.0	ヴィクトリアマイル(GI)								西村淳也		芝1600				1:32.6	0.8		3-3	33.8-35.0	35.5	490(0)					曇		15.0	2.0	3.0	17.8	5.0	9	56.0	良	**	**		テンハッピーローズ																																																									
2019105565	2024-07-28	1札幌4		11.0	クイーンS(GIII)								北村友一		芝1800				1:47.6	0.2		3-3-2-2	35.7-35.3	35.3	492(+2)					晴		14.0	6.0	9.0	13.8	9.0	6	57.0	稍	**	**		コガネノソラ																																																									
2019105565	2024-11-10	6京都4		11.0	エリザベス女王杯(GI)								Ｃ．デム		芝2200				2:11.1	-0.4		4-4-4-2	35.2-34.4	34.0	498(+6)				13365.4	曇		17.0	6.0	11.0	9.5	3.0	1	56.0	良	**	**		(ラヴェル)																																																									
2019105565	2024-12-22	5中山8		11.0	有馬記念(GI)								ムーア		芝2500				2:32.4	0.6		7-5-5-5	31.4-35.2	35.5	496(-2)					晴		15.0	7.0	13.0	27.1	9.0	8	56.0	良	**	**		レガレイラ																																																									
2019105748	2021-11-27	5東京7		5.0	2歳新馬								戸崎圭太		芝1600				1:37.3	0.8		10-10	36.3-35.4	35.2	434(0)				110.0	晴		16.0	8.0	15.0	13.3	4.0	4	55.0	良	**	**		コウキ																																																									
2019105748	2021-12-25	5中山7		3.0	2歳未勝利								田辺裕信		芝1600				1:37.0	0.1		12-11-7	35.9-36.1	35.3	426(-8)				200.0	晴		16.0	6.0	12.0	25.3	6.0	2	55.0	稍	**	**		ニシノメグレス																																																									
2019105748	2022-01-09	1中山3		5.0	3歳未勝利								戸崎圭太		芝1600				1:35.6	0.8		11-11-12	35.1-36.1	35.7	434(+8)					晴		16.0	8.0	16.0	7.5	5.0	9	56.0	稍	**	**		ゴーゴーユタカ																																																									
2019105748	2022-02-27	2中山2		5.0	3歳未勝利								大野拓弥		芝2000				2:01.8	0.5		10-10-7-8	34.5-36.8	36.4	420(-14)				130.0	晴		18.0	8.0	16.0	9.2	5.0	3	56.0	良	**	**		シャーマンズケイブ																																																									
2019105748	2022-03-13	2中山6		5.0	3歳未勝利								田辺裕信		芝2000				2:01.7	1.2		13-12-9-8	35.8-35.7	36.1	416(-4)				52.0	晴		17.0	8.0	15.0	7.5	4.0	5	56.0	良	**	**		タシット																																																									
2019105748	2022-04-02	3中山3		5.0	3歳未勝利								田辺裕信		芝2000				2:02.9	0.7		13-13-14-13	37.0-35.3	34.9	418(+2)				78.0	晴		18.0	5.0	9.0	22.4	7.0	4	56.0	稍	**	**		ヴィブラツィオーネ																																																									
2019105748	2022-04-24	1福島4		6.0	3歳未勝利								黛弘人		芝2000				2:02.0	0.7		14-12-13-13	34.1-36.3	36.0	406(-12)					晴		16.0	1.0	1.0	4.5	2.0	8	56.0	良	**	**		エグランタイン																																																									
2019105748	2022-06-11	1函館1		4.0	3歳未勝利								横山武史		芝2000				2:01.5	0.3		2-2-2-2	35.6-35.3	35.6	424(+18)				130.0	晴		11.0	6.0	6.0	5.6	2.0	3	56.0	良	**	**		ノートルプロメス																																																									
2019105748	2022-06-25	1函館5		6.0	3歳未勝利								横山武史		芝2000				2:02.5	-0.1		5-5-5-7	36.0-36.9	34.9	426(+2)				520.0	曇		12.0	6.0	7.0	5.8	3.0	1	56.0	稍	**	**		(ベアーザベル)																																																									
2019105748	2022-11-19	3福島5		12.0	3歳以上1勝クラス								角田大和		芝2000				2:01.7	0.0		7-7-7-7	35.0-36.5	35.8	426(0)				310.0	晴		16.0	1.0	1.0	32.4	8.0	2	54.0	良	**	**		エニシノウタ																																																									
2019105748	2022-12-18	5中山6		12.0	3歳以上1勝クラス								戸崎圭太		芝2500				2:38.6	-0.3		2-2-2-2	32.4-35.4	35.3	428(+2)				770.0	晴		12.0	3.0	3.0	3.6	1.0	1	55.0	稍	**	**		(ボンベール)																																																									
2019105748	2023-01-22	1小倉4		10.0	海の中道特別(2勝クラス)								西村淳也		芝2600				2:42.0	0.4		4-4-6-10	36.7-35.6	35.4	428(0)				155.0	小雨		13.0	6.0	8.0	14.0	6.0	5	57.0	良	**	**		メイショウブレゲ																																																									
2019105748	2023-03-04	2中山3		9.0	潮来特別(2勝クラス)								菅原明良		芝2500				2:31.5	-0.3		2-2-2-1	30.8-35.6	35.5	420(-8)				1575.2	晴		11.0	8.0	10.0	4.7	3.0	1	55.0	良	**	**		(エンドロール)																																																									
2019105748	2023-05-07	1京都6		9.0	烏丸S(3勝クラス)								岩田康誠		芝2200				2:14.9	-0.8		5-5-5-4	36.4-36.2	35.9	420(0)				1873.6	雨		15.0	5.0	9.0	3.5	1.0	1	56.0	不	**	**		(ロードプレジール)																																																									
2019105748	2023-07-16	2函館6		11.0	函館記念(GIII)								岩田康誠		芝2000				2:01.8	0.4		15-15-15-13	35.4-36.6	35.6	428(+8)				1108.0	曇		16.0	4.0	8.0	5.0	2.0	3	55.0	稍	**	**		ローシャムパーク																																																									
2019105748	2023-08-05	1札幌5		11.0	札幌日経OP(L)								岩田康誠		芝2600				2:42.0	-1.0		3-3-2-1	36.0-35.4	35.4	422(-6)				2830.1	曇		14.0	4.0	6.0	2.3	1.0	1	57.0	稍	**	**		(アケルナルスター)																																																									
2019105748	2023-10-09	2京都3		11.0	京都大賞典(GII)								菅原明良		芝2400							9-8-12-14	36.5-35.9		414(-8)					曇		14.0	1.0	1.0	5.0	2.0	中	57.0	重	**	**		プラダリア																																																									
2019105748	2024-01-14	1京都5		11.0	日経新春杯(GII)								菅原明良		芝2400				2:23.7	-0.1		8-8-8-6	33.7-36.4	35.8	426(+12)				5799.4	晴		14.0	5.0	8.0	4.1	1.0	1	57.0	良	**	**		(サヴォーナ)																																																									
2019105748	2024-03-17	1阪神8		11.0	阪神大賞典(GII)								菅原明良		芝3000				3:07.6	0.8		5-5-5-5	37.6-35.1	35.3	426(0)				1715.0	曇		15.0	2.0	2.0	3.2	1.0	3	58.0	稍	**	**		テーオーロイヤル																																																									
2019105748	2024-04-28	3京都4		11.0	天皇賞(春)(GI)								菅原明良		芝3200				3:14.5	0.3		12-13-12-12	36.6-35.3	34.6	424(-2)				8908.0	晴		17.0	3.0	5.0	8.8	5.0	2	58.0	良	**	**		テーオーロイヤル																																																									
2019105748	2024-06-23	4京都8		11.0	宝塚記念(GI)								菅原明良		芝2200				2:12.0	-0.3		11-11-10-7	35.6-34.5	34.0	428(+4)				22273.0	曇		13.0	8.0	12.0	7.5	3.0	1	58.0	重	**	**		(ソールオリエンス)																																																									
2019105748	2024-10-06	5京都2		11.0	京都大賞典(GII)								菅原明良		芝2400				2:25.3	2.4		10-10-10-11	34.4-35.0	35.9	426(-2)					晴		11.0	8.0	11.0	2.6	1.0	11	59.0	良	**	**		シュヴァリエローズ																																																									
2019105748	2024-11-24	5東京8		12.0	ジャパンC(GI)								菅原明良		芝2400				2:26.6	1.1		11-10-9-7	37.1-33.4	33.8	430(+4)					晴		14.0	2.0	2.0	61.4	10.0	12	58.0	良	**	**		ドウデュース																																																									
2019105748	2024-12-22	5中山8		11.0	有馬記念(GI)								菅原明良		芝2500				2:33.1	1.3		10-11-13-13	31.4-35.2	35.7	432(+2)					晴		15.0	2.0	4.0	35.1	11.0	12	58.0	良	**	**		レガレイラ																																																									
2019105748	2025-03-23	1阪神8		11.0	阪神大賞典(GII)								菅原明良		芝3000				3:04.4	1.1		7-8-8-7	37.7-35.1	35.5	434(+2)				1711.0	晴		11.0	5.0	5.0	8.0	5.0	3	59.0	良	**	**		サンライズアース																																																									
2019105748	2025-05-04	2京都4		11.0	天皇賞(春)(GI)								菅原明良		芝3200				3:15.9	1.9		9-8-9-8	36.4-35.7	37.0	434(0)					晴		15.0	2.0	3.0	11.4	5.0	8	58.0	良	**	**		ヘデントール																																																									
2019105768	2021-11-20	5東京5		5.0	2歳新馬								横山琉人		芝1600				1:36.8	0.1		3-3	37.2-33.9	33.7	452(0)				280.0																																											晴		15.0	8.0	15.0	134.7	11.0	2	51.0	良	**	**		シークルーズ															
2019105768	2021-12-05	5中山2		3.0	2歳未勝利								横山琉人		芝1600				1:34.8	-0.1		1-2-2	35.4-35.5	35.4	450(-2)				510.0																																											晴		16.0	3.0	6.0	5.5	4.0	1	51.0	良	**	**		(クロスマジェスティ)															
2019105768	2022-01-10	1中山4		11.0	フェアリーS(GIII)								坂井瑠星		芝1600				1:35.5	0.3		1-2-2	35.5-35.3	35.5	440(-10)				560.0																																											曇		16.0	8.0	16.0	35.0	10.0	4	54.0	良	**	**		ライラック															
2019105768	2022-03-13	2中山6		11.0	アネモネS(L)								横山琉人		芝1600				1:35.3	0.9		11-11-11	35.4-34.6	34.4	434(-6)																																															晴		14.0	4.0	6.0	16.6	6.0	10	54.0	良	**	**		クロスマジェスティ															
2019105768	2022-05-01	2東京4		11.0	スイートピーS(L)								横山琉人		芝1800				1:51.4	2.5		4-5-5	35.5-36.7	38.6	440(+6)																																															雨		10.0	7.0	7.0	8.6	4.0	9	54.0	稍	**	**		ウインエクレール															
2019105768	2022-09-25	4中山7		7.0	3歳以上1勝クラス								横山琉人		芝1600				1:34.9	0.4		14-16-14	35.4-36.0	34.9	446(+6)				77.0																																											晴		16.0	3.0	5.0	12.5	7.0	5	51.0	良	**	**		ディープリッチ															
2019105768	2022-10-23	4新潟4		6.0	3歳以上1勝クラス								横山琉人		芝1800				1:48.0	-0.1		1-1	36.0-33.6	33.6	436(-10)				770.0																																											雨		13.0	1.0	1.0	6.4	3.0	1	51.0	良	**	**		(ロマンシングブルー)															
2019105768	2022-12-24	5中山7		12.0	クリスマスC(2勝クラス)								横山琉人		芝1600				1:35.2	-0.2		2-2-2	36.0-34.8	34.6	444(+8)				1541.5																																											晴		14.0	3.0	3.0	10.1	6.0	1	54.0	良	**	**		(アルママ)															
2019105768	2023-01-08	1中山3		10.0	若潮S(3勝クラス)								横山琉人		芝1600				1:33.5	0.8		2-2-2	35.3-34.3	35.0	448(+4)				280.0																																											晴		12.0	5.0	6.0	7.9	4.0	4	53.0	良	**	**		ゾンニッヒ															
2019105768	2023-02-25	2中山1		11.0	幕張S(3勝クラス)								横山琉人		芝1600				1:33.4	0.2		12-11-9	35.2-36.1	34.4	442(-6)				749.8																																											曇		16.0	5.0	9.0	25.6	9.0	2	56.0	良	**	**		ジネストラ															
2019105768	2023-03-26	3中山2		10.0	春興S(3勝クラス)								横山琉人		芝1600				1:37.8	1.1		5-8-8	35.8-36.9	37.3	446(+4)				184.0																																											雨		16.0	7.0	13.0	5.8	3.0	5	55.0	不	**	**		サーマルウインド															
2019105768	2023-05-14	1新潟6		11.0	弥彦S(3勝クラス)								横山琉人		芝1800				1:46.0	0.1		9-9	34.7-35.3	34.0	444(-2)				464.5																																											晴		13.0	7.0	11.0	8.8	3.0	3	56.0	良	**	**		グランスラムアスク															
2019105768	2023-07-09	2函館4		11.0	五稜郭S(3勝クラス)								岩田康誠		芝1800				1:47.2	0.1		3-3-5-5	35.8-35.2	35.0	454(+10)				280.0																																											曇		14.0	2.0	2.0	3.8	1.0	4	56.0	良	**	**		アケルナルスター															
2019105768	2023-09-02	2札幌7		10.0	日高S(3勝クラス)								横山琉人		芝1500				1:30.1	0.3		5-6-6	29.1-37.5	36.9	444(-10)				184.0																																											曇		14.0	2.0	2.0	3.9	1.0	5	56.0	稍	**	**		セッタレダスト															
2019105768	2023-10-28	4東京8		10.0	紅葉S(3勝クラス)								横山琉人		芝1600				1:31.9	-0.1		4-4	34.4-34.6	33.4	442(-2)				1862.4																																											晴		10.0	8.0	10.0	18.6	6.0	1	55.0	良	**	**		(リサリサ)															
2019105768	2023-12-16	5中山5		11.0	ターコイズS(GIII)								横山琉人		芝1600				1:32.9	0.2		1-1-1	35.2-34.3	34.5	450(+8)				1516.8																																											晴		16.0	1.0	2.0	18.6	8.0	2	53.0	良	**	**		フィアスプライド															
2019105768	2024-01-13	1中山4		11.0	ニューイヤーS(L)								横山琉人		芝1600				1:33.0	0.7		3-5-4	34.5-34.6	34.8	452(+2)																																															曇		16.0	6.0	12.0	7.5	4.0	9	56.0	良	**	**		パラレルヴィジョン															
2019105768	2024-03-09	2中山5		11.0	中山牝馬S(GIII)								横山琉人		芝1800				1:49.3	0.3		2-2-2-2	37.4-36.2	36.5	456(+4)				570.0																																											晴		16.0	8.0	15.0	32.0	11.0	4	53.0	稍	**	**		コンクシェル															
2019105768	2024-04-20	1福島5		11.0	福島牝馬S(GIII)								横山琉人		芝1800				1:46.9	0.0		3-3-2-2	35.3-35.0	34.9	454(-2)				1616.2																																											晴		16.0	7.0	14.0	14.9	8.0	2	55.0	良	**	**		コスタボニータ															
2019105768	2024-05-12	2東京8		11.0	ヴィクトリアマイル(GI)								横山琉人		芝1600				1:33.0	1.2		2-2	33.8-35.0	36.1	456(+2)																																															曇		15.0	8.0	14.0	56.9	10.0	12	56.0	良	**	**		テンハッピーローズ															
2019105768	2024-10-14	4東京4		11.0	アイルランド府中牝馬(GII)								横山琉人		芝1800				1:45.3	0.6		6-7-6	35.1-34.1	33.7	456(0)																																															晴		15.0	5.0	9.0	106.9	13.0	6	55.0	良	**	**		ブレイディヴェーグ															
2019105768	2024-12-14	5中山5		11.0	ターコイズS(GIII)								横山琉人		芝1600				1:33.4	0.2		4-5-5	34.7-35.1	34.9	458(+2)																																															晴		16.0	3.0	5.0	9.1	4.0	7	54.0	良	**	**		アルジーヌ															
2019105768	2025-01-05	1中京1		11.0	スポニチ賞京都金杯(GIII)								坂井瑠星		芝1600				1:35.7	2.2		3-3-4	34.7-35.4	37.1	456(-2)																																															晴		16.0	6.0	12.0	12.8	7.0	14	54.0	良	**	**		サクラトゥジュール															
2019105768	2025-03-08	2中山3		11.0	中山牝馬S(GIII)								横山琉人		芝1800				1:47.4	0.3		4-5-5-3	36.5-35.7	35.3	462(+6)				380.0																																											曇		14.0	3.0	4.0	20.8	9.0	5	54.0	良	**	**		シランケド															
2019105768	2025-04-20	1福島4		11.0	福島牝馬S(GIII)								横山琉人		芝1800				1:46.6	0.4		9-8-8-4	35.2-35.2	34.7	456(-6)				1008.1																																											曇		16.0	2.0	4.0	14.3	8.0	3	55.0	良	**	**		アドマイヤマツリ															
2019105768	2025-06-22	3東京6		11.0	府中牝馬S(GIII)								横山琉人		芝1800				1:47.4	1.4		3-4-4	35.5-35.4	36.4	462(+6)																																															晴		14.0	3.0	4.0	23.1	9.0	14	54.0	良	**	**		セキトバイースト															
2019105768	2025-08-03	1札幌4		11.0	クイーンS(GIII)								横山琉人		芝1800				1:47.8	1.8		3-3-3-4	34.9-35.9	37.3	456(-6)																																															晴		14.0	8.0	14.0	29.1	9.0	14	55.0	良	**	**		アルジーヌ															
2019105768	2025-10-12	4東京4		11.0	アイルランドT(GII)								横山琉人		芝1800				1:46.6	0.9		11-8-6	36.4-33.2	33.5	464(+8)																																															曇		16.0	2.0	4.0	115.7	15.0	11	55.0	良	**	**		ラヴァンダ															
2019105768	2025-12-20	5中山5		11.0	ターコイズS(GIII)								菅原明良		芝1600				1:33.4	0.4		5-6-5	34.7-34.7	34.3	468(+4)				380.0																																											曇		16.0	7.0	14.0	72.2	14.0	5	53.0	良	**	**		ドロップオブライト															
2019105808	2021-09-11	4中山1		5.0	2歳新馬								丸田恭介		芝2000				2:05.5	1.3		7-8-7-9	38.0-34.5	35.2	456(0)																																	曇		12.0	3.0	3.0	34.2	7.0	7	54.0	良	**	**		オニャンコポン																													
2019105808	2021-12-26	5中山8		4.0	2歳未勝利								丸田恭介		芝2000				2:04.3	1.7		18-17-18-16	36.9-35.6	35.7	464(+8)																																	晴		18.0	6.0	11.0	76.8	11.0	11	55.0	良	**	**		デインティハート																													
2019105808	2022-02-05	1東京3		5.0	3歳未勝利								丸田恭介		芝2400				2:30.3	0.5		3-3-3-2	37.6-34.3	34.6	456(-8)																																	晴		15.0	5.0	9.0	44.6	9.0	6	56.0	良	**	**		ダノンギャラクシー																													
2019105808	2022-04-09	3中山5		5.0	3歳未勝利								丸田恭介		芝2000				2:01.9	1.1		8-7-6-9	34.6-37.0	37.1	456(0)																																	晴		18.0	4.0	8.0	29.5	7.0	7	56.0	良	**	**		パラレルヴィジョン																													
2019105808	2022-05-01	1福島6		6.0	3歳未勝利								岩田康誠		芝2600				2:42.9	0.1		6-6-4-4	36.1-36.8	36.7	454(-2)				210.0																													曇		13.0	6.0	8.0	9.6	4.0	2	56.0	稍	**	**		マイネルメサイア																													
2019105808	2022-06-18	1函館3		7.0	3歳未勝利								岩田康誠		芝2600				2:41.9	0.3		6-6-6-6	37.2-35.9	35.5	456(+2)				130.0																													晴		9.0	8.0	8.0	2.8	1.0	3	56.0	良	**	**		レッドファーロ																													
2019105808	2022-07-17	1函館12		6.0	3歳未勝利								岩田康誠		芝2600				2:50.8	1.8		9-9-3-2	37.9-39.1	40.7	458(+2)				52.0																													雨		16.0	4.0	7.0	2.8	1.0	5	56.0	重	**	**		ジェンヌ																													
2019105808	2022-08-06	1札幌5		6.0	3歳未勝利								横山和生		芝2000				2:02.4	0.0		16-9-1-1	35.8-36.3	36.3	460(+2)				365.0																													晴		16.0	4.0	7.0	11.8	7.0	1	56.0	良	**	**		(ダノンフロイデ)																													
2019105808	2022-11-12	3福島3		8.0	3歳以上1勝クラス								団野大成		芝2600				2:43.1	0.1		6-6-5-4	38.0-36.6	36.4	456(-4)				190.0																													晴		16.0	8.0	15.0	15.5	8.0	3	55.0	良	**	**		ブラックラテ																													
2019105808	2022-12-18	5中山6		12.0	3歳以上1勝クラス								岩田康誠		芝2500				2:39.1	0.5		6-6-7-7	32.4-35.4	35.3	466(+10)				77.0																													晴		12.0	6.0	7.0	5.8	4.0	5	55.0	稍	**	**		ブローザホーン																													
2019105808	2023-01-21	1小倉3		7.0	4歳以上1勝クラス								団野大成		芝2600				2:41.1	-0.1		4-3-3-2	37.6-35.1	34.9	464(-2)				800.0																													晴		9.0	4.0	4.0	3.5	2.0	1	57.0	稍	**	**		(ルヴェルディ)																													
2019105808	2023-02-18	2小倉3		10.0	皿倉山特別(2勝クラス)								幸英明		芝2600				2:43.4	2.1		10-10-5-8	36.4-36.9	38.6	466(+2)																																	小雨		11.0	5.0	5.0	5.1	3.0	8	55.0	稍	**	**		ジャンカズマ																													
2019105808	2023-04-16	1福島4		10.0	奥の細道特別(2勝クラス)								菱田裕二		芝2600				2:44.5	0.1		13-13-12-8	39.0-38.2	37.1	464(-2)				628.0																													晴		13.0	8.0	13.0	13.2	8.0	2	58.0	稍	**	**		ウインエアフォルク																													
2019105808	2023-05-28	2東京12		8.0	青嵐賞(2勝クラス)								丸田恭介		芝2400				2:26.3	0.7		7-6-8-11	37.6-34.5	34.3	462(-2)																																	晴		11.0	6.0	7.0	46.1	10.0	6	58.0	良	**	**		ドリームインパクト																													
2019105808	2023-07-16	2福島6		9.0	信夫山特別(2勝クラス)								丸田恭介		芝2600				2:42.6	0.7		10-9-8-7	38.2-36.2	36.2	466(+4)				230.0																													晴		11.0	3.0	3.0	8.4	3.0	4	58.0	良	**	**		サヴォーナ																													
2019105808	2023-11-04	3福島1		10.0	三陸特別(2勝クラス)								丸田恭介		芝2600				2:41.4	1.6		16-16-14-13	35.2-37.7	38.2	458(-8)																																	曇		16.0	3.0	5.0	8.6	4.0	10	56.0	良	**	**		ダイム																													
2019105808	2023-12-03	5中山2		8.0	3歳以上2勝クラス								丸田恭介		芝2500				2:33.4	1.1		2-2-2-2	31.3-34.6	35.6	468(+10)																																	晴		12.0	4.0	4.0	33.6	9.0	10	58.0	良	**	**		エリカヴァレリア																													
2019105808	2024-01-14	1小倉2		9.0	玄海特別(2勝クラス)								浜中俊		芝2000				2:00.4	0.7		13-7-2-3	36.5-34.6	35.0	470(+2)																																	晴		13.0	3.0	3.0	37.9	7.0	8	58.0	良	**	**		ウインシュクラン																													
2019105808	2024-02-17	2小倉3		10.0	皿倉山特別(2勝クラス)								荻野極		芝2600				2:40.3	0.8		10-9-13-12	36.3-35.6	35.4	480(+10)																																	晴		16.0	2.0	4.0	48.6	12.0	10	58.0	良	**	**		サトノクローク																													
2019105808	2024-02-24	2小倉5		11.0	八代特別(2勝クラス)								丸山元気		芝2000				2:02.9	0.7		9-9-6-7	36.1-36.3	36.5	476(-4)																																	晴		15.0	6.0	10.0	19.7	8.0	13	55.0	稍	**	**		マリネロ																													
2019105808	2024-03-24	1中京6		10.0	ロードカナロアC(2勝クラス)								岩田康誠		ダ1800				1:52.6	2.2		14-14-15-15	36.7-36.6	37.1	476(0)																																	小雨		16.0	3.0	5.0	56.8	13.0	14	58.0	重	**	**		サンテックス																													
2019105808	2025-03-01	1小倉11		4.0	障害4歳以上未勝利								伴啓太		障2860				3:19.5	4.0		10-9-9-7	106.1-0.0	14.0	496(+20)																																	曇		12.0	7.0	10.0	33.2	7.0	9	60.0	良				ダイスアローリング																													
2019105808	2025-05-04	1新潟2		4.0	障害4歳以上未勝利								伴啓太		障2890				3:16.0	3.9		12-11-10-10	106.1-0.0	13.6	496(0)																																	晴		14.0	8.0	14.0	33.4	10.0	9	60.0	稍				ジーククローネ																													
2019105808	2025-07-20	2福島8		1.0	障害3歳以上未勝利								伴啓太		障2770				3:08.3	1.9		7-6-6-6	108.0-0.0	13.6	492(-4)																																	晴		14.0	4.0	5.0	14.9	6.0	8	60.0	良				マイネルメサイア																													
2019105808	2025-09-28	4阪神9		1.0	障害3歳以上未勝利								伴啓太		障2970				3:28.8	4.0		8-9-6-7	105.1-0.0	14.1	486(-6)																																	晴		12.0	8.0	12.0	16.5	5.0	9	60.0	良				フームスムート																													
2019105808	2026-01-17	1中山6		4.0	障害4歳以上未勝利								伴啓太		障2880				3:17.2	2.3		6-6-5-5	106.1-0.0	13.7	490(+4)				84.0																													晴		12.0	7.0	10.0	53.9	8.0	5	60.0	良				コレクテイニア																													
2019105824	2022-01-16	1中山6		6.0	3歳新馬								宮崎北斗		芝1600				1:38.4	2.1		15-16-16	36.1-35.6	36.0	430(0)																																															晴		16.0	6.0	11.0	264.4	16.0	13.0	54.0	良	**	**		ウインエクレール															
2019105824	2022-03-27	2中京6		5.0	3歳未勝利								原優介		芝2000				2:06.2	2.4		15-16-16-16	37.1-36.1	36.6	424(-6)																																															晴		17.0	6.0	12.0	305.9	16.0	11.0	51.0	重	**	**		セントカメリア															
2019105824	2022-04-23	2東京1		4.0	3歳未勝利								山田敬士		芝2000				2:02.1	1.3		6-10-10	37.6-34.3	34.7	412(-12)																																															晴		16.0	7.0	13.0	472.1	16.0	11.0	52.0	良	**	**		ホーリーエンブレム															
2019105824	2022-05-21	1新潟5		7.0	3歳未勝利								原優介		芝2000				2:03.8	0.8		16-16-15-15	35.6-36.5	35.9	404(-8)																																															曇		16.0	1.0	2.0	81.9	13.0	9.0	51.0	良	**	**		リニュー															
2019105824	2022-07-23	2福島7		7.0	3歳未勝利								菊沢一樹		芝1800				1:52.6	2.0		14-14-14-15	35.8-37.6	37.1	420(+16)																																															晴		16.0	7.0	14.0	121.8	12.0	9.0	54.0	稍	**	**		オメガオリーブ															
2019105824	2022-08-13	2札幌1		6.0	3歳未勝利								山田敬士		芝2000				2:04.2	0.6		9-10-13-12	37.0-36.9	36.4	424(+4)																																															曇		16.0	6.0	12.0	143.3	16.0	7.0	52.0	良	**	**		クレバーテースト															
2019105824	2022-08-21	2札幌4		8.0	3歳以上1勝クラス								山田敬士		芝2000				2:03.5	1.3		7-7-7-8	36.1-37.2	37.6	420(-4)																																															晴		14.0	5.0	8.0	198.3	14.0	6.0	50.0	良	**	**		ヒヅルジョウ															
2019105824	2022-09-04	2札幌8		10.0	釧路湿原特別(2勝クラス)								山田敬士		芝2000				2:03.7	1.5		8-7-9-12	36.1-37.0	37.8	434(+14)																																															晴		15.0	3.0	4.0	169.5	14.0	13.0	52.0	良	**	**		ローゼライト															
2019105824	2022-10-10	金沢		1.0	スポーツの日若い力カ(C2)								中島龍也		ダ1400				1:31.2	-0.3		7-6-3-1		39.6	430(-4)				35.0																																											雨		7.0	3.0	3.0	1.5	1.0	1.0	54.0	不	**	**		(レッツドゥイット)															
2019105824	2022-10-25	金沢		3.0	C210								中島龍也		ダ1500				1:38.8	1.0		5-4-3-3		39.2	424(-6)				5.6																																											曇		9.0	4.0	4.0	2.8	1.0	3.0	54.0	稍	**	**		ソメット															
2019105824	2022-11-07	金沢		4.0	サフラン賞(C2以下)								中島龍也		ダ1500				1:38.4	0.8		5-5-4-4		39.9	416(-8)				11.5																																											晴		11.0	8.0	10.0	4.9	3.0	2.0	54.0	良	**	**		クールドレーヌ															
2019105824	2022-11-20	金沢		6.0	金沢名物!?瓦屋根の(C2以下)								中島龍也		ダ1400				1:31.1	0.4		5-5-5-4		38.3	415(-1)				11.5																																											雨		10.0	6.0	6.0	3.0	1.0	2.0	54.0	重	**	**		ヤマミキララ															
2019105824	2022-12-05	金沢		6.0	C25								中島龍也		ダ1500				1:37.7	1.2		3-4-4-5		39.1	417(+2)				3.5																																											曇		8.0	4.0	4.0	1.8	1.0	5.0	54.0	不	**	**		メイショウカジヤ															
2019105824	2022-12-20	金沢		5.0	C27								中島龍也		ダ1500										計不																																																	0.0	7.0	8.0				54.0																				
2019105824	2022-12-23	金沢		5.0	C27								中島龍也		ダ1500										計不																																																	0.0	7.0	8.0				54.0																				
2019105824	2023-01-24	笠松		8.0	冬将軍賞(C)								渡辺竜也		ダ1600				1:47.6	-0.2		7-5-4		41.3	420(+3)				32.0																																											曇		8.0	8.0	8.0	1.9	1.0	1.0	54.0	良	**	**		(ミスシャーロック)															
2019105824	2023-02-08	笠松		8.0	草萌賞(C)								渡辺竜也		ダ1600				1:47.7	1.4		4-4-5		41.1	422(+2)				1.7																																											晴		8.0	4.0	4.0	3.8	2.0	5.0	54.0	良	**	**		バイコーン															
2019105824	2023-02-23	笠松		4.0	第35回松原直人バー(C)								渡辺竜也		ダ1400				1:33.6	1.6		5-6-6		40.5	423(+1)				1.5																																											曇		8.0	2.0	2.0	5.0	3.0	5.0	54.0	良	**	**		シャイニーメイン															
2019105824	2023-03-07	笠松		4.0	C11組								渡辺竜也		ダ1600				1:46.4	0.0		5-3-2		39.9	426(+3)				30.0																																											晴		9.0	7.0	7.0	3.9	2.0	1.0	54.0	良	**	**		(ウエスタンプラチナ)															
2019105824	2023-05-20	1新潟7		10.0	二王子特別(1勝クラス)								亀田温心		芝2000				2:01.4	0.6		2-2	35.6-35.1	35.6	428(+2)																																															晴		16.0	3.0	6.0	172.0	15.0	9.0	56.0	良	**	**		ブリングトゥライフ															
2019105824	2023-06-10	1函館1		7.0	3歳以上1勝クラス								佐々木大		芝2000				2:03.2	0.2		7-6-9-7	35.8-36.0	35.5	422(-6)				320.0																																											晴		9.0	5.0	5.0	13.8	5.0	2.0	53.0	稍	**	**		カトルショセット															
2019105824	2023-08-05	1札幌5		8.0	3歳以上1勝クラス								佐々木大		芝1800				1:49.9	0.7		5-5-5-5	36.5-35.3	35.5	422(0)																																															曇		13.0	4.0	5.0	18.1	6.0	6.0	54.0	稍	**	**		ゴッドファーザー															
2019105824	2023-08-19	2札幌3		10.0	富良野特別(1勝クラス)								ルメール		芝2000				2:03.0	1.2		9-9-11-12	35.5-35.5	35.8	422(0)																																															曇		16.0	5.0	10.0	20.9	6.0	10.0	56.0	良	**	**		ウインスノーライト															
2019105824	2023-09-18	4阪神5		9.0	生田特別(1勝クラス)								団野大成		芝2400				2:25.6	0.6		7-7-7-7	36.8-34.7	34.4	424(+2)				285.1																																											晴		14.0	8.0	13.0	37.8	9.0	3.0	56.0	良	**	**		バロッサヴァレー															
2019105824	2023-10-14	2京都4		6.0	3歳以上1勝クラス								団野大成		芝2400				2:25.6	0.8		3-3-2-2	35.3-33.9	34.5	428(+4)				80.0																																											曇		10.0	7.0	8.0	20.5	7.0	5.0	56.0	良	**	**		ケイアイサンデラ															
2019105824	2023-12-16	4中京5		9.0	高山特別(1勝クラス)								松若風馬		芝2200				2:14.4	0.3		5-6-7-7	35.7-34.9	34.6	430(+2)				111.0																																											曇		18.0	1.0	1.0	24.2	8.0	5.0	56.0	稍	**	**		コスモフリーゲン															
2019105824	2024-01-13	1小倉1		6.0	4歳以上1勝クラス								藤岡康太		芝2600				2:39.7	0.8		2-2-2-2	35.7-35.3	36.0	422(-8)				80.0																																											晴		16.0	5.0	10.0	7.1	4.0	5.0	56.0	良	**	**		カナオールウェイズ															
2019105824	2024-02-10	2小倉1		9.0	帆柱山特別(1勝クラス)								藤岡康太		芝2600				2:42.4	1.1		4-5-6-5	37.2-35.3	35.8	422(0)																																															晴		8.0	1.0	1.0	12.2	6.0	6.0	56.0	良	**	**		シリアルノヴェル															
2019105824	2024-03-24	1中京6		7.0	4歳以上1勝クラス								坂井瑠星		芝2200				2:15.3	0.3		3-3-2-2	35.0-37.5	37.4	428(+6)				320.0																																											小雨		9.0	5.0	5.0	6.0	3.0	2.0	56.0	重	**	**		コパノサントス															
2019105824	2024-04-13	1福島3		10.0	桑折特別(1勝クラス)								荻野極		芝2000				2:00.6	0.4		6-6-5-3	35.6-35.8	35.8	422(-6)				284.9																																											晴		15.0	4.0	7.0	11.5	7.0	3.0	56.0	良	**	**		ニシノコウフク															
2019105824	2024-05-12	1新潟6		9.0	尖閣湾特別(1勝クラス)								荻野極		芝2000				2:03.2	0.7		2-2	37.0-35.1	35.8	426(+4)				170.0																																											晴		8.0	5.0	5.0	4.4	2.0	4.0	56.0	良	**	**		プリティユニバンス															
2019105824	2024-08-04	2新潟4		8.0	3歳以上1勝クラス								団野大成		芝2200				2:12.4	1.1		4-3-5-4	34.3-34.7	35.6	426(0)																																															晴		14.0	4.0	5.0	36.5	7.0	6.0	56.0	良	**	**		ランスオブクイーン															
2019105824	2024-08-31	3新潟7		9.0	瓢湖特別(1勝クラス)								三浦皇成		芝2200				2:16.0	0.4		3-3-3-5	36.5-35.9	36.1	428(+2)				284.6																																											雨		14.0	3.0	4.0	11.8	4.0	3.0	56.0	稍	**	**		ベンサレム															
2019105824	2024-09-29	4中山9		7.0	3歳以上1勝クラス								坂井瑠星		芝2200				2:13.8	0.4		3-3-3-4	37.1-34.6	34.7	430(+2)				320.0																																											曇		17.0	4.0	8.0	26.2	6.0	2.0	56.0	良	**	**		コンフェルマ															
2019105824	2024-12-07	4中京3		7.0	3歳以上1勝クラス								岩田望来		芝2200				2:13.2	1.4		4-4-2-2	34.3-35.8	36.9	438(+8)																																															曇		18.0	8.0	16.0	14.1	7.0	14.0	56.0	良	**	**		ファミリータイム															
2019105824	2025-04-19	1福島3		10.0	桑折特別(1勝クラス)								佐々木大		芝2000				2:00.8	1.2		5-6-7-6	35.6-35.6	36.3	436(-2)																																															晴		16.0	4.0	7.0	7.5	4.0	11.0	56.0	良	**	**		ミスティア															
2019105824	2025-05-10	1新潟3		10.0	荒川峡特別(1勝クラス)								国分恭介		芝2200				2:15.5	0.2		8-9-7-8	35.7-37.2	36.8	432(-4)				111.0																																											曇		15.0	1.0	1.0	21.2	9.0	5.0	56.0	稍	**	**		マイネルシーマー															
2019105824	2025-05-24	1新潟7		10.0	石打特別(1勝クラス)								国分恭介		芝2000				2:00.9	-0.1		4-5	36.7-34.3	34.1	432(0)				1147.8																																											小雨		16.0	8.0	15.0	15.6	6.0	1.0	56.0	良	**	**		(サイレントグルーヴ)															
2019105824	2025-07-27	3中京2		6.0	木曽川特別(2勝クラス)								松若風馬		芝2000				2:00.4	0.9		1-1-1-1	37.1-34.0	34.9	440(+8)																																															晴		10.0	1.0	1.0	20.5	5.0	6.0	52.0	良	**	**		ヤングスカーレット															
2019105824	2025-08-16	3中京7		8.0	長久手特別(2勝クラス)								国分恭介		芝2000				2:00.1	0.4		5-5-5-5	37.0-34.1	34.0	434(-6)				155.0																																											晴		8.0	7.0	7.0	95.6	8.0	5.0	56.0	良	**	**		レディーヴァリュー															
2019105824	2025-09-14	4阪神4		9.0	能勢特別(2勝クラス)								国分恭介		芝2000				2:01.3	-0.1		1-1-1-1	38.1-34.3	34.3	434(0)				1571.7																																											曇		9.0	6.0	6.0	25.1	4.0	1.0	56.0	良	**	**		(カリーニョ)															
2019105824	2025-12-28	5阪神8		10.0	サンクフルS(3勝クラス)								国分恭介		芝2000				2:00.5	0.4		1-1-1-1	37.5-34.6	35.0	442(+8)				463.4																																											晴		11.0	3.0	3.0	17.8	4.0	3.0	56.0	良	**	**		ローランドバローズ															
2019105859	2021-06-20	1札幌4		5.0	2歳新馬								藤岡佑介		芝1200				1:09.7	0.2		12-10	34.7-34.8	33.7	432(0)				280.0	曇		16.0	3.0	6.0	15.6	5.0	2	54.0	稍	**	**		グランアプロウソ																																																									
2019105859	2021-07-04	1函館2		1.0	2歳未勝利								藤岡佑介		芝1200				1:10.4	0.0		6-4	34.4-36.0	35.4	436(+4)				510.0	晴		12.0	7.0	10.0	2.1	1.0	1	54.0	良	**	**		(ジョーブリッランテ)																																																									
2019105859	2021-08-14	2札幌1		10.0	コスモス賞(OP)								藤岡佑介		芝1800				1:49.4	0.1		5-5-5-5	35.5-36.4	36.0	436(0)				643.8	曇		6.0	6.0	6.0	4.4	3.0	2	54.0	良	**	**		トーセンヴァンノ																																																									
2019105859	2021-09-04	2札幌7		11.0	札幌2歳S(GIII)								藤岡佑介		芝1800				1:50.5	1.4		4-5-5-5	36.4-36.8	37.5	438(+2)					晴		9.0	4.0	4.0	23.4	6.0	7	54.0	良	**	**		ジオグリフ																																																									
2019105859	2022-05-07	3中京1		6.0	3歳1勝クラス								藤岡佑介		芝1600				1:34.7	0.7		7-5-5	36.0-33.7	33.2	458(+20)					晴		9.0	2.0	2.0	32.7	6.0	6	56.0	良	**	**		タガノフィナーレ																																																									
2019105859	2022-05-28	3中京7		6.0	3歳1勝クラス								藤岡佑介		芝1600				1:34.5	0.0		3-3-3	34.8-36.4	35.0	460(+2)				300.0	晴		9.0	3.0	3.0	11.5	5.0	2	56.0	良	**	**		ロールアップ																																																									
2019105859	2022-08-07	2新潟4		12.0	3歳以上1勝クラス								藤岡佑介		芝1600				1:33.6	0.2		5-4	35.5-33.9	33.4	462(+2)				310.0	晴		18.0	7.0	14.0	14.9	8.0	2	54.0	良	**	**		コミカライズ																																																									
2019105859	2022-08-27	4小倉5		12.0	3歳以上1勝クラス								富田暁		芝1800				1:46.8	0.1		5-5-5-3	36.5-34.9	33.9	452(-10)				190.0	晴		8.0	8.0	8.0	1.8	1.0	3	54.0	良	**	**		ハッピーオーサム																																																									
2019105859	2022-10-30	4新潟6		12.0	3歳以上1勝クラス								富田暁		芝1400				1:22.9	0.0		8-7	34.6-36.2	35.4	466(+14)				190.0	曇		18.0	4.0	7.0	4.2	1.0	3	55.0	稍	**	**		レッドルピナス																																																									
2019105859	2022-12-04	6中京2		8.0	3歳以上1勝クラス								ムーア		芝1400				1:20.6	0.2		7-7	33.4-35.3	34.8	474(+8)				120.0	晴		18.0	7.0	13.0	2.8	1.0	4	56.0	良	**	**		ケデシュ																																																									
2019105859	2022-12-17	6中京5		2.0	3歳以上1勝クラス								富田暁		ダ1400				1:25.2	-0.2		2-2	35.1-37.9	37.8	472(-2)				770.0	曇		16.0	8.0	15.0	3.4	1.0	1	56.0	良	**	**		(リバーサルバレット)																																																									
2019105859	2023-03-26	2中京6		12.0	四日市特別(2勝クラス)								松山弘平		ダ1400				1:23.8	0.0		2-2	34.7-37.0	36.9	468(-4)				630.0	小雨		15.0	4.0	6.0	3.1	1.0	2	58.0	不	**	**		エルバリオ																																																									
2019105859	2023-04-29	1京都3		12.0	4歳以上2勝クラス								角田大河		ダ1400				1:24.5	-0.3		6-6	35.3-36.9	36.3	470(+2)				1140.0	小雨		15.0	1.0	1.0	2.5	1.0	1	57.0	良	**	**		(ヴアーサ)																																																									
2019105859	2023-05-21	1京都10		11.0	高瀬川S(3勝クラス)								松山弘平		ダ1400				1:24.9	0.2		7-7	34.6-37.8	37.2	470(0)				750.2	晴		16.0	8.0	15.0	2.1	1.0	2	56.0	良	**	**		サトノテンペスト																																																									
2019105859	2023-06-25	3東京8		10.0	甲州街道S(3勝クラス)								津村明秀		ダ1600				1:35.7	0.4		7-8	34.5-37.3	36.5	478(+8)				465.7	晴		16.0	5.0	10.0	4.3	3.0	3	57.0	良	**	**		ワールドタキオン																																																									
2019105859	2023-10-09	2京都3		10.0	大山崎S(3勝クラス)								藤岡佑介		ダ1200				1:11.7	0.0		6-5	34.7-37.0	36.4	484(+6)				1867.3	曇		13.0	8.0	13.0	3.7	1.0	1	58.0	重	**	**		(パラシュラーマ)																																																									
2019105859	2023-10-29	4東京9		10.0	ペルセウスS(OP)								松田大作		ダ1400				1:23.6	0.0		3-5	35.3-36.4	35.9	478(-6)				888.0	晴		13.0	5.0	6.0	8.5	6.0	2	56.0	良	**	**		ヘリオス																																																									
2019105859	2023-12-03	5阪神2		11.0	ギャラクシーS(OP)								富田暁		ダ1400				1:23.9	0.2		10-9	34.2-37.4	36.5	482(+4)				554.0	晴		13.0	6.0	9.0	2.7	1.0	3	56.0	良	**	**		マルモリスペシャル																																																									
2019105859	2023-12-17	4中京6		11.0	コールドムーンS(OP)								富田暁		ダ1400				1:24.2	0.1		9-9	33.9-38.4	37.6	480(-2)				890.0	晴		16.0	4.0	7.0	4.7	1.0	2	58.0	良	**	**		フルム																																																									
2019105859	2024-06-22	4京都7		11.0	天保山S(OP)								団野大成		ダ1400				1:23.8	0.5		10-9	34.7-36.6	36.1	480(0)				889.8	曇		16.0	2.0	3.0	6.7	3.0	2	57.0	稍	**	**		サトノルフィアン																																																									
2019105859	2024-07-21	2福島8		11.0	ジュライS(L)								石川裕紀		ダ1700				1:46.6	2.3		13-14-14-14	30.3-37.7	37.5	476(-4)					晴		15.0	7.0	13.0	3.2	1.0	10	57.0	良	**	**		メイショウテンスイ																																																									
2019105859	2024-10-06	5京都2		10.0	藤森S(OP)								藤岡佑介		ダ1200				1:11.4	0.1		6-5	34.7-36.6	36.1	480(+4)				889.8	晴		14.0	7.0	13.0	6.3	4.0	2	57.0	良	**	**		クインズメリッサ																																																									
2019105859	2024-10-27	4東京8		12.0	ペルセウスS(OP)								坂井瑠星		ダ1400				1:24.0	0.6		4-4	35.9-35.5	35.6	474(-6)				220.0	曇		16.0	3.0	5.0	4.3	2.0	5	56.5	良	**	**		アームズレイン																																																									
2019105859	2024-12-22	7京都8		11.0	りんくうS(OP)								藤岡佑介		ダ1200				1:11.9	0.4		14-11	34.8-36.7	36.0	486(+12)				554.8	晴		16.0	2.0	3.0	5.5	2.0	3	57.0	良	**	**		ドンアミティエ																																																									
2019105859	2025-01-19	1中山7		10.0	ジャニュアリーS(OP)								藤岡佑介		ダ1200				1:10.7	0.5		13-12	33.3-36.9	36.2	486(0)				330.0	曇		16.0	1.0	2.0	15.9	5.0	4	57.0	良	**	**		ジャスパーゴールド																																																									
2019105859	2025-02-23	1京都8		11.0	大和S(OP)								富田暁		ダ1200				1:11.6	0.4		12-13	35.4-35.8	34.9	486(0)				554.9	曇		16.0	5.0	9.0	12.9	5.0	3	57.0	良	**	**		ドンアミティエ																																																									
2019105859	2025-04-26	2京都1		11.0	天王山S(OP)								藤岡佑介		ダ1200				1:11.2	0.5		14-13	34.3-36.4	34.7	476(-10)					晴		14.0	2.0	2.0	8.4	4.0	6	57.0	良	**	**		ドンアミティエ																																																									
2019105859	2025-06-28	1函館5		11.0	青函S(OP)								藤岡佑介		芝1200				1:08.1	0.0		11-10	33.3-34.8	33.7	470(-6)				2333.6	晴		16.0	5.0	10.0	25.8	12.0	1	56.0	良	**	**		(ティニア)																																																									
2019105859	2025-08-24	2札幌2		11.0	キーンランドC(GIII)								戸崎圭太		芝1200				1:08.5	0.3		8-7	33.6-34.6	34.2	466(-4)					晴		16.0	2.0	4.0	11.4	7.0	7	57.0	良	**	**		パンジャタワー																																																									
2019105859	2025-11-30	4京都8		12.0	京阪杯(GIII)								富田暁		芝1200				1:07.4	-0.1		10-9	32.7-34.7	33.4	480(+14)				4165.8	晴		18.0	5.0	10.0	11.7	7.0	1	57.0	良	**	**		(ルガル)																																																									
2019106028	2021-11-07	5阪神2		6.0	2歳新馬								小沢大仁		芝1200				1:11.3	0.3		6-5	36.6-34.4	34.1	434(0)				180.0	晴		11.0	7.0	8.0	47.8	10.0	3	51.0	良	**	**		メイショウグラニー																																																									
2019106028	2021-11-20	5阪神5		3.0	2歳未勝利								団野大成		芝1200				1:09.6	0.1		16-16	34.3-35.2	33.7	432(-2)				200.0	晴		16.0	3.0	6.0	39.6	10.0	2	54.0	良	**	**		プレヴォール																																																									
2019106028	2022-01-30	1小倉6		2.0	3歳未勝利								小沢大仁		芝1200				1:09.9	0.6		13-13	34.1-35.2	34.8	438(+6)				78.0	曇		16.0	4.0	8.0	2.7	1.0	4	52.0	良	**	**		タッカーシルバー																																																									
2019106028	2022-02-13	2小倉2		2.0	3歳未勝利								藤岡佑介		芝1200				1:10.3	0.4		14-8	34.2-35.7	35.1	436(-2)				130.0	雨		18.0	8.0	17.0	5.1	3.0	3	54.0	稍	**	**		エスオーライアン																																																									
2019106028	2022-03-12	2中京1		3.0	3歳未勝利								藤岡佑介		芝1400				1:22.3	1.2		8-8	34.7-34.9	35.0	440(+4)					晴		18.0	7.0	13.0	12.2	5.0	7	54.0	良	**	**		メイケイバートン																																																									
2019106028	2022-05-22	3中京6		4.0	3歳未勝利								浜中俊		芝1200				1:09.4	0.4		13-11	34.1-34.9	34.5	434(-6)				78.0	晴		18.0	2.0	3.0	8.6	5.0	4	54.0	稍	**	**		エイシンスポッター																																																									
2019106028	2022-06-18	1函館3		1.0	3歳未勝利								浜中俊		芝1200				1:09.6	0.0		8-8	33.8-35.8	35.0	434(0)				210.0	曇		16.0	6.0	11.0	6.0	3.0	2	54.0	良	**	**		ドロップオブライト																																																									
2019106028	2022-06-25	1函館5		3.0	3歳未勝利								浜中俊		芝1200				1:09.8	0.3		10-9	33.9-35.6	34.7	438(+4)					曇		16.0	5.0	10.0	2.6	1.0	6	54.0	稍	**	**		ネイキッドハート																																																									
2019106028	2022-07-23	1札幌1		4.0	3歳未勝利								吉田隼人		芝1200				1:11.1	1.1		10-9	34.0-36.0	36.0	436(-2)					曇		16.0	6.0	12.0	5.8	3.0	10	54.0	稍	**	**		モリノドリーム																																																									
2019106028	2022-08-14	2札幌2		7.0	3歳以上1勝クラス								藤岡佑介		芝1500				1:30.8	0.4		9-9-10	29.3-36.6	36.5	444(+8)					曇		12.0	2.0	2.0	54.3	9.0	6	52.0	稍	**	**		ルージュエクレール																																																									
2019106028	2022-08-20	4小倉3		7.0	3歳未勝利								西村淳也		芝1200				1:07.1	-0.3		7-6	32.6-34.5	33.8	436(-8)				520.0	晴		18.0	6.0	11.0	13.2	7.0	1	54.0	良	**	**		(ジョーリベリカ)																																																									
2019106028	2022-10-30	4新潟6		12.0	3歳以上1勝クラス								泉谷楓真		芝1400				1:23.0	0.1		8-7	34.6-36.2	35.5	436(0)				77.0	曇		18.0	6.0	12.0	36.9	9.0	5	52.0	稍	**	**		レッドルピナス																																																									
2019106028	2022-11-19	5阪神5		12.0	3歳以上1勝クラス								浜中俊		芝1600				1:37.3	1.6		6-4	35.2-35.3	34.6	438(+2)					晴		18.0	8.0	16.0	56.0	13.0	17	54.0	良	**	**		レベレンシア																																																									
2019106028	2022-12-03	6阪神1		7.0	3歳以上1勝クラス								藤岡佑介		ダ1200				1:12.4	0.1		7-6	35.1-37.2	36.7	442(+4)				310.0	晴		9.0	1.0	1.0	28.9	7.0	2	54.0	稍	**	**		ニホンピロクリーク																																																									
2019106028	2023-02-04	1小倉7		12.0	4歳以上1勝クラス								泉谷楓真		芝1200				1:09.6	0.9		14-12	34.5-34.2	34.4	436(-6)					晴		18.0	7.0	14.0	7.2	4.0	15	55.0	良	**	**		メイショウグラニー																																																									
2019106028	2023-02-19	1阪神4		8.0	4歳以上1勝クラス								岩田康誠		ダ1200				1:13.8	1.6		13-12	34.3-37.9	37.6	438(+2)					曇		15.0	2.0	2.0	4.8	2.0	11	56.0	稍	**	**		ウナギノボリ																																																									
2019106028	2023-02-26	1阪神6		7.0	4歳以上1勝クラス								戸崎圭太		ダ1200				1:13.4	0.3		12-12	34.6-38.5	37.1	436(-2)				200.0	曇		15.0	4.0	7.0	10.8	6.0	3	56.0	稍	**	**		プレイテシア																																																									
2019106028	2023-05-14	2東京8		7.0	4歳以上1勝クラス								ルメール		ダ1600				1:37.9	0.5		9-8	36.1-36.0	35.9	440(+4)					曇		15.0	2.0	3.0	16.0	6.0	7	56.0	稍	**	**		グラヴィル																																																									
2019106028	2023-05-21	1京都10		8.0	4歳以上1勝クラス								城戸義政		芝1400				1:21.1	0.3		7-7	34.7-34.7	33.9	436(-4)					晴		18.0	7.0	15.0	16.7	8.0	6	56.0	良	**	**		クロニクルノヴァ																																																									
2019106028	2023-07-09	3中京4		9.0	タイランドC(1勝クラス)								西村淳也		芝1400				1:22.1	1.9		12-15	33.3-35.3	36.0	438(+2)					曇		18.0	5.0	9.0	46.3	13.0	13	56.0	稍	**	**		スズハローム																																																									
2019106028	2023-07-15	2福島5		8.0	3歳以上1勝クラス								小坂忠士		芝1200				1:11.4	0.4		12-10	35.4-35.6	35.1	436(-2)					雨		14.0	4.0	6.0	38.8	10.0	8	56.0	稍	**	**		サウンドクレア																																																									
2019106028	2023-08-26	3小倉5		12.0	3歳以上1勝クラス								西村淳也		芝1200				1:09.3	1.1		10-9	33.5-34.7	35.0	442(+6)					晴		14.0	8.0	13.0	8.4	4.0	10	56.0	良	**	**		ハクサンパイオニア																																																									
2019106028	2023-09-02	3小倉7		7.0	3歳以上1勝クラス								森一馬		芝1200				1:10.2	1.8		16-14	33.5-34.9	35.6	434(-8)					曇		18.0	4.0	7.0	104.7	14.0	14	56.0	稍	**	**		バースクライ																																																									
2019106028	2023-09-16	4阪神3		7.0	3歳以上1勝クラス								西村淳也		ダ1200				1:12.9	0.3		12-10	35.1-37.5	36.5	438(+4)				80.0	晴		15.0	2.0	2.0	38.3	11.0	5	56.0	良	**	**		ダイリュウホマレ																																																									
2019106028	2023-12-02	5阪神1		7.0	3歳以上1勝クラス								西村淳也		ダ1200				1:13.7	1.5		9-8	34.9-37.3	37.6	448(+10)				80.0	晴		13.0	2.0	2.0	14.7	6.0	5	56.0	良	**	**		ラブリアージェ																																																									
2019106028	2023-12-16	5阪神5		8.0	3歳以上1勝クラス								モリス		ダ1200				1:12.8	1.1		10-9	35.6-36.1	36.3	450(+2)					雨		16.0	5.0	9.0	47.8	9.0	6	56.0	稍	**	**		リュウ																																																									
2019106028	2024-01-13	1京都4		7.0	4歳以上1勝クラス								坂井瑠星		ダ1400				1:27.1	1.0		11-9	35.7-37.8	37.6	456(+6)					曇		15.0	7.0	13.0	38.5	10.0	8	56.0	良	**	**		ジャミーレ																																																									
2019106028	2024-03-21	園田		11.0	JRA交流芦屋川特別								吉村智洋		ダ1400				1:31.1	0.1		5-5-4-2		39.3	456(0)				80.0	曇		11.0	4.0	4.0	3.6	3.0	2	54.0	稍	**	**		テーオーターナー																																																									
2019106028	2024-04-06	2阪神5		8.0	4歳以上1勝クラス								西村淳也		ダ1200				1:12.7	1.1		14-14	34.9-36.7	36.2	454(-2)					晴		16.0	8.0	16.0	152.7	13.0	12	56.0	稍	**	**		カミーロ																																																									
2019106028	2024-06-11	金沢		7.0	金沢城賞(A2B1)								栗原大河		ダ1500				1:33.7	0.3		2-2-2-2		37.2	454(0)				32.0	晴		11.0	8.0	10.0	2.4	1.0	2	55.0	良	**	**		クラップアンドチア																																																									
2019106028	2024-06-29	3小倉1		12.0	3歳以上1勝クラス								田口貫太		芝1200				1:09.4	0.4		5-6	34.1-34.9	34.9	456(+2)					曇		11.0	2.0	2.0	45.3	8.0	7	55.0	良	**	**		デイトナモード																																																									
2019106028	2024-07-31	門別		7.0	アルビレオ特別(A2)								石川倭		ダ1200				1:13.1	-0.1		2-2		36.6	454(-2)				120.0	晴		6.0	1.0	1.0	2.9	2.0	1	55.0	稍	**	**		(サラキャサリン)																																																									
2019106028	2024-08-10	2札幌1		10.0	日高特別(2勝クラス)								横山和生		芝1500				1:29.0	1.0		7-7-8	29.5-35.0	35.4	450(-4)					晴		12.0	4.0	4.0	105.5	11.0	11	56.0	良	**	**		オーサムストローク																																																									
2019106028	2024-10-06	5京都2		8.0	3歳以上2勝クラス								高杉吏麒		ダ1400				1:25.6	2.5		4-4	34.7-36.3	38.3	454(+4)					晴		11.0	3.0	3.0	179.7	10.0	10	53.0	良	**	**		キャプテンネキ																																																									
2019106028	2024-10-13	5京都4		12.0	亀岡特別(2勝クラス)								西村淳也		ダ1400				1:25.2	0.3		7-5	34.9-37.8	37.2	452(-2)				393.1	晴		9.0	3.0	3.0	37.4	8.0	3	56.0	良	**	**		ギーロカスタル																																																									
2019106028	2024-10-27	5京都8		12.0	3歳以上2勝クラス								高杉吏麒		ダ1400				1:24.4	0.8		7-8	34.3-37.4	36.9	452(0)					曇		12.0	6.0	8.0	33.7	7.0	6	54.0	良	**	**		ラブコメディ																																																									
2019106028	2024-12-22	7京都8		8.0	3歳以上2勝クラス								城戸義政		ダ1400				1:26.5	1.1		12-9	36.0-37.6	37.7	454(+2)					晴		16.0	6.0	12.0	89.1	11.0	11	56.0	良	**	**		スターペスカオリ																																																									
2019106030	2022-01-08	1中山2		6.0	3歳新馬								戸崎圭太		芝1600				1:37.0	1.3		7-7-7	35.4-36.0	35.8	528(0)				60.0																													晴		16.0	1.0	1.0	6.9	4.0	5	56.0	稍	**	**		リヴォリ																													
2019106030	2022-01-29	1東京1		5.0	3歳未勝利								岩田康誠		芝1800				1:49.8	1.6		2-3-4	36.3-34.3	35.6	524(-4)																																	曇		16.0	4.0	7.0	75.5	7.0	10	56.0	良	**	**		ベジャール																													
2019106030	2022-04-02	3中山3		6.0	3歳未勝利								戸崎圭太		ダ1800				1:54.4	-0.5		3-2-2-2	37.0-38.8	38.6	526(+2)				520.0																													晴		15.0	6.0	10.0	5.8	2.0	1	56.0	重	**	**		(ダンディジャック)																													
2019106030	2022-04-17	3中山8		5.0	3歳1勝クラス								戸崎圭太		ダ1800				1:53.8	1.7		8-7-10-9	36.8-37.8	38.3	530(+4)																																	晴		13.0	5.0	6.0	67.7	9.0	7	56.0	稍	**	**		ペイシャエス																													
2019106030	2022-08-14	3新潟2		8.0	3歳以上1勝クラス								戸崎圭太		ダ1800				1:52.3	0.4		12-12-13-13	35.9-38.9	38.0	534(+4)				190.0																													曇		15.0	2.0	2.0	15.2	7.0	3	54.0	重	**	**		イスカンダル																													
2019106030	2022-09-19	4中山5		8.0	3歳以上1勝クラス								戸崎圭太		ダ2400				2:34.7	0.6		10-10-10-7	37.5-39.9	39.1	520(-14)				190.0																													晴		16.0	5.0	10.0	4.2	1.0	3	54.0	重	**	**		ワカミヤプレスト																													
2019106030	2022-10-08	4東京1		8.0	3歳以上1勝クラス								戸崎圭太		ダ2100				2:08.5	-0.1		7-7-7-4	30.2-37.2	36.7	520(0)				770.0																													曇		13.0	6.0	9.0	6.3	4.0	1	55.0	重	**	**		(スリーエクスプレス)																													
2019106030	2023-01-28	1東京1		8.0	4歳以上2勝クラス								ルメール		ダ2100				2:11.2	-0.5		1-1-1-1	30.6-36.7	36.7	526(+6)				1140.0																													晴		16.0	1.0	1.0	6.7	3.0	1	57.0	良	**	**		(キングサーガ)																													
2019106030	2023-02-18	1東京7		10.0	金蹄S(3勝クラス)								ルメール		ダ2100				2:10.2	1.1		2-2-3-3	30.8-36.6	37.4	522(-4)				464.9																													晴		16.0	3.0	5.0	2.3	1.0	3	57.0	稍	**	**		ダノンラスター																													
2019106030	2023-09-02	3新潟7		11.0	古町S(3勝クラス)								坂井瑠星		ダ1800				1:53.6	1.5		6-6-5-7	36.5-37.8	38.6	510(-12)																																	曇		15.0	6.0	10.0	7.0	4.0	7	57.0	良	**	**		ラブリークイーン																													
2019106030	2023-10-21	4東京6		10.0	神無月S(3勝クラス)								坂井瑠星		ダ2100				2:09.8	0.2		7-7-5-3	30.1-37.7	37.7	514(+4)				749.6																													晴		16.0	6.0	12.0	5.3	3.0	2	58.0	良	**	**		オーロイプラータ																													
2019106030	2023-11-18	5東京5		10.0	晩秋S(3勝クラス)								ルメール		ダ2100				2:10.0	0.7		8-3-3-3	31.8-36.9	37.4	510(-4)				280.0																													晴		16.0	8.0	16.0	3.0	2.0	4	57.0	重	**	**		オーサムリザルト																													
2019106030	2024-02-17	1東京7		10.0	金蹄S(3勝クラス)								ピーヒュ		ダ2100				2:11.6	0.5		12-12-12-10	30.6-37.2	36.8	522(+12)				464.0																													曇		13.0	8.0	13.0	11.3	4.0	3	58.0	良	**	**		クールミラボー																													
2019106030	2024-03-16	2中山7		10.0	韓国馬事会杯(3勝クラス)								戸崎圭太		ダ1800				1:51.7	0.2		8-8-6-6	35.6-38.6	38.3	526(+4)				748.8																													晴		14.0	6.0	9.0	5.4	3.0	2	58.0	良	**	**		ブレイクフォース																													
2019106030	2024-04-13	3中山7		10.0	下総S(3勝クラス)								戸崎圭太		ダ1800				1:52.1	0.4		4-4-3-2	37.4-37.4	37.6	524(-2)				464.2																													晴		14.0	6.0	9.0	2.0	1.0	3	58.0	良	**	**		アクションプラン																													
2019106030	2024-05-19	2東京10		10.0	エアグルーヴC(3勝クラス)								ルメール		ダ2100				2:10.7	0.2		6-5-5-5	30.8-36.9	36.4	526(+2)				750.2																													曇		16.0	3.0	5.0	2.4	1.0	2	58.0	良	**	**		ルクスフロンティア																													
2019106030	2025-10-18	4東京6		10.0	伊勢佐木S(3勝クラス)								横山武史		ダ2100				2:14.4	2.4		14-14-14-13	31.4-36.6	37.5	524(-2)																																	曇		16.0	4.0	7.0	12.7	6.0	12	58.0	良	**	**		ピカピカサンダー																													
2019106030	2025-11-24	5東京6		10.0	晩秋S(3勝クラス)								プーシャ		ダ2100				2:11.4	1.4		12-9-7-6	30.9-37.4	37.9	528(+4)				184.0																													晴		16.0	4.0	8.0	44.2	7.0	5	57.0	良	**	**		キョウキランブ																													
2019106030	2025-12-21	5中山6		10.0	北総S(3勝クラス)								プーシャ		ダ1800				1:52.1	1.0		2-3-5-5	36.4-36.9	37.5	530(+2)																																	曇		15.0	6.0	11.0	15.5	5.0	6	58.0	重	**	**		イムホテプ																													
2019106030	2026-01-17	1中山6		10.0	アレキサンドライトS(3勝クラス)								横山武史		ダ1800				1:52.8	0.6		3-3-3-3	37.4-37.5	37.9	532(+2)				760.0																													晴		16.0	6.0	11.0	18.6	9.0	2	57.0	良				チュウワクリスエス																													
2019106076	2022-03-05	1阪神7		4.0	3歳未勝利								藤懸貴志		ダ1400				1:27.2	-0.1		2-2	35.0-39.6	39.3	470(0)				520.0	晴		16.0	1.0	2.0	3.3	1.0	1	56.0	良	**	**		(メイショウアポイ)																																																									
2019106076	2022-03-26	2阪神1		6.0	3歳1勝クラス								藤懸貴志		芝1400				1:22.4	-0.2		2-2	35.9-34.5	34.4	460(-10)				750.0	小雨		9.0	7.0	7.0	8.4	5.0	1	56.0	稍	**	**		(ドグマ)																																																									
2019106076	2022-05-08	3中京2		10.0	橘S(L)								藤懸貴志		芝1400				1:20.5	1.2		6-6	33.7-34.3	34.6	464(+4)					晴		10.0	5.0	5.0	2.8	1.0	7	56.0	良	**	**		ウインマーベル																																																									
2019106076	2022-05-28	3中京7		11.0	葵S(GIII)								藤懸貴志		芝1200				1:08.8	0.6		13-13	33.2-35.0	34.5	460(-4)					晴		17.0	5.0	10.0	36.9	11.0	7	56.0	良	**	**		ウインマーベル																																																									
2019106076	2022-09-03	2札幌7		9.0	札幌スポニチ賞(2勝クラス)								ルメール		芝1200				1:09.6	0.3		5-5	33.8-35.5	35.1	466(+6)				609.8	晴		16.0	1.0	2.0	8.2	3.0	2	55.0	良	**	**		キミワクイーン																																																									
2019106076	2023-12-02	5中山1		12.0	3歳以上2勝クラス								ビュイッ		芝1200				1:09.4	1.6		6-9	33.0-34.8	35.6	472(+6)					晴		16.0	4.0	8.0	3.3	1.0	16	58.0	良	**	**		ピンクマクフィー																																																									
2019106076	2023-12-24	5阪神8		12.0	ジングルベル賞(2勝クラス)								藤懸貴志		芝1400				1:21.1	0.8		6-5	33.9-34.8	35.1	470(-2)					晴		15.0	7.0	13.0	20.2	9.0	13	58.0	良	**	**		アサカラキング																																																									
2019106076	2024-01-08	1京都3		12.0	4歳以上2勝クラス								田口貫太		芝1600				1:35.5	0.2		4-5	35.5-35.2	35.0	468(-2)				290.0	晴		11.0	3.0	3.0	27.7	8.0	3	56.0	良	**	**		ビヨンドザヴァレー																																																									
2019106076	2024-01-28	2京都2		12.0	4歳以上2勝クラス								田口貫太		芝1600				1:34.8	0.5		4-3	35.1-35.3	35.2	468(0)				114.0	曇		9.0	8.0	8.0	4.4	3.0	5	57.0	良	**	**		ペイシャフラワー																																																									
2019106076	2024-03-30	2阪神3		10.0	ラジオ関西賞仲春特別(2勝クラス)								田口貫太		芝1200				1:09.1	0.7		6-6	33.9-34.5	34.7	462(-6)					晴		15.0	4.0	7.0	5.5	2.0	12	58.0	良	**	**		タツダイヤモンド																																																									
2019106076	2024-04-14	2阪神8		12.0	4歳以上2勝クラス								丸山元気		ダ1400				1:26.2	1.3		3-3	35.3-36.9	37.9	462(0)					晴		15.0	8.0	14.0	21.2	8.0	8	58.0	良	**	**		エイシンレジューム																																																									
2019106076	2024-04-27	3京都3		12.0	4歳以上2勝クラス								松若風馬		ダ1400				1:27.3	2.7		7-8	34.8-37.8	39.7	460(-2)					曇		16.0	4.0	7.0	64.3	12.0	15	58.0	良	**	**		バトゥーキ																																																									
2019106076	2024-08-31	2札幌7		12.0	マレーシアC(2勝クラス)								荻野琢真		芝1200				1:11.8	1.3		10-11	34.7-35.8	36.3	474(+14)					晴		16.0	6.0	11.0	46.1	13.0	11	58.0	重	**	**		ツインクルトーズ																																																									
2019106076	2024-09-16	3中京5		10.0	桑名特別(2勝クラス)								荻野琢真		芝1400				1:22.3	1.6		10-10	35.1-33.9	34.4	458(-16)					曇		13.0	7.0	11.0	291.9	13.0	12	58.0	良	**	**		ソンシ																																																									
2019106076	2024-12-22	7京都8		12.0	ジングルベル賞(2勝クラス)								古川吉洋		芝1400				1:22.0	0.8		12-10	35.4-34.2	34.0	468(+10)					晴		17.0	4.0	8.0	74.4	15.0	8	54.0	良	**	**		ヤマニンアルリフラ																																																									
2019106076	2025-01-06	1中京2		12.0	4歳以上2勝クラス								吉村誠之		芝1600				1:38.6	1.4		8-11-10	35.3-36.9	37.5	464(-4)					雨		16.0	2.0	3.0	230.5	15.0	11	56.0	重	**	**		ナムラエイハブ																																																									
2019106076	2025-02-15	佐賀		5.0	梅花賞(B)								竹吉徹		ダ1400				1:31.6	1.8		7-6-5-7		40.4	473(+9)					曇		11.0	3.0	3.0	8.8	4.0	6	56.0	稍	**	**		ナムラジョシュア																																																									
2019106076	2025-03-02	佐賀		6.0	すみれ特別(B)								竹吉徹		ダ1300				1:22.8	0.8		10-9-7-6		38.0	471(-2)				14.4	小雨		11.0	3.0	3.0	49.3	9.0	3	56.0	不	**	**		ナムラジョシュア																																																									
2019106076	2025-03-15	佐賀		4.0	軽暖賞(B)								竹吉徹		ダ1750				1:58.5	2.5		8-9-7-7		39.9	473(+2)					雨		11.0	8.0	10.0	20.5	5.0	7	56.0	重	**	**		ラインフォルテ																																																									
2019106293	2021-06-27	1札幌6		5.0	2歳新馬								大野拓弥		芝1200				1:09.9	0.3		3-3	33.8-35.8	35.8	456(0)				180.0	晴		10.0	1.0	1.0	5.6	2.0	3	54.0	良	**	**		ラブリイユアアイズ																																																									
2019106293	2021-07-10	1函館3		1.0	2歳未勝利								大野拓弥		芝1200				1:10.0	0.2		3-3	34.2-35.6	35.5	450(-6)				130.0	曇		9.0	2.0	2.0	7.5	4.0	3	54.0	良	**	**		ブッシュガーデン																																																									
2019106293	2021-11-06	2福島1		2.0	2歳未勝利								横山和生		芝1200				1:10.2	0.9		5-7	33.9-35.4	35.9	458(+8)					晴		16.0	8.0	16.0	6.8	4.0	10	55.0	良	**	**		スマイルアップ																																																									
2019106293	2021-11-21	5阪神6		2.0	2歳未勝利								横山武史		ダ1200				1:12.7	-0.1		2-2	35.5-37.2	37.1	462(+4)				510.0	晴		15.0	6.0	10.0	7.1	4.0	1	55.0	良	**	**		(エクサープト)																																																									
2019106293	2021-12-12	6阪神4		6.0	2歳1勝クラス								Ｃ．デム		ダ1200				1:12.4	0.0		5-5	34.5-37.9	37.3	460(-2)				730.0	晴		14.0	4.0	5.0	3.5	2.0	1	55.0	良	**	**		(ゼットノヴァ)																																																									
2019106293	2022-03-13	2中京2		10.0	昇竜S(OP)								岩田望来		ダ1400				1:26.2	2.7		4-4	34.8-37.0	39.3	456(-4)					曇		10.0	7.0	7.0	29.6	8.0	9	56.0	良	**	**		リメイク																																																									
2019106293	2022-05-01	2阪神12		10.0	端午S(OP)								武豊		ダ1400				1:23.6	0.4		5-5	35.1-35.6	35.7	458(+2)				453.5	晴		11.0	3.0	3.0	73.7	9.0	3	56.0	重	**	**		リメイク																																																									
2019106293	2022-08-14	3新潟2		9.0	浦佐特別(2勝クラス)								武豊		ダ1200				1:10.2	0.0		8-8	33.4-36.8	35.8	466(+8)				610.0	曇		15.0	1.0	1.0	4.4	3.0	2	54.0	重	**	**		クロジシジョー																																																									
2019106293	2022-09-10	5中京1		12.0	3歳以上2勝クラス								川田将雅		ダ1200				1:10.6	1.5		5-5	33.6-35.5	36.6	466(0)					晴		16.0	7.0	14.0	2.2	1.0	8	55.0	重	**	**		ラインガルーダ																																																									
2019106293	2022-11-19	5阪神5		8.0	3歳以上2勝クラス								武豊		ダ1200				1:12.4	1.2		9-8	34.9-36.3	36.6	468(+2)				280.0	晴		16.0	7.0	14.0	3.7	3.0	3	56.0	良	**	**		イスラアネーロ																																																									
2019106293	2022-12-04	6中京2		10.0	豊川特別(2勝クラス)								武豊		ダ1200				1:12.0	-0.7		6-6	34.4-37.6	36.8	466(-2)				1552.0	晴		16.0	4.0	7.0	2.7	1.0	1	56.0	良	**	**		(ニルカンタテソーロ)																																																									
2019106293	2023-03-04	1阪神7		10.0	なにわS(3勝クラス)								武豊		ダ1200				1:12.7	0.4		6-5	35.2-37.1	37.0	466(0)				464.9	晴		16.0	5.0	10.0	5.5	2.0	3	58.0	良	**	**		ピアシック																																																									
2019106293	2023-04-02	2阪神4		12.0	陽春S(3勝クラス)								武豊		ダ1200				1:11.9	0.4		5-4	34.4-37.1	36.9	464(-2)				750.6	晴		16.0	5.0	10.0	8.2	3.0	2	57.0	良	**	**		サンライズアムール																																																									
2019106293	2023-04-30	1京都4		12.0	東大路S(3勝クラス)								武豊		ダ1200				1:12.9	0.8		8-8	34.6-37.5	37.5	464(0)					曇		16.0	1.0	2.0	2.9	1.0	8	58.0	重	**	**		マルモリスペシャル																																																									
2019106293	2023-06-11	3阪神4		10.0	安芸S(3勝クラス)								川田将雅		ダ1200				1:10.8	0.0		4-4	34.7-36.1	35.6	462(-2)				1877.1	曇		16.0	3.0	6.0	4.2	1.0	1	57.0	重	**	**		(メイショウフジタカ)																																																									
2019106293	2023-07-23	2福島8		11.0	安達太良S(OP)								北村宏司		ダ1150				1:07.3	0.1		4-4	30.7-36.5	35.9	458(-4)				887.2	晴		11.0	6.0	7.0	14.6	7.0	2	57.0	良	**	**		チェイスザドリーム																																																									
2019106293	2023-08-20	3新潟4		11.0	NST賞(OP)								北村宏司		ダ1200				1:11.9	0.7		5-5	33.9-37.3	37.2	464(+6)					晴		14.0	5.0	8.0	5.0	2.0	8	56.0	良	**	**		アルファマム																																																									
2019106293	2023-11-12	3京都4		10.0	室町S(OP)								ルメール		ダ1200				1:12.8	0.3		2-3	34.9-37.6	37.8	472(+8)					曇		16.0	8.0	16.0	22.2	9.0	10	56.0	稍	**	**		アイスリアン																																																									
2019106293	2024-04-07	3中山6		11.0	京葉S(L)								田辺裕信		ダ1200				1:09.8	0.0		2-3	34.3-35.5	35.2	468(-4)				969.0	晴		14.0	7.0	12.0	29.6	9.0	2	57.0	重	**	**		シアージスト																																																									
2019106293	2024-05-04	1新潟3		11.0	越後S(OP)								佐々木大		ダ1200				1:11.2	0.1		5-5	34.0-37.1	36.4	480(+12)				554.8	晴		15.0	1.0	1.0	9.8	5.0	3	58.0	良	**	**		ナムラフランク																																																									
2019106293	2024-10-06	5京都2		10.0	藤森S(OP)								吉村誠之		ダ1200				1:12.6	1.3		5-7	34.7-36.6	37.3	478(-2)					晴		14.0	5.0	9.0	36.1	9.0	12	57.0	良	**	**		クインズメリッサ																																																									
2019106293	2024-12-22	7京都8		11.0	りんくうS(OP)								吉村誠之		ダ1200				1:13.0	1.5		3-3	34.8-36.7	38.0	482(+4)					晴		16.0	8.0	15.0	53.7	12.0	10	57.0	良	**	**		ドンアミティエ																																																									
2019106293	2025-02-23	1京都8		11.0	大和S(OP)								吉村誠之		ダ1200				1:12.1	0.9		7-6	35.4-35.8	36.0	488(+6)					曇		16.0	1.0	1.0	71.4	12.0	7	57.0	良	**	**		ドンアミティエ																																																									
2019106293	2025-04-26	2京都1		11.0	天王山S(OP)								吉村誠之		ダ1200				1:10.8	0.1		2-2	34.3-36.4	35.7	486(-2)				554.4	晴		14.0	5.0	8.0	126.2	11.0	3	57.0	良	**	**		ドンアミティエ																																																									
2019106293	2025-06-08	3阪神2		11.0	水無月S(OP)								鮫島克駿		ダ1200				1:12.7	1.8		2-2	34.3-36.6	38.1	484(-2)					曇		16.0	3.0	5.0	10.9	7.0	15	56.0	良	**	**		サンライズアムール																																																									
2019106293	2025-07-30	船橋		11.0	習志野きらっとスプリ(重賞)								笹川翼		ダ1000				0:59.1	-0.7		3-3	34.2-36.6	36.4	486(+2)				2100.0	晴		14.0	8.0	14.0	6.3	3.0	1	56.0	良	**	**		(ストライクオン)																																																									
2019106293	2025-09-03	大井		11.0	アフター5スター賞競(重賞)								笹川翼		ダ1200				1:10.9	-0.4		3-3	34.3-36.6	36.4	485(-1)				1500.0	曇		16.0	6.0	11.0	2.0	1.0	1	57.0	良	**	**		(トーセンサンダー)																																																									
2019106293	2025-11-03	船橋		10.0	JBCスプリント(JpnI)								笹川翼		ダ1000				0:58.8	-0.2		1-1	34.1-36.2	36.2	488(+3)				8000.0	晴		14.0	3.0	3.0	6.8	5.0	1	57.0	稍	**	**		(ママコチャ)																																																									
2019106632	2021-11-07	5阪神2	晴	4.0	2歳新馬		12.0	2.0	2.0	13.3	6.0	11	角田大和	52.0	ダ1200		良	**	1:17.1	3.2	**	7-12	36.5-37.4	39.4	492(0)			クロデメニル																																																																								
2019106632	2021-11-21	5阪神6	晴	2.0	2歳未勝利		15.0	2.0	3.0	44.4	9.0	5	岩田康誠	55.0	ダ1200		良	**	1:13.8	1.1	**	4-5	35.5-37.2	38.0	490(-2)			ファーンヒル	51.0																																																																							
2019106632	2021-12-11	6中京3	晴	2.0	2歳未勝利		16.0	3.0	6.0	3.4	2.0	1	岩田康誠	55.0	ダ1200		良	**	1:12.8	-0.6	**	1-1	34.9-37.9	37.9	486(-4)			(デルマシルフ)	510.0																																																																							
2019106632	2022-01-15	1中京5	晴	7.0	3歳1勝クラス		11.0	8.0	11.0	12.5	8.0	8	石川裕紀	56.0	ダ1200		良	**	1:13.9	1.0	**	4-5	35.4-37.5	38.1	484(-2)			ペプチドヤマト																																																																								
2019106632	2022-01-30	1中京10	曇	4.0	3歳1勝クラス		12.0	6.0	8.0	25.7	7.0	12	酒井学	56.0	ダ1200		良	**	1:15.5	3.0	**	2-2	35.3-37.2	40.1	486(+2)			フルム																																																																								
2019106632	2022-02-12	1阪神1	晴	6.0	3歳1勝クラス		16.0	5.0	9.0	290.1	15.0	15	中井裕二	56.0	ダ1400		良	**	1:26.9	2.1	**	16-16	34.4-38.0	38.4	482(-4)			コンクパール																																																																								
2019106632	2022-09-10	5中京1	晴	7.0	3歳以上1勝クラス		11.0	6.0	6.0	11.7	7.0	3	岩田康誠	55.0	ダ1200		不	**	1:10.6	1.2	**	4-4	34.3-35.1	35.9	470(-12)			クレア	190.0																																																																							
2019106632	2022-10-10	4阪神3	曇	7.0	3歳以上1勝クラス		14.0	4.0	6.0	13.2	7.0	4	岩田康誠	55.0	ダ1200		不	**	1:11.2	0.4	**	3-4	34.5-36.3	36.4	482(+12)			スリードレフォン	120.0																																																																							
2019106632	2022-11-12	5阪神3	晴	6.0	3歳以上1勝クラス		15.0	6.0	11.0	6.5	4.0	1	岩田望来	56.0	ダ1400		良	**	1:24.0	-0.4	**	4-4	34.4-37.5	36.9	480(-2)			(サトノテンペスト)	770.0																																																																							
2019106632	2022-12-11	6阪神4	晴	12.0	夙川特別(2勝クラス)		16.0	7.0	13.0	3.3	1.0	1	岩田望来	56.0	ダ1200		良	**	1:11.7	-0.3	**	5-4	34.9-36.8	36.3	476(-4)			(ユスティニアン)	1543.6																																																																							
2019106632	2023-01-05	1中京1	晴	9.0	門松S(3勝クラス)		16.0	6.0	12.0	5.4	3.0	2	岩田望来	57.0	ダ1400		良	**	1:24.9	0.4	**	3-3	35.0-37.0	37.2	486(+10)			ヴァルキュリア	750.8																																																																							
2019106632	2023-01-28	1中京9	晴	11.0	伊賀S(3勝クラス)		16.0	3.0	6.0	6.3	4.0	7	岩田望来	57.0	ダ1200		良	**	1:12.4	1.0	**	8-7	34.4-37.0	37.3	484(-2)			サンライズホーク																																																																								
2019106632	2023-04-15	2阪神7	雨	10.0	天満橋S(3勝クラス)		16.0	6.0	11.0	15.5	7.0	7	岩田康誠	57.0	ダ1400		不	**	1:23.5	0.9	**	9-9	34.4-36.4	36.4	480(-4)			タガノクリステル																																																																								
2019106632	2023-05-21	1京都10	晴	11.0	高瀬川S(3勝クラス)		16.0	1.0	2.0	8.5	4.0	16	岩田康誠	57.0	ダ1400		良	**	1:28.0	3.3	**	10-8	34.6-37.8	40.1	484(+4)			サトノテンペスト																																																																								
2019106632	2023-11-04	3京都1	曇	10.0	貴船S(3勝クラス)		16.0	5.0	9.0	52.9	11.0	12	岩田康誠	56.0	ダ1200		良	**	1:12.4	1.6	**	16-16	35.4-35.4	35.4	494(+10)			パラシュラーマ																																																																								
2019106632	2023-11-19	3京都6	晴	12.0	西陣S(3勝クラス)		14.0	8.0	14.0	39.2	10.0	6	Ｍ．デム	58.0	ダ1400		稍	**	1:24.6	0.6	**	2-2	34.9-36.9	37.3	490(-4)			テーオーステルス																																																																								
2019106632	2023-12-24	5中山8	晴	12.0	フェアウェルS(3勝クラス)		16.0	7.0	14.0	53.0	10.0	13	佐々木大	58.0	ダ1200		良	**	1:11.6	1.3	**	8-9	33.5-36.8	37.4	494(+4)			メズメライザー																																																																								
2019106632	2024-02-03	2京都3	晴	9.0	橿原S(3勝クラス)		16.0	1.0	1.0	68.2	11.0	6	Ｍ．デム	58.0	ダ1200		良	**	1:11.7	0.9	**	5-5	34.0-36.8	36.9	502(+8)			ドンアミティエ																																																																								
2019106632	2024-03-02	1阪神3	曇	10.0	なにわS(3勝クラス)		16.0	5.0	10.0	25.5	7.0	8	田辺裕信	58.0	ダ1200		稍	**	1:12.0	1.0	**	12-12	34.6-36.4	36.1	490(-12)			コパノパサディナ																																																																								
2019106632	2024-04-21	2東京2	曇	10.0	鎌倉S(3勝クラス)		15.0	7.0	12.0	27.8	7.0	12	吉田豊	58.0	ダ1400		良	**	1:26.0	2.2	**	10-11	34.4-37.2	37.5	494(+4)			コパノニコルソン																																																																								
2019106632	2024-06-23	4京都8	曇	10.0	サイレンススズカC(3勝クラス)		15.0	8.0	14.0	132.0	14.0	3	鮫島良太	58.0	ダ1400		不	**	1:23.4	0.1	**	2-2	35.9-35.4	35.2	484(-10)			ライツフォル	466.2																																																																							
2019106632	2024-07-13	3小倉5	雨	11.0	宮崎S(3勝クラス)		15.0	3.0	6.0			取	鮫島良太	56.0	ダ1700		良	**			**		29.6-37.2		計不			クレスコジョケツ																																																																								
2019106632	2024-09-01	2中京8	曇	10.0	桶狭間S(3勝クラス)		16.0	3.0	5.0	23.0	6.0	4	鮫島良太	58.0	ダ1400		重	**	1:22.7	1.0	**	8-8	34.2-35.8	36.0	484(0)			アドバンスファラオ	280.0																																																																							
2019106632	2024-10-20	5京都6	晴	12.0	桂川S(3勝クラス)		12.0	2.0	2.0	26.0	8.0	10	鮫島良太	58.0	ダ1400		稍	**	1:26.2	1.8	**	1-1	35.3-37.1	38.9	492(+8)			テイエムリステット																																																																								
2019106632	2024-11-03	5東京2	晴	10.0	錦秋S(3勝クラス)		11.0	1.0	1.0	141.3	10.0	11	鮫島良太	58.0	ダ1600		重	**	1:38.0	1.6	**	4-4	36.5-34.9	36.1	480(-12)			ウェイワードアクト																																																																								
2019106632	2024-12-15	7京都6	晴	10.0	サリオスC(3勝クラス)		16.0	4.0	8.0	87.1	12.0	15	古川吉洋	58.0	ダ1400		良	**	1:27.6	2.0	**	7-9	35.5-37.8	39.0	492(+12)			ナスティウェザー																																																																								
2019106632	2025-02-22	1京都7	曇	10.0	河原町S(3勝クラス)		16.0	7.0	14.0	61.1	12.0	8	鮫島良太	55.0	ダ1400		良	**	1:25.2	1.3	**	9-11	35.1-36.9	37.2	496(+4)			ニシキギミッチー																																																																								
2019106632	2025-04-06	2阪神4	晴	12.0	陽春S(3勝クラス)		11.0	8.0	10.0	17.6	7.0	7	鮫島良太	58.0	ダ1200		良	**	1:12.0	0.6	**	6-6	34.3-37.1	37.0	490(-6)			エコロガイア																																																																								
2019106632	2025-05-25	2京都10	曇	10.0	高瀬川S(3勝クラス)		16.0	7.0	14.0	88.0	14.0	10	鮫島良太	58.0	ダ1400		重	**	1:23.0	0.8	**	3-2	34.2-36.3	36.9	490(0)			キャプテンネキ																																																																								
2019106632	2025-07-20	2小倉8	晴	10.0	宮崎S(3勝クラス)		13.0	6.0	8.0	21.7	9.0	9	鮫島良太	54.0	ダ1700		良	**	1:45.8	2.1	**	12-12-13-13	30.1-38.1	36.8	492(+2)			レアンダー																																																																								
2019106632	2025-09-20	4阪神6	曇	11.0	大阪スポーツ杯(3勝クラス)		13.0	7.0	11.0	161.3	13.0	2	鮫島良太	58.0	ダ1400		良	**	1:24.4	0.1	**	4-4	35.6-36.6	36.4	488(-4)			スターペスカオリ	747.8																																																																							
2019106632	2025-10-19	3京都7	曇	10.0	京都開設100周年(3勝クラス)		16.0	6.0	11.0	46.6	9.0	14	鮫島良太	55.0	ダ1400		良	**	1:25.1	1.9	**	13-15	35.7-35.4	36.3	494(+6)			グランフォーブル																																																																								
2019106632	2026-01-17	1京都6		11.0	羅生門S(3勝クラス)								鮫島良太		ダ1400				1:25.4	1.5		3-3	35.3-36.2	37.5	498(+4)																																	晴		16.0	6.0	11.0	144.3	13.0	12	58.0	良				エストレヤデベレン																													
2019106671	2021-12-25	6阪神7	小雨	6.0	2歳新馬		16.0	1.0	1.0	14.0	5.0	2	和田竜二	55.0	ダ1400		良	**	1:26.0	0.6	**	7-6	35.6-37.6	37.6	512(0)			ペプチドアケボシ	280.0																																																																							
2019106671	2022-01-10	1中京4	晴	3.0	3歳未勝利		15.0	1.0	1.0	2.1	1.0	5	和田竜二	56.0	ダ1400		良	**	1:26.9	0.9	**	1-1	34.7-38.8	39.7	510(-2)			ベルドラゴ	52.0																																																																							
2019106671	2022-02-06	1中京12	小雪	2.0	3歳未勝利		12.0	8.0	12.0	2.1	2.0	1	川田将雅	56.0	ダ1800		稍	**	1:55.3	-0.1	**	3-3-3-3	38.8-38.0	37.6	510(0)			(ミスターホワイト)	520.0																																																																							
2019106671	2022-05-07	3中京1	晴	8.0	3歳1勝クラス		10.0	8.0	10.0	9.3	7.0	9	川田将雅	56.0	ダ1800		良	**	1:55.2	2.2	**	7-7-7-7	38.1-37.7	39.1	510(0)			トウセツ																																																																								
2019106671	2022-07-10	3小倉4	晴	8.0	3歳以上1勝クラス		15.0	4.0	6.0	14.2	6.0	3	幸英明	54.0	ダ1700		稍	**	1:45.6	0.2	**	9-9-8-6	29.2-38.8	38.3	502(-8)			シェイリーン	190.0																																																																							
2019106671	2022-08-27	4小倉5	晴	7.0	3歳以上1勝クラス		16.0	1.0	1.0	7.1	2.0	3	幸英明	54.0	ダ1700		良	**	1:45.9	0.3	**	10-10-9-7	29.2-38.3	37.7	504(+2)			テイエムファクター	190.0																																																																							
2019106671	2022-10-22	4阪神6	晴	8.0	3歳以上1勝クラス		9.0	1.0	1.0	3.7	2.0	2	幸英明	55.0	ダ1800		良	**	1:53.0	0.1	**	2-2-3-4	37.3-38.0	37.8	514(+10)			ケイアイシェルビー	310.0																																																																							
2019106671	2022-11-13	5阪神4	雨	6.0	3歳以上1勝クラス		12.0	6.0	8.0	2.4	1.0	2	幸英明	55.0	ダ1800		稍	**	1:52.5	0.9	**	3-3-3-2	36.9-36.6	37.3	518(+4)			サンライズアリオン	310.0																																																																							
2019106671	2022-11-26	5阪神7	曇	6.0	3歳以上1勝クラス		9.0	3.0	3.0	1.5	1.0	4	幸英明	55.0	ダ2000		稍	**	2:07.0	1.0	**	8-8-5-5	36.4-37.3	37.8	520(+2)			オブジェダート	120.0																																																																							
2019106671	2023-03-12	1阪神10	晴	8.0	4歳以上1勝クラス		11.0	2.0	2.0	2.6	1.0	6	水口優也	58.0	ダ1800		良	**	1:56.1	0.8	**	1-1-1-1	38.0-38.5	39.3	518(-2)			ミステリーボックス																																																																								
2019106671	2023-03-26	2阪神2	雨	8.0	4歳以上1勝クラス		12.0	6.0	7.0	2.4	1.0	1	水口優也	58.0	ダ1800		不	**	1:52.8	-0.2	**	3-4-4-4	37.8-37.1	36.8	520(+2)			(キングリスティア)	800.0																																																																							
2019106671	2023-04-23	2東京2	晴	12.0	4歳以上2勝クラス		16.0	4.0	7.0	4.4	2.0	10	横山武史	58.0	ダ1600		良	**	1:39.5	1.7	**	2-2	35.8-37.4	39.0	522(+2)			グリュースゴット																																																																								
2019106671	2023-05-07	1京都6	雨	12.0	4歳以上2勝クラス		12.0	7.0	9.0	15.7	4.0	7	水口優也	58.0	ダ1900		不	**	1:58.3	1.3	**	7-7-5-6	29.8-37.6	38.1	522(0)			アスクドゥラメンテ																																																																								
2019106671	2023-09-02	3小倉7	曇	9.0	天草特別(2勝クラス)		14.0	6.0	9.0	44.9	9.0	7	水口優也	58.0	ダ1700		稍	**	1:45.6	0.7	**	11-12-10-8	29.6-38.0	37.6	520(-2)			ビオグラフィア																																																																								
2019106671	2023-09-23	4阪神6	晴	12.0	3歳以上2勝クラス		16.0	6.0	12.0	39.8	7.0	3	水口優也	58.0	ダ1800		稍	**	1:53.2	0.6	**	5-6-6-7	36.9-38.1	38.1	524(+4)			オーサムリザルト	290.0																																																																							
2019106671	2023-10-15	4新潟2	小雨	10.0	菅名岳特別(2勝クラス)		13.0	8.0	13.0	14.9	4.0	2	水口優也	58.0	ダ1800		稍	**	1:52.0	0.5	**	6-6-5-5	35.9-37.5	37.4	520(-4)			ルクスフロンティア	629.0																																																																							
2019106671	2023-11-18	3京都5	晴	9.0	蹴上特別(2勝クラス)		16.0	2.0	4.0	5.9	3.0	11	水口優也	58.0	ダ1800		重	**	1:53.2	0.9	**	6-6-7-8	35.7-37.8	38.0	522(+2)			メイショウモズ																																																																								
2019106671	2023-12-09	5阪神3	曇	10.0	赤穂特別(2勝クラス)		15.0	5.0	8.0	11.7	4.0	2	水口優也	58.0	ダ1800		良	**	1:53.9	0.1	**	9-10-11-7	37.3-38.6	37.9	524(+2)			サンライズジャスト	629.8																																																																							
2019106671	2024-03-16	1中京3	晴	9.0	弥富特別(2勝クラス)		16.0	7.0	13.0	24.7	9.0	15	水口優也	56.0	ダ1900		良	**	2:01.4	2.2	**	12-13-13-15	30.6-36.9	37.9	528(+4)			メイショウコガシラ																																																																								
2019106671	2024-03-30	2阪神3	晴	12.0	4歳以上2勝クラス		15.0	2.0	2.0	7.6	3.0	5	水口優也	58.0	ダ1800		稍	**	1:53.5	1.0	**	7-7-7-8	37.5-37.2	37.4	528(0)			ハギノロックオン	114.0																																																																							
2019106671	2024-04-13	2阪神7	晴	12.0	4歳以上2勝クラス		10.0	2.0	2.0	7.6	5.0	3	水口優也	58.0	ダ1800		良	**	1:52.8	0.1	**	9-9-7-7	37.0-38.7	38.1	528(0)			マリアナトレンチ	290.0																																																																							
2019106671	2024-05-12	3京都8	曇	12.0	4歳以上2勝クラス		14.0	6.0	9.0	4.9	2.0	10	水口優也	58.0	ダ1800		良	**	1:54.6	1.7	**	13-13-13-13	37.1-37.5	37.5	530(+2)			マーブルロック																																																																								
2019106671	2024-08-25	2中京6	曇	9.0	大府特別(2勝クラス)		16.0	3.0	5.0	41.6	8.0	5	水口優也	58.0	ダ1800		良	**	1:53.6	1.4	**	6-6-2-3	36.6-37.2	38.3	528(-2)			カズペトシーン	155.0																																																																							
2019106671	2024-09-14	3中京3	晴	10.0	恵那特別(2勝クラス)		12.0	7.0	10.0	19.9	5.0	4	水口優也	58.0	ダ1800		良	**	1:53.5	0.6	**	6-6-4-4	37.9-37.2	37.4	530(+2)			ポッドロゴ	230.0																																																																							
2019106671	2024-10-05	5京都1	晴	12.0	3歳以上2勝クラス		14.0	3.0	4.0	11.0	4.0	3	水口優也	58.0	ダ1800		稍	**	1:54.2	1.1	**	8-7-4-5	36.8-38.1	38.7	528(-2)			マルチャレアル	290.0																																																																							
2019106671	2024-10-26	5京都7	曇	12.0	3歳以上2勝クラス		15.0	2.0	2.0	38.5	8.0	11	水口優也	58.0	ダ1800		良	**	1:53.9	1.7	**	6-6-4-5	37.7-37.0	38.3	536(+8)			ヴィンテージボンド																																																																								
2019106671	2025-03-09	1阪神4	晴	12.0	4歳以上2勝クラス		14.0	6.0	10.0	25.8	10.0	12	水口優也	58.0	ダ1400		良	**	1:26.5	2.0	**	3-3	34.6-37.5	39.3	536(0)			レイズカイザー																																																																								
2019106671	2025-03-23	1阪神8	晴	12.0	4歳以上2勝クラス		16.0	3.0	6.0	108.6	13.0	8	水口優也	58.0	ダ1400		良	**	1:25.5	1.3	**	14-14	34.2-37.5	37.1	536(0)			ビダーヤ																																																																								
2019106671	2025-04-06	2阪神4	晴	7.0	4歳以上2勝クラス		10.0	2.0	2.0	17.6	7.0	7	松若風馬	58.0	ダ1800		良	**	1:55.1	1.6	**	4-4-4-5	37.4-38.7	40.0	538(+2)			ペンナヴェローチェ																																																																								
2019106671	2025-04-13	2阪神6	雨	8.0	天神橋特別(2勝クラス)		12.0	4.0	4.0	110.6	10.0	10	松若風馬	58.0	ダ1800		稍	**	1:54.5	1.9	**	6-5-4-5	36.5-39.0	40.2	540(+2)			ダブルジョーク																																																																								
2019106671	2025-12-21	5阪神6	雨	8.0	3歳以上2勝クラス		15.0	2.0	2.0	158.4	12.0	12	柴田裕一	56.0	ダ1800		重	**	1:52.6	2.2	**	3-6-4-4	36.1-37.4	39.3	518(-22)			デルアヴァー																																																																								
2019106671	2026-01-04	1京都1	曇	9.0	天ケ瀬特別(2勝クラス)		13.0	4.0	5.0	175.8	12.0	12	柴田裕一	58.0	ダ1800		良	**	1:54.9	2.5	**	6-7-7-8	37.1-37.0	38.4	516(-2)			グランドプラージュ																																																																								
2019106704	2022-03-12	2中山5		4.0	3歳未勝利								野中悠太		ダ1200				1:12.7	0.1		13-13	33.9-38.7	37.1	480(0)				210.0	晴		16.0	7.0	14.0	18.1	7.0	2	54.0	良	**	**		ロジヴィクトリア																																																									
2019106704	2022-04-02	3中山3		4.0	3歳未勝利								野中悠太		ダ1200				1:11.8	-0.4		2-3	34.7-37.1	37.0	488(+8)				520.0	晴		16.0	4.0	7.0	3.2	2.0	1	54.0	重	**	**		(チャオベッラ)																																																									
2019106704	2022-05-14	2東京7		6.0	3歳1勝クラス								野中悠太		ダ1400				1:23.8	0.6		7-6	34.5-36.6	36.7	488(0)				110.0	曇		16.0	4.0	8.0	6.3	2.0	4	54.0	不	**	**		ハッピースワニー																																																									
2019106704	2022-06-05	3東京2		7.0	3歳以上1勝クラス								野中悠太		ダ1400				1:24.7	0.7		10-10	35.2-36.6	36.2	488(0)				77.0	曇		16.0	6.0	11.0	4.3	2.0	5	52.0	良	**	**		ジョンソンテソーロ																																																									
2019106704	2023-01-22	1中山8		4.0	4歳以上1勝クラス								横山武史		ダ1200				1:11.1	0.0		2-2	33.5-37.6	37.4	496(+8)				800.0	曇		16.0	5.0	10.0	8.4	6.0	1	56.0	良	**	**		(インコントラーレ)																																																									
2019106704	2023-02-25	2中山1		12.0	4歳以上2勝クラス								戸崎圭太		ダ1200				1:11.8	0.0		3-2	34.2-37.6	37.5	496(0)				460.0	曇		14.0	5.0	8.0	3.5	3.0	2	56.0	良	**	**		アイヴォリードレス																																																									
2019106704	2023-03-18	2中山7		12.0	4歳以上2勝クラス								戸崎圭太		ダ1200				1:10.9	0.6		15-15	33.4-36.9	35.4	500(+4)					雨		15.0	3.0	5.0	3.3	1.0	7	56.0	不	**	**		ファイアーボーラー																																																									
2019106704	2023-04-08	2阪神5		12.0	4歳以上2勝クラス								石川裕紀		ダ1200				1:11.9	0.0		6-5	35.6-36.3	35.8	496(-4)				460.0	晴		13.0	7.0	10.0	5.4	3.0	2	56.0	重	**	**		クリーンジーニアス																																																									
2019106704	2023-10-22	4新潟4		10.0	妙高特別(2勝クラス)								丸山元気		ダ1200				1:11.5	0.9		14-14	33.7-36.9	36.0	498(+2)					晴		15.0	1.0	1.0	11.1	5.0	8	55.0	稍	**	**		フィーカ																																																									
2019106704	2023-12-28	5中山9		10.0	ベストウィッシュC(2勝クラス)								マーカン		ダ1200				1:11.6	0.6		6-5	34.1-36.9	36.8	498(0)					晴		16.0	6.0	11.0	4.1	1.0	10	56.0	良	**	**		ケイアイメープル																																																									
2019106704	2024-01-14	1京都5		8.0	4歳以上2勝クラス								田辺裕信		ダ1200				1:12.6	1.0		10-10	35.9-35.7	35.5	492(-6)					晴		13.0	6.0	8.0	14.8	4.0	8	56.0	良	**	**		ボナンザ																																																									
2019106704	2024-02-24	2中山1		12.0	4歳以上2勝クラス								キング		ダ1200				1:10.9	0.2		10-9	33.5-37.2	36.5	490(-2)				290.0	晴		16.0	5.0	10.0	12.5	6.0	3	56.0	稍	**	**		エレガントムーン																																																									
2019106704	2024-03-16	2中山7		12.0	4歳以上2勝クラス								野中悠太		ダ1200				1:11.0	0.2		10-8	34.1-36.7	36.1	494(+4)				460.0	晴		16.0	5.0	10.0	17.8	6.0	2	56.0	良	**	**		スクーバー																																																									
2019106704	2024-07-07	1函館10		9.0	噴火湾特別(2勝クラス)								横山武史		ダ1000				0:58.2	0.3		11-10	33.9-35.5	34.3	512(+18)				393.6	曇		11.0	2.0	2.0	6.0	3.0	3	56.0	重	**	**		レアグリフォン																																																									
2019106704	2024-07-27	1札幌3		12.0	3歳以上2勝クラス								高杉吏麒		ダ1000				0:58.9	0.2		12-12	34.4-35.7	34.4	512(0)				460.0	曇		12.0	6.0	8.0	4.1	3.0	2	53.0	良	**	**		ジョーローリット																																																									
2019106704	2024-09-15	4中山4		9.0	浦安特別(2勝クラス)								野中悠太		ダ1200				1:12.0	0.4		11-11	35.0-36.6	35.9	514(+2)				628.0	晴		13.0	3.0	3.0	3.8	2.0	2	56.0	良	**	**		エコロアレス																																																									
2019106704	2024-09-28	4中山8		12.0	3歳以上2勝クラス								野中悠太		ダ1200				1:11.1	0.5		15-14	33.3-37.3	35.7	508(-6)				170.0	曇		16.0	7.0	13.0	5.6	3.0	4	56.0	良	**	**		カンパニョーラ																																																									
2019106704	2024-12-22	5中山8		8.0	冬至特別(2勝クラス)								ルメール		ダ1200				1:12.4	0.8		14-14	33.6-38.0	37.5	500(-8)					晴		16.0	6.0	12.0	3.4	1.0	9	56.0	良	**	**		ロードフロンティア																																																									
2019106704	2025-06-01	2京都12		8.0	4歳以上2勝クラス								岩田康誠		ダ1200				1:12.6	1.2		15-16	35.1-36.3	36.2	496(-4)					晴		16.0	8.0	15.0	10.9	5.0	13	56.0	良	**	**		パドマ																																																									
2019106704	2025-08-03	1札幌4		9.0	3歳以上2勝クラス								キング		ダ1000				0:59.5	0.9		9-7	34.5-35.7	35.3	496(0)				170.0	晴		10.0	8.0	10.0	9.0	5.0	4	56.0	良	**	**		メイショウキルギス																																																									
2019106704	2025-08-17	1札幌8		10.0	大通公園特別(2勝クラス)								キング		ダ1000				0:59.9	1.2		11-11	34.2-35.9	35.4	506(+10)					曇		11.0	3.0	3.0	11.1	5.0	10	56.0	稍	**	**		カウスリップ																																																									
2019106704	2025-10-12	4東京4		12.0	3歳以上2勝クラス								長浜鴻緒		ダ1300				1:19.4	1.7		14-15	28.9-36.8	36.4	494(-12)					曇		16.0	1.0	1.0	75.5	12.0	12	54.0	良	**	**		マーズオデッセイ																																																									
2019106704	2025-12-20	5中京5		10.0	ヤングJSFR中京2(2勝クラス)								山本大翔		ダ1400				1:26.9	1.6		11-10	35.6-37.7	38.2	496(+2)					小雨		16.0	3.0	6.0	79.3	12.0	14	56.0	稍	**	**		トルーマンテソーロ																																																									
2019106821	2022-04-03	2阪神4	曇	4.0	3歳未勝利		18.0	7.0	15.0	8.4	3.0	2	福永祐一	56.0	芝2400		良	**	2:29.3	0.4	**	11-11-11-6	36.6-34.0	34.1	438(0)			スワヤンブナート	210.0																																																																							
2019106821	2022-05-01	2阪神12	曇	4.0	3歳未勝利		12.0	3.0	3.0	1.6	1.0	3	ルメール	56.0	芝2400		稍	**	2:30.6	1.0	**	5-4-5-4	37.0-36.5	37.3	438(0)			スズノマーベリック	130.0																																																																							
2019106821	2022-05-28	3中京7	晴	5.0	3歳未勝利		12.0	4.0	4.0	3.0	2.0	3	福永祐一	56.0	芝2200		良	**	2:15.7	0.5	**	4-4-4-4	36.3-36.4	36.7	430(-8)			ディーンズリスター	130.0																																																																							
2019106821	2022-07-10	3小倉4	晴	2.0	3歳未勝利		16.0	3.0	6.0	3.2	2.0	2	福永祐一	56.0	芝2600		良	**	2:39.2	0.0	**	5-5-4-4	36.6-35.4	35.1	432(+2)			サンセットクラウド	210.0																																																																							
2019106821	2022-07-31	2新潟2	晴	4.0	3歳未勝利		18.0	5.0	10.0	2.4	1.0	1	福永祐一	56.0	芝2200		良	**	2:13.1	-0.2	**	5-4-4-6	34.5-35.8	35.5	434(+2)			(ストライクファイア)	520.0																																																																							
2019106821	2022-11-20	3福島6	曇	9.0	磐梯山特別(1勝クラス)		15.0	3.0	4.0	2.8	1.0	2	西村淳也	55.0	芝2600		良	**	2:43.2	0.1	**	3-3-4-2	38.1-37.2	36.8	428(-6)			マイネルメサイア	440.8																																																																							
2019106821	2023-04-01	2阪神3	晴	6.0	4歳以上1勝クラス		12.0	3.0	3.0	4.3	2.0	2	藤岡康太	58.0	芝2000		良	**	1:59.2	0.2	**	2-2-2-2	35.9-35.7	35.9	434(+6)			サンライズエース	320.0																																																																							
2019106821	2023-04-29	1京都3	曇	7.0	4歳以上1勝クラス		7.0	1.0	1.0	1.6	1.0	1	藤岡康太	58.0	芝2200		良	**	2:16.7	-0.1	**	2-2-2-1	37.2-33.3	33.2	434(0)			(ケンハービンジャー)	800.0																																																																							
2019106821	2023-07-16	3中京6	晴	9.0	長久手特別(2勝クラス)		18.0	2.0	4.0	4.1	1.0	2	藤岡康太	56.0	芝2000		良	**	1:58.7	0.0	**	3-3-3-3	34.3-37.7	36.3	438(+4)			サンライズロナウド	631.4																																																																							
2019106821	2023-08-12	3小倉1	晴	10.0	西部日刊スポーツ杯(2勝クラス)		10.0	7.0	9.0	3.5	2.0	3	坂井瑠星	58.0	芝2000		良	**	2:00.2	0.3	**	2-2-2-2	36.6-34.0	34.2	438(0)			ウィズユアドリーム	393.5																																																																							
2019106821	2024-04-28	2東京4	晴	9.0	陣馬特別(2勝クラス)		8.0	6.0	6.0	2.4	1.0	3	横山武史	58.0	芝2400		良	**	2:27.1	0.1	**	2-2-1-2	38.0-34.8	34.9	438(0)			マイネルカンパーナ	392.5																																																																							
2019106821	2024-05-26	2東京12	晴	8.0	青嵐賞(2勝クラス)		11.0	8.0	10.0	7.4	3.0	6	横山武史	58.0	芝2400		良	**	2:27.2	0.9	**	3-3-6-5	38.4-34.3	34.7	440(+2)			アームブランシュ																																																																								
2019106821	2024-07-21	3小倉8	曇	9.0	宗像特別(2勝クラス)		18.0	7.0	14.0	4.2	2.0	1	坂井瑠星	58.0	芝2000		良	**	2:00.6	-0.2	**	4-6-6-4	35.0-37.0	36.4	440(0)			(イングランドアイズ)	1588.5																																																																							
2019106821	2024-08-17	3新潟3	晴	11.0	日本海S(3勝クラス)		9.0	6.0	6.0	12.4	4.0	8	戸崎圭太	58.0	芝2200		良	**	2:13.4	1.0	**	3-3-4-4	36.2-34.1	34.5	434(-6)			ヘデントール																																																																								
2019106821	2025-03-02	1小倉12	曇	11.0	関門橋S(3勝クラス)		13.0	6.0	9.0	20.4	10.0	9	小崎綾也	58.0	芝2000		重	**	2:05.4	1.0	**	2-2-4-9	37.4-36.9	37.6	440(+6)			アスクドゥポルテ																																																																								
2019106821	2025-04-06	3中山4	晴	11.0	美浦S(3勝クラス)		16.0	6.0	11.0	63.7	13.0	10	小崎綾也	58.0	芝2000		良	**	2:00.4	0.8	**	9-9-10-11	35.9-35.7	35.7	438(-2)			レガーロデルシエロ																																																																								
2019106821	2025-07-20	2福島8	晴	1.0	障害3歳以上未勝利		14.0	3.0	4.0	7.2	5.0	7	小牧加矢	60.0	障2770		良		3:08.2	1.8		9-9-8-8	108.0-0.0	13.6	444(+6)			マイネルメサイア																																																																								
2019106821	2025-09-06	4中山1	晴	1.0	障害3歳以上未勝利		9.0	3.0	3.0	5.7	3.0	2	小牧加矢	60.0	障2880		稍		3:16.9	0.2		5-5-5-4	107.0-0.0	13.7	440(-4)			ネロコルヴィーノ	340.0																																																																							
2019106821	2025-10-05	4東京2	晴	4.0	障害3歳以上未勝利		14.0	8.0	14.0	3.3	2.0	3	小牧加矢	60.0	障3000		良		3:27.3	0.8		3-3-5-4	105.0-0.0	13.8	442(+2)			プラチナトレジャー	210.0																																																																							
2019106821	2025-12-13	5阪神3	晴	4.0	障害3歳以上未勝利		12.0	4.0	4.0	3.0	1.0	5	小牧加矢	60.0	障2970		良		3:26.2	1.5		1-1-1-3	105.1-0.0	13.9	446(+4)			ロードリベラシオン	84.0																																																																							
2019106925	2021-07-24	3新潟1	晴	5.0	2歳新馬		18.0	8.0	17.0	67.8	9.0	5	富田暁	53.0	芝1600		良	**	1:35.6	1.0	**	16-16	36.0-33.5	33.0	472(0)			オタルエバー	70.0																																																																							
2019106925	2021-08-22	4小倉4	小雨	2.0	2歳未勝利		16.0	3.0	6.0	13.9	5.0	13	富田暁	53.0	芝1800		稍	**	1:51.3	1.1	**	8-8-12-12	37.4-36.0	36.4	472(0)			サウンドクレア																																																																								
2019106925	2021-10-30	4阪神7	晴	2.0	2歳未勝利		10.0	4.0	4.0	27.8	6.0	4	角田大和	52.0	芝1600		良	**	1:35.6	0.2	**	8-8	36.6-33.5	32.8	472(0)			ビーアストニッシド	77.0																																																																							
2019106925	2021-11-27	5阪神7	晴	3.0	2歳未勝利		18.0	8.0	16.0	7.3	3.0	7	角田大和	52.0	芝1600		良	**	1:35.3	0.9	**	10-10	35.6-35.3	35.6	474(+2)			ハンス																																																																								
2019106925	2021-12-19	6阪神6	晴	4.0	2歳未勝利		18.0	7.0	15.0	36.9	9.0	6	和田竜二	55.0	芝1600		良	**	1:35.5	0.7	**	14-15	34.4-36.2	35.8	468(-6)			デルマグレムリン																																																																								
2019106925	2022-03-05	1阪神7	晴	5.0	3歳未勝利		18.0	1.0	1.0	21.7	7.0	3	和田竜二	56.0	芝1600		良	**	1:33.9	0.6	**	6-7	34.4-35.1	35.0	484(+16)			サンクフィーユ	130.0																																																																							
2019106925	2022-03-27	2阪神2	晴	6.0	3歳未勝利		17.0	8.0	17.0	9.0	4.0	1	和田竜二	56.0	芝1600		稍	**	1:35.2	-0.2	**	7-7	35.5-35.2	34.8	488(+4)			(ハギノモーリス)	520.0																																																																							
2019106925	2022-04-16	2阪神7	晴	11.0	アーリントンC(GIII)		18.0	7.0	15.0	55.0	11.0	15	浜中俊	56.0	芝1600		良	**	1:34.0	1.3	**	13-14	34.3-34.2	34.7	490(+2)			ダノンスコーピオン																																																																								
2019106925	2022-05-07	3中京1	晴	6.0	3歳1勝クラス		9.0	4.0	4.0	64.2	7.0	5	古川吉洋	56.0	芝1600		良	**	1:34.7	0.7	**	5-5-5	36.0-33.7	33.1	490(0)			タガノフィナーレ	75.0																																																																							
2019106925	2022-08-20	4小倉3	晴	8.0	3歳以上1勝クラス		15.0	5.0	9.0	5.6	3.0	6	和田竜二	54.0	ダ1700		稍	**	1:46.1	0.7	**	8-6-8-10	30.0-36.7	36.7	496(+6)			ジャズブルース																																																																								
2019106925	2022-09-17	5中京3	曇	12.0	3歳以上1勝クラス		16.0	7.0	14.0	6.9	2.0	6	和田竜二	55.0	ダ1400		良	**	1:24.9	0.7	**	8-10	34.8-37.6	37.4	496(0)			スプラウティング																																																																								
2019106925	2022-10-01	5中京8	晴	7.0	3歳以上1勝クラス		13.0	8.0	13.0	30.3	9.0	6	和田竜二	55.0	芝1600		良	**	1:34.0	0.5	**	7-6-6	35.6-34.5	34.5	496(0)			ボルザコフスキー																																																																								
2019106925	2022-10-29	4阪神8	晴	7.0	3歳以上1勝クラス		18.0	3.0	5.0	21.2	8.0	5	吉田隼人	55.0	芝1600		良	**	1:33.8	0.6	**	14-14	34.7-35.0	34.4	496(0)			スーサンアッシャー	77.0																																																																							
2019106925	2022-11-19	5阪神5	晴	12.0	3歳以上1勝クラス		18.0	6.0	11.0	19.8	7.0	2	吉田隼人	56.0	芝1600		良	**	1:35.7	0.0	**	12-14	35.2-35.3	32.3	496(0)			レベレンシア	310.0																																																																							
2019106925	2023-03-05	1阪神8	晴	7.0	4歳以上1勝クラス		17.0	8.0	16.0	5.9	3.0	1	吉田隼人	58.0	芝1600		良	**	1:33.5	-0.1	**	7-6	34.7-34.8	34.1	498(+2)			(サトノスカイターフ)	800.0																																																																							
2019106925	2023-03-25	2阪神1	曇	10.0	丹波特別(2勝クラス)		10.0	1.0	1.0	3.7	3.0	3	松山弘平	55.0	芝1600		良	**	1:34.3	0.4	**	4-4	35.7-35.1	33.6	500(+2)			レベレンシア	393.4																																																																							
2019106925	2023-04-22	1京都1	晴	12.0	4歳以上2勝クラス		11.0	1.0	1.0	6.3	3.0	6	松山弘平	58.0	芝1600		良	**	1:32.7	0.3	**	5-5	33.3-35.6	35.2	496(-4)			アスクコンナモンダ																																																																								
2019106925	2023-05-21	1京都10	晴	9.0	紫野特別(2勝クラス)		12.0	3.0	3.0	5.7	4.0	4	和田竜二	55.0	芝1800		良	**	1:46.9	0.5	**	7-7	35.8-33.5	33.4	500(+4)			ゴールドエクリプス	230.0																																																																							
2019106925	2023-06-18	3阪神6	曇	9.0	皆生特別(2勝クラス)		11.0	3.0	3.0	4.3	2.0	5	和田竜二	58.0	芝1600		良	**	1:34.9	1.0	**	4-5	36.9-32.7	33.5	498(-2)			ベルクレスタ	155.0																																																																							
2019106925	2023-10-07	2京都1	晴	9.0	宝ケ池特別(2勝クラス)		11.0	1.0	1.0	40.0	9.0	6	吉田隼人	58.0	芝1600		良	**	1:34.4	0.4	**	3-5	36.0-33.5	33.5	494(-4)			トゥードジボン																																																																								
2019106925	2023-11-04	3京都1	曇	12.0	3歳以上2勝クラス		10.0	1.0	1.0	14.2	6.0	3	田口貫太	56.0	芝1600		良	**	1:33.7	0.5	**	4-2	35.3-33.6	33.9	500(+6)			セオ	290.0																																																																							
2019106925	2023-11-18	3京都5	晴	8.0	3歳以上2勝クラス		13.0	1.0	1.0	36.2	8.0	5	Ｍ．デム	58.0	芝1600		稍	**	1:35.4	0.6	**	3-3	36.2-33.8	34.2	500(0)			ニホンピロキーフ	114.0																																																																							
2019106925	2023-12-16	5阪神5	曇	10.0	甲東特別(2勝クラス)		14.0	3.0	4.0	50.4	10.0	8	川須栄彦	58.0	芝1600		稍	**	1:34.8	1.1	**	9-9	34.9-35.4	35.6	502(+2)			ディオ																																																																								
2019106925	2024-01-08	1京都3	晴	12.0	4歳以上2勝クラス		11.0	6.0	7.0	14.7	7.0	2	Ｍ．デム	58.0	芝1600		良	**	1:35.5	0.2	**	5-2	35.5-35.2	35.0	508(+6)			ビヨンドザヴァレー	460.0																																																																							
2019106925	2024-01-28	2京都2	曇	12.0	4歳以上2勝クラス		9.0	4.0	4.0	2.8	1.0	2	松山弘平	58.0	芝1600		良	**	1:34.4	0.1	**	6-7	35.1-35.3	34.7	506(-2)			ペイシャフラワー	460.0																																																																							
2019106925	2024-02-18	2京都8	晴	12.0	4歳以上2勝クラス		9.0	1.0	1.0	4.3	2.0	2	Ｍ．デム	58.0	芝1600		良	**	1:33.9	0.0	**	2-2	36.2-34.4	34.2	508(+2)			セーヌドゥレーヴ	460.0																																																																							
2019106925	2024-07-13	3小倉5	曇	10.0	不知火特別(2勝クラス)		15.0	3.0	5.0	6.3	3.0	10	横山典弘	58.0	芝1800		良	**	1:48.5	0.9	**	12-12-11-14	36.3-35.4	35.5	502(-6)			マイネルティグレ																																																																								
2019106925	2024-09-28	3中京8	曇	8.0	3歳以上2勝クラス		13.0	5.0	6.0	5.6	3.0	2	川田将雅	58.0	芝1600		良	**	1:34.2	0.2	**	4-4-4	35.8-34.7	34.4	506(+4)			スズカダブル	460.0																																																																							
2019106925	2024-11-17	6京都6	曇	12.0	壬生特別(2勝クラス)		12.0	7.0	10.0	5.4	2.0	2	川田将雅	58.0	芝1600		良	**	1:33.6	0.5	**	5-6	34.9-34.0	34.1	504(-2)			ワールズエンド	627.6																																																																							
2019106925	2024-12-14	7京都5	曇	12.0	3歳以上2勝クラス		14.0	6.0	9.0	2.8	1.0	1	川田将雅	58.0	芝1600		良	**	1:34.0	-0.1	**	7-4	36.3-34.3	33.8	516(+12)			(ブルーミンデザイン)	1140.0																																																																							
2019106925	2025-01-12	1中京4	曇	10.0	新春S(3勝クラス)		16.0	4.0	8.0	8.5	3.0	3	川田将雅	56.0	芝1600		良	**	1:34.6	0.2	**	6-7-7	34.8-36.1	35.5	514(-2)			ヒルノローザンヌ	465.1																																																																							
2019106925	2025-02-23	1京都8	曇	9.0	山城S(3勝クラス)		9.0	2.0	2.0	4.6	2.0	5	北村宏司	56.0	芝1400		良	**	1:22.6	0.3	**	4-3	36.4-34.1	34.0	520(+6)			スカイロケット	184.0																																																																							
2019106925	2025-04-06	2阪神4	晴	10.0	夢洲S(3勝クラス)		14.0	3.0	4.0	24.3	11.0	2	長岡禎仁	58.0	芝1600		良	**	1:32.5	0.2	**	6-5	35.4-33.7	33.4	514(-6)			シヴァース	749.4																																																																							
2019106925	2025-05-10	2東京5	曇	9.0	分倍河原S(3勝クラス)		15.0	2.0	3.0	15.6	7.0	9	長岡禎仁	58.0	芝1600		稍	**	1:35.0	0.3	**	3-3	36.2-33.8	33.8	516(+2)			アルセナール																																																																								
2019106925	2025-06-01	2京都12	晴	12.0	渡月橋S(3勝クラス)		14.0	4.0	5.0	14.0	8.0	3	吉村誠之	58.0	芝1400		良	**	1:21.0	0.2	**	2-2	35.7-33.6	33.7	512(-4)			ガロンヌ	464.3																																																																							
2019106925	2025-09-27	4中山8	晴	11.0	秋風S(3勝クラス)		16.0	5.0	9.0	68.5	15.0	12	長岡禎仁	58.0	芝1600		良	**	1:34.1	1.2	**	2-7-9	35.2-34.6	35.2	514(+2)			ピースワンデュック																																																																								
2019106932	2021-12-25	6阪神7		5.0	2歳新馬								岩田望来		芝1800				1:49.3	0.6		7-7	36.2-35.5	35.7	488(0)					曇		14.0	7.0	11.0	5.4	3.0	9	55.0	良	**	**		ジャスティンカツミ																																																									
2019106932	2022-01-10	1中京4		2.0	3歳未勝利								岩田望来		ダ1800				1:54.3	-0.3		2-2-2-1	37.6-38.3	38.3	484(-4)				520.0	晴		10.0	5.0	5.0	5.9	3.0	1	56.0	良	**	**		(ニューダイアリーズ)																																																									
2019106932	2022-02-06	1中京12		4.0	3歳1勝クラス								岩田望来		ダ1800				1:56.1	2.7		8-8-7-7	37.6-37.7	39.7	484(0)					小雪		11.0	8.0	11.0	5.8	3.0	9	56.0	稍	**	**		オディロン																																																									
2019106932	2022-06-18	1函館3		12.0	3歳以上1勝クラス								松田大作		ダ1700				1:46.5	2.5		6-6-5-5	30.3-37.1	38.8	492(+8)					晴		14.0	5.0	7.0	11.2	6.0	7	54.0	良	**	**		ブラッティーキッド																																																									
2019106932	2022-07-02	1函館7		8.0	3歳以上1勝クラス								横山武史		ダ2400				2:34.5	2.3		2-2-2-2	36.4-39.2	41.1	492(0)					曇		12.0	6.0	8.0	7.2	5.0	8	54.0	重	**	**		ヤマノマタカ																																																									
2019106932	2022-07-24	1札幌2		7.0	3歳以上1勝クラス								横山武史		ダ1700				1:50.8	4.0		5-5-7-11	30.1-39.9	43.1	484(-8)					曇		12.0	3.0	3.0	20.5	8.0	12	54.0	良	**	**		アシタガアルサ																																																									
2019106932	2023-01-14	1小倉1		8.0	4歳以上1勝クラス								鷲頭虎太		芝1800				1:49.5	0.9		12-12-13-13	36.7-35.7	35.6	488(+4)					曇		16.0	1.0	1.0	15.6	9.0	12	54.0	重	**	**		ジャスティンエース																																																									
2019106932	2023-01-29	1小倉6		10.0	足立山特別(1勝クラス)								角田大和		芝2600				2:42.1	-0.6		1-1-1-1	37.6-36.8	36.8	482(-6)				1131.0	曇		7.0	2.0	2.0	18.0	6.0	1	57.0	重	**	**		(ウインマイルート)																																																									
2019106932	2023-04-16	1福島4		10.0	奥の細道特別(2勝クラス)								角田大和		芝2600				2:45.4	1.0		1-1-1-1	39.0-38.2	39.2	494(+12)					晴		13.0	7.0	11.0	6.4	4.0	10	58.0	稍	**	**		ウインエアフォルク																																																									
2019106932	2023-05-13	1新潟5		11.0	信濃川特別(2勝クラス)								荻野極		芝2000				2:01.8	0.1		2-2	37.5-33.9	33.9	490(-4)				394.1	晴		11.0	7.0	9.0	5.9	3.0	3	58.0	良	**	**		セレブレイトガイズ																																																									
2019106932	2023-07-16	2福島6		9.0	信夫山特別(2勝クラス)								戸崎圭太		芝2600				2:43.4	1.5		3-3-3-4	38.2-36.2	37.4	492(+2)					晴		11.0	4.0	4.0	9.6	5.0	9	58.0	良	**	**		サヴォーナ																																																									
2019106932	2023-08-12	3小倉1		10.0	西部日刊スポーツ杯(2勝クラス)								荻野極		芝2000				2:00.3	0.4		3-3-3-3	36.6-34.0	34.1	486(-6)				155.0	晴		10.0	2.0	2.0	37.8	7.0	5	58.0	良	**	**		ウィズユアドリーム																																																									
2019106932	2023-08-19	3小倉3		10.0	不知火特別(2勝クラス)								松山弘平		芝1800				1:47.9	1.3		4-4-3-2	36.0-35.1	36.2	488(+2)				393.1	晴		10.0	6.0	6.0	7.9	4.0	3	58.0	良	**	**		コンクシェル																																																									
2019106932	2023-09-02	3小倉7		10.0	筑後川特別(2勝クラス)								荻野極		芝1800				1:50.8	1.9		3-3-3-3	35.6-37.4	39.0	496(+8)					曇		10.0	8.0	9.0	7.8	4.0	10	58.0	稍	**	**		マテンロウアレス																																																									
2019106932	2023-12-02	4中京1		10.0	中京日経賞(2勝クラス)								北村友一		芝1600				1:34.3	0.5		9-2-2	34.9-35.0	35.3	496(0)					晴		13.0	8.0	12.0	24.4	8.0	10	55.0	良	**	**		エアミアーニ																																																									
2019106932	2023-12-16	5阪神5		10.0	甲東特別(2勝クラス)								岡田祥嗣		芝1600				1:34.8	1.1		9-9	34.9-35.4	35.6	488(-8)					曇		14.0	5.0	7.0	254.6	14.0	9	58.0	稍	**	**		ディオ																																																									
2019106932	2024-01-21	1小倉4		10.0	海の中道特別(2勝クラス)								西塚洸二		芝2600				2:45.6	3.7		2-2-1-8	35.6-37.0	40.7	488(0)					曇		12.0	6.0	7.0	24.4	7.0	9	58.0	稍	**	**		スマートファントム																																																									
2019106932	2024-04-21	3京都2		9.0	比良山特別(2勝クラス)								北村友一		芝2200				2:15.7	1.6		7-7-8-8	36.0-35.2	36.0	490(+2)					雨		9.0	8.0	8.0	45.6	8.0	9	58.0	良	**	**		コパノサントス																																																									
2019106932	2024-05-11	2東京7		12.0	4歳以上2勝クラス								横山和生		ダ1400				1:24.8	0.7		11-10	35.6-36.6	36.2	490(0)					晴		12.0	5.0	6.0	60.5	10.0	7	58.0	良	**	**		ユキマル																																																									
2019106932	2024-06-02	3東京2		12.0	小金井特別(2勝クラス)								坂井瑠星		ダ1400				1:23.7	0.6		9-9	36.1-34.8	34.7	494(+4)					小雨		16.0	7.0	13.0	53.0	13.0	6	58.0	重	**	**		ジャスリー																																																									
2019106932	2024-08-17	2中京3		10.0	四日市特別(2勝クラス)								幸英明		ダ1400				1:25.1	1.0		14-13	33.7-38.4	37.9	496(+2)					晴		15.0	8.0	15.0	90.1	13.0	11	58.0	良	**	**		エメラルドビーチ																																																									
2019106932	2024-09-01	2中京8		9.0	有松特別(2勝クラス)								団野大成		芝1600				1:35.7	1.3		8-7-7	36.0-34.5	34.9	500(+4)					曇		8.0	8.0	8.0	163.4	8.0	7	58.0	重	**	**		フォーチュンタイム																																																									
2019106932	2024-10-06	5京都2		12.0	3歳以上2勝クラス								団野大成		ダ1200				1:12.5	0.9		13-13	34.8-36.8	36.3	490(-10)					晴		15.0	2.0	3.0	125.7	12.0	7	58.0	良	**	**		ドンレパルス																																																									
2019106932	2024-12-22	7京都8		8.0	3歳以上2勝クラス								吉村誠之		ダ1400				1:26.5	1.1		15-15	36.0-37.6	37.3	502(+12)					晴		16.0	6.0	11.0	165.8	16.0	10	56.0	良	**	**		スターペスカオリ																																																									
2019106932	2025-02-16	1東京6		12.0	4歳以上2勝クラス								内田博幸		ダ1400				1:26.3	1.3		5-5	36.7-36.1	36.7	494(-8)					曇		15.0	1.0	1.0	150.6	13.0	9	58.0	良	**	**		カフェニクス																																																									
2019106932	2025-03-31	水沢		12.0	春分特別(A)								菅原辰徳		ダ1600				1:43.2	-0.2		4-4-4-3		37.7	503(+9)				140.0	晴		10.0	3.0	3.0	2.3	1.0	1	56.0	良	**	**		(サンエイブレーヴ)																																																									
2019106932	2025-04-27	水沢		10.0	スプリント特別(OP)								菅原辰徳		ダ1400				1:29.3	1.6		4-4-4-4		38.7	509(+6)				30.0	晴		7.0	1.0	1.0	2.4	1.0	3	56.0	良	**	**		ロードオブザチェコ																																																									
2019106932	2025-05-19	盛岡		10.0	陽光特別(A)								菅原辰徳		ダ1600				1:39.3	-1.2		1-1		38.1	501(-8)				140.0	晴		9.0	1.0	1.0	1.8	1.0	1	56.0	稍	**	**		(トキノパイレーツ)																																																									
2019106932	2025-11-11	盛岡		11.0	B1二組								渡辺竜也		ダ1600				1:42.9	3.9		6-8		41.5	515(+14)					曇		10.0	8.0	9.0	4.7	2.0	9	56.0	良	**	**		タカマキファイブ																																																									
2019106932	2025-11-26	水沢		11.0	優駿スタリオンステー(B1)								塚本涼人		ダ1600				1:44.8	1.6		5-5-6-6		41.1	509(-6)					曇		9.0	3.0	3.0	6.1	3.0	9	56.0	稍	**	**		ジョリーロジャー																																																									
2019106932	2025-12-08	水沢		11.0	JBBA七戸種馬場特(B1)								菅原辰徳		ダ1400				1:29.4	1.4		6-7-6-8		40.2	508(-1)					小雨		12.0	8.0	12.0	28.3	7.0	12	56.0	不	**	**		リュウノコルサ																																																									
2019106972	2021-09-12	5中京2		5.0	2歳新馬								藤懸貴志		芝2000				2:04.1	1.8		4-5-5-5	38.2-34.4	35.6	400(0)				110.0	曇		5.0	2.0	2.0	45.2	5.0	4	54.0	良	**	**		ジャスティンパレス																																																									
2019106972	2022-01-23	1中京8		1.0	3歳未勝利								加藤祥太		ダ1900				2:08.6	5.3		8-5-3-4	30.2-38.9	44.1	408(+8)					曇		11.0	8.0	11.0	20.6	5.0	11	56.0	良	**	**		シュプリンガー																																																									
2019106972	2022-03-12	2中京1		1.0	3歳未勝利								川端海翼		ダ1400				1:27.4	2.2		10-10	35.0-37.8	39.1	400(-8)					晴		16.0	2.0	4.0	248.8	11.0	10	53.0	良	**	**		ミユキアイラブユー																																																									
2019106972	2022-04-16	2阪神7		3.0	3歳未勝利								森裕太朗		ダ1200				1:14.4	1.6		6-6	35.1-37.7	38.8	402(+2)					晴		15.0	3.0	6.0	320.3	13.0	6	56.0	稍	**	**		リンドラゴ																																																									
2019106972	2022-06-19	3阪神2		4.0	3歳未勝利								森裕太朗		ダ1200				1:14.0	1.8		6-7	35.2-37.0	38.1	402(0)					晴		16.0	4.0	7.0	196.7	13.0	8	56.0	良	**	**		シラキヌ																																																									
2019106972	2022-07-16	3小倉5		3.0	3歳未勝利								森裕太朗		芝1800				1:48.8	0.8		10-10-7-8	36.6-35.7	35.8	402(0)					曇		16.0	6.0	11.0	390.3	15.0	9	56.0	稍	**	**		オーダーナチュラル																																																									
2019106972	2022-08-31	園田		7.0	C2二								高畑皓一		ダ1400				1:34.9	2.3		8-8-7-7		40.5	420(+18)					曇		10.0	2.0	2.0	18.6	5.0	7	55.0	稍	**	**		オースミミライ																																																									
2019106972	2022-09-09	園田		9.0	C2								鴨宮祥行		ダ820				0:51.4	0.8		8-8		36.5	415(-5)				10.5	曇		10.0	4.0	4.0	23.9	4.0	4	55.0	重	**	**		ラントゥザスカイ																																																									
2019106972	2022-09-29	園田		6.0	C2三								佐々木世		ダ1400				1:32.7	0.9		2-3-4-4		39.9	418(+3)				6.0	曇		11.0	2.0	2.0	21.4	6.0	5	53.0	稍	**	**		エイシングラス																																																									
2019106972	2022-10-20	園田		6.0	C2四								大山龍太		ダ1400				1:32.9	1.8		5-6-4-4		40.0	417(-1)				6.0	晴		10.0	7.0	8.0	13.7	5.0	5	55.0	良	**	**		ヨシノリッキー																																																									
2019106972	2022-11-04	園田		5.0	C2三								大山龍太		ダ1400				1:33.7	2.0		9-9-7-7		39.1	420(+3)					晴		9.0	1.0	1.0	26.3	5.0	6	55.0	良	**	**		ダイヤモンドフジ																																																									
2019106972	2022-11-22	園田		4.0	C3一								大山龍太		ダ1400				1:33.0	0.0		9-9-3-2		39.3	420(0)				50.0	曇		10.0	3.0	3.0	4.6	3.0	1	56.0	重	**	**		(メイクアラッシュ)																																																									
2019106972	2022-12-07	園田		7.0	C2三								大山龍太		ダ1400				1:33.7	0.5		10-10-7-7		39.4	416(-4)				24.0	晴		10.0	7.0	7.0	7.7	3.0	2	56.0	稍	**	**		スバラシイヒビ																																																									
2019106972	2022-12-22	園田		7.0	クリスマスローズ賞C(C2)								大山龍太		ダ1400				1:32.8	-1.4		1-1-1-1		39.7	421(+5)				60.0	晴		9.0	8.0	9.0	9.4	4.0	1	56.0	重	**	**		(ラピュセル)																																																									
2019106972	2023-04-28	園田		2.0	C3二								大山龍太		ダ1400				1:33.0	0.1		2-2-2-2		41.2	412(-9)				22.4	晴		10.0	3.0	3.0	1.3	1.0	2	57.0	稍	**	**		ジャンボリー																																																									
2019106972	2023-05-12	園田		3.0	C3一								大山龍太		ダ1400				1:33.4	0.0		3-3-1-1		41.0	416(+4)				22.4	晴		10.0	6.0	6.0	1.7	1.0	2	56.0	良	**	**		シルバーブリス																																																									
2019106972	2023-05-26	園田		5.0	C3一								大山龍太		ダ1400				1:34.0	2.0		9-8-4-4		40.9	419(+3)					曇		12.0	5.0	6.0	1.4	1.0	6	56.0	良	**	**		ラヴアンドグレース																																																									
2019106972	2023-06-16	園田		3.0	C3一								吉村智洋		ダ1400				1:32.7	0.8		2-2-2-2		40.7	419(0)				14.0	晴		12.0	8.0	12.0	1.3	1.0	3	56.0	良	**	**		タマノシュシュ																																																									
2019106972	2023-07-14	園田		3.0	C3二								大山龍太		ダ1400				1:32.0	-1.1		1-1-1-1		39.3	417(-2)				56.0	曇		10.0	7.0	7.0	2.5	1.0	1	56.0	稍	**	**		(エクスプロラベスト)																																																									
2019106972	2023-08-11	園田		5.0	C2三								大山龍太		ダ1400				1:31.0	-0.8		1-1-1-1		39.7	417(0)				70.0	晴		8.0	6.0	6.0	1.4	1.0	1	56.0	良	**	**		(プロボノ)																																																									
2019106972	2023-08-30	園田		6.0	C2一								山本屋太		ダ1400				1:32.4	0.4		6-6-6-6		40.5	414(-3)				28.0	曇		10.0	5.0	5.0	1.6	1.0	2	54.0	良	**	**		クールボス																																																									
2019106972	2024-01-13	1小倉1		6.0	4歳以上1勝クラス								藤懸貴志		芝2600				2:42.3	3.4		9-8-14-15	35.7-35.3	37.5	414(0)					晴		16.0	1.0	2.0	218.2	14.0	16	58.0	良	**	**		カナオールウェイズ																																																									
2019106972	2024-01-21	1京都7		7.0	4歳以上1勝クラス								長岡禎仁		芝2200				2:20.1	4.9		6-7-12-16	35.9-36.7	40.4	418(+4)					曇		17.0	2.0	3.0	671.7	17.0	15	58.0	重	**	**		マキシ																																																									
2019106972	2024-03-24	1中京6		5.0	4歳以上1勝クラス								高杉吏麒		芝1600				1:37.3	1.1		2-2-2	35.6-36.5	37.3	434(+16)					小雨		13.0	4.0	4.0	319.5	13.0	9	55.0	重	**	**		アルゲンテウス																																																									
2019106972	2024-04-14	1福島4		9.0	医王寺特別(1勝クラス)								水沼元輝		芝1200				1:09.9	1.6		10-10	33.7-34.6	35.4	434(0)					晴		14.0	7.0	12.0	176.8	14.0	12	58.0	良	**	**		コスモアディラート																																																									
2019106972	2024-05-11	1新潟5		10.0	三国特別(1勝クラス)								水沼元輝		芝1600				1:37.2	1.0		4-5	37.2-34.2	34.6	432(-2)					晴		12.0	3.0	3.0	387.4	12.0	12	58.0	良	**	**		エンファサイズ																																																									
2019106972	2024-06-01	3東京1		7.0	3歳以上1勝クラス								長浜鴻緒		芝1400				1:21.4	1.1		14-14	34.2-34.2	34.2	434(+2)					晴		18.0	7.0	15.0	584.0	18.0	15	55.0	良	**	**		サクセスカラー																																																									
2019106972	2024-09-01	2札幌8		7.0	3歳以上1勝クラス								高杉吏麒		芝1800				1:51.8	1.2		4-5-6-6	37.6-36.1	36.8	430(-4)					晴		14.0	3.0	4.0	288.4	14.0	10	55.0	稍	**	**		ガイアメンテ																																																									
2019106972	2024-10-05	4東京1		8.0	3歳以上1勝クラス								野中悠太		芝1800				1:47.5	0.6		5-6-5	36.1-34.6	34.7	444(+14)					小雨		11.0	1.0	1.0	379.2	10.0	8	58.0	稍	**	**		ラスカンブレス																																																									
2019106972	2024-10-19	4新潟5		7.0	3歳以上1勝クラス								河原田菜		芝1800				1:48.6	2.2		9-9	35.1-35.4	36.0	444(0)					小雨		10.0	5.0	5.0	139.5	10.0	9	54.0	良	**	**		ヴァイザーブリック																																																									
2019106972	2024-11-02	5東京1		7.0	3歳以上1勝クラス								佐藤翔馬		ダ1600				1:36.8	1.4		8-7	34.9-36.4	36.8	438(-6)					小雨		13.0	8.0	13.0	216.5	11.0	6	55.0	重	**	**		サクラトップリアル																																																									
2019106972	2024-12-08	4中京4		6.0	3歳以上1勝クラス								河原田菜		ダ1800				1:54.9	1.2		8-8-7-8	36.3-38.6	38.9	446(+8)				80.0	晴		11.0	7.0	9.0	58.5	8.0	5	54.0	良	**	**		アスクデビューモア																																																									
2019106972	2024-12-22	5中山8		7.0	3歳以上1勝クラス								佐藤翔馬		ダ1800				1:59.6	4.5		15-15-15-15	37.7-39.7	42.8	454(+8)					晴		16.0	8.0	15.0	299.2	14.0	12	55.0	良	**	**		ドバイブルース																																																									
2019106972	2025-02-02	1東京2		7.0	4歳以上1勝クラス								杉原誠人		ダ1600				1:38.5	1.0		15-14	34.7-38.4	37.1	456(+2)					小雨		16.0	3.0	6.0	445.9	16.0	8	58.0	稍	**	**		マスグラバイト																																																									
2019106972	2025-03-02	1小倉12		12.0	4歳以上1勝クラス								水沼元輝		ダ1700				1:45.9	0.9		12-12-9-8	30.0-37.8	37.7	452(-4)					曇		16.0	3.0	6.0	147.5	16.0	9	55.0	稍	**	**		アレナパラシオ																																																									
2019106972	2025-03-23	2中京4		7.0	4歳以上1勝クラス								田山旺佑		ダ1800				1:55.8	0.9		4-5-9-10	38.6-37.4	37.7	452(0)					晴		16.0	5.0	10.0	286.0	14.0	11	55.0	良	**	**		メイショウヘール																																																									
2019106972	2025-06-21	3東京5		12.0	3歳以上1勝クラス								水沼元輝		ダ1600				1:38.5	1.9		12-13	34.7-37.0	36.9	450(-2)					晴		16.0	4.0	7.0	375.9	16.0	13	55.0	良	**	**		チザルピーノ																																																									
2019106972	2025-07-13	1函館10		8.0	3歳以上1勝クラス								森田誠也		ダ1700				1:47.2	1.9		8-8-11-11	30.4-37.4	38.0	448(-2)					晴		12.0	2.0	2.0	201.7	11.0	8	55.0	良	**	**		アイウィル																																																									
2019106972	2025-07-26	1札幌1		9.0	3歳以上1勝クラス								森田誠也		ダ1700				1:46.7	1.2		9-10-12-12	29.7-38.1	38.2	444(-4)					小雨		13.0	5.0	7.0	235.3	13.0	10	55.0	良	**	**		ショウナンヤッホー																																																									
2019106972	2025-08-09	1札幌5		9.0	3歳以上1勝クラス								和田陽希		芝1800				1:49.5	1.6		7-7-8-8	36.1-35.3	35.7	444(0)					晴		10.0	7.0	7.0	227.8	9.0	7	55.0	稍	**	**		キングスコール																																																									
2019106972	2025-08-16	1札幌7		8.0	3歳以上1勝クラス								古川奈穂		ダ1700				1:47.2	1.4		14-14-13-13	30.3-38.7	38.3	446(+2)					晴		14.0	7.0	11.0	256.2	14.0	10	55.0	良	**	**		ゼロスネーク																																																									
2019106972	2025-09-07	2札幌6		12.0	3歳以上1勝クラス								森田誠也		ダ1700				1:46.6	0.9		13-13-11-8	28.8-38.8	38.8	452(+6)				200.0	晴		14.0	5.0	7.0	152.8	13.0	3	55.0	稍	**	**		ジュンラトゥール																																																									
2019106972	2025-09-28	4中山9		6.0	3歳以上1勝クラス								上里直汰		ダ1800				1:56.6	2.3		11-11-9-16	37.9-37.9	39.3	448(-4)					晴		16.0	3.0	6.0	206.5	15.0	15	55.0	良	**	**		フジレイメイ																																																									
2019106972	2025-10-19	4新潟2		6.0	3歳以上1勝クラス								森田誠也		ダ1800				1:54.0	1.3		15-15-14-13	36.2-38.0	37.6	448(0)					曇		15.0	7.0	12.0	115.5	14.0	6	55.0	重	**	**		ケーヴァラ																																																									
2019106972	2025-11-23	5東京5		7.0	3歳以上1勝クラス								上里直汰		ダ2100				2:13.7	1.1		16-16-14-14	31.2-37.0	36.9	452(+4)					曇		16.0	3.0	6.0	146.4	14.0	7	55.0	良	**	**		タイキインドラ																																																									
2019106972	2025-12-14	5中京4		7.0	3歳以上1勝クラス								上里直汰		ダ1800				1:55.7	0.7		13-13-13-11	37.7-39.0	38.4	454(+2)					曇		15.0	8.0	15.0	139.2	14.0	7	55.0	稍	**	**		コウジョリョウゾク																																																									
2019106972	2025-12-20	5中京5		3.0	3歳以上1勝クラス								森田誠也		ダ1900				2:02.4	2.5		14-13-13-13	30.9-38.0	38.5	448(-6)					小雨		16.0	6.0	11.0	117.1	13.0	11	55.0	稍	**	**		スルーザナイト																																																									
2019107016	2021-09-11	5中京1	曇	5.0	2歳新馬		12.0	6.0	7.0	7.9	4.0	1	和田竜二	54.0	芝1400		良	**	1:22.3	-0.1	**	8-6	34.8-35.6	34.8	468(0)			(リゴレット)	700.0																																																																							
2019107016	2021-10-09	4東京1	曇	11.0	サウジアラビアRC(GIII)		7.0	7.0	7.0	17.6	4.0	4	菅原明良	55.0	芝1600		良	**	1:36.7	0.3	**	5-5	37.7-33.8	33.4	478(+10)			コマンドライン	500.0																																																																							
2019107016	2021-11-13	5阪神3	晴	11.0	デイリー杯2歳S(GII)		7.0	4.0	4.0	24.9	6.0	7	和田竜二	55.0	芝1600		良	**	1:36.4	1.3	**	7-6	35.9-33.8	34.6	468(-10)			セリフォス																																																																								
2019107016	2021-12-05	6中京2	曇	9.0	こうやまき賞(1勝クラス)		9.0	1.0	1.0	8.2	4.0	2	吉田隼人	55.0	芝1600		良	**	1:35.4	0.1	**	9-8-8	36.3-35.2	34.6	464(-4)			ソリタリオ	406.0																																																																							
2019107016	2022-01-09	1中京3	晴	11.0	日刊スポシンザン記念(GIII)		15.0	5.0	8.0	25.2	6.0	9	吉田隼人	56.0	芝1600		良	**	1:35.2	1.1	**	14-15-15	35.2-35.1	35.0	464(0)			マテンロウオリオン																																																																								
2019107016	2022-03-19	1阪神11	小雨	11.0	若葉S(L)		10.0	8.0	10.0	42.7	8.0	9	藤岡康太	56.0	芝2000		稍	**	2:01.4	1.2	**	9-9-10-10	36.5-35.3	35.3	462(-2)			デシエルト																																																																								
2019107016	2022-04-16	2阪神7	晴	11.0	アーリントンC(GIII)		18.0	4.0	8.0	72.7	13.0	7	和田竜二	56.0	芝1600		良	**	1:33.4	0.7	**	13-14	34.3-34.2	34.1	464(+2)			ダノンスコーピオン																																																																								
2019107016	2022-05-08	3中京2	晴	10.0	橘S(L)		10.0	8.0	9.0	8.8	4.0	4	斎藤新	56.0	芝1400		良	**	1:19.8	0.5	**	10-10	33.7-34.3	33.3	466(+2)			ウインマーベル	300.0																																																																							
2019107016	2022-05-28	3中京7	晴	6.0	3歳1勝クラス		9.0	7.0	7.0	3.2	2.0	3	横山典弘	56.0	芝1600		良	**	1:34.6	0.1	**	4-4-5	34.8-36.4	34.8	464(-2)			ロールアップ	190.0																																																																							
2019107016	2022-06-19	3阪神2	晴	7.0	3歳以上1勝クラス		11.0	4.0	4.0	3.5	3.0	10	松山弘平	54.0	芝1600		良	**	1:36.0	1.9	**	10-10	35.4-35.1	35.7	456(-8)			トーホウディアス																																																																								
2019107016	2022-08-20	4小倉3	晴	8.0	3歳以上1勝クラス		15.0	4.0	8.0	8.1	5.0	4	永島まな	50.0	ダ1700		稍	**	1:45.9	0.5	**	11-11-8-5	30.0-36.7	36.6	466(+10)			ジャズブルース	120.0																																																																							
2019107016	2022-09-03	4小倉7	曇	12.0	3歳以上1勝クラス		14.0	8.0	13.0	4.8	3.0	10	和田竜二	54.0	ダ1700		重	**	1:46.1	2.3	**	11-8-9-8	29.0-37.9	39.3	464(-2)			ハイエストポイント																																																																								
2019107016	2022-09-24	5中京6	晴	7.0	3歳以上1勝クラス		16.0	6.0	12.0	17.9	7.0	6	角田大河	52.0	芝1600		良	**	1:34.2	0.9	**	14-12-10	35.6-33.8	33.8	460(-4)			ルージュスティリア																																																																								
2019107016	2022-10-02	5中京9	晴	8.0	3歳以上1勝クラス		17.0	4.0	7.0	18.6	7.0	12	富田暁	55.0	芝1400		良	**	1:21.3	1.2	**	17-17	33.9-34.9	34.5	460(0)			レゾンドゥスリール																																																																								
2019107016	2022-10-23	4新潟4	雨	6.0	3歳以上1勝クラス		13.0	5.0	6.0	27.2	8.0	8	永島まな	51.0	芝1800		良	**	1:48.6	0.6	**	3-3	36.0-33.6	34.1	472(+12)			フィールシンパシー																																																																								
2019107016	2022-11-19	5阪神5	晴	12.0	3歳以上1勝クラス		18.0	7.0	15.0	57.2	14.0	8	松若風馬	56.0	芝1600		良	**	1:36.1	0.4	**	14-10	35.2-35.3	32.9	464(-8)			レベレンシア																																																																								
2019107016	2023-02-05	1小倉8	晴	9.0	合馬特別(1勝クラス)		18.0	6.0	12.0	16.8	8.0	6	富田暁	58.0	芝1200		良	**	1:08.7	0.6	**	18-17	33.5-34.6	33.7	466(+2)			タイセイブリリオ																																																																								
2019107016	2023-02-19	1阪神4	曇	8.0	4歳以上1勝クラス		15.0	8.0	15.0	5.2	4.0	1	国分恭介	58.0	ダ1200		稍	**	1:12.2	-0.4	**	12-9	34.3-37.9	36.3	462(-4)			(ルールシェーバー)	800.0																																																																							
2019107016	2023-03-11	2中京1	晴	9.0	伊良湖特別(2勝クラス)		16.0	8.0	15.0	3.1	1.0	1	鮫島克駿	58.0	ダ1200		良	**	1:11.7	-0.1	**	12-12	34.9-36.8	35.3	468(+6)			(イルデレーヴ)	1588.5																																																																							
2019107016	2023-04-23	2東京2	晴	10.0	鎌倉S(3勝クラス)		15.0	4.0	6.0	4.6	2.0	3	戸崎圭太	58.0	ダ1400		良	**	1:24.7	0.5	**	13-13	34.6-37.5	35.5	464(-4)			フォーヴィスム	464.7																																																																							
2019107016	2023-05-14	2東京8	小雨	12.0	BSイレブン賞(3勝クラス)		16.0	3.0	6.0	6.1	3.0	3	戸崎圭太	58.0	ダ1400		稍	**	1:22.9	0.3	**	12-10	34.5-36.3	35.1	464(0)			フルム	464.9																																																																							
2019107016	2023-06-11	3阪神4	曇	10.0	安芸S(3勝クラス)		16.0	2.0	4.0	5.1	3.0	5	国分恭介	57.0	ダ1200		重	**	1:11.0	0.2	**	14-12	34.7-36.1	35.0	472(+8)			ファーンヒル	184.0																																																																							
2019107016	2023-08-19	3新潟3	晴	10.0	上越S(3勝クラス)		15.0	2.0	3.0	6.0	3.0	13	戸崎圭太	58.0	ダ1200		良	**	1:12.2	1.7	**	15-15	33.5-37.0	36.3	470(-2)			アームズレイン																																																																								
2019107016	2023-09-10	4阪神2	曇	10.0	オークランドTRT(3勝クラス)		11.0	1.0	1.0	5.1	3.0	8	鮫島克駿	57.0	ダ1200		良	**	1:13.0	1.2	**	11-11	35.0-36.8	36.6	474(+4)			メイショウミツヤス																																																																								
2019107016	2023-10-15	4東京5	曇	10.0	テレビ静岡賞(3勝クラス)		14.0	6.0	10.0	10.1	6.0	6	菅原明良	58.0	ダ1400		不	**	1:22.8	0.9	**	14-14	34.4-35.5	34.9	476(+2)			レオノーレ																																																																								
2019107016	2023-10-29	4東京9	晴	12.0	秋嶺S(3勝クラス)		16.0	2.0	3.0	9.2	6.0	6	菅原明良	58.0	ダ1300		良	**	1:18.0	1.0	**	16-16	29.2-36.0	35.2	476(0)			サクセスローレル																																																																								
2019107016	2023-11-25	5東京7	晴	10.0	シャングリラS(3勝クラス)		16.0	8.0	16.0	9.8	5.0	10	菅原明良	58.0	ダ1400		良	**	1:25.4	0.7	**	12-13	36.4-35.8	35.4	476(0)			シャンブル																																																																								
2019107016	2024-01-13	1中山4	曇	10.0	初春S(3勝クラス)		15.0	5.0	9.0	26.0	8.0	5	田辺裕信	58.0	ダ1200		良	**	1:11.1	0.3	**	15-14	33.8-37.0	35.2	476(0)			ワールズコライド	184.0																																																																							
2019107016	2024-02-17	2京都7	晴	10.0	河原町S(3勝クラス)		16.0	1.0	1.0	26.1	8.0	6	ルメート	56.0	ダ1400		稍	**	1:24.5	0.7	**	11-11	35.1-36.8	36.7	472(-4)			レディフォース																																																																								
2019107016	2024-03-09	1中京1	晴	11.0	中京スポーツ杯(3勝クラス)		12.0	8.0	12.0	21.4	8.0	10	国分恭介	58.0	ダ1400		良	**	1:26.4	1.3	**	12-12	35.9-37.1	36.8	468(-4)			アルムブラーヴ																																																																								
2019107016	2024-03-31	2阪神4	曇	12.0	陽春S(3勝クラス)		16.0	2.0	4.0	45.6	12.0	9	鮫島克駿	56.0	ダ1200		良	**	1:12.7	1.1	**	15-15	35.2-36.4	36.2	466(-2)			ナムラフランク																																																																								
2019107016	2024-04-28	3京都4	晴	10.0	ライスシャワーC(3勝クラス)		18.0	6.0	11.0	141.9	15.0	14	田口貫太	58.0	芝1200		良	**	1:08.5	0.7	**	18-18	34.1-33.7	32.5	470(+4)			グランテスト																																																																								
2019107016	2024-05-19	2東京10	曇	9.0	フリーウェイS(3勝クラス)		13.0	1.0	1.0	49.5	10.0	12	Ｍ．デム	58.0	芝1400		良	**	1:21.9	1.4	**	13-13	34.6-34.2	33.4	476(+6)			シャドウフューリー																																																																								
2019107016	2024-06-23	3東京8	曇	10.0	甲州街道S(3勝クラス)		16.0	1.0	1.0	85.5	14.0	13	武藤雅	55.0	ダ1600		重	**	1:36.6	2.1	**	16-15	35.2-35.5	35.7	476(0)			ニシノカシミヤ																																																																								
2019107016	2024-07-28	2新潟2	曇	6.0	佐渡S(3勝クラス)		18.0	5.0	9.0	121.3	16.0	14	吉村誠之	54.0	芝1400		良	**	1:20.5	1.3	**	18-18	32.4-35.4	34.2	476(0)			マルディランダ																																																																								
2019107016	2024-09-08	3中京2	晴	10.0	浜松S(3勝クラス)		16.0	7.0	14.0	60.1	13.0	12	吉村誠之	58.0	ダ1200		良	**	1:12.0	1.1	**	15-15	34.2-36.7	35.8	468(-8)			ヒビキ																																																																								
2019107016	2024-09-29	4中山9	曇	12.0	外房S(3勝クラス)		16.0	6.0	11.0	118.6	12.0	14	西村淳也	58.0	ダ1200		良	**	1:11.6	1.9	**	16-16	33.4-36.3	35.4	474(+6)			ガビーズシスター																																																																								
2019107016	2024-10-13	4東京3	晴	10.0	テレビ静岡賞(3勝クラス)		16.0	2.0	4.0	150.8	16.0	10	高杉吏麒	58.0	ダ1400		良	**	1:24.0	1.3	**	12-12	34.5-36.0	36.2	476(+2)			ロードフォンス																																																																								
2019107016	2024-10-27	4東京8	曇	10.0	エイシンフラッシュC(3勝クラス)		15.0	7.0	12.0	141.1	14.0	9	津村明秀	58.0	ダ1300		良	**	1:18.2	0.6	**	12-11	29.8-35.7	35.4	476(0)			エピックジョイ																																																																								
2019107016	2024-11-10	5東京4	曇	9.0	銀嶺S(3勝クラス)		14.0	8.0	14.0	36.5	8.0	7	佐々木大	53.0	ダ1400		良	**	1:24.8	1.3	**	13-13	35.3-36.4	36.0	486(+10)			バトゥーキ																																																																								
2019107016	2024-12-07	5中山3	晴	10.0	アクアラインS(3勝クラス)		16.0	3.0	5.0	61.2	15.0	6	斎藤新	53.0	ダ1200		良	**	1:10.9	0.7	**	12-12	33.5-36.7	36.1	484(-2)			グッジョブ																																																																								
2019107016	2025-01-05	1中京1	晴	10.0	門松S(3勝クラス)		16.0	1.0	2.0	63.1	12.0	3	北村友一	58.0	ダ1200		良	**	1:11.9	0.3	**	5-5	35.5-36.1	35.7	494(+10)			サウンドアレグリア	465.0																																																																							
2019107016	2025-01-13	1中山5	晴	10.0	初春S(3勝クラス)		16.0	6.0	12.0	19.6	7.0	8	佐々木大	54.0	ダ1200		良	**	1:12.0	1.5	**	15-15	33.1-37.4	36.7	494(0)			ロードフロンティア																																																																								
2019107016	2025-02-22	1京都7	曇	10.0	河原町S(3勝クラス)		16.0	8.0	16.0	30.9	9.0	15	北村友一	54.0	ダ1400		良	**	1:25.8	1.9	**	12-13	35.1-36.9	37.5	498(+4)			ニシキギミッチー																																																																								
2019107016	2025-03-23	1阪神8	晴	10.0	鳴門S(3勝クラス)		16.0	2.0	4.0	118.3	14.0	15	松若風馬	58.0	ダ1400		良	**	1:27.2	2.6	**	16-16	35.4-36.8	37.4	500(+2)			ジャスティンアース																																																																								
2019107016	2025-04-06	2阪神4	晴	12.0	陽春S(3勝クラス)		11.0	7.0	8.0	64.9	11.0	5	北村友一	58.0	ダ1200		良	**	1:11.7	0.3	**	10-10	34.3-37.1	35.6	496(-4)			エコロガイア	184.0																																																																							
2019107016	2025-05-18	2東京8	曇	12.0	BSイレブン賞(3勝クラス)		16.0	6.0	11.0	42.3	11.0	中	北村友一	58.0	ダ1400		重	**			**	15-16	34.4-36.2		500(+4)			サンライズパスカル																																																																								
2019107016	2025-08-16	2新潟7	晴	7.0	上越S(3勝クラス)		15.0	7.0	13.0	88.5	12.0	13	大野拓弥	58.0	ダ1200		良	**	1:12.6	1.7	**	14-13	33.6-37.3	36.5	486(-14)			タガノミスト																																																																								
2019107016	2025-08-24	4中京2	晴	11.0	長篠S(3勝クラス)		9.0	3.0	3.0	40.0	8.0	7	小沢大仁	58.0	芝1200		良	**	1:08.2	1.0	**	6-6	33.7-33.5	34.0	480(-6)			ワンダーキサラ																																																																								
2019107016	2025-09-07	4中山2	晴	10.0	セプテンバーS(3勝クラス)		12.0	7.0	11.0	106.2	10.0	10	大野拓弥	53.0	芝1200		良	**	1:08.1	1.1	**	12-12	33.1-33.9	32.7	478(-2)			ルージュラナキラ																																																																								
2019107016	2025-10-04	3京都1	小雨	10.0	大山崎S(3勝クラス)		16.0	7.0	14.0	72.6	13.0	8	国分恭介	58.0	ダ1200		不	**	1:10.1	1.0	**	14-14	33.6-35.5	34.6	472(-6)			メイショウホウレン																																																																								
2019107016	2025-12-21	5阪神6	雨	9.0	御影S(3勝クラス)		16.0	1.0	2.0	69.6	13.0	9	松若風馬	58.0	ダ1400		重	**	1:23.2	0.7	**	13-11	34.0-36.8	36.5	484(+12)			トリリオンボーイ																																																																								
2019107016	2026-01-05	1京都2	晴	10.0	門松S(3勝クラス)		16.0	8.0	16.0	87.5	11.0	9	吉村誠之	58.0	ダ1200		良	**	1:12.3	1.1	**	16-14	34.9-36.3	35.7	480(-4)			ヒルノドゴール																																																																								
2019107075	2021-09-04	2札幌7	晴	5.0	2歳新馬		12.0	1.0	1.0	72.9	9.0	9	山田敬士	52.0	芝1500		良	**	1:32.0	1.5	**	1-1-1	30.5-35.3	36.8	456(0)			ドーブネ																																																																								
2019107075	2021-09-18	4中山3	雨	3.0	2歳未勝利		16.0	3.0	5.0	17.0	7.0	3	山田敬士	52.0	芝1200		重	**	1:10.3	0.4	**	1-2	34.1-35.8	36.2	452(-4)			トーセンキャロル	130.0																																																																							
2019107075	2021-10-02	4中山8	晴	2.0	2歳未勝利		16.0	5.0	10.0	11.7	4.0	4	山田敬士	53.0	芝1200		重	**	1:09.7	0.6	**	2-2	34.2-34.9	35.4	458(+6)			アイムファイン	77.0																																																																							
2019107075	2021-10-24	5新潟6	曇	1.0	2歳未勝利		17.0	4.0	8.0	6.8	3.0	1	山田敬士	53.0	芝1200		重	**	1:11.7	-0.1	**	3-3	34.8-36.9	36.3	460(+2)			(ローズブルーム)	510.0																																																																							
2019107075	2021-11-14	2福島4	晴	10.0	福島2歳S(OP)		16.0	3.0	6.0	67.1	13.0	3	山田敬士	55.0	芝1200		良	**	1:09.8	0.3	**	6-6	33.7-35.8	35.5	468(+8)			ウインマーベル	405.1																																																																							
2019107075	2021-11-28	5東京8	晴	8.0	ベゴニア賞(1勝クラス)		8.0	8.0	8.0	73.6	7.0	8	山田敬士	55.0	芝1600		良	**	1:35.6	0.9	**	8-8	35.7-34.6	34.5	478(+10)			レッドラディエンス																																																																								
2019107075	2022-01-09	1中山3	晴	9.0	朱竹賞(1勝クラス)		12.0	5.0	5.0	24.6	7.0	10	山田敬士	56.0	芝1200		良	**	1:09.9	1.1	**	3-2	33.3-35.5	36.3	468(-10)			リトス																																																																								
2019107075	2022-01-22	1小倉3	晴	9.0	萌黄賞(1勝クラス)		13.0	4.0	4.0	31.1	8.0	6	原優介	56.0	芝1200		良	**	1:08.5	0.7	**	4-5	32.8-35.0	35.3	456(-12)			ショウナンマッハ																																																																								
2019107075	2022-02-05	1小倉7	雪	9.0	かささぎ賞(1勝クラス)		18.0	3.0	6.0	44.3	12.0	4	原優介	56.0	芝1200		良	**	1:09.7	0.6	**	6-7	33.7-35.4	35.5	458(+2)			ゼットレヨン	150.0																																																																							
2019107075	2022-02-20	2小倉4	晴	9.0	あざみ賞(1勝クラス)		16.0	1.0	1.0	47.1	12.0	6	原優介	56.0	芝1200		稍	**	1:10.9	0.6	**	4-3	34.9-35.4	35.7	464(+6)			テイエムスパーダ																																																																								
2019107075	2022-03-13	2中山6	晴	7.0	3歳1勝クラス		16.0	2.0	3.0	35.6	9.0	4	田中勝春	56.0	芝1200		良	**	1:08.7	0.2	**	14-13	33.2-35.3	34.6	466(+2)			シゲルファンノユメ	110.0																																																																							
2019107075	2022-04-16	3中山7	晴	6.0	3歳1勝クラス		16.0	3.0	6.0	7.5	4.0	2	田辺裕信	56.0	芝1200		重	**	1:09.0	0.3	**	13-12	32.9-35.8	34.7	468(+2)			ブレスレスリー	300.0																																																																							
2019107075	2022-04-24	1福島4	曇	9.0	雪うさぎ賞(1勝クラス)		16.0	4.0	8.0	7.0	5.0	6	原優介	56.0	芝1200		良	**	1:10.2	0.3	**	15-15	34.3-35.6	34.6	462(-6)			ウインモナーク																																																																								
2019107075	2022-05-07	2東京5	曇	7.0	3歳1勝クラス		12.0	5.0	5.0	32.4	10.0	4	山田敬士	54.0	芝1400		良	**	1:21.9	0.2	**	10-9	35.7-33.9	33.3	466(+4)			ニシノスーベニア	110.0																																																																							
2019107075	2022-05-28	1新潟7	晴	9.0	ゆきつばき賞(1勝クラス)		16.0	6.0	12.0	6.1	3.0	3	原優介	56.0	芝1200		良	**	1:09.5	0.3	**	13-15	33.9-35.3	34.6	466(0)			グランアリエル	265.3																																																																							
2019107075	2022-06-12	3東京4	晴	12.0	3歳以上1勝クラス		17.0	7.0	13.0	6.7	5.0	3	原優介	51.0	芝1400		重	**	1:22.3	0.3	**	14-10	36.0-34.4	33.4	470(+4)			ホウオウノーサイド	190.0																																																																							
2019107075	2022-07-09	1函館9	小雨	12.0	3歳以上1勝クラス		14.0	2.0	2.0	4.2	2.0	2	武豊	54.0	芝1200		良	**	1:09.6	0.2	**	13-12	34.1-35.3	34.2	460(-10)			ドロップオブライト	310.0																																																																							
2019107075	2022-07-30	1札幌3	晴	12.0	3歳以上1勝クラス		16.0	2.0	3.0	4.0	1.0	2	武豊	54.0	芝1200		良	**	1:09.0	0.0	**	9-10	34.2-34.8	33.9	454(-6)			ミズノコキュウ	310.0																																																																							
2019107075	2022-08-28	2札幌6	晴	8.0	3歳以上1勝クラス		14.0	6.0	10.0	4.5	2.0	3	武豊	54.0	芝1500		良	**	1:30.0	0.4	**	7-8-7	30.7-35.0	34.7	470(+16)			アグリ	190.0																																																																							
2019107075	2022-09-04	2札幌8	晴	6.0	3歳以上1勝クラス		16.0	3.0	5.0	1.9	1.0	5	横山武史	55.0	芝1200		良	**	1:09.9	0.5	**	6-6	34.2-35.2	35.0	466(-4)			モリノドリーム	77.0																																																																							
2019107075	2022-10-22	4新潟3	曇	7.0	3歳以上1勝クラス		18.0	7.0	14.0	5.8	2.0	8	原優介	52.0	芝1400		良	**	1:21.5	0.4	**	13-13	34.2-35.2	34.2	464(-2)			ウインバグース																																																																								
2019107075	2022-11-05	3福島1	晴	10.0	飯坂温泉特別(1勝クラス)		16.0	7.0	14.0	8.1	4.0	4	柴田善臣	56.0	芝1200		良	**	1:09.0	0.3	**	12-11	33.7-35.0	34.1	466(+2)			ヨシノイースター	160.0																																																																							
2019107075	2022-11-20	3福島6	曇	12.0	3歳以上1勝クラス		16.0	3.0	6.0	6.8	2.0	3	柴田善臣	56.0	芝1200		良	**	1:10.0	0.4	**	15-13	34.1-35.5	34.3	472(+6)			エナジーグラン	190.0																																																																							
2019107075	2022-12-10	6中京3	晴	12.0	3歳以上1勝クラス		18.0	3.0	6.0	6.5	4.0	3	横山典弘	56.0	芝1200		良	**	1:08.3	0.0	**	16-15	34.4-33.9	32.4	472(0)			ベンガン	190.0																																																																							
2019107075	2023-01-14	1小倉1	小雨	12.0	4歳以上1勝クラス		18.0	1.0	2.0	6.4	4.0	1	幸英明	58.0	芝1200		重	**	1:09.3	-0.1	**	13-13	34.1-35.2	34.2	476(+4)			(メイショウグラニー)	800.0																																																																							
2019107075	2023-02-04	1東京3	晴	10.0	テレビ山梨杯(2勝クラス)		11.0	8.0	10.0	7.9	3.0	4	柴田善臣	55.0	芝1400		良	**	1:21.8	0.3	**	8-8	36.1-34.1	33.1	482(+6)			ファロロジー	230.0																																																																							
2019107075	2023-02-19	1東京8	曇	8.0	4歳以上2勝クラス		9.0	3.0	3.0	6.8	4.0	6	武豊	58.0	芝1400		良	**	1:23.8	0.6	**	8-7	37.5-33.3	32.8	480(-2)			アンセーニュ																																																																								
2019107075	2023-03-11	2中山5	晴	12.0	4歳以上2勝クラス		16.0	2.0	3.0	8.0	4.0	5	佐藤翔馬	55.0	芝1200		良	**	1:08.9	0.6	**	15-14	34.2-34.1	33.1	478(-2)			ウィリン	114.0																																																																							
2019107075	2023-04-08	1福島1	曇	10.0	花見山特別(2勝クラス)		16.0	5.0	10.0	15.4	6.0	14	佐藤翔馬	58.0	芝1200		良	**	1:10.3	1.3	**	16-16	32.8-36.2	33.7	468(-10)			オードゥメール																																																																								
2019107075	2023-04-30	1京都4	曇	9.0	御池特別(2勝クラス)		12.0	8.0	11.0	9.8	4.0	11	幸英明	58.0	芝1400		稍	**	1:22.1	1.3	**	11-11	35.3-34.2	34.2	468(0)			ラクスバラディー																																																																								
2019107075	2023-05-20	2東京9	曇	10.0	高尾特別(2勝クラス)		9.0	4.0	4.0	29.8	6.0	8	吉田豊	58.0	芝1400		良	**	1:22.4	0.3	**	9-9	35.9-34.3	32.9	474(+6)			ハギノメーテル																																																																								
2019107075	2023-08-12	2札幌1	晴	10.0	羊ヶ丘特別(2勝クラス)		11.0	4.0	4.0	28.2	7.0	5	武豊	58.0	芝1500		良	**	1:28.4	0.3	**	10-11-11	29.3-35.5	34.4	462(-12)			レイベリング	155.0																																																																							
2019107075	2023-09-02	2札幌7	曇	9.0	知床特別(2勝クラス)		16.0	6.0	11.0	7.8	4.0	9	武豊	58.0	芝1200		稍	**	1:10.5	0.4	**	16-14	34.1-36.0	34.5	462(0)			クールムーア																																																																								
2019107075	2023-09-30	4中山8	晴	10.0	勝浦特別(2勝クラス)		16.0	6.0	11.0	51.4	12.0	13	原優介	58.0	芝1200		良	**	1:10.2	1.0	**	15-15	34.7-34.5	34.4	472(+10)			タリア																																																																								
2019107075	2023-10-15	4東京5	曇	12.0	鷹巣山特別(2勝クラス)		14.0	8.0	13.0	47.7	11.0	9	原優介	55.0	芝1600		重	**	1:33.7	0.5	**	13-13	34.6-35.0	34.3	478(+6)			ニシノライコウ																																																																								
2019107075	2023-10-28	4東京8	晴	10.0	紅葉S(3勝クラス)		10.0	2.0	2.0	98.9	10.0	9	原優介	53.0	芝1600		良	**	1:32.6	0.7	**	9-9	34.4-34.6	32.9	478(0)			フィールシンパシー																																																																								
2019107075	2023-11-11	5東京3	曇	12.0	3歳以上2勝クラス		8.0	8.0	8.0	34.3	6.0	5	柴田善臣	58.0	芝1600		良	**	1:34.7	0.2	**	8-8	35.9-34.9	33.1	476(-2)			ディオスバリエンテ	114.0																																																																							
2019107075	2023-11-25	5東京7	晴	12.0	3歳以上2勝クラス		14.0	6.0	10.0	36.5	7.0	6	柴田善臣	58.0	芝1600		良	**	1:33.1	0.7	**	14-14	33.9-35.1	33.4	480(+4)			レッドロワ																																																																								
2019107075	2023-12-10	5中山4	晴	12.0	3歳以上2勝クラス		11.0	5.0	5.0	23.4	7.0	1	柴田善臣	58.0	芝1600		良	**	1:33.0	-0.2	**	11-10-8	34.7-35.2	34.2	482(+2)			(メタルスピード)	1140.0																																																																							
2019107075	2023-12-28	5中山9	晴	12.0	2023ファイナルS(3勝クラス)		16.0	2.0	3.0	11.4	6.0	14	田中勝春	58.0	芝1600		良	**	1:34.2	1.0	**	16-15-15	34.9-35.5	33.6	488(+6)			ボルザコフスキー																																																																								
2019107075	2024-01-20	1京都6	曇	11.0	石清水S(3勝クラス)		16.0	5.0	9.0	62.8	10.0	10	古川吉洋	54.0	芝1600		重	**	1:35.5	0.6	**	15-16	35.3-35.3	34.7	484(-4)			トランキリテ																																																																								
2019107075	2024-02-18	2京都8	曇	10.0	斑鳩S(3勝クラス)		12.0	5.0	6.0	23.6	6.0	5	柴田善臣	58.0	芝1600		良	**	1:33.7	0.7	**	12-10	35.2-34.6	33.5	484(0)			ディオ	184.0																																																																							
2019107075	2024-02-24	2中山1	晴	11.0	幕張S(3勝クラス)		11.0	6.0	6.0	40.5	10.0	5	柴田善臣	58.0	芝1600		稍	**	1:34.8	1.1	**	10-9-8	34.7-35.5	34.1	488(+4)			ニシノスーベニア	184.0																																																																							
2019107075	2024-03-24	3中山2	曇	10.0	春興S(3勝クラス)		13.0	8.0	13.0	17.0	6.0	9	原優介	55.0	芝1600		良	**	1:33.8	0.9	**	13-10-10	35.0-34.6	33.9	482(-6)			サイルーン																																																																								
2019107075	2024-05-26	2東京12	晴	10.0	ディープインパクトC(3勝クラス)		16.0	4.0	8.0	41.5	8.0	14	原優介	58.0	ダ1600		良	**	1:37.4	1.8	**	13-12	35.5-35.4	36.0	474(-8)			ドゥラレジリエント																																																																								
2019107075	2024-06-15	3東京5	曇	11.0	多摩川S(3勝クラス)		14.0	8.0	14.0	102.5	11.0	13	原優介	58.0	芝1400		良	**	1:21.6	1.2	**	12-12	35.1-34.0	34.1	476(+2)			ミシシッピテソーロ																																																																								
2019107075	2024-06-22	4京都7	曇	10.0	ストークS(3勝クラス)		17.0	8.0	17.0	107.7	16.0	5	原優介	54.0	芝1400		良	**	1:20.6	0.2	**	15-13	34.8-33.9	33.1	468(-8)			ジョウショーホープ	184.0																																																																							
2019107075	2024-06-29	2福島1	晴	11.0	バーデンバーデンC(3勝クラス)		14.0	4.0	6.0	34.0	9.0	10	原優介	58.0	芝1200		良	**	1:08.1	1.1	**	11-11	32.4-34.6	34.5	468(0)			キタノエクスプレス																																																																								
2019107075	2024-09-28	4中山8	曇	11.0	秋風S(3勝クラス)		15.0	8.0	16.0	326.7	15.0	15	原優介	58.0	芝1600		良	**	1:35.4	2.1	**	3-5-7	35.3-34.3	36.0	476(+8)			トロヴァトーレ																																																																								
2019107075	2024-10-06	5京都2	晴	9.0	長岡京S(3勝クラス)		16.0	3.0	6.0	248.7	16.0	9	古川吉洋	58.0	芝1400		良	**	1:20.3	0.3	**	15-15	34.1-34.6	33.6	468(-8)			ワイドラトゥール																																																																								
2019107075	2024-10-20	5京都6	晴	10.0	キセキC(3勝クラス)		17.0	8.0	17.0	110.2	15.0	7	秋山稔樹	54.0	芝1600		良	**	1:34.8	0.5	**	7-8	35.6-34.5	34.3	470(+2)			キープカルム																																																																								
2019107075	2024-12-28	5中山9	晴	12.0	2024ファイナルS(3勝クラス)		16.0	7.0	13.0	96.3	13.0	5	原優介	54.0	芝1600		良	**	1:34.6	0.3	**	14-14-14	35.5-35.7	35.0	490(+20)			ゴートゥファースト	184.0																																																																							
2019107075	2025-01-19	1中山7	曇	9.0	若潮S(3勝クラス)		12.0	8.0	11.0	48.8	8.0	9	原優介	58.0	芝1600		良	**	1:34.2	1.4	**	10-9-10	35.5-34.4	34.7	490(0)			タシット																																																																								
2019107075	2025-02-09	1京都4	晴	9.0	斑鳩S(3勝クラス)		14.0	4.0	5.0	120.7	12.0	8	古川吉洋	58.0	芝1600		稍	**	1:35.6	0.6	**	13-12	35.6-34.9	34.4	480(-10)			タガノエルピーダ																																																																								
2019107075	2025-03-16	2中山6	雨	10.0	東風S(L)		12.0	6.0	8.0	33.1	9.0	6	原優介	57.0	芝1600		重	**	1:37.9	0.7	**	12-12-11	35.0-38.4	38.1	486(+6)			サイルーン																																																																								
2019107075	2025-04-06	3中山4	晴	11.0	美浦S(3勝クラス)		16.0	5.0	10.0	46.1	10.0	4	原優介	58.0	芝2000		良	**	1:59.9	0.3	**	11-11-11-7	35.9-35.7	35.1	486(0)			レガーロデルシエロ	280.0																																																																							
2019107075	2025-04-12	3中山5	晴	10.0	あけぼのS(3勝クラス)		14.0	8.0	14.0	60.2	10.0	8	原優介	58.0	芝1600		良	**	1:33.2	0.6	**	13-12-12	35.2-34.9	34.1	484(-2)			ダイシンヤマト																																																																								
2019107075	2025-05-04	2東京4	晴	9.0	府中S(3勝クラス)		13.0	3.0	3.0	79.7	12.0	6	原優介	58.0	芝2000		良	**	1:58.5	0.8	**	10-10-9	36.3-34.4	34.4	490(+6)			アスクカムオンモア																																																																								
2019107075	2025-05-10	2東京5	曇	9.0	分倍河原S(3勝クラス)		15.0	6.0	10.0	111.5	14.0	15	原優介	58.0	芝1600		稍	**	1:35.5	0.8	**	7-8	36.2-33.8	33.9	486(-4)			アルセナール																																																																								
2019107075	2025-06-01	2京都12	晴	10.0	安土城S(L)		16.0	4.0	7.0	45.1	15.0	10	藤懸貴志	51.0	芝1400		良	**	1:20.9	0.6	**	16-16	35.1-33.8	32.8	482(-4)			ラケマーダ																																																																								
2019107075	2025-08-31	2札幌4	曇	11.0	日高S(3勝クラス)		13.0	6.0	8.0	49.7	11.0	12	桑村真明	58.0	芝1500		稍	**	1:30.9	1.4	**	7-7-9	30.0-35.7	36.5	466(-16)			リラボニート																																																																								
2019107075	2025-10-19	4東京7	小雨	12.0	甲斐路S(3勝クラス)		18.0	8.0	17.0	260.1	16.0	7	長浜鴻緒	54.0	芝1800		良	**	1:46.1	0.7	**	14-11-13	35.6-34.1	33.6	486(+20)			ニシノティアモ																																																																								
2019107075	2025-11-09	5東京2	小雨	10.0	イクイノックスM(3勝クラス)		12.0	3.0	3.0	81.9	11.0	12	原優介	58.0	芝2000		良	**	2:00.3	1.7	**	12-10-10	36.1-33.9	34.9	494(+8)			ウィクトルウェルス																																																																								
2019107075	2026-01-04	1中山1	晴	11.0	日刊スポ賞中山金杯(GIII)		14.0	3.0	4.0	95.9	13.0	9	原優介	51.0	芝2000		良	**	2:00.9	0.6	**	12-12-13-12	36.1-34.7	34.2	488(-6)			カラマティアノス																																																																								
2019107075	2026-01-18	1中山7		9.0	若潮S(3勝クラス)								原優介		芝1600				1:32.4	0.7		15-13-11	34.1-34.9	34.1	490(+2)																																																													晴		15.0	6.0	10.0	195.5	13.0	10	58.0	良	**	**		ポルカリズム	202606010709
2019110105	2021-08-22	4小倉4		5.0	2歳新馬								武豊		芝1200				1:10.1	0.3		4-3	34.4-35.4	35.3	452(0)				180.0	小雨		14.0	3.0	4.0	6.5	3.0	3	54.0	稍	**	**		タイセイブリリオ																																																									
2019110105	2021-08-29	4小倉6		1.0	2歳未勝利								浜中俊		ダ1000				0:59.3	0.4		2-2	34.0-36.3	36.6	446(-6)				200.0	晴		9.0	8.0	9.0	3.5	2.0	2	54.0	良	**	**		ケイティソルジャー																																																									
2019110105	2021-10-24	4阪神6		3.0	2歳未勝利								武豊		芝1400				1:21.3	0.4		1-1	34.4-35.0	35.4	448(+2)				200.0	晴		16.0	3.0	6.0	7.2	3.0	2	55.0	良	**	**		ママコチャ																																																									
2019110105	2021-11-13	5阪神3		3.0	2歳未勝利								武豊		芝1400				1:22.2	-0.6		1-1	34.1-36.4	36.4	454(+6)				510.0	晴		16.0	1.0	2.0	1.8	1.0	1	55.0	良	**	**		(パーサヴィアランス)																																																									
2019110105	2021-11-28	5東京8		8.0	ベゴニア賞(1勝クラス)								武豊		芝1600				1:34.9	0.2		1-1	35.7-34.6	34.8	458(+4)					晴		8.0	4.0	4.0	12.7	6.0	6	55.0	良	**	**		レッドラディエンス																																																									
2019110105	2021-12-18	6中京5		10.0	報知杯中京2歳S(OP)								武豊		芝1200				1:08.4	-0.6		1-1	33.7-34.7	34.7	454(-4)				1620.3	晴		9.0	7.0	7.0	3.6	2.0	1	55.0	良	**	**		(ウインマーベル)																																																									
2019110105	2022-02-27	1阪神6		10.0	マーガレットS(L)								武豊		芝1200				1:08.0	-0.2		4-4	33.1-34.9	34.4	464(+10)				2028.7	晴		13.0	5.0	7.0	2.2	1.0	1	56.0	良	**	**		(ショウナンマッハ)																																																									
2019110105	2022-04-09	3中山5		11.0	ニュージーランドT(GII)								武豊		芝1600				1:33.5	0.0		1-1-1	34.7-34.7	34.7	460(-4)				5478.4	晴		11.0	6.0	6.0	7.0	3.0	1	56.0	良	**	**		(マテンロウオリオン)																																																									
2019110105	2022-05-08	2東京6		11.0	NHKマイルC(GI)								武豊		芝1600				1:32.9	0.6		18-18	34.1-34.9	33.8	464(+4)					曇		18.0	7.0	13.0	14.5	6.0	7	57.0	良	**	**		ダノンスコーピオン																																																									
2019110105	2023-07-30	2新潟2		11.0	アイビスサマーD(GIII)								戸崎圭太		芝1000				0:55.5	0.6		7	32.2-33.2	33.3	468(+4)					晴		18.0	3.0	6.0	6.2	4.0	6	58.0	良	**	**		オールアットワンス																																																									
2019110105	2023-09-10	4阪神2		11.0	産経賞セントウルS(GII)								武豊		芝1200				1:07.6	0.4		5-5	33.5-33.7	33.5	462(-6)					曇		15.0	3.0	5.0	5.2	3.0	6	57.0	良	**	**		テイエムスパーダ																																																									
2019110105	2023-10-08	2京都2		11.0	夕刊フジ杯オパールS(L)								武豊		芝1200				1:09.1	1.0		3-3	33.6-34.5	35.2	470(+8)					小雨		18.0	8.0	17.0	6.5	3.0	13	57.5	良	**	**		メイショウゲンセン																																																									
2019110105	2024-12-22	7京都8		11.0	りんくうS(OP)								団野大成		ダ1200				1:12.9	1.4		5-5	34.8-36.7	37.6	478(+8)					晴		16.0	7.0	14.0	60.0	14.0	9	59.0	良	**	**		ドンアミティエ																																																									
2019110105	2025-02-02	1京都2		11.0	シルクロードS(GIII)								中井裕二		芝1200				1:09.2	1.0		12-12	33.1-35.1	34.6	482(+4)					曇		16.0	5.0	10.0	129.1	15.0	11	57.0	稍	**	**		エイシンフェンサー																																																									
2019110105	2025-02-22	1京都7		11.0	阪急杯(GIII)								横山典弘		芝1400				1:22.9	1.2		2-2	35.2-34.8	35.9	482(0)					曇		18.0	7.0	14.0	158.5	16.0	17	57.0	良	**	**		カンチェンジュンガ																																																									
2019110127	2022-01-16	1中山6	晴	6.0	3歳新馬		16.0	5.0	9.0	18.9	4.0	3	丸田恭介	54.0	芝1600		良	**	1:36.7	0.4	**	4-5-5	36.1-35.6	35.4	450(0)			ウインエクレール	150.0																																																																							
2019110127	2022-02-06	1東京4	晴	5.0	3歳未勝利		16.0	5.0	10.0	12.3	3.0	15	丸田恭介	54.0	芝1600		良	**	1:36.2	1.1	**	12-12	35.5-34.6	34.4	442(-8)			ライラスター																																																																								
2019110127	2022-04-17	3中山8	晴	2.0	3歳未勝利		16.0	8.0	15.0	5.7	3.0	7	丸田恭介	54.0	ダ1200		稍	**	1:13.1	1.1	**	3-2	35.1-36.9	37.8	440(-2)			コウユーママニニテ																																																																								
2019110127	2022-07-30	2新潟1	晴	3.0	3歳未勝利		18.0	2.0	4.0	20.3	8.0	3	田中勝春	54.0	芝1400		良	**	1:21.2	0.3	**	7-8	33.9-35.2	35.0	450(+10)			レッドアヴァンティ	130.0																																																																							
2019110127	2022-08-21	3新潟4	晴	3.0	3歳未勝利		18.0	1.0	2.0	6.4	3.0	4	田中勝春	54.0	芝1400		稍	**	1:22.6	0.7	**	4-4	34.8-35.6	35.8	458(+8)			ライブインステラ	78.0																																																																							
2019110127	2022-09-03	3新潟7	曇	6.0	3歳未勝利		18.0	2.0	3.0	27.9	9.0	16	田中勝春	54.0	芝1600		良	**	1:36.9	2.1	**	7-6	34.9-35.3	36.9	452(-6)			ジュエルラビシア																																																																								
2019110127	2022-11-15	園田	晴	9.0	C2一		10.0	7.0	8.0	5.9	3.0	2	佐々木世	52.0	ダ1400		稍	**	1:34.6	0.4	**	8-7-5-5		39.6	459(+7)			ブルーアロー	24.0																																																																							
2019110127	2022-12-07	園田	晴	9.0	C2一		10.0	5.0	5.0	4.6	2.0	2	佐々木世	52.0	ダ1400		稍	**	1:33.1	0.1	**	3-3-3-3		40.4	459(0)			ドンナラボリオーザ	24.0																																																																							
2019110127	2022-12-30	園田	晴	7.0	C2一		10.0	8.0	10.0	15.5	5.0	8	佐々木世	52.0	ダ1400		良	**	1:34.5	0.9	**	1-1-1-1		40.2	461(+2)			サンライズジョワ																																																																								
2019110127	2023-01-12	園田	晴	6.0	C2一		10.0	5.0	5.0	7.8	4.0	1	田中学	52.0	ダ1400		良	**	1:32.3	-0.2	**	2-2-2-1		38.9	458(-3)			(ウィステリアダディ)	60.0																																																																							
2019110127	2023-02-01	姫路	曇	9.0	C1二		12.0	4.0	4.0	5.4	4.0	1	田中学	54.0	ダ1400		良	**	1:33.2	-0.2	**	4-3-4-1		39.0	458(0)			(ナリタサフラン)	100.0																																																																							
2019110127	2023-02-22	姫路	晴	7.0	C1一		12.0	7.0	10.0	2.6	2.0	5	田中学	55.0	ダ1400		稍	**	1:33.2	0.8	**	6-4-2-2		39.3	459(+1)			グランドジュビリー	10.0																																																																							
2019110127	2023-03-21	姫路	雨	12.0	C1		12.0	3.0	3.0	4.1	3.0	5	田中学	54.0	ダ1400		重	**	1:33.6	0.8	**	3-3-2-3		40.5	466(+7)			デリカテッセン	11.0																																																																							
2019110127	2023-04-14	園田	曇	12.0	C1一		10.0	8.0	10.0	9.2	4.0	2	田中学	54.0	ダ1400		良	**	1:32.0	0.5	**	1-1-1-1		39.7	477(+11)			サンライズタイタン	40.0																																																																							
2019110127	2023-05-03	園田	晴	12.0	アマリリス賞C1一		11.0	6.0	6.0	5.0	2.0	1	田中学	54.0	ダ1400		良	**	1:32.2	-0.2	**	1-1-1-1		39.5	479(+2)			(エイシングリュック)	110.0																																																																							
2019110127	2023-12-12	園田	曇	10.0	B2		12.0	8.0	11.0	34.8	6.0	12	佐々木世	52.0	ダ1400		稍	**	1:34.3	2.6	**	3-2-2-4		42.6	477(-2)			グランドルチル																																																																								
2019110127	2024-01-21	1小倉4	曇	9.0	八幡特別(1勝クラス)		15.0	4.0	6.0	31.7	9.0	4	鮫島克駿	56.0	芝1200		稍	**	1:10.6	0.3	**	7-6	35.6-34.7	34.6	464(-13)			トーセンエスクード	170.0																																																																							
2019110127	2024-02-17	2小倉3	晴	12.0	4歳以上1勝クラス		18.0	1.0	2.0	9.1	6.0	2	幸英明	56.0	芝1200		良	**	1:08.0	0.0	**	11-11	33.1-34.9	33.8	470(+6)			シャウビンダー	320.0																																																																							
2019110127	2024-05-12	3京都8	曇	7.0	4歳以上1勝クラス		14.0	3.0	3.0	3.7	2.0	3	幸英明	56.0	芝1200		良	**	1:08.0	0.6	**	7-7	34.2-33.2	33.2	474(+4)			ディアドコス	200.0																																																																							
2019110127	2024-06-02	4京都2	雨	12.0	3歳以上1勝クラス		16.0	1.0	1.0	6.3	4.0	4	吉村誠之	53.0	芝1400		稍	**	1:23.1	0.4	**	1-1	35.5-35.6	36.0	480(+6)			メイショウコギク	120.0																																																																							
2019110127	2024-08-17	2中京3	晴	12.0	3歳以上1勝クラス		18.0	6.0	12.0	3.8	1.0	9	幸英明	56.0	芝1200		良	**	1:08.4	0.4	**	2-2	33.1-34.9	35.1	480(0)			セレッソデアモール																																																																								
2019110127	2024-09-07	3中京1	晴	8.0	3歳以上1勝クラス		18.0	4.0	7.0	7.2	4.0	1	幸英明	56.0	芝1200		良	**	1:08.3	-0.1	**	7-6	33.8-34.5	33.9	486(+6)			(アドマイヤジェイ)	800.0																																																																							
2019110127	2025-03-08	1阪神3	曇	12.0	4歳以上2勝クラス		11.0	8.0	11.0	13.1	5.0	7	幸英明	56.0	芝1200		良	**	1:09.0	0.3	**	6-6	34.2-34.5	34.1	468(-18)			アムールリーベ																																																																								
2019110127	2025-04-06	2阪神4	晴	8.0	4歳以上2勝クラス		10.0	7.0	7.0	8.0	5.0	9	幸英明	56.0	芝1200		良	**	1:09.5	0.9	**	5-5	34.6-34.0	34.4	478(+10)			バンドシェル																																																																								
2019110127	2025-07-20	2小倉8	晴	12.0	耶馬渓特別(2勝クラス)		18.0	2.0	3.0	31.8	9.0	16	団野大成	56.0	芝1200		良	**	1:09.1	1.4	**	14-13	32.9-34.8	35.0	502(+24)			フリッカージャブ																																																																								
2019110127	2025-11-16	4京都4	晴	8.0	3歳以上2勝クラス		15.0	4.0	7.0	78.8	11.0	15	北村友一	56.0	芝1400		良	**	1:21.5	0.8	**	5-5	35.0-34.4	34.9	490(-12)			アンダースコア																																																																								
2020100157	2023-01-29	1東京2	晴	6.0	3歳新馬		16.0	3.0	5.0	4.3	2.0	1	坂井瑠星	56.0	芝1800		良	**	1:48.3	-0.7	**	6-7-6	36.9-33.8	33.2	480(0)			(パールロード)	620.0																																																																							
2020100157	2023-02-18	1阪神3	曇	9.0	つばき賞(1勝クラス)		12.0	8.0	11.0	1.5	1.0	1	坂井瑠星	56.0	芝1800		良	**	1:47.0	-0.3	**	5-4	35.8-33.8	33.1	480(0)			(エマヌエーレ)	1096.6																																																																							
2020100157	2023-09-02	3新潟7	曇	10.0	赤倉特別(2勝クラス)		9.0	5.0	5.0	1.5	1.0	1	坂井瑠星	55.0	芝2000		良	**	1:59.1	0.0	**	2-2	35.4-33.5	33.4	482(+2)			(シーウィザード)	1572.4																																																																							
2020100157	2023-09-24	4阪神7	晴	11.0	神戸新聞杯(GII)		13.0	4.0	4.0	7.3	4.0	4	坂井瑠星	56.0	芝2400		良	**	2:23.6	0.1	**	5-5-5-4	36.9-33.6	33.5	478(-4)			サトノグランツ	810.0																																																																							
2020100157	2023-11-26	5東京8	曇	11.0	ウェルカムS(3勝クラス)		13.0	5.0	7.0	1.7	1.0	1	川田将雅	56.0	芝2000		良	**	1:59.0	-0.3	**	6-7-6	36.3-33.7	33.3	474(-4)			(マイネルモーント)	1868.0																																																																							
2020100157	2024-01-27	1東京1	晴	11.0	白富士S(L)		12.0	1.0	1.0	1.4	1.0	1	川田将雅	56.0	芝2000		良	**	1:57.2	-0.1	**	8-8-8	35.3-34.1	33.2	486(+12)			(バトルボーン)	2825.9																																																																							
2020100157	2024-06-01	4京都1	晴	11.0	鳴尾記念(GIII)		13.0	4.0	6.0			除	川田将雅	57.0	芝2000		良	**			**		34.9-34.4		480(-6)			ヨーホーレイク																																																																								
2020100157	2024-11-16	6京都5	曇	11.0	アンドロメダS(L)		15.0	2.0	2.0	2.3	1.0	2	川田将雅	57.5	芝2000		良	**	1:59.2	0.6	**	8-7-6-4	35.9-35.3	34.9	486(0)			デシエルト	1109.0																																																																							
2020100157	2024-12-07	4中京3	曇	11.0	中日新聞杯(GIII)		18.0	5.0	10.0	3.7	1.0	2	西村淳也	57.5	芝2000		良	**	1:58.8	0.4	**	9-11-7-7	35.3-35.6	35.1	486(0)			デシエルト	1718.2																																																																							
2020100157	2025-01-19	1中京7	晴	11.0	日経新春杯(GII)		16.0	4.0	8.0	7.2	4.0	1	西村淳也	57.5	芝2200		良	**	2:09.8	-0.5	**	8-8-8-6	34.5-37.4	35.6	490(+4)			(ショウナンラプンタ)	5814.8																																																																							
2020100157	2025-04-06	2阪神4	晴	11.0	大阪杯(GI)		15.0	7.0	13.0	6.5	4.0	2	西村淳也	58.0	芝2000		良	**	1:56.4	0.2	**	8-9-8-8	34.9-35.1	33.8	486(-4)			ベラジオオペラ	12092.4																																																																							
2020100157	2025-06-15	3阪神4	晴	11.0	宝塚記念(GI)		17.0	8.0	15.0	6.2	3.0	8	川田将雅	58.0	芝2200		稍	**	2:12.3	1.2	**	13-13-12-14	34.8-36.0	35.9	492(+6)			メイショウタバル																																																																								
2020100162	2022-10-10	4阪神3		4.0	2歳新馬								松山弘平		芝1400								34.8-35.5		計不																			曇		12.0	6.0	8.0			取	55.0	重	**	**		スーパーアグリ																																											
2020100162	2022-10-30	4新潟6		5.0	2歳新馬								荻野極		芝1400				1:24.3	0.4		4-4	35.2-36.6	36.5	456(0)				110.0															曇		18.0	4.0	7.0	4.6	3.0	4	55.0	稍	**	**		ブラウンウェーブ																																											
2020100162	2022-11-20	5阪神6		3.0	2歳未勝利								ムーア		芝1600				1:35.7	1.1		4-5	36.1-34.8	35.4	452(-4)																			曇		14.0	3.0	4.0	5.1	2.0	6	55.0	稍	**	**		マイネルメモリー																																											
2020100162	2023-04-09	2阪神6		4.0	3歳未勝利								松山弘平		芝1400				1:23.0	1.8		5-4	34.9-34.6	36.0	446(-6)																			晴		18.0	7.0	13.0	7.8	4.0	11	56.0	稍	**	**		アクートゥス																																											
2020100162	2023-05-20	1新潟7		3.0	3歳未勝利								丹内祐次		ダ1200				1:12.4	0.8		12-11	34.5-37.1	36.4	452(+6)				140.0															晴		15.0	2.0	3.0	13.6	4.0	3	56.0	良	**	**		スティルディマーレ																																											
2020100162	2023-06-10	3阪神3		1.0	3歳未勝利								川田将雅		ダ1400				1:23.4	-0.2		3-4	34.6-36.6	36.2	448(-4)				550.0															晴		16.0	1.0	1.0	7.8	4.0	1	56.0	稍	**	**		(トモジャケーヤ)																																											
2020100162	2023-09-16	4阪神3		12.0	3歳以上1勝クラス								川田将雅		ダ1400				1:24.9	-0.5		5-3	34.2-38.3	37.8	464(+16)				800.0															晴		16.0	3.0	6.0	2.2	1.0	1	56.0	良	**	**		(インヒズアイズ)																																											
2020100162	2023-12-03	4中京2		10.0	鳴海特別(2勝クラス)								川田将雅		ダ1400				1:24.1	-0.3		4-6	34.8-37.5	37.1	460(-4)				1589.2															晴		16.0	5.0	9.0	2.1	1.0	1	57.0	良	**	**		(ワールズコライド)																																											
2020100162	2024-02-17	2京都7		10.0	河原町S(3勝クラス)								松山弘平		ダ1400				1:24.0	0.2		8-7	35.1-36.8	36.5	464(+4)				465.5															晴		16.0	1.0	2.0	2.6	1.0	3	56.0	稍	**	**		レディフォース																																											
2020100162	2024-03-17	1阪神8		10.0	鳴門S(3勝クラス)								川田将雅		ダ1400				1:24.0	-0.6		2-2	35.4-36.4	36.3	462(-2)				1864.5															雨		11.0	4.0	4.0	1.9	1.0	1	58.0	稍	**	**		(エルゲルージ)																																											
2020100162	2024-05-12	3京都8		11.0	栗東S(L)								幸英明		ダ1400				1:24.1	0.5		3-3	35.3-36.1	36.3	458(-4)																			曇		16.0	6.0	11.0	5.6	3.0	8	56.0	良	**	**		サンライズアムール																																											
2020100162	2024-06-22	4京都7		11.0	天保山S(OP)								川田将雅		ダ1400				1:24.9	1.6		8-9	34.7-36.6	37.4	456(-2)																			曇		16.0	8.0	15.0	4.6	2.0	13	57.0	稍	**	**		サトノルフィアン																																											
2020100162	2024-12-01	7京都2		11.0	ギャラクシーS(OP)								幸英明		ダ1400				1:24.0	0.0		3-2	34.9-37.0	36.8	478(+22)				555.1															晴		15.0	7.0	14.0	17.8	6.0	3	56.0	良	**	**		アルファマム																																											
2020100162	2025-01-19	1中山7		10.0	ジャニュアリーS(OP)								ルメール		ダ1200				1:10.5	0.3		3-3	33.3-36.9	36.8	472(-6)				555.2															曇		16.0	4.0	7.0	7.1	3.0	3	57.0	良	**	**		ジャスパーゴールド																																											
2020100162	2025-02-09	1京都4		10.0	令月S(OP)								西村淳也		ダ1200				1:11.2	-0.4		2-2	35.2-36.0	35.8	476(+4)				2233.6															晴		16.0	7.0	14.0	6.5	3.0	1	56.0	稍	**	**		(インユアパレス)																																											
2020100162	2026-01-18	1中山7		10.0	ジャニュアリーS(OP)								ルメール		ダ1200				1:11.4	0.8		13-12	33.3-37.3	36.9	476(0)																																																													晴		16.0	6.0	12.0	7.2	3.0	8	58.0	良	**	**		モンドプリューム	202606010710
2020100168	2022-07-10	3小倉4		5.0	2歳新馬								西村淳也		芝1800				1:50.1	0.6		4-3-3-3	36.9-35.0	35.3	466(0)				110.0	晴		12.0	3.0	3.0	8.2	5.0	4	54.0	良	**	**		ラヴェル																																																									
2020100168	2022-08-14	4小倉2		2.0	2歳未勝利								西村淳也		芝1800				1:48.6	-0.4		2-2-2-1	38.0-34.7	34.6	470(+4)				520.0	晴		7.0	7.0	7.0	14.8	5.0	1	54.0	良	**	**		(ピヌスアモリス)																																																									
2020100168	2022-10-15	4阪神4		9.0	紫菊賞(1勝クラス)								和田竜二		芝1800				1:47.9	0.6		6-4	36.8-33.7	33.9	476(+6)				103.0	晴		7.0	7.0	7.0	16.6	5.0	5	55.0	良	**	**		コスモサガルマータ																																																									
2020100168	2022-11-13	5阪神4		9.0	黄菊賞(1勝クラス)								和田竜二		芝2000				2:05.2	1.4		2-2-2-1	38.3-35.4	36.8	478(+2)					曇		9.0	8.0	9.0	15.8	8.0	8	55.0	重	**	**		セブンマジシャン																																																									
2020100168	2022-12-17	5中山5		9.0	ひいらぎ賞(1勝クラス)								田辺裕信		芝1600				1:35.1	0.4		2-2-2	35.5-35.0	35.2	480(+2)				150.0	曇		13.0	5.0	6.0	21.5	6.0	4	55.0	良	**	**		ジョウショーホープ																																																									
2020100168	2023-01-29	1小倉6		9.0	くすのき賞(1勝クラス)								秋山稔樹		ダ1700				1:45.3	0.9		5-3-2-1	28.8-38.3	39.0	474(-6)					曇		14.0	7.0	12.0	8.4	4.0	6	56.0	重	**	**		ツウカイリアル																																																									
2020100168	2023-02-26	2小倉6		8.0	3歳1勝クラス								斎藤新		ダ1700				1:46.1	1.0		5-6-6-6	28.6-38.1	38.7	472(-2)				120.0	晴		16.0	6.0	11.0	8.9	4.0	4	56.0	稍	**	**		アイファーテイオー																																																									
2020100168	2023-04-23	1京都2		6.0	3歳1勝クラス								西村淳也		ダ1800				1:53.9	1.6		3-3-4-3	37.5-37.9	39.1	472(0)				78.0	晴		9.0	5.0	5.0	18.5	3.0	5	56.0	良	**	**		ヤマニンウルス																																																									
2020100168	2023-07-08	3中京3		6.0	3歳以上1勝クラス								菱田裕二		ダ1400				1:24.0	0.1		3-3	34.1-38.1	38.0	472(0)				320.0	曇		16.0	6.0	11.0	15.5	6.0	2	55.0	良	**	**		エンペラーワケア																																																									
2020100168	2023-08-05	2新潟3		12.0	3歳以上1勝クラス								菱田裕二		ダ1200				1:11.5	-0.4		3-4	33.9-37.6	37.2	468(-4)				800.0	晴		15.0	2.0	2.0	2.6	1.0	1	56.0	良	**	**		(ストリンジェンド)																																																									
2020100168	2023-11-05	3京都2		8.0	3歳以上2勝クラス								西村淳也		ダ1200				1:12.0	0.8		2-2	34.1-37.1	37.4	478(+10)				170.0	晴		14.0	2.0	2.0	3.6	2.0	4	57.0	良	**	**		ダノンセシボン																																																									
2020100168	2023-11-19	3京都6		8.0	3歳以上2勝クラス								西村淳也		ダ1200				1:12.4	0.2		3-3	34.9-37.3	37.1	478(0)				170.0	晴		15.0	3.0	4.0	2.4	1.0	4	57.0	稍	**	**		ミラクル																																																									
2020100168	2023-12-17	5阪神6		9.0	高砂特別(2勝クラス)								モリス		ダ1200				1:13.0	0.3		6-5	34.8-37.9	37.5	476(-2)				393.9	晴		11.0	8.0	11.0	3.2	2.0	3	57.0	稍	**	**		メイショウイジゲン																																																									
2020100168	2024-01-14	1京都5		8.0	4歳以上2勝クラス								ルメート		ダ1200				1:11.7	0.1		4-4	35.9-35.7	35.4	482(+6)				460.0	晴		13.0	5.0	7.0	9.8	3.0	2	58.0	良	**	**		ボナンザ																																																									
2020100168	2024-02-11	2京都6		12.0	4歳以上2勝クラス								ルメート		ダ1200				1:12.2	-0.1		9-8	35.2-37.0	36.2	480(-2)				1140.0	曇		16.0	3.0	6.0	2.5	1.0	1	58.0	良	**	**		(シラキヌ)																																																									
2020100168	2024-04-13	2阪神7		10.0	天満橋S(3勝クラス)								松山弘平		ダ1400				1:23.7	-0.2		2-2	34.5-37.1	36.9	484(+4)				1875.7	晴		15.0	3.0	4.0	18.1	7.0	1	56.0	良	**	**		(ペプチドタイガー)																																																									
2020100168	2024-05-25	2東京11		11.0	欅S(OP)								佐々木大		ダ1400				1:23.7	1.8		6-8	35.0-35.1	36.2	480(-4)					晴		16.0	6.0	11.0	55.3	8.0	10	57.0	良	**	**		コスタノヴァ																																																									
2020100168	2024-06-22	4京都7		11.0	天保山S(OP)								和田竜二		ダ1400				1:24.2	0.9		5-3	34.7-36.6	37.0	474(-6)					曇		16.0	4.0	7.0	57.3	12.0	6	57.0	稍	**	**		サトノルフィアン																																																									
2020100168	2024-10-06	5京都2		10.0	藤森S(OP)								菅原明良		ダ1200				1:11.9	0.6		6-5	34.7-36.6	36.6	482(+8)					晴		14.0	3.0	5.0	32.9	8.0	6	57.0	良	**	**		クインズメリッサ																																																									
2020100168	2024-12-22	7京都8		11.0	りんくうS(OP)								長岡禎仁		ダ1200				1:12.5	1.0		5-5	34.8-36.7	37.2	488(+6)					晴		16.0	3.0	5.0	42.1	10.0	6	57.0	良	**	**		ドンアミティエ																																																									
2020100168	2025-01-11	1中京3		11.0	すばるS(L)								ルメート		ダ1400				1:23.8	0.8		6-6	34.2-37.0	37.1	496(+8)				360.0	晴		16.0	1.0	2.0	57.1	11.0	4	57.0	良	**	**		フリームファクシ																																																									
2020100168	2025-05-04	1新潟2		11.0	越後S(OP)								中井裕二		ダ1200				1:11.3	0.3		4-4	33.6-37.4	37.3	482(-14)				220.0	晴		15.0	4.0	6.0	10.2	4.0	5	58.0	稍	**	**		ブシン																																																									
2020100168	2025-10-05	3京都2		10.0	藤森S(OP)								松若風馬		ダ1200				1:11.0	1.6		11-11	34.6-34.8	35.7	480(-2)					曇		16.0	5.0	10.0	60.7	12.0	9	57.0	重	**	**		タガノミスト																																																									
2020100168	2025-11-08	4京都1		11.0	室町S(OP)								酒井学		ダ1200				1:11.0	0.7		7-7	34.2-36.1	36.2	488(+8)					晴		16.0	6.0	12.0	54.4	13.0	9	55.0	良	**	**		ペプチドヤマト																																																									
2020100168	2025-11-30	4京都8		11.0	オータムリーフS(OP)								中井裕二		ダ1400				1:27.2	4.0		2-3	34.1-36.9	40.6	498(+10)					晴		16.0	7.0	14.0	153.9	14.0	16	57.0	良	**	**		ハッピーマン																																																									
2020100233	2022-10-30	4東京9		5.0	2歳新馬								田辺裕信		芝1800				1:50.5	0.1		7-6-6	37.4-34.2	33.7	460(0)				180.0															晴		14.0	3.0	4.0	16.1	6.0	3	55.0	良	**	**		エメリヨン																																											
2020100233	2022-11-27	5東京8		4.0	2歳未勝利								田辺裕信		芝2000				1:59.9	0.5		3-5-5	36.3-36.1	35.0	460(0)				210.0															晴		9.0	4.0	4.0	6.8	3.0	2	55.0	良	**	**		レヴォルタード																																											
2020100233	2022-12-25	5中山8		4.0	2歳未勝利								田辺裕信		芝2000				2:03.9	1.3		5-5-5-4	37.1-36.6	37.5	462(+2)																			晴		18.0	6.0	11.0	2.4	1.0	8	55.0	良	**	**		ダニーデン																																											
2020100233	2023-02-26	2中山2		5.0	3歳未勝利								永野猛蔵		芝2000				2:01.4	0.1		8-8-7-5	35.7-36.2	35.8	464(+2)				140.0															晴		18.0	7.0	14.0	11.2	4.0	3	55.0	良	**	**		マイモーメント																																											
2020100233	2023-03-18	2中山7		5.0	3歳未勝利								永野猛蔵		芝2200				2:18.6	-0.4		6-5-3-1	36.5-38.3	38.2	458(-6)				550.0															小雨		18.0	8.0	17.0	5.0	2.0	1	55.0	重	**	**		(キラメクホシ)																																											
2020100233	2023-06-11	3東京4		8.0	3歳以上1勝クラス								永野猛蔵		芝2000				2:00.8	0.2		1-1-1	36.6-34.8	35.0	452(-6)				320.0															小雨		9.0	5.0	5.0	5.6	3.0	2	54.0	稍	**	**		マイネルビジョン																																											
2020100233	2023-06-25	3東京8		7.0	3歳以上1勝クラス								永野猛蔵		芝2000				1:59.4	1.5		2-2-2	35.1-34.2	35.5	452(0)																			晴		11.0	5.0	5.0	5.2	2.0	6	54.0	良	**	**		ブレイディヴェーグ																																											
2020100233	2023-09-02	3新潟7		9.0	瓢湖特別(1勝クラス)								永野猛蔵		芝2200				2:14.6	0.3		6-6-8-6	35.3-36.1	35.8	448(-4)				111.0															曇		10.0	5.0	5.0	4.6	3.0	5	55.0	良	**	**		ピンキープロミス																																											
2020100233	2023-10-07	4東京1		8.0	3歳以上1勝クラス								田辺裕信		芝2000				1:58.5	1.3		12-12-13	35.5-34.9	34.6	452(+4)				80.0															晴		14.0	6.0	10.0	21.7	7.0	5	56.0	良	**	**		ダニーデン																																											
2020100233	2023-10-28	4東京8		8.0	3歳以上1勝クラス								幸英明		芝2000				2:00.1	0.4		1-1-1	36.1-34.3	34.7	456(+4)				120.0															晴		10.0	1.0	1.0	4.8	3.0	4	56.0	良	**	**		インスタキング																																											
2020100233	2023-11-25	5東京7		7.0	3歳以上1勝クラス								田辺裕信		芝2400				2:26.6	0.3		2-4-5-4	38.0-34.7	34.5	464(+8)				80.0															曇		16.0	2.0	3.0	13.8	8.0	5	56.0	良	**	**		アドマイヤサジー																																											
2020100233	2024-01-20	1中山6		12.0	4歳以上1勝クラス								田辺裕信		芝2200				2:13.5	0.3		5-5-4-3	36.3-35.6	35.4	470(+6)				320.0															曇		17.0	1.0	2.0	4.9	2.0	2	57.0	良	**	**		サトノトルネード																																											
2020100233	2024-02-11	1東京6		6.0	4歳以上1勝クラス								田辺裕信		芝2400				2:28.1	0.1		3-4-5-3	37.8-34.2	34.0	476(+6)				320.0															晴		10.0	1.0	1.0	3.2	2.0	2	57.0	良	**	**		コスタレイ																																											
2020100233	2024-04-13	3中山7		7.0	4歳以上1勝クラス								勝浦正樹		芝2200				2:16.7	0.2		5-5-4-4	37.5-34.9	34.7	468(-8)				320.0															晴		9.0	6.0	6.0	1.9	1.0	2	58.0	良	**	**		ヒシタイカン																																											
2020100233	2024-04-28	2東京4		7.0	4歳以上1勝クラス								田辺裕信		芝2000				1:58.9	0.0		5-4-4	35.3-36.6	34.1	474(+6)				320.0															晴		9.0	5.0	5.0	2.6	2.0	2	58.0	良	**	**		ヴェンチュラムーン																																											
2020100233	2024-07-20	1札幌1		9.0	北辰特別(1勝クラス)								永野猛蔵		芝1800				1:47.6	0.2		5-5-5-6	36.5-35.4	35.1	470(-4)				447.4															晴		10.0	7.0	8.0	5.0	3.0	2	58.0	良	**	**		ミヤビブレイブ																																											
2020100233	2024-08-10	2札幌1		9.0	石狩特別(1勝クラス)								池添謙一		芝1800				1:48.2	0.2		4-4-2-2	35.6-36.4	36.4	462(-8)				285.4															晴		13.0	6.0	8.0	2.2	1.0	3	58.0	良	**	**		マイネルブリックス																																											
2020100233	2024-08-31	2札幌7		8.0	3歳以上1勝クラス								池添謙一		芝2000				2:05.6	1.7		5-5-4-6	37.0-36.6	37.9	470(+8)																			曇		16.0	1.0	1.0	5.6	4.0	14	58.0	重	**	**		ノーブルスカイ																																											
2020100233	2024-10-26	4東京7		8.0	3歳以上1勝クラス								池添謙一		芝2000				1:59.2	0.6		4-4-4	35.6-34.2	34.2	462(-8)				80.0															曇		10.0	1.0	1.0	6.3	4.0	5	58.0	良	**	**		シンハナーダ																																											
2020100233	2024-11-17	3福島6		9.0	磐梯山特別(1勝クラス)								杉原誠人		芝2600				2:42.2	0.2		10-10-12-8	37.0-36.7	36.1	464(+2)				285.4															晴		15.0	8.0	15.0	5.2	2.0	3	58.0	良	**	**		スピーディブレイク																																											
2020100233	2025-01-25	1小倉1		7.0	4歳以上1勝クラス								杉原誠人		芝2600				2:39.3	0.0		6-5-5-6	37.2-36.1	35.7	470(+6)				800.0															晴		16.0	7.0	13.0	4.4	1.0	1	58.0	良	**	**		(サラトガチップス)																																											
2020100233	2025-02-22	1小倉9		10.0	皿倉山特別(2勝クラス)								丹内祐次		芝2600				2:39.9	1.0		4-4-3-3	36.3-35.2	36.0	470(0)				155.0															晴		13.0	4.0	5.0	2.8	1.0	5	58.0	良	**	**		ヴォランテ																																											
2020100233	2025-10-11	4東京3		9.0	陣馬特別(2勝クラス)								杉原誠人		芝2400				2:29.1	0.8		1-1-3-3	38.6-34.0	34.3	476(+6)																			雨		10.0	7.0	7.0	49.9	9.0	7	58.0	良	**	**		ダノンホイットニー																																											
2020100233	2025-12-28	5中山8		9.0	グッドラックH(2勝クラス)								プーシャ		芝2500				2:34.8	1.2		5-5-7-9	31.3-36.1	36.8	474(-2)																			晴		14.0	5.0	7.0	70.1	8.0	12	55.0	良	**	**		コーチェラバレー																																											
2020100233	2026-01-18	1中山7		7.0	4歳以上2勝クラス								杉原誠人		芝2200				2:16.3	1.8		5-5-5-4	37.7-34.0	35.4	482(+8)																																																													晴		16.0	8.0	16.0	293.4	12.0	15	58.0	良	**	**		フィーリウス	202606010707
2020100363	2022-10-10	4東京3		6.0	2歳新馬								横山和生		ダ1400				1:25.1	0.1		9-9	35.5-37.4	36.2	504(0)				180.0	曇		16.0	8.0	15.0	11.4	5.0	3	55.0	重	**	**		マーゴットレーヴ																																																									
2020100363	2023-02-04	1東京3		2.0	3歳未勝利								横山和生		ダ1300				1:22.1	0.6		13-13	31.3-36.8	35.9	494(-10)					晴		16.0	4.0	7.0	1.6	1.0	7	56.0	良	**	**		ドラゴングライダー																																																									
2020100363	2023-03-25	3中山1		2.0	3歳未勝利								横山和生		ダ1200				1:11.1	-0.1		4-4	34.0-37.1	36.7	500(+6)				550.0	雨		16.0	6.0	12.0	3.5	2.0	1	56.0	不	**	**		(コパノエルパソ)																																																									
2020100363	2023-04-16	3中山8		5.0	3歳1勝クラス								横山和生		ダ1200				1:11.4	0.8		16-14	33.9-36.7	36.0	500(0)					晴		16.0	6.0	11.0	21.9	9.0	6	56.0	重	**	**		スクーバー																																																									
2020100363	2023-08-20	3新潟4		8.0	3歳以上1勝クラス								吉田豊		ダ1200				1:13.3	0.5		10-11	35.0-37.8	37.6	514(+14)					晴		15.0	8.0	15.0	8.3	6.0	8	56.0	良	**	**		ダークンストーミー																																																									
2020100363	2023-09-10	4中山2		4.0	3歳以上1勝クラス								吉田豊		ダ1200				1:11.3	0.1		11-10	33.9-37.3	36.0	514(0)				320.0	晴		16.0	1.0	2.0	14.5	5.0	2	56.0	稍	**	**		エコロドゥネス																																																									
2020100363	2023-10-01	4中山9		6.0	3歳以上1勝クラス								吉田豊		ダ1200				1:11.1	0.0		12-11	33.5-37.6	35.9	514(0)				800.0	曇		16.0	1.0	1.0	5.4	2.0	1	56.0	良	**	**		(バンドールロゼ)																																																									
2020100363	2023-10-28	4東京8		12.0	3歳以上2勝クラス								吉田豊		ダ1400				1:26.3	0.5		11-9	36.5-36.5	36.0	514(0)				170.0	晴		11.0	8.0	10.0	5.3	3.0	4	56.0	良	**	**		フォトスフィア																																																									
2020100363	2023-11-25	5東京7		8.0	3歳以上2勝クラス								吉田豊		ダ1400				1:24.9	1.0		14-13	35.3-36.8	36.2	514(0)					晴		16.0	7.0	13.0	14.4	4.0	8	57.0	良	**	**		プラチナジュビリー																																																									
2020100363	2024-03-03	2中山4		12.0	4歳以上2勝クラス								吉田豊		ダ1200				1:11.7	0.7		14-13	33.6-37.4	36.1	512(-2)				114.0	晴		16.0	4.0	7.0	8.4	3.0	5	58.0	稍	**	**		ロレンツォ																																																									
2020100363	2024-03-31	3中山4		12.0	4歳以上2勝クラス								吉田豊		ダ1200				1:11.9	0.7		14-13	34.5-36.7	36.1	508(-4)				114.0	晴		16.0	1.0	1.0	9.3	4.0	5	58.0	良	**	**		ムーヴ																																																									
2020100363	2024-04-13	3中山7		12.0	袖ケ浦特別(2勝クラス)								吉田豊		ダ1200				1:11.4	0.6		13-13	34.7-36.1	35.5	510(+2)					晴		15.0	4.0	7.0	20.1	7.0	6	58.0	良	**	**		ハヤブサジェット																																																									
2020100363	2024-06-02	3東京2		12.0	小金井特別(2勝クラス)								横山和生		ダ1400				1:24.2	1.1		14-14	36.1-34.8	34.4	522(+12)					小雨		16.0	3.0	6.0	29.6	10.0	8	58.0	重	**	**		ジャスリー																																																									
2020100363	2024-09-08	4中山2		12.0	3歳以上2勝クラス								原優介		ダ1200				1:11.3	0.7		13-10	33.7-36.9	36.0	514(-8)				290.0	晴		15.0	4.0	6.0	14.5	3.0	3	57.0	良	**	**		ブシン																																																									
2020100363	2024-09-28	4中山8		12.0	3歳以上2勝クラス								原優介		ダ1200				1:11.0	0.4		11-11	33.3-37.3	36.5	522(+8)				290.0	曇		16.0	1.0	2.0	18.8	6.0	3	57.0	良	**	**		カンパニョーラ																																																									
2020100363	2024-10-13	4東京3		12.0	西湖特別(2勝クラス)								原優介		ダ1300				1:17.8	0.2		8-8	29.7-35.9	35.2	522(0)				393.5	晴		11.0	8.0	11.0	6.8	4.0	3	58.0	良	**	**		ガンウルフ																																																									
2020100363	2024-12-22	5中山8		8.0	冬至特別(2勝クラス)								横山和生		ダ1200				1:11.9	0.3		3-3	33.6-38.0	38.1	530(+8)				395.2	晴		16.0	8.0	16.0	5.7	3.0	3	58.0	良	**	**		ロードフロンティア																																																									
2020100363	2025-01-12	1中山4		12.0	4歳以上2勝クラス								横山和生		ダ1200				1:10.9	0.3		14-14	33.7-36.9	35.8	520(-10)				290.0	曇		16.0	2.0	3.0	6.6	4.0	3	58.0	良	**	**		ニットウバジル																																																									
2020100363	2025-12-13	5中山3		12.0	3歳以上2勝クラス								戸崎圭太		ダ1200				1:12.1	0.9		10-9	34.3-36.9	36.9	528(+8)					曇		13.0	7.0	11.0	4.8	2.0	6	58.0	良	**	**		シュヴァルボヌール																																																									
2020100363	2026-01-17	1中山6		8.0	4歳以上2勝クラス								横山和生		ダ1200				1:11.8	0.0		9-9	33.8-38.0	36.6	528(0)				480.0																													晴		16.0	7.0	13.0	12.1	4.0	2	58.0	良				ゴールドハンマー																													
2020100640	2023-02-12	1東京6		4.0	3歳新馬								バシュロ		ダ1600				1:38.6	0.8		6-6	35.7-37.4	37.4	504(0)																			晴		15.0	2.0	3.0	10.1	4.0	7	56.0	重	**	**		グローフォース																																											
2020100640	2023-04-08	3中山5		5.0	3歳未勝利								戸崎圭太		芝2000				2:03.5	0.5		3-2-2-2	36.8-36.9	37.4	502(-2)				83.0															曇		18.0	7.0	15.0	10.8	4.0	4	56.0	稍	**	**		ハガネ																																											
2020100640	2023-04-29	1新潟1		5.0	3歳未勝利								西村淳也		芝2000				2:01.6	0.4		7-7-9-6	34.5-37.0	36.6	498(-4)				140.0															晴		16.0	2.0	4.0	4.9	2.0	3	56.0	良	**	**		ウイニングライブ																																											
2020100640	2023-06-18	1函館4		6.0	3歳未勝利								鮫島克駿		芝2000				2:01.4	0.3		3-3-5-4	35.4-35.6	35.4	500(+2)				220.0															晴		13.0	1.0	1.0	3.5	1.0	2	56.0	良	**	**		エイシンジェンマ																																											
2020100640	2023-06-24	1函館5		6.0	3歳未勝利								鮫島克駿		芝2000				2:03.7	0.4		5-5-5-5	36.4-36.4	36.1	494(-6)				55.0															曇		11.0	8.0	10.0	2.4	1.0	5	56.0	稍	**	**		ポーレット																																											
2020100640	2023-07-15	2函館5		5.0	3歳未勝利								ルメール		芝2000				2:06.1	0.1		1-1-1-1	36.9-37.1	37.2	494(0)				140.0															雨		8.0	3.0	3.0	2.9	2.0	3	56.0	重	**	**		チャイボーグ																																											
2020100640	2023-07-30	1札幌4		4.0	3歳未勝利								ルメール		芝2000				2:02.4	0.0		2-3-3-3	37.2-35.6	35.4	494(0)				550.0															曇		16.0	6.0	11.0	2.3	1.0	1	56.0	良	**	**		(ユイノオトコヤマ)																																											
2020100640	2023-10-21	4新潟3		9.0	岩船特別(1勝クラス)								国分恭介		芝2200				2:16.3	0.6		1-1-1-1	36.6-35.6	36.2	492(-2)				285.1															小雨		15.0	5.0	8.0	24.9	7.0	3	55.0	重	**	**		アームブランシュ																																											
2020100640	2023-11-11	3福島3		9.0	二本松特別(1勝クラス)								国分恭介		芝2000				2:01.7	0.7		3-3-3-1	35.7-36.4	37.0	492(0)				449.0															晴		12.0	7.0	9.0	5.6	2.0	2	56.0	良	**	**		ホウオウスーペリア																																											
2020100640	2023-12-03	4中京2		12.0	栄特別(1勝クラス)								ルメール		芝2200				2:14.6	-0.3		2-2-2-2	37.6-34.5	34.4	492(0)				1143.6															晴		11.0	6.0	6.0	3.3	2.0	1	56.0	良	**	**		(マイネルカンパーナ)																																											
2020100640	2024-01-28	1東京2		12.0	4歳以上2勝クラス								松岡正海		芝2000				1:59.8	1.4		5-3-3	36.3-33.9	35.1	504(+12)																			晴		11.0	7.0	9.0	16.4	7.0	8	57.0	良	**	**		ドクタードリトル																																											
2020100640	2025-01-11	1中京3		9.0	渥美特別(2勝クラス)								マーカン		芝2000				2:03.6	1.9		5-4-4-5	36.8-35.2	36.7	510(+6)																			晴		13.0	2.0	2.0	28.5	8.0	10	58.0	良	**	**		パワーホール																																											
2020100640	2025-01-26	1小倉2		10.0	海の中道特別(2勝クラス)								国分恭介		芝2600				2:41.0	1.3		3-3-5-6	37.0-35.7	36.5	498(-12)																			晴		16.0	5.0	9.0	110.2	12.0	14	58.0	良	**	**		グランアルティスタ																																											
2020100640	2026-01-18	1中山7		7.0	4歳以上2勝クラス								国分恭介		芝2200				2:15.6	1.1		3-3-5-6	37.7-34.0	34.7	514(+16)																																																													晴		16.0	3.0	6.0	369.3	14.0	10	58.0	良	**	**		フィーリウス	202606010707
2020100665	2022-09-25	4中山7		5.0	2歳新馬								菅原明良		芝2000				2:07.0	0.7		1-1-1-1	38.6-35.1	35.8	504(0)				70.0	晴		10.0	4.0	4.0	15.0	5.0	5	54.0	良	**	**		スマラグドス																																																									
2020100665	2022-10-09	4阪神2		2.0	2歳未勝利								岩田望来		芝1800				1:48.3	0.3		1-1	36.2-34.1	34.4	498(-6)				52.0	曇		10.0	6.0	6.0	14.9	6.0	5	55.0	良	**	**		ワイドアラジン																																																									
2020100665	2022-10-23	4阪神7		1.0	2歳未勝利								岩田望来		ダ1800				1:55.6	0.2		6-4-4-4	37.9-38.1	37.9	496(-2)				78.0	晴		12.0	2.0	2.0	4.7	2.0	4	55.0	良	**	**		カレンアルカンタラ																																																									
2020100665	2022-11-13	5阪神4		1.0	2歳未勝利								フォーリ		ダ1800				1:55.6	-0.1		2-3-5-4	38.9-37.8	37.5	496(0)				520.0	曇		11.0	5.0	5.0	6.1	4.0	1	55.0	良	**	**		(イサイアス)																																																									
2020100665	2022-12-11	5中山4		7.0	2歳1勝クラス								永野猛蔵		ダ1800				1:55.5	0.9		8-10-10-10	38.3-38.9	38.8	494(-2)				110.0	曇		14.0	8.0	14.0	12.9	6.0	4	54.0	良	**	**		モンドプリューム																																																									
2020100665	2022-12-28	6阪神9		6.0	2歳1勝クラス								岩田望来		ダ1800				1:54.8	0.9		4-4-3-4	37.3-37.6	38.3	496(+2)				110.0	晴		11.0	2.0	2.0	17.4	4.0	4	55.0	良	**	**		ユティタム																																																									
2020100665	2023-01-22	1中京8		4.0	3歳1勝クラス								ムルザバ		ダ1800				1:56.5	1.1		5-5-2-2	37.9-38.2	39.3	500(+4)					晴		8.0	5.0	5.0	10.3	6.0	6	56.0	良	**	**		エクロジャイト																																																									
2020100665	2023-04-15	3中山7		6.0	3歳1勝クラス								津村明秀		ダ1800				1:53.1	0.9		6-4-4-2	37.1-37.5	38.1	494(-6)				120.0	雨		13.0	8.0	13.0	13.0	7.0	4	56.0	重	**	**		ハッスルダンク																																																									
2020100665	2023-05-06	1新潟3		9.0	わらび賞(1勝クラス)								丸山元気		ダ1800				1:53.8	-0.3		11-10-11-8	35.5-39.8	38.4	496(+2)				1106.4	曇		15.0	2.0	3.0	13.6	6.0	1	56.0	稍	**	**		(ディアサクセサー)																																																									
2020100665	2023-05-21	1京都10		10.0	鳳雛S(L)								松山弘平		ダ1800				1:54.1	0.5		4-4-5-6	37.2-37.1	37.1	498(+2)				483.3	晴		11.0	4.0	4.0	21.3	10.0	3	56.0	良	**	**		エクロジャイト																																																									
2020100665	2023-06-18	3東京6		11.0	ユニコーンS(GIII)								丸山元気		ダ1600				1:37.2	2.2		8-9	34.6-37.0	37.7	504(+6)					晴		15.0	2.0	2.0	42.1	9.0	13	56.0	良	**	**		ペリエール																																																									
2020100665	2023-12-28	5中山9		9.0	立志賞(2勝クラス)								松山弘平		ダ1800				1:54.3	0.8		10-10-10-11	36.2-39.2	39.2	512(+8)				230.0	晴		16.0	3.0	6.0	12.9	5.0	4	57.0	良	**	**		アクションプラン																																																									
2020100665	2024-01-14	1中山5		8.0	4歳以上2勝クラス								横山武史		ダ1800								37.0-38.0		522(+10)					晴		16.0	5.0	9.0	9.1	4.0	中	57.0	良	**	**		ペンティメント																																																									
2020100665	2024-03-16	1中京3		9.0	弥富特別(2勝クラス)								北村宏司		ダ1900				2:00.6	1.4		12-12-13-12	30.6-36.9	37.1	512(-10)					晴		16.0	6.0	11.0	42.0	13.0	8	57.0	良	**	**		メイショウコガシラ																																																									
2020100665	2024-03-30	3中山3		10.0	千葉日報杯(2勝クラス)								岩田望来		ダ1800				1:51.5	0.3		2-2-2-2	36.4-37.5	37.8	502(-10)				230.0	晴		15.0	8.0	15.0	5.7	4.0	4	58.0	重	**	**		ストライク																																																									
2020100665	2024-05-12	3京都8		12.0	4歳以上2勝クラス								和田竜二		ダ1800				1:53.6	0.7		2-2-3-3	37.1-37.5	37.8	516(+14)				290.0	曇		14.0	5.0	8.0	6.9	4.0	3	58.0	良	**	**		マーブルロック																																																									
2020100665	2024-05-25	2東京11		12.0	4歳以上2勝クラス								モレイラ		ダ1600				1:36.5	0.4		7-7	35.0-36.5	36.4	508(-8)				170.0	晴		16.0	1.0	1.0	11.8	4.0	4	58.0	良	**	**		プラーヴィ																																																									
2020100665	2024-06-16	4京都6		12.0	3歳以上2勝クラス								松山弘平		ダ1800				1:53.3	0.5		6-6-9-10	37.4-36.8	36.6	508(0)				290.0	晴		16.0	1.0	1.0	8.4	4.0	3	58.0	良	**	**		ジーサイクロン																																																									
2020100665	2024-11-16	6京都5		10.0	近江特別(2勝クラス)								シュタル		ダ1900				2:00.0	1.1		4-4-3-4	30.5-38.1	38.9	512(+4)				155.0	小雨		16.0	6.0	12.0	14.1	6.0	5	58.0	良	**	**		メイプルタピット																																																									
2020100665	2024-11-30	5中山1		10.0	鹿島特別(2勝クラス)								坂井瑠星		ダ1800				1:53.8	1.0		4-3-6-4	35.8-37.6	38.3	502(-10)					晴		15.0	6.0	10.0	8.2	5.0	7	58.0	稍	**	**		サクラトップリアル																																																									
2020100665	2024-12-22	7京都8		9.0	クリスマスエルフ賞(2勝クラス)								岩田望来		ダ1800				1:54.3	0.5		2-2-2-2	37.2-38.6	38.5	514(+12)				230.0	晴		16.0	5.0	9.0	12.1	5.0	4	58.0	良	**	**		タンゴバイラリン																																																									
2020100665	2025-01-13	1中京5		9.0	鳥羽特別(2勝クラス)								川田将雅		ダ1400				1:25.2	0.4		11-11	34.8-37.4	36.9	512(-2)					晴		16.0	3.0	5.0	8.2	5.0	7	58.0	良	**	**		エムズマインド																																																									
2020100665	2025-03-23	1阪神8		12.0	4歳以上2勝クラス								浜中俊		ダ1400				1:25.4	1.2		4-4	34.2-37.5	38.4	512(0)				114.0	晴		16.0	1.0	2.0	27.5	8.0	5	58.0	良	**	**		ビダーヤ																																																									
2020100665	2025-04-05	2阪神3		12.0	4歳以上2勝クラス								浜中俊		ダ1400				1:25.4	0.7		4-4	35.5-36.7	37.0	512(0)					曇		16.0	8.0	15.0	10.1	5.0	8	58.0	良	**	**		フラムリンガム																																																									
2020100665	2025-04-19	2阪神7		9.0	吹田特別(2勝クラス)								浜中俊		ダ1400				1:25.4	0.4		12-11	35.1-37.5	36.9	512(0)				230.0	晴		16.0	4.0	7.0	17.6	6.0	4	58.0	良	**	**		ルディック																																																									
2020100665	2025-05-11	2京都6		12.0	4歳以上2勝クラス								シュタル		ダ1400				1:24.3	0.4		6-6	35.0-36.4	36.4	510(-2)				460.0	曇		16.0	8.0	16.0	7.9	6.0	2	58.0	稍	**	**		プルートマスター																																																									
2020100665	2025-06-08	3東京2		10.0	八王子特別(2勝クラス)								浜中俊		ダ1400				1:24.6	0.9		3-3	35.4-36.4	37.1	504(-6)					晴		16.0	8.0	16.0	11.6	4.0	11	58.0	良	**	**		スティールブルー																																																									
2020100665	2025-09-07	4阪神2		12.0	3歳以上2勝クラス								池添謙一		ダ1400				1:25.4	1.2		3-2	35.3-36.8	37.7	514(+10)					晴		12.0	3.0	3.0	28.1	9.0	10	58.0	良	**	**		ダノンスウィッチ																																																									
2020100665	2025-09-27	4阪神8		12.0	3歳以上2勝クラス								松山弘平		ダ1200				1:11.5	0.9		7-7	34.3-36.3	36.2	512(-2)				290.0	晴		16.0	1.0	1.0	19.6	6.0	3	58.0	良	**	**		タカネノハナコサン																																																									
2020100665	2025-10-18	4新潟1		10.0	妙高特別(2勝クラス)								松山弘平		ダ1200				1:12.9	1.7		12-12	34.0-37.2	37.6	510(-2)					曇		15.0	6.0	11.0	6.5	3.0	11	58.0	良	**	**		ファムエレガンテ																																																									
2020100665	2025-11-08	4京都1		9.0	亀岡特別(2勝クラス)								吉村誠之		ダ1400				1:23.3	-0.2		8-6	33.8-37.7	36.8	514(+4)				1585.7	晴		16.0	2.0	3.0	88.5	10.0	1	58.0	良	**	**		(ポートデラメール)																																																									
2020100665	2025-11-23	4京都6		10.0	LトレーナーC(3勝クラス)								吉村誠之		ダ1400				1:24.3	0.6		8-7	34.9-36.6	36.6	516(+2)					晴		16.0	2.0	4.0	35.8	10.0	8	58.0	良	**	**		フェルヴェンテ																																																									
2020100665	2026-01-17	1京都6		11.0	羅生門S(3勝クラス)								吉村誠之		ダ1400				1:25.6	1.7		9-9	35.3-36.2	37.2	524(+8)																																	晴		16.0	5.0	10.0	33.5	7.0	16	58.0	良				エストレヤデベレン																													
2020100673	2022-06-19	1函館4		5.0	2歳新馬								池添謙一		芝1200				1:10.8	0.9		2-2	35.4-34.5	35.3	460(0)					曇		8.0	8.0	8.0	6.8	3.0	6	54.0	良	**	**		スプレモフレイバー																																																									
2020100673	2022-07-03	1函館8		1.0	2歳未勝利								池添謙一		芝1200				1:11.7	0.7		9-10	34.2-36.8	36.3	460(0)				52.0	曇		11.0	6.0	7.0	8.6	5.0	5	54.0	稍	**	**		シンゼンイズモ																																																									
2020100673	2022-10-02	5中京9		3.0	2歳未勝利								松田大作		芝1600				1:35.6	0.2		4-6-5	35.8-35.2	34.8	450(-10)				130.0	晴		13.0	4.0	5.0	18.4	7.0	3	55.0	良	**	**		メランポジューム																																																									
2020100673	2022-10-16	4新潟2		4.0	2歳未勝利								松田大作		芝1600				1:38.1	0.3		6-7	37.2-33.5	33.2	446(-4)					晴		10.0	1.0	1.0	9.7	4.0	7	55.0	良	**	**		トーセントラム																																																									
2020100673	2022-11-26	5阪神7		3.0	2歳未勝利								池添謙一		芝1400				1:23.2	2.2		7-8	34.6-34.8	36.5	444(-2)					曇		16.0	6.0	12.0	27.6	7.0	13	55.0	良	**	**		テンノメッセージ																																																									
2020100673	2023-03-25	2阪神1		6.0	3歳未勝利								松田大作		芝1600				1:35.5	1.2		4-4	36.0-34.6	35.5	454(+10)					曇		18.0	6.0	11.0	36.1	7.0	7	56.0	稍	**	**		システムリブート																																																									
2020100673	2023-04-16	2阪神8		2.0	3歳未勝利								松田大作		ダ1400				1:24.4	0.3		2-2	34.4-37.6	37.8	452(-2)				140.0	晴		16.0	3.0	6.0	8.1	3.0	3	56.0	不	**	**		エナジーポコアポコ																																																									
2020100673	2023-04-29	1京都3		1.0	3歳未勝利								松田大作		ダ1400				1:26.7	2.1		2-2	34.7-37.6	39.5	452(0)					曇		15.0	8.0	16.0	7.4	4.0	6	56.0	良	**	**		ナイトアクアリウム																																																									
2020100673	2023-07-15	2函館5		3.0	3歳未勝利								松田大作		芝1200				1:12.3	0.7		7-6	34.5-37.1	37.2	438(-14)					雨		16.0	3.0	6.0	14.3	5.0	10	56.0	重	**	**		シンデレラスマイル																																																									
2020100673	2023-07-29	1札幌3		4.0	3歳未勝利								松田大作		ダ1700				1:47.9	-0.3		3-3-4-3	31.5-38.2	37.9	436(-2)				550.0	晴		14.0	4.0	6.0	8.6	5.0	1	56.0	良	**	**		(クレシューズ)																																																									
2020100673	2024-01-13	1小倉1		7.0	4歳以上1勝クラス								永島まな		ダ1700				1:48.5	1.1		3-4-7-8	29.7-38.4	38.9	456(+20)					晴		16.0	5.0	9.0	6.3	3.0	9	54.0	良	**	**		ヴァンドゥラン																																																									
2020100673	2024-01-27	1小倉5		7.0	4歳以上1勝クラス								永島まな		ダ1700				1:46.7	2.4		5-6-6-6	30.5-36.7	38.0	454(-2)				120.0	晴		16.0	8.0	15.0	26.6	9.0	4	54.0	良	**	**		マイネルカーライル																																																									
2020100673	2024-02-11	2小倉2		12.0	4歳以上1勝クラス								永島まな		ダ1700				1:46.1	1.4		4-3-8-9	29.5-37.1	37.8	454(0)					晴		13.0	6.0	8.0	39.7	10.0	6	54.0	良	**	**		サパテアール																																																									
2020100673	2024-04-14	1福島4		9.0	医王寺特別(1勝クラス)								秋山稔樹		芝1200				1:09.6	1.3		2-3	33.7-34.6	35.8	448(-6)					晴		14.0	7.0	11.0	16.7	6.0	9	58.0	良	**	**		コスモアディラート																																																									
2020100673	2024-04-28	1新潟2		7.0	4歳以上1勝クラス								小林勝太		ダ1200				1:11.6	-0.7		4-3	34.1-37.5	36.9	448(0)				800.0	晴		11.0	7.0	8.0	4.5	2.0	1	55.0	良	**	**		(ルワンジュ)																																																									
2020100673	2024-05-19	1新潟8		10.0	火打山特別(2勝クラス)								小林勝太		ダ1200				1:11.7	0.6		9-7	33.6-37.5	36.9	446(-2)					晴		15.0	8.0	14.0	5.4	2.0	6	58.0	良	**	**		シラキヌ																																																									
2020100673	2024-11-16	3福島5		10.0	西郷特別(2勝クラス)								亀田温心		ダ1150				1:08.5	0.2		10-9	31.5-36.8	36.3	456(+10)				631.0	曇		15.0	3.0	5.0	21.8	8.0	2	58.0	良	**	**		グッジョブ																																																									
2020100673	2024-12-01	4中京2		10.0	クロフネC(2勝クラス)								浜中俊		ダ1200				1:11.6	0.7		15-14	34.5-36.4	35.3	460(+4)					晴		16.0	6.0	11.0	17.9	6.0	6	58.0	良	**	**		ライジン																																																									
2020100673	2024-12-22	7京都8		8.0	3歳以上2勝クラス								秋山稔樹		ダ1400				1:26.2	0.8		4-5	36.0-37.6	38.0	464(+4)					晴		16.0	7.0	14.0	14.8	6.0	9	58.0	良	**	**		スターペスカオリ																																																									
2020100673	2025-03-15	2中京1		9.0	伊良湖特別(2勝クラス)								秋山稔樹		ダ1200				1:12.8	0.5		12-11	35.9-36.4	35.9	462(-2)					小雨		16.0	4.0	7.0	15.2	5.0	7	58.0	良	**	**		ヤマニンアルリフラ																																																									
2020100673	2025-05-11	2京都6		12.0	4歳以上2勝クラス								秋山稔樹		ダ1400				1:24.8	0.9		4-5	35.0-36.4	37.1	458(-4)					曇		16.0	1.0	1.0	37.5	11.0	9	58.0	稍	**	**		プルートマスター																																																									
2020100673	2025-05-24	2京都9		12.0	オーストラリアT(2勝クラス)								菱田裕二		ダ1400				1:23.1	1.3		12-12	34.8-35.2	35.2	456(-2)					雨		13.0	4.0	4.0	111.4	12.0	10	58.0	稍	**	**		プロミシングスター																																																									
2020100673	2025-09-27	4阪神8		12.0	3歳以上2勝クラス								亀田温心		ダ1200				1:12.0	1.4		13-13	34.3-36.3	35.9	444(-12)				114.0	晴		16.0	6.0	12.0	45.8	10.0	5	58.0	良	**	**		タカネノハナコサン																																																									
2020100673	2025-10-12	3京都4		9.0	円山特別(2勝クラス)								秋山稔樹		ダ1200				1:11.4	1.3		13-12	34.3-35.8	35.1	452(+8)					小雨		14.0	6.0	10.0	27.2	8.0	10	58.0	良	**	**		アメリカンビキニ																																																									
2020100678	2022-06-26	3阪神4		5.0	2歳新馬								武豊		芝1800				1:50.9	0.7		3-3	36.2-34.4	34.9	436(0)				110.0																													晴		12.0	4.0	4.0	7.8	4.0	4	54.0	良	**	**		カルロヴェローチェ																													
2020100678	2022-07-23	1札幌1		1.0	2歳未勝利								武豊		芝1800				1:53.5	-0.1		2-2-2-2	38.3-36.1	35.9	436(0)				520.0																													曇		5.0	1.0	1.0	1.2	1.0	1	54.0	稍	**	**		(トーセンウォルト)																													
2020100678	2022-08-13	2札幌1		9.0	コスモス賞(OP)								武豊		芝1800				1:51.0	1.0		8-8-7-6	36.8-36.2	36.2	440(+4)				240.0																													曇		9.0	5.0	5.0	7.0	4.0	4	54.0	良	**	**		モリアーナ																													
2020100678	2022-09-03	2札幌7		11.0	札幌2歳S(GIII)								武豊		芝1800				1:51.6	1.6		8-8-7-7	36.7-36.3	37.2	436(-4)																																	晴		14.0	5.0	8.0	42.7	9.0	10	54.0	良	**	**		ドゥーラ																													
2020100678	2022-12-04	6中京2		9.0	こうやまき賞(1勝クラス)								武豊		芝1600				1:35.5	0.9		4-5-4	35.2-35.3	35.8	440(+4)																																	晴		12.0	2.0	2.0	10.3	5.0	8	55.0	良	**	**		コレペティトール																													
2020100678	2022-12-28	6阪神9		6.0	2歳1勝クラス								団野大成		ダ1800				1:57.4	3.5		7-7-7-7	37.3-37.6	40.4	436(-4)																																	晴		11.0	8.0	10.0	57.0	7.0	10	55.0	良	**	**		ユティタム																													
2020100678	2023-04-22	1京都1		9.0	あやめ賞(1勝クラス)								吉田隼人		芝1800				1:45.6	0.6		5-4	33.1-35.5	35.6	436(0)				272.6																													晴		8.0	8.0	8.0	43.4	7.0	3	56.0	良	**	**		プッシュオン																													
2020100678	2023-05-13	1京都7		9.0	あずさ賞(1勝クラス)								吉田隼人		芝2000				2:00.0	0.1		1-1-1-1	36.0-33.7	33.8	440(+4)				437.6																													曇		12.0	5.0	6.0	25.2	8.0	2	56.0	良	**	**		リミットバスター																													
2020100678	2023-07-23	1札幌2		8.0	3歳以上1勝クラス								武豊		芝2000				2:00.6	0.8		5-5-5-4	35.3-34.8	34.9	444(+4)				80.0																													晴		11.0	6.0	6.0	3.5	2.0	5	55.0	良	**	**		クレバーテースト																													
2020100678	2023-08-19	2札幌3		9.0	千歳特別(1勝クラス)								武豊		芝1500				1:30.1	0.8		6-5-5	29.5-35.9	36.1	448(+4)																																	小雨		14.0	3.0	3.0	6.2	3.0	8	55.0	良	**	**		ビジュノワール																													
2020100678	2023-09-16	4阪神3		4.0	3歳以上1勝クラス								武豊		芝1600				1:32.8	0.6		14-14	34.1-34.9	34.3	442(-6)																																	晴		18.0	8.0	18.0	18.4	6.0	7	56.0	良	**	**		マイネルラッシュ																													
2020100678	2023-12-17	4中京6		8.0	3歳以上1勝クラス								角田大河		芝1600				1:35.1	0.7		3-3-3	35.8-34.7	35.2	446(+4)																																	晴		16.0	6.0	12.0	16.0	5.0	7	56.0	良	**	**		タシット																													
2020100678	2024-01-06	1京都1		12.0	4歳以上1勝クラス								吉田隼人		芝1800				1:48.2	0.9		2-2	35.2-35.9	36.8	450(+4)																																	曇		17.0	6.0	12.0	21.1	7.0	7	57.0	良	**	**		アスクオンディープ																													
2020100678	2024-02-10	2小倉1		8.0	4歳以上1勝クラス								吉田隼人		芝2000				2:01.5	0.2		1-1-1-1	36.6-35.4	35.6	444(-6)				320.0																													晴		11.0	5.0	5.0	6.5	3.0	2	57.0	良	**	**		タイキラフター																													
2020100678	2024-04-07	1福島2		12.0	4歳以上1勝クラス								吉田隼人		芝2000				2:00.5	0.9		2-2-2-2	35.9-35.4	36.2	444(0)				80.0																													晴		14.0	8.0	13.0	7.7	4.0	5	58.0	良	**	**		ラスハンメル																													
2020100678	2024-04-21	1福島6		10.0	飯盛山特別(1勝クラス)								石橋脩		芝2000				1:59.5	0.6		1-1-1-1	35.6-35.8	36.4	440(-4)																																	晴		10.0	3.0	3.0	9.2	5.0	6	58.0	良	**	**		グランドゴールド																													
2020100678	2024-06-29	3小倉1		8.0	3歳以上1勝クラス								幸英明		芝1800				1:48.5	0.6		3-3-3-3	35.1-37.0	37.4	438(-2)				80.0																													曇		12.0	7.0	10.0	21.6	5.0	5	58.0	良	**	**		カズミクラーシュ																													
2020100678	2024-07-14	3小倉6		9.0	青島特別(1勝クラス)								幸英明		芝1800				1:51.1	1.3		10-10-9-4	37.1-36.1	36.4	444(+6)																																	雨		10.0	6.0	6.0	21.6	8.0	8	58.0	不	**	**		ハイディージェン																													
2020100678	2024-09-14	3中京3		6.0	3歳以上1勝クラス								菱田裕二		芝1600				1:32.9	0.5		9-10-10	34.3-35.2	34.9	450(+6)																																	晴		16.0	6.0	12.0	86.8	14.0	6	58.0	良	**	**		レディントン																													
2020100678	2024-10-05	4新潟1		10.0	聖籠特別(1勝クラス)								石橋脩		芝1600				1:35.1	1.0		11-10	36.0-34.0	34.3	450(0)																																	晴		18.0	1.0	2.0	27.6	7.0	14	58.0	良	**	**		エコロマーズ																													
2020100678	2024-12-14	4中京5		12.0	3歳以上1勝クラス								田口貫太		芝1400				1:22.6	1.4		18-18	33.8-35.5	35.4	458(+8)																																	晴		18.0	6.0	11.0	53.4	12.0	8	57.0	良	**	**		スカイハイ																													
2020100678	2025-02-02	1京都2		12.0	4歳以上1勝クラス								岩田康誠		芝1400				1:24.2	1.2		11-11	36.1-35.0	35.1	464(+6)																																	曇		17.0	4.0	7.0	42.8	12.0	11	58.0	稍	**	**		フライングブレード																													
2020100678	2025-04-12	1福島1		9.0	浄土平特別(1勝クラス)								吉田隼人		芝1800				1:47.4	0.5		1-1-1-1	35.6-35.3	35.8	454(-10)				285.6																													曇		14.0	2.0	3.0	56.5	11.0	3	58.0	良	**	**		バレルターン																													
2020100678	2025-04-27	2京都2		7.0	4歳以上1勝クラス								武豊		芝1800				1:47.2	0.6		3-3	36.2-34.5	34.9	460(+6)																																	晴		10.0	7.0	7.0	8.1	6.0	6	58.0	良	**	**		ジーティームソウ																													
2020100678	2025-05-17	1新潟5		9.0	尖閣湾特別(1勝クラス)								吉田隼人		芝2000				2:03.2	0.0		1-1	37.8-35.0	35.0	452(-8)				1135.9																													曇		9.0	5.0	5.0	19.9	5.0	1	58.0	稍	**	**		(フォーグッド)																													
2020100678	2025-09-15	4中山5		10.0	Mディープインパクト(2勝クラス)								吉田隼人		芝1800				1:48.9	1.3		1-1-1-1	38.3-33.9	35.2	456(+4)																																	曇		9.0	8.0	9.0	23.4	5.0	8	58.0	良	**	**		フレミングフープ																													
2020100678	2026-01-05	1中山2		10.0	初日の出賞(2勝クラス)								吉田隼人		芝2000				2:02.7	1.1		11-11-11-10	37.1-34.6	34.7	462(+6)																																	晴		11.0	7.0	9.0	21.3	7.0	10	58.0	良	**	**		ダンツファイター																													
2020100678	2026-01-17	1京都6		9.0	稲荷特別(2勝クラス)								浜中俊		芝2000				2:02.0	1.0		7-7-5-4	36.0-34.5	35.1	466(+4)																																	晴		10.0	6.0	6.0	49.2	7.0	8	58.0	良				ジェットマグナム																													
2020100761	2022-08-27	3新潟5	曇	5.0	2歳新馬		13.0	2.0	2.0	9.4	4.0	2	三浦皇成	54.0	芝1800		良	**	1:50.4	0.2	**	1-2	37.3-33.7	33.9	472(0)			フライヤートゥルー	280.0																																																																							
2020100761	2022-09-18	4中山4	曇	2.0	2歳未勝利		14.0	8.0	13.0	3.0	1.0	5	三浦皇成	54.0	芝2000		良	**	2:02.8	0.3	**	3-3-2-2	36.0-35.9	36.0	466(-6)			ウインエタンセル	52.0																																																																							
2020100761	2022-12-10	5中山3	晴	4.0	2歳未勝利		16.0	3.0	5.0	6.9	3.0	5	三浦皇成	54.0	芝1800		良	**	1:49.6	1.2	**	13-13-12-11	35.7-35.8	35.8	466(0)			レーベンスティール	52.0																																																																							
2020100761	2022-12-25	5中山8	晴	4.0	2歳未勝利		18.0	8.0	18.0	7.1	3.0	4	ルメール	54.0	芝2000		良	**	2:03.4	0.8	**	10-9-8-6	37.1-36.6	36.5	468(+2)			ダニーデン	78.0																																																																							
2020100761	2023-01-15	1中山6	曇	2.0	3歳未勝利		16.0	5.0	10.0	4.5	2.0	1	三浦皇成	54.0	ダ1800		良	**	1:56.3	-0.1	**	12-12-2-2	38.2-39.3	39.2	466(-2)			(スウィーヴェモワ)	550.0																																																																							
2020100761	2023-02-26	2中山2	晴	9.0	デイジー賞(1勝クラス)		9.0	3.0	3.0	6.7	3.0	5	三浦皇成	54.0	芝1800		良	**	1:50.9	0.6	**	6-5-3-6	37.8-35.7	35.9	462(-4)			エミュー	107.0																																																																							
2020100761	2023-03-26	3中山2	雨	9.0	ミモザ賞(1勝クラス)		11.0	7.0	9.0	16.4	7.0	4	菅原明良	54.0	芝2000		不	**	2:07.1	0.2	**	8-8-8-4	35.6-40.3	39.2	456(-6)			アグラシアド	160.0																																																																							
2020100761	2023-04-23	2東京2	晴	11.0	サンスポ賞フローラS(GII)		15.0	2.0	3.0	185.6	14.0	8	吉田豊	54.0	芝2000		良	**	1:59.7	0.8	**	11-11-11	36.1-34.1	34.0	456(0)			ゴールデンハインド																																																																								
2020100761	2023-08-12	3新潟1	曇	8.0	3歳以上1勝クラス		15.0	6.0	10.0	4.2	1.0	6	菅原明良	53.0	ダ1800		良	**	1:54.3	1.0	**	6-7-5-6	37.1-38.3	38.5	464(+8)			モルチャン																																																																								
2020100761	2023-09-09	4中山1	曇	8.0	3歳以上1勝クラス		10.0	6.0	6.0	4.1	2.0	3	菅原明良	53.0	ダ1800		重	**	1:52.1	1.0	**	6-6-5-4	36.6-37.8	38.2	466(+2)			ペンティメント	200.0																																																																							
2020100761	2023-09-30	4中山8	晴	7.0	3歳以上1勝クラス		15.0	2.0	3.0	4.7	1.0	2	三浦皇成	53.0	ダ1800		良	**	1:53.9	0.3	**	6-6-9-7	37.5-38.9	38.3	464(-2)			サノノエスポ	320.0																																																																							
2020100761	2024-03-30	3中山3	晴	7.0	4歳以上1勝クラス		16.0	5.0	10.0	4.5	3.0	2	三浦皇成	56.0	ダ1800		重	**	1:51.8	0.0	**	3-3-2-2	36.6-37.7	37.6	472(+8)			ブレイゼスト	320.0																																																																							
2020100761	2024-04-14	3中山8	晴	6.0	4歳以上1勝クラス		15.0	3.0	4.0	1.9	1.0	3	三浦皇成	56.0	ダ1800		良	**	1:55.0	0.3	**	2-3-2-2	38.0-37.4	37.6	468(-4)			ラップスター	200.0																																																																							
2020100761	2024-05-11	2東京7	晴	7.0	4歳以上1勝クラス		12.0	8.0	12.0	2.1	1.0	8	三浦皇成	56.0	ダ1600		良	**	1:38.4	1.1	**	9-9	35.2-37.5	37.7	468(0)			ナックダンス																																																																								
2020100761	2024-05-18	1新潟7	晴	8.0	4歳以上1勝クラス		15.0	3.0	4.0	4.2	2.0	2	荻野極	56.0	ダ1800		良	**	1:54.8	0.2	**	5-5-3-2	37.9-38.0	37.9	468(0)			ミヤジレガリア	320.0																																																																							
2020100761	2024-08-10	3新潟1	晴	8.0	3歳以上1勝クラス		15.0	5.0	9.0	11.7	4.0	1	荻野極	56.0	ダ1800		良	**	1:52.7	-0.5	**	2-2-2-2	36.8-36.9	36.8	472(+4)			(アムールドパリ)	800.0																																																																							
2020100761	2024-09-01	3新潟8	晴	10.0	両津湾特別(2勝クラス)		15.0	5.0	8.0	7.9	4.0	3	荻野極	56.0	ダ1800		良	**	1:52.3	0.3	**	4-5-4-2	36.2-37.8	37.8	468(-4)			ハビレ	395.2																																																																							
2020100761	2024-09-21	4中山6	曇	12.0	3歳以上2勝クラス		14.0	8.0	16.0	2.6	1.0	1	荻野極	56.0	ダ1800		良	**	1:52.1	-0.5	**	3-3-3-1	36.5-37.4	37.3	470(+2)			(メジャーデビュー)	1140.0																																																																							
2020100761	2024-12-01	5中山2	晴	10.0	市川S(3勝クラス)		16.0	8.0	15.0	4.1	3.0	4	荻野極	54.0	ダ1800		良	**	1:52.5	0.4	**	3-3-2-3	36.2-38.5	38.8	472(+2)			クインズミモザ	280.0																																																																							
2020100761	2024-12-15	5中山6	晴	10.0	北総S(3勝クラス)		16.0	2.0	3.0	5.1	2.0	2	荻野極	56.0	ダ1800		良	**	1:53.0	0.2	**	8-9-8-10	36.8-38.8	38.3	474(+2)			ハビレ	750.6																																																																							
2020100761	2025-01-05	1中山1	晴	9.0	招福S(3勝クラス)		16.0	7.0	14.0	4.7	3.0	7	荻野極	56.0	ダ1800		良	**	1:53.4	0.8	**	7-7-8-9	37.5-37.9	37.7	476(+2)			ピュアキアン																																																																								
2020100761	2025-04-06	3中山4	晴	10.0	アリエスS(3勝クラス)		16.0	1.0	1.0	5.3	3.0	1	荻野極	56.0	ダ1800		稍	**	1:51.9	-0.6	**	7-6-5-4	36.0-37.8	37.5	478(+2)			(リバートゥルー)	1874.3																																																																							
2020100761	2025-05-04	2東京4	晴	10.0	ブリリアントS(L)		16.0	2.0	3.0	16.0	6.0	14	荻野極	53.0	ダ2100		稍	**	2:10.8	2.6	**	12-12-13-14	30.4-36.5	37.2	478(0)			ディープリボーン																																																																								
2020100761	2025-08-03	3中京4	晴	7.0	名鉄杯(L)		12.0	7.0	10.0	13.5	7.0	8	荻野極	55.0	ダ1800		良	**	1:53.3	1.2	**	12-12-11-12	37.1-37.5	37.2	472(-6)			マリオロード																																																																								
2020100761	2025-08-28	門別	曇	11.0	ブリーダーズゴールド(JpnIII)		9.0	8.0	9.0	33.2	5.0	4	荻野極	55.0	ダ2000		良	**	2:07.9	1.2	**	3-3-4-5		39.9	476(+4)			ライオットガール	310.0																																																																							
2020100761	2025-09-20	4中山6	小雨	11.0	イサ殿下御来場記念(OP)		15.0	7.0	13.0	22.3	7.0	5	荻野極	55.0	ダ1800		重	**	1:52.1	0.8	**	3-3-3-3	36.9-37.7	38.2	474(-2)			ムルソー	220.0																																																																							
2020100761	2025-12-21	5阪神6	雨	10.0	ベテルギウスS(L)		16.0	6.0	12.0	159.8	15.0	14	古川吉洋	55.0	ダ1800		重	**	1:51.6	2.3	**	13-15-15-16	35.6-36.4	37.3	468(-6)			ルシュヴァルドール																																																																								
2020100771	2022-10-08	4阪神1		6.0	2歳新馬								鮫島克駿		ダ1800				1:57.9	1.8		3-4-4-5	40.0-37.6	39.2	520(0)				70.0	曇		11.0	3.0	3.0	24.3	6.0	5	55.0	重	**	**		コンティノアール																																																									
2020100771	2022-10-23	4阪神7		1.0	2歳未勝利								泉谷楓真		ダ1800				1:58.2	2.8		8-8-7-8	37.9-38.1	40.2	512(-8)					晴		12.0	7.0	9.0	75.5	9.0	10	54.0	良	**	**		カレンアルカンタラ																																																									
2020100771	2022-11-12	3福島3		2.0	2歳未勝利								角田大和		ダ1700				1:57.4	9.0		6-7-10-12	31.5-38.0	45.4	502(-10)					晴		14.0	4.0	6.0	22.4	8.0	12	54.0	良	**	**		プメハナ																																																									
2020100771	2023-02-26	1阪神6		4.0	3歳未勝利								服部寿希		ダ1800				1:57.8	2.5		11-11-11-11	36.7-39.1	39.7	494(-8)					曇		13.0	8.0	13.0	303.5	12.0	8	53.0	稍	**	**		ローズスター																																																									
2020100771	2023-03-12	1阪神10		3.0	3歳未勝利								角田大河		ダ2000				2:11.3	1.5		7-7-9-8	37.0-38.9	39.0	492(-2)				55.0	晴		14.0	8.0	13.0	97.7	12.0	5	54.0	良	**	**		エンツォウーノ																																																									
2020100771	2023-04-02	2阪神4		3.0	3歳未勝利								角田大河		ダ2000				2:09.3	-0.1		2-2-2-2	37.3-39.3	38.9	484(-8)				550.0	晴		11.0	6.0	7.0	89.3	11.0	1	54.0	良	**	**		(ウォーターハウス)																																																									
2020100771	2023-04-23	1京都2		6.0	3歳1勝クラス								角田大河		ダ1800				1:56.1	3.8		9-9-9-9	37.5-37.9	39.9	492(+8)					晴		9.0	7.0	7.0	72.7	9.0	8	55.0	良	**	**		ヤマニンウルス																																																									
2020100771	2023-06-10	3阪神3		12.0	3歳以上1勝クラス								田口貫太		ダ1800				1:54.1	2.9		5-5-5-5	36.5-36.7	39.1	492(0)					曇		13.0	3.0	3.0	192.9	10.0	9	52.0	稍	**	**		オーサムリザルト																																																									
2020100771	2023-09-23	4阪神6		6.0	3歳以上1勝クラス								角田大河		ダ1800				1:54.7	1.9		4-5-6-7	37.9-37.0	38.1	492(0)					晴		11.0	5.0	5.0	81.8	10.0	8	54.0	稍	**	**		ホウオウカブキ																																																									
2020100771	2023-10-09	2京都3		7.0	3歳以上1勝クラス								河原田菜		ダ1900				2:03.1	4.0		9-10-12-12	30.0-37.8	39.8	490(-2)					曇		13.0	4.0	5.0	93.5	11.0	11	52.0	重	**	**		エンツォウーノ																																																									
2020100771	2023-12-02	4中京1		7.0	3歳以上1勝クラス								古川奈穂		ダ1900				2:02.2	1.3		3-3-5-5	31.0-39.1	39.7	498(+8)					晴		14.0	3.0	4.0	126.7	14.0	9	53.0	良	**	**		フミヤングフェイス																																																									
2020100771	2024-03-17	1中京4		6.0	4歳以上1勝クラス								鮫島良太		ダ1900				2:01.8	1.2		5-5-6-6	30.1-38.6	38.9	482(-16)					曇		11.0	4.0	4.0	92.5	9.0	6	58.0	良	**	**		ワイドアウェイク																																																									
2020100771	2024-04-06	3中山5		8.0	4歳以上1勝クラス								石橋脩		ダ2400				2:35.4	0.9		2-2-2-1	37.3-40.4	41.3	476(-6)				200.0	曇		16.0	1.0	1.0	37.2	12.0	3	58.0	稍	**	**		ネイチャーシップ																																																									
2020100771	2024-06-02	4京都2		8.0	3歳以上1勝クラス								鮫島良太		ダ1800				1:53.4	1.6		4-5-3-3	35.5-38.7	39.9	486(+10)					曇		11.0	6.0	7.0	76.7	9.0	6	58.0	稍	**	**		ポッドロゴ																																																									
2020100771	2024-06-08	4京都3		7.0	3歳以上1勝クラス								鮫島良太		ダ1900				1:59.7	1.0		1-1-1-1	29.5-38.3	39.3	484(-2)				120.0	晴		16.0	3.0	6.0	24.4	7.0	4	58.0	良	**	**		クリノフィガロ																																																									
2020100771	2024-08-10	2中京1		8.0	3歳以上1勝クラス								鮫島良太		ダ1800				1:53.0	0.5		1-1-1-1	37.0-38.3	38.8	484(0)				320.0	晴		15.0	7.0	13.0	13.4	5.0	2	58.0	良	**	**		デルマアートマン																																																									
2020100771	2024-08-25	2中京6		7.0	3歳以上1勝クラス								鮫島良太		ダ1900				2:00.0	0.4		1-1-1-1	30.0-39.1	39.5	488(+4)				200.0	曇		14.0	7.0	12.0	5.5	3.0	3	58.0	良	**	**		カズタンジャー																																																									
2020100771	2024-10-05	5京都1		7.0	3歳以上1勝クラス								鮫島良太		ダ1800				1:53.0	-0.1		1-1-1-1	36.3-38.6	38.6	494(+6)				800.0	晴		10.0	2.0	2.0	3.9	1.0	1	58.0	稍	**	**		(パカーラン)																																																									
2020100771	2024-10-19	5京都5		9.0	北國新聞杯(2勝クラス)								川須栄彦		ダ1900				1:59.1	0.6		1-1-1-1	29.2-38.9	39.5	494(0)				155.0	雨		12.0	5.0	5.0	5.8	3.0	5	55.0	稍	**	**		タイトニット																																																									
2020100771	2024-12-07	7京都3		10.0	花見小路特別(2勝クラス)								鮫島良太		ダ1900				2:00.2	1.4		1-1-1-1	28.7-37.9	39.3	494(0)				395.1	晴		14.0	3.0	3.0	5.1	3.0	3	55.0	良	**	**		ロードクロンヌ																																																									
2020100771	2024-12-22	7京都8		9.0	クリスマスエルフ賞(2勝クラス)								鮫島良太		ダ1800				1:53.9	0.1		1-1-1-1	37.2-38.6	38.7	500(+6)				630.4	晴		16.0	1.0	2.0	7.1	3.0	2	58.0	良	**	**		タンゴバイラリン																																																									
2020100771	2025-02-02	1京都2		9.0	天ケ瀬特別(2勝クラス)								鮫島良太		ダ1800				1:53.4	0.3		2-2-2-1	37.0-38.5	38.7	494(-6)				627.4	曇		10.0	5.0	5.0	4.5	2.0	2	58.0	稍	**	**		レーウィン																																																									
2020100771	2025-02-15	1京都5		12.0	4歳以上2勝クラス								鮫島良太		ダ1900				2:00.9	2.0		1-1-1-2	29.3-37.8	39.8	496(+2)					晴		13.0	2.0	2.0	5.2	3.0	6	58.0	良	**	**		ジンセイ																																																									
2020100771	2025-08-24	4中京2		10.0	大府特別(2勝クラス)								鮫島良太		ダ1800				1:53.2	0.3		2-2-1-1	37.3-38.9	39.2	496(0)				630.4	晴		16.0	4.0	8.0	11.1	5.0	2	58.0	良	**	**		パカーラン																																																									
2020100771	2025-09-13	4阪神3		10.0	鳥取特別(2勝クラス)								鮫島良太		ダ1800				1:52.4	0.8		2-2-2-2	36.8-37.7	38.3	498(+2)					曇		9.0	3.0	3.0	6.4	4.0	6	58.0	良	**	**		マイノワール																																																									
2020100771	2025-10-25	3京都8		9.0	北國新聞杯(2勝クラス)								鮫島良太		ダ1900				1:58.2	0.2		1-1-1-1	29.9-38.0	38.2	498(0)				630.6	曇		16.0	4.0	8.0	10.3	4.0	2	58.0	良	**	**		タガノマカシヤ																																																									
2020100771	2025-11-16	4京都4		7.0	3歳以上2勝クラス								鮫島良太		ダ1800				1:52.0	1.2		2-2-2-2	35.3-38.0	39.1	500(+2)					晴		16.0	6.0	12.0	6.6	3.0	8	58.0	良	**	**		ゴールデンクラウド																																																									
2020100771	2026-01-12	1中山5		9.0	成田特別(2勝クラス)								鮫島良太		ダ2400				2:36.9	1.1		1-1-1-2	37.9-39.5	40.6	492(-8)					晴		16.0	3.0	5.0	8.3	6.0	6	58.0	良	**	**		ダカラフェスティヴ																																																									
2020100792	2023-04-30	1新潟2		2.0	3歳未勝利								鮫島良太		芝1400				1:24.4	1.0		9-9	34.4-37.0	36.6	506(0)																																															曇		16.0	2.0	4.0	176.0	11.0	7.0	56.0	重	**	**		エーデルサンライズ															
2020100792	2023-05-28	1京都12		3.0	3歳未勝利								鮫島良太		芝1600				1:34.2	0.6		3-2	34.6-35.2	35.5	506(0)				55.0																																											曇		18.0	3.0	6.0	65.6	11.0	5.0	56.0	良	**	**		ピピオラ															
2020100792	2023-06-25	3阪神8		2.0	3歳未勝利								岩田望来		芝1600				1:36.1	0.5		9-8	36.2-34.4	34.4	498(-8)				220.0																																											曇		18.0	8.0	16.0	20.8	7.0	2.0	56.0	良	**	**		アルタビスタ															
2020100792	2023-07-16	3中京6		3.0	3歳未勝利								岩田望来		芝1400				1:20.6	0.1		8-8	33.6-35.5	35.1	500(+2)				140.0																																											晴		18.0	3.0	6.0	4.8	2.0	3.0	56.0	良	**	**		シランケド															
2020100792	2023-08-05	2新潟3		3.0	3歳未勝利								岩田望来		芝1600				1:34.9	0.5		6-8	35.4-34.1	34.1	488(-12)																																															晴		18.0	5.0	10.0	3.7	1.0	8.0	56.0	良	**	**		ジュンブライト															
2020100792	2023-09-16	金沢		8.0	奥能登国際芸術祭開幕(C2)								吉原寛人		ダ1400				1:29.5	-1.4		2-2-1-1		38.6	505(+17)				41.0																																											晴		8.0	8.0	8.0	1.5	1.0	1.0	56.0	良	**	**		(クリノファルコン)															
2020100792	2023-10-10	金沢		8.0	いしかわ百万石文化祭(C1)								吉原寛人		ダ1400				1:29.6	1.3		2-3-3-3		39.4	501(-4)				7.5																																											曇		7.0	1.0	1.0	1.2	1.0	3.0	56.0	不	**	**		ジェネロジテ															
2020100792	2023-10-15	金沢		11.0	MRO金賞(重賞)								吉原寛人		ダ1400				1:28.4	0.8		5-5-5-5		37.4	495(-6)				112.0																																											雨		10.0	7.0	8.0	7.3	3.0	2.0	56.0	重	**	**		ノブノビスケッツ															
2020100792	2023-11-19	金沢		8.0	K1杯くまの心社長お(B2特別)								堀場裕充		ダ1400										495(0)																																															曇		11.0	6.0	7.0				56.0	不																			
2020100792	2023-12-04	金沢		10.0	楽天競馬ならポイント(B2)								堀場裕充		ダ1500				1:34.6	-1.1		1-1-1-1		37.2	493(-2)				44.0																																											晴		8.0	5.0	5.0	2.0	2.0	1.0	56.0	重	**	**		(エスカミーリョ)															
2020100792	2024-03-02	1阪神3		8.0	4歳以上1勝クラス								鮫島良太		ダ1400				1:25.1	0.4		2-2	34.9-37.7	37.9	494(+1)				320.0																																											曇		14.0	8.0	14.0	9.5	6.0	2.0	58.0	稍	**	**		シゲルソロソロ															
2020100792	2024-03-16	1阪神7		12.0	4歳以上1勝クラス								鮫島良太		ダ1400				1:25.4	-0.1		2-2	35.4-37.7	37.6	486(-8)				800.0																																											晴		14.0	8.0	14.0	3.7	2.0	1.0	58.0	良	**	**		(ナチュラルリバー)															
2020100792	2024-05-18	3京都9		12.0	オーストラリアT(2勝クラス)								鮫島良太		ダ1400				1:26.8	2.4		5-6	34.8-37.3	39.1	480(-6)																																															晴		16.0	2.0	3.0	28.3	10.0	14.0	58.0	良	**	**		パーティーベル															
2020100792	2024-06-08	4京都3		10.0	長浜特別(2勝クラス)								鮫島良太		ダ1400				1:27.0	2.7		9-9	35.5-36.8	37.9	490(+10)																																															曇		11.0	6.0	6.0	100.1	8.0	10.0	58.0	良	**	**		テイエムリステット															
2020100792	2024-08-10	3新潟1		10.0	新発田城特別(2勝クラス)								富田暁		芝1400				1:20.7	0.4		2-2	33.5-35.0	35.3	482(-8)																																															晴		14.0	4.0	6.0	114.1	10.0	6.0	54.0	良	**	**		サクセスアイ															
2020100792	2024-10-06	4東京2		8.0	3歳以上2勝クラス								小崎綾也		芝1400				1:20.2	0.5		3-3	33.8-34.5	34.7	484(+2)				290.0																																											曇		13.0	5.0	7.0	34.7	8.0	3.0	58.0	良	**	**		サトミノキラリ															
2020100792	2024-11-03	5東京2		12.0	3歳以上2勝クラス								小崎綾也		芝1400				1:21.0	-0.1		1-1	35.2-34.3	34.3	486(+2)				1140.0																																											晴		13.0	2.0	2.0	13.7	6.0	1.0	58.0	良	**	**		(ルージュスエルテ)															
2020100792	2025-02-02	1東京2		10.0	節分S(3勝クラス)								小崎綾也		芝1400				1:22.4	0.7		1-1	35.3-34.7	35.4	486(0)																																															曇		11.0	3.0	3.0	7.7	3.0	8.0	58.0	良	**	**		オードリーバローズ															
2020100792	2025-03-22	1阪神7		9.0	立雲峡S(3勝クラス)								富田暁		芝1400				1:21.6	1.2		2-2	34.4-34.5	35.6	492(+6)																																															晴		18.0	8.0	17.0	13.3	7.0	13.0	55.0	良	**	**		マサノカナリア															
2020100792	2025-04-27	2東京2		9.0	湘南S(3勝クラス)								小崎綾也		芝1400				1:19.8	0.0		6-6	34.1-34.5	33.6	484(-8)				1872.2																																											晴		15.0	2.0	3.0	33.5	7.0	1.0	54.0	良	**	**		(レッドシュヴェルト)															
2020100792	2025-06-15	3東京4		11.0	パラダイスS(L)								小崎綾也		芝1400				1:22.1	0.4		5-6	34.4-35.7	35.4	484(0)				684.3																																											曇		14.0	1.0	1.0	17.8	7.0	3.0	54.0	稍	**	**		カリボール															
2020100792	2025-07-27	2新潟2		7.0	関屋記念(GIII)								小崎綾也		芝1600				1:32.4	1.4		2-2	33.9-34.1	34.8	486(+2)																																															晴		18.0	4.0	7.0	44.9	13.0	16.0	54.0	良	**	**		カナテープ															
2020100792	2025-08-24	3新潟2		10.0	朱鷺S(L)								小崎綾也		芝1400				1:21.1	0.6		7-7	33.0-36.1	35.6	484(-2)																																															晴		13.0	1.0	1.0	15.9	6.0	11.0	57.0	良	**	**		グレイイングリーン															
2020100792	2025-12-07	5中山2		11.0	ラピスラズリS(L)								石川裕紀		芝1200				1:07.9	0.8		12-11	33.5-33.6	33.5	486(+2)																																															晴		16.0	5.0	9.0	157.6	15.0	8.0	57.0	良	**	**		ロードフォアエース															
2020100792	2026-01-12	1中山5		11.0	ニューイヤーS(L)								小崎綾也		芝1600				1:33.6	1.4		2-2-5	34.8-34.3	35.4	492(+6)																																															晴		14.0	4.0	6.0	135.1	13.0	12.0	57.0	良	**	**		カピリナ															
2020100809	2022-07-17	2福島6		5.0	2歳新馬								岩部純二		芝1800				1:53.3	2.1		10-10-12-13	36.7-36.5	37.4	450(0)																																															曇		14.0	5.0	8.0	107.2	12.0	11	54.0	良	**	**		マスキュリン															
2020100809	2022-07-24	2福島8		3.0	2歳未勝利								杉原誠人		芝1800				1:52.9	1.2		5-5-4-4	37.0-37.0	38.0	446(-4)				52.0																																											晴		12.0	5.0	7.0	269.6	11.0	5	54.0	良	**	**		マイネルビジョン															
2020100809	2022-08-13	3新潟1		2.0	2歳未勝利								岩部純二		芝1800				1:49.4	1.2		9-9	35.5-34.5	34.8	442(-4)																																															曇		16.0	4.0	7.0	164.2	10.0	6	54.0	良	**	**		ダノンザタイガー															
2020100809	2022-09-10	4中山1		9.0	アスター賞(1勝クラス)								杉原誠人		芝1600				1:36.4	0.6		2-3-4	36.7-34.5	34.6	442(0)				150.0																																											晴		10.0	7.0	7.0	69.5	6.0	4	54.0	良	**	**		ドンデンガエシ															
2020100809	2022-10-02	4中山9		2.0	2歳未勝利								杉原誠人		芝1600				1:36.8	1.2		4-7-5	36.7-34.8	35.5	444(+2)																																															晴		14.0	8.0	14.0	55.7	10.0	6	54.0	良	**	**		オールパルフェ															
2020100809	2022-10-23	4新潟4		1.0	2歳未勝利								杉原誠人		芝1800				1:48.2	1.1		8-8	34.3-36.1	35.7	440(-4)				78.0																																											曇		13.0	1.0	1.0	55.5	10.0	4	54.0	良	**	**		オメガリッチマン															
2020100809	2022-11-06	5東京2		3.0	2歳未勝利								杉原誠人		芝2000				2:02.9	0.8		2-3-3	37.2-34.7	35.2	446(+6)				52.0																																											晴		10.0	7.0	8.0	27.9	4.0	5	54.0	良	**	**		アームブランシュ															
2020100809	2022-12-04	5中山2		3.0	2歳未勝利								杉原誠人		芝2000				2:01.8	0.6		2-2-2-1	35.9-35.7	36.3	446(0)				210.0																																											晴		16.0	5.0	10.0	23.6	5.0	2	54.0	良	**	**		マイネルモーント															
2020100809	2022-12-18	5中山6		3.0	2歳未勝利								杉原誠人		芝1800				1:51.1	0.5		4-3-3-2	37.3-35.9	36.2	444(-2)																																															晴		16.0	8.0	16.0	13.2	5.0	6	54.0	稍	**	**		ルージュクレセント															
2020100809	2023-01-14	1中山5		6.0	3歳未勝利								杉原誠人		芝2000				2:04.0	1.0		10-10-8-6	36.1-36.8	37.2	446(+2)																																															雨		17.0	8.0	15.0	12.1	7.0	8	54.0	良	**	**		ルーチェロッサ															
2020100809	2023-04-23	1福島6		5.0	3歳未勝利								杉原誠人		芝1800				1:49.5	0.0		1-1-1-1	36.5-35.1	35.1	438(-8)				550.0																																											晴		16.0	1.0	1.0	15.1	7.0	1	54.0	良	**	**		(ロジシルバー)															
2020100809	2023-06-10	1函館1		7.0	3歳以上1勝クラス								杉原誠人		芝2000				2:03.2	0.2		2-3-3-2	35.8-36.0	36.0	436(-2)				200.0																																											晴		9.0	7.0	7.0	13.9	6.0	3	53.0	稍	**	**		カトルショセット															
2020100809	2023-06-24	1函館5		9.0	恵山特別(1勝クラス)								杉原誠人		芝1800				1:50.3	0.6		6-6-5-5	37.1-35.4	35.3	440(+4)				111.0																																											曇		8.0	7.0	7.0	11.8	5.0	5	53.0	稍	**	**		フェステスバント															
2020100809	2023-07-01	2函館1		7.0	3歳以上1勝クラス								佐々木大		芝2000				2:02.3	-0.2		1-1-1-1	36.0-36.2	36.2	440(0)				800.0																																											晴		14.0	6.0	10.0	9.6	5.0	1	51.0	稍	**	**		(ノレッジビューティ)															
2020100809	2023-09-09	4中山1		11.0	紫苑S(GII)								佐々木大		芝2000				1:59.6	1.6		2-2-2-3	35.0-36.3	37.5	444(+4)																																															晴		17.0	6.0	12.0	122.7	14.0	13	54.0	稍	**	**		モリアーナ															
2020100809	2023-10-07	4東京1		9.0	tvk賞(2勝クラス)								杉原誠人		芝1800				1:48.1	1.0		1-1-1	36.5-33.0	34.0	446(+2)																																															晴		12.0	1.0	1.0	27.2	5.0	6	54.0	良	**	**		カナテープ															
2020100809	2023-11-19	3福島6		10.0	五色沼特別(2勝クラス)								杉原誠人		芝1800				1:49.9	0.1		1-1-1-1	36.9-35.9	36.0	444(-2)				630.0																																											晴		16.0	2.0	3.0	33.6	9.0	2	54.0	良	**	**		ニューノーマル															
2020100809	2023-12-10	5中山4		9.0	チバテレ杯(2勝クラス)								杉原誠人		芝2000				1:59.9	0.7		2-2-3-1	34.8-35.8	36.3	450(+6)																																															晴		13.0	6.0	9.0	23.1	9.0	8	55.0	良	**	**		ルージュアルル															
2020100809	2024-03-10	2中山6		9.0	房総特別(2勝クラス)								杉原誠人		芝1800				1:49.8	0.8		2-2-3-3	37.4-36.0	36.5	452(+2)																																															晴		16.0	5.0	9.0	23.1	7.0	12	56.0	良	**	**		アグラシアド															
2020100809	2024-03-23	3中山1		8.0	4歳以上2勝クラス								杉原誠人		芝1800				1:49.3	0.3		1-1-1-1	38.3-34.7	35.0	454(+2)				290.0																																											小雨		11.0	6.0	7.0	33.3	7.0	3	56.0	良	**	**		マイネルニコラス															
2020100809	2024-04-14	3中山8		8.0	野島崎特別(2勝クラス)								坂井瑠星		芝2000				2:00.0	1.8		2-2-2-2	36.9-34.8	36.6	452(-2)																																															晴		9.0	6.0	6.0	11.6	4.0	7	56.0	良	**	**		エンパイアウエスト															
2020100809	2024-07-13	1函館11		10.0	かもめ島特別(2勝クラス)								永野猛蔵		芝1800				1:49.0	0.1		1-1-1-1	37.4-34.9	35.0	454(+2)				628.8																																											晴		14.0	8.0	14.0	28.6	8.0	2	56.0	良	**	**		ワンブランチ															
2020100809	2024-08-04	1札幌6		9.0	HTB賞(2勝クラス)								永野猛蔵		芝1800				1:49.6	0.4		2-2-2-2	37.2-36.1	36.4	456(+2)																																															曇		14.0	7.0	12.0	6.3	4.0	6	56.0	稍	**	**		エリダヌス															
2020100809	2024-08-25	2札幌6		12.0	オールスターJ第4戦(2勝クラス)								武豊		芝1800				1:48.0	0.0		1-1-1-1	36.2-35.6	35.6	454(-2)				394.6																																											晴		14.0	6.0	9.0	11.0	7.0	3	56.0	良	**	**		エゾダイモン															
2020100809	2024-11-17	3福島6		10.0	五色沼特別(2勝クラス)								杉原誠人		芝1800				1:50.5	1.2		5-5-5-3	36.7-35.0	36.0	456(+2)																																															晴		16.0	8.0	16.0	27.4	11.0	14	56.0	良	**	**		ラファドゥラ															
2020100809	2024-12-08	5中山4		9.0	チバテレ杯(2勝クラス)								大野拓弥		芝2000				2:00.6	0.7		4-3-4-4	36.2-36.0	36.4	458(+2)																																															晴		16.0	1.0	2.0	19.6	7.0	10	56.0	良	**	**		ガジュノリ															
2020100809	2025-01-26	1中山9		7.0	4歳以上2勝クラス								菅原明良		芝1800				1:48.7	0.5		1-1-1-1	36.1-36.5	37.0	458(0)																																															晴		10.0	8.0	11.0	60.3	9.0	6	56.0	良	**	**		アンリーロード															
2020100809	2025-03-16	2中山6		9.0	房総特別(2勝クラス)								丸田恭介		芝1800				1:51.1	-0.5		1-1-1-1	37.3-37.3	37.3	460(+2)				1586.4																																											雨		16.0	1.0	2.0	63.5	13.0	1	56.0	重	**	**		(ラーンザロープス)															
2020100809	2025-04-20	1福島4		11.0	福島牝馬S(GIII)								丸田恭介		芝1800				1:46.9	0.7		2-2-2-2	35.2-35.2	35.7	460(0)																																															曇		16.0	4.0	7.0	71.8	13.0	6	55.0	良	**	**		アドマイヤマツリ															
2020100809	2025-08-02	1札幌3		11.0	STV賞(3勝クラス)								丸田恭介		芝2000				2:00.5	0.3		1-1-1-1	36.1-35.2	35.5	464(+4)																																															晴		16.0	6.0	11.0	40.5	11.0	6	55.0	良	**	**		エープラス															
2020100809	2025-09-14	4中山4		10.0	レインボーS(3勝クラス)								丸田恭介		芝2000				2:00.0	0.7		2-2-2-2	36.9-34.5	35.1	466(+2)																																															曇		14.0	7.0	12.0	11.8	4.0	10	55.0	良	**	**		ブラックシールド															
2020100809	2025-10-19	4新潟2		11.0	新潟牝馬S(L)								杉原誠人		芝2200				2:13.8	1.1		1-1-1-1	35.8-35.0	36.1	468(+2)																																															曇		14.0	5.0	7.0	56.7	10.0	12	55.0	良	**	**		カネラフィーナ															
2020100809	2025-12-13	5中山3		11.0	常総S(3勝クラス)								原優介		芝1800				1:47.7	0.4		4-4-4-4	36.7-34.3	34.4	472(+4)				184.0																																											曇		16.0	3.0	6.0	15.0	8.0	5	56.0	良	**	**		マイネルオーシャン															
2020100978	2023-08-19	3小倉3		7.0	3歳未勝利								松若風馬		芝2000				2:03.6	3.0		17-17-12-11	35.4-36.8	38.6	492(0)																			晴		18.0	5.0	9.0	9.9	4.0	13	56.0	良	**	**		タガノトラリア																																											
2020100978	2024-05-18	3京都9		8.0	4歳以上1勝クラス								斎藤新		ダ1900				2:01.4	0.3		10-10-10-10	30.9-37.7	36.9	482(-10)				320.0															晴		10.0	1.0	1.0	16.8	6.0	2	58.0	良	**	**		タッチャブル																																											
2020100978	2024-06-15	4京都5		8.0	3歳以上1勝クラス								西塚洸二		ダ1800				1:53.7	0.8		14-14-13-13	37.3-38.4	37.6	484(+2)				120.0															曇		14.0	1.0	1.0	16.7	4.0	4	56.0	良	**	**		ミッキークレスト																																											
2020100978	2024-06-29	2福島1		9.0	開成山特別(1勝クラス)								藤懸貴志		芝2600				2:40.3	1.6		6-7-6-6	36.9-35.1	35.5	480(-4)																			晴		8.0	3.0	3.0	9.8	5.0	6	58.0	良	**	**		レイデラルース																																											
2020100978	2025-01-13	1中京5		8.0	4歳以上1勝クラス								斎藤新		ダ1900				2:02.7	2.2		13-13-13-12	29.5-40.1	40.8	498(+18)																			晴		16.0	8.0	15.0	8.2	4.0	11	58.0	良	**	**		グラヴィス																																											
2020100978	2025-01-25	1中京8		7.0	4歳以上1勝クラス								菱田裕二		ダ1800				1:54.1	1.0		15-15-15-15	37.0-38.1	37.3	494(-4)																			晴		15.0	4.0	7.0	62.9	10.0	7	58.0	良	**	**		ヒロノラメール																																											
2020100978	2025-02-16	1京都6		7.0	4歳以上1勝クラス								高杉吏麒		ダ1800				1:55.4	1.2		13-13-7-7	37.0-38.2	38.4	484(-10)																			曇		13.0	2.0	2.0	11.7	4.0	8	57.0	稍	**	**		アリエスキング																																											
2020100978	2025-04-13	2阪神6		6.0	4歳以上1勝クラス								津村明秀		ダ1800				1:55.2	1.3		9-9-9-9	38.1-37.8	38.2	478(-6)																			小雨		10.0	7.0	8.0	25.3	7.0	6	58.0	稍	**	**		バトンインディ																																											
2020100978	2025-04-27	2京都2		8.0	4歳以上1勝クラス								北村友一		ダ1800				1:54.2	1.3		11-11-10-10	36.3-38.4	38.1	478(0)																			晴		12.0	2.0	2.0	19.8	9.0	7	58.0	良	**	**		メイショウオオコ																																											
2020100978	2025-05-18	2京都8		7.0	4歳以上1勝クラス								荻野琢真		ダ1900				2:00.0	0.9		7-7-8-8	31.1-36.3	36.4	474(-4)																			晴		10.0	2.0	2.0	52.9	9.0	6	58.0	重	**	**		メイショウカシワデ																																											
2020100978	2025-11-23	4京都6		8.0	3歳以上2勝クラス								荻野琢真		ダ1800				1:53.8	1.6		11-10-10-8	37.6-36.1	36.8	482(+8)																			晴		14.0	1.0	1.0	230.0	13.0	10	58.0	良	**	**		モックモック																																											
2020100978	2025-12-14	5中京4		7.0	3歳以上1勝クラス								大久保友		ダ1800				1:56.8	1.8		11-11-11-11	37.7-39.0	39.6	482(0)																			曇		15.0	2.0	3.0	72.3	13.0	12	55.0	稍	**	**		コウジョリョウゾク																																											
2020100978	2026-01-18	1京都7		8.0	4歳以上1勝クラス								田山旺佑		芝2400				2:27.7	1.1		9-11-10-10	36.7-36.0	35.9	490(+8)																																																													晴		12.0	1.0	1.0	148.8	10.0	9	55.0	良	**	**		オメガナビゲーター	202608010708
2020101020	2023-01-21	1中山7		4.0	3歳新馬								内田博幸		ダ1200				1:15.4	2.0		12-13	34.7-38.7	39.3	468(0)																																															晴		16.0	5.0	10.0	20.2	9.0	7	56.0	稍	**	**		プリンスノット															
2020101020	2023-02-04	1中京11		2.0	3歳未勝利								国分優作		ダ1400				1:27.7	1.3		9-9	35.0-39.2	39.6	474(+6)																																															晴		16.0	6.0	11.0	250.0	15.0	6	56.0	良	**	**		ツークフォーゲル															
2020101020	2023-02-18	1阪神3		2.0	3歳未勝利								国分優作		ダ1200				1:14.3	2.4		4-4	35.8-36.1	38.0	474(0)				140.0																																											曇		15.0	8.0	15.0	22.7	5.0	3	56.0	良	**	**		リュウ															
2020101020	2023-03-05	1阪神8		2.0	3歳未勝利								国分優作		ダ1200				1:14.3	0.4		7-7	35.9-38.0	38.0	470(-4)				83.0																																											晴		16.0	3.0	5.0	20.1	4.0	4	56.0	良	**	**		アスクダイアムーン															
2020101020	2023-04-04	金沢		7.0	能登金剛賞(未勝利)(3歳)								吉原寛人		ダ1500				1:36.3	-0.3		2-2-1-1		38.4	467(-3)				85.0																																											晴		10.0	6.0	6.0	1.2	1.0	1	56.0	良	**	**		(スマイルスライヴ)															
2020101020	2023-04-23	2東京2		6.0	3歳1勝クラス								太宰啓介		ダ1400				1:27.8	2.3		8-9	35.5-37.8	38.9	468(+1)																																															晴		16.0	1.0	1.0	107.4	14.0	14	56.0	良	**	**		ロードフォンス															
2020101020	2023-05-27	1京都11		6.0	3歳1勝クラス								国分優作		ダ1400				1:26.7	2.3		11-14	35.0-37.1	37.9	466(-2)																																															晴		16.0	6.0	12.0	361.1	16.0	13	56.0	良	**	**		ニシキギミッチー															
2020101020	2023-07-09	3中京4		8.0	3歳以上1勝クラス								国分優作		ダ1800				1:55.7	1.9		1-1-1-1	37.5-39.0	40.9	466(0)																																															曇		16.0	4.0	8.0	234.0	14.0	13	55.0	稍	**	**		ルーカスミノル															
2020101020	2023-07-30	1札幌4		6.0	3歳以上1勝クラス								荻野琢真		ダ1700				1:46.9	1.6		13-13-13-13	30.0-37.9	37.3	464(-2)																																															曇		13.0	6.0	9.0	19.6	8.0	9	55.0	良	**	**		サンライズグルーヴ															
2020101020	2023-10-22	4新潟4		3.0	3歳以上1勝クラス								川端海翼		ダ1800				1:53.7	0.7		10-8-9-9	36.4-39.1	38.9	474(+10)				120.0																																											曇		13.0	4.0	4.0	14.7	7.0	4	53.0	重	**	**		フロンタルクリス															
2020101020	2023-11-04	3福島1		4.0	3歳以上1勝クラス								川端海翼		ダ2400				2:34.1	-1.1		2-2-2-2	37.7-38.7	38.7	468(-6)				800.0																																											曇		11.0	4.0	4.0	6.5	3.0	1	53.0	良	**	**		(フロンタルジェダイ)															
2020101020	2023-12-02	4中京1		9.0	犬山特別(2勝クラス)								国分優作		ダ1900				2:01.2	1.1		6-6-6-6	30.1-37.7	38.2	476(+8)																																															晴		16.0	6.0	11.0	22.6	9.0	8	57.0	良	**	**		アースライザー															
2020101020	2024-02-18	1東京8		7.0	4歳以上2勝クラス								小林勝太		ダ2100				2:13.2	0.7		1-1-1-2	30.9-38.8	39.5	476(0)				114.0																																											晴		16.0	8.0	16.0	83.5	10.0	5	54.0	良	**	**		カレンアルカンタラ															
2020101020	2024-03-17	2中山8		12.0	4歳以上2勝クラス								原優介		ダ2400				2:39.5	3.5		1-1-1-2	39.3-38.3	41.8	474(-2)																																															晴		16.0	7.0	14.0	20.9	7.0	10	56.0	良	**	**		ヨリノサファイヤ															
2020101020	2024-05-05	3京都6		8.0	4歳以上2勝クラス								酒井学		ダ1900				1:59.8	-0.3		2-2-1-1	28.8-37.4	37.4	478(+4)				1140.0																																											晴		14.0	6.0	10.0	82.8	11.0	1	58.0	良	**	**		(レッドベルアーム)															
2020101020	2024-05-25	3京都11		10.0	桃山S(3勝クラス)								酒井学		ダ1900				1:59.7	0.9		2-2-2-2	29.8-37.8	38.5	480(+2)				184.0																																											晴		16.0	4.0	7.0	15.1	7.0	5	55.0	良	**	**		ミスティックロア															
2020101020	2024-08-24	2中京5		11.0	瀬戸S(3勝クラス)								酒井学		ダ1900				2:00.6	1.1		1-1-1-1	30.2-38.6	39.7	484(+4)																																															晴		15.0	8.0	15.0	5.7	2.0	8	55.0	良	**	**		サンマルパトロール															
2020101020	2024-09-16	3中京5		11.0	JRA70THアニバ(3勝クラス)								酒井学		ダ1800				1:52.7	1.6		12-12-11-10	36.7-37.2	38.0	478(-6)																																															晴		16.0	5.0	9.0	34.7	10.0	10	58.0	良	**	**		カズペトシーン															
2020101020	2024-10-19	4東京5		10.0	神無月S(3勝クラス)								池添謙一		ダ2100				2:11.7	1.2		2-2-2-2	30.8-37.1	38.3	472(-6)																																															曇		15.0	6.0	11.0	19.6	7.0	10	55.0	良	**	**		ダノンブレット															
2020101020	2024-12-01	7京都2		4.0	障害3歳以上未勝利								田村太雅		障2910				3:26.4	6.4		7-7-8-10	107.0-0.0	14.2	482(+10)																																															晴		13.0	6.0	8.0	17.3	6.0	9	60.0	良				テイエムエメラルド															
2020101020	2024-12-28	7京都9		4.0	障害3歳以上未勝利								田村太雅		障2910				3:22.6	2.8		9-9-6-6	108.1-0.0	13.9	488(+6)																																															晴		14.0	8.0	13.0	17.4	5.0	6	60.0	良				バーンパッション															
2020101020	2026-01-05	1京都2		10.0	門松S(3勝クラス)								国分優作		ダ1200				1:12.7	1.5		9-9	34.9-36.3	37.0	494(+6)																																															晴		16.0	3.0	5.0	256.8	16.0	12	58.0	良	**	**		ヒルノドゴール															
2020101143	2022-08-14	3新潟2		5.0	2歳新馬								内田博幸		芝1800				1:52.1	1.3		14-14	37.2-34.3	34.3	430(0)																																	曇		15.0	3.0	4.0	101.1	12.0	8	54.0	稍	**	**		ヒシルリアン																													
2020101143	2022-09-11	4中山2		2.0	2歳未勝利								内田博幸		芝2000				2:04.4	0.6		8-8-8-9	37.0-34.8	34.9	438(+8)				78.0																													曇		9.0	4.0	4.0	66.0	6.0	4	54.0	良	**	**		ファイナルヒート																													
2020101143	2022-10-30	4新潟6		1.0	2歳未勝利								西村淳也		芝2000				2:03.0	-0.4		2-2-2-2	35.9-37.0	36.9	434(-4)				520.0																													雨		14.0	5.0	8.0	23.0	6.0	1	54.0	良	**	**		(ヴァイルマティ)																													
2020101143	2023-01-05	1中山1		6.0	3歳1勝クラス								石橋脩		芝2000				2:01.2	0.4		5-5-4-5	36.0-36.1	36.2	428(-6)				120.0																													晴		9.0	7.0	8.0	48.0	8.0	4	54.0	良	**	**		アヴニールドブリエ																													
2020101143	2023-03-26	3中山2		9.0	ミモザ賞(1勝クラス)								石橋脩		芝2000				2:06.9	0.0		11-11-10-7	35.6-40.3	38.6	430(+2)				437.2																													雨		11.0	2.0	2.0	7.5	5.0	2	54.0	不	**	**		アグラシアド																													
2020101143	2023-04-15	3中山7		9.0	山藤賞(1勝クラス)								石橋脩		芝2000				2:05.0	0.8		4-4-3-2	36.3-38.0	38.4	426(-4)																																	雨		12.0	2.0	2.0	8.7	5.0	7	54.0	重	**	**		スズカハービン																													
2020101143	2023-06-10	1函館1		9.0	駒ケ岳特別(1勝クラス)								鮫島克駿		芝2600				2:42.8	0.4		3-4-4-4	37.0-35.8	35.9	428(+2)																																	晴		8.0	5.0	5.0	9.1	4.0	6	52.0	良	**	**		ダノンジャッカル																													
2020101143	2023-06-25	1函館6		7.0	3歳以上1勝クラス								佐々木大		芝2600				2:42.5	0.6		5-5-4-5	36.2-38.7	38.5	430(+2)				120.0																													晴		9.0	2.0	2.0	5.1	3.0	4	50.0	良	**	**		サトノミスチーフ																													
2020101143	2023-08-20	2札幌4		7.0	3歳以上1勝クラス								武豊		芝2000				2:06.5	2.2		11-10-11-15	35.2-37.5	38.8	440(+10)																																	曇		16.0	3.0	5.0	15.3	7.0	13	53.0	稍	**	**		ワレハウミノコ																													
2020101143	2023-10-14	4新潟1		10.0	松浜特別(1勝クラス)								吉田隼人		芝2000				2:00.8	1.7		3-3	35.2-35.5	36.9	428(-12)																																	晴		15.0	8.0	14.0	52.0	14.0	12	54.0	良	**	**		ヴァイルマティ																													
2020101143	2024-01-06	1中山1		8.0	4歳以上1勝クラス								石橋脩		ダ1800				1:55.9	0.1		11-10-7-8	37.2-39.3	38.9	444(+16)				320.0																													晴		16.0	2.0	4.0	45.7	11.0	2	55.0	良	**	**		セイカティターニア																													
2020101143	2024-02-25	2中山2		7.0	4歳以上1勝クラス								石橋脩		ダ1800				1:54.0	0.0		9-9-8-6	37.2-39.5	38.7	444(0)				320.0																													小雨		10.0	6.0	6.0	8.1	5.0	2	55.0	稍	**	**		ピッチパーフェクト																													
2020101143	2024-03-23	3中山1		7.0	4歳以上1勝クラス								石橋脩		ダ1800				1:55.1	-0.4		12-11-5-4	37.9-38.2	37.8	442(-2)				800.0																													小雨		16.0	8.0	15.0	2.0	1.0	1	56.0	良	**	**		(ランスノーブル)																													
2020101143	2024-04-14	3中山8		9.0	利根川特別(2勝クラス)								西村淳也		ダ1800				1:53.4	0.8		13-12-12-10	35.9-38.6	38.4	442(0)																																	晴		14.0	8.0	13.0	22.5	8.0	6	56.0	良	**	**		カンピオーネ																													
2020101143	2024-07-28	2新潟2		12.0	麒麟山特別(2勝クラス)								石橋脩		ダ1800				1:53.5	0.6		11-9-5-5	35.8-39.3	39.4	436(-6)				155.0																													曇		15.0	6.0	10.0	6.6	3.0	5	56.0	稍	**	**		ヒューゴ																													
2020101143	2024-09-21	4中山6		12.0	3歳以上2勝クラス								田辺裕信		ダ1800				1:52.8	0.7		12-12-10-10	36.5-37.4	37.2	440(+4)				290.0																													曇		14.0	8.0	15.0	6.3	4.0	3	56.0	良	**	**		マンマリアーレ																													
2020101143	2024-10-14	4新潟4		10.0	菅名岳特別(2勝クラス)								佐々木大		ダ1800				1:52.0	-0.1		4-3-4-3	36.2-37.4	37.1	438(-2)				1574.5																													晴		10.0	2.0	2.0	5.4	2.0	1	56.0	良	**	**		(シゲルカミカゼ)																													
2020101143	2025-03-08	2中山3		10.0	上総S(3勝クラス)								北村宏司		ダ1800				1:53.5	1.4		12-12-11-11	36.9-38.5	38.4	452(+14)				184.0																													曇		16.0	4.0	8.0	49.4	12.0	5	53.0	稍	**	**		ロードクロンヌ																													
2020101143	2025-05-03	1新潟1		11.0	三条S(3勝クラス)								小崎綾也		ダ1800				1:52.9	0.6		8-7-7-6	37.9-37.3	37.1	450(-2)																																	晴		15.0	2.0	3.0	17.0	8.0	6	56.0	稍	**	**		アピーリングルック																													
2020101143	2025-07-13	2福島6		10.0	天の川S(3勝クラス)								石橋脩		ダ1700				1:46.5	0.7		9-9-8-8	29.3-38.1	38.0	448(-2)																																	晴		15.0	8.0	14.0	19.3	8.0	7	56.0	良	**	**		ノーブルゲイル																													
2020101143	2025-09-21	4中山7		10.0	内房S(3勝クラス)								原優介		ダ1800				1:53.3	0.3		10-10-10-9	37.0-39.9	38.9	448(0)				280.0																													曇		16.0	3.0	6.0	60.0	9.0	4	53.0	良	**	**		ハギノサステナブル																													
2020101143	2025-10-18	3京都6		11.0	トルマリンS(3勝クラス)								西村淳也		ダ1800				1:51.6	0.5		7-6-9-7	36.4-36.6	36.6	442(-6)				280.0																													曇		16.0	4.0	7.0	22.6	9.0	4	56.0	稍	**	**		レイナデアルシーラ																													
2020101143	2025-12-07	5中山2		10.0	市川S(3勝クラス)								木幡巧也		ダ1800				1:52.9	0.6		7-8-8-8	36.7-37.6	37.7	444(+2)				280.0																													晴		16.0	5.0	10.0	12.9	5.0	4	53.0	良	**	**		クラウンシエンタ																													
2020101143	2026-01-17	1中山6		10.0	アレキサンドライトS(3勝クラス)								原優介		ダ1800				1:53.5	1.3		9-8-9-10	37.4-37.5	37.6	450(+6)																																	晴		16.0	4.0	7.0	13.0	5.0	7	53.0	良				チュウワクリスエス																													
2020101174	2024-02-21	姫路	雨	1.0	C3四		10.0	2.0	2.0	1.2	1.0	1	下原理	56.0	ダ1400		重	**	1:34.3	-2.4	**	1-1-1-1		39.2	510(0)			(マーストファクト)	56.0																																																																							
2020101174	2024-03-07	姫路	晴	5.0	C2三		11.0	3.0	3.0	1.1	1.0	1	下原理	56.0	ダ1400		稍	**	1:34.1	-1.7	**	2-2-1-1		40.8	509(-1)			(アモールファティ)	70.0																																																																							
2020101174	2024-03-22	園田	晴	7.0	C2一		12.0	6.0	8.0	1.4	1.0	1	下原理	57.0	ダ1400		良	**	1:31.9	-1.6	**	2-2-1-1		40.5	505(-4)			(マジーク)	70.0																																																																							
2020101174	2024-04-20	1福島5	晴	6.0	4歳以上1勝クラス		9.0	6.0	6.0	2.1	1.0	1	丹内祐次	58.0	ダ1700		良	**	1:45.9	0.0	**	1-1-1-1	29.5-38.7	38.7	490(-15)			(ゲットアップ)	800.0																																																																							
2020101174	2024-05-11	2東京7	晴	12.0	4歳以上2勝クラス		12.0	7.0	10.0	2.7	1.0	1	戸崎圭太	58.0	ダ1400		良	**	1:24.1	-0.1	**	2-2	35.6-36.6	36.4	496(+6)			(ウィンダミア)	1140.0																																																																							
2020101174	2024-10-13	4東京3	晴	10.0	テレビ静岡賞(3勝クラス)		16.0	1.0	2.0	6.7	3.0	4	田辺裕信	58.0	ダ1400		良	**	1:23.2	0.5	**	1-1	34.5-36.0	36.5	504(+8)			ロードフォンス	280.0																																																																							
2020101174	2024-10-27	4東京8	曇	10.0	エイシンフラッシュC(3勝クラス)		15.0	8.0	14.0	6.6	3.0	4	江田照男	58.0	ダ1300		良	**	1:18.0	0.4	**	4-5	29.8-35.7	35.7	502(-2)			エピックジョイ	280.0																																																																							
2020101174	2024-11-23	5東京7	晴	10.0	シャングリラS(3勝クラス)		16.0	5.0	10.0	7.2	4.0	10	丹内祐次	58.0	ダ1400		稍	**	1:24.6	1.4	**	4-3	34.6-36.4	37.5	496(-6)			サルヴァトーレ																																																																								
2020101174	2025-03-22	2中山7	晴	10.0	韓国馬事会杯(3勝クラス)		16.0	4.0	8.0	26.0	8.0	14	鮫島克駿	58.0	ダ1800		稍	**	1:55.4	2.5	**	2-2-2-2	36.7-38.2	40.6	496(0)			ストライク																																																																								
2020101174	2025-04-06	2阪神4	晴	12.0	陽春S(3勝クラス)		11.0	6.0	7.0	7.0	4.0	8	中井裕二	58.0	ダ1200		良	**	1:12.7	1.3	**	2-2	34.3-37.1	38.3	490(-6)			エコロガイア																																																																								
2020101174	2025-05-25	2京都10	曇	10.0	高瀬川S(3勝クラス)		16.0	3.0	5.0	44.8	12.0	5	中井裕二	58.0	ダ1400		重	**	1:22.6	0.4	**	14-15	34.2-36.3	35.5	500(+10)			キャプテンネキ	184.0																																																																							
2020101174	2025-06-22	3東京6	晴	10.0	多摩川S(3勝クラス)		16.0	5.0	10.0	30.1	9.0	3	木幡巧也	58.0	芝1400		良	**	1:21.3	0.1	**	15-14	35.5-34.3	33.4	494(-6)			セフィロ	465.1																																																																							
2020101174	2025-07-26	2新潟1	晴	7.0	新潟日報賞(3勝クラス)		10.0	7.0	8.0	7.6	4.0	6	木幡巧也	58.0	芝1400		良	**	1:20.2	1.1	**	9-8	34.4-33.2	33.1	488(-6)			ワールズエンド																																																																								
2020101174	2025-08-24	3新潟2	晴	9.0	長岡S(3勝クラス)		18.0	2.0	4.0	10.7	6.0	7	石川裕紀	56.0	芝1600		良	**	1:32.9	0.4	**	8-6	34.8-33.6	33.5	488(0)			ファーヴェント																																																																								
2020101174	2025-09-13	4中山3	曇	11.0	初風S(3勝クラス)		10.0	4.0	4.0	4.0	3.0	1	丹内祐次	58.0	ダ1200		重	**	1:09.9	0.0	**	4-2	34.1-35.8	35.5	498(+10)			(ドンレパルス)	1861.7																																																																							
2020101174	2025-11-23	5東京5	晴	11.0	霜月S(OP)		16.0	3.0	5.0	18.0	6.0	4	丹内祐次	57.0	ダ1400		良	**	1:23.8	0.5	**	4-4	35.0-36.4	36.6	504(+6)			ウェイワードアクト	330.0																																																																							
2020101174	2025-12-28	5阪神8	晴	11.0	ギャラクシーS(OP)		16.0	5.0	9.0	6.9	4.0	5	吉田隼人	57.0	ダ1400		良	**	1:23.7	0.3	**	7-6	33.9-37.6	37.1	500(-4)			ノーブルロジャー	220.0																																																																							
2020101174	2026-01-17	1中山6		11.0	カーバンクルS(OP)								丹内祐次		芝1200				1:07.9	0.5		8-8	33.7-33.7	33.5	506(+6)																																	晴		16.0	5.0	10.0	10.5	5.0	9	55.0	良				ウイングレイテスト																													
2020101184	2022-10-08	4東京1		5.0	2歳新馬								佐々木大		芝1800				1:48.7	1.7		4-4-4	36.3-34.3	35.4	426(0)				110.0																													曇		17.0	2.0	4.0	55.7	10.0	4	52.0	良	**	**		タイセイクラージュ																													
2020101184	2022-10-29	4東京8		3.0	2歳未勝利								佐々木大		芝1800				1:48.1	1.7		3-3-3	34.8-36.8	35.8	422(-4)																																	晴		9.0	8.0	8.0	32.0	5.0	6	52.0	良	**	**		グリューネグリーン																													
2020101184	2023-01-21	1小倉3		2.0	3歳未勝利								佐々木大		芝1800				1:49.3	0.1		1-1-1-1	36.6-36.0	36.1	436(+14)				220.0																													晴		13.0	1.0	1.0	20.4	6.0	2	53.0	稍	**	**		ミントマーク																													
2020101184	2023-02-04	1小倉7		2.0	3歳未勝利								佐々木大		芝1800				1:48.0	0.4		1-1-1-1	35.4-35.6	36.0	436(0)				220.0																													曇		13.0	6.0	8.0	9.5	4.0	2	53.0	良	**	**		ドナウパール																													
2020101184	2023-02-26	2小倉6		5.0	3歳未勝利								佐々木大		芝1800				1:51.1	0.4		1-1-1-1	37.5-35.6	36.0	436(0)				220.0																													晴		16.0	8.0	16.0	7.8	4.0	2	53.0	良	**	**		ソレイユヴィータ																													
2020101184	2023-05-21	1新潟8		6.0	3歳未勝利								佐々木大		芝1800				1:49.0	0.1		1-1	36.6-35.7	35.8	436(0)				220.0																													晴		16.0	4.0	7.0	1.8	1.0	2	53.0	良	**	**		フェミナフォルテ																													
2020101184	2023-06-17	1函館3		7.0	3歳未勝利								佐々木大		芝1800				1:48.3	0.5		1-1-1-1	35.8-35.3	35.8	436(0)				83.0																													曇		14.0	1.0	1.0	2.7	1.0	4	54.0	良	**	**		スイーツバイキング																													
2020101184	2023-07-08	2函館3		6.0	3歳未勝利								横山武史		芝1800				1:48.9	0.0		2-2-2-2	36.6-35.2	35.1	436(0)				220.0																													晴		13.0	5.0	7.0	3.1	2.0	2	56.0	良	**	**		エンライトメント																													
2020101184	2023-07-30	1札幌4		1.0	3歳未勝利								横山武史		芝1500				1:27.8	-0.4		2-2-2	29.0-35.1	34.7	440(+4)				550.0																													曇		14.0	4.0	6.0	2.1	1.0	1	56.0	良	**	**		(アオイコウキ)																													
2020101184	2023-10-29	4東京9		6.0	3歳以上1勝クラス								横山武史		芝1600				1:34.0	0.4		2-2	35.4-34.1	34.3	438(-2)				80.0																													晴		14.0	6.0	9.0	27.2	7.0	5	56.0	良	**	**		マルディランダ																													
2020101184	2023-11-19	3福島6		12.0	3歳以上1勝クラス								佐々木大		芝1200				1:12.7	2.1		5-6	34.4-36.2	37.5	436(-2)																																	曇		16.0	5.0	9.0	4.1	2.0	16	56.0	良	**	**		マルプリ																													
2020101184	2023-12-17	4中京6		8.0	3歳以上1勝クラス								小林勝太		芝1600				1:36.4	2.0		1-1-1	35.8-34.7	36.7	438(+2)																																	晴		16.0	2.0	4.0	45.8	12.0	14	54.0	良	**	**		タシット																													
2020101184	2024-03-24	1中京6		5.0	4歳以上1勝クラス								吉田豊		芝1600				1:37.3	1.1		1-1-1	35.6-36.5	37.6	434(-4)																																	小雨		13.0	7.0	11.0	21.3	8.0	7	58.0	重	**	**		アルゲンテウス																													
2020101184	2024-05-05	2東京6		7.0	4歳以上1勝クラス								吉田豊		芝1400				1:20.9	0.4		2-2	34.5-34.8	34.6	440(+6)																																	晴		15.0	6.0	10.0	71.8	9.0	6	58.0	良	**	**		レッドシュヴェルト																													
2020101184	2024-06-09	3東京4		12.0	3歳以上1勝クラス								柴田善臣		芝1600				1:34.9	1.9		1-1	35.0-34.7	36.6	436(-4)																																	曇		17.0	4.0	8.0	100.4	12.0	14	58.0	良	**	**		ニュージーズ																													
2020101184	2024-08-03	1札幌5		9.0	旭川特別(1勝クラス)								丹内祐次		芝1500				1:29.0	0.5		3-3-3	29.5-35.3	35.1	432(-4)				170.0																													晴		14.0	2.0	2.0	18.6	8.0	4	58.0	良	**	**		ブルーミンデザイン																													
2020101184	2024-08-25	2札幌6		8.0	3歳以上1勝クラス								丹内祐次		芝1500				1:29.2	1.2		2-5-5	28.8-35.8	36.5	436(+4)																																	晴		14.0	8.0	13.0	27.6	9.0	12	58.0	良	**	**		チュウワダンス																													
2020101184	2024-12-08	4中京4		12.0	3歳以上1勝クラス								小林脩斗		芝1600				1:35.8	0.8		5-7-7	35.3-35.8	36.1	432(-4)																																	晴		16.0	3.0	5.0	79.7	11.0	11	56.0	良	**	**		アルトゥーム																													
2020101184	2025-02-02	1東京2		7.0	4歳以上1勝クラス								長浜鴻緒		ダ1600				1:43.4	5.9		3-5	34.7-38.4	43.4	442(+10)																																	小雨		16.0	8.0	15.0	120.3	10.0	16	55.0	稍	**	**		マスグラバイト																													
2020101184	2025-06-29	2福島2		8.0	3歳以上1勝クラス								舟山瑠泉		芝1800				1:48.3	-0.3		1-1-1-1	36.2-34.9	34.9	434(-8)				800.0																													晴		9.0	4.0	4.0	53.2	7.0	1	55.0	良	**	**		(ディバイングレース)																													
2020101184	2025-08-02	1札幌3		10.0	釧路湿原特別(2勝クラス)								舟山瑠泉		芝1800				1:49.1	2.0		3-2-3-2	36.3-35.5	37.2	432(-2)																																	晴		14.0	6.0	10.0	73.5	13.0	14	58.0	良	**	**		リラボニート																													
2020101184	2025-08-31	2札幌4		10.0	HBC賞(2勝クラス)								黛弘人		芝1200				1:10.5	0.9		8-8	34.5-35.1	35.4	436(+4)																																	曇		16.0	5.0	9.0	114.6	15.0	11	54.0	稍	**	**		ロードマイライフ																													
2020101184	2025-11-15	5東京3		12.0	3歳以上2勝クラス								遠藤汰月		芝1600				1:35.4	2.0		7-9	36.4-33.5	34.8	442(+6)																																	晴		13.0	1.0	1.0	280.5	13.0	13	55.0	良	**	**		ダノンセンチュリー																													
2020101184	2025-12-28	5阪神8		9.0	フォーチュンC(2勝クラス)								吉田隼人		芝1600				1:34.3	0.3		1-1	35.6-34.8	35.1	442(0)																																	晴		12.0	5.0	6.0	222.4	12.0	8	53.0	良	**	**		マイエレメント																													
2020101184	2026-01-17	1京都6		12.0	4歳以上2勝クラス								鷲頭虎太		芝1600				1:35.0	1.5		18-15	35.2-34.5	34.4	434(-8)																																	晴		18.0	6.0	12.0	370.8	17.0	12	56.0	良				カズミクラーシュ																													
2020101262	2022-10-16	4新潟2		5.0	2歳新馬								菊沢一樹		ダ1200				1:14.2	0.9		1-1	35.0-38.3	39.2	474(0)				70.0																													晴		15.0	1.0	1.0	8.1	4.0	5	54.0	良	**	**		ヨドノリリー																													
2020101262	2022-11-05	3福島1		1.0	2歳未勝利								菊沢一樹		ダ1150				1:09.6	0.1		1-1	31.7-37.8	37.9	476(+2)				210.0																													晴		16.0	5.0	10.0	5.5	4.0	2	54.0	良	**	**		ビルカール																													
2020101262	2022-11-20	3福島6		1.0	2歳未勝利								佐々木大		ダ1150				1:09.6	0.0		1-1	32.0-37.6	37.6	476(0)				520.0																													曇		16.0	5.0	9.0	3.0	1.0	1	51.0	良	**	**		(ディーズメイト)																													
2020101262	2023-01-08	1中山3		9.0	朱竹賞(1勝クラス)								菊沢一樹		芝1200				1:09.1	0.3		1-1	34.2-34.6	34.9	478(+2)				160.0																													晴		12.0	4.0	4.0	23.3	7.0	4	54.0	良	**	**		ニジュウダンサー																													
2020101262	2023-02-04	1小倉7		9.0	かささぎ賞(1勝クラス)								丹内祐次		芝1200				1:08.9	0.6		9-7	33.4-34.9	34.3	478(0)				160.0																													晴		13.0	5.0	6.0	20.3	7.0	4	54.0	良	**	**		トールキン																													
2020101262	2023-03-12	2中山6		7.0	3歳1勝クラス								菊沢一樹		芝1200				1:09.7	0.3		9-8	35.2-34.2	33.7	478(0)				120.0																													晴		12.0	7.0	10.0	7.6	5.0	4	54.0	良	**	**		ワックスフラワー																													
2020101262	2023-05-21	1京都10		6.0	3歳1勝クラス								浜中俊		芝1200				1:09.0	0.7		1-1	33.8-34.5	35.2	480(+2)																																	晴		13.0	1.0	1.0	6.3	4.0	9	54.0	良	**	**		シルフィードレーヴ																													
2020101262	2023-07-15	2福島5		8.0	3歳以上1勝クラス								菊沢一樹		芝1200				1:11.1	0.1		3-4	35.4-35.6	35.4	474(-6)				120.0																													雨		14.0	3.0	5.0	5.6	3.0	4	53.0	稍	**	**		サウンドクレア																													
2020101262	2023-08-05	2新潟3		12.0	3歳以上1勝クラス								菊沢一樹		ダ1200				1:12.5	1.0		1-1	33.9-37.6	38.6	482(+8)				120.0																													晴		15.0	1.0	1.0	7.1	4.0	4	54.0	良	**	**		ロードラディウス																													
2020101262	2023-09-02	3新潟7		8.0	3歳以上1勝クラス								菊沢一樹		ダ1200				1:12.4	0.4		8-8	34.1-37.9	37.3	478(-4)				80.0																													曇		15.0	4.0	7.0	5.7	2.0	5	54.0	良	**	**		カンパニョーラ																													
2020101262	2023-09-18	4中山5		12.0	3歳以上1勝クラス								菊沢一樹		ダ1200				1:13.3	1.0		6-6	34.4-37.9	38.2	476(-2)																																	晴		16.0	3.0	5.0	9.7	4.0	12	54.0	良	**	**		スティルディマーレ																													
2020101262	2023-10-22	4新潟4		12.0	3歳以上1勝クラス								菊沢一樹		芝1000				0:55.9	-0.4		3	33.4-33.4	33.2	484(+8)				800.0																													晴		18.0	2.0	4.0	8.4	5.0	1	55.0	稍	**	**		(ビヨンドザタイム)																													
2020101262	2023-12-17	4中京6		10.0	桑名特別(2勝クラス)								菊沢一樹		芝1200				1:09.3	0.4		11-10	34.1-34.8	34.2	488(+4)																																	晴		16.0	3.0	5.0	4.8	1.0	6	53.0	良	**	**		タウゼントシェーン																													
2020101262	2024-01-13	1中山4		12.0	4歳以上2勝クラス								小林勝太		芝1200				1:08.4	-0.1		4-4	33.4-35.0	34.7	494(+6)				1140.0																													小雨		15.0	3.0	4.0	7.0	4.0	1	53.0	良	**	**		(スムースベルベット)																													
2020101262	2024-02-25	2小倉6		11.0	下関S(3勝クラス)								菊沢一樹		芝1200				1:09.3	0.3		2-2	33.6-35.4	35.1	494(0)				750.2																													晴		17.0	6.0	11.0	13.7	7.0	2	56.0	稍	**	**		カンチェンジュンガ																													
2020101262	2024-05-05	1新潟4		10.0	駿風S(3勝クラス)								菊沢一樹		芝1000				0:56.3	1.6		6	32.1-33.0	34.1	494(0)																																	晴		16.0	2.0	3.0	5.8	3.0	13	56.0	良	**	**		ブーケファロス																													
2020101262	2024-06-16	1函館4		11.0	UHB杯(3勝クラス)								横山和生		芝1200				1:09.6	0.8		3-2	33.6-35.2	35.5	488(-6)																																	雨		16.0	4.0	7.0	18.7	8.0	14	55.0	良	**	**		マメコ																													
2020101262	2024-06-29	2福島1		11.0	バーデンバーデンC(3勝クラス)								菊沢一樹		芝1200				1:07.1	0.1		11-9	32.4-34.6	33.5	484(-4)				748.8																													晴		14.0	7.0	12.0	70.3	12.0	2	56.0	良	**	**		キタノエクスプレス																													
2020101262	2024-08-11	3新潟2		10.0	稲妻S(3勝クラス)								菅原明良		芝1000				0:55.0	0.6		6	32.1-32.6	32.8	488(+4)																																	晴		17.0	2.0	3.0	16.3	8.0	8	56.0	良	**	**		クムシラコ																													
2020101262	2024-10-19	4新潟5		11.0	北陸S(3勝クラス)								菊沢一樹		芝1200				1:11.0	1.1		6-6	33.6-36.3	36.7	490(+2)																																	雨		17.0	2.0	3.0	12.2	6.0	13	55.0	稍	**	**		シロン																													
2020101262	2024-12-01	5中山2		9.0	南総S(3勝クラス)								菊沢一樹		芝1200				1:07.5	0.4		11-11	32.9-34.2	33.3	500(+10)				465.0																													晴		16.0	2.0	3.0	30.7	9.0	3	56.0	良	**	**		カピリナ																													
2020101262	2025-01-06	1中山2		11.0	サンライズS(3勝クラス)								菊沢一樹		芝1200				1:08.6	0.4		13-13	33.6-34.6	33.9	508(+8)				184.0																													曇		16.0	2.0	4.0	13.7	5.0	5	55.0	良	**	**		ステークホルダー																													
2020101262	2025-02-02	1東京2		10.0	節分S(3勝クラス)								石橋脩		芝1400				1:22.7	1.0		7-7	35.3-34.7	34.5	508(0)																																	曇		11.0	7.0	9.0	27.9	7.0	10	56.0	良	**	**		オードリーバローズ																													
2020101262	2025-03-30	3中山2		10.0	船橋S(3勝クラス)								菊沢一樹		芝1200				1:09.8	0.8		11-13	34.1-34.9	34.9	502(-6)																																	晴		16.0	3.0	6.0	20.9	9.0	13	55.0	良	**	**		ジョーメッドヴィン																													
2020101262	2025-05-10	1新潟3		11.0	駿風S(3勝クラス)								菊沢一樹		芝1000				0:55.5	0.2		11	32.7-33.2	32.7	498(-4)				464.8																													曇		16.0	2.0	3.0	31.6	9.0	3	56.0	稍	**	**		レベレンシア																													
2020101262	2025-06-22	1函館4		11.0	UHB杯(3勝クラス)								菊沢一樹		芝1200				1:08.9	0.2		4-3	33.8-34.9	34.7	500(+2)				749.4																													小雨		15.0	4.0	6.0	18.9	6.0	2	55.0	重	**	**		オードゥメール																													
2020101262	2025-08-17	2新潟8		6.0	稲妻S(3勝クラス)								菊沢一樹		芝1000				0:55.3	-0.3		4	32.8-33.1	32.9	500(0)				1863.8																													晴		11.0	7.0	9.0	2.2	1.0	1	56.0	良	**	**		(スコーピオン)																													
2020101262	2025-10-26	4新潟4		11.0	ルミエールオータムD(L)								菊沢一樹		芝1000				0:55.8	0.5		13	32.7-33.2	32.6	510(+10)				685.6																													雨		17.0	3.0	5.0	6.6	3.0	3	54.0	稍	**	**		イコサン																													
2020101262	2025-12-07	5中山2		11.0	ラピスラズリS(L)								菊沢一樹		芝1200				1:07.7	0.6		8-9	33.5-33.6	33.6	506(-4)				410.0																													晴		16.0	2.0	3.0	20.1	7.0	4	55.0	良	**	**		ロードフォアエース																													
2020101262	2026-01-17	1中山6		11.0	カーバンクルS(OP)								菊沢一樹		芝1200				1:07.9	0.5		16-16	33.7-33.7	32.6	508(+2)																																	晴		16.0	7.0	13.0	16.2	8.0	10	54.0	良				ウイングレイテスト																													
2020101292	2022-09-18	5中京4		4.0	2歳新馬								福永祐一		ダ1400				1:26.7	1.0		6-6	34.6-38.6	39.1	486(0)					晴		13.0	6.0	8.0	6.4	2.0	7	54.0	良	**	**		ルーカスミノル																																																									
2020101292	2022-12-24	6阪神7		3.0	2歳未勝利								福永祐一		ダ1400				1:26.7	0.5		3-3	34.9-38.8	39.1	490(+4)				78.0	晴		16.0	5.0	10.0	7.0	4.0	4	55.0	稍	**	**		ゴルデールスカー																																																									
2020101292	2023-01-09	1中京4		2.0	3歳未勝利								福永祐一		ダ1200				1:13.9	0.4		12-11	35.7-37.8	37.2	484(-6)				83.0	晴		16.0	7.0	14.0	5.1	2.0	4	56.0	良	**	**		ワイアウ																																																									
2020101292	2023-01-21	1中京7		2.0	3歳未勝利								福永祐一		ダ1200				1:14.2	0.6		4-2	36.4-37.2	37.5	480(-4)				220.0	晴		12.0	7.0	9.0	3.5	2.0	2	56.0	良	**	**		ルガル																																																									
2020101292	2023-02-18	1阪神3		2.0	3歳未勝利								福永祐一		ダ1200				1:12.7	0.8		1-1	35.8-36.1	36.9	476(-4)				220.0	曇		15.0	4.0	8.0	1.5	1.0	2	56.0	良	**	**		リュウ																																																									
2020101292	2023-03-11	2中京1		3.0	3歳未勝利								幸英明		ダ1200				1:13.1	0.3		2-2	35.8-37.0	37.2	480(+4)				140.0	晴		16.0	7.0	13.0	1.4	1.0	3	56.0	良	**	**		アンスリウム																																																									
2020101292	2023-04-15	2阪神7		3.0	3歳未勝利								川田将雅		ダ1200				1:11.6	-0.2		2-2	35.9-35.7	35.7	482(+2)				550.0	雨		16.0	3.0	6.0	1.8	1.0	1	56.0	不	**	**		(イミュータブル)																																																									
2020101292	2023-06-17	3阪神5		12.0	3歳以上1勝クラス								川田将雅		ダ1200				1:12.3	-0.2		1-1	34.8-37.5	37.5	492(+10)				800.0	晴		16.0	1.0	1.0	4.1	2.0	1	55.0	良	**	**		(グランデフィオーレ)																																																									
2020101292	2023-09-24	4阪神7		12.0	3歳以上2勝クラス								川田将雅		ダ1200				1:12.2	0.4		3-3	35.5-36.3	36.2	498(+6)				290.0	晴		15.0	3.0	4.0	2.8	1.0	3	56.0	良	**	**		パラシュラーマ																																																									
2020101292	2023-10-21	2京都6		12.0	3歳以上2勝クラス								川田将雅		ダ1200				1:11.0	0.0		4-2	34.5-36.5	36.0	496(-2)				460.0	晴		16.0	7.0	13.0	2.6	1.0	2	57.0	良	**	**		ステラフィオーレ																																																									
2020101292	2024-01-14	1京都5		8.0	4歳以上2勝クラス								川田将雅		ダ1200				1:11.6	-0.1		3-2	35.9-35.7	35.4	498(+2)				1140.0	晴		13.0	6.0	9.0	1.4	1.0	1	58.0	良	**	**		(ロードラディウス)																																																									
2020101292	2024-02-03	2京都3		9.0	橿原S(3勝クラス)								川田将雅		ダ1200				1:11.0	0.2		5-5	34.0-36.8	36.2	498(0)				465.3	晴		16.0	4.0	8.0	3.2	1.0	3	58.0	良	**	**		ドンアミティエ																																																									
2020101292	2024-04-28	3京都4		12.0	東大路S(3勝クラス)								モレイラ		ダ1200				1:11.5	0.2		4-4	35.2-36.1	35.9	494(-4)				750.4	晴		16.0	5.0	9.0	3.0	2.0	2	58.0	良	**	**		ステラフィオーレ																																																									
2020101292	2024-06-09	4京都4		10.0	安芸S(3勝クラス)								川田将雅		ダ1200				1:11.3	-0.1		9-9	33.6-37.7	36.6	502(+8)				1875.7	曇		16.0	7.0	14.0	1.9	1.0	1	57.0	稍	**	**		(サザンエルフ)																																																									
2020101292	2024-10-06	5京都2		10.0	藤森S(OP)								川田将雅		ダ1200				1:12.1	0.8		3-2	34.7-36.6	37.1	504(+2)					晴		14.0	3.0	6.0	5.2	3.0	8	57.0	良	**	**		クインズメリッサ																																																									
2020101292	2024-12-22	7京都8		11.0	りんくうS(OP)								西村淳也		ダ1200				1:12.6	1.1		8-8	34.8-36.7	37.2	508(+4)					晴		16.0	2.0	4.0	15.5	6.0	8	57.0	良	**	**		ドンアミティエ																																																									
2020101292	2025-02-23	1京都8		11.0	大和S(OP)								北村友一		ダ1200				1:11.5	0.3		6-6	35.4-35.8	35.4	508(0)				889.8	曇		16.0	3.0	5.0	10.9	3.0	2	57.0	良	**	**		ドンアミティエ																																																									
2020101292	2025-03-23	2中山8		11.0	千葉S(OP)								三浦皇成		ダ1200				1:10.0	-0.2		5-5	33.3-36.7	36.2	500(-8)				2235.0	晴		16.0	5.0	9.0	16.1	6.0	1	56.0	良	**	**		(メズメライザー)																																																									
2020101292	2025-04-26	2京都1		11.0	天王山S(OP)								川田将雅		ダ1200				1:10.8	0.1		3-2	34.3-36.4	35.6	506(+6)				330.0	晴		14.0	6.0	10.0	5.0	2.0	4	58.0	良	**	**		ドンアミティエ																																																									
2020101292	2025-11-08	4京都1		11.0	室町S(OP)								団野大成		ダ1200				1:11.2	0.9		11-11	34.2-36.1	36.0	506(0)					晴		16.0	8.0	16.0	6.4	2.0	12	57.0	良	**	**		ペプチドヤマト																																																									
2020101323	2023-01-14	1中京5		4.0	3歳新馬								鮫島克駿		ダ1400				1:28.4	1.2		3-4	36.4-38.1	39.0	478(0)																			小雨		16.0	2.0	3.0	30.4	11.0	7	56.0	重	**	**		ディクレアブルーム																																											
2020101323	2023-01-22	1中京8		2.0	3歳未勝利								鮫島克駿		ダ1400				1:28.5	2.0		8-8	35.6-38.7	39.3	474(-4)																			晴		15.0	4.0	6.0	110.0	10.0	8	56.0	良	**	**		セミマル																																											
2020101323	2023-04-15	1福島3		3.0	3歳未勝利								秋山稔樹		ダ1700				1:50.7	2.9		5-5-6-7	31.1-37.3	39.7	474(0)																			曇		15.0	5.0	8.0	96.5	11.0	11	55.0	良	**	**		タカサンフェイス																																											
2020101323	2023-04-29	1京都3		2.0	3歳未勝利								松若風馬		ダ1800				1:56.5	1.6		5-4-9-11	37.0-39.2	39.9	472(-2)																			曇		16.0	2.0	3.0	240.2	15.0	10	56.0	良	**	**		ティエラサンタ																																											
2020101323	2023-05-13	1京都7		2.0	3歳未勝利								松若風馬		ダ1900				2:04.0	0.6		2-2-2-2	31.1-38.5	39.0	464(-8)				83.0															曇		10.0	2.0	2.0	55.2	5.0	4	56.0	良	**	**		モズバンディット																																											
2020101323	2023-07-04	川崎		8.0	ルビーフラワー賞(3歳C1)								永野猛蔵		ダ1600				1:44.1	-0.1		1-1-1-1	37.7-40.0	40.0	460(-4)				250.0															晴		13.0	5.0	6.0	3.0	2.0	1	55.0	良	**	**		(サリーピルエット)																																											
2020101323	2023-09-18	4阪神5		8.0	3歳以上1勝クラス								富田暁		ダ1800				1:56.9	3.2		12-12-12-13	37.0-39.0	40.6	466(+6)																			晴		13.0	7.0	11.0	54.2	11.0	10	55.0	良	**	**		タイガースパーク																																											
2020101323	2023-10-09	2京都3		7.0	3歳以上1勝クラス								国分恭介		ダ1900				2:03.2	4.1		7-8-12-12	30.0-37.8	39.9	466(0)																			曇		13.0	2.0	2.0	164.8	13.0	12	56.0	重	**	**		エンツォウーノ																																											
2020101323	2024-02-18	2小倉4		6.0	4歳以上1勝クラス								水口優也		ダ2400				2:37.0	1.6		9-10-11-10	38.2-38.3	38.6	466(0)																			晴		13.0	8.0	12.0	250.0	13.0	12	57.0	良	**	**		ムジェロ																																											
2020101323	2024-03-02	1阪神3		7.0	4歳以上1勝クラス								水口優也		ダ2000				2:08.2	0.7		3-4-4-4	37.6-37.9	38.2	456(-10)																			曇		8.0	8.0	8.0	204.4	8.0	6	58.0	稍	**	**		ジョウショーパワー																																											
2020101323	2024-04-07	2阪神6		6.0	4歳以上1勝クラス								和田竜二		ダ1800								38.2-36.9		458(+2)																			晴		9.0	2.0	2.0	155.4	9.0	中	58.0	良	**	**		ウイニンググレイス																																											
2020101323	2024-04-13	2阪神7		7.0	4歳以上1勝クラス								幸英明		芝2400				2:27.5	2.0		12-12-11-12	36.8-34.6	35.3	458(0)																			晴		12.0	4.0	4.0	137.7	11.0	9	58.0	良	**	**		キャリーハピネス																																											
2020101323	2024-04-27	3京都3		6.0	4歳以上1勝クラス								幸英明		芝2200				2:14.1	0.8		8-8-9-10	35.5-35.5	35.5	460(+2)				120.0															曇		10.0	2.0	2.0	175.4	9.0	4	58.0	良	**	**		ローレルキャニオン																																											
2020101323	2024-05-18	3京都9		7.0	4歳以上1勝クラス								幸英明		芝2400				2:26.0	2.0		5-4-4-6	34.4-35.4	37.1	460(0)																			晴		12.0	4.0	4.0	33.4	10.0	12	58.0	良	**	**		リッチブラック																																											
2020101323	2024-06-01	4京都1		7.0	3歳以上1勝クラス								幸英明		芝2200				2:14.8	2.1		9-9-9-9	36.7-33.9	34.5	462(+2)																			晴		9.0	8.0	8.0	90.5	8.0	9	58.0	良	**	**		オールセインツ																																											
2020101323	2024-07-27	1札幌3		9.0	積丹特別(1勝クラス)								丹内祐次		芝2600				2:43.6	1.3		1-1-1-2	37.1-35.4	36.7	470(+8)																			曇		9.0	2.0	2.0	140.1	9.0	9	58.0	良	**	**		ライフセービング																																											
2020101323	2024-08-10	2札幌1		8.0	3歳以上1勝クラス								古川吉洋		芝2600				2:43.4	2.0		11-11-9-11	36.5-36.9	37.7	472(+2)																			晴		11.0	8.0	11.0	106.7	10.0	10	58.0	良	**	**		ウインネモフィラ																																											
2020101323	2024-08-17	2札幌3		10.0	富良野特別(1勝クラス)								和田翼		芝2000				2:03.2	2.6		10-11-11-11	36.2-35.5	36.4	468(-4)																			曇		12.0	3.0	3.0	447.3	11.0	11	58.0	良	**	**		コスモブッドレア																																											
2020101323	2025-02-23	1京都8		7.0	4歳以上1勝クラス								西塚洸二		芝2400				2:29.2	1.4		9-9-9-10	36.8-34.9	35.2	462(-6)																			曇		10.0	8.0	9.0	147.8	9.0	8	57.0	良	**	**		アメジストブラック																																											
2020101323	2025-03-23	1阪神8		7.0	4歳以上1勝クラス								菅原明良		芝2400				2:28.3	1.9		8-8-8-7	38.0-34.2	34.7	460(-2)																			晴		9.0	5.0	5.0	139.3	8.0	7	58.0	良	**	**		スピードリッチ																																											
2020101323	2025-04-19	2阪神7		7.0	4歳以上1勝クラス								西塚洸二		芝2400				2:26.4	1.8		10-10-10-10	37.3-34.2	34.6	456(-4)																			晴		10.0	4.0	4.0	131.3	7.0	7	57.0	良	**	**		アクアヴァーナル																																											
2020101323	2025-05-03	2京都3		7.0	4歳以上1勝クラス								高杉吏麒		芝2200				2:14.8	0.0		6-6-5-4	37.3-34.0	33.8	460(+4)				320.0															晴		8.0	3.0	3.0	8.1	4.0	2	57.0	稍	**	**		ロードオールライト																																											
2020101323	2025-05-24	2京都9		7.0	4歳以上1勝クラス								高杉吏麒		芝2400				2:27.0	0.6		11-10-11-11	36.8-35.8	35.3	458(-2)																			雨		12.0	5.0	6.0	11.5	4.0	6	57.0	稍	**	**		ベトルス																																											
2020101323	2025-06-07	3阪神1		7.0	3歳以上1勝クラス								高杉吏麒		芝2200				2:13.4	0.7		5-5-5-5	36.1-34.7	35.0	460(+2)				120.0															曇		10.0	2.0	2.0	19.5	5.0	4	57.0	良	**	**		ヴァリディシームス																																											
2020101323	2025-06-21	3阪神5		7.0	3歳以上1勝クラス								高杉吏麒		芝2400				2:27.2	0.4		3-3-3-3	35.8-35.4	35.4	458(-2)				80.0															晴		10.0	1.0	1.0	30.8	7.0	5	57.0	良	**	**		ミントマーク																																											
2020101323	2025-10-12	3京都4		7.0	3歳以上1勝クラス								吉村誠之		芝2400				2:26.7	0.3		6-6-5-5	35.9-34.1	33.9	460(+2)				80.0															小雨		13.0	8.0	12.0	53.7	12.0	5	57.0	良	**	**		ランツフート																																											
2020101323	2025-11-02	3京都11		7.0	3歳以上1勝クラス								西塚洸二		芝2200				2:13.6	0.3		13-14-14-14	36.2-34.4	33.8	458(-2)				80.0															晴		16.0	6.0	11.0	61.6	11.0	5	57.0	良	**	**		スカイサーベイ																																											
2020101323	2025-11-23	4京都6		7.0	3歳以上1勝クラス								西塚洸二		芝2400				2:24.7	0.8		13-13-16-13	34.4-34.5	34.2	454(-4)				120.0															晴		18.0	1.0	2.0	40.8	11.0	4	57.0	良	**	**		ウインデイジー																																											
2020101323	2025-12-21	5阪神6		7.0	3歳以上1勝クラス								吉村誠之		芝2200				2:13.6	0.9		13-12-15-15	34.9-36.2	36.3	454(0)																			雨		18.0	6.0	12.0	55.3	15.0	6	58.0	重	**	**		ヴァリージア																																											
2020101323	2026-01-18	1京都7		8.0	4歳以上1勝クラス								岩田望来		芝2400				2:27.5	0.9		7-7-8-8	36.7-36.0	35.9	452(-2)																																																													晴		12.0	2.0	2.0	20.2	7.0	7	58.0	良	**	**		オメガナビゲーター	202608010708
2020101486	2022-11-19	3福島5		5.0	2歳新馬								丸山元気		芝1800				1:56.4	-0.1		2-2-1-2	41.1-34.9	34.9	462(0)				700.0	晴		11.0	6.0	7.0	3.4	1.0	1	55.0	良	**	**		(アスキステソーロ)																																																									
2020101486	2022-12-04	6中京2		9.0	こうやまき賞(1勝クラス)								丸山元気		芝1600				1:34.9	0.3		4-8-7	35.2-35.3	34.9	452(-10)				150.0	晴		12.0	4.0	4.0	21.3	8.0	4	55.0	良	**	**		コレペティトール																																																									
2020101486	2023-02-12	2小倉2		9.0	あすなろ賞(1勝クラス)								丸山元気		芝2000				2:01.4	0.6		6-6-2-1	35.4-35.6	36.2	456(+4)				107.0	晴		14.0	8.0	14.0	11.5	4.0	5	56.0	稍	**	**		アイスグリーン																																																									
2020101486	2023-03-05	1阪神8		8.0	アルメリア賞(1勝クラス)								岩田望来		芝1800				1:46.2	-0.1		6-6	34.7-35.1	34.5	456(0)				1085.4	晴		7.0	5.0	5.0	4.5	3.0	1	56.0	良	**	**		(ジュンツバメガエシ)																																																									
2020101486	2023-03-25	2阪神1		11.0	毎日杯(GIII)								岩田望来		芝1800				1:46.8	0.2		5-5	35.0-35.6	35.3	460(+4)				1006.7	曇		13.0	8.0	13.0	15.1	6.0	3	56.0	良	**	**		シーズンリッチ																																																									
2020101486	2023-05-06	1京都5		11.0	京都新聞杯(GII)								岩田望来		芝2200				2:15.6	1.5		3-3-6-5	37.7-33.9	34.8	456(-4)					小雨		12.0	3.0	3.0	13.6	6.0	10	56.0	良	**	**		サトノグランツ																																																									
2020101486	2023-10-07	2京都1		9.0	宝ケ池特別(2勝クラス)								藤岡康太		芝1600				1:34.7	0.7		7-8	36.0-33.5	33.5	468(+12)					晴		11.0	3.0	3.0	15.8	6.0	8	56.0	良	**	**		トゥードジボン																																																									
2020101486	2023-10-28	2京都8		12.0	3歳以上2勝クラス								岩田望来		ダ1800				1:55.3	3.1		8-8-7-8	37.2-38.5	40.3	464(-4)					晴		13.0	4.0	5.0	13.9	4.0	12	56.0	良	**	**		ブライアンセンス																																																									
2020101486	2023-11-19	3京都6		10.0	近江特別(2勝クラス)								松山弘平		芝2000				1:59.9	0.3		9-9-7-4	35.9-35.2	34.7	458(-6)				631.2	晴		17.0	4.0	8.0	15.5	6.0	2	55.0	良	**	**		ウインスノーライト																																																									
2020101486	2023-12-02	5阪神1		12.0	3歳以上2勝クラス								岩田望来		芝1800				1:46.3	1.1		6-5	34.7-34.6	35.2	456(-2)				114.0	晴		10.0	6.0	6.0	24.4	6.0	5	57.0	良	**	**		グランヴィノス																																																									
2020101486	2024-04-27	1新潟1		10.0	胎内川特別(2勝クラス)								角田大河		芝1800				1:48.5	0.4		6-8	36.6-34.5	34.4	462(+6)				626.4	晴		10.0	8.0	10.0	5.1	3.0	2	58.0	良	**	**		ゲンパチムサシ																																																									
2020101486	2024-05-18	3京都9		10.0	シドニーT(2勝クラス)								岩田望来		芝1800				1:45.0	0.4		6-6	35.2-34.3	33.8	462(0)				392.8	晴		9.0	3.0	3.0	8.3	4.0	3	57.0	良	**	**		マイネルエニグマ																																																									
2020101486	2024-06-01	4京都1		8.0	聖護院特別(2勝クラス)								岩田望来		芝1800				1:45.9	-0.1		3-3	35.6-34.0	33.7	468(+6)				1566.1	晴		7.0	2.0	2.0	5.2	3.0	1	58.0	良	**	**		(ミエスペランサ)																																																									
2020101486	2024-10-12	5京都3		10.0	大原S(3勝クラス)								松山弘平		芝1800				1:46.4	2.4		8-7	34.7-34.6	36.4	474(+6)					晴		14.0	3.0	3.0	29.4	9.0	14	58.0	良	**	**		ケイアイセナ																																																									
2020101486	2024-12-01	7京都2		10.0	嵯峨野S(3勝クラス)								小沢大仁		芝1800				1:46.7	0.8		8-7	35.5-33.6	33.7	466(-8)				184.0	晴		13.0	4.0	4.0	216.8	13.0	5	58.0	良	**	**		オールナット																																																									
2020101486	2024-12-22	7京都8		10.0	サンタクロースS(3勝クラス)								小沢大仁		芝2000				2:01.2	0.3		6-9-8-7	37.8-34.1	33.9	464(-2)				184.0	晴		14.0	3.0	4.0	42.8	10.0	5	58.0	良	**	**		ホウオウプロサンゲ																																																									
2020101486	2025-05-18	1新潟6		11.0	弥彦S(3勝クラス)								菊沢一樹		芝1800				1:47.9	0.4		14-14	35.5-35.1	34.6	468(+4)					曇		16.0	6.0	11.0	19.2	8.0	8	58.0	良	**	**		ナムラエイハブ																																																									
2020101486	2025-06-07	3阪神1		11.0	垂水S(3勝クラス)								高杉吏麒		芝2000				1:59.5	0.9		12-11-13-15	35.4-35.6	35.6	466(-2)					曇		15.0	1.0	1.0	48.4	12.0	12	58.0	良	**	**		シェイクユアハート																																																									
2020101486	2025-07-05	2小倉3		11.0	マレーシアC(3勝クラス)								高杉吏麒		芝1800				1:47.2	0.2		8-8-7-7	35.7-36.1	35.6	466(0)					晴		11.0	1.0	1.0	15.0	7.0	6	55.0	良	**	**		グランアルティスタ																																																									
2020101486	2025-07-26	3中京1		7.0	関ケ原S(3勝クラス)								小沢大仁		芝2000				1:59.9	0.7		3-3-3-3	37.4-33.9	34.0	464(-2)					晴		10.0	1.0	1.0	43.4	8.0	6	58.0	良	**	**		グランヴィノス																																																									
2020101486	2025-08-16	3中京7		7.0	高山S(3勝クラス)								高杉吏麒		芝2000				1:58.6	0.2		6-6-7-6	36.2-34.5	34.1	468(+4)				462.7	晴		9.0	7.0	7.0	16.0	7.0	3	55.0	良	**	**		バールデュヴァン																																																									
2020101486	2025-12-07	5阪神2		10.0	元町S(3勝クラス)								高杉吏麒		芝1800				1:45.6	0.9		13-12	35.1-33.4	33.5	470(+2)					晴		18.0	5.0	10.0	20.6	9.0	12	55.0	良	**	**		レディネス																																																									
2020101486	2025-12-28	5阪神8		10.0	サンクフルS(3勝クラス)								高杉吏麒		芝2000				2:00.6	0.5		5-5-7-7	37.5-34.6	34.6	472(+2)				280.0	晴		11.0	5.0	5.0	14.3	3.0	4	58.0	良	**	**		ローランドバローズ																																																									
2020101537	2023-03-12	2中京2		5.0	3歳未勝利								岩田望来		芝2200				2:18.6	2.7		5-5-5-5	36.8-34.8	37.0	516(0)					晴		15.0	4.0	6.0	7.7	3.0	12	56.0	良	**	**		ブレイクボーイ																																																									
2020101537	2023-03-26	2阪神2		5.0	3歳未勝利								高倉稜		芝2000				2:04.2	0.0		1-1-1-1	37.2-35.8	35.8	520(+4)				550.0	雨		16.0	2.0	4.0	44.5	9.0	1	56.0	重	**	**		(アドマイヤソラ)																																																									
2020101537	2023-05-13	1京都7		9.0	あずさ賞(1勝クラス)								高倉稜		芝2000				1:59.9	-0.1		2-2-2-2	36.0-33.7	33.6	508(-12)				1096.6	曇		12.0	4.0	4.0	11.9	6.0	1	56.0	良	**	**		(アンテロース)																																																									
2020101537	2023-07-02	3中京2		9.0	木曽川特別(2勝クラス)								高倉稜		芝2200				2:13.8	1.6		4-4-6-7	35.2-36.5	37.2	508(0)				230.0	晴		9.0	3.0	3.0	3.5	2.0	4	55.0	良	**	**		サスツルギ																																																									
2020101537	2023-11-25	3京都7		9.0	高雄特別(2勝クラス)								高倉稜		芝2400				2:25.4	0.6		2-2-2-2	35.6-35.8	36.4	524(+16)				230.0	晴		12.0	6.0	7.0	12.1	4.0	4	56.0	良	**	**		ゴールドプリンセス																																																									
2020101537	2024-01-07	1京都2		9.0	琵琶湖特別(2勝クラス)								高倉稜		芝2400				2:28.4	1.7		2-2-2-2	34.1-37.1	37.5	516(-8)					晴		12.0	3.0	3.0	7.1	5.0	6	57.0	良	**	**		ゴールデンスナップ																																																									
2020101537	2024-02-04	2京都4		8.0	4歳以上2勝クラス								ルメート		芝2000				2:01.0	0.3		5-5-5-5	36.5-35.5	35.2	518(+2)				460.0	曇		7.0	1.0	1.0	6.4	3.0	2	57.0	良	**	**		セブンマジシャン																																																									
2020101537	2024-03-31	2阪神4		8.0	4歳以上2勝クラス								戸崎圭太		芝2000				2:00.0	1.3		4-4-5-4	35.4-35.4	36.0	506(-12)					曇		15.0	3.0	4.0	3.4	1.0	8	58.0	良	**	**		マコトヴェリーキー																																																									
2020101537	2024-05-05	2東京6		8.0	4歳以上2勝クラス								オシェア		芝2000				2:00.0	0.0		6-5-4	37.5-34.5	34.0	508(+2)				460.0	晴		10.0	3.0	3.0	7.8	4.0	2	58.0	良	**	**		ハギノアルデバラン																																																									
2020101537	2024-06-02	3東京2		9.0	ホンコンJCT(2勝クラス)								オシェア		芝2000				1:59.4	0.7		3-3-3	35.0-36.7	35.3	508(0)					小雨		10.0	7.0	8.0	3.9	3.0	6	58.0	稍	**	**		グランドカリナン																																																									
2020101537	2024-07-20	1札幌1		10.0	釧路湿原特別(2勝クラス)								横山武史		芝2000				1:59.9	0.3		4-5-5-4	35.3-36.8	35.7	512(+4)					晴		13.0	1.0	1.0	4.4	3.0	6	58.0	良	**	**		ナックイルシーブ																																																									
2020101537	2024-08-11	2札幌2		10.0	藻岩山特別(2勝クラス)								高倉稜		芝2000				2:01.3	1.7		3-4-5-6	35.6-36.4	37.8	518(+6)					晴		12.0	1.0	1.0	37.3	10.0	11	58.0	良	**	**		パトリックハンサム																																																									
2020101537	2024-10-05	5京都1		12.0	3歳以上2勝クラス								シュタル		ダ1800				1:54.7	1.6		7-7-8-9	36.8-38.1	39.0	522(+4)					晴		14.0	5.0	8.0	7.6	2.0	6	58.0	稍	**	**		マルチャレアル																																																									
2020101537	2024-11-16	6京都5		10.0	近江特別(2勝クラス)								高倉稜		ダ1900				2:02.1	3.2		1-1-1-1	30.5-38.1	41.3	526(+4)					小雨		16.0	2.0	3.0	16.9	7.0	15	58.0	良	**	**		メイプルタピット																																																									
2020101537	2024-12-22	7京都8		9.0	クリスマスエルフ賞(2勝クラス)								佐々木大		ダ1800				1:55.4	1.6		9-9-13-13	37.2-38.6	38.4	526(0)					晴		16.0	1.0	1.0	50.4	14.0	12	58.0	良	**	**		タンゴバイラリン																																																									
2020101537	2025-01-05	1中京1		9.0	鶴舞特別(2勝クラス)								ルメート		芝2200				2:13.2	1.1		10-10-10-10	35.2-35.5	35.4	524(-2)				155.0	晴		11.0	6.0	7.0	40.4	7.0	5	58.0	良	**	**		ハヤテノフクノスケ																																																									
2020101537	2025-02-01	1京都1		10.0	許波多特別(2勝クラス)								ルメート		芝2400				2:25.4	0.5		8-8-8-8	35.6-36.5	35.2	524(0)				393.4	曇		10.0	7.0	8.0	16.2	8.0	3	55.0	良	**	**		ウィープディライト																																																									
2020101537	2025-03-22	1阪神7		8.0	4歳以上2勝クラス								松山弘平		芝2600				2:39.1	-0.2		3-3-3-4	37.2-34.9	34.6	524(0)				1140.0	晴		9.0	2.0	2.0	2.7	1.0	1	58.0	良	**	**		(サトノスカイターフ)																																																									
2020101537	2025-05-04	2京都4		11.0	天皇賞(春)(GI)								岩田康誠		芝3200				3:20.3	6.3		9-10-13-11	36.4-35.7	40.5	524(0)					晴		15.0	6.0	10.0	249.4	14.0	13	58.0	良	**	**		ヘデントール																																																									
2020101537	2025-06-15	3東京4		10.0	江の島S(3勝クラス)								荻野極		芝2400				2:28.9	1.8		3-3-5-5	36.9-37.1	38.5	520(-4)					曇		15.0	5.0	8.0	48.3	12.0	10	58.0	稍	**	**		カフェグランデ																																																									
2020101548	2022-12-04	6阪神2		5.0	2歳新馬								岩田望来		芝1800				1:48.3	0.7		5-5	35.7-34.4	34.5	472(0)				180.0	曇		14.0	7.0	12.0	8.9	4.0	3	55.0	良	**	**		トンジンチ																																																									
2020101548	2022-12-24	6阪神7		4.0	2歳未勝利								坂井瑠星		芝2000				2:01.5	0.0		3-3-3-3	37.6-35.7	35.6	472(0)				210.0	晴		16.0	6.0	12.0	8.0	4.0	2	55.0	良	**	**		セオ																																																									
2020101548	2023-01-28	1中京9		5.0	3歳未勝利								坂井瑠星		芝2000				2:00.6	-0.5		6-6-6-6	35.4-36.1	35.3	468(-4)				550.0	晴		8.0	3.0	3.0	2.2	1.0	1	56.0	良	**	**		(コパノサントス)																																																									
2020101548	2023-03-26	2中京6		9.0	大寒桜賞(1勝クラス)								岩田望来		芝2200				2:21.5	0.4		7-7-7-5	36.2-37.1	37.0	470(+2)				272.5	小雨		8.0	8.0	8.0	2.6	1.0	3	56.0	不	**	**		ヨリマル																																																									
2020101548	2023-05-13	1京都7		9.0	あずさ賞(1勝クラス)								岩田望来		芝2000				2:01.4	1.5		5-5-7-7	36.0-33.7	34.7	474(+4)					曇		12.0	7.0	10.0	4.4	3.0	11	56.0	良	**	**		リミットバスター																																																									
2020101548	2023-06-10	3阪神3		9.0	甲武特別(1勝クラス)								西村淳也		芝2400				2:25.9	0.5		4-5-4-3	37.5-34.7	35.0	476(+2)				445.4	曇		8.0	7.0	7.0	4.5	3.0	2	54.0	良	**	**		ゴールドプリンセス																																																									
2020101548	2023-07-22	3中京7		8.0	3歳以上1勝クラス								川田将雅		芝2200				2:14.4	-0.2		10-9-6-6	36.1-36.3	35.7	474(-2)				800.0	晴		14.0	3.0	4.0	2.4	1.0	1	55.0	良	**	**		(オーパンバル)																																																									
2020101548	2023-09-02	3新潟7		10.0	赤倉特別(2勝クラス)								川田将雅		芝2000				1:59.7	0.6		5-4	35.4-33.5	33.7	468(-6)				393.2	曇		9.0	1.0	1.0	4.5	2.0	3	55.0	良	**	**		ロードデルレイ																																																									
2020101548	2023-10-08	2京都2		9.0	清滝特別(2勝クラス)								坂井瑠星		芝2200				2:14.2	2.2		5-5-8-7	35.7-35.1	36.1	474(+6)					小雨		12.0	8.0	12.0	3.7	2.0	10	55.0	良	**	**		シェイクユアハート																																																									
2020101548	2024-01-27	2京都1		10.0	許波多特別(2勝クラス)								坂井瑠星		芝2200				2:18.0	0.4		6-6-5-6	38.6-33.7	33.7	474(0)				230.0	曇		9.0	1.0	1.0	6.3	5.0	4	57.0	良	**	**		ジューンアヲニヨシ																																																									
2020101548	2024-08-10	2中京1		9.0	木曽川特別(2勝クラス)								坂井瑠星		芝2000				1:59.3	0.7		9-9-9-9	36.6-35.0	34.8	474(0)				155.0	晴		11.0	7.0	8.0	3.8	2.0	5	58.0	良	**	**		ミタマ																																																									
2020101548	2024-09-21	4中山6		10.0	九十九里特別(2勝クラス)								戸崎圭太		芝2500				2:30.9	0.3		7-7-4-3	30.2-34.9	34.9	478(+4)				626.6	曇		11.0	2.0	2.0	3.5	2.0	2	58.0	良	**	**		アドマイヤサジー																																																									
2020101548	2024-11-02	3福島1		10.0	三陸特別(2勝クラス)								丸山元気		芝2600				2:46.8	0.8		6-6-8-7	39.2-37.9	38.1	480(+2)				230.0	雨		16.0	1.0	1.0	4.9	2.0	4	57.0	重	**	**		ヴェルミセル																																																									
2020101548	2024-12-01	5中山2		8.0	3歳以上2勝クラス								マーカン		芝2500				2:30.6	0.4		6-6-6-6	30.7-35.9	35.5	474(-6)				460.0	晴		11.0	4.0	4.0	3.9	2.0	2	58.0	良	**	**		ホウオウムサシ																																																									
2020101548	2024-12-22	5中山8		9.0	グッドラックH(2勝クラス)								川田将雅		芝2500				2:33.6	1.4		8-9-9-8	30.6-36.4	36.8	478(+4)					晴		16.0	6.0	12.0	5.0	2.0	6	57.0	良	**	**		スティンガーグラス																																																									
2020101548	2025-02-23	1東京8		7.0	4歳以上2勝クラス								戸崎圭太		ダ2100				2:15.2	2.2		10-11-11-11	32.3-36.6	37.6	486(+8)					晴		14.0	4.0	6.0	6.4	2.0	12	58.0	良	**	**		アムールドパリ																																																									
2020101548	2025-04-20	1福島4		10.0	奥の細道特別(2勝クラス)								荻野極		芝2600				2:42.7	1.0		10-8-11-11	39.1-35.6	35.7	482(-4)					曇		15.0	6.0	10.0	10.2	6.0	13	58.0	良	**	**		キットハナガサク																																																									
2020101548	2025-05-18	2京都8		9.0	白川特別(2勝クラス)								岩田望来		芝2400				2:26.9	2.1		7-7-8-8	35.2-35.1	36.5	490(+8)					曇		9.0	7.0	7.0	9.8	5.0	8	58.0	稍	**	**		アクアヴァーナル																																																									
2020101548	2025-11-01	3京都10		9.0	北野特別(2勝クラス)								和田竜二		芝2000				2:00.3	0.8		9-9-8-7	35.9-34.2	34.4	484(-6)				155.0	晴		11.0	1.0	1.0	124.3	9.0	5	58.0	良	**	**		エコロディノス																																																									
2020101548	2025-11-22	4京都5		12.0	3歳以上2勝クラス								和田竜二		芝2000				2:00.2	1.0		11-9-11-12	36.7-34.5	34.5	482(-2)					晴		15.0	3.0	5.0	120.1	12.0	7	58.0	良	**	**		ミッキーゴールド																																																									
2020101567	2022-11-20	5東京6		6.0	2歳新馬								横山武史		芝1400				1:24.5	1.7		6-5	35.9-34.7	35.6	496(0)					曇		17.0	1.0	2.0	2.0	1.0	9	55.0	良	**	**		ダルタニアン																																																									
2020101567	2023-08-10	門別		4.0	3歳以上C4ー3								落合玄太		ダ1000				1:01.7	-0.8		1-1		37.8	528(+32)				40.0	曇		11.0	4.0	4.0	2.3	1.0	1	56.0	稍	**	**		(クラシカルタイプ)																																																									
2020101567	2023-08-31	門別		9.0	3歳以上C3ー2C4								落合玄太		ダ1000				1:01.1	-1.0		1-1		37.4	520(-8)				40.0	曇		9.0	8.0	8.0	1.1	1.0	1	56.0	稍	**	**		(ワンビ)																																																									
2020101567	2023-12-28	5中山9		8.0	3歳以上1勝クラス								松山弘平		ダ1200				1:11.7	0.4		2-2	33.4-37.9	37.9	524(+4)				80.0	晴		16.0	1.0	2.0	5.9	4.0	5	57.0	良	**	**		チュウワスプリング																																																									
2020101567	2024-01-14	1中山5		6.0	4歳以上1勝クラス								キング		ダ1200				1:12.0	0.1		3-2	34.4-37.5	37.2	524(0)				200.0	晴		15.0	4.0	8.0	3.7	1.0	3	58.0	稍	**	**		アンスリウム																																																									
2020101567	2024-02-10	1東京5		8.0	4歳以上1勝クラス								キング		ダ1400				1:24.6	0.1		4-3	35.0-37.7	37.1	532(+8)				320.0	晴		16.0	7.0	13.0	2.9	1.0	2	58.0	稍	**	**		オーラビルス																																																									
2020101567	2024-03-02	2中山3		7.0	4歳以上1勝クラス								キング		ダ1200				1:11.0	0.0		4-4	33.4-37.6	37.3	530(-2)				800.0	曇		16.0	7.0	14.0	1.6	1.0	1	58.0	重	**	**		(ナスノカンゲツ)																																																									
2020101567	2024-04-13	1福島3		11.0	ラジオ福島賞(2勝クラス)								佐々木大		ダ1150				1:09.2	0.6		8-8	30.8-37.8	37.4	530(0)					晴		16.0	1.0	2.0	2.2	1.0	9	58.0	良	**	**		クリダーム																																																									
2020101567	2024-09-28	4中山8		12.0	3歳以上2勝クラス								ティータ		ダ1200				1:12.8	2.2		6-8	33.3-37.3	39.0	526(-4)					曇		16.0	4.0	8.0	21.6	8.0	11	58.0	良	**	**		カンパニョーラ																																																									
2020101567	2024-12-22	5中山8		8.0	冬至特別(2勝クラス)								ムーア		ダ1200				1:12.7	1.1		11-11	33.6-38.0	38.1	536(+10)					晴		16.0	6.0	11.0	5.7	4.0	12	58.0	良	**	**		ロードフロンティア																																																									
2020101567	2025-01-26	1中山9		8.0	4歳以上2勝クラス								キング		ダ1200				1:12.8	1.4		13-12	33.4-38.0	37.5	540(+4)					晴		14.0	7.0	12.0	13.9	6.0	12	58.0	良	**	**		シークレットヴァウ																																																									
2020101567	2025-08-23	3新潟1		9.0	岩室温泉特別(2勝クラス)								岩田望来		ダ1200				1:10.3	-0.2		6-6	33.4-36.9	36.2	524(-16)				1583.6	晴		15.0	6.0	11.0	49.9	10.0	1	58.0	良	**	**		(ダズリングダンス)																																																									
2020101575	2022-10-22	4阪神6		4.0	2歳新馬								北村友一		芝1400				1:21.9	-0.1		1-1	35.1-35.0	35.0	432(0)				700.0															晴		18.0	3.0	5.0	8.0	3.0	1	54.0	良	**	**		(ユリーシャ)																																											
2020101575	2023-02-25	2小倉5		9.0	あざみ賞(1勝クラス)								北村友一		芝1200				1:10.7	1.0		10-12	33.7-36.0	36.0	434(+2)																			曇		15.0	5.0	8.0	9.6	5.0	9	54.0	稍	**	**		タマモブラックタイ																																											
2020101575	2023-03-25	2阪神1		7.0	3歳1勝クラス								角田大河		芝1400				1:22.3	0.3		2-2	36.1-34.3	34.5	424(-10)																			曇		10.0	3.0	3.0	7.4	4.0	6	52.0	稍	**	**		タガノシャーンス																																											
2020101575	2023-04-29	1京都3		6.0	3歳1勝クラス								角田大河		芝1400				1:21.6	0.8		2-2	34.9-34.1	34.8	424(0)																			曇		9.0	8.0	8.0	24.3	5.0	6	53.0	良	**	**		アルーリングビュー																																											
2020101575	2023-09-10	4阪神2		8.0	3歳以上1勝クラス								永島まな		芝1400				1:21.3	1.1		13-12	34.6-34.4	33.8	440(+16)																			晴		14.0	5.0	8.0	9.0	6.0	9	51.0	良	**	**		ルカン																																											
2020101575	2023-10-08	2京都2		8.0	3歳以上1勝クラス								川端海翼		芝1400				1:22.2	0.6		11-9	35.7-34.0	33.8	440(0)																			小雨		17.0	4.0	8.0	33.0	10.0	7	51.0	良	**	**		ケイデンシーマーク																																											
2020101575	2023-12-16	4中京5		12.0	3歳以上1勝クラス								川端海翼		芝1400				1:21.8	0.2		1-1	34.6-35.0	35.2	444(+4)				200.0															曇		18.0	3.0	5.0	24.5	8.0	3	52.0	稍	**	**		リュミエールノワル																																											
2020101575	2024-01-14	1小倉2		12.0	4歳以上1勝クラス								川端海翼		芝1200				1:08.2	0.3		2-2	33.0-34.9	35.1	448(+4)																			晴		17.0	6.0	11.0	10.8	5.0	9	53.0	良	**	**		ニシノコウダイ																																											
2020101575	2024-03-09	1中京1		12.0	4歳以上1勝クラス								川端海翼		芝1400				1:22.7	1.1		3-3	33.3-36.4	37.1	452(+4)																			晴		18.0	5.0	9.0	12.5	7.0	16	53.0	良	**	**		スクルトゥーラ																																											
2020101575	2024-03-23	2阪神1		12.0	4歳以上1勝クラス								松山弘平		ダ1200				1:11.8	0.5		7-7	35.1-36.2	35.9	446(-6)																			曇		12.0	2.0	2.0	7.6	5.0	7	56.0	不	**	**		フェリ																																											
2020101575	2024-04-14	2阪神8		8.0	4歳以上1勝クラス								藤懸貴志		ダ1400				1:25.1	-0.2		1-1	35.4-37.4	37.4	446(0)				800.0															晴		12.0	5.0	5.0	45.4	9.0	1	56.0	良	**	**		(ドライグ)																																											
2020101575	2024-05-18	3京都9		12.0	オーストラリアT(2勝クラス)								藤懸貴志		ダ1400				1:24.9	0.5		1-1	34.8-37.3	37.8	452(+6)				155.0															晴		16.0	4.0	8.0	40.4	11.0	5	56.0	良	**	**		パーティーベル																																											
2020101575	2024-06-08	4京都3		10.0	長浜特別(2勝クラス)								藤懸貴志		ダ1400				1:25.4	1.1		2-2	35.5-36.8	37.8	460(+8)																			曇		11.0	8.0	10.0	51.4	7.0	6	56.0	良	**	**		テイエムリステット																																											
2020101575	2024-10-06	5京都2		8.0	3歳以上2勝クラス								藤懸貴志		ダ1400				1:23.7	0.6		1-1	34.7-36.3	36.9	450(-10)				460.0															晴		11.0	7.0	10.0	20.1	6.0	2	56.0	良	**	**		キャプテンネキ																																											
2020101575	2024-11-03	6京都2		8.0	3歳以上2勝クラス								藤懸貴志		ダ1400				1:23.7	0.1		1-1	33.9-37.8	37.9	452(+2)				460.0															晴		9.0	4.0	4.0	5.1	3.0	2	56.0	重	**	**		ローズバルサム																																											
2020101575	2024-12-01	7京都2		8.0	3歳以上2勝クラス								藤懸貴志		ダ1400				1:24.4	0.2		2-2	35.7-36.4	36.5	460(+8)				460.0															晴		16.0	5.0	9.0	3.3	1.0	2	56.0	良	**	**		ジャーヴィス																																											
2020101575	2025-02-02	1京都2		8.0	4歳以上2勝クラス								藤懸貴志		ダ1400				1:25.3	1.9		4-2	34.5-36.7	38.4	462(+2)				114.0															曇		12.0	8.0	12.0	2.4	1.0	5	56.0	稍	**	**		ジャスティンアース																																											
2020101575	2025-02-23	1京都8		12.0	4歳以上2勝クラス								池添謙一		ダ1400				1:25.9	0.9		3-2	35.3-37.5	38.2	466(+4)				114.0															曇		12.0	8.0	12.0	3.1	1.0	5	56.0	良	**	**		ヒルノドゴール																																											
2020101575	2025-03-16	1阪神6		12.0	4歳以上2勝クラス								藤懸貴志		ダ1400				1:24.4	0.3		1-1	34.2-37.9	38.2	460(-6)				170.0															雨		12.0	5.0	6.0	3.2	1.0	4	56.0	重	**	**		ランスオブサターン																																											
2020101575	2025-06-08	3阪神2		10.0	洲本特別(2勝クラス)								藤懸貴志		ダ1400				1:25.5	1.0		2-2	35.1-37.0	37.8	460(0)																			小雨		16.0	5.0	9.0	8.7	4.0	10	56.0	良	**	**		プロトポロス																																											
2020101575	2025-11-22	4京都5		8.0	3歳以上2勝クラス								橋木太希		ダ1400				1:25.5	1.4		12-14	34.1-37.8	38.0	462(+2)																			晴		16.0	4.0	8.0	25.3	9.0	12	53.0	良	**	**		リネアグローリア																																											
2020101575	2026-01-18	1京都7		9.0	小倉山特別(2勝クラス)								藤懸貴志		ダ1400				1:25.8	1.2		6-7	34.6-37.5	38.1	464(+2)																																																													晴		16.0	6.0	11.0	138.8	12.0	12	56.0	良	**	**		トゥロン	202608010709
2020101607	2023-02-05	1中京12		6.0	3歳新馬								古川吉洋		芝1600				1:36.9	0.0		7-7-6	37.4-34.5	33.8	422(0)				250.0																																											晴		15.0	3.0	4.0	5.3	2.0	2	54.0	良	**	**		タイキバルドル															
2020101607	2023-06-10	1函館1		4.0	3歳未勝利								横山武史		芝1800				1:48.0	0.0		4-4-5-3	34.5-37.2	36.8	436(+14)				550.0																																											曇		16.0	5.0	10.0	3.4	2.0	1	54.0	稍	**	**		(ヨシノクラウン)															
2020101607	2023-07-02	2函館2		8.0	3歳以上1勝クラス								横山武史		芝1800				1:49.5	0.1		8-8-8-8	35.7-36.3	34.6	438(+2)				320.0																																											曇		13.0	4.0	4.0	2.4	2.0	2	53.0	良	**	**		ミヤビ															
2020101607	2023-07-30	1札幌4		7.0	3歳以上1勝クラス								横山武史		芝1800				1:47.6	-0.5		8-7-8-7	36.5-35.1	34.2	446(+8)				800.0																																											曇		13.0	2.0	2.0	1.7	1.0	1	53.0	良	**	**		(アンノウンレディ)															
2020101607	2023-09-17	4阪神4		11.0	関西TVローズS(GII)								横山武史		芝1800				1:43.7	0.7		5-6	34.4-34.0	34.0	432(-14)				520.0																																											晴		17.0	6.0	11.0	23.6	8.0	5	54.0	良	**	**		マスクトディーヴァ															
2020101607	2024-02-11	2京都6		9.0	春日特別(2勝クラス)								横山和生		芝1800				1:47.8	0.0		8-7	37.1-34.0	33.1	432(0)				1571.0																																											曇		9.0	4.0	4.0	3.8	2.0	1	55.0	良	**	**		(プッシュオン)															
2020101607	2024-10-12	5京都3		10.0	大原S(3勝クラス)								岩田望来		芝1800				1:44.2	0.2		13-13	34.7-34.6	33.9	470(+38)				464.3																																											晴		14.0	8.0	13.0	6.1	4.0	3	56.0	良	**	**		ケイアイセナ															
2020101607	2024-12-01	7京都2		10.0	嵯峨野S(3勝クラス)								幸英明		芝1800				1:46.1	0.2		5-5	35.5-33.6	33.3	460(-10)				463.9																																											晴		13.0	4.0	5.0	6.0	4.0	3	56.0	良	**	**		オールナット															
2020101607	2025-02-09	1京都4		9.0	斑鳩S(3勝クラス)								幸英明		芝1600				1:35.9	0.9		5-5	35.6-34.9	35.3	444(-16)																																															晴		14.0	8.0	13.0	4.1	2.0	10	56.0	稍	**	**		タガノエルピーダ															
2020101607	2025-05-18	2京都8		10.0	錦S(3勝クラス)								岩田望来		芝1600				1:33.1	-0.4		10-7	35.3-33.7	32.8	450(+6)				1869.4																																											曇		12.0	6.0	7.0	3.9	2.0	1	55.0	稍	**	**		(ガイアメンテ)															
2020101607	2025-08-03	1札幌4		11.0	クイーンS(GIII)								北村友一		芝1800				1:46.0	0.0		12-12-13-11	34.9-35.9	34.0	470(+20)				1515.0																																											晴		14.0	3.0	4.0	4.0	2.0	2	55.0	良	**	**		アルジーヌ															
2020101607	2025-08-17	1札幌8		11.0	札幌記念(GII)								北村友一		芝2000				2:01.7	0.2		11-11-12-10	36.1-36.9	35.5	460(-10)				2832.0																																											曇		16.0	8.0	15.0	5.0	2.0	2	56.0	稍	**	**		トップナイフ															
2020101607	2025-11-16	4京都4		11.0	エリザベス女王杯(GI)								北村友一		芝2200				2:11.5	0.5		11-12-12-12	35.4-34.9	34.6	462(+2)				1300.0																																											晴		16.0	7.0	13.0	6.2	3.0	5	56.0	良	**	**		レガレイラ															
2020101633	2022-11-27	5阪神8		4.0	2歳新馬								鮫島克駿		ダ1200				1:12.7	-0.2		2-2	36.6-36.1	35.9	520(0)				700.0	晴		16.0	1.0	2.0	43.2	12.0	1	54.0	稍	**	**		(カネトシフラム)																																																									
2020101633	2023-03-18	1阪神11		4.0	3歳1勝クラス								今村聖奈		ダ1400				1:27.4	3.5		12-12	34.6-37.3	38.2	506(-14)					曇		12.0	4.0	4.0	7.3	4.0	11	51.0	不	**	**		ミラクルティアラ																																																									
2020101633	2023-04-15	2阪神7		6.0	3歳1勝クラス								鮫島克駿		ダ1200				1:13.1	1.2		3-4	34.9-37.0	37.7	500(-6)					雨		16.0	6.0	12.0	42.3	8.0	9	54.0	不	**	**		メイショウピース																																																									
2020101633	2023-07-02	3中京2		12.0	3歳以上1勝クラス								富田暁		ダ1200				1:12.1	0.4		1-1	34.4-37.3	37.7	494(-6)				200.0	晴		16.0	7.0	14.0	19.9	7.0	3	53.0	稍	**	**		テイエムフェロー																																																									
2020101633	2023-08-13	3小倉2		12.0	3歳以上1勝クラス								岩田望来		ダ1000				0:58.0	-0.5		1-1	33.5-35.8	35.8	504(+10)				800.0	晴		14.0	2.0	2.0	4.2	1.0	1	54.0	良	**	**		(タイキエクセロン)																																																									
2020101633	2023-10-14	4新潟1		11.0	飛翼特別(2勝クラス)								太宰啓介		芝1000				0:56.1	1.2		2	32.3-33.3	34.4	506(+2)					晴		18.0	7.0	13.0	11.5	7.0	12	55.0	良	**	**		アジアノジュンシン																																																									
2020101633	2023-11-05	3京都2		8.0	3歳以上2勝クラス								坂井瑠星		ダ1200				1:11.2	-0.2		1-1	34.1-37.1	37.1	506(0)				1140.0	晴		14.0	1.0	1.0	8.5	4.0	1	55.0	良	**	**		(シゲルファンノユメ)																																																									
2020101633	2024-01-21	1京都7		10.0	羅生門S(3勝クラス)								西村淳也		ダ1200				1:10.7	0.5		2-2	33.6-36.6	37.1	506(0)					曇		16.0	5.0	10.0	7.4	3.0	8	56.0	重	**	**		ゼットレヨン																																																									
2020101633	2024-03-23	3中山1		9.0	ブラッドストーンS(3勝クラス)								戸崎圭太		ダ1200				1:10.8	0.8		2-2	34.2-35.8	36.3	496(-10)				749.6	小雨		16.0	7.0	14.0	8.1	4.0	2	56.0	良	**	**		シアージスト																																																									
2020101633	2024-07-06	3小倉3		11.0	釜山S(3勝クラス)								坂井瑠星		ダ1000				0:57.2	-0.3		1-2	33.3-34.9	34.9	490(-6)				1865.2	晴		11.0	5.0	5.0	2.8	1.0	1	56.0	良	**	**		(エコロアイ)																																																									
2020101633	2024-10-06	5京都2		10.0	藤森S(OP)								田口貫太		ダ1200				1:15.3	4.0		1-1	34.7-36.6	40.6	504(+14)					晴		14.0	2.0	3.0	12.7	6.0	14	55.0	良	**	**		クインズメリッサ																																																									
2020101633	2024-12-22	7京都8		11.0	りんくうS(OP)								田口貫太		ダ1200				1:13.7	2.2		1-1	34.8-36.7	38.9	512(+8)					晴		16.0	8.0	16.0	30.7	9.0	13	55.0	良	**	**		ドンアミティエ																																																									
2020101633	2025-02-23	1京都8		11.0	大和S(OP)								中井裕二		ダ1200				1:12.8	1.6		4-4	35.4-35.8	37.0	514(+2)					曇		16.0	4.0	8.0	89.4	14.0	14	55.0	良	**	**		ドンアミティエ																																																									
2020101655	2022-07-17	2福島6		6.0	2歳新馬								木幡巧也		芝1200				1:12.0	0.2		11-10	35.6-36.2	34.8	502(0)				110.0																																											曇		11.0	3.0	3.0	63.1	8.0	4	54.0	良	**	**		レイカットスルー															
2020101655	2022-08-07	2新潟4		2.0	2歳未勝利								松岡正海		芝1600				1:36.2	0.8		4-4	36.3-34.8	34.7	500(-2)				52.0																																											晴		9.0	2.0	2.0	9.3	4.0	5	54.0	良	**	**		フィンガークリック															
2020101655	2022-08-27	3新潟5		1.0	2歳未勝利								松岡正海		芝1600				1:35.5	0.9		8-8	34.7-35.3	35.5	494(-6)				52.0																																											晴		15.0	8.0	14.0	26.2	6.0	5	54.0	良	**	**		エマヌエーレ															
2020101655	2023-02-04	1東京3		3.0	3歳未勝利								松岡正海		ダ1600				1:40.4	0.9		8-8	35.1-38.0	37.9	514(+20)																																															晴		16.0	8.0	16.0	11.0	5.0	6	56.0	良	**	**		スイッチオン															
2020101655	2023-03-11	2中山5		6.0	3歳未勝利								松岡正海		ダ1800				1:55.8	2.1		8-7-7-5	36.6-39.2	39.6	508(-6)				55.0																																											晴		16.0	6.0	12.0	15.2	3.0	5	56.0	良	**	**		コスタノヴァ															
2020101655	2023-04-02	3中山4		1.0	3歳未勝利								松岡正海		ダ1800				1:55.8	1.0		5-5-5-2	37.5-39.5	40.0	504(-4)				55.0																																											曇		15.0	4.0	7.0	31.4	11.0	5	56.0	良	**	**		アッティラ															
2020101655	2023-04-23	1福島6		3.0	3歳未勝利								松岡正海		ダ1700				1:47.7	0.1		13-13-4-4	30.6-38.3	38.1	490(-14)				140.0																																											晴		15.0	4.0	7.0	10.2	5.0	3	56.0	良	**	**		ディーエスソフィア															
2020101655	2023-05-14	2東京8		2.0	3歳未勝利								松岡正海		ダ1600				1:38.0	0.0		2-2	35.2-37.7	37.6	498(+8)				220.0																																											曇		16.0	6.0	11.0	4.1	3.0	2	56.0	稍	**	**		ブレードキング															
2020101655	2023-06-03	3東京1		3.0	3歳未勝利								松岡正海		ダ1600				1:36.5	0.2		1-1	34.9-36.7	36.9	492(-6)				220.0																																											曇		16.0	1.0	1.0	5.2	3.0	2	56.0	不	**	**		コレクテイニア															
2020101655	2023-06-25	3東京8		6.0	3歳未勝利								松岡正海		ダ1600				1:38.5	-0.1		2-2	35.5-38.6	38.4	496(+4)				550.0																																											晴		16.0	7.0	13.0	1.9	1.0	1	56.0	良	**	**		(モダナイズクィーン)															
2020101655	2023-07-22	2福島7		8.0	3歳以上1勝クラス								松岡正海		ダ1700				1:47.9	1.7		4-7-5-4	30.0-38.4	39.6	476(-20)																																															晴		15.0	8.0	14.0	27.7	5.0	8	55.0	良	**	**		レイズカイザー															
2020101655	2024-02-24	2中山1		8.0	4歳以上1勝クラス								江田照男		ダ1800				1:54.4	1.4		3-3-4-5	37.8-37.6	38.6	508(+32)																																															晴		12.0	7.0	9.0	35.4	9.0	10	57.0	稍	**	**		シゲルカミカゼ															
2020101655	2024-03-16	2中山7		7.0	4歳以上1勝クラス								松岡正海		ダ1800				1:58.2	4.0		10-6-6-8	37.1-39.1	42.5	508(0)																																															晴		15.0	8.0	14.0	34.1	9.0	15	58.0	良	**	**		ショウナンガロ															
2020101655	2024-04-07	3中山6		12.0	4歳以上1勝クラス								松岡正海		ダ1800				1:53.9	1.2		2-2-4-4	36.6-38.1	39.0	498(-10)																																															晴		13.0	7.0	10.0	38.3	10.0	7	58.0	重	**	**		ロードマゼラン															
2020101655	2024-04-27	2東京3		7.0	4歳以上1勝クラス								松岡正海		ダ1600				1:38.7	1.6		1-1	35.6-36.4	38.0	498(0)																																															曇		12.0	1.0	1.0	48.7	9.0	6	58.0	稍	**	**		トレチーメ															
2020101655	2024-05-19	2東京10		6.0	4歳以上1勝クラス								松岡正海		ダ1600				1:38.4	0.7		7-7	35.7-37.2	37.3	500(+2)																																															曇		16.0	1.0	1.0	92.2	11.0	9	58.0	良	**	**		ベネロングポイント															
2020101655	2024-06-16	3東京6		7.0	3歳以上1勝クラス								江田照男		ダ1400				1:25.2	1.0		12-9	35.7-36.5	36.3	494(-6)																																															晴		16.0	5.0	9.0	52.8	12.0	8	58.0	良	**	**		カフェニクス															
2020101655	2024-07-14	1函館12		8.0	3歳以上1勝クラス								水口優也		芝1200				1:09.8	0.8		12-14	33.1-35.9	34.6	484(-10)																																															晴		15.0	2.0	2.0	56.3	12.0	13	58.0	良	**	**		アコルダール															
2020101655	2024-07-28	1札幌4		6.0	3歳以上1勝クラス								水口優也		ダ1700				1:45.4	1.3		11-11-11-10	29.6-36.7	37.1	486(+2)																																															曇		14.0	6.0	10.0	136.1	13.0	8	58.0	不	**	**		ミッキーラッキー															
2020101655	2025-03-02	2中山2		8.0	4歳以上1勝クラス								遠藤汰月		ダ1800				1:54.9	0.6		8-7-6-3	36.3-39.4	39.6	512(+26)				120.0																																											晴		16.0	7.0	13.0	246.2	11.0	4	55.0	良	**	**		アースイオス															
2020101655	2025-03-30	3中山2		7.0	4歳以上1勝クラス								遠藤汰月		ダ1800				1:55.0	1.4		10-10-9-9	36.9-39.9	39.6	514(+2)																																															晴		16.0	4.0	7.0	14.1	5.0	7	55.0	稍	**	**		タナサンブラック															
2020101655	2025-04-19	3中山7		8.0	4歳以上1勝クラス								松岡正海		ダ1800				1:53.7	0.0		11-10-8-6	36.3-39.6	38.8	506(-8)				800.0																																											晴		14.0	5.0	8.0	13.6	5.0	1	58.0	良	**	**		(マリンバンカー)															
2020101655	2025-05-18	2東京8		10.0	青梅特別(2勝クラス)								北村宏司		ダ1600				1:35.5	0.7		4-4	34.1-36.2	36.2	508(+2)				395.1																																											曇		16.0	3.0	5.0	12.9	6.0	3	55.0	重	**	**		オウギノカナメ															
2020101655	2025-06-08	3東京2		12.0	小金井特別(2勝クラス)								松岡正海		ダ1600				1:37.0	1.1		3-2	34.8-36.5	37.3	508(0)				230.0																																											曇		14.0	2.0	2.0	9.1	3.0	4	58.0	良	**	**		ゴールデンオスカー															
2020101655	2025-07-05	1函館7		10.0	竜飛崎特別(2勝クラス)								松岡正海		ダ1700				1:43.0	0.2		7-5-4-4	29.3-37.3	37.1	502(-6)				629.0																																											晴		14.0	1.0	1.0	41.3	9.0	2	58.0	重	**	**		ドバイブルース															
2020101655	2025-12-06	5中山1		10.0	鹿島特別(2勝クラス)								松岡正海		ダ1800				1:54.9	1.7		7-5-3-3	37.4-38.5	39.9	514(+12)																																															晴		12.0	6.0	7.0	13.7	6.0	10	58.0	良	**	**		ブルータス															
2020101655	2025-12-28	5中山8		8.0	ハッピーエンドC(2勝クラス)								松岡正海		ダ1800				1:55.3	2.4		7-7-9-10	37.2-38.2	40.0	512(-2)																																															晴		13.0	8.0	12.0	67.3	9.0	7	58.0	良	**	**		ジェイエルマスター															
2020101772	2022-08-27	3新潟5		5.0	2歳新馬								戸崎圭太		芝1800				1:51.2	1.0		4-4	37.3-33.7	34.5	476(0)				110.0															曇		13.0	8.0	13.0	5.5	2.0	4	54.0	良	**	**		フライヤートゥルー																																											
2020101772	2022-09-19	4中山5		4.0	2歳未勝利								戸崎圭太		芝1800				1:50.0	0.9		2-2-2-2	35.8-35.4	36.3	488(+12)				78.0															晴		14.0	3.0	3.0	21.2	6.0	4	54.0	重	**	**		スーパーマン																																											
2020101772	2022-10-09	4東京2		2.0	2歳未勝利								戸崎圭太		芝1600				1:34.9	0.3		6-5	35.1-35.0	34.9	490(+2)				130.0															曇		12.0	8.0	12.0	15.7	5.0	3	55.0	良	**	**		シルバースペード																																											
2020101772	2022-12-18	5中山6		7.0	2歳未勝利								戸崎圭太		芝1600				1:36.1	0.1		6-5-3	35.1-37.2	36.8	506(+16)				130.0															晴		16.0	5.0	9.0	7.1	4.0	3	55.0	稍	**	**		ステラバルセロナ																																											
2020101772	2023-01-05	1中山1		5.0	3歳未勝利								戸崎圭太		芝1600				1:34.1	0.0		6-5-3	34.6-35.7	35.3	510(+4)				550.0															晴		16.0	1.0	1.0	6.9	4.0	1	56.0	良	**	**		(サルヴァトーレ)																																											
2020101772	2023-03-05	2中山4		6.0	3歳1勝クラス								戸崎圭太		芝1600				1:33.9	-0.1		4-4-3	34.5-35.8	35.1	508(-2)				780.0															曇		9.0	6.0	6.0	2.3	1.0	1	56.0	良	**	**		(ハーエクセレンシー)																																											
2020101772	2023-03-19	2中山8		11.0	フジTVスプリングS(GII)								津村明秀		芝1800				1:49.2	0.3		8-7-7-8	35.4-37.2	36.1	504(-4)				1416.0															晴		16.0	1.0	2.0	21.2	8.0	3	56.0	重	**	**		ベラジオオペラ																																											
2020101772	2023-04-16	3中山8		11.0	皐月賞(GI)								津村明秀		芝2000				2:01.1	0.5		9-9-8-8	35.1-37.2	36.7	504(0)				3000.0															晴		18.0	8.0	17.0	107.2	13.0	4	57.0	重	**	**		ソールオリエンス																																											
2020101772	2023-05-28	2東京12		11.0	東京優駿(GI)								津村明秀		芝2400				2:26.0	0.8		4-4-4-4	35.3-35.3	34.3	506(+2)																			晴		18.0	4.0	8.0	89.7	13.0	12	57.0	良	**	**		タスティエーラ																																											
2020101772	2023-09-10	4中山2		9.0	白井特別(2勝クラス)								津村明秀		芝1800				1:47.5	0.4		3-3-3-3	37.0-34.1	34.0	514(+8)				393.5															晴		10.0	1.0	1.0	1.6	1.0	3	55.0	良	**	**		ロジレット																																											
2020101772	2023-10-15	4東京5		12.0	鷹巣山特別(2勝クラス)								津村明秀		芝1600				1:33.8	0.6		3-3	34.6-35.0	35.4	516(+2)																			曇		14.0	1.0	1.0	3.7	1.0	10	56.0	重	**	**		ニシノライコウ																																											
2020101772	2023-10-29	2京都9		9.0	堀川特別(2勝クラス)								岩田望来		芝1800				1:48.4	0.5		3-3	36.5-33.4	33.7	514(-2)																			晴		9.0	1.0	1.0	4.8	3.0	6	56.0	良	**	**		アイスグリーン																																											
2020101772	2023-11-11	5東京3		12.0	3歳以上2勝クラス								戸崎圭太		芝1600				1:34.6	0.1		4-4	35.9-34.9	33.4	522(+8)				170.0															曇		8.0	1.0	1.0	7.8	3.0	4	57.0	良	**	**		ディオスバリエンテ																																											
2020101772	2023-12-10	5中山4		12.0	3歳以上2勝クラス								菅原明良		芝1600				1:33.2	0.2		3-4-4	34.7-35.2	35.1	520(-2)				460.0															晴		11.0	4.0	4.0	3.0	1.0	2	57.0	良	**	**		ブランデーロック																																											
2020101772	2024-03-03	2中山4		8.0	4歳以上2勝クラス								横山和生		芝1600				1:35.6	2.1		4-2-3	34.3-35.6	37.4	518(-2)																			晴		11.0	5.0	5.0	6.4	3.0	8	58.0	良	**	**		サイルーン																																											
2020101772	2024-03-17	2中山8		8.0	4歳以上2勝クラス								津村明秀		芝1600				1:34.3	0.9		8-8-8	34.5-35.5	34.4	518(0)																			晴		8.0	1.0	1.0	7.1	3.0	6	58.0	良	**	**		タシット																																											
2020101772	2024-04-13	2阪神7		9.0	明石特別(2勝クラス)								松山弘平		芝1800				1:46.0	0.4		2-2	36.2-33.7	34.0	510(-8)																			晴		11.0	2.0	2.0	10.6	5.0	6	58.0	良	**	**		ショウナンアデイブ																																											
2020101772	2024-06-16	4京都6		9.0	皆生特別(2勝クラス)								松山弘平		芝1600				1:33.2	0.2		2-2	35.3-34.5	34.3	520(+10)				230.0															晴		8.0	5.0	5.0	24.9	5.0	4	58.0	良	**	**		スマートワイス																																											
2020101772	2024-07-27	1札幌3		10.0	摩周湖特別(2勝クラス)								横山武史		芝1500				1:28.0	0.3		1-1-1	30.2-34.8	35.1	504(-16)				629.0															曇		14.0	6.0	10.0	7.7	3.0	2	56.0	良	**	**		エマヌエーレ																																											
2020101772	2024-08-10	2札幌1		10.0	日高特別(2勝クラス)								斎藤新		芝1500				1:28.2	0.2		2-2-2	29.5-35.0	35.1	512(+8)				393.8															晴		12.0	2.0	2.0	4.8	3.0	3	58.0	良	**	**		オーサムストローク																																											
2020101772	2024-09-22	4中山7		9.0	木更津特別(2勝クラス)								横山武史		芝1600				1:32.8	0.4		1-1-1	35.3-33.9	34.3	506(-6)				393.9															曇		13.0	6.0	9.0	16.8	4.0	3	58.0	良	**	**		キープカルム																																											
2020101772	2024-10-06	4新潟2		10.0	寺泊特別(2勝クラス)								斎藤新		芝1600				1:34.6	0.0		2-1	36.4-34.7	34.7	510(+4)				625.8															晴		8.0	3.0	3.0	2.9	2.0	2	58.0	良	**	**		エッセレンチ																																											
2020101772	2024-11-17	5東京6		12.0	3歳以上2勝クラス								横山武史		芝1400				1:21.9	0.8		2-3	35.3-34.1	34.7	508(-2)																			晴		18.0	6.0	12.0	4.0	2.0	15	58.0	良	**	**		ヴェサリウス																																											
2020101772	2024-12-14	7京都5		12.0	3歳以上2勝クラス								岩田望来		芝1600				1:34.6	0.6		3-3	36.3-34.3	34.6	520(+12)				170.0															曇		14.0	5.0	7.0	12.4	6.0	4	58.0	良	**	**		ムーンリットナイト																																											
2020101772	2025-01-26	1中京9		12.0	4歳以上2勝クラス								坂井瑠星		芝1400				1:22.0	0.6		1-1	34.2-35.6	36.2	518(-2)																			晴		13.0	5.0	6.0	4.5	3.0	7	58.0	良	**	**		マサノカナリア																																											
2020101772	2025-02-08	1東京3		10.0	テレビ山梨杯(2勝クラス)								津村明秀		芝1400				1:21.5	0.6		2-2	34.7-34.8	35.2	522(+4)																			晴		13.0	6.0	8.0	9.3	4.0	8	56.0	良	**	**		コスモアディラート																																											
2020101772	2025-03-23	2中山8		9.0	鎌ケ谷特別(2勝クラス)								横山武史		芝1600				1:33.5	0.4		2-1-1	34.4-35.3	35.7	512(-10)				627.4															晴		11.0	7.0	8.0	8.3	4.0	2	58.0	良	**	**		ダイシンヤマト																																											
2020101772	2025-04-05	3中山3		8.0	4歳以上2勝クラス								横山武史		芝1600				1:33.3	0.2		3-3-3	34.0-36.1	35.1	514(+2)				460.0															晴		13.0	8.0	13.0	5.0	3.0	2	58.0	良	**	**		サムハンター																																											
2020101772	2025-05-31	2東京11		10.0	葉山特別(2勝クラス)								横山武史		芝1600				1:36.5	0.6		2-2	35.5-35.8	36.1	512(-2)				155.0															小雨		16.0	3.0	6.0	5.5	2.0	5	58.0	重	**	**		ウインアイオライト																																											
2020101772	2025-06-21	3阪神5		9.0	舞子特別(2勝クラス)								岩田望来		芝1600				1:33.5	0.9		4-3	34.5-34.6	35.1	512(0)																			晴		13.0	4.0	4.0	6.2	3.0	8	56.0	良	**	**		ハワイアンティアレ																																											
2020101772	2025-07-27	2新潟2		6.0	豊栄特別(2勝クラス)								三浦皇成		芝1600				1:32.4	0.6		5-5	34.1-33.9	33.3	516(+4)				230.0															晴		11.0	6.0	6.0	28.2	6.0	4	56.0	良	**	**		コートアリシアン																																											
2020101772	2025-09-21	4中山7		9.0	木更津特別(2勝クラス)								丹内祐次		芝1600				1:32.3	0.3		1-1-1	34.2-35.4	35.7	516(0)				626.0															曇		9.0	8.0	8.0	6.7	3.0	2	58.0	良	**	**		ヒシアマン																																											
2020101772	2025-10-12	4東京4		9.0	鷹巣山特別(2勝クラス)								丹内祐次		芝1600				1:32.7	0.7		1-1	34.5-34.5	35.2	520(+4)																			曇		16.0	5.0	9.0	28.1	9.0	11	56.0	良	**	**		アイサンサン																																											
2020101772	2025-12-21	5中山6		12.0	3歳以上2勝クラス								佐々木大		芝1600				1:34.5	0.0		2-2-1	35.5-35.8	35.7	524(+4)				1140.0															雨		16.0	4.0	7.0	4.6	2.0	1	58.0	重	**	**		(ピコローズ)																																											
2020101772	2026-01-18	1中山7		9.0	若潮S(3勝クラス)								丹内祐次		芝1600				1:33.1	1.4		2-2-2	34.1-34.9	36.1	530(+6)																																																													晴		15.0	8.0	14.0	18.0	7.0	15	58.0	良	**	**		ポルカリズム	202606010709
2020101808	2023-06-25	3阪神8		2.0	3歳未勝利								横山武史		芝1600				1:39.1	3.5		15-18	36.2-34.4	36.1	500(0)					曇		18.0	5.0	9.0	31.6	9.0	17	56.0	良	**	**		アルタビスタ																																																									
2020101808	2023-08-13	3小倉2		4.0	3歳未勝利								幸英明		芝2000				2:03.2	2.9		11-11-16-16	34.7-36.5	37.9	500(0)					晴		18.0	6.0	12.0	118.8	14.0	16	56.0	良	**	**		ハギノアルデバラン																																																									
2020101808	2023-10-05	門別		4.0	3歳以上C4ー3								落合玄太		ダ1000				1:01.7	-1.0		2-1		37.9	504(+4)				40.0	曇		10.0	8.0	10.0	4.9	3.0	1	56.0	稍	**	**		(エルフサイエン)																																																									
2020101808	2023-10-19	門別		7.0	里平大滝賞(C3)								落合玄太		ダ1000				1:01.2	-0.6		5-5		36.0	504(0)				40.0	曇		7.0	1.0	1.0	1.1	1.0	1	56.0	稍	**	**		(メーテルコート)																																																									
2020101808	2023-11-22	笠松		4.0	C16組								丸野勝虎		ダ1400				1:29.3	-0.2		1-1-1		38.4	499(-5)				40.0	晴		9.0	3.0	3.0	1.6	1.0	1	56.0	良	**	**		(シャンドゥルン)																																																									
2020101808	2023-12-29	大井		3.0	3歳　160万								和田譲治		ダ1600				1:47.1	-0.2		2-2-1-1	40.0-41.4	41.4	503(+4)				140.0	晴		11.0	6.0	7.0	1.4	1.0	1	56.0	良	**	**		(レッドフローガ)																																																									
2020101808	2024-02-11	大井		8.0	オフト新潟賞競走(C2)								和田譲治		ダ1700								32.4-40.2		計不					晴		15.0	5.0	10.0			取	56.0	稍	**	**		エプルシャージュ																																																									
2020101808	2024-02-26	大井		6.0	C216　17								和田譲治		ダ1200				1:16.6	-0.2		4-4	37.0-39.6	39.2	496(-7)				100.0	晴		15.0	8.0	15.0	4.9	3.0	1	56.0	重	**	**		(ウォーハンマー)																																																									
2020101808	2024-04-21	2東京2		8.0	4歳以上1勝クラス								横山典弘		芝1600				1:32.9	0.0		3-3	34.6-35.0	33.9	490(-6)				320.0	曇		10.0	7.0	7.0	13.0	6.0	2	58.0	良	**	**		ジュドー																																																									
2020101808	2024-05-05	1新潟4		8.0	4歳以上1勝クラス								横山典弘		芝1800				1:50.5	0.0		2-2	37.2-35.7	34.1	490(0)				800.0	晴		14.0	7.0	11.0	1.8	1.0	1	58.0	良	**	**		(ウイングランブルー)																																																									
2020101808	2024-05-25	2東京11		10.0	葉山特別(2勝クラス)								横山典弘		芝1600							4-6	34.5-35.5		484(-6)					晴		14.0	2.0	2.0	9.0	4.0	中	58.0	良	**	**		バトルハーデン																																																									
2020101808	2024-09-28	3中京8		8.0	3歳以上2勝クラス								横山典弘		芝1600				1:35.5	1.5		4-6-6	35.8-34.7	35.4	496(+12)					曇		13.0	8.0	13.0	19.6	7.0	9	58.0	良	**	**		スズカダブル																																																									
2020101808	2024-10-27	4東京8		9.0	国立特別(2勝クラス)								横山典弘		芝1600				1:34.2	0.7		4-4	35.8-33.7	33.9	496(0)					曇		9.0	7.0	7.0	28.9	6.0	7	55.0	良	**	**		ミエスペランサ																																																									
2020101808	2024-11-23	5東京7		12.0	3歳以上2勝クラス								横山典弘		芝1600				1:34.0	0.3		3-3	35.4-34.5	34.4	494(-2)				170.0	晴		14.0	5.0	7.0	60.5	9.0	4	58.0	良	**	**		ミラビリスマジック																																																									
2020101808	2024-12-22	5中山8		10.0	オルフェーヴルC(2勝クラス)								横山典弘		芝1600				1:33.9	0.5		3-3-4	34.6-35.6	35.8	492(-2)					晴		16.0	8.0	15.0	40.0	10.0	6	58.0	良	**	**		ピックアチェリー																																																									
2020101808	2025-01-06	1中京2		12.0	4歳以上2勝クラス								横山典弘		芝1600				1:41.1	3.9		2-6-6	35.3-36.9	40.3	490(-2)					雨		16.0	3.0	5.0	64.1	11.0	16	58.0	重	**	**		ナムラエイハブ																																																									
2020101808	2025-02-01	1東京1		8.0	4歳以上2勝クラス								横山典弘		ダ2100				2:15.9	1.0		2-2-4-5	32.2-36.3	36.9	486(-4)					晴		11.0	7.0	9.0	39.4	9.0	7	58.0	良	**	**		ハーバーライト																																																									
2020101808	2025-03-01	1阪神1		12.0	4歳以上2勝クラス								横山和生		芝1400				1:22.1	1.9		6-7	33.1-35.4	36.5	488(+2)					晴		15.0	8.0	14.0	41.8	10.0	15	58.0	良	**	**		バウンシーステップ																																																									
2020101808	2025-11-02	3京都11		12.0	3歳以上2勝クラス								太宰啓介		芝1400				1:21.4	-0.1		1-1	36.4-33.4	33.4	502(+14)				1140.0	晴		12.0	7.0	10.0	27.8	10.0	1	58.0	良	**	**		(ロンドボス)																																																									
2020101808	2025-12-21	5中山6		4.0	障害3歳以上未勝利								森一馬		障2880				3:26.2	10.0		8-12-14-13	109.1-0.0	14.3	502(0)					曇		14.0	3.0	3.0	28.6	7.0	12	60.0	重				ダノンロッキー																																																									
2020101813	2022-07-30	2新潟1		5.0	2歳新馬								幸英明		芝1600				1:36.3	0.5		2-2	38.2-32.0	32.4	460(0)				280.0																																											晴		12.0	7.0	10.0	31.0	7.0	2	54.0	良	**	**		リバティアイランド															
2020101813	2022-10-23	4東京7		2.0	2歳未勝利								Ｍ．デム		芝1600				1:33.5	-0.2		8-8	34.9-34.5	33.8	466(+6)				520.0																																											晴		15.0	8.0	15.0	2.5	1.0	1	55.0	良	**	**		(アサクサヴィーナス)															
2020101813	2022-11-12	5阪神3		11.0	デイリー杯2歳S(GII)								和田竜二		芝1600				1:33.7	0.5		5-3	35.3-34.2	34.5	468(+2)				380.0																																											晴		10.0	7.0	8.0	3.8	2.0	5	55.0	良	**	**		オールパルフェ															
2020101813	2023-01-05	1中山1		10.0	ジュニアC(L)								Ｍ．デム		芝1600				1:33.7	-0.7		1-1-1	35.0-35.6	35.6	474(+6)				2031.5																																											晴		13.0	8.0	13.0	3.5	2.0	1	56.0	良	**	**		(ニシノライコウ)															
2020101813	2023-05-07	2東京6		11.0	NHKマイルC(GI)								Ｍ．デム		芝1600								34.3-35.4		計不																																															雨		17.0	6.0	12.0			取	57.0	稍	**	**		シャンパンカラー															
2020101813	2023-07-01	3中京1		11.0	白川郷S(3勝クラス)								坂井瑠星		芝1600				1:34.5	0.4		8-9-9	35.1-35.5	35.1	474(0)				184.0																																											曇		13.0	4.0	5.0	3.8	2.0	5	55.0	重	**	**		アスクコンナモンダ															
2020101813	2023-09-30	4中山8		11.0	秋風S(3勝クラス)								石橋脩		芝1600				1:34.4	0.8		2-2-1	34.2-36.1	36.9	476(+2)																																															晴		15.0	8.0	15.0	4.7	1.0	7	56.0	良	**	**		ルージュエクレール															
2020101813	2023-11-04	5東京1		10.0	ノベンバーS(3勝クラス)								津村明秀		芝1800				1:46.3	0.0		3-3-3	35.9-33.7	33.2	484(+8)				746.2																																											晴		10.0	3.0	3.0	5.9	4.0	2	56.0	良	**	**		クロミナンス															
2020101813	2023-12-28	5中山9		12.0	2023ファイナルS(3勝クラス)								Ｍ．デム		芝1600				1:33.2	0.0		2-1-1	34.9-35.5	35.5	492(+8)				749.8																																											晴		16.0	5.0	10.0	3.8	1.0	2	57.0	良	**	**		ボルザコフスキー															
2020101813	2024-01-28	1東京2		10.0	節分S(3勝クラス)								川田将雅		芝1600				1:32.5	-0.1		5-5	35.1-33.9	33.4	498(+6)				1870.8																																											曇		14.0	8.0	14.0	2.3	1.0	1	57.0	良	**	**		(ディオスバリエンテ)															
2020101813	2024-03-30	3中山3		11.0	ダービー卿チャレンジ(GIII)								津村明秀		芝1600				1:34.3	1.4		12-13-13	35.5-35.1	34.4	488(-10)																																															晴		16.0	7.0	13.0	9.0	6.0	12	56.0	稍	**	**		パラレルヴィジョン															
2020101813	2024-05-18	2東京9		11.0	メイS(OP)								津村明秀		芝1800				1:45.4	0.3		6-3-3	35.7-34.2	34.2	490(+2)				360.0																																											晴		16.0	7.0	13.0	5.3	3.0	4	56.0	良	**	**		プレサージュリフト															
2020101813	2024-07-27	2新潟1		7.0	関越S(OP)								川田将雅		芝1800				1:44.0	-0.1		9-8	35.0-34.1	33.6	490(0)				2431.5																																											曇		15.0	3.0	4.0	5.4	3.0	1	57.0	良	**	**		(トゥデイイズザデイ)															
2020101813	2024-10-19	4東京5		11.0	富士S(GII)								横山武史		芝1600				1:32.7	0.6		14-12	34.2-34.0	33.4	488(-2)																																															曇		17.0	5.0	10.0	26.5	8.0	8	57.0	良	**	**		ジュンブロッサム															
2020101813	2024-12-07	4中京3		11.0	中日新聞杯(GIII)								ドイル		芝2000				1:59.4	1.0		8-8-11-12	35.3-35.6	35.4	500(+12)																																															曇		18.0	8.0	16.0	54.8	13.0	7	57.0	良	**	**		デシエルト															
2020101813	2025-03-02	2中山2		11.0	中山記念(GII)								荻野極		芝1800				1:45.3	0.5		6-3-5-7	35.6-34.8	34.6	502(+2)				670.0																																											晴		16.0	8.0	16.0	48.2	9.0	5	57.0	良	**	**		シックスペンス															
2020101813	2025-05-10	2東京5		11.0	エプソムC(GIII)								横山武史		芝1800				1:44.4	0.5		8-6-6	34.2-35.1	35.0	496(-6)				650.0																																											曇		18.0	4.0	8.0	6.9	4.0	4	57.0	稍	**	**		セイウンハーデス															
2020101813	2025-06-14	3東京3		11.0	ジューンS(OP)								荻野極		芝1800				1:48.5	0.5		11-12-12	36.3-34.7	34.0	492(-4)																																															小雨		15.0	4.0	6.0	4.3	2.0	6	58.0	良	**	**		シルトホルン															
2020101813	2025-08-09	2新潟5		7.0	関越S(OP)								荻野極		芝1800				1:47.3	1.1		9-9	36.8-32.7	33.1	490(-2)																																															晴		13.0	6.0	9.0	2.9	1.0	12	57.0	良	**	**		ウンブライル															
2020101813	2026-01-04	1京都1		11.0	スポニチ賞京都金杯(GIII)								武豊		芝1600				1:34.0	0.3		14-12	35.3-34.6	33.3	508(+18)																																															曇		18.0	8.0	16.0	25.7	9.0	7	57.0	良	**	**		ブエナオンダ															
2020101893	2022-06-12	3東京4	晴	5.0	2歳新馬		12.0	3.0	3.0	8.3	3.0	6	ルメール	54.0	芝1800		良	**	1:51.6	1.1	**	7-6-6	38.2-35.3	34.6	422(0)			オンザブロッサム																																																																								
2020101893	2023-02-25	1阪神5	晴	4.0	3歳未勝利		15.0	2.0	3.0	27.0	7.0	4	小崎綾也	54.0	芝2000		稍	**	2:03.4	0.4	**	3-3-3-3	37.4-35.1	35.2	444(+22)			クレオメデス	83.0																																																																							
2020101893	2023-03-18	2中京3	雨	4.0	3歳未勝利		18.0	8.0	17.0	16.9	7.0	10	小崎綾也	54.0	芝2000		重	**	2:06.0	1.3	**	11-13-13-13	37.6-37.1	37.1	442(-2)			トリオンファルマン																																																																								
2020101893	2023-06-10	1函館1	曇	4.0	3歳未勝利		16.0	7.0	13.0	11.0	6.0	13	武豊	54.0	芝1800		稍	**	1:50.5	2.5	**	13-13-13-14	34.5-37.2	38.3	452(+10)			ココナッツブラウン																																																																								
2020101893	2023-06-18	1函館4	晴	4.0	3歳未勝利		13.0	8.0	13.0	17.3	8.0	1	角田大和	53.0	ダ1700		良	**	1:47.6	-0.1	**	6-6-2-2	30.4-38.8	38.7	450(-2)			(シホノインプルソ)	550.0																																																																							
2020101893	2023-08-05	1札幌5	曇	7.0	3歳以上1勝クラス		13.0	4.0	4.0	16.7	9.0	11	角田大和	52.0	ダ1700		不	**	1:48.0	3.5	**	11-11-12-12	29.9-36.8	39.4	448(-2)			スカンジナビア																																																																								
2020101893	2023-11-15	名古屋	晴	9.0	名古屋CCディアナ賞(A)		10.0	8.0	9.0	2.1	1.0	1	岡部誠	53.0	ダ1500		稍	**	1:34.2	-0.1	**	2-2-2		38.0	460(+12)			(ツウカイアペックス)	150.0																																																																							
2020101893	2024-01-13	1小倉1	晴	9.0	響灘特別(2勝クラス)		16.0	1.0	2.0	186.1	15.0	16	松岡正海	55.0	ダ1700		良	**	1:48.1	2.5	**	14-14-13-13	29.8-38.1	39.0	450(-10)			ラニカイ																																																																								
2020101893	2024-02-24	2小倉5	晴	11.0	八代特別(2勝クラス)		15.0	2.0	2.0	125.9	13.0	6	小崎綾也	51.0	芝2000		稍	**	2:02.3	0.1	**	2-2-1-1	36.1-36.3	36.4	448(-2)			マリネロ																																																																								
2020101893	2024-03-16	1阪神7	晴	8.0	4歳以上2勝クラス		15.0	8.0	15.0	122.2	11.0	13	池添謙一	56.0	ダ1800		良	**	1:55.6	1.6	**	2-3-3-3	37.1-38.9	40.2	452(+4)			プメハナ																																																																								
2020101893	2024-03-23	2阪神1	曇	10.0	丹波特別(2勝クラス)		7.0	1.0	1.0	38.4	6.0	7	池添謙一	52.0	芝1600		重	**	1:37.0	1.4	**	2-3	36.8-34.5	35.5	452(0)			ヒルノショパン																																																																								
2020101893	2024-06-30	3小倉2	曇	9.0	柳川特別(2勝クラス)		10.0	7.0	8.0	109.5	9.0	5	小崎綾也	56.0	芝1800		稍	**	1:50.5	1.5	**	9-8-7-7	35.8-37.6	37.9	452(0)			グランデサラス	155.0																																																																							
2020101893	2024-07-21	3小倉8	曇	9.0	宗像特別(2勝クラス)		18.0	4.0	8.0	97.9	15.0	17	小崎綾也	56.0	芝2000		良	**	2:03.0	2.4	**	11-11-12-17	35.0-37.0	38.3	454(+2)			ファベル																																																																								
2020101893	2024-12-21	7京都7	曇	12.0	3歳以上2勝クラス		13.0	3.0	3.0	207.6	13.0	9	渡辺竜也	56.0	芝1800		良	**	1:47.8	1.1	**	12-13	35.5-33.9	33.7	468(+14)			サフィラ																																																																								
2020101893	2025-01-11	1中京3	晴	9.0	渥美特別(2勝クラス)		13.0	3.0	3.0	314.4	12.0	7	小崎綾也	56.0	芝2000		良	**	2:02.8	1.1	**	11-12-13-13	36.8-35.2	35.3	468(0)			パワーホール																																																																								
2020101893	2025-01-19	1中京7	晴	9.0	西尾特別(2勝クラス)		11.0	3.0	3.0	193.2	11.0	10	藤懸貴志	56.0	芝2000		良	**	2:01.6	1.3	**	9-9-8-7	36.5-35.2	35.5	464(-4)			ミッキーツインクル																																																																								
2020101893	2025-03-22	1阪神7	晴	8.0	4歳以上2勝クラス		9.0	3.0	3.0	80.1	9.0	5	松若風馬	56.0	芝2600		良	**	2:39.6	0.5	**	6-6-5-4	37.2-34.9	35.1	462(-2)			リミットバスター	114.0																																																																							
2020101893	2025-04-06	3中山4	小雨	9.0	安房特別(2勝クラス)		12.0	8.0	12.0	23.1	7.0	7	小崎綾也	52.0	芝2500		良	**	2:34.0	1.5	**	8-8-9-10	30.5-35.1	35.9	460(-2)			レッドテリオス																																																																								
2020101893	2025-04-12	2阪神5	晴	9.0	明石特別(2勝クラス)		9.0	3.0	3.0	34.9	6.0	6	鮫島克駿	56.0	芝2400		良	**	2:26.4	0.9	**	3-3-5-5	35.6-36.7	35.1	460(0)			ミアステラ																																																																								
2020101893	2025-07-06	1函館8	晴	10.0	横津岳特別(2勝クラス)		10.0	6.0	6.0	11.9	6.0	1	古川吉洋	52.0	芝2600		稍	**	2:43.5	-0.1	**	5-5-4-4	39.2-36.5	36.2	462(+2)			(バレンタインガール)	1573.1																																																																							
2020101918	2023-01-29	1中京10	晴	6.0	3歳新馬		12.0	8.0	11.0	10.9	7.0	2	吉田隼人	56.0	芝2000		良	**	2:04.4	0.0	**	2-2-2-2	38.2-34.4	34.2	496(0)			エルチェリーナ	250.0																																																																							
2020101918	2023-04-02	2阪神4	晴	4.0	3歳未勝利		13.0	8.0	13.0	2.9	1.0	9	川田将雅	56.0	芝2400		良	**	2:27.6	1.3	**	4-4-5-4	35.9-35.3	36.3	494(-2)			ファームツエンティ																																																																								
2020101918	2023-04-22	1京都1	晴	1.0	3歳未勝利		18.0	3.0	6.0	19.0	7.0	1	吉田隼人	56.0	芝2000		良	**	2:00.9	-0.1	**	1-1-1-1	35.2-36.1	36.1	492(-2)			(アーテルナイト)	550.0																																																																							
2020101918	2023-07-01	3中京1	曇	9.0	御在所特別(1勝クラス)		8.0	6.0	6.0	4.5	2.0	1	松山弘平	55.0	芝2000		重	**	2:01.7	-0.6	**	1-1-1-1	36.8-34.9	34.9	496(+4)			(スマートファントム)	1128.9																																																																							
2020101918	2023-08-12	3小倉1	晴	10.0	西部日刊スポーツ杯(2勝クラス)		10.0	6.0	7.0	3.7	3.0	1	松山弘平	55.0	芝2000		良	**	1:59.9	-0.1	**	1-1-1-1	36.6-34.0	34.0	496(0)			(セブンマジシャン)	1574.5																																																																							
2020101918	2023-09-18	4中山5	晴	11.0	朝日セントライト記念(GII)		15.0	6.0	10.0	29.4	6.0	10	松山弘平	56.0	芝2200		良	**	2:12.9	1.5	**	2-2-2-2	35.2-34.4	35.9	506(+10)			レーベンスティール																																																																								
2020101918	2023-11-26	5東京8	曇	11.0	ウェルカムS(3勝クラス)		13.0	1.0	1.0	19.8	7.0	6	戸崎圭太	56.0	芝2000		良	**	1:59.8	0.8	**	1-1-1	36.3-33.7	34.5	504(-2)			ロードデルレイ																																																																								
2020101918	2024-01-14	1小倉2	晴	10.0	壇之浦S(3勝クラス)		14.0	5.0	7.0	7.0	4.0	7	吉田隼人	57.0	芝1800		良	**	1:46.7	0.2	**	1-1-1-1	36.1-35.8	36.0	500(-4)			ハーランズハーツ																																																																								
2020101918	2024-03-03	2小倉8	曇	11.0	関門橋S(3勝クラス)		14.0	7.0	11.0	14.2	5.0	14	吉田隼人	58.0	芝2000		稍	**	2:06.0	4.3	**	3-3-7-14	36.6-35.3	39.2	504(+4)			ニホンピロキーフ																																																																								
2020101918	2024-06-30	3小倉2	曇	10.0	薩摩S(3勝クラス)		15.0	2.0	3.0	43.4	11.0	14	松山弘平	58.0	ダ1700		重	**	1:52.2	9.6	**	5-7-15-15	29.1-37.3	45.1	514(+10)			レリジールダモーレ																																																																								
2020101918	2024-09-07	3中京1	晴	10.0	ムーンライトH(3勝クラス)		16.0	1.0	2.0	34.6	10.0	16	北村友一	55.0	芝2200		良	**	2:13.3	2.2	**	1-1-1-1	34.2-35.0	37.2	504(-10)			ケイアイサンデラ																																																																								
2020101918	2025-01-18	1中山6	晴	4.0	障害4歳以上未勝利		11.0	8.0	10.0	9.8	6.0	5	高田潤	60.0	障2880		良		3:16.7	0.8		7-7-7-7	108.0-0.0	13.7	502(-2)			ヒートオンビート	84.0																																																																							
2020101918	2025-02-09	1小倉6	晴	4.0	障害4歳以上未勝利		12.0	6.0	7.0	1.6	1.0	6	高田潤	60.0	障2860		稍		3:17.0	2.9		3-4-4-4	107.0-0.0	13.8	504(+2)			クラウンセト																																																																								
2020101918	2025-04-06	3中山4	曇	4.0	障害4歳以上未勝利		12.0	5.0	5.0	4.2	2.0	4	高田潤	60.0	障2880		良		3:18.8	0.6		5-5-5-5	109.1-0.0	13.8	504(0)			メイショウカズサ	130.0																																																																							
2020101918	2025-05-03	1新潟1	晴	1.0	障害4歳以上未勝利		14.0	6.0	10.0	7.0	3.0	7	高田潤	60.0	障2890		良		3:11.1	2.2		1-1-3-3	103.1-0.0	13.2	504(0)			サルサロッサ																																																																								
2020101918	2025-06-07	3東京1	晴	1.0	障害3歳以上未勝利		14.0	4.0	5.0	7.7	3.0	4	高田潤	60.0	障3000		良		3:28.6	1.3		3-3-3-3	105.0-0.0	13.9	512(+8)			ジオフロント	130.0																																																																							
2020101918	2025-07-06	2福島4	晴	1.0	障害3歳以上未勝利		14.0	6.0	9.0	3.6	1.0	3	高田潤	60.0	障2750		良		3:03.6	0.1		2-2-3-3	107.0-0.0	13.4	514(+2)			ビーンスターク	210.0																																																																							
2020101918	2025-09-07	4中山2	晴	1.0	障害3歳以上未勝利		13.0	7.0	10.0	1.7	1.0	1	高田潤	60.0	障2880		良		3:19.2	-0.6		3-3-2-1	108.0-0.0	13.8	512(-2)			(フェスティヴビーム)	840.0																																																																							
2020101918	2025-12-20	5阪神5	晴	4.0	障害3歳以上OP		14.0	7.0	11.0	17.0	7.0	10	高田潤	60.0	障3110		良		3:35.6	2.1		5-7-8-11	106.0-0.0	13.9	508(-4)			テイエムマジック																																																																								
2020101968	2022-12-17	6中京5	曇	5.0	2歳新馬		8.0	1.0	1.0	2.7	1.0	1	今村聖奈	52.0	ダ1800		良	**	1:57.2	-0.2	**	6-7-7-7	38.5-37.9	37.1	526(0)			(レッドラグラス)	700.0																																																																							
2020101968	2023-01-09	1中京4	晴	3.0	3歳1勝クラス		12.0	8.0	12.0	9.5	4.0	2	今村聖奈	53.0	ダ1800		良	**	1:54.6	0.2	**	7-6-4-5	38.0-37.0	36.8	526(0)			カレンアルカンタラ	310.0																																																																							
2020101968	2023-03-04	1阪神7	晴	6.0	3歳1勝クラス		10.0	2.0	2.0	3.1	1.0	1	今村聖奈	53.0	ダ1800		良	**	1:54.5	-0.2	**	9-9-9-9	37.0-38.3	37.3	520(-6)			(ゴッドブルービー)	780.0																																																																							
2020101968	2023-03-25	3中山1	曇	10.0	伏竜S(OP)		14.0	6.0	10.0	7.1	3.0	7	田辺裕信	56.0	ダ1800		不	**	1:53.0	1.1	**	2-2-2-2	36.6-38.8	39.8	516(-4)			ミトノオー																																																																								
2020101968	2023-05-21	1京都10	晴	10.0	鳳雛S(L)		11.0	1.0	1.0	3.5	1.0	9	岩田望来	56.0	ダ1800		良	**	1:54.8	1.2	**	8-9-9-9	37.2-37.1	37.6	522(+6)			エクロジャイト																																																																								
2020101968	2023-06-18	3阪神6	曇	12.0	3歳以上2勝クラス		16.0	6.0	12.0	4.8	2.0	10	今村聖奈	52.0	ダ1800		良	**	1:54.4	2.1	**	15-15-15-15	37.4-37.4	37.8	522(0)			テーオーリカード																																																																								
2020101968	2023-08-06	2新潟4	晴	11.0	レパードS(GIII)		15.0	5.0	8.0	123.9	15.0	11	石橋脩	56.0	ダ1800		良	**	1:53.1	2.3	**	14-14-12-11	35.7-37.6	38.6	520(-2)			ライオットガール																																																																								
2020101968	2023-10-01	4阪神9	曇	12.0	3歳以上2勝クラス		16.0	6.0	12.0	7.7	4.0	3	今村聖奈	53.0	ダ1400		重	**	1:24.0	0.1	**	13-13	34.1-37.6	36.4	514(-6)			マイネルプロンプト	290.0																																																																							
2020101968	2023-11-26	3京都8	晴	8.0	3歳以上2勝クラス		16.0	8.0	15.0	8.8	5.0	6	今村聖奈	54.0	ダ1400		良	**	1:24.9	0.6	**	13-12	34.9-37.4	36.9	528(+14)			インヒズアイズ																																																																								
2020101968	2023-12-10	5阪神4	晴	12.0	夙川特別(2勝クラス)		13.0	6.0	9.0	8.1	3.0	3	Ｍ．デム	55.0	ダ1400		良	**	1:25.5	0.9	**	4-3	35.1-37.1	37.5	522(-6)			ケイアイアニラ	394.7																																																																							
2020101968	2024-01-06	1京都1	曇	8.0	4歳以上2勝クラス		16.0	6.0	12.0	7.3	5.0	4	今村聖奈	55.0	ダ1200		良	**	1:12.2	0.3	**	14-14	34.6-37.3	35.9	528(+6)			ジュンウィンダム	170.0																																																																							
2020101968	2024-01-27	2京都1	晴	9.0	4歳以上2勝クラス		16.0	5.0	9.0	3.7	2.0	3	岩田望来	58.0	ダ1200		良	**	1:12.1	0.5	**	2-3	34.7-36.9	37.3	534(+6)			エティエンヌ	290.0																																																																							
2020101968	2024-03-31	2阪神4	曇	7.0	4歳以上2勝クラス		16.0	5.0	10.0	10.8	4.0	7	今村聖奈	55.0	ダ1400		良	**	1:25.4	1.3	**	2-1	34.5-37.6	38.8	534(0)			アウグスト																																																																								
2020101968	2024-05-11	3京都7	晴	12.0	4歳以上2勝クラス		13.0	6.0	9.0	5.1	3.0	9	岩田望来	58.0	ダ1200		良	**	1:13.1	0.9	**	11-8	35.8-36.4	36.3	530(-4)			ナスノカンゲツ																																																																								
2020101968	2024-06-01	4京都1	晴	12.0	3歳以上2勝クラス		14.0	6.0	9.0	12.8	5.0	1	今村聖奈	55.0	ダ1200		稍	**	1:11.5	0.0	**	8-6	34.5-37.0	36.0	534(+4)			(ギーロカスタル)	1140.0																																																																							
2020101968	2024-06-23	4京都8	曇	10.0	サイレンススズカC(3勝クラス)		15.0	7.0	13.0	23.8	8.0	15	Ｍ．デム	58.0	ダ1400		不	**	1:28.6	5.3	**	9-8	35.9-35.4	39.9	534(0)			ライツフォル																																																																								
2020101968	2024-09-08	3中京2	晴	10.0	浜松S(3勝クラス)		16.0	8.0	16.0	23.0	8.0	10	戸崎圭太	58.0	ダ1200		良	**	1:11.8	0.9	**	8-8	34.2-36.7	36.5	524(-10)			ヒビキ																																																																								
2020101968	2024-11-02	6京都1	雨	10.0	貴船S(3勝クラス)		16.0	3.0	6.0	99.6	15.0	7	今村聖奈	55.0	ダ1200		不	**	1:11.8	1.6	**	11-10	34.5-35.7	36.1	544(+20)			インユアパレス																																																																								
2020101968	2024-11-17	6京都6	曇	10.0	グランアレグリアC(3勝クラス)		15.0	7.0	12.0	158.2	13.0	8	シュタル	58.0	ダ1400		良	**	1:24.7	1.2	**	2-2	34.1-37.5	38.6	538(-6)			インビンシブルパパ																																																																								
2020101968	2025-01-26	1中山9	晴	10.0	江戸川S(3勝クラス)		15.0	4.0	7.0	20.4	6.0	4	キング	58.0	ダ1200		良	**	1:11.5	0.4	**	9-9	33.3-37.8	37.3	540(+2)			タイセイブリリオ	280.0																																																																							
2020101968	2025-02-10	1京都3	晴	9.0	橿原S(3勝クラス)		13.0	7.0	10.0	42.3	11.0	5	今村聖奈	58.0	ダ1200		良	**	1:12.7	0.5	**	12-11	35.8-36.4	35.8	550(+10)			ペプチドヤマト	184.0																																																																							
2020101968	2025-03-29	3中山1	雨	9.0	ブラッドストーンS(3勝クラス)		16.0	8.0	15.0	30.6	9.0	10	松山弘平	58.0	ダ1200		稍	**	1:11.4	0.9	**	12-12	33.6-36.9	36.6	544(-6)			ブシン																																																																								
2020101968	2025-04-06	2阪神4	晴	12.0	陽春S(3勝クラス)		11.0	1.0	1.0	27.1	9.0	10	高杉吏麒	58.0	ダ1200		良	**	1:13.3	1.9	**	4-5	34.3-37.1	38.7	544(0)			エコロガイア																																																																								
2020101968	2025-06-15	3阪神4	晴	12.0	リボン賞(3勝クラス)		16.0	5.0	9.0	182.1	16.0	16	菱田裕二	54.0	ダ1200		重	**	1:13.6	3.2	**	12-12	33.8-36.6	38.2	534(-10)			ムーヴ																																																																								
2020101968	2025-06-29	2小倉2	晴	11.0	佐世保S(3勝クラス)		13.0	8.0	13.0	116.8	12.0	11	今村聖奈	54.0	芝1200		良	**	1:08.7	0.9	**	13-13	33.2-34.6	34.1	534(0)			ヤマニンアンフィル																																																																								
2020101968	2025-07-12	2福島5	曇	10.0	会津S(3勝クラス)		9.0	1.0	1.0	75.1	9.0	5	今村聖奈	53.0	芝1200		良	**	1:11.1	0.5	**	3-5	36.0-34.6	34.7	534(0)			レイピア	184.0																																																																							
2020101968	2025-07-26	2新潟1	晴	7.0	新潟日報賞(3勝クラス)		10.0	8.0	9.0	33.0	7.0	10	キング	58.0	芝1400		良	**	1:23.3	4.2	**	8-8	34.4-33.2	36.4	534(0)			ワールズエンド																																																																								
2020101968	2025-09-27	4阪神8	晴	10.0	道頓堀S(3勝クラス)		16.0	3.0	5.0	404.3	16.0	16	菱田裕二	58.0	芝1200		良	**	1:10.1	1.8	**	16-16	34.4-33.9	33.7	532(-2)			シュタールヴィント																																																																								
2020101968	2026-01-01	高知	晴	10.0	オッズパーク特別(B)		8.0	4.0	4.0	4.3	3.0	1	赤岡修次	57.0	ダ1400		良	**	1:30.3	-0.5	**	1-1-1-1		39.2	547(+15)			(スカイライト)	120.0																																																																							
2020102081	2022-11-26	5阪神7		5.0	2歳新馬								太宰啓介		芝1600				1:35.4	0.1		5-4	36.5-34.3	34.0	468(0)				280.0																													曇		18.0	5.0	9.0	22.9	7.0	2	54.0	良	**	**		クファシル																													
2020102081	2023-05-21	1京都10		4.0	3歳未勝利								太宰啓介		芝1600				1:34.6	0.7		6-6	34.8-35.1	35.2	474(+6)				140.0																													晴		18.0	8.0	18.0	5.5	3.0	3	54.0	良	**	**		セーヌドゥレーヴ																													
2020102081	2023-06-11	3阪神4		6.0	3歳未勝利								太宰啓介		芝1600				1:36.3	1.4		3-3	35.4-35.7	36.8	464(-10)																																	曇		18.0	8.0	16.0	5.7	4.0	7	54.0	稍	**	**		ハレアカラフラ																													
2020102081	2023-08-19	3小倉3		3.0	3歳未勝利								太宰啓介		芝1800				1:48.0	-0.1		11-10-11-6	35.1-36.8	36.1	458(-6)				550.0																													晴		16.0	3.0	6.0	9.8	5.0	1	54.0	良	**	**		(タイセイフェリーク)																													
2020102081	2023-12-16	4中京5		9.0	高山特別(1勝クラス)								太宰啓介		芝2200				2:15.2	1.1		8-8-9-7	35.7-34.9	35.4	462(+4)																																	曇		18.0	6.0	12.0	36.9	11.0	13	54.0	稍	**	**		コスモフリーゲン																													
2020102081	2024-01-20	1小倉3		7.0	4歳以上1勝クラス								太宰啓介		芝2000				2:03.1	1.0		9-10-12-12	35.1-37.6	37.0	464(+2)																																	雨		15.0	1.0	1.0	30.6	9.0	10	55.0	稍	**	**		フォレスタ																													
2020102081	2024-02-11	2小倉2		7.0	4歳以上1勝クラス								太宰啓介		芝1800				1:49.4	0.3		8-8-5-3	36.5-36.5	36.5	462(-2)				80.0																													晴		13.0	4.0	5.0	12.6	5.0	5	55.0	良	**	**		アストロフィライト																													
2020102081	2024-03-23	1中京5		7.0	4歳以上1勝クラス								太宰啓介		芝1600				1:36.7	0.1		1-1-1	36.2-36.2	36.3	470(+8)				120.0																													雨		14.0	5.0	7.0	32.9	13.0	4	56.0	重	**	**		ビターグラッセ																													
2020102081	2024-04-14	2阪神8		7.0	4歳以上1勝クラス								太宰啓介		芝1600				1:34.0	0.4		8-9	35.2-34.7	34.1	470(0)																																	晴		17.0	2.0	4.0	7.6	3.0	6	56.0	良	**	**		ベルシャンブル																													
2020102081	2024-09-14	3中京3		6.0	3歳以上1勝クラス								河原田菜		芝1600				1:33.4	1.0		3-4-3	34.3-35.2	35.9	470(0)																																	晴		16.0	2.0	3.0	24.4	8.0	13	52.0	良	**	**		レディントン																													
2020102081	2024-11-03	6京都2		12.0	3歳以上1勝クラス								太宰啓介		芝1600				1:34.5	0.9		11-11	34.2-35.9	35.4	462(-8)																																	晴		15.0	6.0	11.0	28.8	10.0	12	56.0	稍	**	**		ビップジーニー																													
2020102081	2024-12-28	7京都9		7.0	3歳以上1勝クラス								河原田菜		芝1800				1:47.7	0.1		1-1	35.3-34.8	34.9	472(+10)				320.0																													晴		17.0	8.0	18.0	115.3	16.0	2	52.0	良	**	**		ショウナンガチ																													
2020102081	2025-02-02	1小倉4		7.0	4歳以上1勝クラス								河原田菜		芝2000				2:03.3	1.2		4-5-3-4	35.9-37.7	38.8	462(-10)																																	晴		18.0	2.0	3.0	19.3	9.0	14	52.0	重	**	**		ファミリーツリー																													
2020102081	2025-03-16	1阪神6		7.0	4歳以上1勝クラス								河原田菜		芝1600				1:35.8	1.5		1-1	35.0-35.3	36.8	466(+4)																																	雨		16.0	8.0	15.0	30.0	7.0	13	52.0	稍	**	**		ファーヴェント																													
2020102081	2025-03-22	1阪神7		6.0	4歳以上1勝クラス								太宰啓介		ダ1800				1:56.1	0.2		1-1-2-2	38.1-39.1	39.2	470(+4)				200.0																													晴		10.0	8.0	10.0	11.2	4.0	3	56.0	良	**	**		サイモンコーラル																													
2020102081	2025-08-09	3中京5		9.0	3歳以上1勝クラス								太宰啓介		ダ1800				1:55.5	2.3		4-4-6-6	37.4-38.5	39.5	478(+8)				120.0																													晴		9.0	4.0	4.0	11.4	4.0	4	56.0	良	**	**		アンドリーナ																													
2020102081	2025-08-30	4中京3		8.0	3歳以上1勝クラス								太宰啓介		芝2000				2:00.8	0.4		7-7-1-1	37.5-34.0	34.4	476(-2)				120.0																													晴		8.0	5.0	5.0	31.5	7.0	4	56.0	良	**	**		ジョイエッロ																													
2020102081	2025-09-06	4阪神1		8.0	3歳以上1勝クラス								太宰啓介		芝2000				2:01.5	2.0		9-9-9-9	34.7-36.8	36.2	474(-2)																																	晴		9.0	5.0	5.0	9.0	5.0	7	56.0	良	**	**		ヴォワラクテ																													
2020102081	2026-01-05	1京都2		12.0	4歳以上1勝クラス								太宰啓介		芝1600				1:36.1	1.4		15-15	35.6-34.1	34.0	476(+2)																																	晴		15.0	7.0	12.0	117.9	14.0	15	56.0	良	**	**		サンタンカ																													
2020102081	2026-01-17	1京都6		8.0	4歳以上1勝クラス								太宰啓介		ダ1800				1:55.2	2.4		3-3-2-3	36.7-37.0	39.2	482(+6)																																	晴		8.0	1.0	1.0	119.5	8.0	6	56.0	良				ロカヒ																													
2020102161	2022-07-02	2福島1	晴	6.0	2歳新馬		12.0	8.0	12.0	51.1	8.0	5	江田照男	54.0	ダ1150		良	**	1:11.2	1.2	**	7-6	32.7-37.3	37.4	422(0)			バグラダス	70.0																																																																							
2020102161	2022-07-17	2福島6	曇	1.0	2歳未勝利		10.0	4.0	4.0	72.3	7.0	3	江田照男	54.0	ダ1150		重	**	1:09.3	0.6	**	7-7	31.3-37.4	36.4	426(+4)			アドバンスファラオ	130.0																																																																							
2020102161	2022-09-17	4中山3	晴	1.0	2歳未勝利		14.0	5.0	8.0	18.2	4.0	8	江田照男	54.0	ダ1200		良	**	1:14.0	2.6	**	7-8	34.3-37.1	38.7	426(0)			トモジャミ																																																																								
2020102161	2022-10-15	4新潟1	曇	2.0	2歳未勝利		15.0	5.0	8.0	36.4	8.0	1	丹内祐次	54.0	ダ1800		良	**	1:55.1	-0.2	**	3-2-2-2	36.6-40.3	40.2	424(-2)			(モーメントキャッチ)	520.0																																																																							
2020102161	2022-12-11	5中山4	曇	7.0	2歳1勝クラス		14.0	3.0	4.0	151.7	13.0	3	津村明秀	54.0	ダ1800		良	**	1:54.9	0.3	**	3-5-3-3	38.3-38.9	38.8	434(+10)			モンドプリューム	190.0																																																																							
2020102161	2023-01-07	1中山2	晴	9.0	黒竹賞(1勝クラス)		16.0	5.0	9.0	13.6	5.0	4	津村明秀	54.0	ダ1800		良	**	1:54.6	1.3	**	8-7-5-4	36.4-39.5	39.9	434(0)			ミトノオー	160.0																																																																							
2020102161	2023-02-25	2中山1	曇	7.0	3歳1勝クラス		12.0	5.0	6.0	16.6	8.0	9	津村明秀	54.0	ダ1800		良	**	1:55.7	2.5	**	4-4-3-3	37.6-38.2	40.5	432(-2)			オメガギネス																																																																								
2020102161	2023-04-16	2阪神8	晴	5.0	3歳1勝クラス		15.0	2.0	2.0	31.2	8.0	11	幸英明	54.0	ダ1800		不	**	1:53.3	1.5	**	8-7-7-7	36.3-38.3	39.2	430(-2)			メイショウオーロラ																																																																								
2020102161	2023-05-20	2東京9	曇	6.0	3歳1勝クラス		16.0	6.0	12.0	27.8	7.0	5	小林勝太	51.0	ダ1400		稍	**	1:24.0	0.8	**	5-5	35.0-36.3	36.3	434(+4)			ワールズコライド	78.0																																																																							
2020102161	2023-06-03	3東京1	晴	12.0	3歳以上1勝クラス		16.0	2.0	3.0	21.7	9.0	7	小林勝太	50.0	ダ1400		重	**	1:23.9	1.8	**	9-9	35.0-35.3	35.8	434(0)			メイデンタワー																																																																								
2020102161	2023-09-30	4中山8	晴	7.0	3歳以上1勝クラス		15.0	5.0	9.0	6.5	4.0	1	小林凌大	51.0	ダ1800		良	**	1:53.6	-0.3	**	2-2-1-1	37.5-38.9	38.9	446(+12)			(マンマリアーレ)	800.0																																																																							
2020102161	2023-10-22	2京都7	晴	7.0	3歳以上2勝クラス		16.0	5.0	10.0	19.9	7.0	4	武豊	54.0	ダ1800		良	**	1:52.9	0.4	**	12-12-14-15	36.5-37.2	36.5	450(+4)			ガウラ	170.0																																																																							
2020102161	2023-11-19	3京都6	晴	7.0	3歳以上2勝クラス		16.0	5.0	10.0	6.9	4.0	3	坂井瑠星	54.0	ダ1800		稍	**	1:52.5	0.2	**	15-15-14-13	36.1-37.1	36.3	446(-4)			メテオリート	290.0																																																																							
2020102161	2023-12-10	4中京4	晴	9.0	大須特別(2勝クラス)		16.0	1.0	1.0	11.3	5.0	2	松田大作	55.0	ダ1800		良	**	1:53.6	0.3	**	10-10-9-8	37.1-37.6	37.1	448(+2)			フレンチギフト	630.0																																																																							
2020102161	2024-01-20	1中山6	小雨	9.0	初茜賞(2勝クラス)		16.0	5.0	10.0	6.0	4.0	6	横山武史	55.0	ダ1800		良	**	1:54.0	0.5	**	1-2-3-3	37.4-39.2	39.4	456(+8)			メイショウコバト																																																																								
2020102161	2024-02-25	1阪神2	小雨	8.0	4歳以上2勝クラス		10.0	4.0	4.0	5.1	3.0	5	ルメート	55.0	ダ1800		不	**	1:53.1	1.1	**	4-4-6-6	38.3-36.3	36.7	444(-12)			ヘニータイフーン	114.0																																																																							
2020102161	2024-05-12	1新潟6	晴	10.0	中ノ岳特別(2勝クラス)		14.0	7.0	12.0	7.7	4.0	2	石橋脩	54.0	ダ1800		良	**	1:52.0	0.3	**	5-5-4-4	36.9-37.5	37.2	456(+12)			シェットランド	631.8																																																																							
2020102161	2024-06-30	2福島2	曇	10.0	いわき特別(2勝クラス)		13.0	3.0	3.0	3.9	2.0	1	田辺裕信	56.0	ダ1700		良	**	1:45.7	-0.3	**	4-4-6-4	29.9-37.1	36.7	458(+2)			(ブーバー)	1581.5																																																																							
2020102161	2024-09-22	4中山7	曇	10.0	内房S(3勝クラス)		14.0	6.0	10.0	5.1	3.0	10	菅原明良	53.0	ダ1800		良	**	1:54.0	0.9	**	3-3-4-6	37.6-38.3	38.9	468(+10)			ヒューゴ																																																																								
2020102161	2024-11-09	3福島3	晴	11.0	奥羽S(3勝クラス)		15.0	6.0	11.0	7.5	5.0	5	丸山元気	56.0	ダ1700		良	**	1:45.9	0.4	**	8-10-5-4	30.0-37.5	37.6	466(-2)			アイファーテイオー	184.0																																																																							
2020102161	2025-01-18	1中山6	晴	10.0	アレキサンドライトS(3勝クラス)		16.0	5.0	9.0	22.3	9.0	14	佐々木大	53.0	ダ1800		良	**	1:55.0	2.6	**	3-3-3-7	36.8-38.5	40.9	476(+10)			マーブルロック																																																																								
2020102161	2025-04-06	3中山4	晴	10.0	アリエスS(3勝クラス)		16.0	4.0	7.0	69.4	13.0	9	田辺裕信	56.0	ダ1800		稍	**	1:53.3	1.4	**	15-15-13-12	36.0-37.8	38.1	464(-12)			マンマリアーレ																																																																								
2020102161	2025-05-31	2京都11	曇	10.0	桃山S(3勝クラス)		16.0	8.0	16.0	98.0	14.0	14	吉村誠之	52.0	ダ1900		良	**	1:59.6	1.9	**	10-12-10-12	30.8-35.8	36.9	460(-4)			ソーニーイシュー																																																																								
2020102161	2025-08-02	2新潟3	晴	7.0	柳都S(3勝クラス)		14.0	4.0	6.0	37.6	8.0	9	原優介	52.0	ダ1800		良	**	1:53.0	1.5	**	11-13-14-14	36.6-37.5	37.1	466(+6)			タクシンイメル																																																																								
2020102161	2025-10-05	4東京2	曇	10.0	赤富士S(3勝クラス)		16.0	5.0	9.0	95.3	13.0	12	荻野極	56.0	ダ1600		良	**	1:38.0	1.7	**	16-16	34.8-37.1	36.7	464(-2)			オウギノカナメ																																																																								
2020102161	2025-11-24	高知	曇	7.0	Aー3		10.0	6.0	6.0	5.9	3.0	4	井上瑛太	55.0	ダ1400		良	**	1:32.3	0.8	**	4-4-3-5		39.6	480(+16)			アムレートゥム	24.0																																																																							
2020102161	2025-12-07	高知	晴	6.0	長浜特別		12.0	6.0	7.0	5.9	3.0	1	塚本征吾	55.0	ダ1800		良	**	2:02.0	0.0	**	2-2-2-2		39.9	482(+2)			(エクセレントタイム)	500.0																																																																							
2020102161	2026-01-12	高知	晴	6.0	ベラトリックス特別		12.0	4.0	4.0	5.1	3.0	5	塚本征吾	57.0	ダ1400		良	**	1:31.8	0.5	**	7-7-5-4		39.8	477(-5)			シンリンゲンカイ	40.0																																																																							
2020102238	2022-05-18	門別		5.0	JRA認定フレッシュ(新馬)(2歳)								黒澤愛斗		ダ1200				1:18.9	2.4		8-4		41.2	462(0)					晴		10.0	1.0	1.0	12.0	4.0	6	54.0	良	**	**		フクノユリディズ																																																									
2020102238	2022-05-31	門別		8.0	JRA認定アタックチ(未勝利)(2歳)								井上俊彦		ダ1000				1:02.0	0.4		9-6		36.9	452(-10)				25.2	雨		12.0	8.0	12.0	5.4	3.0	3	54.0	重	**	**		ミトノシャルマン																																																									
2020102238	2022-06-22	門別		3.0	JRA認定アタックチ(未勝利)(2歳)								服部茂史		ダ1000				1:02.9	0.3		10-9		37.3	452(0)				25.2	曇		11.0	6.0	7.0	6.4	4.0	3	54.0	良	**	**		レスプレンドール																																																									
2020102238	2022-08-11	門別		3.0	2歳未勝利(未勝利)								井上俊彦		ダ1000				1:01.7	-0.2		8-3		36.8	458(+6)				50.0	曇		10.0	2.0	2.0	1.6	1.0	1	54.0	重	**	**		(マジックジュエル)																																																									
2020102238	2022-08-30	門別		7.0	JRA認定アタックチ(未勝利)(2歳)								井上俊彦		ダ1200				1:15.7	1.5		7-5		39.1	456(-2)					曇		12.0	8.0	11.0	31.3	11.0	8	54.0	稍	**	**		ノブノビスケッツ																																																									
2020102238	2022-09-15	門別		6.0	ホクレン「大収穫祭」(2歳)								井上俊彦		ダ1000				1:02.0	-0.7		8-6		36.7	458(+2)				60.0	晴		10.0	6.0	6.0	29.0	8.0	1	54.0	良	**	**		(アエリアン)																																																									
2020102238	2022-09-28	門別		7.0	サファイア特別(OP)(2歳)								井上俊彦		ダ1200				1:15.6	1.2		10-11		39.2	454(-4)					晴		12.0	3.0	3.0	27.1	8.0	6	55.0	稍	**	**		リストン																																																									
2020102238	2022-10-12	門別		8.0	JRA認定ウィナーズ(2歳)								井上俊彦		ダ1200				1:14.0	-0.2		10-7		37.3	462(+8)				220.0	晴		10.0	5.0	5.0	16.5	6.0	1	55.0	重	**	**		(サラキャサリン)																																																									
2020102238	2022-11-02	門別		8.0	JRA認定ウィナーズ(OP)(2歳)								井上俊彦		ダ1200				1:14.5	0.6		9-9		37.7	464(+2)				30.8	晴		11.0	8.0	11.0	8.1	4.0	4	56.0	稍	**	**		サワヤカローズ																																																									
2020102238	2022-12-30	大井		5.0	2歳　255.								和田譲治		ダ1200				1:14.3	-0.3		8-8	35.3-39.0	37.9	460(-4)				210.0	晴		14.0	3.0	4.0	9.8	3.0	1	56.0	良	**	**		(イッピン)																																																									
2020102238	2023-01-27	大井		6.0	3歳　306万								和田譲治		ダ1200				1:13.9	-0.3		6-6	36.1-37.8	37.3	457(-3)				170.0	曇		16.0	8.0	16.0	4.5	2.0	1	57.0	良	**	**		(ハニートースト)																																																									
2020102238	2023-04-10	船橋		11.0	クロッカススプリント(3歳未格)								和田譲治		ダ1200				1:15.0	-0.1		8-8-7	35.5-39.5	38.6	458(+1)				300.0	晴		12.0	8.0	12.0	4.0	2.0	1	57.0	良	**	**		(ワンダーランド)																																																									
2020102238	2023-05-02	船橋		11.0	若潮スプリント(重賞)								和田譲治		ダ1200				1:14.9	0.6		6-8-8	35.6-38.7	38.4	458(0)				75.0	晴		12.0	5.0	6.0	2.5	1.0	5	56.0	良	**	**		メンコイボクチャン																																																									
2020102238	2023-05-25	大井		11.0	優駿スプリントトライ(OP)(3歳)								和田譲治		ダ1200				1:13.0	0.4		9-7	34.4-38.2	37.0	461(+3)				136.0	曇		15.0	3.0	6.0	5.2	4.0	2	57.0	稍	**	**		シロイトイキ																																																									
2020102238	2023-06-27	大井		11.0	優駿スプリント競走(重賞)								和田譲治		ダ1200				1:13.0	1.3		15-14	34.2-37.5	36.9	461(0)					曇		16.0	5.0	9.0	9.6	4.0	7	57.0	良	**	**		フジコチャン																																																									
2020102238	2023-07-23	盛岡		11.0	ハヤテスプリント(重賞)								吉原寛人		ダ1200				1:12.3	0.0		4-3		36.5	460(-1)				500.0	晴		13.0	5.0	7.0	2.1	1.0	1	56.0	良	**	**		(クラティアラ)																																																									
2020102238	2023-11-03	大井		10.0	JBCスプリント競走(JpnI)								和田譲治		ダ1200				1:15.1	3.1		13-12	34.4-37.6	39.0	460(0)					晴		15.0	7.0	13.0	498.4	12.0	12	56.0	良	**	**		イグナイター																																																									
2020102238	2023-12-04	大井		11.0	ノースウインド賞競走(B1B2)								桑村真明		ダ1200				1:14.2	0.5		8-7	35.4-38.3	37.9	459(-1)				45.0	晴		14.0	3.0	3.0	41.2	7.0	4	57.0	良	**	**		リコージーン																																																									
2020102238	2024-01-08	佐賀		7.0	ゴールドスプリント(重賞)								飛田愛斗		ダ1300				1:23.4	1.8		8-5-7-9		39.7	453(-6)					晴		12.0	8.0	11.0	8.4	4.0	8	56.0	稍	**	**		リーチ																																																									
2020102238	2024-02-14	大井		12.0	ビタースイート賞競走(B1B2)								和田譲治		ダ1400				1:29.6	0.7		10-11-10	36.8-39.6	39.2	447(-6)					晴		16.0	5.0	10.0	24.5	5.0	7	57.0	良	**	**		ハイパータンク																																																									
2020102238	2024-03-19	大井		12.0	スノードロップ賞競走(B1B2)								和田譲治		ダ1400				1:30.5	1.9		9-10-11	37.8-38.2	39.3	458(+11)					曇		16.0	4.0	8.0	36.2	7.0	15	57.0	良	**	**		トップアメリカン																																																									
2020102238	2024-04-08	大井		11.0	プリマヴェーラ賞競走(B1B2)								本橋孝太		ダ1200				1:14.1	0.6		11-11	34.9-38.6	37.5	457(-1)				115.0	曇		14.0	6.0	10.0	42.3	7.0	3	57.0	重	**	**		イッツソーラッド																																																									
2020102238	2024-06-29	2福島1		11.0	バーデンバーデンC(3勝クラス)								小牧太		芝1200				1:08.3	1.3		14-13	32.4-34.6	34.5	460(+3)					晴		14.0	4.0	5.0	150.2	14.0	13	58.0	良	**	**		キタノエクスプレス																																																									
2020102238	2024-07-14	3小倉6		11.0	佐世保S(3勝クラス)								小牧太		芝1200				1:11.3	1.9		16-17	33.6-35.8	36.0	462(+2)					雨		18.0	6.0	11.0	152.1	18.0	18	58.0	不	**	**		レッドヒルシューズ																																																									
2020102238	2024-11-02	3福島1		11.0	フルーツラインC(3勝クラス)								高杉吏麒		ダ1150				1:08.8	1.9		12-12	30.9-36.0	36.7	474(+12)					雨		16.0	2.0	3.0	192.6	16.0	11	58.0	不	**	**		エランティス																																																									
2020102238	2024-11-17	6京都6		10.0	グランアレグリアC(3勝クラス)								北村友一		ダ1400				1:26.7	3.2		15-15	34.1-37.5	38.0	468(-6)					曇		15.0	8.0	15.0	489.4	15.0	14	58.0	良	**	**		インビンシブルパパ																																																									
2020102238	2024-12-22	5中山8		12.0	フェアウェルS(3勝クラス)								藤懸貴志		ダ1200				1:14.8	4.0		16-16	33.3-37.5	39.3	480(+12)					晴		16.0	5.0	9.0	226.7	16.0	16	58.0	良	**	**		ケイアイアニラ																																																									
2020102238	2025-02-17	大井		10.0	フェブラリー賞競走(B1B2)								和田譲治		ダ1200				1:14.8	1.8		13-13	34.0-39.0	38.3	443(-37)					曇		13.0	4.0	4.0	120.7	10.0	10	57.0	良	**	**		ストライクオン																																																									
2020102238	2025-03-24	大井		11.0	スノードロップ賞競走(B1B2)								吉原寛人		ダ1200				1:14.6	1.4		11-11	35.3-37.9	37.7	459(+16)					曇		12.0	5.0	6.0	22.0	6.0	9	57.0	良	**	**		コスモソンジュ																																																									
2020102238	2025-04-14	大井		11.0	プリマヴェーラ賞競走(B1B2)								本橋孝太		ダ1200				1:14.8	1.2		10-10	36.0-37.6	37.5	453(-6)					晴		11.0	6.0	6.0	207.5	11.0	8	57.0	不	**	**		ミズワリヲクダサイ																																																									
2020102238	2025-05-23	大井		11.0	サンケイスポーツ賞競(B1B2)								張田昂		ダ1400				1:27.1	1.3		11-12-11	36.8-37.4	37.3	457(+4)				46.0	曇		15.0	2.0	2.0	262.0	14.0	5	57.0	良	**	**		サイアンドコー																																																									
2020102238	2025-06-12	大井		10.0	ストロベリームーン賞(B1)								和田譲治		ダ1200				1:14.3	2.0		8-7	35.0-37.3	38.4	462(+5)					曇		10.0	1.0	1.0	32.4	7.0	9	56.0	重	**	**		キタサンベレーザ																																																									
2020102238	2025-07-16	大井		12.0	ベガ賞競走(B2B3)								和田譲治		ダ1400				1:28.4	2.3		9-11-11	36.6-37.3	37.7	459(-3)					曇		12.0	3.0	3.0	29.6	7.0	10	57.0	不	**	**		キタサンヒコボシ																																																									
2020102238	2025-08-25	盛岡		11.0	スプリント特別(OP)								佐々木志		ダ1000				1:00.4	1.3		10-10		35.5	463(+4)					曇		12.0	8.0	11.0	17.4	3.0	7	56.0	良	**	**		オスカーブレイン																																																									
2020102238	2025-09-01	盛岡		5.0	C2四組								高松亮		ダ1200				1:14.0	-0.7		1-1		37.4	469(+6)				40.0	曇		10.0	1.0	1.0	1.0	1.0	1	56.0	良	**	**		(ベアビリーブ)																																																									
2020102238	2025-09-16	水沢		3.0	C2一組								高松亮		ダ1400				1:28.1	0.0		1-1-1-1		39.1	466(-3)				14.0	晴		11.0	7.0	8.0	2.2	1.0	2	56.0	稍	**	**		ブンブンマル																																																									
2020102238	2025-10-06	水沢		7.0	C1								高松亮		ダ1400				1:30.8	-0.7		4-3-3-1		40.9	466(0)				50.0	曇		12.0	7.0	9.0	1.0	1.0	1	56.0	稍	**	**		(ビッグリュウオー)																																																									
2020102238	2025-10-21	盛岡		9.0	YJSトライアルラウ(C1)								石神深道		ダ1200				1:13.4	0.1		6-9		37.1	466(0)				21.0	曇		12.0	4.0	4.0	1.3	1.0	2	56.0	稍	**	**		コスモコロネット																																																									
2020102238	2025-11-10	盛岡		7.0	B2								高松亮		ダ1200				1:14.5	0.9		2-3		38.0	465(-1)				4.2	曇		8.0	7.0	7.0	1.1	1.0	5	56.0	稍	**	**		チャルドーニ																																																									
2020102238	2025-11-25	水沢		11.0	ブリーダーズスタリオ(B2)								高松亮		ダ1400				1:30.7	1.9		3-3-3-5		41.0	468(+3)				4.2	曇		12.0	4.0	4.0	22.8	4.0	5	56.0	稍	**	**		ショウナンナスカ																																																									
2020102238	2025-12-09	水沢		10.0	おトクにPLAYオッ(B2)								高松亮		ダ1400				1:28.8	0.9		11-11-12-7		38.4	470(+2)				4.2	曇		12.0	6.0	8.0	8.9	3.0	5	56.0	不	**	**		ゴレイジョウ																																																									
2020102343	2022-10-15	4阪神4		4.0	2歳新馬								和田竜二		ダ1800				1:58.9	4.3		1-1-1-1	38.6-37.4	41.7	532(0)																			晴		11.0	5.0	5.0	49.4	10.0	9	55.0	良	**	**		ブリタニア																																											
2020102343	2022-11-27	5阪神8		1.0	2歳未勝利								富田暁		ダ1800				1:57.0	0.8		1-1-1-1	36.5-40.9	41.7	526(-6)				52.0															晴		13.0	4.0	4.0	195.9	12.0	5	55.0	稍	**	**		アントニオヒロキ																																											
2020102343	2022-12-11	5中山4		3.0	2歳未勝利								富田暁		ダ1800				1:55.8	0.6		1-1-1-1	37.6-39.5	40.1	526(0)				130.0															曇		15.0	5.0	9.0	10.5	2.0	3	55.0	良	**	**		オソルノ																																											
2020102343	2023-01-07	1中京2		3.0	3歳未勝利								富田暁		ダ1900				2:03.7	1.2		1-1-1-1	30.3-40.1	41.3	526(0)																			晴		13.0	6.0	9.0	18.0	6.0	8	56.0	良	**	**		マサハヤウォルズ																																											
2020102343	2023-03-25	2阪神1		5.0	3歳未勝利								吉田隼人		ダ1800				1:53.2	-0.1		2-2-2-2	36.0-38.6	38.2	524(-2)				550.0															曇		11.0	4.0	4.0	5.2	2.0	1	56.0	重	**	**		(ロードトラスト)																																											
2020102343	2023-04-23	1京都2		6.0	3歳1勝クラス								吉田隼人		ダ1800				1:54.4	2.1		1-1-1-2	37.5-37.9	40.0	524(0)																			晴		9.0	2.0	2.0	22.2	5.0	7	56.0	良	**	**		ヤマニンウルス																																											
2020102343	2023-08-12	3小倉1		8.0	3歳以上1勝クラス								田口貫太		ダ1700				1:45.1	1.1		3-3-2-2	28.8-38.5	39.4	538(+14)				120.0															晴		16.0	8.0	16.0	22.4	6.0	4	52.0	良	**	**		メイショウモズ																																											
2020102343	2023-09-02	3小倉7		12.0	3歳以上1勝クラス								田口貫太		ダ1700				1:45.2	0.3		1-1-1-1	29.3-39.0	39.3	536(-2)				120.0															晴		16.0	1.0	1.0	10.8	7.0	4	52.0	稍	**	**		サイモンザナドゥ																																											
2020102343	2023-09-24	4阪神7		8.0	3歳以上1勝クラス								田口貫太		ダ1800				1:54.7	2.1		5-5-2-3	37.6-37.1	39.0	542(+6)																			晴		12.0	7.0	10.0	5.7	3.0	7	52.0	良	**	**		バリアントバイオ																																											
2020102343	2023-12-02	5阪神1		8.0	3歳以上1勝クラス								和田竜二		ダ1800				1:55.0	0.9		2-2-2-1	37.5-38.4	39.3	538(-4)																			晴		10.0	3.0	3.0	15.2	5.0	6	57.0	良	**	**		ダノンフロイデ																																											
2020102343	2023-12-16	4中京5		7.0	3歳以上1勝クラス								藤岡康太		ダ1800				1:52.2	0.1		1-1-1-1	36.7-37.5	37.6	536(-2)				320.0															曇		15.0	8.0	14.0	6.2	3.0	2	57.0	重	**	**		ジルバーン																																											
2020102343	2024-01-06	1京都1		7.0	4歳以上1勝クラス								藤岡康太		ダ1800				1:52.7	0.5		1-1-1-1	36.4-37.4	37.9	542(+6)				320.0															曇		11.0	8.0	10.0	7.7	4.0	2	57.0	良	**	**		ダンテバローズ																																											
2020102343	2024-02-11	2小倉2		12.0	4歳以上1勝クラス								藤岡康太		ダ1700				1:44.8	0.1		2-2-2-2	29.5-37.1	37.1	536(-6)				320.0															晴		13.0	4.0	5.0	2.6	1.0	2	57.0	良	**	**		サパテアール																																											
2020102343	2024-03-03	2小倉8		12.0	4歳以上1勝クラス								藤岡康太		ダ1700				1:46.2	1.1		1-2-2-1	30.3-38.0	39.0	538(+2)				200.0															曇		15.0	3.0	4.0	1.4	1.0	3	58.0	稍	**	**		ヒドゥンキング																																											
2020102343	2024-05-11	3京都7		6.0	4歳以上1勝クラス								菱田裕二		ダ1800				1:54.0	0.0		1-1-1-1	38.2-37.6	37.6	544(+6)				800.0															晴		14.0	4.0	6.0	3.6	2.0	1	58.0	良	**	**		(ターゲサンブルック)																																											
2020102343	2024-06-01	4京都1		10.0	若狭湾特別(2勝クラス)								菱田裕二		ダ1800				1:53.7	0.2		1-1-1-1	38.1-36.1	36.3	542(-2)				626.4															晴		10.0	5.0	5.0	4.9	3.0	2	58.0	稍	**	**		メイショウシナノ																																											
2020102343	2024-08-17	3新潟3		9.0	瀬波温泉特別(2勝クラス)								藤懸貴志		ダ1800				1:52.6	0.9		1-1-1-1	36.0-38.0	38.9	548(+6)				230.0															晴		15.0	8.0	15.0	6.0	3.0	4	58.0	良	**	**		ジャスパーロブスト																																											
2020102343	2024-09-01	3新潟8		10.0	両津湾特別(2勝クラス)								川田将雅		ダ1800				1:52.8	0.8		1-1-1-1	36.2-37.8	38.6	544(-4)				230.0															晴		15.0	3.0	4.0	6.7	3.0	4	58.0	良	**	**		ハビレ																																											
2020102343	2024-12-01	7京都2		9.0	聚楽第特別(2勝クラス)								高杉吏麒		ダ1800				1:54.0	-0.1		1-1-1-1	37.8-37.1	37.1	538(-6)				1577.3															晴		11.0	2.0	2.0	4.7	3.0	1	58.0	良	**	**		(トゥルブレンシア)																																											
2020102343	2024-12-21	7京都7		10.0	御陵S(3勝クラス)								高杉吏麒		ダ1800				1:54.2	1.8		3-4-3-3	36.4-36.6	38.0	544(+6)																			曇		16.0	4.0	8.0	69.1	12.0	11	56.0	良	**	**		モンブランミノル																																											
2020102343	2025-03-22	2中山7		10.0	韓国馬事会杯(3勝クラス)								池添謙一		ダ1800				1:55.5	2.6		1-1-1-1	36.7-38.2	40.8	540(-4)																			晴		16.0	8.0	16.0	68.9	10.0	15	58.0	稍	**	**		ストライク																																											
2020102343	2025-05-18	2東京8		12.0	BSイレブン賞(3勝クラス)								斎藤新		ダ1400				1:22.8	-0.1		4-6	34.4-36.2	35.9	540(0)				1875.0															曇		16.0	7.0	14.0	59.8	13.0	1	58.0	重	**	**		(ドンレパルス)																																											
2020102343	2025-06-21	3阪神5		11.0	天保山S(OP)								斎藤新		ダ1400				1:24.9	1.3		6-6	33.8-37.8	38.3	542(+2)																			晴		16.0	5.0	9.0	39.0	13.0	13	57.0	良	**	**		コンクイスタ																																											
2020102343	2025-09-06	4阪神1		11.0	エニフS(L)								小崎綾也		ダ1400				1:24.1	1.4		3-3	33.9-37.1	38.0	538(-4)																			晴		14.0	7.0	11.0	56.4	10.0	10	55.0	稍	**	**		インユアパレス																																											
2020102343	2025-10-26	4東京9		11.0	神無月S(OP)								大野拓弥		ダ1400				1:22.6	0.5		5-5	34.7-35.4	35.4	530(-8)																			小雨		16.0	7.0	14.0	26.3	10.0	8	57.0	不	**	**		インユアパレス																																											
2020102343	2026-01-18	1中山7		10.0	ジャニュアリーS(OP)								大野拓弥		ダ1200				1:11.1	0.5		9-8	33.3-37.3	37.0	540(+10)				220.0																																																									晴		16.0	6.0	11.0	163.6	15.0	5	57.0	良	**	**		モンドプリューム	202606010710
2020102468	2022-06-04	3東京1		5.0	2歳新馬								丹内祐次		芝1600				1:36.9	1.6		8-7	36.1-33.7	34.6	492(0)					晴		13.0	4.0	5.0	81.0	11.0	7	54.0	良	**	**		ノッキングポイント																																																									
2020102468	2022-06-25	3東京7		1.0	2歳未勝利								木幡巧也		芝1600				1:35.4	0.6		2-2	35.5-35.8	36.3	490(-2)				130.0	晴		9.0	6.0	6.0	17.0	4.0	3	54.0	良	**	**		スズカダブル																																																									
2020102468	2022-07-09	2福島3		2.0	2歳未勝利								木幡巧也		芝1800				1:50.7	1.6		2-2-2-2	35.9-36.5	38.0	480(-10)				210.0	小雨		8.0	3.0	3.0	2.8	2.0	2	54.0	良	**	**		ゴッドファーザー																																																									
2020102468	2022-09-10	4中山1		2.0	2歳未勝利								木幡巧也		芝1600				1:35.8	1.5		10-5-4	35.4-34.6	35.5	488(+8)					晴		14.0	8.0	14.0	15.8	7.0	7	54.0	良	**	**		サンティーテソーロ																																																									
2020102468	2022-10-02	4中山9		2.0	2歳未勝利								木幡巧也		芝1600				1:36.6	1.0		13-11-10	36.7-34.8	34.8	480(-8)				52.0	晴		14.0	3.0	4.0	20.5	5.0	5	55.0	良	**	**		オールパルフェ																																																									
2020102468	2022-11-19	3福島5		3.0	2歳未勝利								勝浦正樹		芝1800				1:52.0	0.8		7-8-4-3	36.8-36.3	36.5	490(+10)					晴		16.0	6.0	11.0	6.8	4.0	9	55.0	良	**	**		レミージュ																																																									
2020102468	2022-12-03	6阪神1		4.0	2歳未勝利								岩田康誠		芝1600				1:36.2	0.4		11-11	36.8-34.3	33.8	486(-4)				130.0	晴		11.0	4.0	4.0	35.0	8.0	3	55.0	良	**	**		ニシノベストワン																																																									
2020102468	2022-12-25	5中山8		3.0	2歳未勝利								岩田康誠		芝1600				1:36.4	1.6		9-7-7	35.0-35.6	36.6	486(0)					晴		16.0	8.0	15.0	26.7	9.0	6	55.0	良	**	**		スズハローム																																																									
2020102468	2023-01-15	1小倉2		6.0	3歳未勝利								勝浦正樹		芝1800				1:50.9	1.7		12-11-6-6	35.0-37.5	38.5	494(+8)					晴		14.0	4.0	5.0	8.3	5.0	8	56.0	稍	**	**		ホウオウスーペリア																																																									
2020102468	2023-01-28	1小倉5		2.0	3歳未勝利								松若風馬		芝1200				1:11.0	0.7		4-4	35.3-35.0	35.4	504(+10)					晴		16.0	8.0	16.0	17.7	6.0	6	56.0	重	**	**		ステークホルダー																																																									
2020102468	2023-03-11	2中山5		2.0	3歳未勝利								木幡巧也		ダ1200				1:12.6	1.3		11-11	33.6-37.7	36.9	500(-4)				55.0	晴		16.0	2.0	3.0	16.7	5.0	5	56.0	良	**	**		エコロドゥネス																																																									
2020102468	2023-03-25	3中山1		2.0	3歳未勝利								大野拓弥		ダ1200				1:12.2	1.1		12-10	34.0-37.1	36.5	498(-2)					雨		16.0	2.0	3.0	7.4	5.0	6	56.0	不	**	**		キョウエイカンフ																																																									
2020102468	2023-04-08	3中山5		6.0	3歳未勝利								大野拓弥		ダ1800				1:55.3	0.1		7-6-7-3	37.7-39.4	39.0	490(-8)				220.0	曇		15.0	3.0	5.0	7.1	5.0	2	56.0	稍	**	**		マンノライトニング																																																									
2020102468	2023-04-30	2東京4		2.0	3歳未勝利								大野拓弥		ダ1400				1:26.5	0.4		11-11	35.9-37.4	36.6	496(+6)				140.0	曇		16.0	8.0	16.0	3.1	1.0	3	56.0	良	**	**		マスグラバイト																																																									
2020102468	2023-05-13	2東京7		2.0	3歳未勝利								大野拓弥		ダ1600				1:37.4	0.0		6-6	35.5-36.9	36.4	494(-2)				550.0	雨		16.0	4.0	8.0	4.8	2.0	1	56.0	稍	**	**		(コレクテイニア)																																																									
2020102468	2023-06-03	3東京1		12.0	3歳以上1勝クラス								大野拓弥		ダ1400				1:23.3	1.2		16-16	35.0-35.3	34.7	494(0)				80.0	晴		16.0	2.0	4.0	59.9	11.0	5	55.0	重	**	**		メイデンタワー																																																									
2020102468	2023-12-02	4中京1		3.0	3歳以上1勝クラス								佐々木大		ダ1400				1:26.0	0.8		15-16	34.8-37.9	36.9	512(+18)				200.0	晴		16.0	5.0	10.0	6.4	3.0	3	56.0	良	**	**		スマートアンバー																																																									
2020102468	2023-12-17	4中京6		3.0	3歳以上1勝クラス								佐々木大		ダ1400				1:25.3	0.4		9-9	34.6-38.3	37.7	510(-2)				120.0	晴		16.0	8.0	15.0	5.7	2.0	4	56.0	稍	**	**		ジュンウィンダム																																																									
2020102468	2024-01-13	1中山4		7.0	4歳以上1勝クラス								大野拓弥		ダ1800				1:55.7	1.7		11-11-12-9	36.7-38.9	39.1	502(-8)					曇		16.0	6.0	12.0	7.4	6.0	10	57.0	良	**	**		オセアバトルプラン																																																									
2020102468	2024-02-17	1東京7		12.0	4歳以上1勝クラス								大野拓弥		ダ1600				1:38.4	0.7		13-14	34.5-38.8	37.6	510(+8)					曇		16.0	2.0	3.0	31.7	9.0	6	58.0	良	**	**		ピックアップライン																																																									
2020102468	2024-05-18	2東京9		8.0	4歳以上1勝クラス								大野拓弥		ダ1400				1:24.8	0.1		8-8	36.1-36.2	35.3	518(+8)				320.0	晴		16.0	4.0	7.0	14.4	6.0	2	58.0	良	**	**		ショウナンアビアス																																																									
2020102468	2024-06-01	3東京1		12.0	3歳以上1勝クラス								ルメール		ダ1400				1:24.6	0.3		8-9	35.9-35.9	35.5	518(0)				120.0	晴		16.0	2.0	3.0	4.3	2.0	4	58.0	重	**	**		ランタナヒルズ																																																									
2020102468	2024-06-23	3東京8		12.0	3歳以上1勝クラス								佐藤翔馬		ダ1400				1:22.7	-0.4		7-6	34.1-37.1	35.2	520(+2)				800.0	曇		16.0	5.0	10.0	11.7	5.0	1	55.0	重	**	**		(ヨーカイディスコ)																																																									
2020102468	2024-07-27	2新潟1		6.0	豊栄特別(2勝クラス)								佐藤翔馬		芝1600				1:34.0	1.9		15-15	35.1-33.4	34.2	516(-4)					曇		18.0	7.0	15.0	171.0	16.0	17	58.0	良	**	**		トラマンダーレ																																																									
2020102468	2024-10-05	4東京1		12.0	3歳以上2勝クラス								大野拓弥		ダ1400				1:23.9	0.7		12-10	35.7-35.0	34.9	526(+10)					小雨		16.0	8.0	16.0	10.8	6.0	9	58.0	重	**	**		ベルウェザー																																																									
2020102468	2024-12-22	7京都8		8.0	3歳以上2勝クラス								古川吉洋		ダ1400				1:26.1	0.7		12-13	36.0-37.6	37.2	526(0)					晴		16.0	2.0	3.0	69.0	10.0	7	58.0	良	**	**		スターペスカオリ																																																									
2020102468	2025-02-16	1東京6		12.0	4歳以上2勝クラス								大野拓弥		ダ1400				1:25.7	0.7		9-9	36.7-36.1	35.5	538(+12)				290.0	曇		15.0	3.0	5.0	13.7	5.0	3	58.0	良	**	**		カフェニクス																																																									
2020102468	2025-02-23	1東京8		12.0	大島特別(2勝クラス)								佐藤翔馬		ダ1400				1:25.0	0.5		10-10	35.7-36.7	36.2	540(+2)				395.3	曇		14.0	6.0	10.0	50.4	10.0	3	58.0	良	**	**		ヴァンドーム																																																									
2020102468	2025-03-23	1阪神8		12.0	4歳以上2勝クラス								菅原明良		ダ1400				1:24.6	0.4		10-7	34.2-37.5	36.8	532(-8)				290.0	晴		16.0	6.0	12.0	17.9	6.0	3	58.0	良	**	**		ビダーヤ																																																									
2020102468	2025-04-27	2東京2		12.0	4歳以上2勝クラス								大野拓弥		ダ1400				1:25.0	0.4		13-11	36.3-35.7	35.2	532(0)				290.0	晴		16.0	5.0	10.0	5.6	4.0	3	58.0	稍	**	**		ルージュスタニング																																																									
2020102468	2025-05-17	2東京7		10.0	立川特別(2勝クラス)								横山武史		ダ1400				1:24.0	1.0		9-9	34.4-36.7	36.6	534(+2)					曇		12.0	6.0	8.0	5.6	3.0	6	58.0	不	**	**		アンジュフィールド																																																									
2020102468	2025-06-08	3阪神2		10.0	洲本特別(2勝クラス)								横山典弘		ダ1400				1:25.0	0.5		14-14	35.1-37.0	36.2	526(-8)				155.0	小雨		16.0	6.0	11.0	22.7	7.0	5	58.0	良	**	**		プロトポロス																																																									
2020102468	2025-07-26	3中京1		6.0	四日市特別(2勝クラス)								岩田康誠		ダ1400				1:24.2	0.8		12-12	34.0-37.5	36.5	530(+4)				230.0	晴		16.0	8.0	16.0	13.2	6.0	4	58.0	良	**	**		ワイワイレジェンド																																																									
2020102468	2025-09-07	2札幌6		9.0	旭川特別(2勝クラス)								古川吉洋		ダ1700				1:45.3	-0.3		12-12-8-3	30.0-37.5	36.6	528(-2)				1581.5	晴		14.0	3.0	4.0	7.8	4.0	1	58.0	稍	**	**		(チュウワクリスエス)																																																									
2020102468	2025-10-12	4東京4		10.0	テレビ静岡賞(3勝クラス)								大野拓弥		ダ1400				1:25.6	1.7		14-14	36.0-36.3	35.7	536(+8)					曇		16.0	5.0	10.0	35.1	11.0	11	58.0	良	**	**		ワイワイレジェンド																																																									
2020102468	2025-11-29	5東京7		10.0	シャングリラS(3勝クラス)								木幡巧也		ダ1400				1:24.8	0.8		13-14	35.5-36.3	35.9	542(+6)					曇		16.0	3.0	6.0	96.7	12.0	10	58.0	良	**	**		アンシール																																																									
2020102535	2022-07-10	1函館10		5.0	2歳新馬								山田敬士		芝1800				1:51.7	0.8		1-1-1-1	37.3-35.6	36.4	418(0)				180.0	晴		6.0	2.0	2.0	54.0	5.0	3	52.0	良	**	**		ブラストウェーブ																																																									
2020102535	2022-07-23	1札幌1		1.0	2歳未勝利								横山和生		芝1800				1:53.7	0.2		2-4-3-2	38.3-36.1	36.0	412(-6)				130.0	曇		5.0	5.0	5.0	4.3	2.0	3	54.0	稍	**	**		アンテロース																																																									
2020102535	2022-08-06	1札幌5		1.0	2歳未勝利								丹内祐次		芝1800				1:50.3	1.2		7-7-5-3	36.6-34.7	35.4	414(+2)				78.0	曇		10.0	6.0	6.0	19.9	4.0	4	54.0	良	**	**		ドゥーラ																																																									
2020102535	2022-08-27	2札幌5		1.0	2歳未勝利								武豊		芝1800				1:52.5	0.0		5-5-6-3	39.1-35.0	34.4	414(0)				210.0	曇		7.0	3.0	3.0	4.6	2.0	2	54.0	良	**	**		キングズレイン																																																									
2020102535	2022-09-04	2札幌8		1.0	2歳未勝利								横山武史		芝2000				2:04.7	2.2		8-8-7-5	36.0-36.7	37.4	430(+16)				52.0	晴		8.0	7.0	7.0	6.0	2.0	5	54.0	良	**	**		トップナイフ																																																									
2020102535	2022-10-16	4新潟2		4.0	2歳未勝利								田中勝春		芝1600				1:37.8	0.0		8-7	37.2-33.5	33.0	424(-6)				520.0	晴		10.0	3.0	3.0	7.7	3.0	1	55.0	良	**	**		(トーセンカタリーナ)																																																									
2020102535	2022-10-29	4阪神8		9.0	萩S(L)								菅原明良		芝1800				1:46.9	0.7		7-7	35.8-34.3	33.7	428(+4)					晴		7.0	5.0	5.0	74.2	7.0	6	55.0	良	**	**		トップナイフ																																																									
2020102535	2022-11-12	5阪神3		11.0	デイリー杯2歳S(GII)								武豊		芝1600				1:34.6	1.4		10-9	35.3-34.2	34.1	432(+4)					晴		10.0	4.0	4.0	39.9	8.0	8	55.0	良	**	**		オールパルフェ																																																									
2020102535	2022-12-24	6阪神7		9.0	万両賞(1勝クラス)								幸英明		芝1400				1:22.3	0.6		9-9	35.3-34.6	34.2	428(-4)					晴		9.0	2.0	2.0	82.5	9.0	7	55.0	良	**	**		テラステラ																																																									
2020102535	2023-01-05	1中山1		10.0	ジュニアC(L)								田中勝春		芝1600				1:34.7	1.0		12-12-8	35.0-35.6	35.1	434(+6)				300.0	晴		13.0	4.0	4.0	111.4	13.0	4	56.0	良	**	**		クルゼイロドスル																																																									
2020102535	2023-01-22	1中山8		9.0	若竹賞(1勝クラス)								田中勝春		芝1800				1:49.4	1.3		10-10-10-8	36.4-35.5	35.1	438(+4)					晴		10.0	3.0	3.0	25.8	6.0	7	56.0	良	**	**		パクスオトマニカ																																																									
2020102535	2023-02-05	1中京12		11.0	きさらぎ賞(GIII)								斎藤新		芝2000				2:02.2	2.5		8-8-8-8	36.2-34.3	35.8	440(+2)					晴		8.0	6.0	6.0	74.8	8.0	7	56.0	良	**	**		フリームファクシ																																																									
2020102535	2023-02-19	1東京8		6.0	3歳1勝クラス								原優介		芝1600				1:34.5	1.6		11-12	34.5-34.7	34.1	444(+4)					曇		12.0	5.0	5.0	155.8	11.0	10	54.0	良	**	**		ノッキングポイント																																																									
2020102535	2023-04-29	2東京3		6.0	3歳1勝クラス								佐藤翔馬		芝1600				1:32.7	0.4		12-12	34.0-34.5	33.9	434(-10)				78.0	晴		13.0	8.0	13.0	232.7	13.0	5	53.0	良	**	**		ニシノライコウ																																																									
2020102535	2023-05-06	2東京5		11.0	プリンシパルS(L)								田中勝春		芝2000				2:02.4	1.2		7-6-2	37.4-33.6	34.6	432(-2)					晴		7.0	2.0	2.0	72.0	7.0	7	56.0	良	**	**		パクスオトマニカ																																																									
2020102535	2023-05-27	2東京11		7.0	3歳1勝クラス								佐藤翔馬		芝1400				1:21.2	0.9		11-11	35.1-33.6	33.4	440(+8)					晴		13.0	8.0	13.0	106.2	10.0	10	53.0	良	**	**		シャドウフューリー																																																									
2020102535	2023-08-19	2札幌3		9.0	千歳特別(1勝クラス)								古川吉洋		芝1500				1:29.6	0.3		4-3-2	29.5-35.9	35.8	434(-6)				111.0	小雨		14.0	5.0	8.0	93.3	12.0	5	55.0	良	**	**		ビジュノワール																																																									
2020102535	2023-08-27	2札幌6		8.0	3歳以上1勝クラス								佐藤翔馬		芝1500				1:31.7	0.7		7-6-6	29.5-37.3	37.4	436(+2)				80.0	雨		14.0	4.0	5.0	30.9	10.0	5	52.0	重	**	**		セーヌドゥレーヴ																																																									
2020102535	2023-09-03	2札幌8		6.0	3歳以上1勝クラス								古川吉洋		芝1200				1:09.6	-0.1		14-9	33.9-35.7	34.5	430(-6)				800.0	晴		16.0	6.0	12.0	42.0	13.0	1	56.0	良	**	**		(サウザンサニー)																																																									
2020102535	2023-09-30	4中山8		10.0	勝浦特別(2勝クラス)								田中勝春		芝1200				1:10.2	1.0		13-13	34.7-34.5	34.6	436(+6)					晴		16.0	7.0	14.0	38.2	11.0	12	56.0	良	**	**		タリア																																																									
2020102535	2023-12-23	5中山7		12.0	キャンドルライト賞(2勝クラス)								原優介		芝1200				1:09.0	0.3		9-10	34.2-34.5	34.0	446(+10)					晴		16.0	4.0	7.0	84.9	12.0	6	57.0	良	**	**		スピードオブライト																																																									
2020102535	2024-02-03	1東京3		10.0	テレビ山梨杯(2勝クラス)								武士沢友		芝1400				1:20.8	0.9		10-11	33.8-34.6	34.2	452(+6)					晴		15.0	7.0	12.0	30.5	8.0	8	54.0	良	**	**		オメガキャプテン																																																									
2020102535	2024-02-18	1東京8		8.0	4歳以上2勝クラス								藤田菜七		芝1400				1:22.2	1.1		11-10	35.4-33.8	33.5	456(+4)					晴		12.0	6.0	8.0	122.7	10.0	10	56.0	良	**	**		シャドウフューリー																																																									
2020102535	2024-02-24	2中山1		10.0	富里特別(2勝クラス)								原優介		芝1800				1:49.1	0.8		8-8-8-5	36.0-35.6	35.4	452(-4)				155.0	晴		12.0	3.0	3.0	70.9	9.0	5	57.0	稍	**	**		インスタキング																																																									
2020102535	2024-03-23	3中山1		8.0	4歳以上2勝クラス								原優介		芝1800				1:49.8	0.8		8-8-9-9	38.3-34.7	34.5	448(-4)					小雨		11.0	2.0	2.0	25.8	6.0	8	57.0	良	**	**		マイネルニコラス																																																									
2020102535	2024-04-28	1新潟2		4.0	障害4歳以上未勝利								大江原圭		障2890				3:14.8	5.1		7-7-7-6	105.1-0.0	13.5	444(-4)					晴		10.0	7.0	8.0	9.2	5.0	8	59.0	良				ケンアンビシャス																																																									
2020102535	2024-12-08	5中山4		12.0	3歳以上2勝クラス								菊沢一樹		芝1600				1:34.1	0.4		13-12-11	33.9-36.3	35.2	454(+10)					晴		16.0	5.0	10.0	115.7	15.0	8	58.0	良	**	**		マルチャン																																																									
2020102535	2024-12-22	5中山8		10.0	オルフェーヴルC(2勝クラス)								菊沢一樹		芝1600				1:34.2	0.8		10-11-14	34.6-35.6	35.4	454(0)					晴		16.0	2.0	4.0	132.6	15.0	12	58.0	良	**	**		ピックアチェリー																																																									
2020102535	2025-02-16	1小倉8		9.0	大濠特別(2勝クラス)								秋山稔樹		芝1200				1:08.6	0.0		12-12	33.5-35.1	34.2	452(-2)				395.6	晴		18.0	8.0	16.0	18.7	7.0	3	54.0	良	**	**		ソノママソノママ																																																									
2020102535	2025-03-01	1小倉11		10.0	西日本新聞杯(2勝クラス)								西塚洸二		芝1200				1:09.3	0.9		18-13	33.6-34.8	34.4	450(-2)					曇		18.0	4.0	7.0	33.8	11.0	11	58.0	良	**	**		ジョーメッドヴィン																																																									
2020102535	2025-03-16	2中京2		9.0	岡崎特別(2勝クラス)								丹内祐次		芝1400				1:23.6	1.4		11-12	34.3-36.1	35.5	444(-6)					曇		13.0	4.0	5.0	33.6	10.0	6	54.0	重	**	**		ヤマニンアストロン																																																									
2020102535	2025-03-30	3中山2		12.0	4歳以上2勝クラス								丹内祐次		芝1200				1:09.9	1.2		11-11	33.9-34.8	34.3	442(-2)					晴		13.0	6.0	8.0	30.0	8.0	13	58.0	良	**	**		パクスロマーナ																																																									
2020102535	2025-05-03	2京都3		10.0	御池特別(2勝クラス)								シュタル		芝1400				1:21.7	0.8		6-8	35.2-34.9	34.4	442(0)					晴		8.0	6.0	6.0	78.8	7.0	6	58.0	良	**	**		グロリアラウス																																																									
2020102535	2025-08-23	2札幌1		10.0	オールスターJ第1戦(2勝クラス)								トーレス		芝1200				1:09.8	0.8		11-11	33.9-35.1	34.9	456(+14)					晴		14.0	8.0	13.0	87.4	13.0	9	58.0	良	**	**		ハートホイップ																																																									
2020102535	2025-08-31	2札幌4		10.0	HBC賞(2勝クラス)								原田和真		芝1200				1:10.1	0.5		12-11	34.5-35.1	34.7	448(-8)					曇		16.0	2.0	4.0	121.6	16.0	9	54.0	稍	**	**		ロードマイライフ																																																									
2020102535	2025-09-27	4阪神8		8.0	3歳以上2勝クラス								秋山稔樹		芝1600				1:34.2	0.8		2-2	35.9-33.7	34.4	442(-6)					晴		13.0	2.0	2.0	281.2	12.0	10	58.0	良	**	**		スライビングロード																																																									
2020102535	2025-12-06	5中山1		12.0	3歳以上2勝クラス								原田和真		芝1200				1:07.7	0.2		9-8	33.9-33.6	33.0	452(+10)				170.0	晴		13.0	3.0	6.0	165.0	11.0	4	58.0	良	**	**		アンドアイラヴハー																																																									
2020102535	2025-12-27	5中山7		9.0	ベストウィッシュC(2勝クラス)								原田和真		芝1200				1:08.7	0.9		12-13	33.2-34.6	34.2	462(+10)					曇		16.0	5.0	10.0	25.7	8.0	7	58.0	良	**	**		アンビバレント																																																									
2020102562	2022-10-16	4東京5		5.0	2歳新馬								津村明秀		芝1400				1:24.5	1.0		14-12	36.9-33.7	33.7	422(0)					曇		18.0	7.0	13.0	115.7	14.0	9	54.0	良	**	**		シェーンプリマー																																																									
2020102562	2023-01-05	1中山1		1.0	3歳未勝利								津村明秀		ダ1200				1:12.9	0.3		10-7	33.7-38.9	37.7	428(+6)				140.0	晴		16.0	1.0	1.0	36.1	6.0	3	54.0	良	**	**		シュバルツガイスト																																																									
2020102562	2023-01-28	1東京1		1.0	3歳未勝利								津村明秀		ダ1400				1:26.8	0.7		5-5	36.0-37.3	37.5	424(-4)				220.0	晴		16.0	5.0	10.0	6.0	3.0	2	54.0	良	**	**		メイデンタワー																																																									
2020102562	2023-02-26	2中山2		1.0	3歳未勝利								津村明秀		ダ1200				1:12.9	0.3		6-7	34.3-38.3	38.0	430(+6)				140.0	晴		16.0	2.0	4.0	3.1	2.0	3	54.0	良	**	**		デイズオブドリーム																																																									
2020102562	2023-04-15	3中山7		1.0	3歳未勝利								津村明秀		ダ1200				1:11.9	0.2		3-3	34.5-37.2	37.1	424(-6)				220.0	雨		15.0	2.0	2.0	2.3	1.0	2	54.0	稍	**	**		メルティーショコラ																																																									
2020102562	2023-05-06	2東京5		3.0	3歳未勝利								津村明秀		ダ1400				1:25.7	-0.9		3-3	35.4-37.8	37.6	422(-2)				550.0	晴		16.0	5.0	10.0	1.7	1.0	1	54.0	良	**	**		(サイタブラウン)																																																									
2020102562	2023-08-27	3新潟6		12.0	3歳以上1勝クラス								津村明秀		ダ1200				1:13.1	0.3		6-6	35.5-37.3	36.9	430(+8)				120.0	晴		15.0	5.0	9.0	2.4	1.0	4	54.0	良	**	**		ロイヤルソウル																																																									
2020102562	2023-09-18	4中山5		12.0	3歳以上1勝クラス								津村明秀		ダ1200				1:12.7	0.4		9-11	34.4-37.9	37.1	430(0)				200.0	晴		16.0	8.0	16.0	4.4	2.0	3	54.0	良	**	**		スティルディマーレ																																																									
2020102562	2023-10-08	4東京2		6.0	3歳以上1勝クラス								津村明秀		ダ1400				1:25.7	0.5		3-3	35.4-37.6	37.5	428(-2)					曇		15.0	4.0	7.0	4.9	3.0	6	54.0	良	**	**		フミバレンタイン																																																									
2020102562	2023-12-23	5中山7		8.0	3歳以上1勝クラス								津村明秀		ダ1200				1:12.7	0.9		11-10	34.4-37.4	36.9	428(0)					晴		16.0	3.0	6.0	7.4	4.0	9	55.0	良	**	**		クラウンブラヴォー																																																									
2020102562	2024-01-28	1東京2		7.0	4歳以上1勝クラス								武豊		ダ1600				1:38.9	-0.1		3-3	35.9-38.0	37.7	438(+10)				800.0	曇		14.0	8.0	14.0	11.2	6.0	1	55.0	良	**	**		(ホワイトクロウ)																																																									
2020102562	2024-05-04	2東京5		12.0	4歳以上2勝クラス								津村明秀		ダ1600				1:38.8	1.6		7-7	35.9-36.7	37.3	446(+8)					晴		13.0	4.0	5.0	19.4	6.0	12	56.0	稍	**	**		ラップスター																																																									
2020102562	2024-05-19	2東京10		12.0	三峰山特別(2勝クラス)								内田博幸		ダ1600				1:39.0	1.8		3-4	36.4-35.9	37.3	450(+4)					曇		15.0	2.0	2.0	79.8	15.0	13	56.0	良	**	**		マウントベル																																																									
2020102562	2024-08-18	2中京4		9.0	濃尾特別(2勝クラス)								永島まな		ダ1800				1:57.1	4.2		8-9-8-11	37.2-38.2	41.7	446(-4)					晴		16.0	8.0	16.0	143.3	12.0	15	56.0	良	**	**		サトノアイオライト																																																									
2020102562	2024-10-19	4東京5		8.0	3歳以上2勝クラス								丸田恭介		ダ1400				1:25.5	1.6		14-14	35.8-35.9	35.6	452(+6)					晴		16.0	7.0	13.0	81.5	10.0	11	56.0	良	**	**		ストレングス																																																									
2020102562	2024-12-22	5中山8		8.0	冬至特別(2勝クラス)								丸田恭介		ダ1200				1:12.8	1.2		14-15	33.6-38.0	37.9	454(+2)					晴		16.0	4.0	8.0	141.7	13.0	13	56.0	良	**	**		ロードフロンティア																																																									
2020102607	2022-11-19	3福島5		5.0	2歳新馬								横山琉人		芝1800				1:57.4	1.0		6-7-8-8	41.1-34.9	35.4	480(0)																			晴		11.0	1.0	1.0	20.9	7.0	6	52.0	良	**	**		ドットクルー																																											
2020102607	2023-02-19	1東京8		4.0	3歳未勝利								津村明秀		芝1800				1:48.6	1.0		11-6-7	36.1-34.7	35.2	470(-10)																			曇		16.0	8.0	16.0	98.3	13.0	12	54.0	良	**	**		ウィステリアリヴァ																																											
2020102607	2023-03-04	2中山3		3.0	3歳未勝利								丸山元気		ダ1800				1:56.9	1.5		7-4-4-3	37.8-37.6	38.8	470(0)				220.0															晴		16.0	3.0	6.0	35.9	9.0	2	54.0	良	**	**		ゴールドバランサー																																											
2020102607	2023-05-07	1新潟4		1.0	3歳未勝利								丸山元気		ダ1800				1:53.7	0.6		5-3-2-3	36.4-37.9	38.4	466(-4)				140.0															雨		14.0	2.0	2.0	4.1	3.0	3	54.0	不	**	**		パルメリータ																																											
2020102607	2023-05-20	1新潟7		2.0	3歳未勝利								丸山元気		ダ1800				1:54.0	0.1		5-4-5-5	35.8-39.5	39.1	460(-6)				220.0															晴		13.0	7.0	11.0	7.7	4.0	2	54.0	良	**	**		モズアンタレス																																											
2020102607	2023-07-09	2福島4		2.0	3歳未勝利								丸山元気		ダ1700				1:48.4	0.2		1-1-1-1	29.8-39.4	39.6	464(+4)				83.0															曇		15.0	3.0	4.0	2.7	1.0	4	54.0	良	**	**		レディバローズ																																											
2020102607	2023-07-23	1札幌2		2.0	3歳未勝利								ルメール		ダ1700				1:47.9	-0.2		7-6-6-2	30.2-38.6	38.2	464(0)				550.0															晴		14.0	5.0	7.0	1.6	1.0	1	54.0	良	**	**		(カフェノワール)																																											
2020102607	2023-10-14	4新潟1		3.0	3歳以上1勝クラス								吉田隼人		ダ1800				1:54.0	0.2		13-13-9-6	35.9-39.0	38.7	464(0)				320.0															晴		13.0	4.0	5.0	13.3	6.0	2	54.0	良	**	**		グレノークス																																											
2020102607	2023-10-28	4新潟5		8.0	3歳以上1勝クラス								丹内祐次		ダ1800				1:53.5	0.2		7-9-4-4	37.3-37.9	37.8	456(-8)				320.0															小雨		13.0	8.0	13.0	5.5	3.0	2	54.0	重	**	**		テレパシー																																											
2020102607	2023-11-19	3福島6		2.0	3歳以上1勝クラス								丹内祐次		ダ1700				1:45.0	0.0		10-10-2-3	28.8-38.4	38.4	456(0)				320.0															晴		15.0	5.0	9.0	2.4	1.0	2	54.0	重	**	**		ランスオブサターン																																											
2020102607	2024-02-04	1東京4		4.0	4歳以上1勝クラス								戸崎圭太		ダ1600				1:39.4	0.5		5-4	35.8-37.0	37.2	472(+16)				200.0															曇		15.0	4.0	7.0	4.1	2.0	3	56.0	良	**	**		メロウヴォイス																																											
2020102607	2024-02-25	2中山2		7.0	4歳以上1勝クラス								岩田望来		ダ1800				1:54.0	0.0		2-2-1-2	37.2-39.5	39.5	464(-8)				200.0															小雨		10.0	7.0	7.0	3.3	1.0	3	55.0	稍	**	**		ピッチパーフェクト																																											
2020102607	2024-03-10	1中京2		6.0	4歳以上1勝クラス								戸崎圭太		ダ1800				1:55.8	0.0		4-3-4-4	37.9-39.3	38.9	452(-12)				320.0															晴		10.0	4.0	4.0	1.7	1.0	2	56.0	良	**	**		シンボリックレルム																																											
2020102607	2024-09-15	4中山4		6.0	3歳以上1勝クラス								佐々木大		ダ1800				1:54.3	0.9		5-5-4-6	35.8-38.9	39.0	480(+28)				200.0															晴		16.0	7.0	13.0	4.4	1.0	3	56.0	良	**	**		デフィニティーボ																																											
2020102607	2024-10-06	4東京2		7.0	3歳以上1勝クラス								鮫島克駿		ダ1600				1:35.8	0.7		7-6	34.0-37.3	37.4	476(-4)																			曇		16.0	4.0	8.0	14.2	4.0	6	56.0	重	**	**		サトノアインス																																											
2020102607	2024-12-01	5中山2		7.0	3歳以上1勝クラス								津村明秀		ダ1800				1:53.8	0.7		3-3-3-3	37.1-37.7	38.2	474(-2)				200.0															晴		12.0	7.0	10.0	2.6	1.0	3	56.0	良	**	**		サツキノジョウ																																											
2020102607	2025-01-11	1中山3		6.0	4歳以上1勝クラス								津村明秀		ダ1800				1:55.7	0.6		7-6-8-6	38.0-40.4	40.3	472(-2)				120.0															晴		13.0	4.0	4.0	4.9	2.0	4	56.0	稍	**	**		カフェアローロ																																											
2020102607	2025-02-02	1東京2		2.0	4歳以上1勝クラス								岩田望来		ダ2100				2:13.4	1.1		3-2-2-2	30.7-38.8	39.8	470(-2)																			雨		14.0	6.0	10.0	14.0	7.0	7	56.0	稍	**	**		バナマンテソーロ																																											
2020102607	2025-04-12	1福島1		7.0	4歳以上1勝クラス								丹内祐次		ダ1700				1:47.6	0.6		7-7-5-3	30.2-39.2	39.3	464(-6)				200.0															曇		14.0	4.0	6.0	3.0	2.0	3	56.0	良	**	**		ファイントパーズ																																											
2020102607	2025-05-17	2東京7		12.0	4歳以上1勝クラス								レーン		ダ1600				1:36.4	0.1		4-4	34.4-37.1	36.9	472(+8)				320.0															曇		14.0	3.0	4.0	3.3	2.0	2	56.0	不	**	**		プチボヌール																																											
2020102607	2025-06-07	3東京1		8.0	3歳以上1勝クラス								レーン		ダ1600				1:37.2	0.3		2-2	34.9-36.9	37.0	476(+4)				200.0															晴		16.0	6.0	11.0	4.1	2.0	3	56.0	良	**	**		バランスダンサー																																											
2020102607	2025-09-06	4中山1		8.0	3歳以上1勝クラス								戸崎圭太		ダ1800				1:53.1	-0.4		2-2-2-2	37.4-37.1	37.1	474(-2)				800.0															晴		7.0	4.0	4.0	3.1	2.0	1	56.0	稍	**	**		(フィールオーサム)																																											
2020102607	2025-09-21	4中山7		12.0	3歳以上2勝クラス								ルメール		ダ1800				1:54.2	0.7		9-10-7-8	36.9-39.0	39.2	474(0)																			曇		16.0	8.0	16.0	5.5	3.0	7	56.0	良	**	**		サンセットブライト																																											
2020102607	2025-12-07	5中京2		9.0	犬山特別(2勝クラス)								松山弘平		ダ1800				1:53.9	1.4		2-3-3-3	36.4-38.5	39.7	454(-20)																			晴		16.0	5.0	9.0	11.4	6.0	7	56.0	良	**	**		エイシンナデシコ																																											
2020102607	2026-01-18	1中山7		8.0	4歳以上2勝クラス								佐々木大		ダ1800				1:55.1	1.5		4-3-3-5	36.8-38.9	40.1	470(+16)																																																													晴		16.0	2.0	4.0	23.2	7.0	6	56.0	良	**	**		レディーフランシス	202606010708
2020102641	2023-01-15	1中山6		6.0	3歳新馬								石川裕紀		ダ1800				1:56.7	1.1		6-5-3-3	37.8-39.2	40.0	510(0)				160.0																																											曇		13.0	3.0	3.0	11.2	7.0	3	56.0	良	**	**		ボールドゾーン															
2020102641	2023-03-12	2中山6		3.0	3歳未勝利								ルメール		ダ1800				1:53.8	0.0		4-4-4-3	37.5-37.8	37.5	504(-6)				550.0																																											晴		16.0	3.0	5.0	3.6	3.0	1	56.0	良	**	**		(アクションプラン)															
2020102641	2023-05-06	2東京5		6.0	3歳1勝クラス								石川裕紀		ダ1600				1:38.8	2.3		5-5	35.2-37.6	39.2	506(+2)																																															晴		15.0	4.0	7.0	10.5	4.0	8	56.0	良	**	**		ブライアンセンス															
2020102641	2023-07-22	2福島7		8.0	3歳以上1勝クラス								戸崎圭太		ダ1700				1:47.5	1.3		9-10-7-6	30.0-38.4	39.0	516(+10)				80.0																																											晴		15.0	7.0	13.0	6.4	4.0	5	55.0	良	**	**		レイズカイザー															
2020102641	2023-09-09	4中山1		8.0	3歳以上1勝クラス								ルメール		ダ1800				1:51.1	-0.3		2-2-2-2	36.6-37.8	37.6	506(-10)				800.0																																											曇		10.0	7.0	7.0	2.1	1.0	1	55.0	重	**	**		(コブラ)															
2020102641	2023-12-02	5中山1		10.0	鹿島特別(2勝クラス)								ビュイッ		ダ1800				1:53.6	0.4		4-4-5-5	37.6-37.2	37.0	510(+4)				632.8																																											晴		16.0	8.0	16.0	9.1	3.0	2	57.0	良	**	**		フラッパールック															
2020102641	2024-01-14	1中山5		8.0	4歳以上2勝クラス								ルメール		ダ1800				1:52.6	-0.1		5-5-3-2	37.0-38.0	37.7	502(-8)				1140.0																																											晴		16.0	4.0	8.0	1.4	1.0	1	57.0	良	**	**		(ホウオウカブキ)															
2020102641	2024-06-16	4京都6		10.0	天橋立S(3勝クラス)								川田将雅		ダ1800				1:53.5	0.4		4-4-6-4	37.0-36.8	36.5	506(+4)				280.0																																											晴		16.0	5.0	9.0	2.0	1.0	4	58.0	良	**	**		ペプチドソレイユ															
2020102641	2024-12-01	5中山2		10.0	市川S(3勝クラス)								ビュイッ		ダ1800				1:53.9	1.8		4-4-7-7	36.2-38.5	39.7	508(+2)																																															晴		16.0	1.0	1.0	3.5	1.0	14	57.0	良	**	**		クインズミモザ															
2020102641	2025-01-18	1中山6		10.0	アレキサンドライトS(3勝クラス)								菅原明良		ダ1800				1:53.3	0.9		9-9-9-5	36.8-38.5	38.7	510(+2)				184.0																																											晴		16.0	3.0	6.0	10.7	6.0	5	57.0	良	**	**		マーブルロック															
2020102641	2025-03-22	2中山7		10.0	韓国馬事会杯(3勝クラス)								北村宏司		ダ1800				1:54.4	1.5		14-13-14-14	36.7-38.2	38.7	510(0)																																															晴		16.0	2.0	4.0	30.1	9.0	11	58.0	稍	**	**		ストライク															
2020102641	2025-05-25	2東京10		12.0	丹沢S(3勝クラス)								ディー		ダ2100				2:08.5	1.3		4-5-5-5	30.3-35.9	36.9	510(0)																																															曇		16.0	4.0	7.0	55.2	12.0	9	56.0	重	**	**		カズタンジャー															
2020102641	2025-07-13	2福島6		10.0	天の川S(3勝クラス)								三浦皇成		ダ1700				1:47.0	1.2		2-2-2-2	29.3-38.1	39.2	492(-18)																																															晴		15.0	8.0	15.0	15.2	6.0	13	58.0	良	**	**		ノーブルゲイル															
2020102641	2025-10-13	4東京5		4.0	障害3歳以上未勝利								伴啓太		障3000				3:28.6	7.0		10-10-12-12	103.0-0.0	13.9	506(+14)																																															晴		14.0	3.0	4.0	17.3	7.0	7	60.0	良				ジーティーオウジャ															
2020102672	2022-08-06	1札幌5		5.0	2歳新馬								岩田望来		芝1200				1:10.1	0.0		2-1	36.1-34.0	34.0	438(0)				700.0																													晴		8.0	8.0	8.0	7.0	3.0	1	54.0	良	**	**		(セフィロ)																													
2020102672	2022-10-23	4東京7		6.0	2歳1勝クラス								戸崎圭太		芝1400				1:22.8	-0.2		1-1	36.9-33.6	33.6	430(-8)				750.0																													晴		7.0	3.0	3.0	2.8	1.0	1	54.0	良	**	**		(ハーエクセレンシー)																													
2020102672	2023-01-09	1中山4		11.0	フェアリーS(GIII)								戸崎圭太		芝1600				1:34.3	0.0		13-10-9	34.5-36.1	35.3	436(+6)				1517.0																													晴		16.0	5.0	10.0	12.6	7.0	2	54.0	良	**	**		キタウイング																													
2020102672	2023-04-08	3中山5		11.0	ニュージーランドT(GII)								戸崎圭太		芝1600				1:34.5	0.8		9-6-8	35.0-36.0	36.2	432(-4)																																	曇		16.0	7.0	13.0	17.2	6.0	11	54.0	稍	**	**		エエヤン																													
2020102672	2023-06-24	1函館5		11.0	青函S(OP)								横山武史		芝1200				1:10.2	0.9		6-5	34.6-34.7	35.0	444(+12)																																	曇		16.0	2.0	3.0	2.7	1.0	9	52.0	稍	**	**		ゾンニッヒ																													
2020102672	2023-10-15	4新潟2		11.0	信越S(L)								丸山元気		芝1400				1:21.3	0.7		9-9	34.0-34.9	34.6	440(-4)																																	曇		15.0	3.0	5.0	10.5	5.0	11	52.0	稍	**	**		サーマルウインド																													
2020102672	2024-11-03	3福島2		11.0	みちのくS(OP)								横山琉人		芝1200				1:11.3	0.6		4-3	35.2-35.5	35.8	456(+16)																																	晴		16.0	1.0	1.0	64.6	13.0	10	55.0	稍	**	**		エターナルタイム																													
2020102672	2025-01-18	1中山6		11.0	カーバンクルS(OP)								石川裕紀		芝1200				1:08.0	0.6		15-12	33.2-34.2	33.6	452(-4)																																	晴		16.0	1.0	2.0	123.1	14.0	10	53.0	良	**	**		エイシンフェンサー																													
2020102672	2025-04-13	3中山6		11.0	春雷S(L)								石神深道		芝1200				1:08.8	0.8		13-13	33.5-34.5	33.9	446(-6)																																	雨		14.0	4.0	6.0	71.6	11.0	10	53.0	稍	**	**		ヨシノイースター																													
2020102672	2025-06-28	1函館5		11.0	青函S(OP)								小林美駒		芝1200				1:08.8	0.7		16-15	33.3-34.8	33.7	456(+10)																																	晴		16.0	5.0	9.0	113.5	16.0	6	52.0	良	**	**		エーティーマクフィ																													
2020102672	2025-08-10	1札幌6		11.0	UHB賞(OP)								舟山瑠泉		芝1200				1:09.3	0.1		11-14	34.8-34.4	33.7	456(0)																																	曇		16.0	8.0	15.0	77.3	15.0	8	55.0	良	**	**		フィオライア																													
2020102672	2025-11-09	3福島2		11.0	みちのくS(OP)								舟山瑠泉		芝1200				1:08.9	0.6		14-15	33.5-34.8	34.1	450(-6)																																	小雨		16.0	3.0	5.0	43.6	15.0	10	55.0	良	**	**		レイピア																													
2020102672	2026-01-17	1中山6		11.0	カーバンクルS(OP)								舟山瑠泉		芝1200				1:07.6	0.2		12-12	33.7-33.7	33.0	462(+12)				585.0																													晴		16.0	3.0	5.0	97.0	13.0	3	52.0	良				ウイングレイテスト																													
2020102687	2022-11-12	5阪神3		4.0	2歳新馬								岩田望来		ダ1800				1:55.9	0.2		3-3-4-3	38.6-37.6	37.4	498(0)				280.0	晴		9.0	1.0	1.0	27.2	6.0	2	55.0	良	**	**		サンデーファンデー																																																									
2020102687	2022-12-04	6阪神2		3.0	2歳未勝利								岩田望来		ダ1800				1:57.3	0.3		6-5-4-4	37.9-39.1	39.1	490(-8)				210.0	曇		11.0	3.0	3.0	1.4	1.0	2	55.0	稍	**	**		スズノハマヤ																																																									
2020102687	2022-12-25	6阪神8		1.0	2歳未勝利								岩田望来		ダ1800				1:57.2	0.7		1-1-1-1	39.1-38.7	39.4	496(+6)				52.0	晴		16.0	3.0	6.0	4.0	2.0	5	55.0	良	**	**		アルムエアフォルク																																																									
2020102687	2023-04-02	2阪神4		1.0	3歳未勝利								岩田望来		ダ1800				1:55.8	0.2		8-7-7-6	37.8-38.2	37.8	494(-2)				140.0	晴		16.0	4.0	7.0	4.0	2.0	3	56.0	良	**	**		ダイヤグラフ																																																									
2020102687	2023-04-30	1新潟2		3.0	3歳未勝利								吉田隼人		ダ1800				1:53.4	1.0		4-4-2-3	35.9-38.8	39.5	496(+2)				83.0	小雨		15.0	5.0	9.0	1.9	1.0	4	56.0	重	**	**		ヤマニンエンディマ																																																									
2020102687	2023-05-21	1京都10		3.0	3歳未勝利								岩田望来		ダ1800				1:54.8	0.0		8-8-4-4	36.6-39.6	38.9	500(+4)				220.0	晴		16.0	7.0	14.0	5.3	3.0	2	56.0	稍	**	**		ヒロノオオゾラ																																																									
2020102687	2023-06-25	3阪神8		3.0	3歳未勝利								岩田望来		ダ1800				1:53.4	-0.7		6-6-6-4	36.9-37.8	36.9	508(+8)				550.0	曇		15.0	8.0	15.0	2.7	2.0	1	56.0	良	**	**		(ガウロン)																																																									
2020102687	2023-07-15	3中京5		7.0	3歳以上1勝クラス								岩田望来		ダ1800				1:55.4	1.2		7-7-6-5	37.2-38.8	39.6	508(0)					晴		11.0	8.0	10.0	7.1	4.0	6	55.0	稍	**	**		テーオーレガシー																																																									
2020102687	2023-11-25	3京都7		7.0	3歳以上1勝クラス								松山弘平		ダ1800				1:53.4	0.7		3-2-2-2	37.0-38.6	39.2	522(+14)					晴		14.0	5.0	8.0	6.5	3.0	6	56.0	良	**	**		サムハンター																																																									
2020102687	2023-12-17	5阪神6		7.0	3歳以上1勝クラス								松山弘平		ダ1800				1:54.7	1.0		5-3-4-4	38.4-38.1	38.6	520(-2)				120.0	晴		9.0	6.0	6.0	10.0	4.0	4	57.0	稍	**	**		チュウワハート																																																									
2020102687	2024-02-17	2小倉3		7.0	4歳以上1勝クラス								西塚洸二		ダ1700				1:46.6	0.0		6-6-4-3	30.1-39.5	39.0	514(-6)				800.0	晴		13.0	7.0	11.0	3.0	1.0	1	55.0	良	**	**		(アイファーファイト)																																																									
2020102687	2024-03-09	2中山5		9.0	鎌ケ谷特別(2勝クラス)								岩田望来		ダ1800				1:53.5	0.6		6-6-8-8	37.7-38.4	38.4	514(0)					晴		16.0	3.0	5.0	10.4	7.0	6	58.0	重	**	**		グランサバナ																																																									
2020102687	2024-06-01	4京都1		10.0	若狭湾特別(2勝クラス)								岩田望来		ダ1800				1:54.9	1.4		2-3-4-4	38.1-36.1	37.1	514(0)					晴		10.0	2.0	2.0	8.6	5.0	7	58.0	稍	**	**		メイショウシナノ																																																									
2020102687	2024-06-30	2福島2		10.0	いわき特別(2勝クラス)								西塚洸二		ダ1700				1:47.4	1.7		9-7-6-9	29.9-37.1	38.4	510(-4)					曇		13.0	7.0	11.0	9.4	5.0	11	58.0	良	**	**		サノノエスポ																																																									
2020102687	2024-11-02	6京都1		9.0	衣笠特別(2勝クラス)								岩田望来		ダ1800				1:56.6	4.9		6-6-6-10	37.0-38.0	42.4	520(+10)					雨		10.0	7.0	8.0	20.7	6.0	10	58.0	不	**	**		ロードトラスト																																																									
2020102687	2024-11-24	6京都8		8.0	3歳以上2勝クラス								岩田望来		ダ1400				1:24.8	0.5		7-6	34.7-37.6	37.1	520(0)				290.0	曇		16.0	5.0	10.0	18.5	7.0	3	58.0	良	**	**		サウンドアレグリア																																																									
2020102687	2024-12-22	7京都8		8.0	3歳以上2勝クラス								団野大成		ダ1400				1:25.9	0.5		8-7	36.0-37.6	37.3	518(-2)				170.0	晴		16.0	3.0	6.0	33.9	8.0	4	58.0	良	**	**		スターペスカオリ																																																									
2020102687	2025-04-19	2阪神7		9.0	吹田特別(2勝クラス)								岩田望来		ダ1400				1:25.9	0.9		9-8	35.1-37.5	37.7	524(+6)					晴		16.0	3.0	5.0	11.5	4.0	7	58.0	良	**	**		ルディック																																																									
2020102687	2025-05-11	2京都6		12.0	4歳以上2勝クラス								団野大成		ダ1400				1:24.6	0.7		9-8	35.0-36.4	36.4	518(-6)				170.0	曇		16.0	4.0	7.0	7.2	5.0	4	58.0	稍	**	**		プルートマスター																																																									
2020102687	2025-05-24	2京都9		12.0	オーストラリアT(2勝クラス)								岩田望来		ダ1400				1:23.2	1.4		4-4	34.8-35.2	36.0	524(+6)					雨		13.0	8.0	12.0	18.1	5.0	13	58.0	稍	**	**		プロミシングスター																																																									
2020102687	2025-10-26	3京都9		12.0	嵯峨野特別(2勝クラス)								団野大成		ダ1400				1:23.7	0.9		13-11	34.1-36.7	36.5	526(+2)					曇		16.0	1.0	2.0	138.4	12.0	8	55.0	重	**	**		ピエマンソン																																																									
2020102687	2025-12-06	5阪神1		8.0	3歳以上2勝クラス								岩田康誠		ダ1400				1:24.8	0.9		12-12	34.4-37.2	37.1	520(-6)					晴		16.0	3.0	6.0	88.5	11.0	8	58.0	良	**	**		メイショウツヨキ																																																									
2020102703	2023-01-28	1東京1	晴	2.0	3歳新馬		16.0	8.0	16.0	20.8	7.0	2	吉田豊	54.0	ダ1400		良	**	1:27.7	0.1	**	9-9	36.8-37.4	36.7	454(0)			ハッピーロンドン	250.0																																																																							
2020102703	2023-02-18	1東京7	晴	1.0	3歳未勝利		16.0	5.0	9.0	3.9	2.0	1	吉田豊	54.0	ダ1400		稍	**	1:26.2	-0.6	**	14-12	35.9-37.5	36.4	454(0)			(フクチャンビーナス)	550.0																																																																							
2020102703	2023-05-13	2東京7	小雨	6.0	3歳1勝クラス		16.0	7.0	14.0	7.5	4.0	5	吉田豊	54.0	ダ1400		稍	**	1:23.4	0.6	**	6-6	35.0-35.9	35.9	456(+2)			レディフォース	78.0																																																																							
2020102703	2023-06-11	3東京4	小雨	7.0	3歳以上1勝クラス		16.0	2.0	4.0	10.0	6.0	1	吉田豊	53.0	ダ1600		重	**	1:36.5	0.0	**	13-13	36.4-35.2	33.9	456(0)			(ビターゼノビア)	800.0																																																																							
2020102703	2023-08-06	2新潟4	晴	11.0	レパードS(GIII)		15.0	1.0	1.0	42.3	11.0	9	吉田豊	54.0	ダ1800		良	**	1:52.4	1.6	**	15-15-15-14	35.7-37.6	37.2	456(0)			ライオットガール																																																																								
2020102703	2023-10-15	4東京5	曇	8.0	3歳以上2勝クラス		12.0	8.0	12.0	2.4	1.0	1	吉田豊	54.0	ダ1600		不	**	1:35.0	-0.2	**	10-10	34.7-36.2	35.2	454(-2)			(ナンヨーヴィヨレ)	1140.0																																																																							
2020102703	2023-11-12	5東京4	曇	9.0	銀嶺S(3勝クラス)		15.0	6.0	10.0	3.9	2.0	7	吉田豊	55.0	ダ1400		良	**	1:25.0	0.8	**	15-14	35.6-36.1	35.9	452(-2)			メタマックス																																																																								
2020102703	2024-02-04	1東京4	曇	10.0	白嶺S(3勝クラス)		16.0	6.0	12.0	13.3	4.0	4	吉田豊	56.0	ダ1600		良	**	1:37.3	0.8	**	16-15	35.1-37.2	36.1	456(+4)			コスタノヴァ	280.0																																																																							
2020102703	2024-03-31	3中山4	晴	10.0	アリエスS(3勝クラス)		16.0	1.0	2.0	13.7	5.0	3	吉田豊	56.0	ダ1800		良	**	1:53.1	0.0	**	13-13-15-15	37.6-37.7	36.4	456(0)			ドライゼ	464.9																																																																							
2020102703	2024-05-26	2東京12	晴	10.0	ディープインパクトC(3勝クラス)		16.0	3.0	6.0	9.4	4.0	8	吉田豊	56.0	ダ1600		良	**	1:36.8	1.2	**	15-15	35.5-35.4	35.2	460(+4)			ドゥラレジリエント																																																																								
2020102703	2024-06-23	3東京8	曇	10.0	甲州街道S(3勝クラス)		16.0	8.0	16.0	3.9	1.0	3	吉田豊	53.0	ダ1600		重	**	1:35.0	0.5	**	11-11	35.2-35.5	34.8	460(0)			ニシノカシミヤ	465.3																																																																							
2020102703	2024-08-25	3新潟6	曇	10.0	長岡S(3勝クラス)		14.0	4.0	6.0	10.9	5.0	8	吉田豊	53.0	芝1600		良	**	1:34.1	0.7	**	12-13	34.9-34.7	33.8	462(+2)			バレエマスター																																																																								
2020102703	2024-09-28	4中山8	曇	11.0	秋風S(3勝クラス)		15.0	7.0	13.0			取	吉田豊	56.0	芝1600		良	**			**		35.3-34.3		計不			トロヴァトーレ																																																																								
2020102703	2024-11-03	5東京2	晴	10.0	錦秋S(3勝クラス)		11.0	7.0	8.0	21.6	7.0	7	吉田豊	56.0	ダ1600		重	**	1:37.1	0.7	**	8-9	36.5-34.9	34.9	460(-2)			ウェイワードアクト																																																																								
2020102703	2024-12-21	7京都7	曇	10.0	御陵S(3勝クラス)		16.0	6.0	12.0	38.9	9.0	8	吉田隼人	53.0	ダ1800		良	**	1:53.8	1.4	**	13-14-15-15	36.4-36.6	36.7	452(-8)			モンブランミノル																																																																								
2020102703	2025-02-01	1東京1	晴	9.0	白嶺S(3勝クラス)		16.0	1.0	2.0	57.6	12.0	9	吉田豊	53.0	ダ1600		良	**	1:37.5	0.8	**	15-15	35.8-36.1	34.7	460(+8)			タガノエスコート																																																																								
2020102703	2025-04-06	3中山4	晴	10.0	アリエスS(3勝クラス)		16.0	6.0	12.0	10.9	7.0	2	吉田豊	56.0	ダ1800		稍	**	1:52.5	0.6	**	9-9-10-11	36.0-37.8	37.6	462(+2)			マンマリアーレ	749.8																																																																							
2020102703	2025-05-03	1新潟1	晴	11.0	三条S(3勝クラス)		15.0	2.0	2.0	7.4	4.0	5	吉田隼人	56.0	ダ1800		稍	**	1:52.9	0.6	**	8-9-11-11	37.9-37.3	36.7	464(+2)			アピーリングルック	184.0																																																																							
2020102703	2025-06-01	2東京12	晴	9.0	薫風S(3勝クラス)		16.0	4.0	8.0	20.8	6.0	3	吉田豊	56.0	ダ1600		稍	**	1:35.6	0.4	**	11-11	35.6-35.3	34.7	462(-2)			ダノンザボルケーノ	465.2																																																																							
2020102703	2025-09-21	4中山7	曇	10.0	内房S(3勝クラス)		16.0	1.0	2.0	22.2	7.0	2	吉田豊	54.0	ダ1800		良	**	1:53.0	0.0	**	13-13-12-12	37.0-39.9	38.3	470(+8)			ハギノサステナブル	749.6																																																																							
2020102703	2025-10-18	3京都6	曇	11.0	トルマリンS(3勝クラス)		16.0	2.0	4.0	7.6	4.0	14	吉田豊	56.0	ダ1800		稍	**	1:52.6	1.5	**	13-14-13-14	36.4-36.6	37.0	466(-4)			レイナデアルシーラ																																																																								
2020102703	2026-01-04	1中山1	晴	9.0	招福S(3勝クラス)		11.0	8.0	11.0	6.5	3.0	6	吉田豊	56.0	ダ1800		稍	**	1:53.9	0.8	**	8-8-10-10	37.6-38.2	38.3	466(0)			アスクデビューモア																																																																								
2020102703	2026-01-17	1中山6		10.0	アレキサンドライトS(3勝クラス)								吉田豊		ダ1800				1:53.8	1.6		14-14-11-14	37.4-37.5	37.7	466(0)																																	晴		16.0	8.0	16.0	18.1	8.0	8	54.0	良				チュウワクリスエス																													
2020102724	2022-11-12	5阪神3		4.0	2歳新馬								Ｃ．デム		ダ1800				1:57.1	1.4		7-7-8-6	38.6-37.6	38.2	536(0)				70.0	晴		9.0	5.0	5.0	13.4	4.0	5	55.0	良	**	**		サンデーファンデー																																																									
2020102724	2022-11-27	5阪神8		1.0	2歳未勝利								鮫島克駿		ダ1800				1:56.9	0.7		9-9-6-5	36.5-40.9	40.9	520(-16)				78.0	晴		13.0	6.0	9.0	3.5	1.0	4	55.0	稍	**	**		アントニオヒロキ																																																									
2020102724	2023-02-04	1中京11		3.0	3歳未勝利								吉田隼人		ダ1900				2:04.3	0.8		2-4-2-2	31.1-38.2	39.0	520(0)				140.0	晴		16.0	8.0	16.0	13.2	5.0	3	56.0	良	**	**		ラミアストラーダ																																																									
2020102724	2023-02-19	1阪神4		3.0	3歳未勝利								岩田望来		ダ2000				2:09.5	0.0		2-2-2-2	37.7-38.8	38.6	520(0)				550.0	小雨		11.0	6.0	6.0	3.5	2.0	1	56.0	稍	**	**		(ナムラアンソニー)																																																									
2020102724	2023-04-23	1京都2		6.0	3歳1勝クラス								岩田望来		ダ1800				1:54.4	2.1		5-6-6-6	37.5-37.9	39.0	516(-4)					晴		9.0	8.0	8.0	34.6	6.0	6	56.0	良	**	**		ヤマニンウルス																																																									
2020102724	2023-05-13	2東京7		7.0	3歳1勝クラス								浜中俊		ダ2100				2:11.6	1.3		9-9-2-2	30.1-37.0	38.1	516(0)					小雨		15.0	8.0	14.0	53.3	10.0	7	56.0	稍	**	**		クールミラボー																																																									
2020102724	2023-07-16	3中京6		7.0	3歳以上1勝クラス								団野大成		ダ1900				2:01.7	1.6		7-7-7-5	30.0-38.8	39.8	520(+4)					晴		13.0	5.0	6.0	12.1	4.0	6	55.0	良	**	**		スタボーンイメル																																																									
2020102724	2023-10-28	4東京8		6.0	3歳以上1勝クラス								浜中俊		ダ2100				2:13.8	1.3		4-4-4-2	31.9-37.2	38.4	536(+16)					晴		13.0	7.0	11.0	33.1	7.0	6	56.0	良	**	**		ビップスコーピオン																																																									
2020102724	2023-11-12	3福島4		6.0	3歳以上1勝クラス								永島まな		ダ2400				2:38.3	1.2		9-8-8-10	38.3-37.8	38.2	534(-2)					曇		10.0	5.0	5.0	5.3	2.0	7	53.0	良	**	**		マコトヴィクラント																																																									
2020102724	2023-12-02	4中京1		7.0	3歳以上1勝クラス								鮫島克駿		ダ1900				2:01.9	1.0		8-7-3-3	31.0-39.1	39.8	530(-4)					晴		14.0	1.0	1.0	8.1	2.0	7	57.0	良	**	**		フミヤングフェイス																																																									
2020102724	2023-12-17	4中京6		2.0	3歳以上1勝クラス								西村淳也		ダ1900				2:01.6	0.1		9-7-6-6	29.4-39.8	39.4	530(0)				320.0	晴		15.0	5.0	8.0	18.1	8.0	2	57.0	稍	**	**		カフェカルマ																																																									
2020102724	2024-01-20	1小倉3		8.0	4歳以上1勝クラス								西村淳也		ダ2400				2:33.0	0.8		2-2-2-3	36.7-37.3	38.0	532(+2)				120.0	雨		13.0	7.0	11.0	6.4	4.0	4	57.0	稍	**	**		ダノンボレロ																																																									
2020102724	2024-02-10	2京都5		7.0	4歳以上1勝クラス								西村淳也		ダ1900				2:00.3	-0.4		2-2-2-2	30.7-38.3	38.2	526(-6)				800.0	曇		7.0	7.0	7.0	6.4	4.0	1	57.0	良	**	**		(ドンアチェカ)																																																									
2020102724	2024-05-05	3京都6		8.0	4歳以上2勝クラス								団野大成		ダ1900				2:00.9	1.1		8-8-5-5	28.8-37.4	38.1	532(+6)					晴		14.0	3.0	4.0	18.0	7.0	7	58.0	良	**	**		ペイシャモノノフ																																																									
2020102724	2024-05-26	3京都12		9.0	與杼特別(2勝クラス)								団野大成		ダ1900				2:00.0	0.4		6-6-7-6	29.5-37.5	37.3	522(-10)				393.8	晴		11.0	4.0	4.0	10.1	6.0	3	58.0	良	**	**		ペプチドソレイユ																																																									
2020102724	2024-08-10	2中京1		10.0	日進特別(2勝クラス)								団野大成		ダ1800				1:54.5	1.3		10-9-10-10	37.1-37.9	38.5	522(0)					晴		16.0	2.0	3.0	10.0	5.0	8	58.0	良	**	**		サンマルパトロール																																																									
2020102724	2024-09-29	3中京9		8.0	3歳以上2勝クラス								団野大成		ダ1900				2:00.3	2.0		8-8-11-11	29.4-37.8	38.8	522(0)					曇		16.0	4.0	8.0	35.6	8.0	13	58.0	重	**	**		リューデスハイム																																																									
2020102724	2024-12-07	7京都3		10.0	花見小路特別(2勝クラス)								菱田裕二		ダ1900				2:00.2	1.4		5-5-3-3	28.7-37.9	38.9	534(+12)				630.2	晴		14.0	6.0	10.0	35.6	7.0	2	55.0	良	**	**		ロードクロンヌ																																																									
2020102724	2024-12-22	7京都8		9.0	クリスマスエルフ賞(2勝クラス)								菱田裕二		ダ1800				1:54.5	0.7		7-7-7-7	37.2-38.6	38.2	532(-2)					晴		16.0	3.0	5.0	36.5	12.0	7	58.0	良	**	**		タンゴバイラリン																																																									
2020102724	2025-02-22	1京都7		12.0	4歳以上2勝クラス								ルメート		ダ1800				1:54.5	1.3		8-7-4-7	37.4-37.0	37.8	536(+4)					晴		14.0	4.0	6.0	29.6	9.0	9	58.0	良	**	**		ウイニンググレイス																																																									
2020102724	2025-04-13	3中山6		9.0	印西特別(2勝クラス)								北村宏司		ダ2400				2:35.6	1.1		3-3-7-10	38.6-38.2	38.6	536(0)					雨		11.0	6.0	7.0	37.0	10.0	8	58.0	良	**	**		コスモジンバック																																																									
2020102724	2025-06-14	3東京3		9.0	日野特別(2勝クラス)								荻野極		ダ2100				2:12.5	1.7		12-13-12-13	30.8-37.8	37.7	540(+4)					小雨		16.0	8.0	15.0	79.5	11.0	14	58.0	良	**	**		ノットイナフ																																																									
2020102724	2025-08-17	3中京8		6.0	大垣特別(2勝クラス)								亀田温心		ダ1400				1:25.4	1.2		14-14	35.4-36.5	36.5	540(0)					晴		16.0	6.0	11.0	135.9	14.0	10	58.0	良	**	**		タイセイレスポンス																																																									
2020102724	2025-10-05	4東京2		12.0	3歳以上2勝クラス								武藤雅		ダ1600				1:38.1	0.6		6-6	35.9-36.7	36.6	550(+10)				114.0	曇		16.0	5.0	10.0	95.2	13.0	5	58.0	良	**	**		ファリーザ																																																									
2020102724	2025-10-19	4東京7		10.0	西湖特別(2勝クラス)								内田博幸		ダ1600				1:37.5	-0.2		5-4	35.5-36.3	36.0	544(-6)				1582.2	曇		13.0	3.0	3.0	57.5	10.0	1	58.0	良	**	**		(サノノワンダー)																																																									
2020102724	2025-11-08	5東京1		10.0	錦秋S(3勝クラス)								佐々木大		ダ1600				1:36.7	0.9		10-10	35.1-36.1	35.8	544(0)					晴		11.0	7.0	9.0	38.4	8.0	6	58.0	良	**	**		ナイトアクアリウム																																																									
2020102728	2022-11-06	5阪神2		5.0	2歳新馬								川田将雅		芝2000				2:04.5	2.0		3-3-2-2	37.7-35.1	36.8	484(0)																																	晴		13.0	7.0	10.0	5.5	3.0	7	55.0	良	**	**		ノーブルクライ																													
2020102728	2022-12-25	6阪神8		3.0	2歳未勝利								荻野極		芝1600				1:36.4	0.5		13-13	36.9-34.8	33.9	480(-4)																																	晴		15.0	8.0	14.0	20.3	7.0	8	55.0	良	**	**		パンデアスカル																													
2020102728	2023-01-28	1小倉5		6.0	3歳未勝利								永島まな		芝1800				1:51.1	0.6		2-2-2-2	36.6-36.6	37.0	476(-4)				220.0																													小雪		10.0	7.0	8.0	6.5	4.0	2	52.0	重	**	**		トーセンアウローラ																													
2020102728	2023-02-19	2小倉4		6.0	3歳未勝利								ムルザバ		芝1800				1:53.0	1.5		2-3-2-4	36.6-37.5	38.8	474(-2)																																	曇		16.0	7.0	13.0	3.9	2.0	10	56.0	重	**	**		ダズリングブレイヴ																													
2020102728	2023-05-13	1京都7		5.0	3歳未勝利								岩田望来		芝1800				1:47.4	0.2		2-1	35.1-34.8	35.0	474(0)				83.0																													曇		11.0	7.0	9.0	10.5	4.0	4	56.0	良	**	**		ツクヨミ																													
2020102728	2023-06-03	3阪神1		2.0	3歳未勝利								岩田望来		ダ1800				1:52.1	0.4		1-1-1-1	37.4-36.4	36.8	474(0)				140.0																													晴		16.0	2.0	3.0	5.3	3.0	3	56.0	重	**	**		ウォーターハウス																													
2020102728	2023-06-24	1函館5		2.0	3歳未勝利								武豊		ダ1700				1:44.2	0.0		2-2-1-1	29.6-37.6	37.6	472(-2)				220.0																													曇		9.0	4.0	4.0	1.4	1.0	2	56.0	不	**	**		ネッケツシャチョウ																													
2020102728	2023-07-15	2函館5		4.0	3歳未勝利								武豊		ダ1700				1:46.2	0.3		2-2-2-2	30.8-37.9	38.2	474(+2)				140.0																													雨		12.0	8.0	14.0	1.5	1.0	3	56.0	不	**	**		ブリスキー																													
2020102728	2023-08-05	1札幌5		4.0	3歳未勝利								武豊		ダ1700				1:46.1	1.4		5-4-4-2	29.7-37.3	38.5	476(+2)				55.0																													曇		14.0	3.0	3.0	3.9	3.0	5	56.0	不	**	**		ポワンキュルミナン																													
2020102728	2023-08-20	2札幌4		2.0	3歳未勝利								武豊		ダ1000				1:00.3	1.5		4-8	35.1-35.3	36.3	474(-2)																																	曇		11.0	3.0	3.0	7.7	4.0	9	56.0	稍	**	**		テイエムルンバ																													
2020102728	2023-10-06	園田		12.0	カトレア賞C2一								田中学		ダ1400				1:32.3	-0.8		1-1-1-1		38.7	475(+1)				70.0																													晴		9.0	6.0	6.0	1.7	1.0	1	56.0	稍	**	**		(サンセットベリー)																													
2020102728	2023-10-20	園田		12.0	C1								田中学		ダ1400				1:32.5	0.5		1-1-1-1		40.7	470(-5)				44.0																													曇		11.0	5.0	5.0	1.8	1.0	2	56.0	稍	**	**		イーシャ																													
2020102728	2023-11-07	園田		12.0	C1								田中学		ダ1700				1:56.2	1.4		3-4-1-1		41.7	471(+1)																																	晴		12.0	5.0	5.0	2.7	1.0	7	56.0	重	**	**		ジグラート																													
2020102728	2023-11-22	園田		8.0	C1一								田中学		ダ1870				2:08.1	1.6		2-2-2-2		42.0	472(+1)				16.5																													晴		12.0	8.0	12.0	6.4	3.0	4	56.0	良	**	**		チェリーロシアン																													
2020102728	2023-12-12	園田		9.0	C1								下原理		ダ1400				1:32.7	-0.3		4-4-3-3		41.5	470(-2)				100.0																													曇		12.0	1.0	1.0	6.2	3.0	1	56.0	稍	**	**		(サトノアルペジオ)																													
2020102728	2024-02-24	1阪神1		7.0	4歳以上1勝クラス								幸英明		芝1600				1:35.4	2.1		9-8	34.9-34.5	36.2	460(-10)																																	晴		17.0	7.0	14.0	144.8	15.0	14	58.0	稍	**	**		スイープアワーズ																													
2020102728	2024-03-17	1中京4		7.0	4歳以上1勝クラス								斎藤新		芝1400				1:22.0	0.4		1-1	34.8-34.8	35.2	458(-2)				120.0																													曇		16.0	3.0	5.0	145.0	13.0	4	58.0	良	**	**		ユハンヌス																													
2020102728	2024-05-05	1新潟4		7.0	4歳以上1勝クラス								富田暁		芝1400				1:24.5	1.9		1-1	34.3-36.3	38.2	458(0)																																	晴		16.0	7.0	13.0	52.7	12.0	15	58.0	良	**	**		アスクドリームモア																													
2020102728	2024-05-19	3京都10		8.0	4歳以上1勝クラス								田口貫太		芝1600				1:36.4	3.2		2-2	33.5-35.7	38.7	458(0)																																	小雨		17.0	7.0	13.0	69.9	12.0	17	57.0	良	**	**		サクセスアイ																													
2020102728	2024-08-25	2中京6		8.0	3歳以上1勝クラス								幸英明		芝1600				1:34.8	1.5		2-2-2	35.0-34.6	36.0	454(-4)																																	曇		15.0	4.0	8.0	127.6	12.0	10	58.0	良	**	**		ハワイアンティアレ																													
2020102728	2024-09-07	3中京1		8.0	3歳以上1勝クラス								斎藤新		芝1200				1:09.6	1.3		1-1	33.8-34.5	35.8	452(-2)																																	晴		18.0	7.0	14.0	121.4	15.0	16	58.0	良	**	**		サトノプリエール																													
2020102728	2024-12-08	4中京4		8.0	3歳以上1勝クラス								小沢大仁		ダ1400				1:27.4	1.9		3-3	34.3-38.9	40.7	466(+14)																																	晴		16.0	5.0	10.0	56.7	12.0	12	57.0	良	**	**		エチャケナ																													
2020102728	2025-02-05	川崎		10.0	フェブラリースター賞(B2B3)								山崎誠士		ダ1600				1:45.2	0.8		5-5-2-2	38.8-39.9	40.4	459(-7)				100.0																													晴		11.0	7.0	9.0	23.9	7.0	3	57.0	稍	**	**		マイケルマキシマス																													
2020102728	2025-02-16	1京都6		7.0	4歳以上1勝クラス								角田大和		ダ1800				1:55.3	1.1		9-9-7-4	37.0-38.2	38.3	464(+5)				80.0																													曇		13.0	7.0	10.0	108.4	11.0	5	58.0	稍	**	**		アリエスキング																													
2020102728	2025-04-20	2阪神8		8.0	4歳以上1勝クラス								高杉吏麒		ダ1800				1:54.9	1.5		11-11-6-5	35.4-39.3	39.8	466(+2)				200.0																													曇		13.0	6.0	8.0	23.6	9.0	3	57.0	良	**	**		アラナコア																													
2020102728	2025-04-27	2京都2		8.0	4歳以上1勝クラス								鮫島克駿		ダ1800				1:52.9	0.0		7-7-8-7	36.3-38.4	37.1	462(-4)				320.0																													晴		12.0	6.0	8.0	17.7	8.0	2	58.0	良	**	**		メイショウオオコ																													
2020102728	2025-05-18	2京都8		7.0	4歳以上1勝クラス								吉村誠之		ダ1900				1:59.6	0.5		1-1-1-1	31.1-36.3	36.8	460(-2)				80.0																													晴		10.0	5.0	5.0	3.1	1.0	5	57.0	重	**	**		メイショウカシワデ																													
2020102728	2025-08-02	3中京3		9.0	3歳以上1勝クラス								高杉吏麒		ダ1800				1:55.8	2.1		1-1-2-2	38.0-38.4	40.4	462(+2)																																	晴		10.0	3.0	3.0	5.8	3.0	8	57.0	良	**	**		ショーダンサー																													
2020102728	2025-08-24	4中京2		7.0	3歳以上1勝クラス								高杉吏麒		ダ1800				1:54.3	0.6		7-7-6-5	37.8-38.0	37.9	464(+2)				200.0																													晴		7.0	1.0	1.0	6.4	3.0	3	57.0	良	**	**		タガノマルアフ																													
2020102728	2025-11-05	園田		11.0	JRA交流武庫川特別								吉村智洋		ダ1870				2:05.1	1.1		7-7-6-4		41.1	458(-6)																																	曇		9.0	7.0	7.0	2.4	1.0	6	57.0	良	**	**		ベファーナ																													
2020102728	2026-01-11	1京都4		6.0	4歳以上1勝クラス								高杉吏麒		ダ1800				1:56.0	2.7		8-8-8-8	36.6-37.3	39.3	464(+6)																																	晴		14.0	2.0	2.0	23.5	7.0	13	58.0	良	**	**		サンライズバレット																													
2020102728	2026-01-17	1京都6		7.0	4歳以上1勝クラス								鮫島克駿		ダ1400								36.0-36.6		466(+2)																																	晴		15.0	4.0	8.0			除	58.0	良				レーティッシュ																													
2020102731	2022-07-23	1札幌1	曇	5.0	2歳新馬		14.0	3.0	4.0	3.6	2.0	2	横山武史	54.0	ダ1700		稍	**	1:47.2	0.2	**	2-2-2-2	30.7-38.3	38.5	480(0)			ミラーオブマインド	280.0																																																																							
2020102731	2022-11-19	5東京5	晴	3.0	2歳未勝利		16.0	4.0	7.0	1.7	1.0	3	横山武史	55.0	ダ1600		良	**	1:41.0	0.6	**	1-1	35.6-39.2	39.8	484(+4)			サンデュエル	130.0																																																																							
2020102731	2022-12-11	5中山4	曇	3.0	2歳未勝利		15.0	8.0	14.0	1.4	1.0	6	マーカン	55.0	ダ1800		良	**	1:56.8	1.6	**	2-2-2-2	37.6-39.5	41.0	492(+8)			オソルノ																																																																								
2020102731	2023-03-11	2中山5	晴	2.0	3歳未勝利		16.0	1.0	1.0	3.4	2.0	1	横山武史	56.0	ダ1200		良	**	1:11.3	-0.9	**	3-2	33.6-37.7	37.4	496(+4)			(ルーチェステラーレ)	550.0																																																																							
2020102731	2023-04-23	2東京2	晴	6.0	3歳1勝クラス		16.0	4.0	8.0	3.1	1.0	5	レーン	56.0	ダ1400		良	**	1:25.8	0.3	**	5-3	35.5-37.8	37.5	496(0)			ロードフォンス	78.0																																																																							
2020102731	2023-05-20	1京都9	晴	6.0	3歳1勝クラス		15.0	1.0	2.0	4.2	3.0	12	武豊	56.0	ダ1200		稍	**	1:16.4	4.2	**	8-9	34.9-37.3	40.5	496(0)			ドンアミティエ																																																																								
2020102731	2023-08-20	3新潟4	晴	8.0	3歳以上1勝クラス		15.0	4.0	6.0	5.6	2.0	4	永野猛蔵	55.0	ダ1200		良	**	1:13.1	0.3	**	13-13	35.0-37.8	37.1	502(+6)			ダークンストーミー	120.0																																																																							
2020102731	2023-09-10	4中山2	晴	4.0	3歳以上1勝クラス		16.0	8.0	15.0	3.0	1.0	1	横山武史	56.0	ダ1200		稍	**	1:11.2	-0.1	**	6-7	33.9-37.3	36.6	500(-2)			(キョウエイカンフ)	800.0																																																																							
2020102731	2023-12-03	5中山2	晴	12.0	3歳以上2勝クラス		16.0	3.0	5.0	5.1	3.0	3	戸崎圭太	57.0	ダ1200		良	**	1:12.0	0.4	**	6-4	33.8-37.8	37.7	510(+10)			シゲルファンノユメ	290.0																																																																							
2020102731	2024-01-21	1中山7	小雨	8.0	4歳以上2勝クラス		15.0	4.0	7.0	13.0	6.0	4	浜中俊	58.0	ダ1200		不	**	1:10.7	0.4	**	9-5	33.2-37.1	36.7	510(0)			パルデンス	170.0																																																																							
2020102731	2024-03-16	2中山7	晴	12.0	4歳以上2勝クラス		16.0	1.0	2.0	7.9	4.0	9	戸崎圭太	58.0	ダ1200		良	**	1:12.2	1.4	**	7-5	34.1-36.7	37.6	510(0)			スクーバー																																																																								
2020102731	2024-07-07	2福島4	晴	12.0	彦星賞(2勝クラス)		16.0	4.0	8.0	16.6	7.0	9	三浦皇成	58.0	ダ1150		良	**	1:09.4	1.2	**	12-12	31.0-37.2	37.0	518(+8)			スマートアイ																																																																								
2020102731	2025-01-12	1中山4	曇	12.0	4歳以上2勝クラス		16.0	7.0	14.0	41.4	9.0	14	佐々木大	58.0	ダ1200		良	**	1:12.3	1.7	**	8-10	33.7-36.9	37.9	528(+10)			ニットウバジル																																																																								
2020102731	2025-03-22	2中山7	晴	12.0	4歳以上2勝クラス		16.0	8.0	15.0	32.9	9.0	12	津村明秀	58.0	ダ1200		稍	**	1:12.5	1.1	**	11-11	34.3-37.1	36.7	514(-14)			スマイルアップ																																																																								
2020102731	2025-04-06	3中山4	晴	12.0	4歳以上2勝クラス		15.0	3.0	4.0	34.3	8.0	4	津村明秀	58.0	ダ1200		稍	**	1:12.4	0.9	**	5-4	35.7-35.8	36.2	510(-4)			ネイト	170.0																																																																							
2020102731	2025-05-04	2東京4	晴	12.0	4歳以上2勝クラス		16.0	1.0	1.0	165.0	14.0	13	津村明秀	58.0	ダ1300		稍	**	1:19.4	2.5	**	10-11	29.4-35.9	36.5	504(-6)			キュムロンニンバス																																																																								
2020102731	2025-06-01	高知	晴	3.0	C1ー7		9.0	6.0	6.0	1.9	1.0	3	井上瑛太	57.0	ダ1400		稍	**	1:31.3	0.5	**	2-2-2-2		40.2	512(+8)			デルマアートマン	22.5																																																																							
2020102731	2025-06-29	高知	晴	3.0	C1ー5		10.0	8.0	9.0	1.5	1.0	2	永森大智	57.0	ダ1300		稍	**	1:24.3	1.1	**	5-5-5-4		39.3	511(-1)			ルルフィーユ	36.0																																																																							
2020102731	2025-10-05	高知	晴	6.0	C1ー4		11.0	6.0	6.0	4.4	4.0	6	宮川実	57.0	ダ1300		重	**	1:25.8	1.2	**	7-8-7-6		39.4	515(+4)			モズライフセーバー																																																																								
2020102731	2025-11-02	高知	曇	5.0	C1ー5		12.0	6.0	8.0	13.2	5.0	5	井上瑛太	57.0	ダ1400		重	**	1:31.4	0.8	**	1-1-3-2		39.3	521(+6)			モズイージス	9.0																																																																							
2020102731	2025-11-16	高知	晴	5.0	C1ー4		12.0	6.0	7.0	9.0	5.0	8	井上瑛太	57.0	ダ1300		稍	**	1:24.8	1.1	**	2-2-1-2		39.6	522(+1)			テーオースパロー																																																																								
2020102731	2025-11-30	高知	晴	7.0	C1ー5		10.0	2.0	2.0	11.0	7.0	4	井上瑛太	57.0	ダ1600		良	**	1:49.1	0.8	**	1-1-1-1		41.7	517(-5)			ユキノマリア	13.5																																																																							
2020102731	2025-12-14	高知	晴	3.0	C1ー5		11.0	5.0	5.0	6.1	3.0	3	井上瑛太	57.0	ダ1400		稍	**	1:32.0	0.4	**	1-1-1-1		40.0	514(-3)			ゴールドイーグル	22.5																																																																							
2020102731	2025-12-29	高知	晴	8.0	C1ー4		12.0	2.0	2.0	3.2	1.0	12	井上瑛太	57.0	ダ1400		良	**	1:36.3	4.8	**	2-2-3-7		44.0	505(-9)			ビステル																																																																								
2020102734	2023-05-07	2東京6		1.0	3歳未勝利								小林勝太		ダ1400				1:26.7	0.8		12-11	34.8-39.0	37.8	484(0)				220.0															曇		16.0	3.0	5.0	11.1	4.0	2	51.0	良	**	**		テンホワイトラブ																																											
2020102734	2023-05-27	2東京11		1.0	3歳未勝利								小林勝太		ダ1600				1:39.4	0.4		11-10	35.2-38.0	37.1	490(+6)				140.0															晴		16.0	8.0	15.0	2.1	1.0	3	51.0	良	**	**		キタノチェロキー																																											
2020102734	2023-06-18	3東京6		2.0	3歳未勝利								川田将雅		ダ1600				1:38.5	0.3		4-4	34.6-38.9	38.9	486(-4)				140.0															晴		16.0	1.0	1.0	3.1	2.0	3	54.0	良	**	**		タイセイキューティ																																											
2020102734	2023-07-09	2福島4		2.0	3歳未勝利								戸崎圭太		ダ1700				1:48.4	0.2		2-2-2-2	29.8-39.4	39.5	486(0)				140.0															曇		15.0	7.0	13.0	3.7	3.0	3	54.0	良	**	**		レディバローズ																																											
2020102734	2023-07-29	2新潟1		7.0	3歳未勝利								戸崎圭太		芝1400				1:21.2	0.1		7-8	32.9-36.6	35.6	492(+6)				220.0															晴		17.0	8.0	16.0	13.5	7.0	2	54.0	良	**	**		ゴーマックス																																											
2020102734	2023-08-20	3新潟4		6.0	3歳未勝利								菱田裕二		芝1400				1:21.6	0.2		3-3	34.0-35.8	35.6	490(-2)				140.0															晴		18.0	8.0	18.0	5.4	3.0	3	54.0	良	**	**		ディバイングレース																																											
2020102734	2023-10-09	4東京3		8.0	3歳以上1勝クラス								藤田菜七		芝1400				1:21.4	0.0		1-1	34.7-35.1	35.1	480(-10)				800.0															雨		16.0	2.0	3.0	14.7	6.0	1	52.0	重	**	**		(アンタノバラード)																																											
2020102734	2023-10-29	4新潟6		12.0	3歳以上1勝クラス								藤田菜七		芝1400				1:23.4	0.5		2-2	34.1-36.6	36.8	476(-4)				120.0															曇		18.0	8.0	18.0	4.0	2.0	4	52.0	不	**	**		ベガリス																																											
2020102734	2024-01-21	1中山7		4.0	4歳以上1勝クラス								ピーヒュ		ダ1200				1:11.3	0.1		12-10	33.4-37.8	36.7	480(+4)				320.0															雨		16.0	1.0	1.0	3.8	2.0	2	56.0	不	**	**		セッカチケーン																																											
2020102734	2024-02-17	1東京7		7.0	4歳以上1勝クラス								ピーヒュ		ダ1400				1:26.4	0.4		2-2	36.6-36.5	36.7	482(+2)				200.0															曇		16.0	4.0	8.0	5.6	2.0	3	56.0	良	**	**		ユイノイチゲキ																																											
2020102734	2024-03-16	1中京3		12.0	4歳以上1勝クラス								川田将雅		ダ1400				1:25.3	0.0		4-5	34.4-39.0	38.6	478(-4)				800.0															晴		16.0	7.0	14.0	1.8	1.0	1	56.0	良	**	**		(リヤンドメテオール)																																											
2020102734	2024-04-20	2東京1		8.0	4歳以上2勝クラス								坂井瑠星		芝1400				1:20.8	0.1		2-2	34.9-34.1	34.1	480(+2)				460.0															曇		10.0	4.0	4.0	2.1	1.0	2	56.0	良	**	**		タイセイキューティ																																											
2020102734	2024-05-18	2東京9		10.0	高尾特別(2勝クラス)								戸崎圭太		芝1400				1:21.2	0.0		3-3	35.1-34.2	33.6	474(-6)				627.6															晴		12.0	6.0	7.0	2.1	1.0	2	56.0	良	**	**		タガノシャーンス																																											
2020102734	2024-06-16	3東京6		10.0	相模湖特別(2勝クラス)								ルメール		芝1400				1:21.2	1.1		7-7	34.7-33.9	34.2	480(+6)																			晴		12.0	1.0	1.0	1.9	1.0	9	56.0	良	**	**		オメガウインク																																											
2020102734	2024-10-13	4東京3		12.0	西湖特別(2勝クラス)								Ｍ．デム		ダ1300				1:18.9	1.3		3-3	29.7-35.9	36.9	486(+6)																			晴		11.0	3.0	3.0	5.1	3.0	9	56.0	良	**	**		ガンウルフ																																											
2020102734	2024-11-17	5東京6		12.0	3歳以上2勝クラス								丸田恭介		芝1400				1:21.5	0.4		8-8	35.3-34.1	33.9	480(-6)				114.0															晴		18.0	2.0	3.0	13.3	7.0	5	56.0	良	**	**		ヴェサリウス																																											
2020102734	2024-12-08	5中山4		12.0	3歳以上2勝クラス								吉田豊		芝1600				1:34.2	0.5		11-9-11	33.9-36.3	35.5	482(+2)																			晴		16.0	1.0	1.0	28.4	8.0	12	56.0	良	**	**		マルチャン																																											
2020102734	2025-01-11	1中山3		12.0	4歳以上2勝クラス								吉田豊		芝1600				1:33.8	0.6		5-5-6	35.3-34.8	34.4	482(0)																			晴		10.0	6.0	6.0	32.7	7.0	6	56.0	良	**	**		ウインレイアー																																											
2020102734	2025-02-08	1東京3		10.0	テレビ山梨杯(2勝クラス)								三浦皇成		芝1400				1:22.6	1.7		3-3	34.7-34.8	36.1	482(0)																			晴		13.0	8.0	13.0	32.5	9.0	12	54.0	良	**	**		コスモアディラート																																											
2020102734	2025-07-06	1函館8		9.0	立待岬特別(2勝クラス)								松岡正海		芝1200				1:09.6	0.2		6-6	34.6-34.8	34.3	492(+10)				393.5															晴		11.0	8.0	10.0	136.1	11.0	3	56.0	稍	**	**		ルージュラナキラ																																											
2020102734	2025-07-27	1札幌2		12.0	羊ヶ丘特別(2勝クラス)								松岡正海		芝1500				1:28.0	-0.2		2-2-2	29.8-35.6	35.2	490(-2)				1566.8															曇		8.0	2.0	2.0	5.2	3.0	1	56.0	稍	**	**		(ビーナスローズ)																																											
2020102734	2025-08-31	2札幌4		11.0	日高S(3勝クラス)								松岡正海		芝1500				1:30.3	0.8		2-2-2	30.0-35.7	36.4	496(+6)																			曇		13.0	8.0	12.0	19.3	7.0	6	56.0	稍	**	**		リラボニート																																											
2020102734	2025-10-04	4東京1		10.0	白秋S(3勝クラス)								松岡正海		芝1400				1:20.8	1.0		1-1	34.4-34.0	35.0	494(-2)																			小雨		15.0	6.0	11.0	55.4	11.0	12	53.0	良	**	**		レッドシュヴェルト																																											
2020102734	2025-11-15	5東京3		10.0	奥多摩S(3勝クラス)								松岡正海		芝1400				1:21.9	1.4		7-6	35.0-33.9	34.7	494(0)																			晴		18.0	6.0	12.0	158.2	16.0	14	56.0	良	**	**		マイネルチケット																																											
2020102734	2025-12-28	5中山8		10.0	フェアウェルS(3勝クラス)								松岡正海		ダ1200				1:11.7	0.8		9-8	33.4-37.5	37.6	494(0)																			晴		16.0	3.0	6.0	150.1	15.0	9	56.0	良	**	**		カンパニョーラ																																											
2020102734	2026-01-18	1中山7		9.0	若潮S(3勝クラス)								松岡正海		芝1600				1:33.1	1.4		9-9-11	34.1-34.9	35.2	492(-2)																																																													晴		15.0	7.0	12.0	301.6	15.0	13	56.0	良	**	**		ポルカリズム	202606010709
2020102781	2022-11-20	5阪神6	曇	5.0	2歳新馬		9.0	3.0	3.0	6.2	3.0	1	レーン	55.0	芝1800		稍	**	1:48.0	0.0	**	2-2	36.9-33.7	33.6	506(0)			(エアメテオラ)	700.0																																																																							
2020102781	2023-01-29	1東京2	晴	9.0	セントポーリア賞(1勝クラス)		8.0	4.0	4.0	2.9	1.0	1	横山武史	56.0	芝1800		良	**	1:48.0	-0.2	**	1-2-2	35.9-34.0	33.9	504(-2)			(トラマンダーレ)	1090.3																																																																							
2020102781	2023-03-19	2中山8	晴	11.0	フジTVスプリングS(GII)		16.0	2.0	4.0	3.7	2.0	1	横山武史	56.0	芝1800		重	**	1:48.9	-0.2	**	7-7-7-5	35.4-37.2	35.7	500(-4)			(ホウオウビスケッツ)	5512.0																																																																							
2020102781	2023-04-16	3中山8	晴	11.0	皐月賞(GI)		18.0	7.0	15.0	6.3	3.0	10	田辺裕信	57.0	芝2000		重	**	2:02.4	1.8	**	2-2-3-4	35.1-37.2	38.7	496(-4)			ソールオリエンス																																																																								
2020102781	2023-05-28	2東京12	晴	11.0	東京優駿(GI)		18.0	1.0	1.0	54.9	9.0	4	横山和生	57.0	芝2400		良	**	2:25.2	0.0	**	8-8-11-11	35.3-35.3	33.0	494(-2)			タスティエーラ	4500.0																																																																							
2020102781	2023-12-02	5阪神1	晴	11.0	チャレンジC(GIII)		13.0	4.0	5.0	5.5	3.0	1	横山和生	57.0	芝2000		良	**	1:58.8	0.0	**	4-6-5-5	36.3-35.1	34.7	514(+20)			(ボッケリーニ)	4345.5																																																																							
2020102781	2024-02-11	2京都6	曇	11.0	京都記念(GII)		12.0	5.0	5.0	2.2	1.0	2	横山和生	57.0	芝2200		良	**	2:12.2	0.1	**	6-6-7-8	35.3-35.7	34.6	506(-8)			プラダリア	2524.0																																																																							
2020102781	2024-03-31	2阪神4	晴	11.0	大阪杯(GI)		16.0	6.0	11.0	5.5	2.0	1	横山和生	58.0	芝2000		良	**	1:58.2	0.0	**	2-2-2-2	35.8-35.0	34.9	506(0)			(ローシャムパーク)	20336.0																																																																							
2020102781	2024-06-23	4京都8	曇	11.0	宝塚記念(GI)		13.0	3.0	3.0	11.6	5.0	3	横山和生	58.0	芝2200		重	**	2:12.4	0.4	**	3-4-3-2	35.6-34.5	34.8	518(+12)			ブローザホーン	5539.0																																																																							
2020102781	2024-10-27	4東京8	曇	11.0	天皇賞(秋)(GI)		15.0	1.0	1.0	13.3	4.0	6	横山和生	58.0	芝2000		良	**	1:57.7	0.4	**	3-3-3	35.9-33.7	33.7	514(-4)			ドウデュース																																																																								
2020102781	2024-12-22	5中山8	晴	11.0	有馬記念(GI)		15.0	3.0	5.0	7.1	3.0	4	横山和生	58.0	芝2500		良	**	2:32.1	0.3	**	2-2-2-2	31.4-35.2	35.5	512(-2)			レガレイラ	7500.0																																																																							
2020102781	2025-04-06	2阪神4	晴	11.0	大阪杯(GI)		15.0	3.0	5.0	5.1	2.0	1	横山和生	58.0	芝2000		良	**	1:56.2	-0.2	**	4-4-3-3	34.9-35.1	34.1	508(-4)			(ロードデルレイ)	30323.4																																																																							
2020102781	2025-06-15	3阪神4	晴	11.0	宝塚記念(GI)		17.0	1.0	1.0	4.0	1.0	2	横山和生	58.0	芝2200		稍	**	2:11.6	0.5	**	4-4-2-2	34.8-36.0	36.4	510(+2)			メイショウタバル	12103.2																																																																							
2020102781	2025-12-14	シャティン		8.0	香港C(GI)		7.0		2.0	5.3	2.0	2	横山和生	57.0	芝2000		良								505																																																																											
2020102795	2022-11-27	5阪神8	晴	6.0	2歳新馬		14.0	4.0	6.0	63.5	9.0	8	西村淳也	55.0	芝2000		良	**	2:03.9	1.0	**	2-2-2-2	37.5-35.3	36.2	456(0)			イングランドアイズ																																																																								
2020102795	2022-12-10	6中京3	晴	5.0	2歳未勝利		13.0	3.0	3.0	77.3	9.0	6	西村淳也	55.0	芝2000		良	**	2:01.8	1.5	**	8-8-8-8	36.3-35.4	36.2	458(+2)			ジェモロジー																																																																								
2020102795	2023-02-19	2小倉4	曇	6.0	3歳未勝利		16.0	4.0	7.0	20.8	8.0	3	西村淳也	56.0	芝1800		重	**	1:51.7	0.2	**	1-1-1-1	36.6-37.5	37.7	458(0)			ダズリングブレイヴ	140.0																																																																							
2020102795	2023-03-12	2中京2	晴	4.0	3歳未勝利		16.0	3.0	5.0	12.0	6.0	5	西村淳也	56.0	芝1600		良	**	1:36.1	0.4	**	2-2-2	37.1-35.0	35.3	450(-8)			トーセンサマンサ	55.0																																																																							
2020102795	2023-04-09	1福島2	晴	2.0	3歳未勝利		16.0	3.0	6.0	4.0	1.0	1	永島まな	52.0	芝1800		稍	**	1:50.6	0.0	**	5-7-6-6	35.3-37.9	37.4	448(-2)			(ノレッジビューティ)	550.0																																																																							
2020102795	2023-07-29	1札幌3	晴	7.0	3歳以上1勝クラス		15.0	6.0	10.0	34.9	8.0	9	武豊	55.0	芝2000		良	**	2:00.9	1.5	**	11-11-11-10	34.9-35.6	36.0	456(+8)			フレーヴァード																																																																								
2020102795	2023-08-05	1札幌5	曇	8.0	3歳以上1勝クラス		13.0	6.0	8.0	60.5	10.0	10	今村聖奈	52.0	芝1800		稍	**	1:50.6	1.4	**	12-12-13-13	36.5-35.3	35.2	456(0)			ゴッドファーザー																																																																								
2020102795	2023-11-04	3福島1	曇	6.0	3歳以上1勝クラス		14.0	3.0	3.0	17.5	5.0	5	原優介	55.0	芝1800		良	**	1:48.7	1.1	**	13-11-10-9	34.7-36.3	36.4	448(-8)			ニューノーマル	80.0																																																																							
2020102795	2023-11-18	3福島5	晴	9.0	高湯温泉特別(1勝クラス)		16.0	7.0	14.0	25.4	7.0	10	永島まな	56.0	芝1800		稍	**	1:51.3	2.1	**	12-12-12-12	35.6-37.7	38.6	448(0)			テイデ																																																																								
2020102795	2024-02-03	1小倉7	小雨	7.0	4歳以上1勝クラス		15.0	5.0	8.0	37.0	11.0	12	松若風馬	57.0	芝2600		良	**	2:43.9	2.2	**	2-2-2-4	37.0-37.0	39.0	454(+6)			ヴェルミセル																																																																								
2020102795	2024-02-17	2小倉3	晴	8.0	4歳以上1勝クラス		12.0	3.0	3.0	118.9	11.0	6	斎藤新	57.0	芝1800		良	**	1:48.6	0.5	**	2-2-2-4	36.8-35.8	36.2	446(-8)			ポルカリズム																																																																								
2020102795	2024-04-13	1福島3	晴	8.0	4歳以上1勝クラス		15.0	8.0	15.0	79.7	14.0	13	斎藤新	58.0	芝1800		良	**	1:48.6	0.6	**	5-7-7-8	35.4-36.2	36.1	454(+8)			タイラーテソーロ																																																																								
2020102795	2024-05-23	園田	曇	11.0	JRA交流由良川特別		10.0	2.0	2.0	7.7	4.0	5	吉村智洋	56.0	ダ1870		良	**	2:06.1	1.6	**	4-4-4-3		40.9	463(+9)			アナザーエース	20.0																																																																							
2020102795	2024-11-30	4中京1	晴	12.0	3歳以上1勝クラス		17.0	8.0	17.0	306.0	16.0	8	吉村誠之	56.0	芝2000		良	**	2:02.2	1.4	**	7-4-3-3	37.0-34.2	35.3	458(-5)			サダムオプシス																																																																								
2020102795	2024-12-14	4中京5	晴	8.0	ヤングJSFR中京1(1勝クラス)		16.0	2.0	3.0	101.2	10.0	8	及川烈	58.0	芝2000		良	**	2:03.7	2.5	**	5-5-5-5	37.8-35.2	36.1	462(+4)			タガノデュード																																																																								
2020102795	2025-04-06	3中山4	曇	4.0	障害4歳以上未勝利		12.0	2.0	2.0	88.9	11.0	12	黒岩悠	60.0	障2880		良		3:29.0	10.8		12-12-12-12	109.1-0.0	14.5	468(+6)			メイショウカズサ																																																																								
2020102795	2025-05-25	1新潟8	小雨	4.0	障害4歳以上未勝利		14.0	7.0	11.0	284.9	14.0	13	黒岩悠	60.0	障2890		稍		3:24.5	10.0		13-13-14-14	107.1-0.0	14.2	464(-4)			トゥラッタッタ																																																																								
2020102798	2022-09-25	4中山7		5.0	2歳新馬								松山弘平		芝2000				2:06.3	-0.2		3-3-3-3	38.6-35.1	34.9	476(0)				700.0																																											晴		10.0	7.0	7.0	3.6	2.0	1	54.0	良	**	**		(サトノシトラス)															
2020102798	2022-11-26	5阪神7		11.0	ラジオN杯京都2歳S(GIII)								松山弘平		芝2000				2:01.3	0.8		2-3-2-2	35.9-35.7	36.4	470(-6)																																															晴		15.0	5.0	8.0	26.2	9.0	12	55.0	良	**	**		グリューネグリーン															
2020102798	2023-01-05	1中京1		6.0	3歳1勝クラス								松山弘平		芝2000				2:01.2	1.0		3-3-3-3	36.0-35.4	36.1	474(+4)				78.0																																											晴		9.0	2.0	2.0	11.3	4.0	5	56.0	良	**	**		フリームファクシ															
2020102798	2023-03-18	2中山7		6.0	3歳1勝クラス								戸崎圭太		芝1600				1:38.3	1.6		2-3-4	35.7-36.8	38.3	468(-6)																																															雨		12.0	5.0	6.0	5.3	2.0	10	56.0	重	**	**		ロードディフィート															
2020102798	2023-04-02	2阪神4		5.0	3歳1勝クラス								松山弘平		芝1600				1:33.9	1.2		11-9	34.0-35.0	35.0	456(-12)																																															晴		12.0	3.0	3.0	24.0	7.0	8	56.0	良	**	**		マラキナイア															
2020102798	2023-06-25	3阪神8		8.0	城崎特別(1勝クラス)								松山弘平		芝1800				1:47.4	1.3		10-10	35.3-34.5	34.6	464(+8)																																															曇		10.0	5.0	5.0	35.5	8.0	8	55.0	良	**	**		ショウナンアレクサ															
2020102798	2023-07-15	3中京5		7.0	3歳以上1勝クラス								田口貫太		ダ1800				1:55.3	1.1		6-6-10-10	37.2-38.8	39.1	464(0)				80.0																																											晴		11.0	6.0	7.0	49.1	10.0	5	52.0	稍	**	**		テーオーレガシー															
2020102798	2023-08-05	2新潟3		8.0	3歳以上1勝クラス								田口貫太		ダ1800				1:52.7	0.2		3-3-3-2	36.7-37.8	37.8	460(-4)				320.0																																											晴		15.0	7.0	13.0	16.8	6.0	2	52.0	良	**	**		ティルドーン															
2020102798	2023-08-27	3小倉6		7.0	3歳以上1勝クラス								田口貫太		ダ1700				1:45.6	0.2		2-2-2-2	30.6-37.1	37.2	460(0)				320.0																																											晴		16.0	5.0	9.0	2.3	1.0	2	52.0	良	**	**		マルベリーシチー															
2020102798	2023-11-11	3京都3		6.0	3歳以上1勝クラス								田口貫太		ダ1800				1:55.5	1.2		4-4-2-2	36.8-39.4	40.3	466(+6)				120.0																																											晴		9.0	7.0	7.0	4.1	3.0	4	54.0	重	**	**		ロードアヴニール															
2020102798	2023-12-02	4中京1		5.0	3歳以上1勝クラス								田口貫太		ダ1800				1:54.6	-1.2		2-2-2-2	38.5-36.4	36.3	470(+4)				800.0																																											晴		12.0	2.0	2.0	2.1	1.0	1	55.0	良	**	**		(ヴォーグマチネ)															
2020102798	2023-12-24	5阪神8		9.0	クリスマスエルフ賞(2勝クラス)								田口貫太		ダ1800				1:54.4	0.9		3-2-5-6	37.0-38.6	39.0	472(+2)																																															晴		15.0	4.0	8.0	8.0	5.0	6	57.0	良	**	**		ダイシンピスケス															
2020102798	2024-01-13	1京都4		9.0	五条坂特別(2勝クラス)								田口貫太		ダ1900				2:01.4	-0.1		2-2-2-2	29.8-37.4	37.3	472(0)				1575.9																																											曇		10.0	7.0	7.0	8.4	4.0	1	57.0	良	**	**		(ミスティックロア)															
2020102798	2024-04-20	3京都1		10.0	観月橋S(3勝クラス)								田口貫太		ダ1900				2:02.8	3.6		2-2-2-2	28.8-38.0	41.4	474(+2)																																															曇		12.0	8.0	12.0	26.5	9.0	10	58.0	良	**	**		エクセスリターン															
2020102798	2024-05-25	3京都11		10.0	桃山S(3勝クラス)								田口貫太		ダ1900				2:00.5	1.7		7-8-9-10	29.8-37.8	38.8	478(+4)																																															晴		16.0	3.0	6.0	34.1	11.0	10	55.0	良	**	**		ミスティックロア															
2020102798	2024-11-24	6京都8		9.0	花園S(3勝クラス)								国分恭介		ダ1800				1:53.8	1.7		5-5-3-3	36.8-37.2	38.5	478(0)																																															曇		13.0	5.0	6.0	32.6	9.0	9	55.0	良	**	**		フォーチュンテラー															
2020102798	2024-12-15	5中山6		10.0	北総S(3勝クラス)								石橋脩		ダ1800				1:54.9	2.1		3-2-3-4	36.8-38.8	40.6	480(+2)																																															晴		16.0	4.0	8.0	142.9	14.0	14	58.0	良	**	**		ハビレ															
2020102798	2025-01-06	1中京2		10.0	寿S(3勝クラス)								田口貫太		芝2000				2:05.1	3.1		11-11-18-18	36.4-36.1	37.4	478(-2)																																															雨		18.0	6.0	11.0	296.8	16.0	15	58.0	稍	**	**		グランドカリナン															
2020102798	2025-05-25	1新潟8		4.0	障害4歳以上未勝利								森一馬		障2890				3:18.5	4.0		8-8-11-10	107.1-0.0	13.7	480(+2)																																															小雨		14.0	8.0	14.0	38.4	8.0	8	60.0	稍				トゥラッタッタ															
2020102798	2025-06-28	2小倉1		1.0	障害3歳以上未勝利								田村太雅		障2860				3:16.3	1.0		5-4-4-3	107.0-0.0	13.7	488(+8)				130.0																																											晴		12.0	6.0	7.0	44.0	8.0	4	60.0	良				フリーダムレイン															
2020102798	2025-07-27	3中京2		1.0	障害3歳以上未勝利								森一馬		障3000				3:19.4	0.4		5-5-5-5	102.1-0.0	13.3	484(-4)				130.0																																											晴		14.0	7.0	12.0	6.1	3.0	4	60.0	良				タマモエース															
2020102798	2025-08-17	2新潟8		1.0	障害3歳以上未勝利								森一馬		障2850				3:08.7	0.8		7-7-7-7	105.0-0.0	13.2	486(+2)				130.0																																											晴		13.0	4.0	4.0	4.5	2.0	4	60.0	良				アルデドゥオーモ															
2020102798	2025-09-06	4中山1		1.0	障害3歳以上未勝利								田村太雅		障2880				3:17.2	0.5		3-3-3-3	107.0-0.0	13.7	484(-2)				130.0																																											晴		9.0	8.0	10.0	6.1	4.0	4	60.0	稍				ネロコルヴィーノ															
2020102798	2025-09-27	4中山8		1.0	障害3歳以上未勝利								田村太雅		障2880				3:18.4	1.3		5-4-4-3	107.1-0.0	13.8	480(-4)				84.0																																											曇		11.0	7.0	8.0	2.6	1.0	5	60.0	良				ヴラディア															
2020102798	2025-10-18	3京都6		4.0	障害3歳以上未勝利								田村太雅		障2910				3:20.8	2.8		6-6-7-7	105.0-0.0	13.8	480(0)																																															雨		11.0	2.0	2.0	22.1	8.0	8	60.0	良				ホウオウプレシャス															
2020102798	2025-12-21	5中山6		4.0	障害3歳以上未勝利								田村太雅		障2880				3:20.1	3.9		7-7-10-11	109.1-0.0	13.9	482(+2)																																															曇		14.0	5.0	8.0	43.3	10.0	6	60.0	重				ダノンロッキー															
2020102798	2026-01-11	1京都4		4.0	障害4歳以上未勝利								田村太雅		障2910				3:24.4	3.3		7-7-8-9	107.1-0.0	14.0	480(-2)																																															晴		14.0	7.0	12.0	73.9	9.0	8	60.0	良				レッドファーロ															
2020102832	2022-07-31	2新潟2		5.0	2歳新馬								福永祐一		芝1800				1:50.6	0.0		1-1	38.6-32.5	32.5	478(0)				280.0	晴		10.0	4.0	4.0	2.5	1.0	2	54.0	良	**	**		ダノントルネード																																																									
2020102832	2023-01-15	1中京6		5.0	3歳未勝利								川田将雅		芝2000				2:03.8	-0.4		2-2-2-2	37.1-34.7	34.6	490(+12)				550.0	晴		12.0	5.0	6.0	1.4	1.0	1	56.0	重	**	**		(マテンロウアルテ)																																																									
2020102832	2023-02-25	1阪神5		9.0	すみれS(L)								岩田望来		芝2200				2:15.5	-0.1		6-6-6-6	37.7-33.8	33.1	496(+6)				2012.6	晴		6.0	3.0	3.0	1.8	1.0	1	56.0	良	**	**		(ショウナンバシット)																																																									
2020102832	2023-04-16	3中山8		11.0	皐月賞(GI)								岩田望来		芝2000				2:01.3	0.7		12-12-14-10	35.1-37.2	36.4	500(+4)					晴		18.0	6.0	11.0	17.8	8.0	6	57.0	重	**	**		ソールオリエンス																																																									
2020102832	2023-05-28	2東京12		11.0	東京優駿(GI)								岩田望来		芝2400				2:25.6	0.4		11-10-12-12	35.3-35.3	33.2	494(-6)					晴		18.0	5.0	10.0	24.9	5.0	9	57.0	良	**	**		タスティエーラ																																																									
2020102832	2023-09-18	4中山5		11.0	朝日セントライト記念(GII)								岩田望来		芝2200				2:11.9	0.5		6-6-4-4	35.2-34.4	34.6	498(+4)				1415.4	晴		15.0	4.0	6.0	10.7	3.0	3	56.0	良	**	**		レーベンスティール																																																									
2020102832	2024-12-22	7京都8		10.0	サンタクロースS(3勝クラス)								岩田望来		芝2000				2:01.3	0.4		6-7-8-7	37.8-34.1	34.0	504(+6)					晴		14.0	7.0	11.0	3.8	2.0	6	58.0	良	**	**		ホウオウプロサンゲ																																																									
2020102836	2022-08-06	1札幌5		5.0	2歳新馬								横山和生		芝1200				1:10.1	0.0		3-3	36.1-34.0	33.8	450(0)				280.0																																											晴		8.0	6.0	6.0	4.2	2.0	2	54.0	良	**	**		メイクアスナッチ															
2020102836	2022-09-24	4中山6		2.0	2歳未勝利								横山和生		芝1600				1:36.1	0.6		2-2-2	35.8-35.6	36.0	452(+2)				52.0																																											曇		16.0	2.0	3.0	3.8	2.0	5	54.0	不	**	**		ディナトセレーネ															
2020102836	2023-02-11	1東京5		5.0	3歳未勝利								横山和生		芝1400				1:22.5	-0.1		2-2	36.1-34.0	33.9	464(+12)				550.0																																											晴		16.0	8.0	15.0	4.4	2.0	1	54.0	稍	**	**		(ハルオーブ)															
2020102836	2023-03-19	2中京4		9.0	フローラルウォーク賞(1勝クラス)								角田大和		芝1600				1:36.2	0.0		2-2-2	37.1-34.5	34.4	458(-6)				436.2																																											晴		8.0	4.0	4.0	11.9	5.0	2	54.0	稍	**	**		ティニア															
2020102836	2023-05-06	2東京5		7.0	3歳1勝クラス								戸崎圭太		芝1400				1:21.5	0.9		5-6	34.4-34.9	35.1	452(-6)																																															晴		16.0	1.0	1.0	7.6	4.0	11	54.0	良	**	**		リサリサ															
2020102836	2023-07-23	1札幌2		12.0	3歳以上1勝クラス								吉田隼人		芝1500				1:28.5	0.0		3-3-3	29.9-35.4	35.2	458(+6)				800.0																																											晴		14.0	2.0	2.0	3.6	1.0	1	53.0	良	**	**		(ステラバルセロナ)															
2020102836	2023-08-12	2札幌1		10.0	羊ヶ丘特別(2勝クラス)								吉田隼人		芝1500				1:28.3	0.2		8-9-9	29.3-35.5	34.6	458(0)				230.0																																											晴		11.0	5.0	5.0	12.9	5.0	4	53.0	良	**	**		レイベリング															
2020102836	2023-10-15	4東京5		12.0	鷹巣山特別(2勝クラス)								柴田善臣		芝1600				1:33.5	0.3		9-8	34.6-35.0	34.5	458(0)																																															曇		14.0	3.0	3.0	15.0	7.0	6	52.0	重	**	**		ニシノライコウ															
2020102836	2023-12-02	4中京1		10.0	中京日経賞(2勝クラス)								吉田隼人		芝1600				1:34.1	0.3		11-8-8	34.9-35.0	34.7	462(+4)																																															晴		13.0	7.0	11.0	5.3	2.0	6	53.0	良	**	**		エアミアーニ															
2020102836	2024-01-21	1中山7		12.0	4歳以上2勝クラス								吉田豊		芝1600				1:37.1	0.8		6-7-7	35.4-36.9	37.1	462(0)				170.0																																											曇		12.0	7.0	9.0	8.8	5.0	4	55.0	不	**	**		ココクレーター															
2020102836	2024-02-18	1東京8		8.0	4歳以上2勝クラス								吉田豊		芝1400				1:21.4	0.3		6-6	35.4-33.8	33.2	458(-4)				290.0																																											晴		12.0	7.0	10.0	18.8	6.0	3	56.0	良	**	**		シャドウフューリー															
2020102836	2024-03-17	1中京4		10.0	熱田特別(2勝クラス)								吉田隼人		芝1400				1:21.9	0.5		12-12	33.8-36.2	34.3	466(+8)																																															曇		12.0	7.0	10.0	3.9	2.0	7	56.0	良	**	**		ルミノメテオール															
2020102836	2024-10-14	4東京4		12.0	3歳以上2勝クラス								横山和生		芝1600				1:33.1	0.1		10-9	35.4-34.0	33.4	480(+14)				460.0																																											晴		12.0	8.0	12.0	33.7	7.0	2	56.0	良	**	**		ニュージーズ															
2020102836	2024-11-09	5東京3		12.0	3歳以上2勝クラス								横山和生		芝1600				1:34.8	-0.1		9-8	36.6-33.6	32.7	470(-10)				1140.0																																											晴		12.0	6.0	8.0	7.3	5.0	1	56.0	良	**	**		(ホウオウシェリー)															
2020102836	2025-02-09	1東京4		10.0	初音S(3勝クラス)								横山和生		芝1800				1:46.3	0.8		13-15-15	34.9-35.2	33.9	472(+2)																																															晴		16.0	2.0	3.0	18.4	7.0	10	56.0	良	**	**		カナテープ															
2020102836	2025-03-29	2中京5		11.0	豊橋S(3勝クラス)								吉田隼人		芝1600				1:35.4	0.2		9-8-8	36.6-34.8	33.9	472(0)				280.0																																											晴		11.0	8.0	11.0	7.9	4.0	4	56.0	稍	**	**		バウンシーステップ															
2020102836	2025-06-22	3東京6		10.0	多摩川S(3勝クラス)								岩田望来		芝1400				1:21.2	0.0		11-10	35.5-34.3	33.5	464(-8)				1875.7																																											晴		16.0	7.0	13.0	26.6	6.0	1	56.0	良	**	**		(スマートワイス)															
2020102836	2025-10-12	4東京4		11.0	アイルランドT(GII)								横山和生		芝1800				1:46.1	0.4		15-15-15	36.4-33.2	32.2	474(+10)				550.0																																											曇		16.0	3.0	6.0	58.2	12.0	5	55.0	良	**	**		ラヴァンダ															
2020102836	2025-11-29	5東京7		11.0	キャピタルS(L)								横山和生		芝1600				1:32.3	0.4		17-18	34.3-34.7	32.9	468(-6)																																															晴		18.0	1.0	2.0	24.3	7.0	8	55.0	良	**	**		ミッキーゴージャス															
2020102868	2023-01-22	1中山8		6.0	3歳新馬								横山武史		芝2000				2:05.7	-0.3		8-7-6-6	38.2-35.5	34.8	468(0)				620.0																													曇		17.0	7.0	13.0	3.7	2.0	1	54.0	良	**	**		(ダールフルート)																													
2020102868	2023-03-11	2中山5		7.0	3歳1勝クラス								横山武史		芝2000				2:01.2	0.5		9-9-8-7	35.6-35.7	35.5	466(-2)				120.0																													晴		11.0	6.0	6.0	2.3	1.0	4	54.0	良	**	**		メイテソーロ																													
2020102868	2023-04-23	2東京2		11.0	サンスポ賞フローラS(GII)								横山武史		芝2000				1:59.7	0.8		5-4-4	36.1-34.1	34.6	466(0)																																	晴		15.0	8.0	15.0	51.7	11.0	7	54.0	良	**	**		ゴールデンハインド																													
2020102868	2023-07-09	2福島4		9.0	織姫賞(1勝クラス)								菅原明良		芝1800				1:48.9	0.5		12-12-12-10	36.0-36.0	35.6	468(+2)																																	曇		16.0	1.0	1.0	4.9	4.0	8	53.0	良	**	**		ラファドゥラ																													
2020102868	2023-09-23	4中山6		6.0	3歳以上1勝クラス								横山武史		芝2000				2:03.0	0.5		7-7-8-9	37.3-35.2	35.0	468(0)																																	曇		13.0	1.0	1.0	5.9	3.0	8	53.0	重	**	**		メジャークロニクル																													
2020102868	2023-11-19	3福島6		8.0	3歳以上1勝クラス								菊沢一樹		芝2000				2:02.5	0.9		6-6-7-8	35.5-37.1	37.5	466(-2)				80.0																													晴		16.0	1.0	1.0	29.1	11.0	5	54.0	良	**	**		コイニョウボウ																													
2020102868	2023-12-09	4中京3		8.0	3歳以上1勝クラス								永島まな		芝2000				2:01.4	0.6		17-17-18-16	36.0-34.5	33.3	470(+4)																																	晴		18.0	7.0	15.0	9.1	4.0	8	52.0	良	**	**		ロジシルバー																													
2020102868	2024-02-03	1小倉7		7.0	4歳以上1勝クラス								菊沢一樹		芝2600				2:42.8	1.1		7-8-7-10	37.0-37.0	37.5	468(-2)																																	小雨		15.0	7.0	12.0	8.6	4.0	8	55.0	良	**	**		ヴェルミセル																													
2020102868	2024-02-18	2小倉4		8.0	4歳以上1勝クラス								菊沢一樹		芝2000				2:01.2	0.1		5-5-3-4	37.5-35.2	35.0	464(-4)				320.0																													晴		9.0	3.0	3.0	5.1	4.0	2	55.0	良	**	**		エリダヌス																													
2020102868	2024-03-02	2小倉7		8.0	4歳以上1勝クラス								菊沢一樹		芝2000				2:02.7	1.0		5-5-5-3	34.7-37.1	37.2	462(-2)				200.0																													晴		13.0	6.0	9.0	4.5	2.0	3	56.0	稍	**	**		アリスヴェリテ																													
2020102868	2024-07-28	1札幌4		7.0	3歳以上1勝クラス								小林勝太		芝1800				1:48.7	0.6		6-6-7-6	36.3-36.1	35.4	478(+16)				80.0																													曇		10.0	1.0	1.0	28.9	7.0	5	54.0	稍	**	**		リラボニート																													
2020102868	2024-08-18	2札幌4		7.0	3歳以上1勝クラス								小林勝太		芝2000				2:02.2	1.0		9-9-9-9	36.5-35.3	35.6	480(+2)																																	晴		13.0	4.0	4.0	18.6	6.0	8	54.0	良	**	**		ウインルピナス																													
2020102868	2024-10-20	4新潟6		7.0	3歳以上1勝クラス								菊沢一樹		芝2000				2:00.3	-0.4		12-12	35.2-35.2	33.5	480(0)				800.0																													晴		15.0	6.0	10.0	10.2	5.0	1	56.0	良	**	**		(メイショウノブカ)																													
2020102868	2024-11-24	5東京8		9.0	オリエンタル賞(2勝クラス)								菊沢一樹		芝2000				2:00.5	1.1		3-3-5	36.7-34.0	34.8	478(-2)																																	晴		13.0	8.0	12.0	109.5	10.0	10	53.0	良	**	**		アドマイヤマツリ																													
2020102868	2024-12-21	7京都7		12.0	3歳以上2勝クラス								横山典弘		芝1800				1:47.4	0.7		10-11	35.5-33.9	33.5	478(0)				114.0																													曇		13.0	2.0	2.0	31.7	8.0	5	56.0	良	**	**		サフィラ																													
2020102868	2025-02-15	1小倉7		10.0	太宰府特別(2勝クラス)								菊沢一樹		芝2000				2:00.5	0.8		10-10-11-8	35.6-35.9	35.7	476(-2)																																	曇		15.0	7.0	12.0	11.1	4.0	9	56.0	良	**	**		シルキーガール																													
2020102868	2025-03-15	2中京1		10.0	恋路ケ浜特別(2勝クラス)								吉田隼人		芝2000				2:01.6	0.7		10-10-11-11	37.2-35.2	34.9	480(+4)																																	小雨		13.0	6.0	8.0	49.5	10.0	8	56.0	良	**	**		ヴィレム																													
2020102868	2025-05-18	1新潟6		10.0	信濃川特別(2勝クラス)								吉田隼人		芝2000				2:02.2	0.8		6-5	36.9-34.8	35.0	490(+10)																																	曇		10.0	6.0	6.0	36.5	10.0	8	56.0	良	**	**		ドラゴンヘッド																													
2020102868	2025-07-05	2福島3		10.0	横手特別(2勝クラス)								菊沢一樹		ダ1700				1:45.9	0.4		10-9-7-4	30.9-36.6	36.4	484(-6)				394.5																													晴		15.0	3.0	4.0	30.9	5.0	3	56.0	良	**	**		プロミストジーン																													
2020102868	2025-08-02	2新潟3		8.0	苗場特別(2勝クラス)								菊沢一樹		ダ1800				1:52.6	-0.5		5-3-3-4	36.0-38.1	37.8	486(+2)				1578.0																													晴		12.0	4.0	4.0	4.0	2.0	1	56.0	良	**	**		(ヴァナルガンド)																													
2020102868	2025-10-18	3京都6		11.0	トルマリンS(3勝クラス)								吉村誠之		ダ1800				1:52.0	0.9		9-11-11-12	36.4-36.6	36.7	484(-2)																																	曇		16.0	7.0	14.0	6.2	3.0	9	56.0	稍	**	**		レイナデアルシーラ																													
2020102868	2025-12-20	5中京5		11.0	尾頭橋S(3勝クラス)								小沢大仁		ダ1800				1:52.6	0.1		8-8-9-9	36.8-37.1	36.5	486(+2)				748.8																													小雨		11.0	8.0	10.0	26.4	6.0	2	56.0	稍	**	**		メイショウズイウン																													
2020102868	2026-01-17	1中山6		10.0	アレキサンドライトS(3勝クラス)								菊沢一樹		ダ1800				1:53.2	1.0		7-8-6-7	37.4-37.5	37.5	494(+8)				475.0																													晴		16.0	6.0	12.0	16.1	6.0	3	55.0	良				チュウワクリスエス																													
2020102899	2022-11-13	5東京4	曇	5.0	2歳新馬		9.0	5.0	5.0	1.4	1.0	1	戸崎圭太	55.0	芝1800		良	**	1:50.8	0.0	**	3-3-3	39.5-33.5	33.3	460(0)			(レーベンスティール)	700.0																																																																							
2020102899	2023-01-15	1中山6	曇	11.0	京成杯(GIII)		9.0	4.0	4.0	2.7	2.0	1	横山武史	56.0	芝2000		良	**	2:02.2	-0.4	**	5-5-5-5	37.6-35.4	34.5	462(+2)			(オメガリッチマン)	4031.5																																																																							
2020102899	2023-04-16	3中山8	晴	11.0	皐月賞(GI)		18.0	1.0	1.0	5.2	2.0	1	横山武史	57.0	芝2000		重	**	2:00.6	-0.2	**	15-15-15-17	35.1-37.2	35.5	462(0)			(タスティエーラ)	22538.2																																																																							
2020102899	2023-05-28	2東京12	晴	11.0	東京優駿(GI)		18.0	3.0	5.0	1.8	1.0	2	横山武史	57.0	芝2400		良	**	2:25.2	0.0	**	6-6-6-6	35.3-35.3	33.3	460(-2)			タスティエーラ	12781.4																																																																							
2020102899	2023-09-18	4中山5	晴	11.0	朝日セントライト記念(GII)		15.0	8.0	14.0	1.6	1.0	2	横山武史	56.0	芝2200		良	**	2:11.7	0.3	**	10-10-9-9	35.2-34.4	34.0	460(0)			レーベンスティール	2230.8																																																																							
2020102899	2023-10-22	2京都7	晴	11.0	菊花賞(GI)		17.0	7.0	14.0	2.7	1.0	3	横山武史	57.0	芝3000		良	**	3:04.0	0.9	**	11-12-12-8	35.5-34.9	35.1	464(+4)			ドゥレッツァ	5386.2																																																																							
2020102899	2023-12-24	5中山8	晴	11.0	有馬記念(GI)		16.0	1.0	1.0	6.5	4.0	8	川田将雅	56.0	芝2500		良	**	2:31.6	0.7	**	10-10-12-12	30.2-35.9	34.8	466(+2)			ドウデュース																																																																								
2020102899	2024-02-25	2中山2	小雨	11.0	中山記念(GII)		16.0	2.0	3.0	3.4	1.0	4	田辺裕信	58.0	芝1800		稍	**	1:48.6	0.5	**	11-12-13-12	35.6-37.6	36.4	466(0)			マテンロウスカイ	1000.0																																																																							
2020102899	2024-03-31	2阪神4	晴	11.0	大阪杯(GI)		16.0	5.0	10.0	8.2	5.0	7	横山武史	58.0	芝2000		良	**	1:58.7	0.5	**	9-10-4-4	35.8-35.0	35.1	456(-10)			ベラジオオペラ																																																																								
2020102899	2024-06-23	4京都8	曇	11.0	宝塚記念(GI)		13.0	6.0	9.0	16.9	7.0	2	横山武史	58.0	芝2200		重	**	2:12.3	0.3	**	7-7-12-11	35.6-34.5	34.0	460(+4)			ブローザホーン	8878.0																																																																							
2020102899	2024-10-27	4東京8	曇	11.0	天皇賞(秋)(GI)		15.0	4.0	6.0	15.4	7.0	7	横山武史	58.0	芝2000		良	**	1:57.7	0.4	**	8-8-8	35.9-33.7	33.3	468(+8)			ドウデュース																																																																								
2020102899	2024-11-24	5東京8	晴	12.0	ジャパンC(GI)		14.0	7.0	12.0	35.7	9.0	14	横山武史	58.0	芝2400		良	**	2:27.7	2.2	**	2-2-4-4	37.1-33.4	35.2	476(+8)			ドウデュース																																																																								
2020102899	2025-02-16	1京都6	曇	11.0	京都記念(GII)		12.0	4.0	4.0	4.7	2.0	5	川田将雅	58.0	芝2200		稍	**	2:16.1	0.4	**	10-9-10-9	37.0-34.6	34.1	472(-4)			ヨーホーレイク	620.0																																																																							
2020102899	2025-04-06	2阪神4	晴	11.0	大阪杯(GI)		15.0	3.0	4.0	38.0	11.0	10	松山弘平	58.0	芝2000		良	**	1:56.9	0.7	**	15-15-15-15	34.9-35.1	33.5	466(-6)			ベラジオオペラ																																																																								
2020102899	2025-06-15	3阪神4	晴	11.0	宝塚記念(GI)		17.0	6.0	11.0	18.6	8.0	6	松山弘平	58.0	芝2200		稍	**	2:12.1	1.0	**	17-17-17-16	34.8-36.0	35.2	468(+2)			メイショウタバル																																																																								
2020102899	2025-11-02	4東京11	曇	11.0	天皇賞(秋)(GI)		14.0	3.0	4.0	50.3	12.0	14	丹内祐次	58.0	芝2000		良	**	1:59.3	0.7	**	7-9-9	37.1-32.9	32.9	478(+10)			マスカレードボール																																																																								
2020102959	2022-12-17	6阪神5		6.0	2歳新馬								鮫島克駿		ダ1800				1:56.9	-0.1		2-1-1-1	38.9-38.0	38.0	494(0)				700.0															小雨		9.0	7.0	7.0	4.7	2.0	1	55.0	良	**	**		(メイショウクモイ)																																											
2020102959	2023-02-26	2小倉6		8.0	3歳1勝クラス								松本大輝		ダ1700				1:48.7	3.6		10-10-14-16	28.6-38.1	40.5	504(+10)																			晴		16.0	8.0	16.0	34.4	10.0	16	55.0	稍	**	**		アイファーテイオー																																											
2020102959	2023-05-13	2東京7		7.0	3歳1勝クラス								永野猛蔵		ダ2100				2:12.0	1.7		7-6-9-7	30.1-37.0	37.7	488(-16)																			小雨		15.0	5.0	8.0	168.3	13.0	10	55.0	稍	**	**		クールミラボー																																											
2020102959	2023-07-16	3中京6		7.0	3歳以上1勝クラス								荻野極		ダ1900				2:01.6	1.5		4-3-2-3	30.0-38.8	40.3	494(+6)				80.0															晴		13.0	8.0	13.0	29.1	11.0	5	55.0	良	**	**		スタボーンイメル																																											
2020102959	2023-09-18	4阪神5		8.0	3歳以上1勝クラス								鮫島克駿		ダ1800				1:55.9	2.2		11-11-5-6	37.0-39.0	40.4	494(0)																			晴		13.0	2.0	2.0	14.6	6.0	7	55.0	良	**	**		タイガースパーク																																											
2020102959	2023-10-09	2京都3		7.0	3歳以上1勝クラス								西村淳也		ダ1900				2:02.3	3.2		2-3-6-5	30.0-37.8	40.4	498(+4)																			曇		13.0	7.0	11.0	44.1	8.0	8	56.0	重	**	**		エンツォウーノ																																											
2020102959	2023-12-24	5阪神8		7.0	3歳以上1勝クラス								荻野極		ダ1800				1:56.0	1.4		3-3-7-9	37.8-39.2	39.8	502(+4)																			晴		11.0	3.0	3.0	82.5	9.0	7	57.0	良	**	**		サンマルパトロール																																											
2020102959	2024-01-07	1京都2		7.0	4歳以上1勝クラス								荻野極		ダ1900				2:02.2	1.3		5-5-3-3	28.8-37.8	38.9	502(0)																			晴		13.0	8.0	13.0	18.1	5.0	6	57.0	良	**	**		ハギノサステナブル																																											
2020102959	2024-03-17	1中京4		8.0	4歳以上1勝クラス								永島まな		ダ1800				1:55.1	1.7		5-6-3-3	38.1-38.1	39.2	502(0)																			曇		10.0	8.0	9.0	11.1	5.0	6	55.0	良	**	**		メジャークオリティ																																											
2020102959	2024-04-13	1福島3		12.0	4歳以上1勝クラス								荻野極		ダ1700				1:48.3	1.4		10-11-11-10	30.0-41.0	39.6	498(-4)																			晴		15.0	4.0	6.0	16.6	7.0	7	58.0	良	**	**		プレイサーゴールド																																											
2020102959	2024-05-05	1新潟4		6.0	4歳以上1勝クラス								荻野極		ダ1800				1:53.9	1.3		10-11-9-9	36.7-37.8	38.1	504(+6)																			晴		15.0	2.0	3.0	52.3	9.0	6	58.0	良	**	**		サヨノフィールド																																											
2020102959	2024-08-18	2中京4		1.0	障害3歳以上未勝利								中村将之		障3000							4-4-12-12	103.1-0.0		514(+10)																			晴		12.0	6.0	7.0	69.9	10.0	中	60.0	良				プリモスペランツァ																																											
2020102959	2024-12-14	4中京5		7.0	3歳以上1勝クラス								荻野極		ダ1800				1:55.6	1.3		5-4-6-6	38.2-38.6	39.2	510(-4)																			晴		16.0	3.0	5.0	46.2	10.0	11	58.0	良	**	**		アークドール																																											
2020102959	2025-01-13	1中京5		8.0	4歳以上1勝クラス								川端海翼		ダ1900				2:01.7	1.2		8-9-8-8	29.5-40.1	40.3	512(+2)																			晴		16.0	2.0	4.0	87.4	14.0	9	55.0	良	**	**		グラヴィス																																											
2020102959	2025-03-29	2中京5		7.0	4歳以上1勝クラス								荻野極		ダ1800				1:54.5	2.3		10-9-4-4	37.2-38.9	40.5	510(-2)																			晴		14.0	8.0	13.0	47.7	7.0	8	58.0	稍	**	**		バルダンツァ																																											
2020102959	2025-04-13	2阪神6		6.0	4歳以上1勝クラス								川須栄彦		ダ1800				1:56.4	2.5		6-5-6-6	38.1-37.8	39.7	510(0)																			小雨		10.0	6.0	6.0	117.3	9.0	10	58.0	稍	**	**		バトンインディ																																											
2020102959	2025-06-29	2小倉2		12.0	3歳以上1勝クラス								永島まな		ダ1700				1:47.7	2.0		15-15-12-14	29.4-39.4	40.0	490(-20)																			晴		16.0	6.0	11.0	144.5	15.0	15	56.0	良	**	**		オンザムーブ																																											
2020102959	2025-09-27	4阪神8		6.0	3歳以上1勝クラス								田口貫太		ダ1800				1:54.6	2.1		8-8-8-10	37.5-37.5	38.7	502(+12)																			晴		13.0	5.0	6.0	347.5	11.0	10	58.0	良	**	**		ストップヤーニング																																											
2020102959	2025-10-13	3京都5		8.0	3歳以上1勝クラス								田口貫太		ダ1900				2:01.0	1.2		9-9-8-6	29.9-38.6	38.6	504(+2)																			曇		13.0	8.0	13.0	161.7	13.0	6	58.0	良	**	**		ハッピーダンチャン																																											
2020102959	2026-01-12	1京都5		8.0	4歳以上1勝クラス								田山旺佑		ダ1900				2:01.8	1.5		10-10-12-11	30.7-37.5	38.1	510(+6)																			晴		15.0	7.0	12.0	180.1	13.0	11	55.0	良	**	**		グレイルクエスト																																											
2020102959	2026-01-18	1京都7		7.0	4歳以上1勝クラス								田山旺佑		ダ1900				2:02.3	1.9		6-6-5-9	30.7-38.4	39.4	510(0)																																																													晴		11.0	6.0	6.0	336.5	11.0	11	55.0	良	**	**		エンマ	202608010707
2020102976	2022-11-06	5阪神2		5.0	2歳新馬								福永祐一		芝2000				2:02.5	-0.7		3-4-4-2	37.7-35.1	34.8	484(0)				700.0	晴		13.0	1.0	1.0	5.1	2.0	1	55.0	良	**	**		(センチュリヒロイン)																																																									
2020102976	2022-12-10	6阪神3		9.0	エリカ賞(1勝クラス)								福永祐一		芝2000				2:02.2	1.5		9-9-10-8	36.6-35.6	36.4	482(-2)					晴		13.0	7.0	10.0	2.6	1.0	12	55.0	良	**	**		レミージュ																																																									
2020102976	2023-02-05	1東京4		9.0	ゆりかもめ賞(1勝クラス)								坂井瑠星		芝2400				2:25.6	0.8		6-7-7-7	35.7-35.2	34.8	484(+2)				160.0	晴		10.0	5.0	5.0	22.7	6.0	4	56.0	良	**	**		スキルヴィング																																																									
2020102976	2023-05-27	2東京11		6.0	3歳1勝クラス								ルメール		芝2400				2:26.4	1.0		5-5-5-6	37.3-34.1	34.4	488(+4)					晴		8.0	7.0	7.0	7.1	4.0	6	56.0	良	**	**		コレオグラファー																																																									
2020102976	2023-09-16	4中山3		7.0	3歳以上1勝クラス								田辺裕信		芝2500				2:33.6	0.6		3-3-2-2	31.3-35.8	36.2	490(+2)				120.0	晴		14.0	7.0	11.0	5.9	3.0	4	55.0	良	**	**		レヴォルタード																																																									
2020102976	2023-10-07	4東京1		7.0	3歳以上1勝クラス								田辺裕信		ダ2100				2:13.9	2.0		12-12-10-10	30.6-38.6	38.3	484(-6)					晴		13.0	8.0	13.0	7.3	5.0	9	56.0	良	**	**		メイショウカゲカツ																																																									
2020102976	2023-11-19	3福島6		9.0	磐梯山特別(1勝クラス)								荻野極		芝2600				2:45.8	0.9		3-3-3-4	38.7-36.5	37.0	484(0)					晴		16.0	1.0	2.0	18.9	8.0	9	56.0	良	**	**		シリンガバルガリス																																																									
2020102976	2024-01-20	1中山6		12.0	4歳以上1勝クラス								横山和生		芝2200				2:14.1	0.9		7-5-6-6	36.3-35.6	35.9	502(+18)				120.0	曇		17.0	7.0	14.0	20.0	9.0	4	57.0	良	**	**		サトノトルネード																																																									
2020102976	2024-02-11	1東京6		6.0	4歳以上1勝クラス								戸崎圭太		芝2400				2:28.6	0.6		5-5-3-3	37.8-34.2	34.6	506(+4)				200.0	晴		10.0	7.0	7.0	9.4	3.0	3	57.0	良	**	**		コスタレイ																																																									
2020102976	2024-04-13	3中山7		7.0	4歳以上1勝クラス								戸崎圭太		芝2200				2:17.3	0.8		7-7-7-8	37.5-34.9	35.1	504(-2)					晴		9.0	3.0	3.0	7.1	3.0	7	58.0	良	**	**		ヒシタイカン																																																									
2020102976	2024-05-04	1新潟3		10.0	荒川峡特別(1勝クラス)								石橋脩		芝2200				2:15.2	0.2		13-13-11-11	35.6-36.5	35.4	504(0)				448.6	晴		13.0	6.0	8.0	24.2	9.0	2	58.0	良	**	**		イゾレエオリア																																																									
2020102976	2024-05-18	1新潟7		10.0	二王子特別(1勝クラス)								丹内祐次		芝2000				2:01.0	0.0		8-8	36.2-36.9	35.0	504(0)				1141.5	晴		10.0	3.0	3.0	4.4	3.0	1	58.0	良	**	**		(フォトンブルー)																																																									
2020102976	2024-07-07	1函館10		10.0	横津岳特別(2勝クラス)								佐々木大		芝2600				2:45.2	1.0		8-8-7-7	39.0-36.7	36.6	504(0)				393.3	曇		10.0	5.0	5.0	29.1	6.0	3	58.0	稍	**	**		シリアルノヴェル																																																									
2020102976	2024-07-28	1札幌4		9.0	阿寒湖特別(2勝クラス)								佐々木大		芝2600				2:41.2	0.3		8-9-4-3	36.2-36.5	36.3	498(-6)				393.6	曇		12.0	5.0	5.0	14.5	5.0	3	58.0	稍	**	**		アスターブジエ																																																									
2020102976	2024-08-17	2札幌3		11.0	札幌日刊スポーツ杯(2勝クラス)								大野拓弥		芝2600				2:41.8	1.3		10-10-12-13	37.9-36.0	36.3	502(+4)					曇		14.0	3.0	4.0	19.6	7.0	10	57.0	良	**	**		フェミナフォルテ																																																									
2020102976	2024-12-01	5中山2		8.0	3歳以上2勝クラス								丹内祐次		芝2500				2:30.8	0.6		6-6-6-6	30.7-35.9	35.8	508(+6)				170.0	晴		11.0	3.0	3.0	24.0	8.0	4	58.0	良	**	**		ホウオウムサシ																																																									
2020102976	2024-12-22	5中山8		9.0	グッドラックH(2勝クラス)								石橋脩		芝2500				2:34.5	2.3		12-12-11-12	30.6-36.4	37.4	506(-2)					晴		16.0	7.0	13.0	47.7	9.0	9	56.0	良	**	**		スティンガーグラス																																																									
2020102976	2025-02-15	1東京5		9.0	箱根特別(2勝クラス)								内田博幸		芝2400				2:25.8	0.8		6-6-7-8	37.3-34.3	34.6	508(+2)					晴		11.0	3.0	3.0	154.6	10.0	6	56.0	良	**	**		シャイニングソード																																																									
2020102976	2025-03-08	2中山3		9.0	潮来特別(2勝クラス)								内田博幸		芝2500				2:38.8	1.9		9-10-7-9	32.7-34.8	36.1	506(-2)					曇		10.0	5.0	5.0	20.8	5.0	8	58.0	良	**	**		サンライズソレイユ																																																									
2020102976	2025-05-03	2東京3		8.0	4歳以上2勝クラス								田辺裕信		芝2400				2:28.7	0.4		6-5-3-3	37.9-33.0	33.2	506(0)				114.0	晴		7.0	3.0	3.0	42.7	7.0	5	58.0	良	**	**		カフェグランデ																																																									
2020102976	2025-06-01	2東京12		8.0	青嵐賞(2勝クラス)								田辺裕信		芝2400				2:24.9	1.1		8-7-6-6	35.7-34.9	35.5	508(+2)					晴		16.0	7.0	13.0	214.7	15.0	11	58.0	稍	**	**		デュアルウィルダー																																																									
2020103025	2022-10-23	4阪神7		5.0	2歳新馬								松山弘平		芝1800				1:48.3	-0.3		10-10	35.9-34.2	33.5	464(0)				700.0															晴		11.0	6.0	7.0	18.0	6.0	1	55.0	良	**	**		(エルトンバローズ)																																											
2020103025	2022-12-10	6阪神3		9.0	エリカ賞(1勝クラス)								松山弘平		芝2000				2:00.8	0.1		6-5-5-7	36.6-35.6	35.1	458(-6)				418.0															晴		13.0	8.0	12.0	3.6	2.0	2	55.0	良	**	**		レミージュ																																											
2020103025	2023-01-14	1中京5		6.0	3歳1勝クラス								松山弘平		芝2200				2:17.4	0.7		3-3-2-3	36.6-35.4	35.8	460(+2)				120.0															小雨		6.0	5.0	5.0	2.5	1.0	4	56.0	重	**	**		ショウナンバシット																																											
2020103025	2023-02-18	1阪神3		9.0	つばき賞(1勝クラス)								松山弘平		芝1800				1:47.4	0.4		6-7	35.8-33.8	33.3	460(0)				273.8															曇		12.0	6.0	8.0	5.5	2.0	3	56.0	良	**	**		ロードデルレイ																																											
2020103025	2023-03-25	2阪神1		11.0	毎日杯(GIII)								松山弘平		芝1800				1:47.0	0.4		8-9	35.0-35.6	35.0	456(-4)				600.0															曇		13.0	5.0	7.0	10.1	3.0	4	56.0	良	**	**		シーズンリッチ																																											
2020103025	2023-04-15	2阪神7		11.0	アーリントンC(GIII)								西村淳也		芝1600				1:34.1	0.2		17-17	34.1-36.2	34.1	458(+2)																			雨		18.0	7.0	13.0	19.6	7.0	6	56.0	重	**	**		オオバンブルマイ																																											
2020103025	2023-09-23	4阪神6		7.0	3歳以上1勝クラス								松山弘平		芝1800				1:44.8	0.0		9-7	35.4-34.3	33.6	458(0)				800.0															晴		13.0	7.0	12.0	2.7	1.0	1	55.0	良	**	**		(シュタールヴィント)																																											
2020103025	2023-10-29	2京都9		9.0	堀川特別(2勝クラス)								松若風馬		芝1800				1:48.3	0.4		5-5	36.5-33.4	33.2	468(+10)				392.9															晴		9.0	8.0	8.0	2.6	1.0	3	56.0	良	**	**		アイスグリーン																																											
2020103025	2023-12-02	5阪神1		12.0	3歳以上2勝クラス								松山弘平		芝1800				1:45.4	0.2		3-3	34.7-34.6	34.5	470(+2)				460.0															晴		10.0	3.0	3.0	3.2	2.0	2	57.0	良	**	**		グランヴィノス																																											
2020103025	2024-01-14	1京都5		9.0	逢坂山特別(2勝クラス)								松山弘平		芝1800				1:47.4	0.4		7-7	35.4-34.8	34.7	466(-4)																			晴		11.0	7.0	9.0	2.4	1.0	6	57.0	良	**	**		ワイドアラジン																																											
2020103025	2024-01-28	1東京2		12.0	4歳以上2勝クラス								川田将雅		芝2000				1:58.4	-0.3		5-5-5	36.3-33.9	33.4	464(-2)				1140.0															晴		11.0	5.0	5.0	2.6	1.0	1	57.0	良	**	**		(エイカイマッケンロ)																																											
2020103025	2024-04-27	2東京3		10.0	府中市70周年記念(3勝クラス)								モレイラ		芝2000				1:58.3	0.5		4-4-5	35.6-34.8	34.7	468(+4)				280.0															曇		13.0	5.0	6.0	2.3	1.0	4	58.0	良	**	**		マイネルケレリウス																																											
2020103025	2024-05-26	2東京12		9.0	むらさき賞(3勝クラス)								川田将雅		芝1800				1:44.9	0.1		5-3-3	35.1-35.0	34.4	466(-2)				746.8															晴		10.0	1.0	1.0	3.0	2.0	2	57.0	良	**	**		ジェイパームス																																											
2020103025	2024-06-22	3東京7		11.0	江の島S(3勝クラス)								レーン		芝1800				1:46.8	0.7		11-11-11	37.0-33.8	33.4	456(-10)																			晴		13.0	5.0	7.0	3.3	2.0	8	58.0	良	**	**		マイネルモーント																																											
2020103025	2024-08-10	2中京1		11.0	関ケ原S(3勝クラス)								松山弘平		芝2000				1:58.7	-0.5		7-7-5-7	35.4-35.5	34.9	460(+4)				1859.6															晴		8.0	6.0	6.0	2.2	1.0	1	57.0	良	**	**		(ワイドエンペラー)																																											
2020103025	2024-10-06	5京都2		11.0	京都大賞典(GII)								松山弘平		芝2400				2:23.2	0.3		8-8-8-8	34.4-35.0	34.3	462(+2)																			晴		11.0	7.0	9.0	21.6	6.0	6	57.0	良	**	**		シュヴァリエローズ																																											
2020103025	2024-11-10	3福島4		11.0	福島記念(GIII)								幸英明		芝2000				2:01.3	0.6		8-9-10-10	34.8-37.2	37.3	460(-2)																			晴		16.0	2.0	3.0	3.7	1.0	7	56.0	良	**	**		アラタ																																											
2020103025	2024-12-07	4中京3		11.0	中日新聞杯(GIII)								松山弘平		芝2000				1:59.7	1.3		9-8-11-12	35.3-35.6	35.7	462(+2)																			曇		18.0	7.0	14.0	18.8	7.0	10	56.0	良	**	**		デシエルト																																											
2020103025	2025-09-13	4阪神3		11.0	チャレンジC(GIII)								松山弘平		芝2000				1:59.2	1.2		10-11-11-11	36.0-35.7	35.5	474(+12)																			曇		15.0	5.0	8.0	32.1	11.0	13	56.0	良	**	**		オールナット																																											
2020103025	2025-10-25	3京都8		11.0	カシオペアS(L)								岩田望来		芝1800				1:45.3	0.3		10-9	34.9-35.4	33.5	474(0)				280.0															曇		10.0	4.0	4.0	21.5	7.0	5	57.0	良	**	**		オーロラエックス																																											
2020103025	2025-11-15	4京都3		10.0	アンドロメダS(L)								岩田望来		芝2000				1:59.7	0.8		8-8-6-6	35.5-35.1	35.3	476(+2)																			晴		16.0	1.0	1.0	15.1	6.0	9	57.0	良	**	**		ウエストナウ																																											
2020103025	2025-12-21	5中山6		11.0	ディセンバーS(L)								北村宏司		芝1800				1:48.6	1.2		14-11-10-11	36.7-35.2	35.5	474(-2)																			曇		16.0	8.0	15.0	34.8	11.0	9	57.0	重	**	**		ドラゴンブースト																																											
2020103025	2026-01-18	1京都7		11.0	日経新春杯(GII)								団野大成		芝2400				2:26.2	0.5		5-4-4-4	35.9-34.4	34.3	476(+2)				570.0																																																									晴		13.0	3.0	3.0	154.7	13.0	5	55.0	良	**	**		ゲルチュタール	202608010711
2020103033	2022-10-22	4東京6	曇	5.0	2歳新馬		11.0	2.0	2.0	28.1	7.0	10	石橋脩	54.0	芝2000		良	**	2:01.8	0.9	**	9-9-8	36.6-35.3	35.4	486(0)			シリアルノヴェル																																																																								
2020103033	2022-12-24	5中山7	晴	2.0	2歳未勝利		16.0	8.0	16.0	4.1	2.0	1	丸山元気	54.0	ダ1800		稍	**	1:56.7	-0.5	**	9-8-7-5	36.6-39.3	38.7	490(+4)			(レジュークレール)	520.0																																																																							
2020103033	2023-03-12	2中山6	晴	6.0	3歳1勝クラス		16.0	4.0	7.0	31.4	8.0	8	丸山元気	54.0	ダ1800		良	**	1:54.1	0.9	**	5-6-5-5	36.6-38.9	39.2	494(+4)			フェブランシェ																																																																								
2020103033	2023-05-13	2東京7	小雨	7.0	3歳1勝クラス		15.0	1.0	1.0	26.8	6.0	8	菅原明良	54.0	ダ2100		稍	**	2:11.8	1.5	**	7-6-7-6	30.1-37.0	37.7	480(-14)			クールミラボー																																																																								
2020103033	2023-10-14	4新潟1	晴	3.0	3歳以上1勝クラス		13.0	4.0	4.0	6.0	3.0	1	丸山元気	54.0	ダ1800		良	**	1:53.8	-0.2	**	4-4-4-3	35.9-39.0	38.8	480(0)			(ロフティーイデアル)	800.0																																																																							
2020103033	2023-12-10	4中京4	晴	9.0	大須特別(2勝クラス)		16.0	8.0	15.0	18.6	8.0	11	ドイル	55.0	ダ1800		良	**	1:54.5	1.2	**	6-7-6-4	37.1-37.6	38.3	476(-4)			フレンチギフト																																																																								
2020103033	2024-01-20	1中山6	小雨	9.0	初茜賞(2勝クラス)		16.0	8.0	16.0	32.7	8.0	7	三浦皇成	55.0	ダ1800		良	**	1:54.1	0.6	**	14-14-13-12	37.4-39.2	38.4	486(+10)			メイショウコバト																																																																								
2020103033	2024-03-23	3中山1	曇	12.0	4歳以上2勝クラス		16.0	6.0	11.0	17.2	8.0	11	鮫島克駿	56.0	ダ1800		良	**	1:55.6	1.8	**	8-8-3-7	38.5-37.8	39.4	486(0)			プラウドヘリテージ																																																																								
2020103033	2024-05-19	2東京10	曇	12.0	三峰山特別(2勝クラス)		15.0	5.0	9.0	18.2	9.0	5	三浦皇成	56.0	ダ1600		良	**	1:37.8	0.6	**	6-6	36.4-35.9	36.0	482(-4)			マウントベル	155.0																																																																							
2020103033	2024-06-01	3東京1	晴	8.0	3歳以上2勝クラス		16.0	3.0	6.0	27.2	8.0	6	三浦皇成	56.0	ダ1600		重	**	1:36.5	0.7	**	11-11	35.1-36.2	35.8	484(+2)			フェブランシェ																																																																								
2020103033	2024-08-17	3新潟3	晴	9.0	瀬波温泉特別(2勝クラス)		15.0	4.0	6.0	24.4	5.0	3	丸山元気	56.0	ダ1800		良	**	1:52.4	0.7	**	7-7-6-4	36.0-38.0	37.7	480(-4)			ジャスパーロブスト	395.0																																																																							
2020103033	2024-12-07	5中山3	晴	12.0	3歳以上2勝クラス		16.0	5.0	9.0	19.0	8.0	4	丸山元気	56.0	ダ1800		良	**	1:54.0	0.5	**	9-9-8-8	36.9-38.8	38.7	488(+8)			ゴールドアローン	170.0																																																																							
2020103033	2024-12-28	5中山9	晴	10.0	コントレイルC(2勝クラス)		16.0	8.0	16.0	47.0	9.0	5	丸山元気	56.0	ダ1800		良	**	1:54.5	1.3	**	5-5-4-4	36.8-37.8	38.9	490(+2)			レヴォントゥレット	155.0																																																																							
2020103033	2025-01-18	1中山6	晴	7.0	4歳以上2勝クラス		13.0	7.0	11.0	4.2	3.0	2	丸山元気	56.0	ダ1800		良	**	1:54.9	0.2	**	3-4-1-1	38.0-38.8	39.0	492(+2)			メロウヴォイス	460.0																																																																							
2020103033	2025-03-23	2中山8	晴	12.0	4歳以上2勝クラス		15.0	4.0	7.0	4.7	2.0	1	横山武史	56.0	ダ1800		良	**	1:54.8	-0.1	**	2-2-2-1	37.6-39.6	39.5	492(0)			(タガノチョコラータ)	1140.0																																																																							
2020103033	2025-04-06	3中山4	晴	10.0	アリエスS(3勝クラス)		16.0	2.0	4.0	54.8	11.0	13	野中悠太	56.0	ダ1800		稍	**	1:53.9	2.0	**	5-5-5-4	36.0-37.8	39.4	490(-2)			マンマリアーレ																																																																								
2020103033	2025-06-29	2福島2	晴	10.0	鶴ヶ城S(3勝クラス)		15.0	7.0	12.0	42.6	9.0	14	杉原誠人	56.0	ダ1700		良	**	1:46.9	2.4	**	4-4-7-9	30.2-37.1	38.8	486(-4)			ジャスパーロブスト																																																																								
2020103033	2025-08-23	4中京1	晴	11.0	伊賀S(3勝クラス)		16.0	3.0	5.0	130.1	16.0	10	富田暁	53.0	ダ1400		良	**	1:24.4	0.9	**	10-9	34.0-37.4	37.4	480(-6)			プロトポロス																																																																								
2020103033	2025-11-16	5東京4	晴	9.0	銀嶺S(3勝クラス)		14.0	7.0	12.0	90.9	13.0	2	北村宏司	53.0	ダ1400		良	**	1:23.9	0.5	**	11-9	35.2-36.2	35.6	490(+10)			ダノンフィーゴ	749.0																																																																							
2020103036	2022-06-04	4中京1		5.0	2歳新馬								藤岡佑介		芝1600				1:36.2	0.8		7-8-8	36.1-34.6	34.7	480(0)					晴		9.0	8.0	9.0	27.9	7.0	7	54.0	良	**	**		ダイヤモンドハンズ																																																									
2020103036	2022-08-07	1札幌6		1.0	2歳未勝利								富田暁		ダ1700				1:49.2	-1.0		3-3-3-2	30.5-38.9	38.7	480(0)				520.0	曇		11.0	8.0	11.0	2.9	1.0	1	54.0	良	**	**		(キスオンザビーチ)																																																									
2020103036	2022-10-15	4東京4		9.0	プラタナス賞(1勝クラス)								藤岡佑介		ダ1600				1:38.6	1.7		8-7	35.1-37.2	38.0	472(-8)				150.0	晴		8.0	2.0	2.0	13.9	4.0	4	55.0	稍	**	**		トレド																																																									
2020103036	2022-11-06	5阪神2		9.0	もちの木賞(1勝クラス)								藤岡佑介		ダ1800				1:55.4	0.1		2-2-2-2	37.9-37.7	37.6	476(+4)				262.2	晴		7.0	2.0	2.0	65.5	7.0	3	55.0	良	**	**		デルマソトガケ																																																									
2020103036	2022-12-28	6阪神9		6.0	2歳1勝クラス								藤岡佑介		ダ1800				1:58.1	4.2		4-6-5-4	37.3-37.6	41.4	486(+10)					晴		11.0	7.0	9.0	18.7	5.0	11	55.0	良	**	**		ユティタム																																																									
2020103036	2023-03-04	1阪神7		6.0	3歳1勝クラス								藤岡佑介		ダ1800				1:55.6	1.1		2-2-2-2	37.0-38.3	39.4	478(-8)					晴		10.0	1.0	1.0	24.9	7.0	8	56.0	良	**	**		ベンダバリラビア																																																									
2020103036	2023-04-30	2東京4		6.0	3歳1勝クラス								藤懸貴志		ダ1600				1:39.4	1.2		3-3	36.0-37.5	38.6	476(-2)					曇		12.0	5.0	6.0	26.0	7.0	7	56.0	良	**	**		ジャスリー																																																									
2020103036	2023-06-17	1函館3		12.0	3歳以上1勝クラス								富田暁		ダ1700				1:49.8	4.6		9-9-7-11	29.7-36.9	40.8	488(+12)					曇		14.0	8.0	13.0	11.9	6.0	14	55.0	良	**	**		スマートサニー																																																									
2020103036	2023-06-25	1函館6		7.0	3歳以上1勝クラス								富田暁		芝2600				2:41.9	-0.1		2-2-2-2	36.2-38.7	38.4	482(-6)				800.0	晴		9.0	7.0	7.0	60.1	8.0	1	54.0	良	**	**		(ノートルプロメス)																																																									
2020103036	2023-08-19	2札幌3		11.0	札幌日刊スポーツ杯(2勝クラス)								富田暁		芝2600				2:47.7	1.7		3-3-3-2	41.1-34.9	36.4	486(+4)					曇		14.0	6.0	9.0	44.2	10.0	12	54.0	良	**	**		ミステリーウェイ																																																									
2020103036	2023-11-04	3福島1		10.0	三陸特別(2勝クラス)								富田暁		芝2600				2:42.7	2.9		4-3-1-4	35.2-37.7	40.6	488(+2)					曇		16.0	5.0	10.0	69.8	15.0	12	54.0	良	**	**		ダイム																																																									
2020103036	2023-11-25	3京都7		9.0	高雄特別(2勝クラス)								富田暁		芝2400				2:27.5	2.7		6-6-8-9	35.6-35.8	38.1	504(+16)					晴		12.0	5.0	5.0	197.4	11.0	12	56.0	良	**	**		ゴールドプリンセス																																																									
2020103036	2023-12-24	5阪神8		9.0	クリスマスエルフ賞(2勝クラス)								富田暁		ダ1800				1:56.1	2.6		6-6-8-9	37.0-38.6	40.4	506(+2)					晴		15.0	5.0	10.0	159.1	15.0	15	57.0	良	**	**		ダイシンピスケス																																																									
2020103036	2024-02-04	1小倉8		4.0	障害4歳以上未勝利								黒岩悠		障2860				3:18.4	4.3		11-11-10-9	108.0-0.0	13.9	498(-8)					曇		12.0	7.0	10.0	73.8	9.0	9	59.0	重				ワールドスケール																																																									
2020103036	2024-12-22	7京都8		5.0	障害3歳以上未勝利								黒岩悠		障2910				3:26.0	7.2		13-12-11-11	109.0-0.0	14.2	526(+28)					曇		14.0	7.0	12.0	87.9	12.0	13	60.0	良				マテンロウジョイ																																																									
2020103036	2025-03-18	水沢		12.0	菫特別(A)								山本政聡		ダ1600				1:40.8	0.0		9-11-4-3		38.2	519(-7)				130.0	晴		11.0	7.0	8.0	4.1	2.0	1	56.0	重	**	**		(タイセイメガロス)																																																									
2020103036	2025-04-14	水沢		12.0	若草特別(A)								山本政聡		ダ1600				1:42.1	1.0		10-10-8-9		37.7	513(-6)					曇		12.0	7.0	9.0	2.2	1.0	6	56.0	不	**	**		サンエイウイング																																																									
2020103036	2025-04-28	水沢		12.0	桜花特別(A)								鈴木祐		ダ1900				2:07.8	4.9		6-6-6-7		42.4	517(+4)					曇		7.0	6.0	6.0	12.7	6.0	6	56.0	良	**	**		グランコージー																																																									
2020103036	2025-05-19	盛岡		10.0	陽光特別(A)								山本政聡		ダ1600				1:41.2	1.9		4-4		39.4	508(-9)				18.2	晴		9.0	5.0	5.0	15.2	4.0	4	56.0	稍	**	**		エヴィダンシア																																																									
2020103036	2025-06-02	盛岡		11.0	麦秋特別(A)								山本政聡		ダ1600				1:41.1	1.8		9-6		39.1	509(+1)					晴		11.0	1.0	1.0	32.0	8.0	8	56.0	良	**	**		ヤマニンエステル																																																									
2020103036	2025-06-30	水沢		12.0	小暑特別(A)								山本政聡		ダ1600				1:44.3	2.7		8-9-9-7		39.9	505(-4)				10.5	曇		10.0	2.0	2.0	88.2	9.0	5	56.0	良	**	**		スズカゴウケツ																																																									
2020103036	2025-07-14	盛岡		8.0	向日葵特別(A)								山本政聡		ダ1600				1:41.3	2.4		10-10		39.1	511(+6)				9.8	曇		11.0	8.0	10.0	53.0	8.0	5	56.0	良	**	**		ダブルラッキー																																																									
2020103036	2025-10-13	盛岡		7.0	楽天競馬×楽天モバイ(B2)								高橋悠里		ダ1600				1:40.8	0.2		1-1		37.1	505(-6)				21.0	晴		12.0	1.0	1.0	10.8	5.0	2	56.0	良	**	**		ジョリーロジャー																																																									
2020103036	2025-10-26	盛岡		8.0	B2二組								高橋悠里		ダ1600				1:40.0	0.2		3-2		38.0	506(+1)				21.0	小雨		9.0	8.0	9.0	2.5	2.0	2	56.0	稍	**	**		タイセイアダマス																																																									
2020103036	2025-11-10	盛岡		9.0	B2一組								山本聡紀		ダ1600				1:41.7	3.4		7-8		39.9	502(-4)					曇		12.0	3.0	3.0	14.2	4.0	11	56.0	稍	**	**		ブラックレーション																																																									
2020103036	2025-11-24	水沢		8.0	B2一組								山本政聡		ダ1600				1:45.2	0.9		4-6-5-7		40.1	504(+2)					曇		11.0	6.0	6.0	8.7	4.0	8	56.0	良	**	**		フリューゲルノア																																																									
2020103036	2025-12-23	水沢		10.0	B2二組								山本政聡		ダ1600				1:42.1	0.1		1-2-2-2		40.3	505(+1)				21.0	曇		10.0	8.0	10.0	6.6	2.0	2	56.0	重	**	**		リュウノドラゴン																																																									
2020103048	2022-10-10	4阪神3	曇	5.0	2歳新馬		9.0	2.0	2.0	7.5	3.0	3	坂井瑠星	55.0	芝2000		稍	**	2:03.7	0.2	**	2-2-2-2	37.5-34.2	34.3	452(0)			グランヴィノス	180.0																																																																							
2020103048	2022-10-29	4阪神8	晴	3.0	2歳未勝利		13.0	6.0	9.0	7.0	3.0	1	鮫島克駿	55.0	芝1800		良	**	1:47.7	-0.1	**	12-10	36.4-34.9	34.2	452(0)			(サンライズプルート)	520.0																																																																							
2020103048	2022-11-26	5阪神7	晴	11.0	ラジオN杯京都2歳S(GIII)		15.0	7.0	12.0	54.5	12.0	10	鮫島克駿	55.0	芝2000		良	**	2:01.2	0.7	**	15-14-14-12	35.9-35.7	35.4	444(-8)			グリューネグリーン																																																																								
2020103048	2023-02-18	1阪神3	曇	9.0	つばき賞(1勝クラス)		12.0	5.0	6.0	19.7	5.0	8	鮫島克駿	56.0	芝1800		良	**	1:47.8	0.8	**	10-9	35.8-33.8	33.4	446(+2)			ロードデルレイ																																																																								
2020103048	2023-03-18	1阪神11	曇	11.0	若葉S(L)		8.0	4.0	4.0	81.8	8.0	3	酒井学	56.0	芝2000		稍	**	2:02.9	0.2	**	5-5-5-6	38.6-34.2	34.0	440(-6)			ショウナンバシット	502.7																																																																							
2020103048	2023-04-29	2東京3	晴	11.0	テレビ東京杯青葉賞(GII)		15.0	2.0	2.0	144.0	11.0	3	三浦皇成	56.0	芝2400		良	**	2:24.3	0.4	**	14-14-14-14	35.4-34.8	34.2	444(+4)			スキルヴィング	1415.6																																																																							
2020103048	2023-05-27	2東京11	晴	6.0	3歳1勝クラス		8.0	1.0	1.0	2.5	1.0	2	川田将雅	56.0	芝2400		良	**	2:25.5	0.1	**	7-7-8-8	37.3-34.1	33.3	446(+2)			コレオグラファー	310.0																																																																							
2020103048	2023-09-23	4阪神6	晴	7.0	3歳以上1勝クラス		13.0	4.0	5.0	4.2	2.0	7	岩田望来	55.0	芝1800		良	**	1:45.8	1.0	**	12-12	35.4-34.3	34.2	464(+18)			ドクタードリトル																																																																								
2020103048	2023-10-15	4東京5	曇	7.0	3歳以上1勝クラス		10.0	5.0	5.0	2.7	1.0	2	三浦皇成	55.0	芝2400		重	**	2:26.0	0.1	**	6-6-7-7	36.6-36.1	35.0	466(+2)			コパノサントス	320.0																																																																							
2020103048	2023-11-04	3京都1	晴	7.0	3歳以上1勝クラス		11.0	3.0	3.0	2.3	1.0	2	西村淳也	56.0	芝2200		良	**	2:12.2	0.1	**	5-5-5-5	35.9-34.4	34.1	464(-2)			ジューンアヲニヨシ	320.0																																																																							
2020103048	2024-01-06	1京都1	曇	12.0	4歳以上1勝クラス		17.0	3.0	5.0	4.0	2.0	3	鮫島克駿	57.0	芝1800		良	**	1:47.5	0.2	**	10-8	35.2-35.9	35.2	460(-4)			アスクオンディープ	200.0																																																																							
2020103048	2024-01-27	1小倉5	晴	9.0	足立山特別(1勝クラス)		14.0	8.0	14.0	2.4	1.0	3	佐々木大	57.0	芝2600		良	**	2:40.8	0.6	**	4-4-5-5	36.3-36.9	36.8	462(+2)			トロピカルライト	284.6																																																																							
2020103048	2024-03-09	1中京1	晴	7.0	4歳以上1勝クラス		9.0	4.0	4.0	1.5	1.0	2	柴田裕一	54.0	芝2200		良	**	2:13.4	0.4	**	8-8-6-7	34.9-36.9	36.5	466(+4)			バンフィエルド	320.0																																																																							
2020103048	2024-04-07	1福島2	晴	12.0	4歳以上1勝クラス		14.0	1.0	1.0	2.9	1.0	4	柴田裕一	55.0	芝2000		良	**	2:00.3	0.7	**	13-12-9-7	35.9-35.4	35.5	464(-2)			ラスハンメル	120.0																																																																							
2020103048	2024-05-19	2東京10	曇	7.0	4歳以上1勝クラス		9.0	8.0	9.0	3.4	2.0	3	三浦皇成	58.0	芝2400		良	**	2:26.0	0.2	**	7-7-6-3	37.1-34.9	34.6	466(+2)			ジュンツバメガエシ	200.0																																																																							
2020103048	2024-06-15	3東京5	晴	8.0	3歳以上1勝クラス		9.0	4.0	4.0	5.0	3.0	2	三浦皇成	58.0	芝2400		良	**	2:24.9	0.3	**	5-5-6-5	36.8-34.0	33.7	466(0)			ピースワンデュック	320.0																																																																							
2020103048	2024-07-06	3小倉3	晴	9.0	若戸大橋特別(1勝クラス)		11.0	3.0	3.0	3.7	2.0	2	西村淳也	58.0	芝2000		良	**	1:59.5	0.2	**	11-10-4-3	35.7-35.3	35.4	468(+2)			イングランドアイズ	447.6																																																																							
2020103048	2024-11-30	4中京1	晴	12.0	3歳以上1勝クラス		17.0	2.0	3.0	4.4	2.0	6	鮫島克駿	58.0	芝2000		良	**	2:01.9	1.1	**	10-10-10-9	37.0-34.2	34.2	468(0)			サダムオプシス																																																																								
2020103048	2024-12-15	7京都6	晴	8.0	3歳以上1勝クラス		18.0	5.0	9.0	5.5	3.0	5	岩田望来	58.0	芝2200		良	**	2:12.8	0.5	**	15-15-13-13	35.4-35.5	34.9	474(+6)			クルミナーレ	80.0																																																																							
2020103048	2025-01-13	1中京5	晴	7.0	4歳以上1勝クラス		18.0	7.0	15.0	6.9	3.0	2	戸崎圭太	58.0	芝2200		良	**	2:14.5	0.0	**	17-17-15-13	35.0-35.7	34.5	476(+2)			ダノンブリザード	320.0																																																																							
2020103048	2025-02-16	1東京6	晴	6.0	4歳以上1勝クラス		16.0	8.0	16.0	3.4	1.0	9	坂井瑠星	58.0	芝2400		良	**	2:27.6	0.6	**	9-9-6-4	37.6-34.2	34.6	476(0)			イクリール																																																																								
2020103048	2025-04-06	2阪神4	晴	6.0	4歳以上1勝クラス		11.0	8.0	11.0	6.7	4.0	2	西村淳也	58.0	芝2000		良	**	2:00.0	0.1	**	7-8-8-7	35.0-35.6	35.0	476(0)			クリノアドバンス	320.0																																																																							
2020103048	2025-04-19	2阪神7	晴	7.0	4歳以上1勝クラス		10.0	1.0	1.0	2.7	2.0	3	鮫島克駿	58.0	芝2400		良	**	2:25.1	0.5	**	6-6-6-6	37.3-34.2	34.1	472(-4)			アクアヴァーナル	200.0																																																																							
2020103048	2025-05-25	2東京10	曇	7.0	4歳以上1勝クラス		8.0	2.0	2.0	3.9	3.0	4	三浦皇成	58.0	芝2400		稍	**	2:29.7	0.2	**	6-6-6-5	38.8-34.2	33.8	484(+12)			モルトマエストーソ	120.0																																																																							
2020103048	2025-10-12	4東京4	曇	8.0	3歳以上1勝クラス		11.0	7.0	8.0	5.8	3.0	3	三浦皇成	58.0	芝2400		良	**	2:25.0	0.1	**	7-7-8-7	37.3-34.3	33.9	478(-6)			アロンズロッド	200.0																																																																							
2020103048	2025-11-29	5東京7	曇	7.0	3歳以上1勝クラス		16.0	4.0	7.0	6.3	3.0	3	三浦皇成	58.0	芝2400		良	**	2:23.8	0.3	**	11-10-9-7	35.4-35.9	34.6	482(+4)			サトノパトリオット	200.0																																																																							
2020103048	2025-12-21	5阪神6	雨	7.0	3歳以上1勝クラス		18.0	3.0	6.0	7.2	4.0	13	西村淳也	58.0	芝2200		重	**	2:14.7	2.0	**	18-15-7-7	34.9-36.2	37.7	480(-2)			ヴァリージア																																																																								
2020103049	2022-07-03	3小倉2		6.0	2歳新馬								今村聖奈		芝1200				1:08.6	0.4		4-4	33.7-34.5	34.6	402(0)				180.0																																											曇		8.0	8.0	8.0	8.2	5.0	3	50.0	良	**	**		ロンドンプラン															
2020103049	2022-07-24	3小倉8		1.0	2歳未勝利								今村聖奈		芝1200				1:08.6	0.2		8-9	33.3-35.1	34.8	412(+10)				130.0																																											晴		12.0	6.0	7.0	7.1	4.0	3	50.0	良	**	**		ニシノトキメキ															
2020103049	2022-08-13	4小倉1		9.0	フェニックス賞(OP)								今村聖奈		芝1200				1:07.7	-0.4		3-3	33.8-33.9	33.7	410(-2)				1621.0																																											晴		9.0	8.0	9.0	9.0	3.0	1	54.0	良	**	**		(タガノタント)															
2020103049	2022-09-04	4小倉8		11.0	小倉2歳S(GIII)								今村聖奈		芝1200				1:09.3	1.2		11-11	33.2-34.9	34.9	408(-2)																																															晴		13.0	5.0	7.0	6.5	3.0	10	54.0	良	**	**		ロンドンプラン															
2020103049	2022-11-05	5阪神1		11.0	KBSファンタジーS(GIII)								今村聖奈		芝1400				1:23.4	2.1		12-12	34.5-35.0	35.5	412(+4)																																															晴		12.0	2.0	2.0	36.0	9.0	12	54.0	良	**	**		リバーラ															
2020103049	2023-02-11	1東京5		11.0	デイリー杯クイーンC(GIII)								松岡正海		芝1600				1:33.8	0.7		14-14	34.5-35.1	34.4	414(+2)																																															晴		16.0	6.0	11.0	254.9	15.0	8	54.0	稍	**	**		ハーパー															
2020103049	2023-03-18	2中山7		11.0	フラワーC(GIII)								松岡正海		芝1800				1:56.4	3.2		5-7-8-13	37.6-37.7	40.1	416(+2)																																															雨		16.0	4.0	7.0	121.4	13.0	15	54.0	不	**	**		エミュー															
2020103049	2023-04-30	2東京4		11.0	スイートピーS(L)								松岡正海		芝1800				1:47.9	0.3		3-3-3	35.9-33.9	33.9	414(-2)				300.0																																											小雨		13.0	4.0	4.0	64.2	12.0	4	54.0	良	**	**		ウヴァロヴァイト															
2020103049	2023-06-10	3東京3		10.0	芦ノ湖特別(2勝クラス)								松岡正海		芝1600				1:34.1	-0.1		2-2	36.6-33.6	33.4	414(0)				1571.7																																											曇		10.0	8.0	10.0	19.2	6.0	1	53.0	良	**	**		(ディオスバリエンテ)															
2020103049	2023-08-26	3新潟5		10.0	長岡S(3勝クラス)								松岡正海		芝1600				1:33.2	0.9		5-5	34.9-34.4	34.5	418(+4)																																															晴		17.0	8.0	15.0	24.7	11.0	12	53.0	良	**	**		オヌール															
2020103049	2023-09-30	4中山8		11.0	秋風S(3勝クラス)								松岡正海		芝1600				1:36.2	2.6		4-4-6	34.2-36.1	38.1	414(-4)																																															晴		15.0	5.0	9.0	28.8	11.0	15	52.0	良	**	**		ルージュエクレール															
2020103049	2023-12-28	5中山9		12.0	2023ファイナルS(3勝クラス)								松岡正海		芝1600				1:34.4	1.2		3-5-6	34.9-35.5	35.7	422(+8)																																															晴		16.0	4.0	7.0	228.4	15.0	15	55.0	良	**	**		ボルザコフスキー															
2020103049	2024-01-28	1東京2		10.0	節分S(3勝クラス)								西村太一		芝1600				1:33.6	1.1		10-10	35.1-33.9	34.2	422(0)																																															曇		14.0	6.0	10.0	142.9	11.0	10	55.0	良	**	**		クルゼイロドスル															
2020103049	2024-02-11	1東京6		9.0	初音S(3勝クラス)								西村太一		芝1800				1:46.5	1.0		3-3-3	35.5-34.3	33.8	422(0)				280.0																																											晴		13.0	2.0	2.0	148.2	12.0	4	55.0	良	**	**		コンクシェル															
2020103049	2024-05-12	1新潟6		11.0	弥彦S(3勝クラス)								西村太一		芝1800				1:48.5	1.0		4-3	36.3-34.0	34.7	424(+2)																																															晴		16.0	4.0	8.0	84.0	15.0	8	56.0	良	**	**		セレシオン															
2020103049	2024-06-22	3東京7		11.0	江の島S(3勝クラス)								西村太一		芝1800				1:46.8	0.7		2-3-3	37.0-33.8	34.2	420(-4)																																															晴		13.0	3.0	3.0	110.3	11.0	9	56.0	良	**	**		マイネルモーント															
2020103049	2024-08-25	3新潟6		10.0	長岡S(3勝クラス)								西村太一		芝1600				1:35.1	1.7		4-3	34.9-34.7	36.0	424(+4)																																															曇		14.0	3.0	4.0	13.3	6.0	12	52.0	良	**	**		バレエマスター															
2020103049	2024-09-15	4中山4		10.0	レインボーS(3勝クラス)								武藤雅		芝1800				1:46.8	1.3		11-11-13-13	35.8-34.5	34.3	418(-6)																																															晴		15.0	3.0	5.0	37.5	11.0	12	52.0	良	**	**		ギャラクシーナイト															
2020103049	2024-11-02	5東京1		10.0	ノベンバーS(3勝クラス)								小林脩斗		芝1800				1:46.0	0.9		9-8-8	34.9-35.9	35.5	414(-4)																																															小雨		10.0	8.0	10.0	76.0	9.0	7	51.0	稍	**	**		コントラポスト															
2020103049	2025-02-09	1東京4		10.0	初音S(3勝クラス)								小林脩斗		芝1800				1:47.1	1.6		4-8-8	34.9-35.2	35.4	432(+18)																																															晴		16.0	8.0	16.0	193.6	13.0	11	56.0	良	**	**		カナテープ															
2020103049	2025-09-14	4中山4		10.0	レインボーS(3勝クラス)								小林脩斗		芝2000				1:59.5	0.2		7-9-10-11	36.9-34.5	33.8	432(0)				464.3																																											曇		14.0	2.0	2.0	28.3	9.0	3	51.0	良	**	**		ブラックシールド															
2020103049	2025-10-25	4新潟3		11.0	魚沼S(3勝クラス)								小林脩斗		芝2000				1:58.6	0.4		11-11	36.1-33.4	33.2	430(-2)																																															曇		18.0	8.0	18.0	34.2	11.0	6	56.0	良	**	**		シンハナーダ															
2020103049	2025-11-16	5東京4		10.0	ユートピアS(3勝クラス)								小林脩斗		芝1800				1:47.2	0.7		5-7-7	37.2-33.7	33.8	426(-4)																																															晴		11.0	6.0	7.0	33.8	9.0	7	56.0	良	**	**		フレミングフープ															
2020103061	2022-10-15	4東京4	曇	5.0	2歳新馬		11.0	4.0	4.0	2.5	1.0	4	坂井瑠星	55.0	芝2000		良	**	2:02.4	0.4	**	7-7-9	38.0-33.9	33.6	446(0)			ヒシタイカン	110.0																																																																							
2020103061	2022-11-05	5東京1	晴	4.0	2歳未勝利		11.0	6.0	6.0	2.2	1.0	1	坂井瑠星	55.0	芝1800		良	**	1:48.7	-0.5	**	2-2-2	36.2-33.8	33.7	444(-2)			(ロゼル)	520.0																																																																							
2020103061	2022-11-26	5阪神7	晴	11.0	ラジオN杯京都2歳S(GIII)		15.0	2.0	2.0	11.7	4.0	4	坂井瑠星	55.0	芝2000		良	**	2:00.8	0.3	**	4-3-2-2	35.9-35.7	35.9	446(+2)			グリューネグリーン	500.0																																																																							
2020103061	2023-02-12	1東京6	晴	11.0	共同通信杯(GIII)		12.0	7.0	10.0	39.3	7.0	12	戸崎圭太	56.0	芝1800		良	**	1:48.9	1.9	**	8-6-6	35.3-34.1	35.2	440(-6)			ファントムシーフ																																																																								
2020103061	2023-03-05	1阪神8	晴	8.0	アルメリア賞(1勝クラス)		7.0	7.0	7.0	2.5	1.0	3	北村友一	56.0	芝1800		良	**	1:46.9	0.7	**	5-3	34.7-35.1	35.5	440(0)			ドットクルー	272.2																																																																							
2020103061	2023-06-25	3阪神8	曇	8.0	城崎特別(1勝クラス)		10.0	8.0	9.0	8.5	4.0	4	坂井瑠星	55.0	芝1800		良	**	1:46.8	0.7	**	3-3	35.3-34.5	34.9	436(-4)			ショウナンアレクサ	170.0																																																																							
2020103061	2023-07-15	3中京5	晴	8.0	3歳以上1勝クラス		8.0	4.0	4.0	2.1	1.0	2	坂井瑠星	55.0	芝2000		良	**	2:00.5	0.0	**	4-4-4-5	37.6-34.6	34.1	438(+2)			ダンツエスプリ	320.0																																																																							
2020103061	2023-08-12	3小倉1	晴	9.0	筑紫特別(1勝クラス)		16.0	1.0	2.0	5.7	3.0	7	坂井瑠星	55.0	芝1800		良	**	1:46.9	1.3	**	6-6-8-6	34.5-35.6	36.3	432(-6)			マイネルメモリー																																																																								
2020103061	2023-09-23	4阪神6	晴	7.0	3歳以上1勝クラス		13.0	3.0	3.0	8.0	5.0	2	坂井瑠星	55.0	芝1800		良	**	1:44.8	0.0	**	4-3	35.4-34.3	34.0	442(+10)			ドクタードリトル	320.0																																																																							
2020103061	2023-10-07	2京都1	晴	8.0	3歳以上1勝クラス		11.0	2.0	2.0	2.4	1.0	1	坂井瑠星	56.0	芝1800		良	**	1:47.0	0.0	**	4-4	36.1-34.1	33.8	440(-2)			(アレンテージョ)	800.0																																																																							
2020103061	2023-12-02	5阪神1	晴	12.0	3歳以上2勝クラス		10.0	1.0	1.0	5.9	3.0	6	坂井瑠星	57.0	芝1800		良	**	1:46.3	1.1	**	3-3	34.7-34.6	35.4	448(+8)			グランヴィノス																																																																								
2020103061	2023-12-16	5阪神5	曇	10.0	甲東特別(2勝クラス)		14.0	5.0	8.0	17.3	6.0	3	坂井瑠星	57.0	芝1600		稍	**	1:33.8	0.1	**	5-7	34.9-35.4	34.8	448(0)			ディオ	394.6																																																																							
2020103061	2023-12-28	5阪神9	晴	10.0	フォーチュンC(2勝クラス)		11.0	8.0	10.0	9.3	5.0	5	幸英明	57.0	芝2000		良	**	2:00.2	0.2	**	2-2-2-2	36.7-35.8	35.4	450(+2)			カネフラ	155.0																																																																							
2020103061	2024-02-24	2中山1	晴	10.0	富里特別(2勝クラス)		12.0	4.0	4.0	3.8	2.0	8	鮫島克駿	57.0	芝1800		稍	**	1:49.4	1.1	**	3-5-4-5	36.0-35.6	36.1	446(-4)			インスタキング																																																																								
2020103061	2024-03-10	1阪神6	晴	9.0	天神橋特別(2勝クラス)		10.0	8.0	9.0	6.5	3.0	1	坂井瑠星	58.0	芝1600		良	**	1:33.5	-0.2	**	3-3	35.0-34.4	33.7	450(+4)			(マイシンフォニー)	1572.4																																																																							
2020103061	2024-03-24	3中山2	曇	10.0	春興S(3勝クラス)		13.0	6.0	8.0	8.8	4.0	11	横山武史	56.0	芝1600		良	**	1:34.1	1.2	**	11-13-13	35.0-34.6	33.7	442(-8)			サイルーン																																																																								
2020103061	2024-09-15	3中京4	曇	10.0	納屋橋S(3勝クラス)		16.0	3.0	5.0	24.3	8.0	12	戸崎圭太	58.0	芝1600		稍	**	1:34.3	0.8	**	12-13-13	35.6-34.8	34.2	444(+2)			ペイシャフラワー																																																																								
2020103061	2024-09-28	3中京8	曇	10.0	高山S(3勝クラス)		13.0	1.0	1.0	34.9	11.0	4	鮫島克駿	58.0	芝2000		良	**	2:00.1	0.2	**	1-1-1-1	36.2-35.4	35.6	442(-2)			マコトヴェリーキー	280.0																																																																							
2020103061	2024-12-01	7京都2	晴	10.0	嵯峨野S(3勝クラス)		13.0	1.0	1.0	91.0	9.0	4	西塚洸二	58.0	芝1800		良	**	1:46.6	0.7	**	1-1	35.5-33.6	34.3	450(+8)			オールナット	280.0																																																																							
2020103061	2024-12-22	7京都8	晴	10.0	サンタクロースS(3勝クラス)		14.0	4.0	6.0	16.3	5.0	3	藤岡佑介	58.0	芝2000		良	**	2:01.2	0.3	**	2-3-3-4	37.8-34.1	34.2	450(0)			ホウオウプロサンゲ	464.3																																																																							
2020103061	2025-01-06	1中京2	雨	10.0	寿S(3勝クラス)		18.0	2.0	3.0	22.3	9.0	9	藤岡佑介	58.0	芝2000		稍	**	2:03.9	1.9	**	1-1-1-1	36.4-36.1	38.0	446(-4)			グランドカリナン																																																																								
2020103061	2025-04-06	3中山4	晴	11.0	美浦S(3勝クラス)		16.0	8.0	15.0	31.3	9.0	15	内田博幸	58.0	芝2000		良	**	2:01.4	1.8	**	3-3-3-9	35.9-35.7	37.1	462(+16)			レガーロデルシエロ																																																																								
2020103061	2025-04-27	2京都2	晴	10.0	センテニアルパークS(3勝クラス)		16.0	5.0	10.0	22.1	7.0	6	吉村誠之	56.0	芝1800		良	**	1:46.3	0.5	**	14-16	35.2-33.6	33.1	458(-4)			ホウオウラスカーズ																																																																								
2020103061	2025-05-18	2京都8	曇	10.0	錦S(3勝クラス)		12.0	7.0	10.0	11.1	6.0	4	藤岡佑介	56.0	芝1600		稍	**	1:33.9	0.8	**	9-11	35.3-33.7	33.4	460(+2)			ココナッツブラウン	280.0																																																																							
2020103061	2025-06-07	3阪神1	曇	11.0	垂水S(3勝クラス)		15.0	5.0	8.0	19.5	10.0	6	坂井瑠星	58.0	芝2000		良	**	1:59.1	0.5	**	3-2-3-6	35.4-35.6	35.8	454(-6)			シェイクユアハート																																																																								
2020103061	2025-07-19	2小倉7	曇	11.0	テレQ杯(3勝クラス)		17.0	8.0	17.0	19.9	7.0	4	松若風馬	58.0	芝1200		良	**	1:08.7	0.1	**	17-17	33.7-34.9	33.9	436(-18)			エイムインライフ	280.0																																																																							
2020103061	2025-08-02	3中京3	晴	7.0	豊明S(3勝クラス)		12.0	5.0	6.0	6.6	4.0	3	坂井瑠星	56.0	芝1400		良	**	1:18.9	0.2	**	8-8	34.3-33.3	32.9	434(-2)			アクートゥス	463.9																																																																							
2020103061	2025-09-27	4阪神8	晴	10.0	道頓堀S(3勝クラス)		16.0	6.0	11.0	5.2	2.0	1	西村淳也	58.0	芝1200		良	**	1:08.3	0.0	**	9-8	34.4-33.9	33.1	446(+12)			(ルーフ)	1877.1																																																																							
2020103061	2025-10-13	3京都5	晴	11.0	MBS賞スワンS(GII)		18.0	5.0	9.0	64.9	14.0	5	小崎綾也	57.0	芝1400		良	**	1:19.1	0.2	**	13-13	33.5-34.0	33.2	446(0)			オフトレイル	590.0																																																																							
2020103061	2025-11-16	5東京4	晴	11.0	オーロC(L)		18.0	4.0	7.0	6.2	2.0	6	小崎綾也	56.0	芝1400		良	**	1:20.4	0.5	**	17-17	34.2-34.4	33.0	448(+2)			フォーチュンタイム																																																																								
2020103061	2025-11-29	5東京7	晴	11.0	キャピタルS(L)		18.0	8.0	17.0	27.3	8.0	15	津村明秀	57.0	芝1600		良	**	1:33.1	1.2	**	17-16	34.3-34.7	34.0	450(+2)			ミッキーゴージャス																																																																								
2020103061	2025-12-27	5阪神7	晴	11.0	阪神C(GII)		16.0	3.0	6.0	90.3	10.0	10	高杉吏麒	58.0	芝1400		良	**	1:19.9	0.9	**	8-8	33.0-34.9	34.3	456(+6)			ルガル																																																																								
2020103061	2026-01-11	1京都4	晴	11.0	淀短距離S(L)		16.0	1.0	1.0	13.7	6.0	15	高杉吏麒	57.0	芝1200		良	**	1:10.2	1.3	**	16-16	34.6-34.3	33.5	454(-2)			ヤブサメ																																																																								
2020103066	2022-09-18	4中山4		4.0	2歳新馬								丸田恭介		芝1200				1:10.3	0.1		8-8	35.3-34.9	34.1	446(0)				280.0															雨		16.0	2.0	4.0	10.6	6.0	2	54.0	良	**	**		スピードオブライト																																											
2020103066	2022-10-08	4東京1		3.0	2歳未勝利								丸田恭介		芝1400				1:20.9	0.0		7-7	34.0-34.8	34.0	450(+4)				520.0															曇		16.0	4.0	8.0	6.9	4.0	1	55.0	稍	**	**		(スティルディマーレ)																																											
2020103066	2023-03-18	2中山7		6.0	3歳1勝クラス								丸田恭介		芝1600				1:37.2	0.5		8-8-7	35.7-36.8	36.6	462(+12)				120.0															雨		12.0	2.0	2.0	5.7	3.0	4	56.0	重	**	**		ロードディフィート																																											
2020103066	2023-04-15	2阪神7		11.0	アーリントンC(GIII)								高倉稜		芝1600				1:36.8	2.9		13-16	34.1-36.2	36.9	452(-10)																			雨		18.0	6.0	12.0	45.0	14.0	18	56.0	重	**	**		オオバンブルマイ																																											
2020103066	2023-06-11	3東京4		12.0	3歳以上1勝クラス								丸田恭介		芝1600				1:34.9	-0.1		7-7	35.8-34.5	33.6	456(+4)				800.0															曇		13.0	8.0	12.0	5.8	3.0	1	55.0	稍	**	**		(ダイシンヤマト)																																											
2020103066	2024-01-08	1中山3		12.0	4歳以上2勝クラス								丸田恭介		芝1600				1:37.5	5.0		13-15-15	33.6-36.1	38.0	468(+12)																			晴		15.0	2.0	2.0	11.8	6.0	14	57.0	良	**	**		スプレモフレイバー																																											
2020103066	2024-01-28	1東京2		12.0	4歳以上2勝クラス								丸田恭介		芝2000				1:59.0	0.6		4-5-5	36.3-33.9	34.0	468(0)				170.0															晴		11.0	4.0	4.0	45.5	10.0	4	57.0	良	**	**		ドクタードリトル																																											
2020103066	2024-02-17	1東京7		8.0	4歳以上2勝クラス								丸田恭介		芝1800				1:46.3	0.4		6-5-5	36.4-33.8	33.4	468(0)				170.0															曇		11.0	2.0	2.0	15.8	5.0	4	57.0	良	**	**		オクタヴィアヌス																																											
2020103066	2024-03-16	2中山7		9.0	館山特別(2勝クラス)								丸田恭介		芝2000				2:00.6	0.6		10-10-10-9	36.1-35.3	34.8	466(-2)																			晴		11.0	7.0	8.0	6.6	3.0	6	58.0	良	**	**		ヤマニンエンディマ																																											
2020103066	2024-05-11	1新潟5		11.0	信濃川特別(2勝クラス)								丸田恭介		芝2000				2:02.4	1.0		9-10	37.0-33.5	33.7	470(+4)																			晴		11.0	6.0	7.0	8.7	4.0	7	58.0	良	**	**		シーウィザード																																											
2020103066	2024-06-08	3東京3		9.0	芦ノ湖特別(2勝クラス)								丸田恭介		芝1600				1:33.1	0.6		11-11	34.8-35.0	33.8	464(-6)				230.0															晴		12.0	6.0	8.0	11.8	4.0	4	55.0	良	**	**		トロヴァトーレ																																											
2020103066	2024-08-03	2新潟3		11.0	月岡温泉特別(2勝クラス)								丸田恭介		芝2000				2:01.7	0.0		1-1	38.9-32.6	32.6	468(+4)				392.7															晴		8.0	3.0	3.0	34.6	7.0	3	58.0	良	**	**		オールセインツ																																											
2020103066	2024-08-31	3新潟7		10.0	赤倉特別(2勝クラス)								大江原比		芝2000				2:01.3	0.4		6-5	36.8-35.3	35.4	462(-6)				155.0															曇		12.0	2.0	2.0	8.0	4.0	5	58.0	稍	**	**		コスモシャングリラ																																											
2020103066	2024-11-09	5東京3		12.0	3歳以上2勝クラス								丸田恭介		芝1600				1:34.9	0.1		6-7	36.6-33.6	33.0	472(+10)				170.0															晴		12.0	7.0	10.0	17.2	6.0	4	58.0	良	**	**		セフィロ																																											
2020103066	2024-12-08	5中山4		12.0	3歳以上2勝クラス								丸田恭介		芝1600				1:33.7	-0.2		7-9-6	33.9-36.3	35.0	474(+2)				1140.0															晴		16.0	5.0	9.0	10.9	5.0	1	58.0	良	**	**		(ラテラルシンキング)																																											
2020103066	2025-02-16	1東京6		9.0	雲雀S(3勝クラス)								丸田恭介		芝1600				1:34.4	0.4		15-14	35.8-34.3	33.6	480(+6)																			曇		16.0	2.0	4.0	31.9	11.0	11	58.0	良	**	**		レディントン																																											
2020103066	2025-03-15	2中山5		10.0	幕張S(3勝クラス)								丸田恭介		芝1600				1:33.6	0.2		11-10-10	34.8-35.6	34.6	482(+2)				184.0															曇		13.0	3.0	3.0	31.5	10.0	5	55.0	良	**	**		キョウエイブリッサ																																											
2020103066	2025-05-18	1新潟6		11.0	弥彦S(3勝クラス)								丸田恭介		芝1800				1:47.6	0.1		12-12	35.5-35.1	34.5	478(-4)				750.6															曇		16.0	4.0	7.0	16.9	7.0	2	58.0	良	**	**		ナムラエイハブ																																											
2020103066	2025-06-01	2東京12		10.0	むらさき賞(3勝クラス)								丸田恭介		芝1800				1:45.4	0.8		12-15-15	33.6-36.1	34.5	476(-2)																			晴		18.0	8.0	17.0	26.3	10.0	7	56.0	良	**	**		メリオーレム																																											
2020103066	2025-08-10	2新潟6		6.0	佐渡S(3勝クラス)								丸田恭介		芝1800				1:49.2	0.5		9-8	37.0-33.9	34.0	478(+2)																			雨		14.0	8.0	14.0	18.2	7.0	7	58.0	重	**	**		オクタヴィアヌス																																											
2020103066	2025-10-19	4東京7		12.0	甲斐路S(3勝クラス)								丸田恭介		芝1800				1:46.6	1.2		12-14-14	35.6-34.1	34.0	472(-6)																			小雨		18.0	7.0	13.0	46.6	10.0	13	56.0	良	**	**		ニシノティアモ																																											
2020103066	2025-12-28	5中山8		12.0	2025ファイナルS(3勝クラス)								丸田恭介		芝1600				1:35.1	1.5		8-10-13	35.6-34.0	34.6	488(+16)																			晴		16.0	8.0	15.0	114.1	14.0	13	55.0	良	**	**		ジョイフルニュース																																											
2020103066	2026-01-18	1中山7		9.0	若潮S(3勝クラス)								丸田恭介		芝1600				1:32.4	0.7		12-13-11	34.1-34.9	34.1	482(-6)																																																													晴		15.0	7.0	13.0	167.0	11.0	9	58.0	良	**	**		ポルカリズム	202606010709
2020103127	2022-10-23	4新潟4	雨	5.0	2歳新馬		15.0	6.0	11.0	6.0	2.0	4	佐々木大	51.0	ダ1800		稍	**	1:57.6	0.7	**	5-5-7-7	38.2-38.6	38.6	452(0)			バンブーグローブ	110.0																																																																							
2020103127	2022-12-17	5中山5	曇	2.0	2歳未勝利		16.0	6.0	11.0	3.9	2.0	1	ルメール	54.0	ダ1800		良	**	1:54.1	-0.2	**	2-2-2-2	37.0-38.2	38.0	454(+2)			(マーゴットミニモ)	520.0																																																																							
2020103127	2023-04-02	3中山4	曇	6.0	3歳1勝クラス		16.0	6.0	12.0	5.0	2.0	3	横山武史	54.0	ダ1800		良	**	1:53.9	0.4	**	2-2-3-3	37.8-38.1	38.2	458(+4)			シェットランド	200.0																																																																							
2020103127	2023-07-02	2福島2	晴	8.0	3歳以上1勝クラス		10.0	8.0	9.0	1.8	1.0	2	津村明秀	53.0	ダ1700		稍	**	1:45.5	0.1	**	2-2-1-1	29.9-37.4	37.5	450(-8)			メイショウコバト	320.0																																																																							
2020103127	2023-09-10	4中山2	晴	6.0	3歳以上1勝クラス		9.0	8.0	9.0	1.6	1.0	1	津村明秀	53.0	ダ1800		良	**	1:51.5	-1.4	**	1-1-1-1	37.1-37.0	37.0	456(+6)			(メダルラッシュ)	800.0																																																																							
2020103127	2023-12-02	5中山1	晴	10.0	鹿島特別(2勝クラス)		16.0	1.0	2.0	1.7	1.0	1	津村明秀	55.0	ダ1800		良	**	1:53.2	-0.4	**	5-4-3-3	37.6-37.2	36.7	466(+10)			(ペンティメント)	1594.8																																																																							
2020103127	2024-01-21	1中山7	曇	10.0	アレキサンドライトS(3勝クラス)		16.0	2.0	3.0	3.0	1.0	5	津村明秀	55.0	ダ1800		不	**	1:51.0	0.4	**	6-5-6-6	36.6-37.1	37.1	466(0)			ダイシンピスケス	184.0																																																																							
2020103127	2024-03-31	3中山4	晴	10.0	アリエスS(3勝クラス)		16.0	2.0	4.0	1.7	1.0	13	丹内祐次	56.0	ダ1800		良	**	1:54.2	1.1	**	3-3-5-4	37.6-37.7	38.4	458(-8)			ドライゼ																																																																								
2020103127	2025-02-01	1京都1	曇	11.0	舞鶴S(3勝クラス)		12.0	4.0	4.0	58.8	7.0	10	西村淳也	56.0	ダ1800		良	**	1:54.2	2.0	**	6-6-8-9	36.8-37.0	38.3	458(0)			ダブルハートボンド																																																																								
2020103127	2025-04-06	3中山4	晴	10.0	アリエスS(3勝クラス)		16.0	5.0	9.0	10.5	4.0	16	津村明秀	56.0	ダ1800		稍	**	1:55.3	3.4	**	1-1-1-2	36.0-37.8	41.2	462(+4)			マンマリアーレ																																																																								
2020103127	2025-05-11	2東京6	晴	12.0	立夏S(3勝クラス)		16.0	2.0	4.0	87.7	13.0	8	北村宏司	52.0	ダ1600		稍	**	1:35.3	1.3	**	8-7	34.3-36.0	36.3	456(-6)			ウェットシーズン																																																																								
2020103127	2025-07-13	2福島6	晴	10.0	天の川S(3勝クラス)		15.0	2.0	2.0	11.8	4.0	5	丸山元気	56.0	ダ1700		良	**	1:46.3	0.5	**	5-4-4-3	29.3-38.1	38.1	464(+8)			ノーブルゲイル	184.0																																																																							
2020103127	2025-09-28	4阪神9	曇	10.0	堺S(3勝クラス)		16.0	5.0	10.0	26.2	9.0	7	浜中俊	56.0	ダ1800		良	**	1:53.7	1.2	**	8-8-9-9	37.4-37.2	37.8	462(-2)			シュラザック																																																																								
2020103127	2025-11-24	5東京6	晴	10.0	晩秋S(3勝クラス)		16.0	7.0	14.0	130.8	12.0	8	北村宏司	53.0	ダ2100		良	**	2:11.6	1.6	**	2-2-2-2	30.9-37.4	38.8	470(+8)			キョウキランブ																																																																								
2020103129	2022-12-04	6中京2	晴	5.0	2歳新馬		9.0	1.0	1.0	5.3	3.0	1	ルメール	55.0	芝2000		良	**	2:02.5	0.0	**	6-6-6-6	38.3-34.6	34.1	444(0)			(メズマライジング)	700.0																																																																							
2020103129	2023-01-21	1中京7	晴	10.0	若駒S(L)		7.0	1.0	1.0	4.3	3.0	2	Ｍ．デム	56.0	芝2000		良	**	2:02.9	0.0	**	2-2-3-2	37.8-34.4	34.1	446(+2)			マイネルラウレア	804.6																																																																							
2020103129	2023-03-05	2中山4	曇	11.0	報知弥生ディープ記念(GII)		10.0	2.0	2.0	4.2	2.0	3	ルメール	56.0	芝2000		良	**	2:00.6	0.2	**	5-6-5-4	35.9-35.0	34.6	444(-2)			タスティエーラ	1410.4																																																																							
2020103129	2023-04-16	3中山8	晴	11.0	皐月賞(GI)		18.0	1.0	2.0	113.2	14.0	15	藤岡佑介	57.0	芝2000		重	**	2:03.4	2.8	**	18-17-15-15	35.1-37.2	38.2	436(-8)			ソールオリエンス																																																																								
2020103129	2023-05-28	1京都12	晴	11.0	白百合S(L)		8.0	6.0	6.0	2.4	1.0	5	藤岡佑介	56.0	芝1800		良	**	1:46.4	0.4	**	4-5	35.1-34.1	34.2	442(+6)			バルサムノート	200.0																																																																							
2020103129	2024-01-06	1京都1	曇	12.0	4歳以上1勝クラス		17.0	5.0	9.0	4.1	3.0	9	武豊	57.0	芝1800		良	**	1:48.6	1.3	**	16-11	35.2-35.9	35.9	450(+8)			アスクオンディープ																																																																								
2020103129	2024-02-03	2京都3	晴	7.0	4歳以上1勝クラス		11.0	1.0	1.0	6.1	4.0	2	田口貫太	56.0	芝2000		良	**	2:00.5	0.1	**	7-7-7-5	37.3-35.5	35.0	456(+6)			ブリタニア	320.0																																																																							
2020103129	2024-03-03	1阪神4	晴	7.0	4歳以上1勝クラス		6.0	6.0	6.0	1.8	1.0	2	坂井瑠星	58.0	芝2000		良	**	2:02.0	0.1	**	4-4-4-3	37.1-35.2	34.5	454(-2)			ルクスビッグスター	320.0																																																																							
2020103129	2024-03-23	1中京5	小雨	9.0	金山特別(1勝クラス)		8.0	2.0	2.0	2.0	1.0	1	藤岡佑介	58.0	芝2000		重	**	2:02.4	-0.1	**	2-2-2-2	36.5-35.9	35.8	454(0)			(スピーディブレイク)	1130.3																																																																							
2020103129	2024-06-23	3東京8	曇	9.0	八ヶ岳特別(2勝クラス)		9.0	8.0	8.0	4.2	3.0	4	津村明秀	58.0	芝1800		稍	**	1:47.1	0.3	**	3-4-3	36.2-34.7	34.6	452(-2)			ロジシルバー	230.0																																																																							
2020103129	2024-07-27	2新潟1	曇	6.0	豊栄特別(2勝クラス)		18.0	1.0	2.0	16.5	8.0	3	Ｍ．デム	58.0	芝1600		良	**	1:32.4	0.3	**	3-5	35.1-33.4	33.4	452(0)			トラマンダーレ	395.6																																																																							
2020103129	2024-08-24	3新潟5	晴	10.0	五頭連峰特別(2勝クラス)		16.0	3.0	5.0	6.3	3.0	1	松岡正海	58.0	芝1600		良	**	1:34.0	-0.1	**	3-3	36.1-34.3	34.0	452(0)			(キープカルム)	1584.3																																																																							
2020103129	2024-11-17	5東京6	晴	10.0	秋色S(3勝クラス)		13.0	6.0	8.0	6.4	3.0	4	横山武史	56.0	芝1600		良	**	1:32.9	0.7	**	5-5	34.1-34.9	33.9	452(0)			レガトゥス	280.0																																																																							
2020103129	2024-12-28	5中山9	晴	12.0	2024ファイナルS(3勝クラス)		16.0	1.0	1.0	13.1	5.0	6	松岡正海	56.0	芝1600		良	**	1:34.6	0.3	**	12-12-13	35.5-35.7	35.2	450(-2)			ゴートゥファースト																																																																								
2020103129	2025-01-19	1中山7	曇	9.0	若潮S(3勝クラス)		12.0	5.0	6.0	6.1	4.0	5	藤岡佑介	58.0	芝1600		良	**	1:33.4	0.6	**	9-9-8	35.5-34.4	33.9	454(+4)			タシット	184.0																																																																							
2020103129	2025-02-16	1東京6	曇	9.0	雲雀S(3勝クラス)		16.0	5.0	9.0	18.0	8.0	7	松岡正海	58.0	芝1600		良	**	1:34.2	0.2	**	8-10	35.8-34.3	33.7	454(0)			レディントン																																																																								
2020103129	2025-03-15	2中山5	曇	10.0	幕張S(3勝クラス)		13.0	7.0	10.0	20.8	9.0	4	内田博幸	56.0	芝1600		良	**	1:33.6	0.2	**	13-13-12	34.8-35.6	34.2	454(0)			キョウエイブリッサ	280.0																																																																							
2020103129	2025-04-06	2阪神4	晴	10.0	夢洲S(3勝クラス)		14.0	4.0	5.0	13.3	5.0	7	高杉吏麒	58.0	芝1600		良	**	1:33.0	0.7	**	9-10	35.4-33.7	33.4	460(+6)			シヴァース																																																																								
2020103129	2025-06-15	3阪神4	晴	10.0	花のみちS(3勝クラス)		18.0	2.0	4.0	27.6	8.0	7	藤岡佑介	58.0	芝1600		稍	**	1:33.4	0.8	**	9-8	34.1-35.0	34.4	456(-4)			ブルーミンデザイン																																																																								
2020103129	2025-07-05	2小倉3	晴	11.0	マレーシアC(3勝クラス)		11.0	7.0	8.0	12.1	6.0	2	幸英明	56.0	芝1800		良	**	1:47.0	0.0	**	1-1-1-2	35.7-36.1	36.1	458(+2)			グランアルティスタ	747.0																																																																							
2020103129	2025-09-27	4中山8	晴	11.0	秋風S(3勝クラス)		16.0	1.0	2.0	26.5	9.0	2	松岡正海	58.0	芝1600		良	**	1:32.9	0.0	**	6-6-5	35.2-34.6	34.1	454(-4)			ピースワンデュック	749.6																																																																							
2020103129	2025-10-19	4東京7	小雨	12.0	甲斐路S(3勝クラス)		18.0	4.0	8.0	27.5	8.0	9	松岡正海	57.0	芝1800		良	**	1:46.3	0.9	**	5-5-4	35.6-34.1	34.4	458(+4)			ニシノティアモ																																																																								
2020103173	2023-03-26	3中山2		2.0	3歳未勝利								大野拓弥		ダ1800				1:55.7	2.0		9-10-11-11	37.4-38.4	39.1	486(0)																																															小雨		16.0	2.0	4.0	100.0	12.0	9	56.0	不	**	**		エドノトップラン															
2020103173	2023-05-20	2東京9		3.0	3歳未勝利								和田竜二		ダ2100				2:13.6	2.2		4-5-5-5	30.5-37.1	39.0	482(-4)																																															曇		16.0	2.0	4.0	159.8	11.0	11	56.0	稍	**	**		ワイルドハンター															
2020103173	2023-06-03	3東京1		3.0	3歳未勝利								斎藤新		ダ1600				1:37.7	1.4		2-2	34.9-36.7	38.0	474(-8)																																															曇		16.0	1.0	2.0	281.7	14.0	9	56.0	不	**	**		コレクテイニア															
2020103173	2023-07-08	2福島3		4.0	3歳未勝利								木幡巧也		ダ1700				1:49.0	1.2		3-3-4-4	31.1-38.7	39.4	476(+2)																																															曇		15.0	4.0	6.0	96.7	10.0	6	56.0	良	**	**		トリオンファーレ															
2020103173	2023-08-26	3新潟5		2.0	3歳未勝利								内田博幸		ダ1800				1:56.4	2.2		2-2-2-2	37.2-37.7	39.7	480(+4)																																															晴		15.0	8.0	14.0	53.8	10.0	10	56.0	良	**	**		デザイアーフェーム															
2020103173	2024-01-21	1小倉4		4.0	障害4歳以上未勝利								石神深一		障2860				3:14.4	5.3		9-9-8-8	104.0-0.0	13.6	476(-4)																																															曇		12.0	8.0	11.0	43.6	9.0	7	59.0	重				ティートラップ															
2020103173	2024-02-18	2小倉4		4.0	障害4歳以上未勝利								石神深一		障2860				3:13.0	2.4		10-9-8-7	108.1-0.0	13.5	484(+8)																																															晴		12.0	7.0	9.0	40.5	10.0	6	59.0	良				クリノクオン															
2020103173	2024-04-07	1福島2		4.0	障害4歳以上未勝利								石神深一		障2750				3:00.2	0.3		6-6-4-3	105.1-0.0	13.1	480(-4)				200.0																																											晴		14.0	6.0	10.0	13.1	5.0	3	59.0	良				ロンギングバース															
2020103173	2024-05-18	1新潟7		4.0	障害4歳以上未勝利								石神深一		障2890				3:12.7	1.7		6-4-3-3	106.0-0.0	13.3	480(0)				79.0																																											晴		13.0	1.0	1.0	4.3	2.0	5	59.0	良				ゴールドルパン															
2020103173	2024-06-08	3東京3		1.0	障害3歳以上未勝利								石神深一		障3000				3:25.1	1.2		4-4-3-3	105.0-0.0	13.7	486(+6)				79.0																																											晴		11.0	5.0	5.0	7.6	4.0	5	60.0	良				アンクルブラック															
2020103173	2024-08-18	2中京4		1.0	障害3歳以上未勝利								石神深一		障3000				3:16.2	0.4		2-2-1-1	103.1-0.0	13.1	484(-2)				320.0																																											晴		12.0	8.0	11.0	7.8	4.0	2	60.0	良				プリモスペランツァ															
2020103173	2024-09-16	4中山5		1.0	障害3歳以上未勝利								石神深一		障2880				3:16.5	1.2		2-2-2-2	105.0-0.0	13.6	492(+8)				320.0																																											曇		7.0	6.0	6.0	1.5	1.0	2	60.0	良				ピンポイントドロー															
2020103173	2024-11-03	3福島2		4.0	障害3歳以上未勝利								石神深一		障2750				3:03.8	-0.3		1-1-1-1	108.0-0.0	13.4	488(-4)				790.0																																											晴		8.0	1.0	1.0	1.3	1.0	1	60.0	重				(マイネルエール)															
2020103173	2025-01-06	1中山2		8.0	中山新春ジャンプS(OP)								石神深一		障3200				3:40.6	4.1		6-4-4-5	106.0-0.0	13.8	490(+2)																																															小雨		14.0	6.0	10.0	23.8	7.0	11	60.0	良				フェーレンベルク															
2020103173	2025-02-01	1小倉3		5.0	障害4歳以上OP								石神深一		障2860				3:09.8	-0.9		2-2-1-1	105.0-0.0	13.3	488(-2)				1430.0																																											雨		12.0	8.0	11.0	26.2	10.0	1	60.0	良				(ミトロジー)															
2020103173	2025-03-29	2阪神1		8.0	三木ホースランドJS(OP)								五十嵐雄		障3140				3:37.3	2.7		6-5-4-6	105.1-0.0	13.8	488(0)																																															晴		10.0	7.0	7.0	8.4	4.0	7	61.0	良				レッドバロッサ															
2020103173	2025-05-17	2京都7		8.0	京都ハイジャンプ(JGII)								石神深一		障3930				4:51.6	15.6		1-1-10-10	111.0-0.0	14.8	492(+4)																																															曇		10.0	2.0	2.0	21.5	7.0	9	60.0	不				アンクルブラック															
2020103173	2025-07-26	3中京1		9.0	障害3歳以上OP								石神深一		障3300				3:40.6	2.1		2-2-2-2	105.0-0.0	13.4	490(-2)				143.0																																											晴		8.0	4.0	4.0	4.7	3.0	5	61.0	良				マイネルエール															
2020103173	2025-11-08	4京都1		8.0	京都ジャンプS(JGIII)								石神深一		障3170				3:38.0	0.7		3-4-3-3	110.0-0.0	13.8	482(-8)				300.0																																											晴		10.0	7.0	8.0	169.6	10.0	5	60.0	良				ローディアマント															
2020103205	2022-07-03	2福島2		5.0	2歳新馬								津村明秀		芝1800				1:51.5	0.0		3-4-4-3	37.9-36.2	35.8	536(0)				700.0	晴		13.0	8.0	12.0	2.8	1.0	1	54.0	良	**	**		(サティンボディス)																																																									
2020103205	2022-10-08	4東京1		11.0	サウジアラビアRC(GIII)								津村明秀		芝1600				1:34.6	1.2		6-6	34.8-35.6	34.2	548(+12)					曇		9.0	8.0	9.0	14.1	5.0	8	55.0	良	**	**		ドルチェモア																																																									
2020103205	2022-11-13	5阪神4		9.0	黄菊賞(1勝クラス)								レーン		芝2000				2:05.0	1.2		6-6-6-7	38.3-35.4	36.1	538(-10)				103.0	曇		9.0	5.0	5.0	14.7	7.0	5	55.0	重	**	**		セブンマジシャン																																																									
2020103205	2022-12-03	5中山1		9.0	葉牡丹賞(1勝クラス)								石川裕紀		芝2000				2:01.1	2.0		15-15-15-15	35.2-35.3	35.9	542(+4)					曇		18.0	6.0	11.0	194.6	17.0	13	55.0	良	**	**		ミッキーカプチーノ																																																									
2020103205	2023-04-02	3中山4		8.0	山吹賞(1勝クラス)								津村明秀		芝2200				2:16.5	0.2		1-1-1-1	38.6-34.7	34.9	534(-8)				434.2	曇		6.0	3.0	3.0	13.2	4.0	2	56.0	良	**	**		ドゥレッツァ																																																									
2020103205	2023-04-22	2東京1		9.0	新緑賞(1勝クラス)								津村明秀		芝2300				2:20.9	0.3		1-1-1-1	31.7-34.2	34.5	528(-6)				160.0	晴		8.0	8.0	8.0	6.9	2.0	4	56.0	良	**	**		サスツルギ																																																									
2020103205	2023-07-23	2福島8		8.0	3歳以上1勝クラス								津村明秀		芝2600				2:43.5	0.4		3-3-3-4	36.6-37.4	37.4	538(+10)				120.0	晴		14.0	4.0	5.0	5.2	3.0	4	55.0	良	**	**		シルバーティムール																																																									
2020103205	2023-09-02	3新潟7		9.0	瓢湖特別(1勝クラス)								津村明秀		芝2200				2:14.3	0.0		4-4-4-3	35.3-36.1	35.8	532(-6)				283.6	曇		10.0	2.0	2.0	3.3	2.0	3	55.0	良	**	**		ピンキープロミス																																																									
2020103205	2023-10-01	4中山9		7.0	3歳以上1勝クラス								坂井瑠星		芝2200				2:16.0	0.0		4-4-2-2	37.2-35.2	35.0	528(-4)				320.0	曇		15.0	7.0	13.0	4.3	2.0	2	55.0	良	**	**		ホウオウサンデー																																																									
2020103205	2023-11-18	5東京5		7.0	3歳以上1勝クラス								モレイラ		ダ2100				2:11.1	0.2		4-4-7-7	31.4-38.9	38.6	538(+10)				200.0	曇		11.0	3.0	3.0	2.0	1.0	3	56.0	重	**	**		インペリアルライン																																																									
2020103205	2023-12-03	4中京2		12.0	栄特別(1勝クラス)								モレイラ		芝2200				2:15.4	0.8		6-6-6-7	37.6-34.5	34.8	546(+8)				111.0	晴		11.0	7.0	8.0	3.3	3.0	5	56.0	良	**	**		プラニスフェリオ																																																									
2020103205	2024-02-25	2小倉6		10.0	国東特別(1勝クラス)								秋山真一		芝2000				2:02.6	0.2		3-3-2-2	36.5-36.0	36.2	544(-2)				284.0	晴		9.0	7.0	7.0	6.8	3.0	3	57.0	稍	**	**		シャドウソニック																																																									
2020103205	2024-06-08	1函館1		7.0	3歳以上1勝クラス								長浜鴻緒		芝2000				2:00.6	0.0		5-4-5-4	35.1-36.0	35.5	542(-2)				800.0	晴		13.0	5.0	6.0	12.3	5.0	1	55.0	良	**	**		(ヴェルテンベルク)																																																									
2020103205	2024-07-06	2福島3		10.0	猪苗代特別(2勝クラス)								津村明秀		芝2000				2:00.7	1.3		6-6-4-5	35.3-35.0	35.6	532(-10)				155.0	曇		8.0	8.0	8.0	7.1	3.0	5	58.0	良	**	**		シランケド																																																									
2020103205	2024-09-16	4中山5		10.0	習志野特別(2勝クラス)								津村明秀		芝2000				1:59.9	0.6		3-4-3-3	36.0-35.5	35.0	540(+8)				393.4	曇		10.0	4.0	4.0	20.7	6.0	3	58.0	良	**	**		コスモブッドレア																																																									
2020103205	2024-12-22	5中山8		9.0	グッドラックH(2勝クラス)								横山武史		芝2500				2:34.4	2.2		5-5-6-7	30.6-36.4	38.0	550(+10)					晴		16.0	5.0	10.0	50.9	10.0	8	55.0	良	**	**		スティンガーグラス																																																									
2020103205	2025-01-12	1中山4		9.0	初咲賞(2勝クラス)								津村明秀		芝2200				2:15.1	2.1		8-9-12-10	37.4-35.5	36.7	550(0)					曇		14.0	2.0	2.0	48.0	11.0	10	58.0	良	**	**		ディマイザキッド																																																									
2020103205	2025-02-08	1小倉5		10.0	RKB賞(2勝クラス)								丸山元気		芝2000				2:04.5	2.0		12-11-7-10	35.3-37.5	38.3	552(+2)					曇		16.0	7.0	13.0	83.5	14.0	15	58.0	稍	**	**		クレバーテースト																																																									
2020103205	2025-07-20	2福島8		10.0	猪苗代特別(2勝クラス)								津村明秀		芝2000				2:04.6	0.9		5-5-4-5	37.6-35.9	36.2	530(-22)					晴		10.0	5.0	5.0	21.5	6.0	6	58.0	良	**	**		ユキワリザクラ																																																									
2020103241	2022-11-12	5阪神3		5.0	2歳新馬								Ｃ．デム		芝1600				1:34.8	0.3		5-5	35.5-35.0	34.6	438(0)				280.0															晴		13.0	1.0	1.0	2.3	1.0	2	54.0	良	**	**		エンファサイズ																																											
2020103241	2022-12-03	6阪神1		4.0	2歳未勝利								坂井瑠星		芝1600				1:36.3	0.5		2-2	36.8-34.3	34.6	434(-4)				52.0															晴		11.0	7.0	9.0	2.0	1.0	5	54.0	良	**	**		ニシノベストワン																																											
2020103241	2023-01-28	1小倉5		6.0	3歳未勝利								北村友一		芝1800				1:51.1	0.6		2-2-2-2	36.6-36.6	37.0	430(-4)				140.0															小雪		10.0	7.0	7.0	4.3	3.0	3	54.0	重	**	**		トーセンアウローラ																																											
2020103241	2023-04-30	1京都4		3.0	3歳未勝利								レーン		芝1400				1:21.9	-0.1		9-9	34.7-35.4	34.5	438(+8)				550.0															曇		18.0	7.0	15.0	4.0	2.0	1	54.0	稍	**	**		(シャングリラ)																																											
2020103241	2023-05-27	2東京11		7.0	3歳1勝クラス								レーン		芝1400				1:20.8	0.5		3-3	35.1-33.6	33.9	426(-12)																			晴		13.0	6.0	8.0	12.6	5.0	7	54.0	良	**	**		シャドウフューリー																																											
2020103241	2023-09-10	4阪神2		8.0	3歳以上1勝クラス								北村友一		芝1400				1:20.4	0.2		2-2	34.6-34.4	34.4	442(+16)				320.0															晴		14.0	2.0	2.0	4.4	1.0	2	54.0	良	**	**		ルカン																																											
2020103241	2023-10-08	2京都2		8.0	3歳以上1勝クラス								北村友一		芝1400				1:21.6	-0.2		3-3	35.7-34.0	33.8	444(+2)				800.0															小雨		17.0	8.0	17.0	2.4	1.0	1	54.0	良	**	**		(オックスリップ)																																											
2020103241	2023-11-11	3京都3		12.0	3歳以上2勝クラス								北村友一		芝1400				1:21.5	0.3		6-7	34.7-35.2	34.2	440(-4)				290.0															曇		18.0	3.0	6.0	2.6	1.0	3	55.0	稍	**	**		シロン																																											
2020103241	2024-01-14	1京都5		12.0	4歳以上2勝クラス								北村友一		芝1400				1:21.5	0.0		4-4	34.6-35.3	34.5	438(-2)				460.0															晴		10.0	8.0	10.0	2.5	1.0	2	55.0	良	**	**		オードリーバローズ																																											
2020103241	2024-03-02	1阪神3		12.0	4歳以上2勝クラス								北村友一		芝1400				1:20.9	0.1		3-2	33.5-35.7	35.1	446(+8)				460.0															曇		13.0	8.0	13.0	3.0	2.0	2	56.0	稍	**	**		ジョウショーホープ																																											
2020103241	2024-04-07	2阪神6		7.0	4歳以上2勝クラス								武豊		芝1600				1:33.5	0.0		4-3	35.6-33.6	33.3	442(-4)				460.0															晴		9.0	8.0	8.0	2.5	1.0	2	56.0	良	**	**		テンノメッセージ																																											
2020103241	2024-04-28	3京都4		8.0	糺の森特別(2勝クラス)								武豊		芝1800				1:46.0	0.3		3-3	34.8-34.7	34.4	442(0)				230.0															晴		12.0	8.0	11.0	2.6	1.0	4	56.0	良	**	**		ロマンシングブルー																																											
2020103241	2024-07-27	2新潟1		6.0	豊栄特別(2勝クラス)								川田将雅		芝1600				1:32.8	0.7		11-13	35.1-33.4	33.2	450(+8)				155.0															曇		18.0	8.0	18.0	8.4	5.0	5	56.0	良	**	**		トラマンダーレ																																											
2020103241	2024-09-14	4中山3		10.0	御宿特別(2勝クラス)								横山武史		芝1600				1:33.1	0.5		4-7-7	35.2-34.0	33.9	440(-10)																			晴		13.0	3.0	3.0	4.7	3.0	7	56.0	良	**	**		ポルカリズム																																											
2020103241	2024-10-26	5京都7		9.0	3歳以上2勝クラス								Ｃ．デム		芝1400				1:21.4	0.1		3-3	35.3-34.6	34.4	452(+12)				290.0															曇		15.0	3.0	4.0	3.7	1.0	3	56.0	良	**	**		ナムラアトム																																											
2020103241	2024-11-30	4中京1		10.0	中京日経賞(2勝クラス)								藤岡佑介		芝1600				1:34.0	0.1		5-4-4	35.1-35.6	34.4	448(-4)				629.4															晴		13.0	5.0	6.0	5.7	4.0	2	55.0	良	**	**		メルトユアハート																																											
2020103241	2025-01-18	1中京6		12.0	4歳以上2勝クラス								坂井瑠星		芝1600				1:34.4	0.3		5-3-3	35.5-35.3	35.3	450(+2)				460.0															晴		13.0	4.0	5.0	3.1	1.0	2	56.0	良	**	**		レディントン																																											
2020103241	2025-02-01	1京都1		12.0	4歳以上2勝クラス								川田将雅		芝1600				1:35.2	0.4		4-4	35.9-34.6	34.7	444(-6)				170.0															曇		8.0	3.0	3.0	2.0	1.0	4	56.0	良	**	**		スイープアワーズ																																											
2020103241	2025-03-22	2中京3		10.0	熱田特別(2勝クラス)								団野大成		芝1400				1:21.8	0.8		9-8	33.9-35.3	35.2	446(+2)																			晴		17.0	8.0	15.0	4.0	2.0	15	56.0	良	**	**		ソルトクィーン																																											
2020103241	2025-05-18	2東京8		9.0	テレ玉杯(2勝クラス)								川田将雅		芝1600				1:34.1	0.6		4-3	36.0-33.7	33.9	452(+6)				230.0															曇		9.0	7.0	7.0	7.5	5.0	4	56.0	良	**	**		ボーモンド																																											
2020103241	2025-06-21	3阪神5		9.0	舞子特別(2勝クラス)								松山弘平		芝1600				1:33.2	0.6		4-5	34.5-34.6	34.7	450(-2)																			晴		13.0	7.0	11.0	9.5	5.0	6	54.0	良	**	**		ハワイアンティアレ																																											
2020103241	2025-08-03	3中京4		8.0	納屋橋特別(2勝クラス)								小沢大仁		芝1600				1:33.0	0.3		3-2-2	36.2-33.3	33.4	448(-2)				230.0															晴		8.0	8.0	8.0	8.2	4.0	4	56.0	良	**	**		ディアナザール																																											
2020103241	2025-09-14	4中山4		9.0	御宿特別(2勝クラス)								津村明秀		芝1600				1:33.5	-0.3		2-1-1	36.5-33.0	33.0	446(-2)				1570.3															曇		8.0	8.0	8.0	16.2	5.0	1	56.0	良	**	**		(ネーヴェフレスカ)																																											
2020103241	2025-10-12	3京都4		10.0	三年坂S(3勝クラス)								鮫島克駿		芝1600				1:32.5	0.4		3-4	34.1-34.1	34.2	448(+2)																			曇		13.0	1.0	1.0	12.9	6.0	9	53.0	良	**	**		ブエナオンダ																																											
2020103241	2025-12-28	5中山8		12.0	2025ファイナルS(3勝クラス)								津村明秀		芝1600				1:34.6	1.0		1-2-2	35.6-34.0	34.8	444(-4)																			晴		16.0	7.0	13.0	45.8	10.0	7	53.0	良	**	**		ジョイフルニュース																																											
2020103241	2026-01-18	1中山7		9.0	若潮S(3勝クラス)								津村明秀		芝1600				1:32.7	1.0		1-1-1	34.1-34.9	35.9	446(+2)																																																													晴		15.0	4.0	6.0	65.8	10.0	11	56.0	良	**	**		ポルカリズム	202606010709
2020103248	2022-12-17	5中山5	曇	6.0	2歳新馬		15.0	3.0	4.0	3.6	1.0	2	横山武史	54.0	ダ1800		良	**	1:56.5	0.3	**	6-6-6-5	38.0-39.4	39.1	528(0)			アフトクラーティラ	280.0																																																																							
2020103248	2023-02-25	2中山1	晴	1.0	3歳未勝利		16.0	4.0	7.0	1.6	1.0	1	横山武史	54.0	ダ1800		良	**	1:55.8	-0.7	**	4-4-4-4	37.1-39.8	38.8	534(+6)			(レジュークレール)	550.0																																																																							
2020103248	2023-04-16	2阪神8	晴	5.0	3歳1勝クラス		15.0	4.0	7.0	8.4	4.0	4	北村宏司	54.0	ダ1800		不	**	1:52.2	0.4	**	3-3-3-4	36.3-38.3	38.4	538(+4)			メイショウオーロラ	120.0																																																																							
2020103248	2023-08-26	3新潟5	晴	8.0	3歳以上1勝クラス		13.0	7.0	11.0	3.1	2.0	1	北村宏司	53.0	ダ1800		良	**	1:53.1	-0.7	**	3-3-2-2	37.0-38.4	38.1	554(+16)			(メダルラッシュ)	800.0																																																																							
2020103248	2024-08-18	2中京4	晴	9.0	濃尾特別(2勝クラス)		16.0	6.0	11.0	13.9	5.0	8	西塚洸二	56.0	ダ1800		良	**	1:54.4	1.5	**	11-10-12-9	37.2-38.2	38.7	560(+6)			サトノアイオライト																																																																								
2020103248	2024-10-20	5京都6	晴	7.0	3歳以上2勝クラス		16.0	2.0	3.0	18.7	9.0	14	坂井瑠星	56.0	ダ1800		稍	**	1:56.2	3.3	**	12-12-14-13	37.0-37.9	39.2	556(-4)			バスタードサフラン																																																																								
2020103248	2025-01-11	1中京3	晴	10.0	恵那特別(2勝クラス)		16.0	8.0	15.0	103.1	11.0	9	鮫島克駿	56.0	ダ1800		良	**	1:54.1	1.5	**	6-4-3-4	37.4-37.1	38.3	552(-4)			ダブルハートボンド																																																																								
2020103248	2025-03-08	2中山3	曇	9.0	潮来特別(2勝クラス)		10.0	8.0	10.0	54.9	6.0	7	北村宏司	56.0	芝2500		良	**	2:38.6	1.7	**	1-1-4-6	32.7-34.8	36.2	550(-2)			サンライズソレイユ																																																																								
2020103248	2025-04-06	3中山4	小雨	9.0	安房特別(2勝クラス)		12.0	6.0	7.0	43.2	9.0	12	木幡巧也	52.0	芝2500		良	**	2:37.2	4.7	**	2-2-2-6	30.5-35.1	39.7	548(-2)			レッドテリオス																																																																								
2020103248	2025-05-18	2京都8	曇	9.0	白川特別(2勝クラス)		9.0	6.0	6.0	65.8	7.0	7	鮫島克駿	56.0	芝2400		稍	**	2:26.7	1.9	**	5-5-4-4	35.2-35.1	36.7	544(-4)			アクアヴァーナル																																																																								
2020103280	2022-07-30	2新潟1	晴	5.0	2歳新馬		12.0	3.0	3.0	16.0	6.0	3	松山弘平	54.0	芝1600		良	**	1:36.3	0.5	**	1-1	38.2-32.0	32.5	486(0)			リバティアイランド	180.0																																																																							
2020103280	2022-08-27	3新潟5	晴	1.0	2歳未勝利		15.0	8.0	15.0	3.0	2.0	1	戸崎圭太	54.0	芝1600		良	**	1:34.6	-0.5	**	3-3	34.7-35.3	34.9	484(-2)			(コンエネルジア)	520.0																																																																							
2020103280	2022-10-15	4阪神4	晴	9.0	紫菊賞(1勝クラス)		7.0	6.0	6.0	5.8	3.0	6	松山弘平	55.0	芝1800		良	**	1:48.1	0.8	**	2-2	36.8-33.7	34.5	492(+8)			コスモサガルマータ																																																																								
2020103280	2022-11-27	5東京8	晴	8.0	ベゴニア賞(1勝クラス)		10.0	1.0	1.0	12.6	4.0	6	菅原明良	55.0	芝1600		良	**	1:35.2	0.6	**	10-10	36.1-33.9	33.3	486(-6)			シャンパンカラー																																																																								
2020103280	2023-01-28	1中京9	晴	9.0	白梅賞(1勝クラス)		7.0	2.0	2.0	11.0	4.0	5	和田竜二	56.0	芝1600		良	**	1:35.0	1.7	**	4-3-4	35.5-34.2	35.5	506(+20)			カルロヴェローチェ	107.0																																																																							
2020103280	2023-02-18	1阪神3	曇	9.0	つばき賞(1勝クラス)		12.0	3.0	3.0	90.1	10.0	2	和田竜二	56.0	芝1800		良	**	1:47.3	0.3	**	1-1	35.8-33.8	34.1	496(-10)			ロードデルレイ	437.6																																																																							
2020103280	2023-03-25	2阪神1	曇	11.0	毎日杯(GIII)		13.0	7.0	10.0	27.3	9.0	5	和田竜二	56.0	芝1800		良	**	1:47.0	0.4	**	3-3	35.0-35.6	35.7	484(-12)			シーズンリッチ	400.0																																																																							
2020103280	2023-07-02	2福島2	晴	11.0	ラジオNIKKEI賞(GIII)		16.0	8.0	15.0	93.6	14.0	14	石橋脩	54.0	芝1800		良	**	1:48.2	1.3	**	4-5-5-5	35.5-35.2	36.1	490(+6)			エルトンバローズ																																																																								
2020103280	2023-07-22	1札幌1	晴	9.0	北辰特別(1勝クラス)		9.0	2.0	2.0	6.7	4.0	5	北村友一	55.0	芝1800		良	**	1:47.7	0.3	**	7-7-7-7	36.6-34.5	34.0	496(+6)			レイベリング	111.0																																																																							
2020103280	2023-08-05	1札幌5	曇	12.0	3歳以上1勝クラス		14.0	8.0	13.0	8.5	5.0	6	北村友一	55.0	芝1500		稍	**	1:31.3	0.4	**	8-12-9	30.8-35.3	34.8	496(0)			ディヴァージオン																																																																								
2020103280	2023-08-26	2札幌5	晴	7.0	3歳以上1勝クラス		13.0	4.0	6.0	4.4	3.0	2	モレイラ	55.0	芝1800		良	**	1:48.4	0.0	**	5-5-5-2	35.6-36.0	35.6	496(0)			マンクスホップ	320.0																																																																							
2020103280	2023-10-22	2京都7	晴	6.0	3歳以上1勝クラス		16.0	7.0	13.0	3.8	2.0	6	モレイラ	56.0	芝1600		良	**	1:33.3	0.5	**	9-8	33.4-35.6	35.3	494(-2)			ビヨンドザヴァレー																																																																								
2020103280	2023-12-03	5阪神2	晴	7.0	3歳以上1勝クラス		11.0	8.0	10.0	7.9	4.0	7	和田竜二	57.0	芝1800		良	**	1:46.9	0.9	**	3-2	35.5-34.6	35.4	506(+12)			ゴートゥファースト																																																																								
2020103280	2023-12-17	5阪神6	晴	7.0	3歳以上1勝クラス		9.0	5.0	5.0	19.4	6.0	7	和田竜二	57.0	ダ1800		稍	**	1:56.3	2.6	**	4-5-5-5	38.4-38.1	39.5	508(+2)			チュウワハート																																																																								
2020103280	2024-04-21	3京都2	雨	7.0	4歳以上1勝クラス		13.0	4.0	5.0	10.5	6.0	1	和田竜二	58.0	芝1400		良	**	1:21.5	0.0	**	4-4	34.5-35.2	34.9	506(-2)			(シルヴァーデューク)	800.0																																																																							
2020103280	2024-05-25	3京都11	晴	12.0	4歳以上2勝クラス		17.0	1.0	1.0	7.6	3.0	5	和田竜二	58.0	芝1400		良	**	1:20.2	0.3	**	4-3	33.3-35.3	35.2	496(-10)			アスクビギンアゲン	114.0																																																																							
2020103280	2024-06-23	4京都8	曇	9.0	瀬田特別(2勝クラス)		18.0	6.0	12.0	35.0	9.0	9	和田竜二	55.0	芝1400		重	**	1:22.6	1.4	**	3-3	35.7-34.0	35.2	500(+4)			クランフォード																																																																								
2020103280	2024-07-27	1札幌3	曇	10.0	摩周湖特別(2勝クラス)		14.0	5.0	7.0	13.9	8.0	1	池添謙一	55.0	芝1500		良	**	1:27.7	-0.3	**	3-4-3	30.2-34.8	34.4	500(0)			(メタルスピード)	1581.5																																																																							
2020103280	2024-08-31	2札幌7	曇	10.0	アジア競馬連盟T(3勝クラス)		14.0	7.0	12.0	19.5	8.0	11	池添謙一	58.0	芝1500		重	**	1:31.4	1.4	**	4-4-4	29.9-36.2	37.2	508(+8)			ドナベティ																																																																								
2020103280	2024-12-15	7京都6	晴	12.0	東山S(3勝クラス)		18.0	7.0	14.0	43.5	10.0	15	池添謙一	55.0	芝1400		良	**	1:21.9	1.3	**	6-6	34.2-35.2	35.4	508(0)			フォーチュンタイム																																																																								
2020103280	2025-02-15	1小倉7	曇	11.0	下関S(3勝クラス)		18.0	2.0	4.0	14.5	6.0	2	荻野極	58.0	芝1200		良	**	1:07.8	0.0	**	5-5	32.2-35.6	34.8	508(0)			マイネルレノン	751.2																																																																							
2020103280	2025-03-09	1阪神4	晴	10.0	淀屋橋S(3勝クラス)		12.0	8.0	11.0	6.5	3.0	4	荻野極	58.0	芝1200		良	**	1:08.1	0.4	**	8-9	32.8-34.9	34.0	510(+2)			ツインクルトーズ	280.0																																																																							
2020103280	2025-04-06	2阪神4	晴	10.0	夢洲S(3勝クラス)		14.0	6.0	9.0	20.9	9.0	8	和田竜二	58.0	芝1600		良	**	1:33.0	0.7	**	7-7	35.4-33.7	33.7	502(-8)			シヴァース																																																																								
2020103280	2025-06-22	1函館4	小雨	11.0	UHB杯(3勝クラス)		15.0	4.0	7.0	9.7	5.0	9	丹内祐次	56.0	芝1200		重	**	1:09.2	0.5	**	9-8	33.8-34.9	34.4	514(+12)			オードゥメール																																																																								
2020103280	2025-07-05	1函館7	晴	11.0	TVh杯(3勝クラス)		14.0	3.0	4.0	31.8	10.0	4	池添謙一	58.0	芝1200		稍	**	1:09.6	0.3	**	6-5	34.8-34.5	34.4	514(0)			ナムラクララ	280.0																																																																							
2020103280	2025-07-26	1札幌1	小雨	11.0	TVh賞(3勝クラス)		12.0	7.0	10.0	13.8	5.0	5	池添謙一	56.0	芝1200		良	**	1:08.1	0.7	**	7-8	33.8-33.6	33.6	510(-4)			カルプスペルシュ	184.0																																																																							
2020103280	2025-10-18	4新潟1	曇	11.0	北陸S(3勝クラス)		18.0	8.0	16.0	12.6	3.0	4	横山琉人	56.0	芝1200		良	**	1:08.8	0.8	**	11-10	33.9-34.1	33.7	500(-10)			フリッカージャブ	280.0																																																																							
2020103280	2025-11-15	5東京3	晴	10.0	奥多摩S(3勝クラス)		18.0	1.0	1.0	31.8	9.0	8	三浦皇成	58.0	芝1400		良	**	1:21.3	0.8	**	15-17	35.0-33.9	33.2	500(0)			マイネルチケット																																																																								
2020103280	2025-12-28	5阪神8	晴	12.0	カウントダウンS(3勝クラス)		10.0	3.0	3.0	6.8	4.0	5	和田竜二	58.0	芝1200		良	**	1:08.7	0.3	**	5-5	34.9-33.5	33.3	514(+14)			イツモニコニコ	184.0																																																																							
2020103304	2022-11-12	5東京3		5.0	2歳新馬								福永祐一		芝1600				1:34.5	0.4		7-5	36.4-34.0	33.7	460(0)				280.0																																											晴		11.0	2.0	2.0	9.3	4.0	2	54.0	良	**	**		ライトクオンタム															
2020103304	2022-12-03	6阪神1		3.0	2歳未勝利								福永祐一		芝1800				1:47.4	-0.1		5-4	35.3-35.7	35.4	464(+4)				520.0																																											晴		14.0	4.0	6.0	2.0	1.0	1	54.0	良	**	**		(オルノア)															
2020103304	2023-03-04	1阪神7		11.0	チューリップ賞(GII)								池添謙一		芝1600				1:34.8	0.8		8-8	35.2-34.1	34.3	462(-2)																																															晴		17.0	1.0	1.0	22.3	9.0	12	54.0	良	**	**		モズメイメイ															
2020103304	2023-05-20	2東京9		9.0	カーネーションC(1勝クラス)								吉田隼人		芝1800				1:47.3	-0.1		8-9-8	36.5-34.0	33.2	472(+10)				1098.7																																											曇		13.0	3.0	3.0	23.3	6.0	1	54.0	良	**	**		(ハリケーンリッジ)															
2020103304	2023-09-17	4阪神4		11.0	関西TVローズS(GII)								吉田隼人		芝1800				1:43.6	0.6		16-13	34.4-34.0	33.3	472(0)				780.0																																											晴		17.0	5.0	9.0	59.2	10.0	4	54.0	良	**	**		マスクトディーヴァ															
2020103304	2023-10-22	4東京7		9.0	山中湖特別(2勝クラス)								横山和生		芝2000				1:59.3	0.3		2-2-2	36.2-35.1	35.3	468(-4)				230.0																																											晴		10.0	2.0	2.0	2.0	1.0	4	54.0	良	**	**		メインクーン															
2020103304	2023-12-24	5阪神8		8.0	3歳以上2勝クラス								鮫島克駿		芝1800				1:45.8	0.2		11-11	35.2-33.8	32.8	466(-2)				460.0																																											晴		12.0	3.0	3.0	3.5	2.0	2	55.0	良	**	**		マラキナイア															
2020103304	2024-02-11	2京都6		9.0	春日特別(2勝クラス)								松山弘平		芝1800				1:48.1	0.3		7-7	37.1-34.0	33.5	472(+6)				230.0																																											曇		9.0	8.0	8.0	2.5	1.0	4	55.0	良	**	**		ココナッツブラウン															
2020103304	2024-05-11	2東京7		9.0	国分寺特別(2勝クラス)								戸崎圭太		芝1800				1:46.3	0.3		5-7-6	36.3-34.1	33.9	476(+4)																																															晴		12.0	7.0	10.0	2.7	1.0	7	56.0	良	**	**		ウインエーデル															
2020103304	2024-07-27	2新潟1		6.0	豊栄特別(2勝クラス)								西村淳也		芝1600				1:32.7	0.6		11-11	35.1-33.4	33.2	470(-6)				230.0																																											曇		18.0	7.0	13.0	11.9	6.0	4	56.0	良	**	**		トラマンダーレ															
2020103304	2024-09-14	4中山3		10.0	御宿特別(2勝クラス)								横山和生		芝1600				1:32.7	0.1		8-11-11	35.2-34.0	33.2	478(+8)				394.1																																											晴		13.0	4.0	4.0	4.5	2.0	3	56.0	良	**	**		ポルカリズム															
2020103304	2024-11-23	5東京7		12.0	3歳以上2勝クラス								ルメール		芝1600				1:33.8	0.1		3-3	35.4-34.5	34.2	474(-4)				290.0																																											晴		14.0	6.0	10.0	3.5	2.0	3	56.0	良	**	**		ミラビリスマジック															
2020103304	2025-01-26	1中山9		7.0	4歳以上2勝クラス								戸崎圭太		芝1800				1:48.2	-0.1		5-5-5-4	36.1-36.5	35.9	472(-2)				1140.0																																											晴		10.0	8.0	10.0	2.6	1.0	1	56.0	良	**	**		(パレハ)															
2020103304	2025-03-23	2中山8		10.0	スピカS(3勝クラス)								大野拓弥		芝1800				1:47.3	0.6		3-3-3-3	36.7-35.5	35.8	476(+4)																																															晴		16.0	1.0	1.0	17.7	9.0	8	56.0	良	**	**		アドマイヤマツリ															
2020103304	2025-05-03	1新潟1		11.0	三条S(3勝クラス)								斎藤新		ダ1800				1:53.7	1.4		4-5-4-4	37.9-37.3	38.2	478(+2)																																															晴		15.0	3.0	4.0	14.4	7.0	12	56.0	稍	**	**		アピーリングルック															
2020103304	2025-06-01	2東京12		10.0	むらさき賞(3勝クラス)								北村友一		芝1800				1:45.9	1.3		6-6-6	33.6-36.1	35.9	482(+4)																																															晴		18.0	7.0	14.0	23.9	9.0	11	53.0	良	**	**		メリオーレム															
2020103304	2025-07-19	2福島7		11.0	阿武隈S(3勝クラス)								荻野極		芝1800				1:49.6	-0.1		7-6-5-5	36.5-36.1	35.5	482(0)				1863.8																																											晴		10.0	2.0	2.0	9.3	4.0	1	53.0	良	**	**		(ワイドアラジン)															
2020103304	2025-10-12	4東京4		11.0	アイルランドT(GII)								荻野極		芝1800				1:47.3	1.6		16-16-16	36.4-33.2	33.2	482(0)																																															曇		16.0	8.0	16.0	113.2	14.0	14	55.0	良	**	**		ラヴァンダ															
2020103304	2025-11-22	3福島5		11.0	福島記念(GIII)								佐々木大		芝2000				2:01.1	1.2		10-10-9-9	36.1-34.2	34.6	476(-6)																																															晴		16.0	5.0	9.0	81.9	15.0	16	52.0	良	**	**		ニシノティアモ															
2020103321	2022-10-16	4阪神5		5.0	2歳新馬								武豊		芝2000				2:06.8	1.1		4-5-4-5	38.6-35.1	35.8	494(0)					晴		8.0	2.0	2.0	5.4	3.0	8	55.0	良	**	**		ルモンドブリエ																																																									
2020103321	2023-03-04	1阪神7		5.0	3歳未勝利								藤岡康太		芝1600				1:35.6	0.6		11-11	35.9-34.6	34.4	506(+12)					晴		18.0	5.0	9.0	91.1	12.0	8	56.0	良	**	**		ダノンバビル																																																									
2020103321	2023-05-27	1京都11		5.0	3歳未勝利								藤岡康太		芝2200				2:13.2	0.0		9-9-9-6	35.7-35.3	34.4	506(0)				220.0	晴		13.0	6.0	9.0	11.7	5.0	2	56.0	良	**	**		レジェンドシップ																																																									
2020103321	2023-07-09	3中京4		2.0	3歳未勝利								藤岡佑介		芝2200				2:15.2	1.0		4-5-3-2	34.9-35.7	36.5	500(-6)				140.0	曇		16.0	7.0	14.0	3.7	2.0	3	56.0	稍	**	**		ケイアイサンデラ																																																									
2020103321	2023-08-06	1札幌6		6.0	3歳未勝利								藤岡佑介		芝2600				2:48.7	0.4		3-3-4-3	39.1-38.8	38.8	508(+8)				83.0	曇		13.0	3.0	3.0	3.4	2.0	4	56.0	重	**	**		ジーククローネ																																																									
2020103321	2023-08-20	2札幌4		4.0	3歳未勝利								藤岡佑介		芝2600				2:45.6	-0.4		6-6-3-2	36.5-37.5	37.2	488(-20)				550.0	曇		14.0	6.0	10.0	12.2	5.0	1	56.0	稍	**	**		(ヴェルミセル)																																																									
2020103321	2024-01-13	1小倉1		6.0	4歳以上1勝クラス								藤岡佑介		芝2600				2:38.9	-0.4		4-4-4-4	35.7-35.3	35.0	508(+20)				800.0	晴		16.0	6.0	12.0	4.2	3.0	1	57.0	良	**	**		(マイネルジャッカル)																																																									
2020103321	2024-02-17	2小倉3		10.0	皿倉山特別(2勝クラス)								藤岡佑介		芝2600				2:39.8	0.3		2-3-4-2	36.3-35.6	35.4	514(+6)				230.0	晴		16.0	7.0	14.0	2.0	1.0	4	57.0	良	**	**		サトノクローク																																																									
2020103321	2024-07-07	1函館10		10.0	横津岳特別(2勝クラス)								高杉吏麒		芝2600				2:47.4	3.2		2-2-3-4	39.0-36.7	39.5	508(-6)					曇		10.0	3.0	3.0	9.4	4.0	9	58.0	稍	**	**		シリアルノヴェル																																																									
2020103321	2024-07-28	1札幌4		9.0	阿寒湖特別(2勝クラス)								藤岡佑介		芝2600				2:43.7	2.8		3-3-4-6	36.2-36.5	38.9	500(-8)					曇		12.0	6.0	8.0	27.5	6.0	11	58.0	稍	**	**		アスターブジエ																																																									
2020103321	2024-09-01	2札幌8		10.0	フィリピンT(2勝クラス)								永野猛蔵		芝2000				2:04.4	1.4		13-13-12-13	36.2-36.7	37.2	500(0)					晴		15.0	2.0	2.0	115.3	12.0	13	58.0	稍	**	**		ソリダリティ																																																									
2020103321	2024-12-22	5中山8		9.0	グッドラックH(2勝クラス)								Ｃ．デム		芝2500				2:35.5	3.3		2-2-1-1	30.6-36.4	39.7	510(+10)					晴		16.0	4.0	7.0	18.5	7.0	13	54.0	良	**	**		スティンガーグラス																																																									
2020103321	2025-01-05	1中京1		9.0	鶴舞特別(2勝クラス)								高杉吏麒		芝2200								35.2-35.5		510(0)					晴		11.0	1.0	1.0	88.5	8.0	中	58.0	良	**	**		ハヤテノフクノスケ																																																									
2020103321	2025-01-26	1小倉2		10.0	海の中道特別(2勝クラス)								小沢大仁		芝2600				2:40.7	1.0		1-1-1-1	37.0-35.7	36.7	506(-4)					晴		16.0	5.0	10.0	67.7	10.0	13	58.0	良	**	**		グランアルティスタ																																																									
2020103321	2025-02-22	1小倉9		10.0	皿倉山特別(2勝クラス)								角田大和		芝2600				2:41.6	2.7		2-2-1-2	36.3-35.2	37.9	494(-12)					晴		13.0	7.0	11.0	22.8	8.0	12	58.0	良	**	**		ヴォランテ																																																									
2020103321	2025-04-21	浦和		11.0	清和月特別(B2)								達城龍次		ダ1400				1:27.6	-1.2		9-9-9-1	35.5-39.1	37.0	509(+15)				350.0	晴		12.0	2.0	2.0	15.3	5.0	1	56.0	良	**	**		(モズハッピーロード)																																																									
2020103321	2025-05-29	浦和		10.0	マルチステッキ特別(B2B3)								達城龍次		ダ1400				1:29.2	1.4		7-8-8-8	37.1-38.1	39.1	512(+3)					曇		12.0	2.0	2.0	1.5	1.0	7	57.0	良	**	**		エナジーポコアポコ																																																									
2020103321	2025-07-15	盛岡		11.0	いしがきマイラーズ(重賞)								吉原寛人		芝1600				1:37.8	1.0		9-7-2-2		37.2	498(-14)				70.0	小雨		11.0	6.0	7.0	3.1	2.0	3	57.0	良	**	**		シャイニーロック																																																									
2020103321	2025-07-27	盛岡		10.0	せきれい賞(重賞)								笹川翼		芝2400				2:31.8	0.6		4-4-5-4		37.0	504(+6)				35.0	曇		12.0	8.0	12.0	2.7	1.0	5	57.0	良	**	**		ゴールドギア																																																									
2020103321	2025-10-13	盛岡		11.0	サンキュー!岩手競馬(B1)								吉原寛人		ダ1600				1:39.1	-0.1		8-5		36.3	504(0)				80.0	晴		12.0	8.0	11.0	2.3	1.0	1	56.0	良	**	**		(タイセイモンストル)																																																									
2020103321	2025-10-27	盛岡		6.0	B1								高松亮		芝1700				1:47.5	1.0		7-7-7-6		37.5	506(+2)				10.4	雨		11.0	3.0	3.0	1.6	1.0	4	56.0	稍	**	**		エルプロフェッサー																																																									
2020103321	2025-11-26	水沢		12.0	夢・希望未来へ前進(B1)								山本聡紀		ダ1600				1:41.6	-0.4		1-1-1-1		38.5	510(+4)				80.0	曇		11.0	2.0	2.0	3.0	1.0	1	56.0	稍	**	**		(ドテライヤツ)																																																									
2020103321	2025-12-09	水沢		12.0	ゴールデンジョッキー(B1)								佐々木志		ダ1600				1:41.2	-0.6		12-11-6-1		37.8	509(-1)				90.0	雪		12.0	5.0	5.0	1.4	1.0	1	56.0	不	**	**		(サンエントジアスタ)																																																									
2020103321	2025-12-31	水沢		12.0	桐花賞(重賞)								小野楓馬		ダ2000				2:06.5	0.0		2-2-2-2		39.8	503(-6)				300.0	曇		12.0	6.0	8.0	16.2	5.0	3	57.0	重	**	**		サクラトップキッド																																																									
2020103325	2022-06-12	4中京4		5.0	2歳新馬								福永祐一		芝1200				1:09.4	-0.6		3-3	35.3-34.1	33.8	476(0)				700.0	晴		9.0	1.0	1.0	1.4	1.0	1	54.0	良	**	**		(ウメムスビ)																																																									
2020103325	2022-09-04	4小倉8		11.0	小倉2歳S(GIII)								福永祐一		芝1200				1:08.4	0.3		3-5	33.2-34.9	35.0	484(+8)				470.0	晴		13.0	6.0	9.0	2.6	1.0	4	54.0	良	**	**		ロンドンプラン																																																									
2020103325	2023-01-07	1中京2		6.0	3歳1勝クラス								イーガン		芝1200				1:08.3	-0.1		4-4	34.3-34.0	33.6	482(-2)				780.0	晴		9.0	4.0	4.0	1.7	1.0	1	56.0	良	**	**		(グランテスト)																																																									
2020103325	2024-07-07	3小倉4		10.0	耶馬渓特別(2勝クラス)								坂井瑠星		芝1200				1:08.5	0.5		4-5	33.0-35.0	34.9	490(+8)					曇		15.0	6.0	11.0	4.4	2.0	7	58.0	良	**	**		レッドヒルシューズ																																																									
2020103325	2024-09-21	3中京6		10.0	賢島特別(2勝クラス)								松山弘平		芝1200				1:09.3	0.9		5-6	34.2-34.2	34.3	484(-6)					晴		16.0	5.0	9.0	6.6	3.0	10	56.0	良	**	**		フィオライア																																																									
2020103325	2024-12-22	7京都8		8.0	3歳以上2勝クラス								亀田温心		ダ1400								36.0-37.6		494(+10)					晴		16.0	7.0	13.0	17.7	7.0	中	58.0	良	**	**		スターペスカオリ																																																									
2020103325	2025-01-18	1中京6		12.0	4歳以上2勝クラス								西村淳也		芝1600				1:34.4	0.3		2-3-3	35.5-35.3	35.3	490(-4)				290.0	晴		13.0	3.0	3.0	17.1	7.0	3	58.0	良	**	**		レディントン																																																									
2020103325	2025-03-16	1阪神6		9.0	皆生特別(2勝クラス)								坂井瑠星		芝1600				1:35.3	1.0		3-2	34.9-36.3	36.9	490(0)					雨		9.0	1.0	1.0	5.3	3.0	7	58.0	重	**	**		ダズリングブレイヴ																																																									
2020103325	2025-06-08	3阪神2		10.0	洲本特別(2勝クラス)								斎藤新		ダ1400				1:24.5	0.0		2-2	35.1-37.0	36.7	488(-2)				1594.1	小雨		16.0	8.0	15.0	12.6	6.0	1	58.0	良	**	**		(ワーズワース)																																																									
2020103325	2025-08-23	4中京1		11.0	伊賀S(3勝クラス)								松山弘平		ダ1400				1:23.5	-0.1		1-1	34.0-37.4	37.4	486(-2)				1875.7	晴		16.0	4.0	8.0	9.4	6.0	1	56.0	良	**	**		(フェルヴェンテ)																																																									
2020103325	2025-10-05	3京都2		10.0	藤森S(OP)								小沢大仁		ダ1200				1:11.3	1.9		9-8	34.6-34.8	36.2	486(0)					曇		16.0	1.0	2.0	19.1	7.0	12	57.0	重	**	**		タガノミスト																																																									
2020103325	2025-12-21	5中京6		11.0	コールドムーンS(OP)								小沢大仁		ダ1400				1:25.3	2.8		5-5	34.1-36.4	38.8	492(+6)					曇		16.0	3.0	5.0	18.3	7.0	15	58.0	稍	**	**		ダノンフィーゴ																																																									
2020103361	2022-11-20	3福島6		6.0	2歳新馬								西村淳也		ダ1700				1:47.1	-0.5		1-1-1-1	30.1-37.7	37.7	428(0)				700.0																																											曇		15.0	7.0	12.0	3.8	2.0	1	54.0	良	**	**		(ゲットアミリオン)															
2020103361	2023-01-15	1中京6		10.0	紅梅S(L)								鮫島克駿		芝1400				1:22.0	0.2		6-6	34.6-35.5	35.0	424(-4)				300.0																																											曇		10.0	7.0	8.0	25.2	7.0	4	54.0	稍	**	**		ダルエスサラーム															
2020103361	2023-03-18	2中山7		11.0	フラワーC(GIII)								西村淳也		芝1800				1:53.5	0.3		3-2-3-4	37.6-37.7	37.7	424(0)				938.1																																											雨		16.0	3.0	6.0	6.9	3.0	3	54.0	不	**	**		エミュー															
2020103361	2023-05-07	1京都6		6.0	3歳1勝クラス								西村淳也		ダ1800				1:52.7	1.0		2-3-2-3	35.2-38.1	39.0	430(+6)																																															雨		12.0	8.0	12.0	1.6	1.0	10	54.0	不	**	**		ライオットガール															
2020103361	2023-09-16	4阪神3		4.0	3歳以上1勝クラス								西村淳也		芝1600				1:32.2	0.0		3-3	34.1-34.9	34.6	448(+18)				200.0																																											晴		18.0	1.0	1.0	2.7	2.0	3	54.0	良	**	**		マイネルラッシュ															
2020103361	2023-11-04	3福島1		9.0	土湯温泉特別(1勝クラス)								角田大和		芝1800				1:49.5	1.5		6-5-7-8	35.6-36.4	37.5	430(-18)																																															曇		16.0	1.0	1.0	2.6	1.0	13	54.0	良	**	**		エクロール															
2020103361	2024-02-11	2小倉2		7.0	4歳以上1勝クラス								鮫島克駿		芝1800				1:49.6	0.5		6-6-5-3	36.5-36.5	36.7	446(+16)																																															晴		13.0	3.0	3.0	3.1	1.0	7	55.0	良	**	**		アストロフィライト															
2020103361	2024-02-24	1阪神1		7.0	4歳以上1勝クラス								西村淳也		芝1600				1:33.9	0.6		6-4	34.9-34.5	34.9	446(0)				80.0																																											晴		17.0	3.0	6.0	4.2	2.0	5	56.0	稍	**	**		スイープアワーズ															
2020103361	2024-06-09	1函館2		9.0	遊楽部特別(1勝クラス)								池添謙一		芝1800				1:48.9	1.0		6-5-4-5	36.3-34.4	35.0	438(-8)																																															小雨		9.0	4.0	4.0	20.1	6.0	7	56.0	良	**	**		エラトー															
2020103361	2024-07-28	1札幌4		7.0	3歳以上1勝クラス								西村淳也		芝1800				1:48.6	0.5		4-5-4-4	36.3-36.1	35.5	448(+10)				120.0																																											曇		10.0	5.0	5.0	12.8	5.0	4	56.0	稍	**	**		リラボニート															
2020103361	2024-08-17	2札幌3		12.0	3歳以上1勝クラス								鮫島克駿		ダ1700				1:47.7	0.9		3-3-3-4	31.1-37.3	38.0	458(+10)				320.0																																											曇		9.0	3.0	3.0	2.6	2.0	2	56.0	良	**	**		クラヴィコード															
2020103361	2024-11-10	3福島4		1.0	3歳以上1勝クラス								西村淳也		ダ1700				1:47.0	0.6		4-3-2-2	29.6-39.0	39.5	448(-10)				120.0																																											晴		15.0	6.0	10.0	3.8	1.0	4	56.0	良	**	**		アルムエアフォルク															
2020103361	2025-01-05	1中京1		6.0	4歳以上1勝クラス								西村淳也		ダ1800				1:53.2	0.2		2-2-2-2	38.0-36.4	36.5	450(+2)				320.0																																											晴		16.0	4.0	8.0	5.1	2.0	2	56.0	良	**	**		サクソンジェンヌ															
2020103361	2025-01-26	1中京9		8.0	4歳以上1勝クラス								西村淳也		ダ1800				1:53.6	-0.7		2-2-2-1	37.8-37.4	37.4	450(0)				800.0																																											晴		13.0	6.0	8.0	1.5	1.0	1	56.0	良	**	**		(ヴァズレーヌ)															
2020103361	2025-03-01	1阪神1		8.0	4歳以上2勝クラス								西村淳也		ダ1800				1:53.8	0.1		5-6-4-4	36.2-39.5	39.1	446(-4)				460.0																																											晴		10.0	8.0	9.0	2.2	1.0	2	56.0	良	**	**		ピジョンブラッド															
2020103361	2025-04-20	2阪神8		12.0	4歳以上2勝クラス								吉村誠之		ダ1800				1:55.5	1.7		2-2-2-2	36.5-39.9	41.5	450(+4)																																															晴		16.0	3.0	6.0	2.7	1.0	7	55.0	良	**	**		タガノチョコラータ															
2020103361	2025-06-15	3阪神4		8.0	逆瀬川特別(2勝クラス)								松山弘平		ダ1800				1:51.8	0.1		10-11-10-8	36.3-38.0	37.1	456(+6)				629.6																																											曇		16.0	8.0	16.0	6.2	3.0	2	56.0	重	**	**		タクシンイメル															
2020103361	2025-07-26	3中京1		8.0	遠州灘特別(2勝クラス)								松山弘平		ダ1800				1:54.3	-0.2		4-4-6-4	38.9-37.9	37.5	456(0)				1565.4																																											晴		7.0	1.0	1.0	1.8	1.0	1	56.0	良	**	**		(ハギノコラソン)															
2020103361	2025-10-18	3京都6		11.0	トルマリンS(3勝クラス)								鮫島克駿		ダ1800				1:51.2	0.1		4-3-5-3	36.4-36.6	36.4	464(+8)				749.8																																											曇		16.0	3.0	6.0	5.7	2.0	2	56.0	稍	**	**		レイナデアルシーラ															
2020103373	2022-09-11	5中京2	晴	5.0	2歳新馬		7.0	1.0	1.0	1.3	1.0	1	ルメール	54.0	芝2000		良	**	2:05.8	0.0	**	6-6-5-5	39.4-33.9	33.4	512(0)			(ピースオブザライフ)	700.0																																																																							
2020103373	2022-10-22	4東京6	曇	9.0	アイビーS(L)		8.0	6.0	6.0	3.2	2.0	3	ルメール	55.0	芝1800		良	**	1:47.9	0.4	**	8-7-7	35.5-34.6	33.3	508(-4)			チャンスザローゼス	432.6																																																																							
2020103373	2023-02-05	1中京12	晴	11.0	きさらぎ賞(GIII)		8.0	7.0	7.0	4.1	2.0	2	ムルザバ	56.0	芝2000		良	**	1:59.8	0.1	**	6-6-5-5	36.2-34.3	33.8	502(-6)			フリームファクシ	1608.4																																																																							
2020103373	2024-03-24	2阪神2	雨	10.0	御堂筋S(3勝クラス)		8.0	2.0	2.0	3.4	2.0	4	団野大成	57.0	芝2400		重	**	2:29.4	0.6	**	2-3-3-4	37.5-34.7	35.0	500(-2)			スマートファントム	280.0																																																																							
2020103373	2024-06-08	3東京3	晴	11.0	ジューンS(3勝クラス)		14.0	1.0	1.0	2.8	1.0	6	ルメール	57.0	芝2400		良	**	2:25.5	0.2	**	1-1-3-3	37.6-34.6	34.5	502(+2)			エリカヴァレリア																																																																								
2020103373	2024-09-28	3中京8	曇	10.0	高山S(3勝クラス)		13.0	7.0	11.0	3.3	1.0	8	川田将雅	58.0	芝2000		良	**	2:01.0	1.1	**	6-8-9-10	36.2-35.4	35.7	508(+6)			マコトヴェリーキー																																																																								
2020103373	2024-12-08	7京都4	小雨	9.0	オリオンS(3勝クラス)		12.0	8.0	12.0	17.5	5.0	8	団野大成	58.0	芝2200		良	**	2:15.1	1.3	**	12-12-12-11	37.5-33.7	33.9	498(-10)			マイネルエンペラー																																																																								
2020103373	2025-04-06	2阪神4	晴	10.0	夢洲S(3勝クラス)		14.0	6.0	10.0	13.4	6.0	6	横山武史	58.0	芝1600		良	**	1:33.0	0.7	**	3-5	35.4-33.7	33.8	500(+2)			シヴァース																																																																								
2020103373	2025-05-10	2東京5	曇	9.0	分倍河原S(3勝クラス)		15.0	5.0	9.0	18.0	9.0	14	ディー	58.0	芝1600		稍	**	1:35.2	0.5	**	13-13	36.2-33.8	33.2	494(-6)			アルセナール																																																																								
2020103373	2025-06-15	3阪神4	晴	10.0	花のみちS(3勝クラス)		18.0	2.0	3.0	51.1	12.0	13	吉村誠之	58.0	芝1600		稍	**	1:33.8	1.2	**	12-12	34.1-35.0	34.4	488(-6)			ブルーミンデザイン																																																																								
2020103373	2025-08-24	3新潟2	晴	9.0	長岡S(3勝クラス)		18.0	5.0	10.0	46.9	13.0	5	田口貫太	55.0	芝1600		良	**	1:32.9	0.4	**	6-6	34.8-33.6	33.3	494(+6)			ファーヴェント	184.0																																																																							
2020103373	2025-09-06	4阪神1	晴	10.0	西宮S(3勝クラス)		12.0	6.0	7.0	22.5	8.0	6	高杉吏麒	58.0	芝1800		良	**	1:44.8	0.3	**	4-4	34.6-34.5	34.1	488(-6)			オーロラエックス																																																																								
2020103390	2022-07-10	3小倉4	晴	5.0	2歳新馬		12.0	7.0	10.0	3.1	1.0	1	岩田望来	54.0	芝1800		良	**	1:49.5	-0.1	**	9-8-6-6	36.9-35.0	34.4	444(0)			(サンライズサラー)	700.0																																																																							
2020103390	2022-10-29	4東京8	晴	11.0	アルテミスS(GIII)		10.0	8.0	10.0	7.9	3.0	1	坂井瑠星	54.0	芝1600		良	**	1:33.8	-0.1	**	9-9	35.8-33.8	33.0	452(+8)			(リバティアイランド)	2935.7																																																																							
2020103390	2022-12-11	6阪神4	晴	11.0	阪神ジュベナイルF(GI)		18.0	8.0	18.0	7.1	4.0	11	坂井瑠星	54.0	芝1600		良	**	1:34.8	1.7	**	17-17	33.7-36.1	36.1	448(-4)			リバティアイランド																																																																								
2020103390	2023-04-09	2阪神6	晴	11.0	桜花賞(GI)		18.0	8.0	17.0	40.2	10.0	11	坂井瑠星	55.0	芝1600		良	**	1:33.0	0.9	**	13-15	34.0-34.5	33.9	446(-2)			リバティアイランド																																																																								
2020103390	2023-05-21	2東京10	晴	11.0	優駿牝馬(GI)		18.0	1.0	1.0	47.2	10.0	4	坂井瑠星	55.0	芝2400		良	**	2:24.2	1.1	**	3-3-3-3	35.1-35.1	35.9	444(-2)			リバティアイランド	2300.0																																																																							
2020103390	2023-09-17	4阪神4	晴	11.0	関西TVローズS(GII)		17.0	4.0	7.0	5.5	2.0	14	坂井瑠星	54.0	芝1800		良	**	1:44.5	1.5	**	7-7	34.4-34.0	34.7	460(+16)			マスクトディーヴァ																																																																								
2020103390	2023-10-15	2京都5	晴	11.0	秋華賞(GI)		18.0	7.0	13.0	57.8	8.0	11	坂井瑠星	55.0	芝2000		稍	**	2:02.2	1.1	**	3-3-3-3	36.4-34.0	35.0	456(-4)			リバティアイランド																																																																								
2020103390	2024-02-11	2京都6	曇	11.0	京都記念(GII)		12.0	5.0	6.0	20.4	6.0	5	Ｍ．デム	54.0	芝2200		良	**	2:12.6	0.5	**	6-6-5-6	35.3-35.7	35.2	458(+2)			プラダリア	620.0																																																																							
2020103390	2024-03-09	2中山5	晴	11.0	中山牝馬S(GIII)		16.0	8.0	16.0	9.8	7.0	11	横山武史	54.0	芝1800		稍	**	1:49.6	0.6	**	8-8-9-6	37.4-36.2	36.2	458(0)			コンクシェル																																																																								
2020103390	2024-06-16	4京都6	晴	11.0	マーメイドS(GIII)		16.0	3.0	5.0	19.9	11.0	5	坂井瑠星	54.0	芝2000		良	**	1:57.8	0.6	**	6-6-9-7	34.8-36.1	34.5	458(0)			アリスヴェリテ	380.0																																																																							
2020103390	2024-10-13	4東京3	晴	11.0	オクトーバーS(L)		16.0	7.0	14.0	7.3	5.0	6	横山和生	55.0	芝2000		良	**	1:57.9	0.5	**	11-11-9	34.8-35.3	34.0	474(+16)			ボーンディスウェイ																																																																								
2020103390	2024-11-10	6京都4	曇	11.0	エリザベス女王杯(GI)		17.0	8.0	16.0	41.2	12.0	2	川田将雅	56.0	芝2200		良	**	2:11.5	0.4	**	8-8-8-9	35.2-34.4	34.1	468(-6)			スタニングローズ	5304.4																																																																							
2020103390	2024-11-30	7京都1	晴	11.0	チャレンジC(GIII)		15.0	5.0	9.0	6.5	3.0	1	川田将雅	55.0	芝2000		良	**	1:58.2	-0.3	**	9-9-7-6	34.7-35.4	35.0	468(0)			(ディープモンスター)	4354.6																																																																							
2020103390	2025-03-16	2中京2	小雨	11.0	東海テレビ杯金鯱賞(GII)		10.0	8.0	9.0	11.7	5.0	9	北村友一	55.0	芝2000		重	**	2:03.6	2.3	**	7-7-6-5	35.7-38.6	38.3	480(+12)			クイーンズウォーク																																																																								
2020103390	2025-04-06	2阪神4	晴	11.0	大阪杯(GI)		15.0	2.0	3.0	112.8	13.0	11	北村友一	56.0	芝2000		良	**	1:56.9	0.7	**	8-9-8-8	34.9-35.1	34.4	478(-2)			ベラジオオペラ																																																																								
2020103390	2025-05-18	2東京8	曇	11.0	ヴィクトリアマイル(GI)		17.0	3.0	5.0	27.2	10.0	12	津村明秀	56.0	芝1600		良	**	1:32.7	0.6	**	11-8	33.9-35.3	34.4	466(-12)			アスコリピチェーノ																																																																								
2020103390	2025-06-22	3東京6	晴	11.0	府中牝馬S(GIII)		14.0	5.0	8.0	15.1	7.0	9	津村明秀	56.5	芝1800		良	**	1:46.6	0.6	**	8-7-7	35.5-35.4	35.3	462(-4)			セキトバイースト																																																																								
2020103433	2023-01-21	1中京7		3.0	3歳新馬								イーガン		ダ1800				1:58.1	0.2		16-16-13-12	38.6-40.2	38.4	524(0)				160.0															晴		16.0	5.0	10.0	9.6	5.0	3	56.0	良	**	**		メイトースイ																																											
2020103433	2023-02-18	1阪神3		3.0	3歳未勝利								ムルザバ		ダ1800				1:55.7	2.1		6-6-4-5	38.2-37.8	39.5	516(-8)																			曇		8.0	4.0	4.0	5.9	5.0	6	56.0	良	**	**		メイショウコガシラ																																											
2020103433	2023-04-02	2阪神4		4.0	3歳未勝利								団野大成		芝2400				2:26.5	0.2		9-11-12-12	35.9-35.3	34.6	510(-6)				83.0															晴		13.0	2.0	2.0	21.7	7.0	4	56.0	良	**	**		ファームツエンティ																																											
2020103433	2023-04-16	2阪神8		4.0	3歳未勝利								団野大成		芝2200				2:14.7	0.1		17-17-12-9	35.2-36.9	35.9	502(-8)				140.0															晴		18.0	7.0	13.0	5.3	3.0	3	56.0	稍	**	**		マコトヴェリーキー																																											
2020103433	2023-06-11	3東京4		4.0	3歳未勝利								レーン		芝2400				2:27.6	-0.4		6-7-7-7	36.4-35.6	34.9	500(-2)				550.0															小雨		17.0	7.0	14.0	2.6	1.0	1	56.0	稍	**	**		(ドーバーイーグル)																																											
2020103433	2023-07-08	3中京3		9.0	マカオJCT(1勝クラス)								団野大成		芝2200				2:11.7	0.2		4-4-5-6	35.4-35.5	35.2	500(0)				170.0															曇		10.0	1.0	1.0	15.3	5.0	4	55.0	良	**	**		ブライトジュエリー																																											
2020103433	2023-09-18	4阪神5		9.0	生田特別(1勝クラス)								池添謙一		芝2400				2:25.8	0.8		12-12-11-7	36.8-34.7	34.6	512(+12)				111.0															晴		14.0	5.0	8.0	3.5	1.0	5	55.0	良	**	**		バロッサヴァレー																																											
2020103433	2023-10-15	4東京5		7.0	3歳以上1勝クラス								団野大成		芝2400				2:26.2	0.3		8-8-7-7	36.6-36.1	35.2	508(-4)				200.0															曇		10.0	7.0	7.0	5.7	3.0	3	55.0	重	**	**		コパノサントス																																											
2020103433	2025-09-14	4阪神4		8.0	3歳以上1勝クラス								池添謙一		ダ2000				2:06.8	1.9		7-7-5-3	35.4-38.2	39.7	528(+20)																			曇		13.0	8.0	12.0	42.0	7.0	7	58.0	良	**	**		シャンパンポップ																																											
2020103433	2025-10-05	3京都2		6.0	3歳以上1勝クラス								団野大成		ダ1800				1:52.2	0.1		5-6-6-7	36.7-36.7	36.2	526(-2)				120.0															小雨		14.0	3.0	4.0	23.5	7.0	4	58.0	重	**	**		ポッドフォルク																																											
2020103433	2025-11-09	4京都2		6.0	3歳以上1勝クラス								Ｃ．デム		ダ1800				1:50.1	0.5		11-10-9-7	35.0-37.7	37.4	520(-6)				120.0															雨		16.0	4.0	8.0	7.1	2.0	4	58.0	重	**	**		ブルーワール																																											
2020103433	2025-12-21	5阪神6		7.0	3歳以上1勝クラス								ルメール		芝2200				2:12.7	-0.1		15-15-11-7	34.9-36.2	35.5	510(-10)				800.0															雨		18.0	7.0	15.0	5.4	2.0	1	58.0	重	**	**		(サミダレナイツ)																																											
2020103433	2026-01-18	1中山7		7.0	4歳以上2勝クラス								ルメール		芝2200				2:15.8	1.3		8-8-12-13	37.7-34.0	34.5	518(+8)																																																													晴		16.0	2.0	3.0	7.1	2.0	14	58.0	良	**	**		フィーリウス	202606010707
2020103434	2022-06-26	3阪神4		5.0	2歳新馬								ルメール		芝1800				1:50.2	-0.3		3-3	36.2-34.4	34.2	494(0)				700.0																													晴		12.0	3.0	3.0	4.7	2.0	1	54.0	良	**	**		(チャンスザローゼス)																													
2020103434	2022-09-24	5中京6		9.0	野路菊S(OP)								ルメール		芝2000				2:03.1	2.9		2-2-2-2	36.3-33.8	36.5	490(-4)																																	晴		7.0	6.0	6.0	1.5	1.0	7	54.0	良	**	**		ファントムシーフ																													
2020103434	2023-01-28	1中京9		9.0	白梅賞(1勝クラス)								福永祐一		芝1600				1:33.3	-0.5		1-1-1	35.5-34.2	34.2	508(+18)				1086.1																													晴		7.0	4.0	4.0	3.2	2.0	1	56.0	良	**	**		(アルジーヌ)																													
2020103434	2023-03-18	2中京3		11.0	中スポ賞ファルコンS(GIII)								武豊		芝1400				1:22.6	0.0		4-4	34.8-35.9	35.5	498(-10)				1614.8																													曇		14.0	2.0	2.0	2.9	1.0	2	56.0	重	**	**		タマモブラックタイ																													
2020103434	2023-05-07	2東京6		11.0	NHKマイルC(GI)								レーン		芝1600				1:34.2	0.4		9-7	34.3-35.4	35.2	494(-4)				1300.0																													雨		17.0	7.0	15.0	5.7	1.0	5	57.0	稍	**	**		シャンパンカラー																													
2020103434	2024-02-10	2京都5		11.0	洛陽S(L)								岩田望来		芝1600				1:34.6	2.0		9-12	33.8-35.3	36.0	516(+22)																																	曇		18.0	3.0	5.0	8.4	4.0	16	56.0	良	**	**		ドゥアイズ																													
2020103434	2024-02-25	1阪神2		11.0	阪急杯(GIII)								酒井学		芝1400				1:22.5	1.3		10-12	33.9-35.9	36.5	506(-10)																																	小雨		18.0	4.0	8.0	17.2	6.0	8	57.0	重	**	**		ウインマーベル																													
2020103434	2024-05-05	3京都6		11.0	鞍馬S(OP)								酒井学		芝1200				1:08.3	1.4		2-2	33.7-33.2	34.6	504(-2)																																	晴		13.0	6.0	8.0	6.4	3.0	12	57.0	良	**	**		ジャスティンスカイ																													
2020103434	2024-06-22	1函館5		11.0	青函S(OP)								佐々木大		芝1200				1:09.8	1.0		11-11	34.6-34.2	34.3	504(0)																																	曇		16.0	5.0	9.0	30.2	8.0	13	57.0	良	**	**		モリノドリーム																													
2020103434	2024-11-09	6京都3		10.0	室町S(OP)								池添謙一		ダ1200				1:14.1	3.4		2-3	34.1-36.6	39.8	518(+14)																																	晴		16.0	8.0	16.0	61.9	13.0	16	56.0	良	**	**		イスラアネーロ																													
2020103434	2025-03-16	1阪神6		11.0	米子城S(OP)								Ｍ．デム		芝1200				1:10.1	1.4		4-3	33.8-34.9	35.9	506(-12)																																	雨		16.0	6.0	12.0	18.2	8.0	10	55.0	重	**	**		カルチャーデイ																													
2020103434	2025-05-03	2東京3		11.0	京王杯スプリングC(GII)								Ｍ．デム		芝1400				1:19.4	1.1		3-3	33.9-33.2	34.0	508(+2)																																	晴		12.0	2.0	2.0	153.3	12.0	10	57.0	良	**	**		トウシンマカオ																													
2020103434	2025-07-12	2福島5		11.0	安達太良S(OP)								丸山元気		芝1200				1:09.5	0.0		2-3	34.6-34.9	34.7	504(-4)				2329.4																													曇		14.0	2.0	2.0	10.3	6.0	1	57.0	良	**	**		(ブーケファロス)																													
2020103434	2025-08-03	2新潟4		7.0	アイビスサマーD(GIII)								丸山元気		芝1000				0:54.0	0.3		2	32.0-32.0	32.2	500(-4)				620.0																													晴		18.0	8.0	16.0	8.0	4.0	4	57.0	良	**	**		ピューロマジック																													
2020103434	2025-08-24	2札幌2		11.0	キーンランドC(GIII)								佐々木大		芝1200				1:08.4	0.2		5-5	33.6-34.6	34.4	490(-10)																																	晴		16.0	7.0	14.0	19.1	9.0	6	57.0	良	**	**		パンジャタワー																													
2020103434	2025-10-26	4新潟4		11.0	ルミエールオータムD(L)								丸山元気		芝1000				0:55.4	0.1		3	32.7-33.2	33.2	502(+12)				1111.2																													雨		17.0	8.0	15.0	3.4	2.0	2	57.0	稍	**	**		イコサン																													
2020103434	2025-12-07	5中山2		11.0	ラピスラズリS(L)								丸山元気		芝1200				1:07.6	0.5		3-2	33.5-33.6	33.8	502(0)				1110.2																													晴		16.0	5.0	10.0	11.7	4.0	2	58.0	良	**	**		ロードフォアエース																													
2020103434	2025-12-20	5阪神5		11.0	タンザナイトS(OP)								川田将雅		芝1200								33.4-33.9		502(0)																																	晴		15.0	5.0	9.0			除	57.0	良	**	**		デュガ																													
2020103434	2026-01-17	1中山6		11.0	カーバンクルS(OP)								丸山元気		芝1200				1:07.4	0.0		4-4	33.7-33.7	33.3	502(0)				930.0																													晴		16.0	7.0	14.0	5.5	3.0	2	57.0	良				ウイングレイテスト																													
2020103441	2022-07-16	3小倉5		5.0	2歳新馬								和田竜二		芝1800				1:49.1	0.7		3-3-3-4	36.8-36.0	36.4	468(0)				180.0															晴		7.0	3.0	3.0	4.1	2.0	3	54.0	良	**	**		コンクシェル																																											
2020103441	2022-08-27	4小倉5		1.0	2歳未勝利								和田竜二		芝1800				1:47.4	-0.5		7-7-5-4	35.3-37.1	35.5	464(-4)				520.0															晴		8.0	7.0	7.0	3.4	2.0	1	54.0	良	**	**		(コウエイダイヤ)																																											
2020103441	2022-09-24	5中京6		9.0	野路菊S(OP)								和田竜二		芝2000				2:01.5	1.3		5-5-5-5	36.3-33.8	34.6	460(-4)				402.1															晴		7.0	5.0	5.0	25.8	6.0	3	54.0	良	**	**		ファントムシーフ																																											
2020103441	2022-12-10	6阪神3		9.0	エリカ賞(1勝クラス)								鮫島克駿		芝2000				2:01.6	0.9		3-3-5-5	36.6-35.6	36.1	470(+10)																			晴		13.0	1.0	1.0	13.9	5.0	8	54.0	良	**	**		レミージュ																																											
2020103441	2023-02-25	2中山1		9.0	水仙賞(1勝クラス)								三浦皇成		芝2200				2:15.3	1.1		5-4-5-5	37.4-35.3	35.6	468(-2)				107.0															曇		8.0	3.0	3.0	8.3	4.0	5	54.0	良	**	**		ハウゼ																																											
2020103441	2023-03-18	2中山7		11.0	フラワーC(GIII)								石橋脩		芝1800				1:57.5	4.3		13-15-16-16	37.6-37.7	39.7	456(-12)																			雨		16.0	6.0	11.0	118.1	12.0	16	54.0	不	**	**		エミュー																																											
2020103441	2023-07-09	2函館4		8.0	3歳以上1勝クラス								北村友一		芝2000				2:02.3	0.8		5-7-5-6	36.3-35.1	35.2	464(+8)																			晴		11.0	7.0	8.0	30.4	6.0	9	53.0	良	**	**		イトカワサクラ																																											
2020103441	2023-07-22	1札幌1		8.0	3歳以上1勝クラス								北村友一		ダ1700				1:48.7	2.2		13-13-12-9	30.4-37.7	38.6	458(-6)																			晴		13.0	5.0	7.0	23.8	8.0	8	53.0	良	**	**		マテンロウアイ																																											
2020103441	2024-01-28	1小倉6		10.0	日田特別(1勝クラス)								北村友一		芝1800				1:50.3	0.4		15-16-16-13	37.6-36.2	35.1	480(+22)				111.0															曇		16.0	5.0	10.0	13.9	6.0	5	55.0	稍	**	**		ピンクジン																																											
2020103441	2024-02-25	2小倉6		12.0	4歳以上1勝クラス								鮫島克駿		芝1800				1:51.3	0.0		3-4-3-2	37.5-34.9	34.6	470(-10)				320.0															晴		10.0	8.0	10.0	3.7	2.0	2	55.0	稍	**	**		ユイ																																											
2020103441	2024-04-20	1福島5		8.0	4歳以上1勝クラス								北村友一		芝1800				1:48.5	0.3		3-3-3-3	36.1-35.8	35.4	472(+2)																			晴		12.0	6.0	7.0	5.6	4.0	6	56.0	良	**	**		マスキュリン																																											
2020103441	2024-07-06	3小倉3		8.0	3歳以上1勝クラス								吉村誠之		芝1800				1:47.3	1.3		14-15-7-3	34.2-36.2	37.1	472(0)																			晴		16.0	2.0	4.0	7.1	2.0	11	53.0	良	**	**		ハミング																																											
2020103441	2024-09-08	3中京2		8.0	3歳以上1勝クラス								吉村誠之		芝2000				2:00.0	0.2		2-2-2-2	35.1-36.5	35.1	476(+4)				200.0															晴		11.0	1.0	1.0	7.6	4.0	3	53.0	良	**	**		スターリングアップ																																											
2020103441	2024-10-06	5京都2		7.0	3歳以上1勝クラス								吉村誠之		芝1800				1:46.4	0.4		2-3	34.9-34.6	34.7	476(0)				120.0															晴		16.0	8.0	15.0	11.7	7.0	4	53.0	良	**	**		ブエナオンダ																																											
2020103441	2024-12-15	4中京6		8.0	3歳以上1勝クラス								鮫島克駿		芝1600				1:34.7	0.5		15-15-15	34.5-36.4	35.3	486(+10)																			晴		16.0	8.0	15.0	9.4	6.0	6	56.0	良	**	**		サクラオーラ																																											
2020103441	2025-03-29	2中京5		6.0	4歳以上1勝クラス								亀田温心		芝2000				2:01.7	1.1		6-5-5-6	35.6-36.8	37.2	482(-4)																			晴		15.0	3.0	5.0	7.9	5.0	7	56.0	重	**	**		ハニーコム																																											
2020103441	2025-04-27	1福島6		8.0	4歳以上1勝クラス								亀田温心		芝1800				1:48.9	1.2		8-7-7-4	33.8-36.7	37.1	478(-4)																			晴		16.0	8.0	16.0	4.4	1.0	11	56.0	良	**	**		グランカンタンテ																																											
2020103441	2025-07-13	1函館10		7.0	3歳以上1勝クラス								鮫島克駿		芝1800				1:47.3	0.7		4-5-5-5	34.6-35.8	34.8	498(+20)																			晴		14.0	8.0	13.0	26.6	9.0	9	56.0	良	**	**		ロートホルン																																											
2020103441	2025-08-03	1札幌4		8.0	3歳以上1勝クラス								舟山瑠泉		芝2000				2:01.5	1.1		5-5-4-5	35.8-35.6	36.2	494(-4)																			晴		11.0	8.0	10.0	49.1	10.0	9	53.0	良	**	**		フェアリーライク																																											
2020103441	2025-08-23	2札幌1		6.0	3歳以上1勝クラス								鷲頭虎太		芝1800				1:51.3	1.7		7-9-11-10	37.5-35.8	36.6	506(+12)																			晴		13.0	4.0	6.0	93.9	11.0	12	54.0	稍	**	**		トレミニョン																																											
2020103441	2025-11-08	3福島1		6.0	3歳以上1勝クラス								亀田温心		芝1800				1:47.2	1.2		15-15-15-14	34.9-35.6	35.1	486(-20)																			晴		16.0	3.0	5.0	62.6	12.0	11	56.0	良	**	**		バセリーナ																																											
2020103441	2025-11-29	4京都7		7.0	3歳以上1勝クラス								斎藤新		芝1800				1:46.9	0.6		16-16	34.1-35.1	34.3	488(+2)																			晴		18.0	4.0	8.0	270.0	17.0	10	56.0	良	**	**		ジーティーマン																																											
2020103441	2026-01-18	1京都7		12.0	4歳以上1勝クラス								古川奈穂		芝1600				1:36.4	0.3		5-5	35.5-35.2	35.0	486(-2)				120.0																																																									晴		8.0	2.0	2.0	25.1	5.0	4	53.0	良	**	**		サク	202608010712
2020103463	2022-10-09	4東京2	曇	5.0	2歳新馬		15.0	2.0	3.0	5.2	2.0	6	ルメール	55.0	芝2000		良	**	2:02.3	1.2	**	6-7-7	37.4-34.0	34.7	504(0)			ミッキーカプチーノ																																																																								
2020103463	2023-02-04	1東京3	晴	5.0	3歳未勝利		18.0	7.0	14.0	2.7	1.0	1	ルメール	56.0	芝2400		良	**	2:25.9	-0.1	**	5-5-3-4	36.3-35.4	34.9	514(+10)			(トロピカルライト)	550.0																																																																							
2020103463	2023-07-01	2福島1	曇	9.0	開成山特別(1勝クラス)		10.0	5.0	5.0	2.8	1.0	7	西村淳也	55.0	芝2600		稍	**	2:43.2	1.4	**	3-3-2-2	37.7-36.2	37.4	516(+2)			ヒシシュシュ																																																																								
2020103463	2023-09-02	3新潟7	曇	9.0	瓢湖特別(1勝クラス)		10.0	1.0	1.0	3.1	1.0	2	戸崎圭太	55.0	芝2200		良	**	2:14.3	0.0	**	7-6-7-6	35.3-36.1	35.6	520(+4)			ピンキープロミス	447.2																																																																							
2020103463	2023-10-15	4東京5	曇	7.0	3歳以上1勝クラス		10.0	2.0	2.0	3.5	2.0	10	戸崎圭太	55.0	芝2400		重	**	2:28.8	2.9	**	5-5-5-6	36.6-36.1	38.0	524(+4)			コパノサントス																																																																								
2020103463	2024-01-20	1中山6	曇	12.0	4歳以上1勝クラス		17.0	1.0	1.0	4.5	1.0	1	ルメール	57.0	芝2200		良	**	2:13.2	-0.3	**	2-2-2-2	36.3-35.6	35.3	528(+4)			(セイウンパシュート)	800.0																																																																							
2020103463	2024-03-16	2中山7	晴	9.0	館山特別(2勝クラス)		11.0	1.0	1.0	1.8	1.0	4	ルメール	58.0	芝2000		良	**	2:00.3	0.3	**	1-1-1-1	36.1-35.3	35.6	528(0)			ヤマニンエンディマ	230.0																																																																							
2020103463	2024-04-06	2阪神5	晴	9.0	白鷺特別(2勝クラス)		10.0	3.0	3.0	4.2	2.0	4	戸崎圭太	58.0	芝2400		良	**	2:26.9	0.5	**	3-3-3-4	38.4-33.8	34.0	518(-10)			マキシ	230.0																																																																							
2020103463	2024-09-14	4中山3	晴	9.0	松戸特別(2勝クラス)		16.0	4.0	8.0	4.1	3.0	3	戸崎圭太	58.0	ダ2400		良	**	2:37.8	0.9	**	3-3-2-2	39.1-38.2	39.0	528(+10)			ロードマゼラン	395.1																																																																							
2020103463	2024-11-23	5東京7	晴	8.0	3歳以上2勝クラス		16.0	8.0	16.0	13.4	5.0	3	戸崎圭太	58.0	ダ2100		稍	**	2:11.7	0.4	**	9-9-10-9	31.5-38.8	38.3	522(-6)			ピュアキアン	290.0																																																																							
2020103463	2024-12-22	7京都8	晴	9.0	クリスマスエルフ賞(2勝クラス)		16.0	2.0	3.0	7.3	4.0	3	西村淳也	58.0	ダ1800		良	**	1:54.0	0.2	**	5-5-4-5	37.2-38.6	37.9	518(-4)			タンゴバイラリン	395.2																																																																							
2020103463	2025-03-01	2中山1	晴	12.0	4歳以上2勝クラス		14.0	2.0	2.0	5.6	3.0	8	戸崎圭太	58.0	ダ1800		良	**	1:55.5	2.0	**	7-7-6-6	37.6-36.8	38.2	526(+8)			ソーニーイシュー																																																																								
2020103463	2025-04-06	3中山4	小雨	9.0	安房特別(2勝クラス)		12.0	6.0	8.0	6.6	3.0	6	田辺裕信	56.0	芝2500		良	**	2:34.0	1.5	**	4-4-3-2	30.5-35.1	36.3	528(+2)			レッドテリオス																																																																								
2020103463	2025-07-06	2福島4	晴	1.0	障害3歳以上未勝利		14.0	8.0	14.0	6.5	4.0	11	上野翔	60.0	障2750		良		3:07.2	3.7		9-9-10-10	107.0-0.0	13.6	530(+2)			ビーンスターク																																																																								
2020103463	2025-09-06	4中山1	晴	1.0	障害3歳以上未勝利		9.0	1.0	1.0	13.0	5.0	7	大江原圭	60.0	障2880		稍		3:19.0	2.3		7-7-6-6	107.0-0.0	13.8	530(0)			ネロコルヴィーノ																																																																								
2020103463	2025-10-13	4東京5	晴	4.0	障害3歳以上未勝利		14.0	7.0	11.0	9.0	3.0	4	上野翔	60.0	障3000		良		3:24.2	2.6		3-2-4-4	103.0-0.0	13.6	532(+2)			ジーティーオウジャ	130.0																																																																							
2020103463	2025-12-07	5中山2	晴	4.0	障害3歳以上未勝利		11.0	6.0	6.0	8.8	4.0	4	上野翔	60.0	障2880		良		3:21.6	1.3		2-3-3-4	107.1-0.0	14.0	524(-8)			テーオーリカード	130.0																																																																							
2020103463	2026-01-12	1中山5	晴	9.0	成田特別(2勝クラス)		16.0	8.0	16.0	27.0	10.0	16	三浦皇成	58.0	ダ2400		良	**	2:38.2	2.4	**	11-11-12-11	37.9-39.5	40.9	524(0)			ダカラフェスティヴ																																																																								
2020103473	2022-10-23	4阪神7		5.0	2歳新馬								ルメール		芝1800				1:49.2	0.9		6-6	35.9-34.2	34.7	480(0)																			晴		11.0	5.0	5.0	1.5	1.0	8	55.0	良	**	**		ドクタードリトル																																											
2020103473	2022-11-12	5東京3		3.0	2歳未勝利								ムーア		芝2000				2:00.9	0.0		3-3-3	37.1-34.0	33.7	478(-2)				210.0															晴		11.0	8.0	11.0	4.1	3.0	2	55.0	良	**	**		ドゥレッツァ																																											
2020103473	2022-12-11	6阪神4		3.0	2歳未勝利								川田将雅		芝1800				1:47.2	-0.1		4-4	34.5-35.2	35.0	482(+4)				520.0															晴		15.0	6.0	11.0	2.5	2.0	1	55.0	良	**	**		(エルトンバローズ)																																											
2020103473	2023-03-11	1阪神9		9.0	ゆきやなぎ賞(1勝クラス)								坂井瑠星		芝2400				2:25.9	-0.1		3-3-3-3	38.0-35.0	34.6	490(+8)				1098.7															晴		12.0	7.0	10.0	3.6	2.0	1	56.0	良	**	**		(サヴォーナ)																																											
2020103473	2023-05-06	1京都5		11.0	京都新聞杯(GII)								川田将雅		芝2200				2:14.1	0.0		5-5-6-5	37.7-33.9	33.3	494(+4)				5486.8															小雨		12.0	5.0	6.0	2.8	1.0	1	56.0	良	**	**		(ダノントルネード)																																											
2020103473	2023-05-28	2東京12		11.0	東京優駿(GI)								川田将雅		芝2400				2:25.9	0.7		14-15-14-15	35.3-35.3	33.1	490(-4)																			晴		18.0	8.0	18.0	42.7	7.0	11	57.0	良	**	**		タスティエーラ																																											
2020103473	2023-09-24	4阪神7		11.0	神戸新聞杯(GII)								川田将雅		芝2400				2:23.5	0.0		5-7-7-8	36.9-33.6	33.1	492(+2)				5491.0															晴		13.0	3.0	3.0	5.0	3.0	1	56.0	良	**	**		(サヴォーナ)																																											
2020103473	2023-10-22	2京都7		11.0	菊花賞(GI)								川田将雅		芝3000				3:04.3	1.2		11-12-16-12	35.5-34.9	35.1	496(+4)																			晴		17.0	6.0	11.0	5.0	3.0	10	57.0	良	**	**		ドゥレッツァ																																											
2020103473	2024-01-14	1京都5		11.0	日経新春杯(GII)								川田将雅		芝2400				2:24.0	0.3		5-5-5-2	33.7-36.4	36.5	506(+10)				1414.2															晴		14.0	8.0	14.0	5.9	3.0	3	57.5	良	**	**		ブローザホーン																																											
2020103473	2024-02-17	カタール			アミールT(GIII)								川田将雅		芝2400										計不																					11.0		11.0			3	57.0	良																																															
2020103473	2024-05-26	2東京12		12.0	目黒記念(GII)								川田将雅		芝2500				2:32.5	0.2		4-4-4-4	29.9-33.8	33.7	498(0)				860.0															晴		13.0	2.0	2.0	5.3	3.0	4	58.5	良	**	**		シュトルーヴェ																																											
2020103473	2024-10-06	5京都2		11.0	京都大賞典(GII)								川田将雅		芝2400				2:23.2	0.3		6-7-5-5	34.4-35.0	34.5	506(+8)				670.0															晴		11.0	1.0	1.0	2.8	2.0	5	57.0	良	**	**		シュヴァリエローズ																																											
2020103473	2025-01-19	1中京7		11.0	日経新春杯(GII)								松山弘平		芝2200				2:11.0	1.2		12-13-12-12	34.5-37.4	36.1	514(+8)				570.0															晴		16.0	5.0	9.0	25.2	10.0	5	58.5	良	**	**		ロードデルレイ																																											
2020103473	2025-02-16	カタール			アミールT(GIII)								スミヨン		芝2300										計不																					8.0	2.0	3.0			3	58.0	良																																															
2020103473	2026-01-18	1京都7		11.0	日経新春杯(GII)								ハマーハ		芝2400				2:26.7	1.0		6-6-6-6	35.9-34.4	34.6	510(0)																																																													晴		13.0	2.0	2.0	21.1	8.0	10	58.5	良	**	**		ゲルチュタール	202608010711
2020103482	2022-10-30	4新潟6		5.0	2歳新馬								西村淳也		芝1400				1:24.3	0.4		2-2	35.2-36.6	36.8	422(0)				180.0																																											曇		18.0	3.0	6.0	3.4	1.0	3	55.0	稍	**	**		ブラウンウェーブ															
2020103482	2022-12-04	6中京2		4.0	2歳未勝利								ムーア		芝1400				1:21.4	-0.3		7-7	34.3-35.8	35.1	426(+4)				520.0																																											晴		18.0	2.0	4.0	4.1	1.0	1	55.0	良	**	**		(コスモグングニール)															
2020103482	2023-02-19	1阪神4		6.0	3歳1勝クラス								松山弘平		芝1400				1:23.0	-0.1		2-3	35.8-35.0	34.8	438(+12)				780.0																																											小雨		11.0	7.0	9.0	3.0	1.0	1	56.0	稍	**	**		(ヴィエンヌ)															
2020103482	2023-04-15	2阪神7		11.0	アーリントンC(GIII)								横山和生		芝1600				1:34.7	0.8		5-5	34.1-36.2	35.6	430(-8)																																															雨		18.0	5.0	10.0	21.2	8.0	9	56.0	重	**	**		オオバンブルマイ															
2020103482	2023-06-25	3阪神8		9.0	舞子特別(2勝クラス)								坂井瑠星		芝1400				1:22.4	1.4		4-4	35.0-34.4	35.5	428(-2)																																															曇		12.0	5.0	5.0	3.9	2.0	9	54.0	良	**	**		イティネラートル															
2020103482	2023-10-28	2京都8		9.0	3歳以上2勝クラス								岩田望来		芝1400				1:21.9	1.5		8-9	34.1-34.8	35.2	440(+12)																																															晴		13.0	2.0	2.0	33.0	8.0	11	56.0	良	**	**		スズハローム															
2020103482	2024-01-27	1小倉5		11.0	周防灘特別(2勝クラス)								鮫島克駿		芝1200				1:09.0	0.4		9-10	34.0-34.6	34.0	440(0)				155.0																																											晴		10.0	8.0	10.0	17.9	7.0	5	58.0	良	**	**		カンチェンジュンガ															
2020103482	2024-03-02	1阪神3		12.0	4歳以上2勝クラス								ムルザバ		芝1400				1:21.5	0.7		11-10	33.5-35.7	34.5	440(0)																																															曇		13.0	4.0	5.0	17.5	6.0	8	58.0	稍	**	**		ジョウショーホープ															
2020103482	2024-03-17	1阪神8		9.0	山陽特別(2勝クラス)								岩田望来		芝1400				1:21.4	0.3		4-4	34.4-35.1	35.0	432(-8)				230.0																																											雨		11.0	6.0	6.0	21.2	5.0	4	58.0	稍	**	**		サウンドブライアン															
2020103482	2024-04-14	2阪神8		9.0	三木特別(2勝クラス)								岩田望来		芝1400				1:19.5	0.0		5-5	33.6-34.7	34.3	430(-2)				1587.8																																											晴		17.0	4.0	8.0	6.1	3.0	1	55.0	良	**	**		(タガノシャーンス)															
2020103482	2024-06-16	1函館4		11.0	UHB杯(3勝クラス)								佐々木大		芝1200				1:09.2	0.4		11-12	33.6-35.2	34.4	436(+6)																																															雨		16.0	5.0	9.0	11.5	6.0	7	55.0	良	**	**		マメコ															
2020103482	2024-08-31	2札幌7		10.0	アジア競馬連盟T(3勝クラス)								佐々木大		芝1500				1:30.9	0.9		8-7-8	29.9-36.2	36.6	440(+4)																																															曇		14.0	6.0	9.0	17.2	6.0	9	58.0	重	**	**		ドナベティ															
2020103482	2024-10-06	5京都2		9.0	長岡京S(3勝クラス)								シュタル		芝1400				1:20.1	0.1		10-10	34.1-34.6	33.9	430(-10)				749.8																																											晴		16.0	7.0	14.0	65.3	11.0	2	58.0	良	**	**		ワイドラトゥール															
2020103482	2024-12-15	7京都6		12.0	東山S(3勝クラス)								Ｃ．デム		芝1400				1:21.5	0.9		10-10	34.2-35.2	34.7	436(+6)																																															晴		18.0	4.0	8.0	11.6	5.0	11	56.0	良	**	**		フォーチュンタイム															
2020103482	2025-02-23	1京都8		9.0	山城S(3勝クラス)								田口貫太		芝1400				1:22.3	-0.2		4-5	36.4-34.1	33.6	436(0)				1861.0																																											曇		9.0	8.0	8.0	15.8	8.0	1	56.0	良	**	**		(キャプテンシー)															
2020103482	2025-03-16	1阪神6		11.0	米子城S(OP)								田口貫太		芝1200				1:09.6	0.9		16-16	33.8-34.9	33.9	430(-6)																																															雨		16.0	5.0	9.0	38.3	10.0	8	55.0	重	**	**		カルチャーデイ															
2020103482	2025-05-11	1新潟4		11.0	谷川岳S(L)								菱田裕二		芝1400				1:22.8	0.7		11-11	34.1-36.3	35.3	430(0)																																															晴		14.0	6.0	10.0	11.0	6.0	11	57.0	稍	**	**		ベガリス															
2020103482	2025-06-01	2京都12		10.0	安土城S(L)								酒井学		芝1400				1:20.7	0.4		11-11	35.1-33.8	33.2	428(-2)																																															晴		16.0	8.0	15.0	31.7	12.0	7	55.0	良	**	**		ラケマーダ															
2020103482	2025-08-24	3新潟2		10.0	朱鷺S(L)								丸山元気		芝1400				1:21.0	0.5		12-12	33.0-36.1	34.7	434(+6)																																															晴		13.0	7.0	11.0	37.7	11.0	7	57.0	良	**	**		グレイイングリーン															
2020103482	2025-11-16	5東京4		11.0	オーロC(L)								内田博幸		芝1400				1:20.7	0.8		10-11	34.2-34.4	33.9	434(0)																																															晴		18.0	2.0	4.0	87.3	18.0	13	55.0	良	**	**		フォーチュンタイム															
2020103499	2022-07-03	3小倉2		5.0	2歳新馬								福永祐一		芝1800				1:50.8	0.2		6-6-6-7	37.6-35.5	35.1	496(0)				280.0																													曇		8.0	2.0	2.0	3.1	1.0	2	54.0	良	**	**		アリスヴェリテ																													
2020103499	2022-09-10	5中京1		2.0	2歳未勝利								福永祐一		芝2000				2:02.0	0.6		2-3-3-3	37.1-34.4	34.7	502(+6)				210.0																													晴		8.0	2.0	2.0	6.4	2.0	2	54.0	稍	**	**		チャンスザローゼス																													
2020103499	2022-09-24	5中京6		3.0	2歳未勝利								福永祐一		芝2000				2:01.0	0.2		2-2-2-2	37.4-35.2	35.3	498(-4)				210.0																													晴		11.0	3.0	3.0	2.6	1.0	2	54.0	稍	**	**		エゾダイモン																													
2020103499	2022-11-05	5阪神1		4.0	2歳未勝利								福永祐一		芝1800				1:47.9	-0.2		2-2	36.7-34.5	34.3	496(-2)				520.0																													晴		8.0	8.0	8.0	1.7	1.0	1	55.0	良	**	**		(リリーバローズ)																													
2020103499	2023-01-08	1中京3		11.0	日刊スポシンザン記念(GIII)								福永祐一		芝1600				1:34.0	0.3		4-3-3	34.8-35.6	35.2	500(+4)				1004.4																													晴		7.0	4.0	4.0	6.8	4.0	3	56.0	良	**	**		ライトクオンタム																													
2020103499	2023-04-15	2阪神7		11.0	アーリントンC(GIII)								岩田康誠		芝1600				1:34.1	0.2		11-9	34.1-36.2	34.6	506(+6)				500.0																													雨		18.0	4.0	7.0	23.3	10.0	4	56.0	重	**	**		オオバンブルマイ																													
2020103499	2023-05-14	2東京8		5.0	3歳1勝クラス								岩田康誠		芝1800				1:48.3	0.9		8-6-6	35.9-33.3	33.7	506(0)				200.0																													曇		13.0	8.0	13.0	3.5	2.0	3	56.0	良	**	**		レーベンスティール																													
2020103499	2023-07-29	2新潟1		9.0	出雲崎特別(1勝クラス)								川田将雅		芝1800				1:45.4	-0.1		4-3	34.7-34.3	33.9	510(+4)				1146.4																													晴		17.0	2.0	4.0	4.0	3.0	1	55.0	良	**	**		(フェイト)																													
2020103499	2023-10-01	4中山9		10.0	茨城新聞杯(2勝クラス)								川田将雅		芝2000				2:02.2	0.6		5-5-5-5	36.7-34.9	34.8	512(+2)				395.3																													曇		15.0	5.0	10.0	2.6	1.0	3	55.0	良	**	**		マイネルモーント																													
2020103499	2023-10-21	4新潟3		10.0	村上特別(2勝クラス)								富田暁		芝2000				2:03.5	1.4		3-3	37.7-35.6	36.7	508(-4)																																	小雨		9.0	5.0	5.0	2.9	2.0	7	56.0	重	**	**		モズロックンロール																													
2020103499	2023-12-02	5阪神1		12.0	3歳以上2勝クラス								ムルザバ		芝1800				1:46.5	1.3		2-2	34.7-34.6	35.8	512(+4)																																	晴		10.0	8.0	9.0	13.3	5.0	8	57.0	良	**	**		グランヴィノス																													
2020103499	2024-01-28	2京都2		12.0	4歳以上2勝クラス								ルメート		芝1600				1:35.6	1.3		4-6	35.1-35.3	36.0	516(+4)																																	曇		9.0	1.0	1.0	4.3	2.0	9	57.0	良	**	**		ペイシャフラワー																													
2020103499	2024-02-11	2京都6		9.0	春日特別(2勝クラス)								岩田康誠		芝1800				1:48.9	1.1		1-1	37.1-34.0	35.1	512(-4)																																	曇		9.0	7.0	7.0	47.4	7.0	8	57.0	良	**	**		ココナッツブラウン																													
2020103499	2024-04-14	2阪神8		9.0	三木特別(2勝クラス)								岩田康誠		芝1400				1:21.3	1.8		17-17	33.6-34.7	34.3	516(+4)																																	晴		17.0	8.0	15.0	17.2	8.0	13	55.0	良	**	**		スカイロケット																													
2020103499	2024-04-28	3京都4		9.0	六波羅特別(2勝クラス)								菱田裕二		ダ1800				1:53.8	0.8		3-3-2-3	37.2-36.8	37.5	512(-4)																																	晴		11.0	7.0	8.0	39.8	8.0	8	55.0	良	**	**		メイショウカゲカツ																													
2020103499	2024-06-29	3小倉1		10.0	熊本城特別(2勝クラス)								和田竜二		ダ1700				1:46.3	2.8		7-6-4-5	30.1-37.4	39.9	516(+4)																																	曇		16.0	5.0	9.0	21.0	6.0	14	58.0	稍	**	**		メイショウホマレ																													
2020103499	2024-07-07	3小倉4		10.0	耶馬渓特別(2勝クラス)								菱田裕二		芝1200				1:09.3	1.3		2-3	33.0-35.0	36.0	510(-6)																																	曇		15.0	8.0	14.0	130.5	13.0	14	58.0	良	**	**		レッドヒルシューズ																													
2020103499	2024-09-28	3中京8		8.0	3歳以上2勝クラス								田口貫太		芝1600				1:34.6	0.6		10-6-6	35.8-34.7	34.5	504(-6)																																	曇		13.0	2.0	2.0	57.5	11.0	6	57.0	良	**	**		スズカダブル																													
2020103499	2025-03-29	2阪神1		10.0	ラジオ関西賞仲春特別(2勝クラス)								田口貫太		芝1600				1:34.1	0.5		6-6	35.6-34.0	33.9	522(+18)																																	曇		8.0	8.0	8.0	74.1	8.0	7	54.0	良	**	**		ブルーミンデザイン																													
2020103499	2025-04-26	2京都1		12.0	4歳以上2勝クラス								田口貫太		芝1600				1:33.1	0.2		2-2	35.4-33.9	34.0	518(-4)				460.0																													晴		9.0	2.0	2.0	17.3	5.0	2	58.0	良	**	**		ブリックワーク																													
2020103499	2025-05-10	2京都5		9.0	久御山特別(2勝クラス)								田口貫太		芝1600				1:35.1	0.1		2-2	37.0-34.3	34.4	520(+2)				625.6																													曇		8.0	8.0	8.0	6.1	5.0	2	58.0	稍	**	**		アルトゥーム																													
2020103499	2025-05-31	2東京11		10.0	葉山特別(2勝クラス)								内田博幸		芝1600				1:37.1	1.2		4-4	35.5-35.8	36.6	512(-8)																																	小雨		16.0	1.0	2.0	13.0	6.0	10	58.0	重	**	**		ウインアイオライト																													
2020103499	2025-12-14	5阪神4		12.0	甲東特別(2勝クラス)								田口貫太		芝1600				1:35.6	1.2		2-2	35.0-34.8	35.9	528(+16)																																	晴		10.0	4.0	4.0	28.3	6.0	10	58.0	良	**	**		ネーヴェフレスカ																													
2020103499	2025-12-28	5阪神8		9.0	フォーチュンC(2勝クラス)								田口貫太		芝1600				1:34.3	0.3		3-3	35.6-34.8	34.0	528(0)																																	晴		12.0	2.0	2.0	21.1	6.0	7	55.0	良	**	**		マイエレメント																													
2020103499	2026-01-17	1京都6		12.0	4歳以上2勝クラス								田口貫太		芝1600				1:34.5	1.0		5-5	35.2-34.5	35.0	530(+2)																																	晴		18.0	3.0	5.0	34.8	10.0	9	58.0	良				カズミクラーシュ																													
2020103517	2022-12-25	5中山8		6.0	2歳新馬								Ｍ．デム		芝1600				1:36.3	0.3		16-8-5	35.9-35.5	35.1	466(0)				280.0																													晴		16.0	4.0	8.0	5.6	2.0	2	55.0	良	**	**		ペリファーニア																													
2020103517	2023-01-15	1中山6		5.0	3歳未勝利								バシュロ		芝1600				1:35.7	0.2		15-10-5	35.4-36.3	35.1	464(-2)				220.0																													曇		16.0	7.0	13.0	2.7	1.0	2	56.0	良	**	**		エエヤン																													
2020103517	2023-04-22	2東京1		5.0	3歳未勝利								Ｍ．デム		芝1600				1:35.6	0.4		4-5	35.9-33.9	33.3	462(-2)				140.0																													曇		13.0	6.0	8.0	1.9	1.0	3	56.0	良	**	**		エンデミズム																													
2020103517	2023-05-20	2東京9		4.0	3歳未勝利								ルメール		芝1400				1:21.3	-0.1		7-7	34.9-34.4	33.8	450(-12)				550.0																													曇		18.0	5.0	10.0	1.7	1.0	1	56.0	稍	**	**		(オメガキャプテン)																													
2020103517	2023-08-19	2札幌3		9.0	千歳特別(1勝クラス)								ルメール		芝1500				1:29.4	0.1		11-9-7	29.5-35.9	35.2	474(+24)				285.0																													小雨		14.0	7.0	11.0	2.5	1.0	3	55.0	良	**	**		ビジュノワール																													
2020103517	2023-10-09	4東京3		8.0	3歳以上1勝クラス								戸崎圭太		芝1400				1:21.6	0.2		12-12	34.7-35.1	34.1	464(-10)				120.0																													雨		16.0	6.0	12.0	2.9	1.0	4	56.0	重	**	**		エリーズダイヤ																													
2020103517	2023-10-21	4新潟3		7.0	3歳以上1勝クラス								三浦皇成		芝1400				1:22.2	0.1		11-12	34.1-36.2	35.6	462(-2)				200.0																													小雨		18.0	8.0	17.0	3.3	1.0	3	56.0	重	**	**		ミッキーチャレンジ																													
2020103517	2024-01-14	1中山5		12.0	4歳以上1勝クラス								坂井瑠星		芝1600				1:34.6	0.0		1-3-4	36.0-34.7	34.3	476(+14)				320.0																													晴		16.0	4.0	7.0	3.2	2.0	2	57.0	良	**	**		ロゼル																													
2020103517	2024-02-03	1東京3		7.0	4歳以上1勝クラス								横山武史		芝1600				1:33.0	0.2		10-7	35.0-33.9	33.2	470(-6)				200.0																													晴		13.0	4.0	4.0	7.8	2.0	3	58.0	良	**	**		ペリファーニア																													
2020103517	2024-05-05	2東京6		7.0	4歳以上1勝クラス								モレイラ		芝1400				1:20.5	-0.1		11-12	34.5-34.8	33.0	474(+4)				800.0																													晴		15.0	8.0	15.0	2.0	1.0	1	58.0	良	**	**		(ニシノピウモッソ)																													
2020103517	2024-06-01	3東京1		10.0	由比ヶ浜特別(2勝クラス)								ルメール		芝1400				1:20.6	-0.3		9-9	34.3-34.8	32.9	468(-6)				1573.1																													晴		10.0	5.0	5.0	2.1	2.0	1	58.0	良	**	**		(プレジャークルーズ)																													
2020103517	2024-08-17	2中京3		11.0	豊明S(3勝クラス)								Ｍ．デム		芝1400				1:20.3	1.3		11-11	33.0-34.7	34.9	470(+2)																																	晴		14.0	5.0	7.0	5.2	3.0	13	58.0	良	**	**		クランフォード																													
2020103517	2024-11-09	5東京3		10.0	奥多摩S(3勝クラス)								ルメール		芝1400				1:22.1	0.5		11-11	35.4-34.4	33.6	472(+2)																																	晴		14.0	4.0	5.0	3.4	1.0	11	58.0	良	**	**		セントメモリーズ																													
2020103517	2024-12-15	7京都6		12.0	東山S(3勝クラス)								ルメール		芝1400				1:21.2	0.6		15-16	34.2-35.2	33.7	476(+4)																																	晴		18.0	2.0	4.0	7.1	3.0	6	56.0	良	**	**		フォーチュンタイム																													
2020103517	2025-02-15	1東京5		10.0	銀蹄S(3勝クラス)								横山武史		ダ1400				1:25.6	1.9		14-14	35.6-36.1	36.5	478(+2)																																	晴		16.0	6.0	11.0	16.3	6.0	10	58.0	良	**	**		コンクイスタ																													
2020103517	2025-03-15	2中山5		10.0	幕張S(3勝クラス)								大野拓弥		芝1600				1:33.8	0.4		11-12-12	34.8-35.6	34.6	470(-8)																																	曇		13.0	6.0	8.0	42.9	11.0	7	55.0	良	**	**		キョウエイブリッサ																													
2020103517	2025-04-27	2東京2		9.0	湘南S(3勝クラス)								ルメール		芝1400				1:19.8	0.0		13-13	34.1-34.5	33.1	472(+2)				749.2																													晴		15.0	6.0	10.0	4.7	3.0	2	55.0	良	**	**		ハクサンバード																													
2020103517	2025-05-25	2東京10		10.0	フリーウェイS(3勝クラス)								ルメール		芝1400				1:21.7	0.3		8-8	35.3-34.5	33.7	466(-6)																																	曇		9.0	1.0	1.0	2.7	1.0	6	58.0	良	**	**		グロリアラウス																													
2020103517	2025-08-24	3新潟2		9.0	長岡S(3勝クラス)								田辺裕信		芝1600				1:33.1	0.6		13-12	34.8-33.6	33.0	478(+12)																																	晴		18.0	8.0	16.0	8.4	3.0	9	56.0	良	**	**		ファーヴェント																													
2020103517	2025-10-04	4東京1		10.0	白秋S(3勝クラス)								佐々木大		芝1400				1:19.8	0.0		12-13	34.4-34.0	32.8	468(-10)				1872.9																													小雨		15.0	2.0	2.0	12.7	6.0	1	56.0	良	**	**		(ユハンヌス)																													
2020103517	2025-11-16	5東京4		11.0	オーロC(L)								プーシャ		芝1400				1:20.5	0.6		14-11	34.2-34.4	33.6	476(+8)																																	晴		18.0	7.0	13.0	6.7	4.0	8	55.0	良	**	**		フォーチュンタイム																													
2020103517	2026-01-17	1中山6		11.0	カーバンクルS(OP)								佐々木大		芝1200				1:07.7	0.3		14-12	33.7-33.7	32.9	476(0)																																	晴		16.0	8.0	15.0	29.9	10.0	7	55.0	良				ウイングレイテスト																													
2020103521	2022-10-02	4中山9	晴	5.0	2歳新馬		14.0	6.0	10.0	6.2	3.0	1	西村淳也	55.0	芝1800		良	**	1:50.0	-0.4	**	2-2-2-2	37.5-35.0	34.9	474(0)			(トーセンアウローラ)	700.0																																																																							
2020103521	2022-11-13	5阪神4	曇	9.0	黄菊賞(1勝クラス)		9.0	8.0	8.0	3.0	1.0	1	Ｃ．デム	55.0	芝2000		重	**	2:03.8	-0.2	**	8-9-8-8	38.3-35.4	34.7	476(+2)			(ビューティーワン)	1049.6																																																																							
2020103521	2022-12-28	5中山9	晴	11.0	ホープフルS(GI)		18.0	5.0	9.0	7.0	3.0	6	Ｃ．デム	55.0	芝2000		良	**	2:01.9	0.4	**	9-9-10-8	36.1-35.0	34.7	484(+8)			ドゥラエレーデ																																																																								
2020103521	2023-01-15	1中山6	曇	11.0	京成杯(GIII)		9.0	7.0	7.0	2.7	1.0	3	ルメール	56.0	芝2000		良	**	2:02.8	0.6	**	5-7-7-7	37.6-35.4	34.9	480(-4)			ソールオリエンス	1004.5																																																																							
2020103521	2023-03-19	2中山8	晴	11.0	フジTVスプリングS(GII)		16.0	8.0	15.0	3.3	1.0	6	戸崎圭太	56.0	芝1800		重	**	1:49.8	0.9	**	12-13-11-10	35.4-37.2	36.2	486(+6)			ベラジオオペラ																																																																								
2020103521	2023-08-12	3小倉1	晴	10.0	西部日刊スポーツ杯(2勝クラス)		10.0	5.0	5.0	2.7	1.0	2	西村淳也	55.0	芝2000		良	**	2:00.0	0.1	**	3-5-5-5	36.6-34.0	33.5	488(+2)			ウィズユアドリーム	627.0																																																																							
2020103521	2023-09-18	4中山5	晴	11.0	朝日セントライト記念(GII)		15.0	2.0	2.0	38.2	7.0	4	西村淳也	56.0	芝2200		良	**	2:12.0	0.6	**	8-8-9-9	35.2-34.4	34.3	492(+4)			レーベンスティール	810.0																																																																							
2020103521	2024-01-14	1小倉2	晴	9.0	玄海特別(2勝クラス)		13.0	5.0	7.0	2.1	1.0	4	藤岡康太	57.0	芝2000		良	**	2:00.1	0.4	**	7-7-8-7	36.5-34.6	34.3	502(+10)			ウインシュクラン	230.0																																																																							
2020103521	2024-02-04	2京都4	曇	8.0	4歳以上2勝クラス		7.0	8.0	8.0	1.7	1.0	1	川田将雅	57.0	芝2000		良	**	2:00.7	-0.3	**	3-3-3-3	36.5-35.5	35.1	504(+2)			(リミットバスター)	1140.0																																																																							
2020103521	2024-03-09	1阪神5	曇	10.0	難波S(3勝クラス)		10.0	2.0	2.0	7.0	3.0	3	鮫島克駿	58.0	芝1800		良	**	1:46.2	0.1	**	4-4	35.8-34.6	33.7	506(+2)			アウスヴァール	463.4																																																																							
2020103521	2024-04-07	2阪神6	晴	10.0	ダイワスカーレットC(3勝クラス)		16.0	4.0	8.0	4.5	2.0	3	鮫島克駿	58.0	芝2000		良	**	1:59.4	0.6	**	10-10-11-8	35.6-34.5	34.3	492(-14)			エーデルブルーメ	465.1																																																																							
2020103521	2024-06-29	3小倉1	曇	11.0	博多S(3勝クラス)		13.0	4.0	4.0	2.3	1.0	2	川田将雅	58.0	芝1800		良	**	1:46.8	0.3	**	8-7-6-6	34.4-37.3	36.7	498(+6)			アルジーヌ	747.8																																																																							
2020103521	2024-07-20	3小倉7	晴	11.0	テレQ杯(3勝クラス)		12.0	4.0	4.0	2.4	1.0	5	西村淳也	58.0	芝2000		稍	**	2:00.8	0.6	**	5-5-4-3	35.5-36.3	36.3	496(-2)			マイネルメモリー	184.0																																																																							
2020103521	2024-10-12	5京都3	晴	10.0	大原S(3勝クラス)		14.0	1.0	1.0	9.1	6.0	2	西村淳也	58.0	芝1800		良	**	1:44.0	0.0	**	3-2	34.7-34.6	34.4	508(+12)			ケイアイセナ	748.6																																																																							
2020103521	2024-12-07	5中山3	晴	11.0	常総S(3勝クラス)		15.0	1.0	1.0	3.4	3.0	2	斎藤新	58.0	芝1800		良	**	1:48.4	0.1	**	6-4-4-4	37.0-34.6	34.3	500(-8)			ディオスバリエンテ	749.4																																																																							
2020103521	2025-01-26	1小倉2	晴	11.0	壇之浦S(3勝クラス)		12.0	5.0	6.0	3.9	2.0	4	斎藤新	58.0	芝1800		良	**	1:47.3	0.4	**	10-11-11-7	36.4-34.9	34.3	498(-2)			セキトバイースト	280.0																																																																							
2020103521	2025-02-15	1京都5	晴	10.0	飛鳥S(3勝クラス)		9.0	5.0	5.0	7.0	5.0	4	田口貫太	58.0	芝2000		良	**	2:01.1	0.4	**	5-5-5-5	37.5-34.9	34.8	506(+8)			ウエストナウ	280.0																																																																							
2020103521	2025-04-06	3中山4	晴	11.0	美浦S(3勝クラス)		16.0	4.0	8.0	4.4	3.0	7	佐々木大	58.0	芝2000		良	**	2:00.2	0.6	**	6-5-6-6	35.9-35.7	35.8	502(-4)			レガーロデルシエロ																																																																								
2020103521	2025-06-15	3阪神4	晴	10.0	花のみちS(3勝クラス)		18.0	8.0	18.0	25.5	7.0	2	横山武史	58.0	芝1600		稍	**	1:32.8	0.2	**	8-8	34.1-35.0	33.9	504(+2)			ブルーミンデザイン	750.8																																																																							
2020103521	2025-07-13	2福島6	晴	11.0	七夕賞(GIII)		15.0	7.0	13.0	13.0	7.0	6	丸山元気	54.0	芝2000		良	**	2:01.7	1.2	**	10-8-8-8	34.7-36.0	36.4	500(-4)			コスモフリーゲン																																																																								
2020103521	2025-08-17	3中京8	晴	7.0	中京記念(GIII)		12.0	4.0	4.0	29.0	8.0	10	バデル	57.0	芝1600		良	**	1:32.8	0.5	**	6-7-7	35.4-33.9	33.6	496(-4)			マピュース																																																																								
2020103521	2025-09-27	4中山8	晴	11.0	秋風S(3勝クラス)		16.0	3.0	5.0	11.9	5.0	6	横山武史	58.0	芝1600		良	**	1:33.2	0.3	**	13-13-11	35.2-34.6	33.8	482(-14)			ピースワンデュック																																																																								
2020103521	2025-11-16	4京都4	晴	12.0	ドンカスターC(3勝クラス)		12.0	4.0	4.0	4.0	2.0	3	Ｃ．デム	57.0	芝1800		良	**	1:45.9	0.3	**	7-5	36.1-33.9	33.5	498(+16)			ガイアメンテ	463.9																																																																							
2020103521	2025-12-28	5中山8	晴	12.0	2025ファイナルS(3勝クラス)		16.0	4.0	8.0	6.2	3.0	2	Ｃ．デム	57.0	芝1600		良	**	1:33.9	0.3	**	3-3-2	35.6-34.0	33.9	494(-4)			ジョイフルニュース	607.4																																																																							
2020103521	2026-01-18	1中山7		9.0	若潮S(3勝クラス)								横山武史		芝1600				1:32.2	0.5		9-9-9	34.1-34.9	34.3	496(+2)																																																													晴		15.0	6.0	11.0	5.8	3.0	6	58.0	良	**	**		ポルカリズム	202606010709
2020103537	2022-11-06	5東京2		5.0	2歳新馬								マーカン		芝1800				1:49.3	0.4		5-2-2	38.0-33.6	34.0	470(0)				280.0																																											晴		10.0	5.0	5.0	5.5	3.0	2	55.0	良	**	**		レッドロスタム															
2020103537	2022-11-26	5東京7		3.0	2歳未勝利								マーカン		芝1800				1:48.1	0.7		5-6-5	35.7-35.3	35.4	470(0)				52.0																																											曇		16.0	2.0	4.0	2.8	1.0	5	55.0	良	**	**		アップトゥミー															
2020103537	2023-01-29	1東京2		5.0	3歳未勝利								横山武史		芝1600				1:34.4	0.8		9-9	35.0-34.9	34.9	468(-2)																																															晴		16.0	5.0	10.0	12.9	5.0	6	56.0	良	**	**		サルヴァトーレ															
2020103537	2023-03-25	3中山1		3.0	3歳未勝利								大野拓弥		ダ1800				1:55.3	0.3		4-5-4-4	38.3-39.3	39.2	462(-6)				140.0																																											雨		16.0	3.0	6.0	6.6	3.0	3	56.0	不	**	**		クリスプブリーズ															
2020103537	2023-04-22	1福島5		7.0	3歳未勝利								団野大成		芝2000				2:02.8	0.3		3-3-2-2	36.1-36.3	36.5	458(-4)				83.0																																											晴		16.0	4.0	8.0	4.3	2.0	4	56.0	良	**	**		ヨリキリ															
2020103537	2023-06-25	1函館6		4.0	3歳未勝利								小林勝太		芝1800				1:50.0	0.4		8-8-8-7	36.1-36.8	35.9	456(-2)				83.0																																											晴		14.0	6.0	9.0	4.7	3.0	4	53.0	良	**	**		バロックダンス															
2020103537	2023-07-09	2函館4		6.0	3歳未勝利								ルメール		芝2000				2:02.0	0.2		10-10-10-8	35.7-36.4	35.1	462(+6)				55.0																																											晴		12.0	6.0	8.0	3.3	1.0	5	56.0	良	**	**		マテンロウジョイ															
2020103537	2023-08-06	1札幌6		6.0	3歳未勝利								佐々木大		芝2600				2:48.3	0.0		3-5-6-5	39.1-38.8	38.3	454(-8)				550.0																																											曇		13.0	7.0	12.0	4.6	3.0	1	54.0	重	**	**		(ドラゴンヘッド)															
2020103537	2023-11-05	3福島2		7.0	3歳以上1勝クラス								佐々木大		芝2600				2:44.5	1.6		2-3-4-4	38.0-36.8	38.2	448(-6)																																															曇		11.0	8.0	11.0	5.0	2.0	6	55.0	良	**	**		ヴェルミセル															
2020103537	2024-01-28	1東京2		4.0	4歳以上1勝クラス								内田博幸		ダ2100				2:15.6	0.6		11-11-10-9	31.7-38.8	38.6	450(+2)																																															曇		14.0	8.0	14.0	22.7	6.0	6	57.0	良	**	**		トーセンクライスト															
2020103537	2024-03-24	3中山2		7.0	4歳以上1勝クラス								丹内祐次		ダ1800				1:54.9	1.6		9-8-8-6	37.6-38.4	39.5	460(+10)																																															曇		15.0	6.0	10.0	20.1	5.0	7	58.0	良	**	**		ウェイワードアクト															
2020103537	2024-04-06	3中山5		8.0	4歳以上1勝クラス								森泰斗		ダ2400				2:36.9	2.4		11-11-7-8	37.3-40.4	42.0	456(-4)																																															曇		16.0	4.0	7.0	19.2	7.0	13	58.0	稍	**	**		ネイチャーシップ															
2020103537	2024-06-08	1函館1		7.0	3歳以上1勝クラス								小林勝太		芝2000				2:01.4	0.8		7-7-9-9	35.1-36.0	36.0	466(+10)																																															晴		13.0	8.0	12.0	64.6	10.0	12	55.0	良	**	**		フロムナウオン															
2020103537	2024-06-15	1函館3		10.0	奥尻特別(1勝クラス)								大野拓弥		芝2000				2:00.5	0.7		7-7-2-1	35.2-36.3	37.0	458(-8)																																															晴		12.0	8.0	11.0	76.6	12.0	8	58.0	良	**	**		キットハナガサク															
2020103537	2024-09-29	4中山9		7.0	3歳以上1勝クラス								大野拓弥		芝2200				2:15.0	1.6		6-5-6-5	37.1-34.6	35.7	450(-8)																																															曇		17.0	2.0	3.0	160.0	13.0	13	58.0	良	**	**		コンフェルマ															
2020103537	2024-11-17	5東京6		6.0	3歳以上1勝クラス								マーカン		ダ2100				2:13.4	2.5		7-6-5-5	30.1-37.7	39.5	446(-4)																																															晴		16.0	8.0	15.0	36.2	10.0	12	58.0	良	**	**		マウンテンエース															
2020103537	2025-01-26	1小倉2		4.0	障害4歳以上未勝利								草野太郎		障2860				3:11.9	1.5		5-5-5-4	105.1-0.0	13.4	452(+6)				84.0																																											晴		12.0	1.0	1.0	23.3	5.0	5	60.0	良				モントライゼ															
2020103537	2025-02-16	1小倉8		4.0	障害4歳以上未勝利								草野太郎		障2860				3:14.7	0.2		4-4-1-1	109.0-0.0	13.6	456(+4)				340.0																																											曇		11.0	1.0	1.0	5.2	2.0	2	60.0	良				ナイトスピアー															
2020103537	2025-05-04	1新潟2		4.0	障害4歳以上未勝利								草野太郎		障2890				3:12.1	0.0		4-3-1-1	106.1-0.0	13.3	450(-6)				840.0																																											晴		14.0	5.0	7.0	3.2	2.0	1	60.0	稍				(フェーングロッテン)															
2020103537	2025-07-05	2福島3		1.0	障害3歳以上OP								草野太郎		障2750				3:01.7	-0.2		10-7-6-6	106.0-0.0	13.2	446(-4)				1430.0																																											曇		10.0	2.0	2.0	3.1	2.0	1	60.0	稍				(ニシノパプルブリリ)															
2020103537	2025-09-20	4阪神6		4.0	阪神ジャンプS(JGIII)								草野太郎		障3140				3:31.7	2.1		6-6-6-6	102.0-0.0	13.5	448(+2)				300.0																																											曇		9.0	3.0	3.0	12.8	5.0	5	60.0	良				ネビーイーム															
2020103537	2025-11-08	4京都1		8.0	京都ジャンプS(JGIII)								草野太郎		障3170				3:43.4	6.1		10-10-10-10	110.0-0.0	14.1	450(+2)																																															晴		10.0	1.0	1.0	22.0	7.0	10	60.0	良				ローディアマント															
2020103540	2023-12-05	大井	曇	1.0	3歳　60万円		0.0	5.0	8.0				安藤洋一	56.0	ダ1200		良								計不																																																																											
2020103540	2023-12-09	大井	晴	1.0	3歳　60万円		15.0	5.0	8.0	1.4	1.0	1.0	安藤洋一	56.0	ダ1200		良	**	1:17.4	-0.1	**	1-1	37.3-40.1	40.1	537(0)			(ゴールデンエール)	140.0																																																																							
2020103540	2024-02-14	大井	晴	3.0	C3五　六七(C3六)		14.0	8.0	13.0	2.7	2.0	3.0	安藤洋一	56.0	ダ1200		良	**	1:17.2	1.0	**	6-8	36.0-40.2	40.3	542(+5)			ロイヤルエピック	20.0																																																																							
2020103540	2024-03-21	大井	晴	1.0	C3四　五		13.0	8.0	12.0	2.3	1.0	1.0	矢野貴之	56.0	ダ1600		良	**	1:46.4	-0.4	**	6-6-4-4	38.8-41.6	41.3	535(-7)			(スーパークール)	80.0																																																																							
2020103540	2024-04-22	大井	曇	7.0	C213　1415(C214)		13.0	4.0	6.0	1.8	1.0	7.0	矢野貴之	56.0	ダ1600		稍	**	1:47.4	0.6	**	6-5-4-4	38.1-42.9	43.0	537(+2)			ハプルーン																																																																								
2020103540	2024-08-13	大井	晴	1.0	C3四　五		12.0	4.0	4.0	3.7	2.0	10.0	矢野貴之	56.0	ダ1600		良	**	1:45.9	2.2	**	3-3-5-6	38.4-40.3	42.2	528(-9)			レオナイン																																																																								
2020103540	2024-09-30	大井	曇	2.0	C3三　四五(C3四)		12.0	1.0	1.0	3.1	1.0	1.0	矢野貴之	56.0	ダ1400		良	**	1:29.7	-0.3	**	7-3-3	37.4-40.1	39.7	521(-7)			(ザゴート)	80.0																																																																							
2020103540	2025-04-06	3中山4	小雨	8.0	4歳以上1勝クラス		13.0	4.0	5.0	70.1	9.0	8.0	杉原誠人	58.0	芝1800		良	**	1:49.6	1.0	**	12-12-12-12	36.2-35.1	34.6	538(+17)			ビジューブリランテ																																																																								
2020103540	2025-06-21	3東京5	晴	8.0	3歳以上1勝クラス		16.0	2.0	4.0	135.6	12.0	16.0	丸山元気	58.0	芝1800		良	**	1:49.3	2.9	**	12-8-8	35.3-34.7	37.0	548(+10)			ブルーマエストロ																																																																								
2020103540	2025-08-23	3新潟1	晴	12.0	3歳以上1勝クラス		12.0	8.0	12.0	160.8	11.0	7.0	杉原誠人	58.0	芝1600		良	**	1:34.5	1.5	**	11-11	34.7-34.0	34.1	550(+2)			ブルーベリーフィズ																																																																								
2020103575	2022-07-24	1札幌2		5.0	2歳新馬								武豊		芝1800				1:53.6	1.3		3-2-2-3	38.8-36.0	37.1	486(0)					曇		9.0	2.0	2.0	2.4	2.0	7	54.0	良	**	**		ドゥアイズ																																																									
2020103575	2022-09-04	2札幌8		2.0	2歳未勝利								浜中俊		芝1500				1:32.3	2.2		6-4-5	29.8-36.7	38.4	490(+4)					晴		14.0	3.0	3.0	4.6	2.0	12	54.0	良	**	**		ショーモン																																																									
2020103575	2022-11-27	5東京8		1.0	2歳未勝利								Ｃ．デム		ダ1400				1:25.6	0.4		9-9	34.8-38.0	37.3	486(-4)				130.0	晴		16.0	4.0	7.0	5.2	3.0	3	55.0	稍	**	**		プラチナジュビリー																																																									
2020103575	2022-12-17	5中山5		1.0	2歳未勝利								ルメール		ダ1200				1:12.2	0.0		3-2	34.3-37.9	37.7	490(+4)				210.0	曇		16.0	5.0	10.0	2.3	2.0	2	55.0	良	**	**		アンビバレント																																																									
2020103575	2023-01-05	1中山1		1.0	3歳未勝利								武豊		ダ1200				1:12.6	-0.3		5-5	33.7-38.9	38.1	486(-4)				550.0	晴		16.0	7.0	14.0	1.8	1.0	1	56.0	良	**	**		(ジェイケイファイン)																																																									
2020103575	2023-04-23	2東京2		6.0	3歳1勝クラス								北村宏司		ダ1400				1:26.1	0.6		11-9	35.5-37.8	37.1	496(+10)					晴		16.0	5.0	10.0	18.8	7.0	7	56.0	良	**	**		ロードフォンス																																																									
2020103575	2023-05-06	2東京5		7.0	3歳1勝クラス								北村宏司		芝1400				1:22.7	2.1		11-9	34.4-34.9	36.0	492(-4)					晴		16.0	2.0	3.0	53.6	12.0	15	56.0	良	**	**		リサリサ																																																									
2020103575	2023-07-22	2福島7		12.0	3歳以上1勝クラス								Ｍ．デム		ダ1150				1:09.2	0.9		10-8	30.8-37.5	37.2	500(+8)				120.0	晴		16.0	8.0	15.0	8.5	5.0	4	55.0	良	**	**		シアージスト																																																									
2020103575	2023-08-12	3新潟1		12.0	3歳以上1勝クラス								ルメール		ダ1200				1:11.7	0.6		3-3	34.6-36.5	36.7	496(-4)				320.0	晴		15.0	8.0	15.0	5.0	2.0	2	56.0	良	**	**		キュートヘスティア																																																									
2020103575	2023-09-24	4中山7		8.0	3歳以上1勝クラス								ルメール		ダ1200				1:12.6	1.2		4-4	33.2-38.2	38.9	494(-2)				80.0	晴		16.0	1.0	2.0	2.9	1.0	5	56.0	稍	**	**		トモジャミ																																																									
2020103575	2023-12-16	5中山5		12.0	3歳以上1勝クラス								武豊		ダ1200				1:12.6	1.4		2-3	34.7-36.5	37.7	498(+4)					晴		16.0	4.0	7.0	4.1	1.0	9	57.0	稍	**	**		ヤングワールド																																																									
2020103575	2024-02-25	1阪神2		12.0	4歳以上1勝クラス								松山弘平		ダ1200				1:11.9	0.9		8-10	34.6-36.4	36.3	498(0)					小雨		15.0	7.0	13.0	8.6	4.0	7	58.0	不	**	**		サクハル																																																									
2020103575	2024-05-05	1新潟4		12.0	4歳以上1勝クラス								佐々木大		ダ1200				1:12.8	-0.2		7-7	35.2-37.6	36.9	500(+2)				800.0	晴		13.0	4.0	4.0	4.5	3.0	1	57.0	良	**	**		(セキテイオー)																																																									
2020103575	2024-05-19	1新潟8		10.0	火打山特別(2勝クラス)								丹内祐次		ダ1200				1:11.7	0.6		6-6	33.6-37.5	37.1	494(-6)				230.0	晴		15.0	5.0	9.0	13.0	5.0	4	58.0	良	**	**		シラキヌ																																																									
2020103575	2024-07-27	2新潟1		12.0	出雲崎特別(2勝クラス)								坂井瑠星		ダ1200				1:11.8	0.9		4-4	34.2-36.7	37.3	504(+10)					曇		15.0	6.0	10.0	8.0	5.0	8	58.0	良	**	**		エランティス																																																									
2020103575	2024-08-31	2中京7		10.0	鳥羽特別(2勝クラス)								Ｍ．デム		ダ1400				1:28.0	4.6		10-10	34.7-36.8	40.5	496(-8)					小雨		15.0	3.0	5.0	32.6	8.0	15	58.0	不	**	**		カズゴルティス																																																									
2020103575	2024-12-22	5中山8		8.0	冬至特別(2勝クラス)								北村宏司		ダ1200				1:13.0	1.4		11-11	33.6-38.0	38.4	508(+12)					晴		16.0	1.0	2.0	99.0	11.0	14	58.0	良	**	**		ロードフロンティア																																																									
2020103575	2025-03-30	2中京6		12.0	鈴鹿特別(2勝クラス)								幸英明		ダ1400				1:25.9	1.2		5-4	35.3-37.2	37.9	504(-4)					晴		16.0	8.0	16.0	137.3	13.0	10	58.0	良	**	**		セミマル																																																									
2020103575	2025-06-22	3東京6		9.0	甲州街道特別(2勝クラス)								原優介		ダ1400				1:27.1	3.7		2-3	34.8-37.0	40.4	506(+2)					晴		16.0	5.0	9.0	130.9	15.0	15	58.0	良	**	**		トクシーカイザー																																																									
2020103575	2025-08-17	3中京8		6.0	大垣特別(2勝クラス)								西塚洸二		ダ1400				1:26.7	2.5		10-10	35.4-36.5	38.3	500(-6)					晴		16.0	3.0	6.0	219.8	16.0	16	58.0	良	**	**		タイセイレスポンス																																																									
2020103575	2025-09-27	4中山8		1.0	障害3歳以上未勝利								伴啓太		障2880				3:19.3	2.2		6-6-6-7	107.1-0.0	13.8	496(-4)					曇		11.0	2.0	2.0	41.7	10.0	9	60.0	良				ヴラディア																																																									
2020103575	2025-12-14	5中山4		4.0	障害3歳以上未勝利								伴啓太		障2880				3:28.2	10.2		6-6-8-10	109.1-0.0	14.5	508(+12)					雨		14.0	3.0	4.0	33.7	7.0	12	60.0	稍				ゴールデンスロープ																																																									
2020103577	2023-01-14	1中山5		5.0	3歳新馬								津村明秀		芝1600				1:36.8	0.0		7-6-4	36.3-35.4	35.1	474(0)				620.0															小雨		16.0	7.0	14.0	2.9	1.0	1	54.0	良	**	**		(ビービーラドン)																																											
2020103577	2023-03-11	1阪神9		6.0	3歳1勝クラス								坂井瑠星		芝1600				1:33.5	0.2		8-8	34.4-35.1	34.6	472(-2)				200.0															晴		10.0	7.0	8.0	6.3	4.0	3	54.0	良	**	**		ショーモン																																											
2020103577	2023-06-11	3阪神4		8.0	3歳以上1勝クラス								川田将雅		芝1800				1:47.7	0.4		7-8	35.2-35.1	35.0	470(-2)				320.0															曇		16.0	1.0	2.0	2.5	1.0	2	53.0	稍	**	**		マスクトディーヴァ																																											
2020103577	2023-08-12	3小倉1		9.0	筑紫特別(1勝クラス)								川田将雅		芝1800				1:46.4	0.8		12-12-1-1	34.5-35.6	36.4	470(0)				111.0															晴		16.0	4.0	8.0	2.5	1.0	5	53.0	良	**	**		マイネルメモリー																																											
2020103577	2024-02-17	2小倉3		8.0	4歳以上1勝クラス								藤岡佑介		芝1800				1:48.1	0.0		4-4-4-5	36.8-35.8	35.4	484(+14)				800.0															晴		12.0	6.0	8.0	2.6	1.0	1	55.0	良	**	**		(ドラゴンヘッド)																																											
2020103577	2024-03-10	2中山6		9.0	房総特別(2勝クラス)								武藤雅		芝1800				1:49.5	0.5		6-6-8-12	37.4-36.0	35.7	482(-2)				230.0															晴		16.0	2.0	4.0	7.0	4.0	4	56.0	良	**	**		アグラシアド																																											
2020103577	2024-04-28	3京都4		8.0	糺の森特別(2勝クラス)								モレイラ		芝1800				1:45.8	0.1		2-2	34.8-34.7	34.5	482(0)				627.2															晴		12.0	8.0	12.0	3.2	2.0	2	56.0	良	**	**		ロマンシングブルー																																											
2020103577	2024-05-18	3京都9		10.0	シドニーT(2勝クラス)								川田将雅		芝1800				1:45.2	0.6		4-5	35.2-34.3	34.3	480(-2)																			晴		9.0	5.0	5.0	1.8	1.0	6	55.0	良	**	**		マイネルエニグマ																																											
2020103577	2024-08-24	3新潟5		10.0	五頭連峰特別(2勝クラス)								三浦皇成		芝1600				1:34.2	0.2		7-6	36.1-34.3	33.9	480(0)				230.0															晴		16.0	3.0	6.0	8.6	4.0	4	56.0	良	**	**		ワンダイレクト																																											
2020103577	2024-09-14	4中山3		10.0	御宿特別(2勝クラス)								津村明秀		芝1600				1:32.6	-0.1		8-7-7	35.2-34.0	33.4	478(-2)				1578.7															晴		13.0	5.0	6.0	4.8	4.0	1	56.0	良	**	**		(ラレーヌデリス)																																											
2020103577	2025-01-19	1中山7		9.0	若潮S(3勝クラス)								三浦皇成		芝1600				1:33.4	0.6		6-7-8	35.5-34.4	34.1	490(+12)				280.0															曇		12.0	8.0	12.0	10.3	6.0	4	56.0	良	**	**		タシット																																											
2020103577	2025-02-16	1東京6		9.0	雲雀S(3勝クラス)								三浦皇成		芝1600				1:34.1	0.1		8-7	35.8-34.3	33.7	488(-2)				184.0															曇		16.0	4.0	7.0	13.0	5.0	5	56.0	良	**	**		レディントン																																											
2020103577	2025-04-12	3中山5		10.0	あけぼのS(3勝クラス)								津村明秀		芝1600				1:33.2	0.6		7-9-9	35.2-34.9	34.4	486(-2)																			晴		14.0	5.0	7.0	7.6	4.0	8	56.0	良	**	**		ダイシンヤマト																																											
2020103577	2025-06-15	3阪神4		10.0	花のみちS(3勝クラス)								武豊		芝1600				1:33.8	1.2		9-10	34.1-35.0	34.6	490(+4)																			晴		18.0	6.0	11.0	42.7	10.0	12	56.0	稍	**	**		ブルーミンデザイン																																											
2020103577	2025-09-27	4中山8		11.0	秋風S(3勝クラス)								津村明秀		芝1600				1:33.1	0.2		6-10-7	35.2-34.6	34.1	500(+10)				280.0															晴		16.0	3.0	6.0	35.3	13.0	4	56.0	良	**	**		ピースワンデュック																																											
2020103577	2025-11-23	5東京5		10.0	秋色S(3勝クラス)								三浦皇成		芝1600				1:32.3	0.4		7-8	34.2-34.5	33.7	494(-6)				184.0															晴		17.0	6.0	11.0	10.4	5.0	5	54.0	良	**	**		エンペラーズソード																																											
2020103577	2026-01-18	1中山7		9.0	若潮S(3勝クラス)								三浦皇成		芝1600				1:31.7	0.0		4-5-5	34.1-34.9	34.1	488(-6)				1905.0																																																									晴		15.0	4.0	7.0	9.1	5.0	1	56.0	良	**	**		(コートアリシアン)	202606010709
2020103647	2022-06-04	4中京1		5.0	2歳新馬								福永祐一		芝1600				1:35.4	-0.2		3-3-3	36.1-34.6	34.3	498(0)				700.0															晴		9.0	6.0	6.0	2.2	1.0	1	54.0	良	**	**		(スズカダブル)																																											
2020103647	2022-09-03	2札幌7		11.0	札幌2歳S(GIII)								福永祐一		芝1800				1:50.4	0.4		13-13-13-11	36.7-36.3	35.7	512(+14)				787.0															晴		14.0	1.0	1.0	6.1	4.0	3	54.0	良	**	**		ドゥーラ																																											
2020103647	2023-06-10	3阪神3		9.0	甲武特別(1勝クラス)								坂井瑠星		芝2400				2:26.2	0.8		2-2-2-2	37.5-34.7	35.5	522(+10)				170.0															曇		8.0	6.0	6.0	1.9	1.0	4	54.0	良	**	**		ゴールドプリンセス																																											
2020103647	2024-05-26	3京都12		7.0	4歳以上1勝クラス								北村友一		芝1800				1:47.8	0.3		3-3	36.2-33.6	33.8	512(-10)				200.0															晴		10.0	3.0	3.0	3.8	3.0	3	58.0	良	**	**		アウフヘーベン																																											
2020103647	2024-06-15	3東京5		9.0	三浦特別(1勝クラス)								津村明秀		芝1800				1:46.0	0.7		6-5-5	35.4-33.6	33.7	506(-6)				170.0															晴		9.0	4.0	4.0	8.4	4.0	4	58.0	良	**	**		カニキュル																																											
2020103647	2024-08-25	2中京6		8.0	3歳以上1勝クラス								鮫島克駿		芝1600				1:33.4	0.1		9-7-7	35.0-34.6	34.0	518(+12)				200.0															曇		15.0	3.0	6.0	4.7	3.0	3	58.0	良	**	**		ハワイアンティアレ																																											
2020103647	2026-01-18	1京都7		12.0	4歳以上1勝クラス								松山弘平		芝1600								35.5-35.2		520(+2)																																																													晴		8.0	6.0	6.0			除	58.0	良	**	**		サク	202608010712
2020103679	2022-10-23	4東京7		5.0	2歳新馬								北村宏司		芝1800				1:50.1	0.3		1-2-2	37.9-34.4	34.5	510(0)				280.0																													晴		13.0	4.0	5.0	14.9	6.0	2	55.0	良	**	**		ガストリック																													
2020103679	2022-12-25	5中山8		4.0	2歳未勝利								マーカン		芝2000				2:02.6	-0.4		3-3-3-2	37.1-36.6	36.3	512(+2)				520.0																													晴		18.0	5.0	9.0	3.7	2.0	1	55.0	良	**	**		(ゴールドバランサー)																													
2020103679	2023-02-25	2中山1		9.0	水仙賞(1勝クラス)								北村宏司		芝2200				2:14.5	0.3		3-4-3-3	37.4-35.3	35.4	508(-4)				272.6																													曇		8.0	5.0	5.0	3.4	2.0	3	56.0	良	**	**		ハウゼ																													
2020103679	2023-04-15	3中山7		9.0	山藤賞(1勝クラス)								北村宏司		芝2000				2:04.2	0.0		4-5-5-2	36.3-38.0	37.2	500(-8)				274.2																													雨		12.0	8.0	12.0	6.5	3.0	3	56.0	重	**	**		スズカハービン																													
2020103679	2023-07-15	2福島5		9.0	南相馬特別(1勝クラス)								北村宏司		芝2000				2:06.8	2.7		6-7-7-10	36.2-37.0	39.1	502(+2)																																	曇		10.0	2.0	2.0	2.1	1.0	10	55.0	稍	**	**		エイトキングゴッド																													
2020103679	2023-10-07	4東京1		8.0	3歳以上1勝クラス								ルメール		芝2000				1:57.2	-0.1		3-7-6	35.5-34.9	34.1	504(+2)				800.0																													晴		14.0	2.0	2.0	8.1	3.0	1	56.0	良	**	**		(イングランドアイズ)																													
2020103679	2023-11-26	5東京8		9.0	アーモンドアイM(2勝クラス)								ルメール		芝2000				1:59.2	0.0		5-4-4	35.8-34.3	34.0	512(+8)				1575.9																													曇		11.0	7.0	9.0	3.5	2.0	1	55.0	良	**	**		(オクタヴィアヌス)																													
2020103679	2024-01-06	1中山1		9.0	迎春S(3勝クラス)								戸崎圭太		芝2200				2:12.2	0.4		4-3-4-4	36.6-35.5	34.6	502(-10)																																	晴		7.0	6.0	6.0	1.5	1.0	6	57.0	良	**	**		アドマイヤハレー																													
2020103679	2024-11-24	5東京8		11.0	アーモンドアイC(3勝クラス)								マーカン		芝2000				2:01.0	1.5		7-8-6	36.8-34.0	34.8	504(+2)																																	晴		15.0	3.0	5.0	17.5	8.0	15	58.0	良	**	**		タッチウッド																													
2020103679	2025-07-19	2福島7		11.0	阿武隈S(3勝クラス)								石川裕紀		芝1800				1:50.7	1.1		7-8-9-9	36.5-36.1	36.1	502(-2)																																	晴		10.0	7.0	9.0	19.1	8.0	9	55.0	良	**	**		アンリーロード																													
2020103679	2025-09-14	4中山4		10.0	レインボーS(3勝クラス)								武藤雅		芝2000				2:00.9	1.6		5-4-6-7	36.9-34.5	35.6	498(-4)																																	曇		14.0	5.0	7.0	18.1	7.0	12	54.0	良	**	**		ブラックシールド																													
2020103679	2025-11-08	5東京1		10.0	錦秋S(3勝クラス)								内田博幸		ダ1600				1:39.0	3.2		8-11	35.1-36.1	37.8	514(+16)																																	晴		11.0	6.0	6.0	67.5	9.0	11	58.0	良	**	**		ナイトアクアリウム																													
2020103679	2026-01-17	1中山6		10.0	アレキサンドライトS(3勝クラス)								杉原誠人		ダ1800				1:54.0	1.8		7-7-6-6	37.4-37.5	38.4	510(-4)																																	晴		16.0	3.0	5.0	231.9	15.0	12	54.0	良				チュウワクリスエス																													
2020103688	2022-11-13	5阪神4		5.0	2歳新馬								Ｃ．デム		芝1800				1:51.4	1.1		1-1	37.5-34.7	35.8	496(0)				110.0	雨		7.0	6.0	6.0	4.8	3.0	4	55.0	稍	**	**		サンライズピース																																																									
2020103688	2023-02-05	1中京12		5.0	3歳未勝利								鮫島克駿		芝1600				1:34.0	0.4		5-6-6	34.9-35.3	35.0	498(+2)				140.0	晴		15.0	5.0	9.0	10.2	4.0	3	56.0	良	**	**		アルナージェイン																																																									
2020103688	2023-02-19	2小倉4		6.0	3歳未勝利								団野大成		芝1800				1:51.5	-0.1		9-10-9-6	36.6-37.5	36.8	498(0)				550.0	曇		16.0	1.0	2.0	3.8	1.0	1	56.0	重	**	**		(ガーランドスタイル)																																																									
2020103688	2023-05-13	1京都7		9.0	あずさ賞(1勝クラス)								北村友一		芝2000				2:00.5	0.6		10-11-7-7	36.0-33.7	33.8	494(-4)				107.0	曇		12.0	8.0	12.0	28.2	9.0	5	56.0	良	**	**		リミットバスター																																																									
2020103688	2023-06-04	3阪神2		8.0	3歳以上1勝クラス								幸英明		芝2000				1:59.9	0.3		3-3-2-3	36.5-34.8	34.3	490(-4)				200.0	晴		10.0	7.0	8.0	4.2	3.0	3	55.0	良	**	**		ブレイヴロッカー																																																									
2020103688	2023-08-19	3小倉3		8.0	3歳以上1勝クラス								団野大成		芝1800				1:47.8	0.9		16-16-14-13	35.6-36.4	35.2	494(+4)					晴		16.0	6.0	12.0	9.2	4.0	9	55.0	良	**	**		ニホンピロキーフ																																																									
2020103688	2024-10-19	4新潟5		7.0	3歳以上1勝クラス								亀田温心		芝1800				1:46.8	0.4		3-3	35.1-35.4	35.1	488(-6)				320.0	小雨		10.0	2.0	2.0	11.7	4.0	2	58.0	良	**	**		ヴァイザーブリック																																																									
2020103688	2024-11-30	4中京1		8.0	3歳以上1勝クラス								亀田温心		芝1600				1:33.5	0.0		9-8-8	34.6-35.8	34.9	484(-4)				800.0	晴		16.0	8.0	16.0	5.7	4.0	1	58.0	良	**	**		(スカイハイ)																																																									
2020103688	2024-12-22	7京都8		12.0	ジングルベル賞(2勝クラス)								亀田温心		芝1400				1:21.7	0.5		7-6	35.4-34.2	34.1	490(+6)				230.0	晴		17.0	4.0	7.0	4.3	2.0	4	56.0	良	**	**		ヤマニンアルリフラ																																																									
2020103688	2025-03-01	1阪神1		12.0	4歳以上2勝クラス								団野大成		芝1400				1:21.3	1.1		6-7	33.1-35.4	35.6	486(-4)					晴		15.0	7.0	13.0	6.8	5.0	12	58.0	良	**	**		バウンシーステップ																																																									
2020103688	2025-03-16	1阪神6		9.0	皆生特別(2勝クラス)								亀田温心		芝1600				1:34.3	-0.1		5-5	34.9-36.3	35.5	486(0)				1571.7	雨		9.0	8.0	8.0	6.8	5.0	1	58.0	重	**	**		(メイショウカイト)																																																									
2020103688	2025-05-18	1新潟6		11.0	弥彦S(3勝クラス)								亀田温心		芝1800				1:47.8	0.3		6-6	35.5-35.1	35.1	482(-4)				184.0	曇		16.0	8.0	15.0	24.0	9.0	5	58.0	良	**	**		ナムラエイハブ																																																									
2020103688	2025-08-24	3新潟2		9.0	長岡S(3勝クラス)								団野大成		芝1600				1:32.6	0.1		8-9	34.8-33.6	32.9	494(+12)				465.6	晴		18.0	7.0	13.0	12.0	7.0	3	55.0	良	**	**		ファーヴェント																																																									
2020103688	2025-09-14	4阪神4		10.0	仲秋S(3勝クラス)								ルメール		芝1600				1:32.3	0.1		7-7	35.6-33.4	33.0	486(-8)				463.4	曇		11.0	6.0	7.0	11.3	5.0	3	58.0	良	**	**		ラヴァンダ																																																									
2020103688	2025-11-08	4京都1		10.0	清水S(3勝クラス)								Ｃ．デム		芝1600				1:35.0	2.0		10-9	34.7-34.3	35.6	486(0)					晴		12.0	7.0	10.0	3.6	2.0	12	58.0	良	**	**		フロムダスク																																																									
2020103693	2023-02-04	1東京3		6.0	3歳新馬								ルメール		芝1800				1:49.3	0.2		8-7-5	37.0-33.8	33.5	448(0)				250.0																																											晴		16.0	4.0	8.0	2.9	1.0	2	56.0	良	**	**		ラッジオ															
2020103693	2023-04-01	3中山3		5.0	3歳未勝利								ルメール		芝2000				2:02.1	-0.1		14-13-10-9	37.0-35.4	34.4	446(-2)				550.0																																											晴		17.0	4.0	7.0	1.5	1.0	1	56.0	良	**	**		(ホウオウムサシ)															
2020103693	2023-06-03	3東京1		8.0	稲城特別(1勝クラス)								戸崎圭太		芝2400				2:29.9	0.8		5-4-5-5	38.2-35.1	35.1	440(-6)				170.0																																											晴		6.0	3.0	3.0	3.1	2.0	4	54.0	不	**	**		ニシノレヴナント															
2020103693	2023-07-29	1札幌3		7.0	3歳以上1勝クラス								ルメール		芝2000				1:59.4	-0.5		7-7-8-4	34.9-35.6	34.8	446(+6)				800.0																																											晴		15.0	4.0	6.0	2.4	1.0	1	55.0	良	**	**		(タシット)															
2020103693	2023-09-18	4中山5		10.0	Mシンボリクリスエス(2勝クラス)								ルメール		芝2000				1:59.6	-0.2		8-9-9-10	35.5-34.9	34.2	446(0)				1582.2																																											晴		14.0	6.0	9.0	1.7	1.0	1	55.0	良	**	**		(サクセスドレーク)															
2020103693	2023-11-26	5東京8		11.0	ウェルカムS(3勝クラス)								ルメール		芝2000				1:59.4	0.4		8-7-6	36.3-33.7	33.6	444(-2)				280.0																																											曇		13.0	5.0	6.0	4.2	2.0	4	56.0	良	**	**		ロードデルレイ															
2020103693	2024-01-08	1京都3		10.0	寿S(3勝クラス)								ルメール		芝2000				2:00.9	0.6		7-6-4-5	35.4-35.5	35.7	448(+4)																																															晴		12.0	3.0	3.0	1.9	1.0	7	57.0	良	**	**		デビットバローズ															
2020103693	2024-04-07	2阪神6		10.0	ダイワスカーレットC(3勝クラス)								モレイラ		芝2000				1:59.4	0.6		14-13-11-12	35.6-34.5	34.1	442(-6)				280.0																																											晴		16.0	7.0	13.0	5.9	3.0	4	56.0	良	**	**		エーデルブルーメ															
2020103693	2024-06-02	4京都2		10.0	下鴨S(3勝クラス)								松山弘平		芝2000				1:59.7	0.3		8-9-10-8	35.6-35.3	34.6	442(0)																																															曇		13.0	8.0	12.0	6.5	5.0	6	58.0	良	**	**		ベリーヴィーナス															
2020103693	2024-11-09	6京都3		9.0	修学院S(3勝クラス)								岩田望来		芝2000				1:58.6	0.8		5-5-5-5	35.6-35.8	35.8	444(+2)																																															晴		14.0	8.0	14.0	18.3	7.0	13	56.0	良	**	**		ショウナンアデイブ															
2020103693	2025-01-25	1中山8		11.0	初富士S(3勝クラス)								戸崎圭太		芝2000				2:01.5	0.8		12-13-12-13	36.8-35.6	34.9	444(0)																																															晴		17.0	5.0	9.0	6.0	3.0	11	56.0	良	**	**		コスモブッドレア															
2020103696	2022-11-27	5東京8		6.0	2歳新馬								Ｃ．デム		芝1800				1:47.8	0.6		9-11-9	36.8-33.5	33.4	444(0)				280.0	晴		16.0	5.0	10.0	12.3	5.0	2	54.0	良	**	**		タスティエーラ																																																									
2020103696	2023-02-05	1小倉8		7.0	3歳未勝利								藤岡佑介		芝2000				2:01.1	-0.5		6-6-4-3	35.8-35.5	34.9	434(-10)				550.0	晴		9.0	4.0	4.0	1.7	1.0	1	54.0	良	**	**		(フィールザオーラ)																																																									
2020103696	2023-04-09	2阪神6		9.0	忘れな草賞(L)								ルメール		芝2000				1:59.7	0.5		4-4-4-3	35.5-34.3	34.4	436(+2)				200.0	晴		10.0	5.0	5.0	3.3	1.0	5	54.0	良	**	**		グランベルナデット																																																									
2020103696	2023-07-16	2函館6		9.0	臥牛山特別(1勝クラス)								藤岡佑介		芝1800				1:51.2	0.2		6-6-5-5	36.6-36.6	36.3	462(+26)				284.6	曇		14.0	2.0	2.0	1.8	1.0	3	53.0	稍	**	**		バールデュヴァン																																																									
2020103696	2023-08-26	2札幌5		7.0	3歳以上1勝クラス								藤岡佑介		芝1800				1:49.1	0.7		6-6-9-10	35.6-36.0	36.1	454(-8)					晴		13.0	1.0	1.0	3.7	2.0	8	53.0	良	**	**		マンクスホップ																																																									
2020103696	2023-11-12	5東京4		12.0	3歳以上1勝クラス								吉田豊		芝1800				1:48.2	0.6		10-10-10	36.5-34.2	33.8	440(-14)				200.0	曇		11.0	8.0	10.0	10.6	5.0	3	54.0	良	**	**		ジェイパームス																																																									
2020103696	2023-12-10	4中京4		6.0	3歳以上1勝クラス								ドイル		芝2000				1:58.8	0.0		12-11-10-10	34.8-35.6	34.8	440(0)				800.0	晴		15.0	1.0	1.0	5.0	3.0	1	55.0	良	**	**		(アリスヴェリテ)																																																									
2020103696	2023-12-28	5阪神9		10.0	フォーチュンC(2勝クラス)								西村淳也		芝2000				2:00.0	0.0		5-5-5-5	36.7-35.8	34.8	444(+4)				627.0	晴		11.0	6.0	6.0	5.9	4.0	2	55.0	良	**	**		カネフラ																																																									
2020103696	2024-03-09	1中京1		10.0	恋路ケ浜特別(2勝クラス)								横山典弘		芝2000				2:00.7	0.7		9-9-9-9	36.2-35.2	34.9	444(0)					曇		10.0	8.0	10.0	4.9	4.0	8	56.0	良	**	**		エイカイマッケンロ																																																									
2020103696	2024-03-31	2阪神4		8.0	4歳以上2勝クラス								Ｍ．デム		芝2000				2:00.4	1.7		7-7-3-4	35.4-35.4	36.5	440(-4)					曇		15.0	7.0	12.0	5.1	3.0	13	56.0	良	**	**		マコトヴェリーキー																																																									
2020103696	2024-04-28	3京都4		8.0	糺の森特別(2勝クラス)								戸崎圭太		芝1800				1:46.0	0.3		10-9	34.8-34.7	33.8	442(+2)				393.6	晴		12.0	7.0	10.0	15.0	5.0	3	56.0	良	**	**		ロマンシングブルー																																																									
2020103696	2024-08-11	3新潟2		9.0	三面川特別(2勝クラス)								横山典弘		芝1800				1:46.2	0.4		13-13	35.6-34.1	33.4	460(+18)				155.0	晴		13.0	7.0	11.0	14.3	5.0	5	56.0	良	**	**		テウメッサ																																																									
2020103696	2024-09-14	4中山3		10.0	御宿特別(2勝クラス)								戸崎圭太		芝1600				1:32.7	0.1		10-5-3	35.2-34.0	33.7	460(0)				628.2	晴		13.0	8.0	12.0	13.1	6.0	2	56.0	良	**	**		ポルカリズム																																																									
2020103696	2024-11-30	4中京1		10.0	中京日経賞(2勝クラス)								ドイル		芝1600				1:34.8	0.9		8-8-8	35.1-35.6	34.5	472(+12)					晴		13.0	5.0	7.0	5.5	3.0	9	55.0	良	**	**		メルトユアハート																																																									
2020103696	2024-12-22	5中山8		10.0	オルフェーヴルC(2勝クラス)								戸崎圭太		芝1600				1:34.0	0.6		14-14-12	34.6-35.6	35.0	456(-16)					晴		16.0	7.0	13.0	12.8	6.0	9	56.0	良	**	**		ピックアチェリー																																																									
2020103696	2025-05-04	2京都4		8.0	島原特別(2勝クラス)								北村友一		芝1800				1:46.9	0.6		5-5	35.9-34.4	34.3	468(+12)					晴		7.0	3.0	3.0	26.3	7.0	6	56.0	良	**	**		ミッキースピネル																																																									
2020103696	2025-05-25	2東京10		8.0	三峰山特別(2勝クラス)								北村友一		ダ1600				1:40.5	4.8		12-11	35.1-36.0	39.9	460(-8)					曇		16.0	5.0	10.0	14.0	6.0	16	56.0	不	**	**		エンセリオ																																																									
2020103696	2025-06-28	2小倉1		10.0	柳川特別(2勝クラス)								高杉吏麒		芝1800				1:47.3	0.5		2-2-2-2	35.9-35.2	35.7	464(+4)				230.0	晴		6.0	5.0	5.0	29.3	5.0	4	56.0	良	**	**		テレサ																																																									
2020103696	2025-08-09	2新潟5		6.0	三面川特別(2勝クラス)								野中悠太		芝1800				1:45.8	1.2		2-1	35.3-34.4	35.6	466(+2)					晴		16.0	5.0	10.0	47.2	10.0	9	56.0	良	**	**		エバーハピネス																																																									
2020103696	2025-09-06	4中山1		10.0	白井特別(2勝クラス)								団野大成		芝2000				1:58.8	0.6		2-2-2-1	36.4-34.4	35.0	464(-2)				392.6	晴		7.0	5.0	5.0	9.8	4.0	3	56.0	良	**	**		パンジャ																																																									
2020103696	2025-10-04	3京都1		8.0	3歳以上2勝クラス								亀田温心		芝2000				2:00.0	0.7		2-3-4-4	36.1-35.4	35.8	472(+8)					曇		12.0	5.0	5.0	97.8	11.0	7	56.0	重	**	**		ウイントレメンデス																																																									
2020103696	2025-11-01	3京都10		9.0	北野特別(2勝クラス)								亀田温心		芝2000				2:00.5	1.0		3-3-2-2	35.9-34.2	35.0	476(+4)					晴		11.0	8.0	11.0	55.9	8.0	9	56.0	良	**	**		エコロディノス																																																									
2020103701	2022-08-06	2新潟3		6.0	2歳新馬								福永祐一		芝1600				1:37.6	1.4		18-18	36.4-33.9	33.6	436(0)					晴		18.0	8.0	16.0	6.1	4.0	11	54.0	良	**	**		ニシノコウフク																																																									
2020103701	2022-12-03	5中山1		2.0	2歳未勝利								ドイル		ダ1800				1:58.9	2.8		9-9-9-10	37.7-39.8	41.6	448(+12)					晴		16.0	7.0	13.0	2.1	1.0	12	54.0	稍	**	**		ワタシデイイデスカ																																																									
2020103701	2022-12-17	5中山5		7.0	2歳未勝利								福永祐一		芝2000				2:05.0	3.9		1-1-1-3	35.3-36.9	40.8	444(-4)					曇		18.0	1.0	2.0	48.9	9.0	17	54.0	良	**	**		グランベルナデット																																																									
2020103701	2023-02-25	2中山1		5.0	3歳未勝利								大野拓弥		芝1600				1:34.7	-0.1		2-2-2	34.5-36.3	36.1	456(+12)				550.0	曇		16.0	4.0	8.0	28.9	7.0	1	54.0	良	**	**		(ミヤビブレイブ)																																																									
2020103701	2023-05-06	2東京5		7.0	3歳1勝クラス								大野拓弥		芝1400				1:21.3	0.7		8-8	34.4-34.9	34.7	462(+6)					晴		16.0	3.0	6.0	60.6	13.0	9	54.0	良	**	**		リサリサ																																																									
2020103701	2023-08-05	1札幌5		12.0	3歳以上1勝クラス								池添謙一		芝1500				1:31.2	0.3		13-8-6	30.8-35.3	35.0	454(-8)				200.0	曇		14.0	6.0	10.0	16.4	8.0	3	53.0	稍	**	**		ディヴァージオン																																																									
2020103701	2024-05-19	1新潟8		8.0	4歳以上1勝クラス								永島まな		芝1400				1:24.7	1.4		14-15	35.2-36.0	36.0	458(+4)					晴		16.0	3.0	6.0	38.6	13.0	14	54.0	良	**	**		サトノヴィレ																																																									
2020103701	2024-07-21	1札幌2		12.0	3歳以上1勝クラス								大野拓弥		芝1500				1:27.3	-0.1		5-7-4	28.4-35.7	34.6	464(+6)				800.0	晴		14.0	2.0	2.0	28.8	10.0	1	56.0	良	**	**		(ビーナスローズ)																																																									
2020103701	2024-11-03	5東京2		12.0	3歳以上2勝クラス								大野拓弥		芝1400				1:22.3	1.3		11-9	35.2-34.3	34.2	462(-2)					晴		13.0	5.0	6.0	64.6	10.0	13	56.0	良	**	**		ハクサンバード																																																									
2020103701	2024-12-22	5中山8		10.0	オルフェーヴルC(2勝クラス)								大野拓弥		芝1600				1:35.0	1.6		9-5-7	34.6-35.6	36.7	470(+8)					晴		16.0	3.0	6.0	75.4	13.0	16	56.0	良	**	**		ピックアチェリー																																																									
2020103701	2025-02-23	1京都8		12.0	4歳以上2勝クラス								川須栄彦		ダ1400				1:26.8	1.8		8-7	35.3-37.5	38.7	478(+8)					曇		12.0	1.0	1.0	56.8	9.0	9	56.0	良	**	**		ヒルノドゴール																																																									
2020103701	2025-03-09	1阪神4		12.0	4歳以上2勝クラス								吉村誠之		ダ1400				1:25.9	1.4		8-10	34.6-37.5	38.1	476(-2)					晴		14.0	3.0	3.0	99.4	12.0	10	54.0	良	**	**		レイズカイザー																																																									
2020103701	2025-05-25	2東京10		8.0	三峰山特別(2勝クラス)								大野拓弥		ダ1600				1:38.6	2.9		2-2	35.1-36.0	38.9	474(-2)					曇		16.0	8.0	16.0	108.9	14.0	14	56.0	不	**	**		エンセリオ																																																									
2020103701	2025-07-27	1札幌2		12.0	羊ヶ丘特別(2勝クラス)								舟山瑠泉		芝1500				1:28.7	0.7		4-4-3	29.8-35.6	35.5	464(-10)					曇		8.0	4.0	4.0	14.3	6.0	6	56.0	稍	**	**		エリーズダイヤ																																																									
2020103701	2025-08-16	1札幌7		10.0	知床特別(2勝クラス)								舟山瑠泉		芝1200				1:09.3	0.7		10-11	34.5-34.1	33.7	460(-4)					晴		13.0	1.0	1.0	92.8	12.0	12	56.0	良	**	**		エスペシャリー																																																									
2020103701	2025-10-26	3京都9		12.0	嵯峨野特別(2勝クラス)								田山旺佑		ダ1400				1:26.4	3.6		3-3	34.1-36.7	40.1	462(+2)					曇		16.0	8.0	16.0	276.4	15.0	16	51.0	重	**	**		ピエマンソン																																																									
2020103705	2022-11-06	5東京2		5.0	2歳新馬								ルメール		芝1800				1:48.9	-0.4		1-1-1	38.0-33.6	33.6	506(0)				700.0																																											晴		10.0	7.0	7.0	2.3	1.0	1	55.0	良	**	**		(ジーククローネ)															
2020103705	2022-11-27	5東京8		8.0	ベゴニア賞(1勝クラス)								ルメール		芝1600				1:35.0	0.4		5-5	36.1-33.9	33.8	502(-4)				150.0																																											晴		10.0	6.0	6.0	3.2	2.0	4	55.0	良	**	**		シャンパンカラー															
2020103705	2023-01-22	1中山8		9.0	若竹賞(1勝クラス)								ルメール		芝1800				1:49.1	1.0		3-3-3-3	36.4-35.5	36.0	498(-4)				107.0																																											晴		10.0	8.0	9.0	4.7	2.0	5	56.0	良	**	**		パクスオトマニカ															
2020103705	2023-04-01	3中山3		7.0	3歳1勝クラス								ルメール		芝1600				1:34.7	0.8		6-9-10	35.3-35.5	35.2	498(0)																																															晴		14.0	6.0	9.0	3.9	2.0	8	56.0	良	**	**		エッセレンチ															
2020103705	2023-04-22	2東京1		6.0	3歳1勝クラス								戸崎圭太		ダ1600				1:38.8	2.1		8-8	35.2-37.4	38.7	490(-8)																																															曇		16.0	1.0	2.0	25.3	5.0	8	56.0	良	**	**		パライバトルマリン															
2020103705	2023-07-22	2福島7		8.0	3歳以上1勝クラス								三浦皇成		ダ1700				1:48.7	2.5		15-15-15-14	30.0-38.4	39.6	506(+16)																																															晴		15.0	7.0	12.0	34.2	7.0	12	55.0	良	**	**		レイズカイザー															
2020103705	2023-10-08	4東京2		8.0	3歳以上1勝クラス								三浦皇成		芝1600				1:33.3	0.1		1-1	34.5-34.6	34.7	506(0)				320.0																																											曇		16.0	8.0	16.0	21.8	7.0	2	56.0	良	**	**		ココクレーター															
2020103705	2023-10-29	4東京9		6.0	3歳以上1勝クラス								三浦皇成		芝1600				1:33.9	0.3		1-1	35.4-34.1	34.4	506(0)				120.0																																											晴		14.0	4.0	6.0	11.6	5.0	4	56.0	良	**	**		マルディランダ															
2020103705	2024-02-03	1東京3		7.0	4歳以上1勝クラス								三浦皇成		芝1600				1:33.2	0.4		2-2	35.0-33.9	34.0	502(-4)				120.0																																											晴		13.0	2.0	2.0	15.4	3.0	4	58.0	良	**	**		ペリファーニア															
2020103705	2024-03-02	2中山3		8.0	4歳以上1勝クラス								三浦皇成		芝1600				1:35.4	0.6		3-3-3	35.1-35.6	35.9	490(-12)				320.0																																											曇		16.0	4.0	7.0	4.9	2.0	2	58.0	稍	**	**		ダイシンヤマト															
2020103705	2024-03-31	3中山4		8.0	4歳以上1勝クラス								三浦皇成		芝1600				1:34.6	0.1		2-2-2	36.6-34.1	34.1	488(-2)				320.0																																											晴		13.0	3.0	3.0	2.1	1.0	2	58.0	良	**	**		タミオスター															
2020103705	2024-06-22	3東京7		12.0	3歳以上1勝クラス								三浦皇成		芝1600				1:33.8	0.4		1-1	35.6-34.7	35.1	500(+12)				80.0																																											晴		11.0	6.0	7.0	10.5	5.0	5	58.0	良	**	**		テウメッサ															
2020103705	2024-09-08	4中山2		7.0	3歳以上1勝クラス								三浦皇成		芝1600				1:32.8	0.0		2-1-1	35.5-33.3	33.3	496(-4)				320.0																																											晴		16.0	4.0	7.0	5.8	4.0	2	58.0	良	**	**		ピックアチェリー															
2020103705	2024-10-05	4新潟1		10.0	聖籠特別(1勝クラス)								斎藤新		芝1600				1:34.4	0.3		1-1	36.0-34.0	34.3	492(-4)				111.0																																											晴		18.0	3.0	6.0	3.5	1.0	5	58.0	良	**	**		エコロマーズ															
2020103705	2024-12-15	5中山6		12.0	3歳以上1勝クラス								三浦皇成		芝1600				1:33.4	0.1		1-1-1	34.8-35.0	35.1	500(+8)				320.0																																											晴		16.0	4.0	7.0	4.4	3.0	2	58.0	良	**	**		レッドアトレーヴ															
2020103705	2025-03-15	2中京1		12.0	4歳以上1勝クラス								今村聖奈		芝1400				1:21.9	0.2		16-16	34.4-35.4	34.3	492(-8)				200.0																																											小雨		18.0	7.0	13.0	6.6	4.0	3	55.0	良	**	**		ソルトクィーン															
2020103705	2025-04-12	3中山5		7.0	4歳以上1勝クラス								舟山瑠泉		芝1600				1:32.6	0.0		2-2-2	35.4-34.4	34.3	498(+6)				320.0																																											晴		16.0	8.0	16.0	3.9	2.0	2	55.0	良	**	**		ガルサブランカ															
2020103705	2025-05-10	1新潟3		9.0	三国特別(1勝クラス)								舟山瑠泉		芝1600				1:35.6	0.7		5-5	36.8-34.5	33.4	494(-4)				170.0																																											曇		8.0	1.0	1.0	2.0	1.0	4	58.0	稍	**	**		グレイトクラウン															
2020103705	2025-08-02	2新潟3		6.0	五頭連峰特別(1勝クラス)								三浦皇成		芝1600				1:34.2	1.8		7-7	34.9-33.1	34.1	504(+10)																																															晴		14.0	2.0	2.0	7.6	5.0	13	58.0	良	**	**		アンパドゥ															
2020103705	2025-09-28	4中山9		7.0	3歳以上1勝クラス								坂井瑠星		芝1600				1:33.5	1.0		2-5-5	34.6-34.6	35.0	498(-6)				80.0																																											晴		16.0	4.0	8.0	17.2	6.0	5	58.0	良	**	**		リバーバレイト															
2020103705	2025-12-07	5中京2		8.0	3歳以上1勝クラス								戸崎圭太		芝1400				1:20.6	0.2		13-12	34.6-34.4	33.6	504(+6)				80.0																																											晴		18.0	2.0	4.0	15.4	5.0	5	58.0	良	**	**		レーヴジーニアル															
2020103705	2025-12-20	5中京5		12.0	3歳以上1勝クラス								小林美駒		芝1400				1:21.9	1.1		17-17	33.4-36.0	34.5	500(-4)																																															小雨		18.0	6.0	12.0	8.8	4.0	16	55.0	稍	**	**		ガンマジーティーピ															
2020103718	2022-11-27	5東京8		6.0	2歳新馬								ルメール		芝1800				1:48.1	0.9		6-7-6	36.8-33.5	33.9	494(0)				70.0															晴		16.0	5.0	9.0	4.6	2.0	5	55.0	良	**	**		タスティエーラ																																											
2020103718	2023-01-21	1中山7		5.0	3歳未勝利								ルメール		芝2000				2:04.0	0.4		8-8-7-7	37.8-36.3	35.8	492(-2)				140.0															曇		13.0	7.0	10.0	2.3	1.0	3	56.0	稍	**	**		アンバーホーク																																											
2020103718	2023-02-12	1東京6		5.0	3歳未勝利								ルメール		芝1800				1:47.8	-0.2		2-3-4	35.9-34.8	34.6	492(0)				550.0															晴		16.0	2.0	3.0	2.4	1.0	1	56.0	良	**	**		(アサカラキング)																																											
2020103718	2023-04-15	3中山7		9.0	山藤賞(1勝クラス)								レーン		芝2000				2:04.5	0.3		9-9-8-5	36.3-38.0	37.2	490(-2)				160.0															雨		12.0	6.0	8.0	3.0	1.0	4	56.0	重	**	**		スズカハービン																																											
2020103718	2023-06-11	3東京4		8.0	3歳以上1勝クラス								ルメール		芝2000				2:00.8	0.2		8-5-5	36.6-34.8	34.5	496(+6)				200.0															小雨		9.0	2.0	2.0	1.9	1.0	3	55.0	稍	**	**		マイネルビジョン																																											
2020103718	2023-08-13	3新潟2		8.0	3歳以上1勝クラス								ルメール		ダ1800				1:52.3	-0.5		10-10-6-5	35.6-38.8	37.8	500(+4)				800.0															晴		15.0	5.0	9.0	3.8	2.0	1	55.0	良	**	**		(キタサンドーシン)																																											
2020103718	2025-03-29	3中山1		12.0	4歳以上2勝クラス								松山弘平		ダ1800				1:53.7	2.0		9-9-9-8	36.9-38.2	38.3	504(+4)																			曇		13.0	5.0	7.0	15.5	6.0	9	58.0	稍	**	**		イデアイゴッソウ																																											
2020103718	2025-07-26	2新潟1		6.0	麒麟山特別(2勝クラス)								武藤雅		ダ1800				1:54.1	1.7		10-11-12-12	37.8-37.2	37.6	508(+4)																			晴		15.0	1.0	1.0	38.2	10.0	7	58.0	良	**	**		クラウンシエンタ																																											
2020103718	2025-10-13	3京都5		9.0	蹴上特別(2勝クラス)								佐々木大		ダ1800				1:53.2	1.3		9-9-8-8	35.6-38.4	38.8	502(-6)																			曇		12.0	3.0	3.0	37.8	7.0	7	58.0	良	**	**		ハナウマビーチ																																											
2020103718	2025-12-07	5中山2		7.0	3歳以上2勝クラス								荻野極		芝2500				2:31.6	1.1		8-8-9-8	30.9-34.1	34.5	502(0)				290.0															晴		11.0	8.0	10.0	34.3	7.0	3	58.0	良	**	**		ミクニインスパイア																																											
2020103718	2026-01-18	1中山7		7.0	4歳以上2勝クラス								荻野極		芝2200				2:15.0	0.5		5-5-5-8	37.7-34.0	34.1	504(+2)				180.0																																																									晴		16.0	1.0	2.0	53.9	6.0	4	58.0	良	**	**		フィーリウス	202606010707
2020103727	2023-03-12	2中山6		5.0	3歳未勝利								内田博幸		芝2000				2:01.0	0.2		16-16-14-10	35.6-35.7	34.8	462(0)				140.0																																											晴		18.0	5.0	9.0	24.0	8.0	3	56.0	良	**	**		イケイケドンドン															
2020103727	2023-04-29	2東京3		5.0	3歳未勝利								レーン		芝1800				1:47.1	-0.4		1-1-1	36.5-34.6	34.6	466(+4)				550.0																																											晴		12.0	2.0	2.0	2.8	1.0	1	56.0	良	**	**		(トクシーカイザー)															
2020103727	2023-06-17	1函館3		10.0	奥尻特別(1勝クラス)								横山武史		芝2000				2:00.2	0.4		4-4-4-4	35.0-35.4	35.5	472(+6)				111.0																																											曇		9.0	2.0	2.0	1.7	1.0	5	55.0	良	**	**		コスモフロイデ															
2020103727	2023-11-18	5東京5		12.0	3歳以上1勝クラス								マーカン		芝1600				1:33.3	0.8		11-11	34.8-34.9	34.7	460(-12)																																															晴		15.0	4.0	7.0	45.9	7.0	6	57.0	良	**	**		エンデミズム															
2020103727	2024-02-18	1東京8		6.0	4歳以上1勝クラス								戸崎圭太		芝1800				1:46.6	0.4		16-16-16	35.1-35.5	34.2	464(+4)				80.0																																											晴		16.0	7.0	13.0	13.2	5.0	5	57.0	良	**	**		ロードプレイヤー															
2020103727	2024-04-28	2東京4		7.0	4歳以上1勝クラス								津村明秀		芝2000				1:59.5	0.6		4-4-4	35.3-36.6	34.8	456(-8)				80.0																																											晴		9.0	4.0	4.0	6.4	4.0	5	58.0	良	**	**		ヴェンチュラムーン															
2020103727	2024-06-23	3東京8		7.0	3歳以上1勝クラス								津村明秀		芝1800				1:47.8	1.7		3-2-2	35.6-34.8	36.2	456(0)																																															曇		13.0	5.0	6.0	16.5	5.0	8	58.0	稍	**	**		アスクカムオンモア															
2020103727	2024-10-14	4東京4		8.0	3歳以上1勝クラス								津村明秀		芝1600				1:32.8	0.1		13-11	34.3-35.2	33.7	456(0)				320.0																																											晴		17.0	8.0	17.0	23.7	7.0	2	58.0	良	**	**		コンテネレッツア															
2020103727	2025-02-15	1東京5		12.0	4歳以上1勝クラス								津村明秀		芝1600				1:33.9	0.4		12-12	34.9-35.2	34.6	462(+6)				80.0																																											晴		16.0	1.0	2.0	7.6	5.0	5	58.0	良	**	**		シンバーシア															
2020103727	2025-04-26	2東京1		8.0	4歳以上1勝クラス								津村明秀		芝1600				1:33.9	0.2		4-4	35.7-33.8	33.6	456(-6)				120.0																																											曇		12.0	5.0	6.0	6.5	3.0	4	58.0	良	**	**		シャンパンマーク															
2020103727	2025-06-22	3東京6		8.0	3歳以上1勝クラス								津村明秀		芝1600				1:34.1	0.2		13-12	34.5-36.1	35.0	454(-2)				120.0																																											晴		15.0	7.0	12.0	14.8	5.0	4	58.0	良	**	**		マイネルフォルツァ															
2020103727	2025-08-10	2新潟6		12.0	3歳以上1勝クラス								津村明秀		芝1400				1:24.0	0.0		12-11	35.2-36.4	35.3	452(-2)				120.0																																											雨		18.0	8.0	16.0	4.7	1.0	4	58.0	重	**	**		クレオズニードル															
2020103727	2025-10-13	4東京5		9.0	3歳以上1勝クラス								津村明秀		芝1600				1:33.3	0.2		6-6	35.0-34.0	33.8	454(+2)				80.0																																											曇		18.0	1.0	2.0	16.8	5.0	5	58.0	良	**	**		ダノンセンチュリー															
2020103727	2025-11-08	5東京1		12.0	3歳以上1勝クラス								津村明秀		芝1600				1:34.4	0.9		8-6	36.6-33.5	33.9	456(+2)																																															晴		14.0	3.0	4.0	11.3	5.0	7	58.0	良	**	**		ダノンエンブレム															
2020103876	2022-06-12	3東京4		5.0	2歳新馬								三浦皇成		芝1800				1:51.5	1.0		8-9-10	38.2-35.3	34.3	490(0)				70.0															晴		12.0	5.0	6.0	23.9	5.0	5	54.0	良	**	**		オンザブロッサム																																											
2020103876	2022-07-30	2新潟1		1.0	2歳未勝利								三浦皇成		芝1800				1:48.5	0.4		5-5	36.2-34.4	34.4	480(-10)				210.0															晴		8.0	5.0	5.0	7.0	2.0	2	54.0	良	**	**		シルヴァーデューク																																											
2020103876	2022-08-21	3新潟4		2.0	2歳未勝利								福永祐一		芝1800				1:51.4	0.5		5-4	36.9-33.6	33.7	482(+2)																			晴		9.0	6.0	6.0	3.7	3.0	6	54.0	稍	**	**		ウインオーディン																																											
2020103876	2022-09-17	4中山3		2.0	2歳未勝利								三浦皇成		ダ1800				1:54.4	-0.8		4-3-2-2	38.5-37.6	37.3	482(0)				520.0															晴		11.0	4.0	4.0	2.9	1.0	1	54.0	良	**	**		(ツインクルトーズ)																																											
2020103876	2022-10-15	4東京4		9.0	プラタナス賞(1勝クラス)								三浦皇成		ダ1600				1:38.0	1.1		3-3	35.1-37.2	38.0	484(+2)				414.8															晴		8.0	5.0	5.0	3.2	2.0	2	55.0	稍	**	**		トレド																																											
2020103876	2022-12-11	5中山4		7.0	2歳1勝クラス								三浦皇成		ダ1800				1:54.6	-0.2		2-2-2-2	38.3-38.9	38.7	486(+2)				750.0															曇		14.0	7.0	12.0	2.6	1.0	1	55.0	良	**	**		(エルデストサン)																																											
2020103876	2022-12-28	5中山9		11.0	ホープフルS(GI)								横山和生		芝2000				2:03.0	1.5		18-18-17-17	36.1-35.0	35.0	486(0)																			晴		18.0	6.0	12.0	370.0	18.0	17	55.0	良	**	**		ドゥラエレーデ																																											
2020103876	2023-02-19	1東京8		9.0	ヒヤシンスS(L)								三浦皇成		ダ1600				1:38.1	0.9		2-2	34.9-37.2	38.0	492(+6)																			晴		14.0	4.0	5.0	29.7	7.0	7	56.0	良	**	**		ペリエール																																											
2020103876	2023-03-25	3中山1		10.0	伏竜S(OP)								津村明秀		ダ1800				1:53.4	1.5		4-4-3-3	36.6-38.8	39.9	484(-8)																			曇		14.0	3.0	4.0	15.1	7.0	9	56.0	不	**	**		ミトノオー																																											
2020103876	2024-06-16	1函館4		10.0	檜山特別(2勝クラス)								横山和生		ダ1700				1:45.6	0.5		1-1-1-1	29.3-37.9	38.4	500(+16)																			雨		11.0	4.0	4.0	7.5	5.0	6	58.0	良	**	**		ヒドゥンキング																																											
2020103876	2024-06-30	1函館8		9.0	竜飛崎特別(2勝クラス)								横山武史		ダ1700				1:45.6	0.3		1-1-1-1	30.1-37.7	38.0	506(+6)				625.8															曇		9.0	5.0	5.0	3.9	2.0	2	58.0	良	**	**		ダノンボレロ																																											
2020103876	2024-07-21	1札幌2		10.0	大倉山特別(2勝クラス)								横山和生		ダ1700				1:47.4	1.3		5-5-7-4	31.3-37.9	38.1	502(-4)				230.0															晴		8.0	7.0	7.0	5.2	3.0	4	58.0	良	**	**		セクシーブーケ																																											
2020103876	2024-08-18	2札幌4		9.0	大通公園特別(2勝クラス)								横山武史		ダ1700				1:48.1	1.9		7-7-7-5	30.4-38.5	39.8	506(+4)																			晴		14.0	8.0	13.0	9.6	4.0	13	58.0	良	**	**		リフレクトザムーン																																											
2020103876	2024-10-26	5京都7		12.0	3歳以上2勝クラス								三浦皇成		ダ1800				1:54.1	1.9		5-5-2-3	37.7-37.0	38.7	496(-10)																			曇		15.0	8.0	14.0	58.6	10.0	14	58.0	良	**	**		ヴィンテージボンド																																											
2020103876	2024-11-16	5東京5		8.0	3歳以上2勝クラス								菅原明良		ダ1400				1:26.1	1.3		2-2	35.4-36.9	38.1	502(+6)																			曇		16.0	2.0	3.0	17.6	7.0	11	58.0	良	**	**		ビートエモーション																																											
2020103876	2024-12-14	7京都5		9.0	深草特別(2勝クラス)								藤岡佑介		ダ1200				1:12.7	0.5		4-4	36.1-36.1	36.3	502(0)				230.0															曇		16.0	6.0	12.0	146.9	11.0	4	58.0	良	**	**		ルクスメテオール																																											
2020103876	2025-01-05	1中山1		12.0	4歳以上2勝クラス								藤岡佑介		ダ1200				1:11.5	0.5		7-7	34.5-36.5	36.3	504(+2)				290.0															晴		16.0	8.0	16.0	5.8	3.0	3	58.0	良	**	**		ムーム																																											
2020103876	2025-01-19	1中京7		10.0	豊川特別(2勝クラス)								横山武史		ダ1200				1:11.3	0.2		7-5	35.1-36.0	35.5	504(0)				630.8															晴		16.0	1.0	1.0	24.2	9.0	2	58.0	良	**	**		ドゥータップ																																											
2020103876	2025-02-09	1東京4		8.0	4歳以上2勝クラス								横山武史		ダ1300				1:18.7	0.1		2-2	30.0-36.2	36.2	516(+12)				290.0															晴		16.0	5.0	9.0	8.6	4.0	3	58.0	良	**	**		アンシール																																											
2020103876	2025-05-04	2東京4		12.0	4歳以上2勝クラス								横山武史		ダ1300				1:17.5	0.6		3-3	29.4-35.9	36.1	510(-6)				170.0															晴		16.0	2.0	3.0	3.9	1.0	4	58.0	稍	**	**		キュムロンニンバス																																											
2020103876	2025-05-25	1新潟8		10.0	火打山特別(2勝クラス)								斎藤新		ダ1200				1:11.0	0.5		5-5	33.9-36.6	36.4	510(0)				630.0															小雨		15.0	4.0	6.0	4.4	2.0	2	58.0	稍	**	**		サフランヒーロー																																											
2020103876	2025-06-14	3阪神3		10.0	安芸特別(2勝クラス)								坂井瑠星		ダ1200				1:11.6	1.8		3-3	34.7-35.1	36.7	502(-8)				230.0															雨		16.0	7.0	14.0	4.5	3.0	4	58.0	重	**	**		エコロアゼル																																											
2020103876	2025-08-23	3新潟1		9.0	岩室温泉特別(2勝クラス)								三浦皇成		ダ1200				1:10.6	0.3		8-8	33.4-36.9	36.3	504(+2)				394.8															晴		15.0	3.0	5.0	9.6	5.0	3	58.0	良	**	**		サトノガレオン																																											
2020103876	2025-09-07	4中山2		9.0	浦安特別(2勝クラス)								北村友一		ダ1200				1:11.1	0.0		6-5	33.8-37.3	36.5	510(+6)				1585.0															晴		16.0	8.0	15.0	4.6	2.0	1	58.0	良	**	**		(ビッグドリーム)																																											
2020103876	2025-09-28	4中山9		12.0	外房S(3勝クラス)								三浦皇成		ダ1200				1:12.0	1.1		6-6	33.7-37.2	37.6	510(0)																			晴		16.0	1.0	2.0	11.0	6.0	12	56.0	良	**	**		カズゴルティス																																											
2020103876	2025-12-13	5中山3		10.0	アクアラインS(3勝クラス)								横山典弘		ダ1200				1:10.9	-0.1		3-3	34.1-36.8	36.5	510(0)				1874.3															曇		15.0	4.0	7.0	20.3	8.0	1	56.0	良	**	**		(ゲキザル)																																											
2020103876	2026-01-18	1中山7		10.0	ジャニュアリーS(OP)								三浦皇成		ダ1200				1:10.6	-0.3		11-9	33.3-37.3	36.4	514(+4)				2237.1																																																									晴		16.0	7.0	14.0	41.7	12.0	1	57.0	良	**	**		(エコロアゼル)	202606010710
2020103892	2022-10-01	4中山8		6.0	2歳新馬								横山武史		ダ1200				1:11.7	-1.2		1-1	34.9-36.8	36.8	490(0)				700.0	晴		16.0	6.0	12.0	1.8	1.0	1	54.0	良	**	**		(ベリーベリーベリー)																																																									
2020103892	2022-11-12	5東京3		9.0	オキザリス賞(1勝クラス)								横山和生		ダ1400				1:25.8	0.7		3-3	34.9-38.1	38.3	490(0)				264.9	晴		16.0	5.0	9.0	6.4	3.0	3	54.0	良	**	**		ペリエール																																																									
2020103892	2023-01-21	1中山7		7.0	3歳1勝クラス								横山武史		ダ1200				1:10.6	-0.7		2-1	33.4-37.2	37.2	490(0)				780.0	曇		13.0	4.0	5.0	2.0	1.0	1	54.0	稍	**	**		(ネバレチュゴー)																																																									
2020103892	2023-02-26	1阪神6		10.0	マーガレットS(L)								横山和生		芝1200				1:09.4	0.8		2-2	33.8-34.8	35.5	478(-12)				503.4	曇		10.0	8.0	9.0	26.4	6.0	3	54.0	良	**	**		ビッグシーザー																																																									
2020103892	2023-04-30	1京都4		10.0	端午S(OP)								川田将雅		ダ1400				1:25.0	0.9		4-3	34.0-37.9	38.5	482(+4)				180.0	曇		11.0	1.0	1.0	3.1	1.0	5	54.0	重	**	**		スマートフォルス																																																									
2020103892	2023-07-02	2函館2		10.0	立待岬特別(2勝クラス)								横山武史		芝1200				1:09.7	0.2		2-2	34.7-34.8	34.8	486(+4)				625.8	曇		9.0	5.0	5.0	3.2	1.0	2	53.0	良	**	**		スリーアイランド																																																									
2020103892	2023-09-10	4中山2		12.0	3歳以上2勝クラス								横山武史		ダ1200				1:10.7	-0.2		4-3	33.8-36.9	36.5	492(+6)				1140.0	晴		16.0	5.0	10.0	1.5	1.0	1	54.0	良	**	**		(レヴール)																																																									
2020103892	2023-12-09	5中山3		10.0	アクアラインS(3勝クラス)								横山武史		ダ1200				1:10.7	-0.1		2-2	34.0-36.7	36.6	496(+4)				1874.3	晴		16.0	4.0	8.0	2.1	1.0	1	54.0	良	**	**		(ドンアミティエ)																																																									
2020103892	2024-03-17	2中山8		10.0	千葉S(OP)								横山武史		ダ1200				1:11.6	0.4		6-6	34.4-36.8	36.6	494(-2)				220.0	晴		16.0	1.0	1.0	4.8	2.0	5	54.0	良	**	**		ケイアイロベージ																																																									
2020103892	2024-05-04	1新潟3		11.0	越後S(OP)								西塚洸二		ダ1200				1:12.0	0.9		7-7	34.0-37.1	36.8	492(-2)					晴		15.0	3.0	4.0	8.9	4.0	9	56.0	良	**	**		ナムラフランク																																																									
2020103892	2024-09-21	4中山6		11.0	ながつきS(OP)								横山武史		ダ1200				1:11.3	0.7		6-5	33.8-36.8	36.5	508(+16)					曇		14.0	5.0	8.0	8.5	4.0	6	55.0	良	**	**		サンライズアムール																																																									
2020103892	2024-12-22	7京都8		11.0	りんくうS(OP)								佐々木大		ダ1200				1:13.1	1.6		12-11	34.8-36.7	37.4	498(-10)					晴		16.0	3.0	6.0	43.9	11.0	12	55.0	良	**	**		ドンアミティエ																																																									
2020103892	2025-03-09	2中山4		10.0	総武S(OP)								佐々木大		ダ1800				1:52.9	1.4		7-9-8-13	36.9-38.0	38.9	504(+6)					晴		16.0	3.0	6.0	172.1	14.0	10	55.0	重	**	**		ヴァンヤール																																																									
2020103892	2025-04-30	大井		12.0	日本橋賞競走(A2B1)								西啓太		ダ1200				1:12.0	0.2		1-1	35.1-36.7	36.9	500(-4)				248.0	晴		15.0	1.0	2.0	3.8	2.0	2	55.0	稍	**	**		ティントレット																																																									
2020103892	2025-05-22	大井		11.0	’25メトロポリタン(A2B1)								西啓太		ダ1200				1:13.4	0.7		6-6	34.1-38.6	38.6	505(+5)					曇		15.0	7.0	13.0	2.0	1.0	6	55.0	良	**	**		モデルハント																																																									
2020103892	2025-08-15	大井		9.0	オーガスト賞競走(A2B1)								本田正重		ダ1600				1:39.9	-0.3		6-6-3-2	37.7-38.0	38.0	506(+1)				620.0	晴		9.0	6.0	6.0	7.1	4.0	1	55.0	良	**	**		(リコールガー)																																																									
2020103892	2025-10-22	大井		11.0	マイルグランプリ競走(重賞)								本田正重		ダ1600				1:40.1	1.0		7-6-6-5	36.4-38.9	39.3	508(+2)				250.0	雨		16.0	7.0	13.0	25.8	7.0	4	54.0	重	**	**		ゴールドレガシー																																																									
2020103892	2025-12-30	大井		10.0	東京シンデレラマイル(重賞)								本田正重		ダ1600				1:42.3	1.1		9-8-8-6	36.7-39.7	40.2	513(+5)					晴		16.0	2.0	4.0	3.1	1.0	7	56.0	稍	**	**		ホーリーグレイル																																																									
2020103901	2023-03-25	2阪神1		6.0	3歳未勝利								高倉稜		芝1600				1:38.4	4.1		16-16	36.0-34.6	36.8	542(0)																			曇		18.0	4.0	7.0	359.5	18.0	18	56.0	稍	**	**		システムリブート																																											
2020103901	2023-04-29	1京都3		1.0	3歳未勝利								酒井学		ダ1400				1:27.3	2.7		11-11	34.7-37.6	38.9	536(-6)																			曇		15.0	8.0	15.0	232.9	14.0	9	56.0	良	**	**		ナイトアクアリウム																																											
2020103901	2023-05-30	高知		3.0	桂浜盃(3歳)								永森大智		ダ1400				1:33.1	0.9		7-6-4-3		41.5	527(-9)																			雨		12.0	8.0	11.0	8.0	5.0	6	56.0	不	**	**		ヘニーレット																																											
2020103901	2023-07-15	3中京5		3.0	3歳未勝利								泉谷楓真		ダ1400				1:26.5	1.6		16-16	34.5-38.3	36.8	516(-11)																			曇		16.0	4.0	8.0	518.2	16.0	10	55.0	稍	**	**		デアデルマーレ																																											
2020103901	2023-08-12	2札幌1		4.0	3歳未勝利								荻野琢真		ダ1700				1:48.0	1.6		11-11-11-9	30.5-38.4	38.8	500(-16)				83.0															晴		14.0	7.0	12.0	52.8	11.0	4	56.0	良	**	**		トウキチロウ																																											
2020103901	2023-08-26	2札幌5		4.0	3歳未勝利								荻野琢真		ダ1700				1:47.1	-0.2		10-10-7-6	29.6-38.9	38.1	498(-2)				550.0															晴		14.0	5.0	7.0	38.8	10.0	1	56.0	良	**	**		(ブリリオ)																																											
2020103901	2024-03-09	1阪神5		6.0	4歳以上1勝クラス								荻野琢真		ダ1800				1:58.3	2.1		9-10-8-7	40.4-37.1	38.4	514(+16)																			曇		10.0	5.0	5.0	15.0	6.0	9	58.0	良	**	**		シャンデルナゴル																																											
2020103901	2024-03-23	2阪神1		8.0	4歳以上1勝クラス								荻野琢真		ダ1800				1:52.7	1.4		12-12-11-11	36.8-37.1	37.5	508(-6)																			小雨		13.0	6.0	9.0	152.1	12.0	9	58.0	不	**	**		リジン																																											
2020103901	2024-04-13	2阪神7		8.0	4歳以上1勝クラス								荻野琢真		ダ1800				1:57.0	2.4		7-7-10-8	39.5-37.2	38.3	508(0)																			晴		12.0	7.0	9.0	102.7	11.0	9	58.0	良	**	**		ダノンヒューマ																																											
2020103901	2024-05-05	3京都6		12.0	4歳以上1勝クラス								荻野琢真		ダ1400				1:26.2	0.4		13-11	35.7-37.6	36.5	504(-4)				120.0															晴		16.0	4.0	8.0	125.0	14.0	4	58.0	良	**	**		バイファーザベスト																																											
2020103901	2024-05-25	3京都11		6.0	4歳以上1勝クラス								菱田裕二		ダ1400				1:26.0	1.0		14-14	34.8-37.7	37.5	500(-4)																			晴		16.0	1.0	2.0	45.4	11.0	12	58.0	良	**	**		マイド																																											
2020103901	2024-07-06	3小倉3		12.0	3歳以上1勝クラス								酒井学		ダ1700				1:46.7	1.2		10-10-10-13	29.9-38.1	38.7	494(-6)																			晴		16.0	4.0	7.0	81.5	12.0	9	58.0	良	**	**		キタノズエッジ																																											
2020103901	2024-08-08	園田		8.0	JRA交流逆瀬川特別								下原理		ダ1400				1:31.0	1.1		3-3-3-2		40.3	502(+8)				50.0															晴		8.0	1.0	1.0	3.8	3.0	3	56.0	稍	**	**		コパノマイアミ																																											
2020103901	2024-09-14	3中京3		12.0	3歳以上1勝クラス								幸英明		ダ1400				1:24.9	1.3		9-8	34.4-37.3	37.5	500(-2)																			晴		15.0	6.0	10.0	93.8	15.0	7	58.0	良	**	**		ラブコメディ																																											
2020103901	2024-11-13	名古屋		11.0	名古屋CCディアナ賞(A)								塚本征吾		ダ1500				1:35.1	1.3		7-5-6		39.1	510(+10)				18.0															晴		12.0	5.0	5.0	12.6	7.0	5	57.0	良	**	**		ベント																																											
2020103901	2024-11-30	7京都1		8.0	3歳以上1勝クラス								荻野琢真		ダ1400				1:26.9	0.7		14-14	35.6-38.1	37.3	500(-10)																			晴		15.0	2.0	2.0	277.9	13.0	10	58.0	稍	**	**		モズナイスバディー																																											
2020103901	2024-12-14	7京都5		8.0	3歳以上1勝クラス								団野大成		ダ1800				1:55.5	1.8		9-8-5-6	37.7-37.8	39.0	504(+4)																			曇		16.0	1.0	2.0	118.6	11.0	12	58.0	良	**	**		カネトシゴウト																																											
2020103901	2025-03-01	1阪神1		7.0	4歳以上1勝クラス								幸英明		ダ1400				1:26.6	1.2		14-14	35.0-38.0	37.7	518(+14)																			晴		16.0	2.0	3.0	203.7	16.0	10	58.0	良	**	**		タイセイレスポンス																																											
2020103901	2025-03-23	2中京4		7.0	4歳以上1勝クラス								荻野琢真		ダ1800				1:55.2	0.3		10-8-10-10	38.6-37.4	37.0	508(-10)																			晴		16.0	3.0	5.0	77.1	11.0	6	58.0	良	**	**		メイショウヘール																																											
2020103901	2025-07-26	3中京1		10.0	3歳以上1勝クラス								藤懸貴志		ダ1800				1:55.0	1.5		11-11-11-9	37.9-38.4	38.5	510(+2)																			晴		11.0	2.0	2.0	45.6	11.0	7	58.0	良	**	**		メイショウソウセキ																																											
2020103901	2025-10-12	4東京4		7.0	3歳以上1勝クラス								石田拓郎		ダ1600				1:39.0	0.7		10-10	36.5-36.8	36.6	516(+6)																			曇		16.0	1.0	1.0	204.7	16.0	7	55.0	良	**	**		アデランテ																																											
2020103901	2025-11-16	5東京4		6.0	3歳以上1勝クラス								藤懸貴志		ダ1600				1:38.5	1.2		8-7	35.2-37.6	37.8	522(+6)																			晴		16.0	3.0	5.0	124.1	12.0	9	58.0	良	**	**		エーデル																																											
2020103901	2025-12-14	5中京4		7.0	3歳以上1勝クラス								川端海翼		ダ1800				1:55.9	0.9		5-5-2-4	37.7-39.0	39.7	512(-10)																			曇		15.0	8.0	14.0	69.2	12.0	10	55.0	稍	**	**		コウジョリョウゾク																																											
2020103901	2026-01-18	1中山7		6.0	4歳以上1勝クラス								石田拓郎		ダ1800				1:57.1	1.5		10-10-11-10	38.5-38.6	39.1	520(+8)																																																													晴		14.0	3.0	3.0	149.9	11.0	7	55.0	良	**	**		リラゲイル	202606010706
2020103902	2023-02-25	1阪神5		4.0	3歳未勝利								団野大成		芝2000								37.4-35.1		476(0)																																	晴		15.0	3.0	5.0			除	56.0	稍	**	**		クレオメデス																													
2020103902	2023-04-16	2阪神8		3.0	3歳未勝利								酒井学		芝1600				1:37.2	3.5		15-17	34.7-35.6	36.5	474(0)																																	晴		18.0	5.0	9.0	134.1	12.0	17	56.0	稍	**	**		エルトンバローズ																													
2020103902	2023-04-30	1京都4		4.0	3歳未勝利								酒井学		芝2000				2:02.8	2.0		8-7-7-7	36.2-35.6	36.1	468(-6)																																	曇		10.0	7.0	7.0	167.8	8.0	8	56.0	稍	**	**		ジーニアスバローズ																													
2020103902	2023-06-21	園田		8.0	JRA交流氷ノ山特別								田中学		ダ1400				1:29.4	-1.2		8-8-3-2		37.6	468(0)				150.0																													曇		8.0	1.0	1.0	19.5	5.0	1	56.0	良	**	**		(オリンポスカズマ)																													
2020103902	2023-07-15	3中京5		7.0	3歳以上1勝クラス								酒井学		ダ1800				1:56.4	2.2		1-2-2-2	37.2-38.8	40.9	474(+6)																																	晴		11.0	2.0	2.0	24.9	8.0	8	55.0	稍	**	**		テーオーレガシー																													
2020103902	2023-10-15	2京都5		7.0	3歳以上1勝クラス								酒井学		ダ1400				1:25.6	1.6		8-8	34.1-38.0	38.3	486(+12)				80.0																													曇		13.0	3.0	3.0	26.0	6.0	5	56.0	重	**	**		ペプチドタイガー																													
2020103902	2023-10-29	2京都9		8.0	3歳以上1勝クラス								酒井学		ダ1400				1:25.6	0.8		2-2	34.4-38.3	38.9	486(0)				80.0																													晴		16.0	3.0	5.0	26.0	7.0	5	56.0	良	**	**		カマチョクイン																													
2020103902	2023-11-25	3京都7		8.0	3歳以上1勝クラス								酒井学		ダ1400				1:24.3	0.6		8-7	34.4-37.4	37.0	482(-4)																																	晴		15.0	7.0	13.0	29.2	8.0	6	57.0	良	**	**		ケイアイアニラ																													
2020103902	2023-12-09	5阪神3		8.0	3歳以上1勝クラス								岩田望来		ダ1400				1:26.4	1.4		3-3	35.2-37.6	38.7	482(0)																																	晴		16.0	5.0	10.0	5.3	3.0	7	57.0	良	**	**		トモジャケーヤ																													
2020103902	2024-02-17	2京都7		8.0	4歳以上1勝クラス								岩田望来		ダ1400				1:24.2	0.6		12-11	34.2-37.5	36.6	478(-4)				320.0																													晴		16.0	7.0	14.0	7.5	4.0	2	58.0	稍	**	**		アドバンスファラオ																													
2020103902	2024-03-16	1阪神7		12.0	4歳以上1勝クラス								岩田望来		ダ1400				1:25.7	0.3		12-11	35.4-37.7	36.6	478(0)																																	晴		14.0	4.0	5.0	3.3	1.0	6	58.0	良	**	**		ハクサンバード																													
2020103902	2024-04-14	2阪神8		8.0	4歳以上1勝クラス								岩田望来		ダ1400				1:25.6	0.5		7-7	35.4-37.4	37.1	474(-4)				80.0																													晴		12.0	8.0	12.0	3.0	2.0	5	58.0	良	**	**		サザーランド																													
2020103902	2024-05-25	3京都11		6.0	4歳以上1勝クラス								松山弘平		ダ1400				1:25.2	0.2		7-7	34.8-37.7	37.3	480(+6)				200.0																													晴		16.0	3.0	5.0	4.2	2.0	3	58.0	良	**	**		マイド																													
2020103902	2024-06-08	4京都3		12.0	3歳以上1勝クラス								松山弘平		ダ1400				1:24.8	0.5		4-4	34.7-37.4	37.0	478(-2)				320.0																													晴		15.0	1.0	2.0	11.8	5.0	2	58.0	良	**	**		カズゴルティス																													
2020103902	2024-06-22	4京都7		8.0	3歳以上1勝クラス								松山弘平		ダ1400				1:25.9	2.5		13-13	34.6-36.5	37.8	486(+8)																																	曇		16.0	1.0	1.0	11.9	4.0	11	58.0	稍	**	**		クリノキングマン																													
2020103902	2024-10-05	5京都1		6.0	3歳以上1勝クラス								岩田望来		ダ1400				1:25.9	0.0		10-9	35.0-37.9	37.1	484(-2)				800.0																													晴		14.0	8.0	13.0	4.4	2.0	1	58.0	稍	**	**		(クアトロジャック)																													
2020103902	2024-10-27	5京都8		12.0	3歳以上2勝クラス								西村淳也		ダ1400				1:24.3	0.7		7-6	34.3-37.4	37.0	488(+4)				114.0																													曇		12.0	2.0	2.0	23.8	6.0	5	58.0	良	**	**		ラブコメディ																													
2020103902	2024-12-01	7京都2		8.0	3歳以上2勝クラス								Ｍ．デム		ダ1400				1:24.2	-0.2		3-3	35.7-36.4	36.0	488(0)				1140.0																													晴		16.0	5.0	10.0	23.2	8.0	1	58.0	良	**	**		(サザーランド)																													
2020103902	2024-12-15	7京都6		10.0	サリオスC(3勝クラス)								岩田望来		ダ1400				1:26.2	0.6		12-11	35.5-37.8	37.2	490(+2)																																	晴		16.0	7.0	13.0	13.8	5.0	6	58.0	良	**	**		ナスティウェザー																													
2020103902	2025-02-22	1京都7		10.0	河原町S(3勝クラス)								ルメート		ダ1400				1:24.8	0.9		5-5	35.1-36.9	37.3	496(+6)				184.0																													曇		16.0	1.0	2.0	25.6	7.0	5	56.0	良	**	**		ニシキギミッチー																													
2020103902	2025-03-15	2中京1		11.0	中京スポーツ杯(3勝クラス)								泉谷楓真		ダ1400				1:25.1	0.6		8-10	35.8-36.3	36.3	492(-4)																																	小雨		16.0	5.0	10.0	20.4	7.0	7	58.0	良	**	**		リジル																													
2020103902	2025-05-25	2京都10		10.0	高瀬川S(3勝クラス)								岩田康誠		ダ1400				1:22.7	0.5		11-14	34.2-36.3	35.8	496(+4)																																	曇		16.0	3.0	6.0	7.4	3.0	7	58.0	重	**	**		キャプテンネキ																													
2020103902	2025-08-03	3中京4		6.0	桶狭間S(3勝クラス)								団野大成		ダ1400				1:24.5	0.4		11-13	34.3-37.9	37.2	496(0)																																	晴		16.0	8.0	15.0	34.5	11.0	8	58.0	良	**	**		アッチャゴーラ																													
2020103902	2025-09-20	4阪神6		11.0	大阪スポーツ杯(3勝クラス)								岩田望来		ダ1400				1:24.8	0.5		9-8	35.6-36.6	36.3	494(-2)																																	曇		13.0	7.0	10.0	15.5	6.0	6	58.0	良	**	**		スターペスカオリ																													
2020103902	2025-10-19	3京都7		10.0	京都開設100周年(3勝クラス)								坂井瑠星		ダ1400				1:24.7	1.5		11-12	35.7-35.4	36.0	498(+4)																																	曇		16.0	8.0	15.0	20.8	7.0	12	55.0	良	**	**		グランフォーブル																													
2020103902	2025-11-23	4京都6		10.0	LトレーナーC(3勝クラス)								藤懸貴志		ダ1400				1:24.7	1.0		8-10	34.9-36.6	37.0	498(0)																																	晴		16.0	1.0	1.0	129.1	15.0	13	58.0	良	**	**		フェルヴェンテ																													
2020103902	2026-01-17	1京都6		11.0	羅生門S(3勝クラス)								藤懸貴志		ダ1400				1:24.6	0.7		13-13	35.3-36.2	35.6	494(-4)				759.6																													晴		16.0	1.0	2.0	204.0	14.0	2	58.0	良				エストレヤデベレン																													
2020103915	2022-08-28	3新潟6		5.0	2歳新馬								木幡巧也		芝1600				1:35.9	0.4		3-3	35.7-34.9	34.9	504(0)				70.0																													曇		11.0	7.0	9.0	18.0	7.0	5	54.0	稍	**	**		クロスライセンス																													
2020103915	2022-09-17	4中山3		2.0	2歳未勝利								木幡巧也		ダ1800				1:55.2	0.8		1-1-1-1	38.5-37.6	38.4	506(+2)				210.0																													晴		11.0	7.0	9.0	4.1	2.0	2	54.0	良	**	**		モンドプリューム																													
2020103915	2022-10-10	4東京3		1.0	2歳未勝利								木幡巧也		ダ1600				1:36.6	-0.2		1-1	34.6-37.4	37.4	506(0)				520.0																													晴		14.0	5.0	7.0	2.1	1.0	1	54.0	不	**	**		(フリッパー)																													
2020103915	2022-10-15	4東京4		9.0	プラタナス賞(1勝クラス)								木幡巧也		ダ1600				1:38.6	1.7		1-1	35.1-37.2	38.9	496(-10)				103.0																													晴		8.0	3.0	3.0	24.5	6.0	5	54.0	稍	**	**		トレド																													
2020103915	2023-01-28	1東京1		4.0	3歳1勝クラス								木幡巧也		ダ1600				1:40.3	2.2		6-5	35.2-38.2	39.4	522(+26)																																	晴		12.0	1.0	1.0	18.8	6.0	10	54.0	良	**	**		ラフエイジアン																													
2020103915	2023-02-26	2中山2		9.0	デイジー賞(1勝クラス)								木幡巧也		芝1800				1:50.8	0.5		2-2-2-2	37.8-35.7	36.1	514(-8)				160.0																													晴		9.0	5.0	5.0	16.3	5.0	4	54.0	良	**	**		エミュー																													
2020103915	2023-03-26	3中山2		9.0	ミモザ賞(1勝クラス)								木幡巧也		芝2000				2:06.9	0.0		1-1-1-1	35.6-40.3	40.3	512(-2)				273.6																													雨		11.0	4.0	4.0	17.0	8.0	3	54.0	不	**	**		アグラシアド																													
2020103915	2023-04-08	1福島1		9.0	ひめさゆり賞(1勝クラス)								木幡巧也		芝2000				2:02.2	1.2		1-1-1-1	34.6-36.6	37.8	508(-4)																																	曇		10.0	2.0	2.0	6.6	5.0	9	54.0	良	**	**		ソレイユヴィータ																													
2020103915	2023-09-02	2札幌7		7.0	3歳以上1勝クラス								佐々木大		芝2000				2:02.2	0.5		1-1-1-1	35.2-37.5	38.0	506(-2)				320.0																													晴		15.0	2.0	4.0	14.0	5.0	2	52.0	稍	**	**		シェイクユアハート																													
2020103915	2023-09-16	4中山3		8.0	3歳以上1勝クラス								木幡巧也		ダ1800				1:54.6	1.2		2-2-2-2	35.9-39.1	40.2	506(0)																																	晴		14.0	1.0	1.0	3.8	2.0	8	53.0	良	**	**		グランサバナ																													
2020103915	2023-10-08	4東京2		6.0	3歳以上1勝クラス								木幡巧也		ダ1400				1:25.9	0.7		2-2	35.4-37.6	37.9	506(0)																																	曇		15.0	8.0	14.0	5.5	4.0	7	54.0	良	**	**		フミバレンタイン																													
2020103915	2023-11-19	3福島6		8.0	3歳以上1勝クラス								木幡巧也		芝2000				2:05.7	4.1		2-2-2-2	35.5-37.1	41.2	504(-2)																																	晴		16.0	4.0	8.0	20.8	9.0	16	54.0	良	**	**		コイニョウボウ																													
2020103915	2024-02-01	川崎		10.0	フェブラリースター賞(B2B3)								木幡巧也		ダ1600				1:46.0	2.0		2-2-3-5	37.3-40.1	41.9	509(+5)																																	晴		11.0	8.0	11.0	5.0	3.0	8	55.0	良	**	**		アーバンデザイン																													
2020103915	2024-04-06	3中山5		12.0	4歳以上1勝クラス								石橋脩		ダ1200				1:13.9	2.1		5-7	34.7-37.1	38.8	506(-3)																																	曇		16.0	3.0	5.0	14.4	6.0	16	56.0	稍	**	**		スマイルアップ																													
2020103915	2024-04-14	1福島4		7.0	4歳以上1勝クラス								木幡巧也		芝1200				1:09.2	0.7		7-7	33.5-35.0	35.1	502(-4)																																	晴		16.0	6.0	12.0	26.3	8.0	6	56.0	良	**	**		アイヲツグモノ																													
2020103915	2024-04-27	1新潟1		12.0	4歳以上1勝クラス								丹内祐次		芝1200				1:09.5	-0.2		3-3	34.6-34.9	34.5	504(+2)				800.0																													晴		10.0	8.0	10.0	4.1	2.0	1	56.0	良	**	**		(マイレーヌ)																													
2020103915	2024-05-18	1新潟7		11.0	大日岳特別(2勝クラス)								永島まな		芝1200				1:11.6	1.9		13-13	33.9-35.8	36.5	500(-4)																																	晴		16.0	2.0	3.0	42.8	14.0	15	56.0	良	**	**		サトノグレイト																													
2020103915	2024-08-18	2札幌4		10.0	知床特別(2勝クラス)								古川吉洋		芝1200				1:08.4	0.1		11-10	33.3-35.0	34.2	508(+8)				629.6																													晴		16.0	6.0	12.0	372.5	16.0	2	56.0	良	**	**		シカゴスティング																													
2020103915	2024-08-31	2札幌7		12.0	マレーシアC(2勝クラス)								古川吉洋		芝1200				1:10.5	-0.2		12-7	34.7-35.8	34.9	510(+2)				1584.3																													晴		16.0	8.0	15.0	8.3	3.0	1	56.0	重	**	**		(スイミーユニバンス)																													
2020103915	2024-09-22	3中京7		10.0	志摩S(3勝クラス)								古川吉洋		芝1200				1:09.1	0.6		4-3	34.9-33.6	33.8	512(+2)				465.7																													曇		17.0	2.0	3.0	15.2	5.0	3	56.0	稍	**	**		ミルトクレイモー																													
2020103915	2024-10-19	4新潟5		11.0	北陸S(3勝クラス)								古川吉洋		芝1200				1:10.3	0.4		11-11	33.6-36.3	35.6	508(-4)				465.5																													雨		17.0	4.0	8.0	6.4	2.0	3	54.0	稍	**	**		シロン																													
2020103915	2024-11-16	3福島5		11.0	キビタキS(3勝クラス)								古川吉洋		芝1200				1:09.6	0.6		12-12	33.3-35.7	34.7	508(0)																																	曇		16.0	5.0	9.0	9.9	6.0	8	54.0	良	**	**		レッドアヴァンティ																													
2020103915	2025-03-02	2中山2		10.0	アクアマリンS(3勝クラス)								木幡巧也		芝1200				1:08.2	0.8		12-12	32.7-34.7	33.9	518(+10)																																	晴		16.0	8.0	15.0	71.6	12.0	8	56.0	良	**	**		ジューンブレア																													
2020103915	2025-03-09	1阪神4		10.0	淀屋橋S(3勝クラス)								古川吉洋		芝1200				1:07.7	0.0		12-12	32.8-34.9	33.1	518(0)				1865.2																													晴		12.0	6.0	8.0	32.9	7.0	1	56.0	良	**	**		(ヤマニンアンフィル)																													
2020103915	2025-04-27	1福島6		11.0	モルガナイトS(OP)								古川吉洋		芝1200				1:08.7	0.2		12-11	34.2-34.3	33.8	514(-4)				230.0																													晴		16.0	6.0	11.0	18.7	9.0	5	55.0	良	**	**		ジャスティンスカイ																													
2020103915	2025-06-28	1函館5		11.0	青函S(OP)								古川吉洋		芝1200				1:08.9	0.8		9-10	33.3-34.8	34.7	514(0)																																	晴		16.0	3.0	6.0	22.8	10.0	8	53.0	良	**	**		エーティーマクフィ																													
2020103915	2025-08-10	1札幌6		11.0	UHB賞(OP)								古川吉洋		芝1200				1:09.9	0.7		14-11	34.8-34.4	33.9	514(0)																																	曇		16.0	4.0	7.0	24.4	10.0	16	55.0	良	**	**		フィオライア																													
2020103915	2025-08-24	2札幌2		11.0	キーンランドC(GIII)								古川吉洋		芝1200				1:09.9	1.7		16-16	33.6-34.6	34.7	514(0)																																	晴		16.0	1.0	1.0	176.3	16.0	16	55.0	良	**	**		パンジャタワー																													
2020103915	2025-11-09	3福島2		11.0	みちのくS(OP)								横山琉人		芝1200				1:09.9	1.6		14-16	33.5-34.8	35.0	514(0)																																	小雨		16.0	8.0	15.0	101.8	16.0	14	55.0	良	**	**		レイピア																													
2020103915	2026-01-17	1中山6		11.0	カーバンクルS(OP)								木幡巧也		芝1200				1:08.3	0.9		12-14	33.7-33.7	33.7	520(+6)																																	晴		16.0	5.0	9.0	137.6	14.0	14	52.0	良				ウイングレイテスト																													
2020103917	2022-12-04	5中山2	晴	4.0	2歳新馬		15.0	6.0	11.0	33.5	9.0	11	江田照男	54.0	ダ1800		良	**	2:00.1	3.8	**	11-13-13-11	38.6-38.8	40.9	466(0)			タイセイマンボ																																																																								
2020103917	2022-12-17	5中山5	曇	4.0	2歳未勝利		16.0	3.0	6.0	329.4	13.0	12	江田照男	54.0	ダ1800		良	**	1:57.9	3.4	**	3-4-11-13	37.2-39.2	41.4	454(-12)			フリッパー																																																																								
2020103917	2023-01-07	1中山2	晴	2.0	3歳未勝利		16.0	6.0	11.0	311.6	15.0	10	江田照男	54.0	ダ1800		良	**	1:58.6	2.3	**	9-10-11-12	37.8-39.6	40.6	454(0)			エスシービビ																																																																								
2020103917	2023-02-12	1阪神2	晴	5.0	3歳未勝利		10.0	6.0	6.0	258.6	9.0	7	国分恭介	54.0	芝1800		良	**	1:48.9	1.1	**	9-9	35.8-34.3	34.3	436(-18)			マンデヴィラ																																																																								
2020103917	2023-03-18	2中山7	小雨	4.0	3歳未勝利		18.0	1.0	1.0	260.4	12.0	8	小林凌大	52.0	芝2000		稍	**	2:05.2	2.4	**	15-15-15-14	35.7-37.5	37.7	442(+6)			アサカラキング																																																																								
2020103917	2023-04-09	3中山6	晴	5.0	3歳未勝利		15.0	2.0	2.0	170.8	11.0	11	水沼元輝	51.0	芝2000		稍	**	2:04.5	0.9	**	7-7-8-9	37.6-35.5	35.7	440(-2)			ヴァイルマティ																																																																								
2020103917	2023-04-29	1新潟1	晴	5.0	3歳未勝利		16.0	6.0	12.0	236.8	15.0	8	秋山稔樹	53.0	芝2000		良	**	2:03.1	1.9	**	15-15-14-14	34.5-37.0	37.6	442(+2)			ウイニングライブ																																																																								
2020103917	2023-05-21	2東京10	曇	4.0	3歳未勝利		16.0	2.0	4.0	397.9	14.0	5	永野猛蔵	53.0	芝2000		良	**	1:59.8	0.5	**	4-4-3	36.2-35.3	35.5	448(+6)			マイバラード	55.0																																																																							
2020103917	2023-07-11	盛岡	晴	9.0	アメジスト賞(3歳)		12.0	8.0	11.0	4.8	3.0	4	永野猛蔵	53.0	芝1700		稍	**	1:46.6	0.6	**	3-3-5-4		36.0	442(-6)			アンノウンレディ	14.3																																																																							
2020103917	2023-07-29	2新潟1	晴	2.0	3歳未勝利		18.0	7.0	13.0	35.0	9.0	1	秋山稔樹	53.0	芝1800		良	**	1:46.4	-0.1	**	12-12	34.6-34.6	33.8	438(-4)			(キスオンザビーチ)	550.0																																																																							
2020103917	2024-02-18	1東京8	晴	6.0	4歳以上1勝クラス		16.0	6.0	12.0	163.2	11.0	13	柴田大知	55.0	芝1800		良	**	1:47.5	1.3	**	3-4-4	35.1-35.5	36.4	450(+12)			ロードプレイヤー																																																																								
2020103917	2024-03-10	1中京2	晴	8.0	4歳以上1勝クラス		8.0	8.0	8.0	24.7	6.0	5	秋山稔樹	55.0	芝2000		良	**	2:04.1	0.7	**	8-7-7-7	38.5-34.6	34.8	444(-6)			エゾダイモン	80.0																																																																							
2020103917	2024-03-30	2阪神3	晴	6.0	4歳以上1勝クラス		10.0	3.0	3.0	171.9	10.0	7	秋山稔樹	55.0	芝1800		良	**	1:47.7	0.5	**	6-4	36.1-35.2	35.3	442(-2)			グランデサラス																																																																								
2020103917	2024-04-28	1新潟2	晴	8.0	4歳以上1勝クラス		9.0	1.0	1.0	14.1	5.0	7	角田大河	55.0	芝1800		良	**	1:49.8	0.6	**	2-2	37.1-34.6	35.0	448(+6)			マンデヴィラ																																																																								
2020103917	2024-05-26	2東京12	晴	6.0	4歳以上1勝クラス		9.0	7.0	7.0	33.4	5.0	5	秋山稔樹	55.0	芝1800		良	**	1:48.3	0.8	**	6-6-6	36.5-33.8	33.6	456(+8)			トラマンダーレ	80.0																																																																							
2020103917	2024-12-07	5中山3	晴	7.0	3歳以上1勝クラス		16.0	2.0	4.0	139.7	15.0	15	長浜鴻緒	53.0	芝1800		良	**	1:49.1	1.4	**	5-5-8-10	36.5-34.8	35.5	472(+16)			オルノア																																																																								
2020103917	2024-12-14	4中京5	晴	8.0	ヤングJSFR中京1(1勝クラス)		16.0	5.0	10.0	152.2	13.0	13	長江慶悟	56.0	芝2000		良	**	2:04.0	2.8	**	13-12-12-12	37.8-35.2	35.6	458(-14)			タガノデュード																																																																								
2020103917	2025-02-22	1小倉9	晴	12.0	4歳以上1勝クラス		16.0	8.0	16.0	227.3	15.0	8	国分恭介	56.0	芝2000		良	**	2:00.7	1.1	**	15-15-15-15	35.6-35.0	35.0	452(-6)			マイネルフランツ																																																																								
2020103917	2025-03-01	1小倉11	曇	8.0	4歳以上1勝クラス		15.0	4.0	7.0	104.8	12.0	4	国分恭介	56.0	芝1800		良	**	1:49.4	0.5	**	15-15-15-13	35.9-36.7	36.0	444(-8)			オオナミコナミ	120.0																																																																							
2020103917	2025-03-22	2中京3	晴	9.0	金山特別(1勝クラス)		18.0	2.0	3.0	319.0	16.0	中	西塚洸二	56.0	芝2000		良	**			**	18-18-18-18	36.2-35.8		450(+6)			コスモエクスプレス																																																																								
2020103917	2025-04-06	3中山4	小雨	8.0	4歳以上1勝クラス		13.0	1.0	1.0	42.8	8.0	11	木幡巧也	56.0	芝1800		良	**	1:49.8	1.2	**	8-10-10-9	36.2-35.1	34.9	450(0)			ビジューブリランテ																																																																								
2020103941	2022-12-10	5中山3	晴	5.0	2歳新馬		15.0	2.0	4.0	13.0	4.0	1	横山和生	55.0	芝1600		良	**	1:34.9	-0.1	**	1-1-1	35.7-35.3	35.3	488(0)			(マルディランダ)	700.0																																																																							
2020103941	2023-02-18	1東京7	晴	9.0	フリージア賞(1勝クラス)		10.0	6.0	6.0	26.5	7.0	1	横山和生	56.0	芝2000		良	**	1:59.3	-0.3	**	1-1-1	36.5-34.3	34.3	496(+8)			(サスツルギ)	1093.1																																																																							
2020103941	2023-03-19	2中山8	晴	11.0	フジTVスプリングS(GII)		16.0	5.0	10.0	5.5	3.0	2	横山和生	56.0	芝1800		重	**	1:49.1	0.2	**	3-3-2-2	35.4-37.2	36.9	494(-2)			ベラジオオペラ	2232.0																																																																							
2020103941	2023-04-16	3中山8	晴	11.0	皐月賞(GI)		18.0	5.0	9.0	17.7	7.0	17	横山和生	57.0	芝2000		重	**	2:03.7	3.1	**	5-6-6-4	35.1-37.2	39.6	494(0)			ソールオリエンス																																																																								
2020103941	2023-05-28	2東京12	晴	11.0	東京優駿(GI)		18.0	2.0	3.0	287.2	16.0	6	丸田恭介	57.0	芝2400		良	**	2:25.4	0.2	**	2-2-2-2	35.3-35.3	34.0	496(+2)			タスティエーラ																																																																								
2020103941	2023-12-09	4中京3	晴	11.0	中日新聞杯(GIII)		17.0	4.0	8.0	5.0	3.0	12	丸田恭介	56.0	芝2000		良	**	1:59.7	0.9	**	1-1-2-1	34.7-34.8	35.7	504(+8)			ヤマニンサルバム																																																																								
2020103941	2024-02-04	1東京4	曇	11.0	東京新聞杯(GIII)		16.0	4.0	8.0	35.3	8.0	3	岩田康誠	57.0	芝1600		良	**	1:32.3	0.2	**	4-4	34.4-34.3	33.9	510(+6)			サクラトゥジュール	1008.1																																																																							
2020103941	2024-03-10	2中山6	晴	10.0	東風S(L)		14.0	7.0	11.0	2.5	1.0	3	岩田康誠	57.0	芝1600		良	**	1:33.7	0.3	**	2-2-2	34.6-35.8	35.6	516(+6)			ディオ	684.2																																																																							
2020103941	2024-06-30	1函館8	曇	11.0	巴賞(OP)		16.0	5.0	9.0	4.0	2.0	1	岩田康誠	57.0	芝1800		良	**	1:46.8	-0.3	**	1-1-1-1	35.4-35.1	35.1	510(-6)			(デビットバローズ)	2433.6																																																																							
2020103941	2024-07-14	1函館12	晴	11.0	函館記念(GIII)		16.0	6.0	12.0	7.2	3.0	1	岩田康誠	57.5	芝2000		良	**	1:59.2	-0.6	**	2-2-2-2	35.4-35.7	35.3	506(-4)			(グランディア)	4356.0																																																																							
2020103941	2024-10-06	4東京2	曇	11.0	毎日王冠(GII)		14.0	2.0	2.0	7.4	4.0	2	岩田康誠	57.0	芝1800		良	**	1:45.2	0.1	**	1-1-1	35.3-33.7	33.8	502(-4)			シックスペンス	2728.4																																																																							
2020103941	2024-10-27	4東京8	曇	11.0	天皇賞(秋)(GI)		15.0	5.0	9.0	48.1	8.0	3	岩田望来	58.0	芝2000		良	**	1:57.6	0.3	**	1-1-1	35.9-33.7	34.0	502(0)			ドウデュース	5546.2																																																																							
2020103941	2025-01-05	1中山1	曇	11.0	日刊スポ賞中山金杯(GIII)		18.0	8.0	18.0	4.6	2.0	9	ドイル	59.5	芝2000		良	**	1:58.8	0.7	**	2-2-2-2	34.9-35.7	36.4	506(+4)			アルナシーム																																																																								
2020103941	2025-03-16	2中京2	小雨	11.0	東海テレビ杯金鯱賞(GII)		10.0	2.0	2.0	3.1	1.0	2	岩田康誠	57.0	芝2000		重	**	2:01.3	0.0	**	2-2-2-2	35.7-38.6	36.8	504(-2)			クイーンズウォーク	2720.4																																																																							
2020103941	2025-04-06	2阪神4	晴	11.0	大阪杯(GI)		15.0	2.0	2.0	9.1	5.0	5	岩田康誠	58.0	芝2000		良	**	1:56.6	0.4	**	2-2-2-2	34.9-35.1	34.8	502(-2)			ベラジオオペラ	3000.0																																																																							
2020103941	2025-08-17	1札幌8	曇	11.0	札幌記念(GII)		16.0	3.0	5.0	3.7	1.0	7	岩田康誠	58.0	芝2000		稍	**	2:02.3	0.8	**	3-3-3-3	36.1-36.9	37.1	514(+12)			トップナイフ																																																																								
2020103941	2025-10-05	4東京2	曇	11.0	毎日王冠(GII)		11.0	7.0	8.0	4.3	2.0	2	岩田康誠	57.0	芝1800		良	**	1:44.1	0.1	**	1-1-1	34.8-33.7	33.8	508(-6)			レーベンスティール	2722.8																																																																							
2020103941	2025-11-02	4東京11	曇	11.0	天皇賞(秋)(GI)		14.0	5.0	8.0	14.6	7.0	13	岩田康誠	58.0	芝2000		良	**	1:59.2	0.6	**	2-2-2	37.1-32.9	33.5	504(-4)			マスカレードボール																																																																								
2020103941	2025-11-30	5東京8	晴	12.0	ジャパンC(GI)		17.0	3.0	6.0	166.8	14.0	16	岩田康誠	58.0	芝2400		良	**	2:23.8	3.5	**	2-2-2-2	34.5-34.6	37.7	502(-2)			カランダガン																																																																								
2020103947	2023-04-01	3中山3		5.0	3歳未勝利								杉原誠人		芝2000				2:02.2	0.1		6-6-5-4	37.0-35.4	35.2	436(0)				220.0																																											晴		17.0	7.0	14.0	25.8	6.0	2	56.0	良	**	**		フレーヴァード															
2020103947	2023-04-16	3中山8		4.0	3歳未勝利								杉原誠人		芝2200				2:16.7	0.4		8-8-5-4	36.3-36.8	36.7	436(0)				140.0																																											晴		18.0	7.0	15.0	4.4	3.0	3	56.0	重	**	**		タナサンブラック															
2020103947	2023-06-17	3東京5		7.0	3歳未勝利								菅原明良		芝1800				1:47.3	0.0		9-9-8	36.5-34.2	33.6	440(+4)				550.0																																											晴		15.0	1.0	1.0	2.9	2.0	1	56.0	良	**	**		(プレサージオ)															
2020103947	2023-08-12	3新潟1		9.0	湯沢特別(1勝クラス)								石川裕紀		芝2000				1:58.7	1.1		6-6	35.0-34.1	34.5	440(0)				450.0																																											曇		15.0	6.0	11.0	7.7	4.0	2	55.0	良	**	**		オクタヴィアヌス															
2020103947	2023-11-12	5東京4		12.0	3歳以上1勝クラス								石川裕紀		芝1800				1:48.1	0.5		4-5-4	36.5-34.2	34.2	440(0)				320.0																																											曇		11.0	7.0	8.0	5.2	3.0	2	56.0	良	**	**		ジェイパームス															
2020103947	2023-12-10	4中京4		12.0	3歳以上1勝クラス								吉田隼人		芝1600				1:33.7	0.0		8-8-8	35.3-34.8	33.8	446(+6)				320.0																																											晴		12.0	6.0	8.0	2.5	1.0	2	57.0	良	**	**		アサカラキング															
2020103947	2024-01-27	1東京1		12.0	4歳以上1勝クラス								石川裕紀		芝1800				1:47.6	0.1		13-13-12	36.4-33.9	33.1	452(+6)				320.0																																											晴		16.0	5.0	10.0	2.1	1.0	2	57.0	良	**	**		コスモシャングリラ															
2020103947	2024-02-18	1東京8		6.0	4歳以上1勝クラス								ムルザバ		芝1800				1:46.5	0.3		13-10-8	35.1-35.5	35.0	450(-2)				120.0																																											晴		16.0	2.0	4.0	1.8	1.0	4	57.0	良	**	**		ロードプレイヤー															
2020103947	2024-03-10	1中京2		7.0	4歳以上1勝クラス								川田将雅		芝1600				1:34.0	0.1		10-9-9	35.6-34.8	34.1	444(-6)				320.0																																											晴		10.0	7.0	8.0	1.7	1.0	2	58.0	良	**	**		アイルシャイン															
2020103947	2024-06-23	3東京8		7.0	3歳以上1勝クラス								野中悠太		芝1800				1:47.3	1.2		6-9-9	35.6-34.8	34.9	448(+4)																																															曇		13.0	6.0	9.0	6.1	3.0	6	58.0	稍	**	**		アスクカムオンモア															
2020103947	2024-07-06	2福島3		8.0	3歳以上1勝クラス								野中悠太		芝2000				2:00.5	1.3		10-11-11-11	34.3-35.9	35.4	448(0)																																															曇		11.0	6.0	6.0	9.6	4.0	7	58.0	良	**	**		アスクナイスショー															
2020103947	2024-09-21	4中山6		6.0	3歳以上1勝クラス								菅原明良		芝2000				1:59.6	-0.1		9-9-8-7	35.5-34.3	33.4	452(+4)				800.0																																											曇		13.0	6.0	9.0	12.7	5.0	1	58.0	良	**	**		(コスモレオナルド)															
2020103947	2024-10-14	4東京4		7.0	3歳以上2勝クラス								菅原明良		芝2500				2:34.5	0.2		6-6-5-5	31.6-33.9	33.5	456(+4)				290.0																																											晴		7.0	4.0	4.0	3.6	2.0	3	58.0	良	**	**		リンフレスカンテ															
2020103947	2024-12-01	5中山2		8.0	3歳以上2勝クラス								菅原明良		芝2500				2:30.2	-0.4		9-9-8-8	30.7-35.9	34.8	450(-6)				1140.0																																											晴		11.0	6.0	7.0	4.0	3.0	1	58.0	良	**	**		(アイザックバローズ)															
2020103947	2025-01-11	1中山3		11.0	迎春S(3勝クラス)								菅原明良		芝2200				2:13.2	0.2		12-12-12-12	36.2-35.8	34.7	456(+6)				464.0																																											晴		13.0	4.0	4.0	3.5	1.0	3	58.0	良	**	**		ホーエリート															
2020103947	2025-03-09	2中山4		9.0	湾岸S(3勝クラス)								菅原明良		芝2500				2:34.6	1.1		8-8-8-7	30.8-37.6	37.9	454(-2)																																															晴		12.0	5.0	5.0	5.3	3.0	7	58.0	稍	**	**		スティンガーグラス															
2020103947	2025-09-14	4中山4		10.0	レインボーS(3勝クラス)								菅原明良		芝2000				1:59.9	0.6		7-7-6-4	36.9-34.5	34.6	458(+4)																																															曇		14.0	6.0	9.0	4.4	2.0	8	56.0	良	**	**		ブラックシールド															
2020103947	2025-11-30	5東京8		11.0	ウェルカムS(3勝クラス)								プーシャ		芝2000				1:58.5	0.9		12-12-14	35.6-34.4	34.2	456(-2)																																															晴		15.0	4.0	7.0	20.6	7.0	8	58.0	良	**	**		ヴィレム															
2020103985	2022-11-12	5東京3		4.0	2歳新馬								津村明秀		ダ1600				1:40.4	0.3		3-3	36.7-37.3	37.3	420(0)				110.0																													晴		16.0	2.0	3.0	51.5	8.0	4	54.0	良	**	**		トニトゥルス																													
2020103985	2022-12-04	5中山2		1.0	2歳未勝利								津村明秀		ダ1200				1:12.6	-0.9		9-6	34.2-38.4	37.4	426(+6)				520.0																													晴		16.0	1.0	1.0	3.4	2.0	1	54.0	良	**	**		(イデアミラーグロ)																													
2020103985	2022-12-24	5中山7		7.0	2歳1勝クラス								津村明秀		ダ1200				1:12.1	1.0		9-11	33.8-37.3	37.3	420(-6)																																	晴		16.0	8.0	16.0	31.8	9.0	10	54.0	稍	**	**		マニバドラ																													
2020103985	2023-02-19	1東京8		3.0	3歳1勝クラス								津村明秀		ダ1400				1:25.8	1.4		7-8	35.5-36.3	37.2	414(-6)																																	曇		16.0	5.0	9.0	105.1	12.0	7	54.0	稍	**	**		スマートフォルス																													
2020103985	2023-03-19	2中山8		4.0	3歳1勝クラス								津村明秀		ダ1200				1:12.3	1.7		12-15	33.6-37.0	37.0	414(0)																																	晴		16.0	7.0	14.0	46.3	10.0	16	54.0	不	**	**		タリエシン																													
2020103985	2023-09-02	3新潟7		8.0	3歳以上1勝クラス								津村明秀		ダ1200				1:12.0	0.0		12-12	34.1-37.9	36.3	424(+10)				320.0																													曇		15.0	8.0	14.0	26.0	9.0	2	54.0	良	**	**		カンパニョーラ																													
2020103985	2023-09-24	4中山7		8.0	3歳以上1勝クラス								津村明秀		ダ1200				1:11.6	0.2		13-13	33.2-38.2	36.5	422(-2)				320.0																													晴		16.0	6.0	11.0	7.5	5.0	2	54.0	稍	**	**		トモジャミ																													
2020103985	2023-10-14	4東京4		6.0	3歳以上1勝クラス								津村明秀		ダ1400				1:25.2	-0.1		9-11	36.0-36.7	35.5	422(0)				800.0																													晴		16.0	4.0	7.0	4.3	2.0	1	54.0	良	**	**		(トモジャシーマ)																													
2020103985	2023-11-05	5東京2		8.0	3歳以上2勝クラス								大野拓弥		ダ1400				1:24.7	0.7		16-16	35.6-36.2	35.0	424(+2)				114.0																													晴		16.0	5.0	10.0	11.5	4.0	5	55.0	良	**	**		ダノンミカエル																													
2020103985	2024-02-18	1東京8		12.0	大島特別(2勝クラス)								菅原明良		ダ1400				1:25.9	1.6		13-15	35.3-37.1	36.4	432(+8)																																	晴		16.0	6.0	12.0	11.6	6.0	11	56.0	良	**	**		エミサキホコル																													
2020103985	2024-03-24	1中京6		12.0	鈴鹿特別(2勝クラス)								菅原明良		ダ1400				1:23.2	0.2		13-13	34.9-36.1	34.9	422(-10)				630.8																													小雨		16.0	8.0	15.0	42.0	11.0	2	56.0	重	**	**		ロードフォンス																													
2020103985	2024-04-28	2東京4		12.0	4歳以上2勝クラス								大野拓弥		ダ1400				1:23.9	0.5		8-8	34.8-36.8	36.0	422(0)				290.0																													晴		16.0	2.0	4.0	5.9	5.0	3	56.0	良	**	**		エピックジョイ																													
2020103985	2024-05-25	2東京11		9.0	富嶽賞(2勝クラス)								大野拓弥		ダ1400				1:24.6	0.7		12-12	36.3-35.5	34.9	426(+4)				155.0																													晴		16.0	8.0	16.0	4.4	2.0	5	56.0	良	**	**		コンクイスタ																													
2020103985	2024-06-22	3東京7		9.0	清里特別(2勝クラス)								石橋脩		ダ1400				1:23.9	1.1		10-12	34.6-36.4	36.1	422(-4)																																	晴		16.0	4.0	8.0	11.1	4.0	9	56.0	重	**	**		エストレヤデベレン																													
2020103985	2024-11-10	5東京4		7.0	3歳以上2勝クラス								木幡巧也		ダ1400				1:25.7	-0.1		6-6	36.3-36.4	35.8	436(+14)				1140.0																													曇		12.0	2.0	2.0	9.2	4.0	1	56.0	良	**	**		(ノットファウンド)																													
2020103985	2024-12-07	5中山3		10.0	アクアラインS(3勝クラス)								木幡巧也		ダ1200				1:11.1	0.9		13-13	33.5-36.7	36.2	438(+2)																																	晴		16.0	3.0	6.0	16.0	9.0	8	53.0	良	**	**		グッジョブ																													
2020103985	2025-02-15	1東京5		10.0	銀蹄S(3勝クラス)								大野拓弥		ダ1400				1:25.6	1.9		14-15	35.6-36.1	36.4	444(+6)																																	晴		16.0	3.0	6.0	44.4	12.0	11	56.0	良	**	**		コンクイスタ																													
2020103985	2025-03-15	2中京1		11.0	中京スポーツ杯(3勝クラス)								小沢大仁		ダ1400				1:25.5	1.0		8-8	35.8-36.3	36.7	434(-10)																																	小雨		16.0	1.0	1.0	106.6	12.0	12	56.0	良	**	**		リジル																													
2020103985	2025-04-26	2東京1		10.0	鎌倉S(3勝クラス)								木幡巧也		ダ1400				1:25.1	2.2		12-13	35.4-35.4	36.0	432(-2)																																	曇		16.0	5.0	9.0	293.1	16.0	15	56.0	稍	**	**		ビダーヤ																													
2020103985	2025-06-14	3東京3		10.0	夏至S(3勝クラス)								大野拓弥		ダ1600				1:36.5	0.9		8-10	34.3-37.2	36.1	438(+6)																																	小雨		16.0	7.0	13.0	204.5	16.0	10	56.0	良	**	**		アルムラトゥール																													
2020103985	2025-07-20	2小倉8		10.0	宮崎S(3勝クラス)								加藤聡一		ダ1700				1:45.0	1.3		11-11-11-12	30.1-38.1	36.6	428(-10)																																	晴		13.0	1.0	1.0	33.0	11.0	7	52.0	良	**	**		レアンダー																													
2020103985	2025-12-21	5阪神6		9.0	御影S(3勝クラス)								田口貫太		ダ1400				1:23.9	1.4		10-12	34.0-36.8	37.1	432(+4)																																	雨		16.0	4.0	7.0	201.3	15.0	14	56.0	重	**	**		トリリオンボーイ																													
2020103985	2026-01-17	1京都6		11.0	羅生門S(3勝クラス)								菱田裕二		ダ1400				1:25.6	1.7		13-13	35.3-36.2	36.6	432(0)																																	晴		16.0	8.0	16.0	334.0	16.0	14	56.0	良				エストレヤデベレン																													
2020104013	2022-12-24	6阪神7	晴	5.0	2歳新馬		18.0	7.0	15.0	8.5	3.0	1	松山弘平	55.0	芝1800		良	**	1:49.1	0.0	**	7-4	35.0-35.4	35.1	456(0)			(ミントマーク)	700.0																																																																							
2020104013	2023-02-18	1阪神3	曇	9.0	つばき賞(1勝クラス)		12.0	8.0	12.0	14.0	4.0	10	武豊	56.0	芝1800		良	**	1:47.8	0.8	**	11-9	35.8-33.8	33.3	446(-10)			ロードデルレイ																																																																								
2020104013	2023-03-11	1阪神9	晴	6.0	3歳1勝クラス		10.0	8.0	9.0	5.9	3.0	2	武豊	56.0	芝1600		良	**	1:33.4	0.1	**	3-4	34.4-35.1	34.9	446(0)			ショーモン	310.0																																																																							
2020104013	2023-04-22	1京都1	晴	9.0	あやめ賞(1勝クラス)		8.0	5.0	5.0	2.1	1.0	1	武豊	56.0	芝1800		良	**	1:45.0	-0.1	**	7-6	33.1-35.5	34.8	438(-8)			(フェイト)	1088.2																																																																							
2020104013	2023-10-07	2京都1	晴	9.0	宝ケ池特別(2勝クラス)		11.0	7.0	8.0	4.0	2.0	10	武豊	56.0	芝1600		良	**	1:34.9	0.9	**	3-2	36.0-33.5	34.1	456(+18)			トゥードジボン																																																																								
2020104013	2023-10-29	2京都9	晴	9.0	堀川特別(2勝クラス)		9.0	5.0	5.0	7.6	5.0	2	坂井瑠星	56.0	芝1800		良	**	1:48.1	0.2	**	5-5	36.5-33.4	33.0	452(-4)			アイスグリーン	625.8																																																																							
2020104013	2023-11-18	3京都5	晴	8.0	3歳以上2勝クラス		13.0	5.0	6.0	9.7	4.0	7	坂井瑠星	57.0	芝1600		稍	**	1:35.5	0.7	**	10-9	36.2-33.8	33.9	448(-4)			ニホンピロキーフ																																																																								
2020104013	2024-01-14	1京都5	晴	9.0	逢坂山特別(2勝クラス)		11.0	8.0	10.0	5.3	3.0	3	武豊	56.0	芝1800		良	**	1:47.4	0.4	**	4-3	35.4-34.8	34.9	450(+2)			ワイドアラジン	393.5																																																																							
2020104013	2024-02-11	2京都6	曇	9.0	春日特別(2勝クラス)		9.0	3.0	3.0	6.2	3.0	2	西村淳也	57.0	芝1800		良	**	1:47.8	0.0	**	5-5	37.1-34.0	33.5	452(+2)			ココナッツブラウン	626.0																																																																							
2020104013	2024-04-13	2阪神7	晴	9.0	明石特別(2勝クラス)		11.0	8.0	10.0	2.6	1.0	2	坂井瑠星	58.0	芝1800		良	**	1:45.6	0.0	**	7-8	36.2-33.7	32.8	454(+2)			ショウナンアデイブ	626.8																																																																							
2020104013	2024-05-19	2東京10	曇	8.0	調布特別(2勝クラス)		10.0	7.0	8.0	2.2	1.0	1	坂井瑠星	58.0	芝1800		良	**	1:46.9	0.0	**	7-9-8	37.3-34.0	33.2	452(-2)			(ウインオーディン)	1574.5																																																																							
2020104013	2024-10-12	5京都3	晴	10.0	大原S(3勝クラス)		14.0	5.0	8.0	8.0	5.0	6	坂井瑠星	58.0	芝1800		良	**	1:44.5	0.5	**	8-7	34.7-34.6	34.5	460(+8)			ケイアイセナ																																																																								
2020104013	2024-11-17	5東京6	晴	10.0	秋色S(3勝クラス)		13.0	4.0	4.0	4.8	2.0	6	菅原明良	56.0	芝1600		良	**	1:33.1	0.9	**	10-11	34.1-34.9	33.4	456(-4)			レガトゥス																																																																								
2020104013	2025-02-16	1東京6	曇	9.0	雲雀S(3勝クラス)		16.0	8.0	15.0	13.2	6.0	4	武豊	58.0	芝1600		良	**	1:34.1	0.1	**	11-11	35.8-34.3	33.5	462(+6)			レディントン	280.0																																																																							
2020104013	2025-03-15	1阪神5	小雨	10.0	難波S(3勝クラス)		15.0	8.0	15.0	12.2	5.0	7	藤岡佑介	58.0	芝1800		良	**	1:45.6	0.4	**	15-15	34.8-34.3	33.4	462(0)			サブマリーナ																																																																								
2020104013	2025-04-06	2阪神4	晴	10.0	夢洲S(3勝クラス)		14.0	7.0	11.0	4.3	2.0	4	モレイラ	58.0	芝1600		良	**	1:32.7	0.4	**	9-10	35.4-33.7	33.2	458(-4)			シヴァース	280.0																																																																							
2020104013	2025-05-18	1新潟6	曇	11.0	弥彦S(3勝クラス)		16.0	2.0	4.0	6.2	3.0	10	国分恭介	58.0	芝1800		良	**	1:48.0	0.5	**	14-14	35.5-35.1	34.7	462(+4)			ナムラエイハブ																																																																								
2020104013	2025-09-14	4阪神4	曇	10.0	仲秋S(3勝クラス)		11.0	3.0	3.0	13.5	6.0	5	武豊	58.0	芝1600		良	**	1:32.6	0.4	**	9-9	35.6-33.4	33.1	460(-2)			ラヴァンダ	184.0																																																																							
2020104013	2025-10-12	3京都4	曇	10.0	三年坂S(3勝クラス)		13.0	6.0	9.0	9.0	4.0	4	坂井瑠星	56.0	芝1600		良	**	1:32.2	0.1	**	13-13	34.1-34.1	33.1	458(-2)			ブエナオンダ	280.0																																																																							
2020104013	2025-11-16	4京都4	晴	12.0	ドンカスターC(3勝クラス)		12.0	1.0	1.0	5.7	3.0	8	坂井瑠星	56.0	芝1800		良	**	1:46.2	0.6	**	10-10	36.1-33.9	33.3	454(-4)			ガイアメンテ																																																																								
2020104083	2022-08-06	1札幌5		5.0	2歳新馬								吉田隼人		芝1200				1:10.6	0.5		3-3	36.1-34.0	34.3	480(0)				180.0	晴		8.0	2.0	2.0	1.7	1.0	3	54.0	良	**	**		メイクアスナッチ																																																									
2020104083	2022-08-21	2札幌4		1.0	2歳未勝利								坂井瑠星		芝1500				1:32.8	1.2		1-3-5	29.3-37.9	38.7	472(-8)					晴		14.0	7.0	11.0	2.4	1.0	7	54.0	稍	**	**		ドンデンガエシ																																																									
2020104083	2022-11-27	5阪神8		2.0	2歳未勝利								坂井瑠星		芝1200				1:09.5	0.7		6-8	34.0-34.8	34.6	474(+2)				130.0	晴		16.0	8.0	16.0	4.1	2.0	3	55.0	良	**	**		ソフィアエール																																																									
2020104083	2022-12-10	6阪神3		7.0	2歳未勝利								鮫島克駿		芝1200				1:09.1	-0.4		3-3	34.0-35.1	34.5	472(-2)				520.0	晴		16.0	5.0	10.0	2.3	1.0	1	55.0	良	**	**		(サイレンスタイム)																																																									
2020104083	2022-12-24	6阪神7		9.0	万両賞(1勝クラス)								坂井瑠星		芝1400				1:21.7	0.0		2-2	35.3-34.6	34.5	470(-2)				1048.9	晴		9.0	8.0	9.0	13.6	5.0	1	55.0	良	**	**		(ペースセッティング)																																																									
2020104083	2023-03-18	2中京3		11.0	中スポ賞ファルコンS(GIII)								坂井瑠星		芝1400				1:23.4	0.8		7-7	34.8-35.9	36.0	472(+2)					曇		14.0	1.0	1.0	7.3	4.0	6	56.0	重	**	**		タマモブラックタイ																																																									
2020104083	2023-05-07	1京都6		10.0	橘S(L)								藤岡康太		芝1400				1:23.9	0.8		4-5	35.1-36.0	36.3	474(+2)				806.0	雨		9.0	1.0	1.0	11.0	7.0	2	56.0	不	**	**		ルガル																																																									
2020104083	2023-05-27	1京都11		11.0	葵S(GIII)								岩田康誠		芝1200				1:07.6	0.5		11-11	33.9-33.2	32.6	474(0)					晴		18.0	6.0	11.0	42.0	6.0	7	56.0	良	**	**		モズメイメイ																																																									
2020104083	2023-07-16	3中京6		10.0	中京スポニチ賞(2勝クラス)								坂井瑠星		芝1400				1:20.5	0.1		2-2	34.7-34.3	34.3	472(-2)				394.3	晴		14.0	8.0	14.0	3.3	1.0	3	55.0	良	**	**		サトノペルセウス																																																									
2020104083	2023-08-12	3新潟1		10.0	新発田城特別(2勝クラス)								戸崎圭太		芝1400				1:21.3	0.8		7-8	34.3-34.6	34.9	476(+4)					晴		18.0	4.0	8.0	3.8	2.0	14	55.0	良	**	**		インテグリフォリア																																																									
2020104083	2023-11-04	3京都1		12.0	3歳以上2勝クラス								岩田康誠		芝1600				1:34.0	0.8		6-6	35.3-33.6	33.9	480(+4)				170.0	曇		10.0	5.0	5.0	9.8	5.0	4	57.0	良	**	**		セオ																																																									
2020104083	2023-11-18	3京都5		8.0	3歳以上2勝クラス								団野大成		芝1600				1:35.6	0.8		7-6	36.2-33.8	34.1	480(0)					晴		13.0	6.0	9.0	49.3	9.0	8	57.0	稍	**	**		ニホンピロキーフ																																																									
2020104083	2023-12-03	5阪神2		12.0	3歳以上2勝クラス								斎藤新		芝1400				1:20.6	0.6		9-9	33.5-35.3	35.0	476(-4)				290.0	晴		15.0	2.0	3.0	9.4	6.0	3	57.0	良	**	**		トラベログ																																																									
2020104083	2023-12-24	5阪神8		12.0	ジングルベル賞(2勝クラス)								藤岡康太		芝1400				1:20.9	0.6		14-14	33.9-34.8	34.2	472(-4)				230.0	晴		15.0	1.0	1.0	14.5	7.0	4	57.0	良	**	**		アサカラキング																																																									
2020104083	2024-01-08	1中山3		12.0	4歳以上2勝クラス								菅原明良		芝1600				1:33.3	0.8		7-10-10	33.6-36.1	34.7	470(-2)					晴		15.0	7.0	12.0	13.8	8.0	7	57.0	良	**	**		スプレモフレイバー																																																									
2020104083	2024-03-23	2阪神1		10.0	丹波特別(2勝クラス)								ムルザバ		芝1600				1:36.0	0.4		5-5	36.8-34.5	34.2	484(+14)				392.6	曇		7.0	8.0	8.0	5.3	3.0	3	56.0	重	**	**		ヒルノショパン																																																									
2020104083	2024-04-07	2阪神6		7.0	4歳以上2勝クラス								坂井瑠星		芝1600				1:33.8	0.3		5-5	35.6-33.6	33.4	480(-4)					晴		9.0	1.0	1.0	13.4	6.0	7	58.0	良	**	**		テンノメッセージ																																																									
2020104083	2024-04-14	2阪神8		9.0	三木特別(2勝クラス)								池添謙一		芝1400				1:19.7	0.2		10-9	33.6-34.7	34.0	472(-8)				395.4	晴		17.0	8.0	16.0	7.5	4.0	3	56.0	良	**	**		スカイロケット																																																									
2020104083	2024-04-27	3京都3		10.0	御池特別(2勝クラス)								坂井瑠星		芝1400				1:21.4	0.1		7-6	34.8-34.9	34.3	480(+8)				628.6	曇		13.0	4.0	4.0	4.8	3.0	2	58.0	良	**	**		プリモカリーナ																																																									
2020104083	2024-08-10	3新潟1		10.0	新発田城特別(2勝クラス)								北村友一		芝1400				1:20.4	0.1		5-5	33.5-35.0	34.5	478(-2)				230.0	晴		14.0	6.0	10.0	8.1	3.0	4	57.0	良	**	**		サクセスアイ																																																									
2020104083	2024-08-18	2中京4		10.0	中京スポニチ賞(2勝クラス)								幸英明		芝1400				1:20.7	0.6		5-4	34.8-34.0	34.1	476(-2)					晴		16.0	7.0	14.0	6.0	3.0	9	58.0	良	**	**		アクートゥス																																																									
2020104083	2024-11-03	5東京2		12.0	3歳以上2勝クラス								古川奈穂		芝1400				1:21.6	0.6		9-9	35.2-34.3	33.4	474(-2)					晴		13.0	7.0	11.0	10.9	4.0	9	54.0	良	**	**		ハクサンバード																																																									
2020104083	2024-11-10	6京都4		12.0	ドンカスターC(2勝クラス)								坂井瑠星		芝1400				1:20.9	0.2		5-6	35.0-34.4	34.1	480(+6)				629.2	曇		14.0	4.0	5.0	7.5	3.0	2	58.0	良	**	**		フルメタルボディー																																																									
2020104083	2024-12-01	7京都2		12.0	3歳以上2勝クラス								北村友一		芝1400				1:21.1	0.2		6-5	36.1-33.9	33.7	482(+2)				290.0	晴		12.0	4.0	4.0	2.7	1.0	3	58.0	良	**	**		ウルトラソニック																																																									
2020104083	2024-12-22	7京都8		12.0	ジングルベル賞(2勝クラス)								菱田裕二		芝1400				1:22.0	0.8		7-10	35.4-34.2	34.2	480(-2)					晴		17.0	6.0	12.0	3.9	1.0	6	57.0	良	**	**		ヤマニンアルリフラ																																																									
2020104083	2025-03-23	1阪神8		9.0	讃岐特別(2勝クラス)								鮫島克駿		芝1400				1:20.5	0.3		9-7	33.0-35.7	35.4	488(+8)				394.4	晴		13.0	6.0	8.0	12.8	7.0	3	58.0	良	**	**		ヤブサメ																																																									
2020104083	2025-03-29	2阪神1		10.0	ラジオ関西賞仲春特別(2勝クラス)								坂井瑠星		芝1600				1:34.0	0.4		2-2	35.6-34.0	34.3	486(-2)					曇		8.0	3.0	3.0	5.4	3.0	6	57.0	良	**	**		ブルーミンデザイン																																																									
2020104083	2025-04-19	2阪神7		10.0	丹波特別(2勝クラス)								坂井瑠星		芝1400				1:20.7	0.7		11-12	34.3-34.2	33.8	480(-6)					晴		14.0	5.0	8.0	6.7	3.0	9	57.0	良	**	**		レディマリオン																																																									
2020104083	2025-04-26	2京都1		12.0	4歳以上2勝クラス								坂井瑠星		芝1600				1:34.0	1.1		3-3	35.4-33.9	34.8	474(-6)					晴		9.0	5.0	5.0	5.1	4.0	7	58.0	良	**	**		ブリックワーク																																																									
2020104083	2025-08-10	1札幌6		10.0	摩周湖特別(2勝クラス)								菱田裕二		芝1500				1:29.7	1.0		13-14-10	28.9-35.6	34.2	478(+4)					曇		14.0	7.0	12.0	37.9	11.0	6	58.0	良	**	**		フォルテム																																																									
2020104083	2025-08-23	2札幌1		10.0	オールスターJ第1戦(2勝クラス)								ハマーハ		芝1200				1:09.2	0.2		8-8	33.9-35.1	34.5	474(-4)				230.0	晴		14.0	1.0	1.0	28.0	9.0	4	58.0	良	**	**		ハートホイップ																																																									
2020104083	2025-11-23	5東京5		12.0	3歳以上2勝クラス								吉田豊		芝1400				1:21.1	0.6		13-12	35.0-33.8	33.2	476(+2)					曇		18.0	7.0	13.0	48.7	13.0	9	58.0	良	**	**		アニトラ																																																									
2020104083	2025-12-07	5阪神2		12.0	3歳以上2勝クラス								斎藤新		芝1400				1:20.9	1.0		16-15	33.9-35.0	34.4	480(+4)					晴		17.0	5.0	9.0	38.2	13.0	12	58.0	良	**	**		チューラワンサ																																																									
2020104083	2025-12-14	5阪神4		12.0	甲東特別(2勝クラス)								坂井瑠星		芝1600				1:35.1	0.7		10-10	35.0-34.8	34.7	476(-4)					晴		10.0	6.0	6.0	28.6	7.0	7	58.0	良	**	**		ネーヴェフレスカ																																																									
2020104206	2022-07-23	1札幌1		5.0	2歳新馬								池添謙一		ダ1700				1:50.4	3.4		11-11-8-7	30.7-38.3	40.5	474(0)					曇		14.0	5.0	7.0	13.1	4.0	7	54.0	稍	**	**		ミラーオブマインド																																																									
2020104206	2022-10-01	4中山8		3.0	2歳未勝利								内田博幸		ダ1800				1:57.8	2.3		13-13-12-12	37.8-39.5	40.5	474(0)					晴		15.0	1.0	1.0	17.4	7.0	8	55.0	良	**	**		ファルコンミノル																																																									
2020104206	2023-01-29	1東京2		2.0	3歳未勝利								坂井瑠星		ダ2100				2:17.9	2.6		1-2-3-3	31.9-37.3	39.8	478(+4)					晴		16.0	6.0	12.0	46.6	9.0	12	56.0	良	**	**		メイテソーロ																																																									
2020104206	2023-04-22	2東京1		2.0	3歳未勝利								石川裕紀		ダ1400				1:28.0	1.6		3-4	36.4-37.6	38.6	470(-8)					曇		16.0	1.0	2.0	21.2	5.0	6	56.0	良	**	**		モカラエース																																																									
2020104206	2023-05-14	2東京8		1.0	3歳未勝利								石川裕紀		ダ1400				1:24.8	0.1		2-2	35.1-37.7	37.7	472(+2)				220.0	曇		16.0	8.0	15.0	8.1	3.0	2	56.0	稍	**	**		グレイスカリヨン																																																									
2020104206	2023-06-25	3東京8		3.0	3歳未勝利								石川裕紀		ダ1400				1:26.2	0.3		4-4	36.7-36.6	36.4	472(0)				140.0	晴		16.0	6.0	11.0	5.0	3.0	3	56.0	良	**	**		ピエフォール																																																									
2020104206	2023-08-26	3新潟5		3.0	3歳未勝利								内田博幸		ダ1200				1:14.0	0.9		6-6	35.1-38.0	38.3	466(-6)					晴		15.0	4.0	7.0	2.0	1.0	7	56.0	良	**	**		ケイトポムドゥパン																																																									
2020104206	2023-11-04	高知		6.0	みっちゃんガンバ特別(C3)								赤岡修次		ダ1400				1:34.1	1.0		5-4-3-3		42.2	453(-13)				12.0	晴		12.0	5.0	5.0	1.8	1.0	3	56.0	良	**	**		ダノンダンサー																																																									
2020104206	2023-11-18	高知		3.0	やまぐち和牛燦特別(C3)								赤岡修次		ダ1300				1:23.3	-0.1		2-2-2-2		39.7	452(-1)				60.0	曇		10.0	3.0	3.0	2.6	2.0	1	56.0	不	**	**		(スヴニールデジール)																																																									
2020104206	2023-12-02	高知		8.0	ダイナマイト九州特別(C3)								赤岡修次		ダ1400				1:32.3	-0.3		1-1-1-1		40.3	453(+1)				60.0	晴		12.0	7.0	10.0	2.1	1.0	1	56.0	稍	**	**		(ウインクリエ)																																																									
2020104206	2024-01-16	高知		8.0	フクジュソウ特別(C3)								赤岡修次		ダ1400										計不					晴		8.0	1.0	1.0			取	56.0	良	**	**		ワイドカント																																																									
2020104206	2024-01-23	高知		9.0	ロウバイ特別(C3)								赤岡修次		ダ1300				1:23.7	-1.3		1-1-1-1		39.1	465(+12)				110.0	晴		10.0	7.0	8.0	2.1	1.0	1	56.0	重	**	**		(ロードアスタリスク)																																																									
2020104206	2024-02-04	高知		6.0	C2ー3								赤岡修次		ダ1400				1:29.2	-2.1		1-1-1-1		38.9	464(-1)				70.0	曇		8.0	1.0	1.0	1.2	1.0	1	56.0	不	**	**		(リターンオブクイン)																																																									
2020104206	2024-02-18	高知		8.0	残寒特別(C2)								赤岡修次		ダ1400				1:31.5	-1.1		1-1-1-1		39.2	464(0)				130.0	晴		10.0	5.0	5.0	1.3	1.0	1	56.0	稍	**	**		(パルフェグラッセ)																																																									
2020104206	2024-04-20	3京都1		7.0	4歳以上1勝クラス								秋山稔樹		ダ1400				1:26.1	1.2		2-2	34.5-38.5	39.3	462(-2)					曇		14.0	7.0	11.0	5.6	3.0	9	57.0	良	**	**		ペプチドハドソン																																																									
2020104206	2024-05-25	3京都11		6.0	4歳以上1勝クラス								西村淳也		ダ1400				1:25.4	0.4		2-2	34.8-37.7	37.9	450(-12)				80.0	晴		16.0	6.0	11.0	8.7	4.0	5	58.0	良	**	**		マイド																																																									
2020104206	2024-06-15	4京都5		12.0	3歳以上1勝クラス								秋山稔樹		ダ1200				1:12.0	0.7		2-2	34.0-37.3	37.5	456(+6)				80.0	曇		16.0	4.0	7.0	76.3	14.0	5	57.0	良	**	**		インユアパレス																																																									
2020104206	2024-07-07	3小倉4		8.0	3歳以上1勝クラス								秋山稔樹		ダ1000				0:58.1	0.2		4-4	33.2-35.9	35.7	458(+2)				200.0	晴		14.0	8.0	13.0	11.6	5.0	3	57.0	良	**	**		プレヴィスト																																																									
2020104206	2024-11-09	3福島3		7.0	3歳以上1勝クラス								秋山稔樹		ダ1150				1:09.1	0.8		3-3	31.7-36.6	37.2	468(+10)				120.0	晴		16.0	5.0	9.0	6.6	3.0	4	58.0	良	**	**		シャカシャカシー																																																									
2020104206	2024-12-07	7京都3		8.0	3歳以上1勝クラス								坂井瑠星		ダ1200				1:14.5	2.1		5-6	35.6-36.8	38.3	478(+10)					晴		12.0	8.0	12.0	6.7	4.0	11	58.0	良	**	**		メイショウヤーキス																																																									
2020104206	2024-12-22	7京都8		7.0	3歳以上1勝クラス								秋山稔樹		ダ1200				1:14.0	1.1		1-2	35.5-37.4	38.5	474(-4)					晴		16.0	2.0	4.0	67.8	11.0	9	58.0	良	**	**		ヤマカツパトリシア																																																									
2020104206	2025-02-16	1小倉8		3.0	4歳以上1勝クラス								秋山稔樹		ダ1000				0:59.3	1.1		5-8	33.9-35.9	36.5	476(+2)					曇		14.0	5.0	7.0	6.4	4.0	11	58.0	良	**	**		ジェネラーレ																																																									
2020104206	2025-03-08	1阪神3		8.0	4歳以上1勝クラス								秋山稔樹		ダ1200				1:12.8	-0.4		2-2	35.4-37.4	37.3	474(-2)				800.0	曇		16.0	5.0	10.0	28.9	10.0	1	58.0	良	**	**		(セールヴォラン)																																																									
2020104206	2025-05-03	2京都3		12.0	4歳以上2勝クラス								森田誠也		ダ1200				1:11.2	0.3		2-3	35.0-35.9	36.1	470(-4)				290.0	晴		16.0	8.0	16.0	24.0	9.0	3	55.0	稍	**	**		アガシ																																																									
2020104206	2025-05-18	2京都8		12.0	4歳以上2勝クラス								森田誠也		ダ1200				1:11.1	0.8		3-3	34.9-35.4	35.8	466(-4)					曇		16.0	8.0	16.0	11.5	6.0	6	55.0	稍	**	**		イミュータブル																																																									
2020104206	2025-12-14	5阪神4		8.0	3歳以上2勝クラス								森田誠也		ダ1200				1:12.6	1.5		3-3	34.2-36.9	38.1	476(+10)					晴		11.0	6.0	6.0	25.9	7.0	11	55.0	良	**	**		クーデール																																																									
2020104206	2026-01-05	1京都2		8.0	4歳以上2勝クラス								森田誠也		ダ1200				1:14.2	1.7		2-2	35.8-36.7	38.3	478(+2)					晴		15.0	2.0	2.0	72.9	12.0	13	55.0	良	**	**		イリフィ																																																									
2020104215	2023-01-07	1中京2		4.0	3歳新馬								中井裕二		ダ1800				1:57.3	0.4		2-2-1-1	40.7-39.1	39.5	454(0)				160.0	晴		11.0	7.0	9.0	47.3	8.0	3	56.0	良	**	**		トーホウレーゲン																																																									
2020104215	2023-01-22	1小倉4		1.0	3歳未勝利								中井裕二		ダ1700				1:48.3	1.2		12-12-2-2	30.7-38.4	39.5	456(+2)					晴		15.0	5.0	9.0	6.4	2.0	7	56.0	稍	**	**		オウギノカナメ																																																									
2020104215	2023-02-08	船橋		7.0	ベストビット特別(3歳未格)								中井裕二		ダ1700				1:54.2	1.0		2-2-1-1	32.9-41.2	42.2	448(-8)				100.0	曇		10.0	8.0	10.0	2.4	1.0	2	56.0	良	**	**		コスモメイゲツ																																																									
2020104215	2023-04-30	1新潟2		3.0	3歳未勝利								小崎綾也		ダ1800				1:55.7	3.3		2-3-4-5	35.9-38.8	41.6	460(+12)					小雨		15.0	7.0	13.0	20.2	7.0	11	56.0	重	**	**		ヤマニンエンディマ																																																									
2020104215	2023-06-11	1函館2		2.0	3歳未勝利								亀田温心		ダ1700				1:46.9	1.6		5-5-4-6	29.3-38.0	39.1	454(-6)					曇		14.0	4.0	6.0	50.1	10.0	6	56.0	稍	**	**		ドゥラレジリエント																																																									
2020104215	2023-06-17	1函館3		2.0	3歳未勝利								亀田温心		ダ1700				1:48.2	1.8		12-12-9-10	30.4-37.2	37.7	452(-2)				140.0	曇		14.0	6.0	10.0	10.9	7.0	3	56.0	良	**	**		ジュエルマイスター																																																									
2020104215	2023-07-02	2函館2		4.0	3歳未勝利								亀田温心		ダ1700				1:47.1	0.8		3-3-3-3	29.9-38.0	38.6	458(+6)				220.0	小雨		11.0	2.0	2.0	3.7	2.0	2	56.0	稍	**	**		サトノウェーブ																																																									
2020104215	2023-07-22	1札幌1		3.0	3歳未勝利								亀田温心		ダ1700				1:47.6	-0.1		11-10-6-4	30.1-39.2	38.4	462(+4)				550.0	晴		14.0	7.0	11.0	8.4	6.0	1	56.0	良	**	**		(ホウオウプレシャス)																																																									
2020104215	2023-10-11	川崎		10.0	オクトーバースター賞(B2B3)								亀田温心		ダ1600				1:44.5	1.6		2-2-1-2	37.3-39.8	41.4	465(+3)				100.0	晴		9.0	7.0	8.0	4.3	2.0	3	57.0	稍	**	**		アッチャゴーラ																																																									
2020104215	2023-10-25	船橋		9.0	フェイスフルブーツ特(B2B3)								森泰斗		ダ1800				1:54.9	0.1		2-2-2-1	36.5-39.5	39.6	458(-7)				160.0	晴		7.0	6.0	6.0	4.5	2.0	2	57.0	良	**	**		ペルマナント																																																									
2020104215	2023-12-10	4中京4		7.0	3歳以上1勝クラス								大久保友		ダ1800				1:55.6	1.2		7-7-4-5	37.7-38.6	39.4	458(0)					晴		10.0	7.0	8.0	7.6	4.0	9	54.0	良	**	**		ミヤジシャルマン																																																									
2020104215	2024-01-18	姫路		11.0	JRA交流夢前川特別								河原田菜		ダ1500				1:37.9	0.0		2-2-1-1		40.3	457(-1)				80.0	雨		11.0	5.0	5.0	2.0	1.0	2	52.0	稍	**	**		ファムスパーブ																																																									
2020104215	2024-02-25	1阪神2		6.0	4歳以上1勝クラス								和田竜二		ダ1800				1:53.0	1.2		8-9-5-6	36.7-37.5	38.1	456(-1)					小雨		10.0	3.0	3.0	9.8	4.0	8	57.0	不	**	**		ネッケツシャチョウ																																																									
2020104215	2024-03-16	1阪神7		7.0	4歳以上1勝クラス								亀田温心		ダ1800				1:54.8	0.3		5-5-5-5	38.1-37.9	37.7	460(+4)				200.0	晴		9.0	7.0	7.0	51.6	7.0	3	58.0	良	**	**		ペプチドソレイユ																																																									
2020104215	2024-05-08	川崎		10.0	メイスター賞(B2B3)								笹川翼		ダ1600				1:42.7	0.0		5-5-5-1	36.9-39.5	39.0	450(-10)				160.0	雨		13.0	4.0	5.0	2.7	1.0	2	57.0	稍	**	**		ルショコラ																																																									
2020104215	2024-09-15	3中京4		8.0	3歳以上1勝クラス								亀田温心		ダ1800				1:51.6	1.1		3-3-4-3	37.4-36.8	37.6	466(+16)				80.0	曇		12.0	1.0	1.0	18.1	6.0	5	58.0	重	**	**		スリリングチェイス																																																									
2020104215	2024-10-10	園田		10.0	JRA交流猪名川特別								亀田温心		ダ1870				2:04.4	0.1		1-1-2-2		40.1	469(+3)				80.0	晴		8.0	6.0	6.0	2.7	2.0	2	56.0	稍	**	**		レイドデザート																																																									
2020104215	2024-10-20	4新潟6		3.0	3歳以上1勝クラス								亀田温心		ダ1800				1:52.9	-0.1		1-1-1-1	36.8-37.7	37.7	468(-1)				800.0	晴		10.0	1.0	1.0	4.3	2.0	1	58.0	稍	**	**		(メイショウソムリエ)																																																									
2020104215	2024-11-10	3福島4		10.0	福島放送賞(2勝クラス)								小崎綾也		ダ1700				1:46.1	0.2		12-12-8-7	29.7-38.8	38.3	462(-6)				631.6	晴		15.0	4.0	7.0	18.2	10.0	2	58.0	良	**	**		スズノテレサ																																																									
2020104215	2024-12-22	7京都8		9.0	クリスマスエルフ賞(2勝クラス)								亀田温心		ダ1800				1:54.9	1.1		12-12-11-10	37.2-38.6	38.1	458(-4)					晴		16.0	7.0	14.0	24.9	8.0	9	58.0	良	**	**		タンゴバイラリン																																																									
2020104215	2025-01-25	1小倉1		10.0	企救丘特別(2勝クラス)								横山武史		ダ1700				1:47.0	1.2		10-7-2-3	30.3-38.2	39.1	450(-8)					晴		16.0	2.0	3.0	19.6	7.0	11	58.0	良	**	**		ポワンキュルミナン																																																									
2020104215	2025-02-23	1小倉10		10.0	和布刈特別(2勝クラス)								小崎綾也		ダ1700				1:45.8	0.6		12-12-9-9	29.1-39.2	37.7	452(+2)				155.0	曇		14.0	7.0	12.0	55.1	11.0	5	58.0	良	**	**		サイモンブーケ																																																									
2020104215	2025-03-22	1阪神7		12.0	4歳以上2勝クラス								太宰啓介		ダ1800				1:55.2	1.7		10-10-12-10	37.7-38.5	38.7	462(+10)					晴		16.0	3.0	6.0	36.6	11.0	10	58.0	良	**	**		トウカイポワール																																																									
2020104215	2025-04-13	2阪神6		8.0	天神橋特別(2勝クラス)								津村明秀		ダ1800				1:53.5	0.9		10-10-10-11	36.5-39.0	38.8	470(+8)				155.0	雨		12.0	3.0	3.0	118.2	11.0	5	58.0	稍	**	**		ダブルジョーク																																																									
2020104215	2025-04-27	2京都2		12.0	4歳以上2勝クラス								北村友一		ダ1800				1:52.9	0.9		12-12-12-11	37.0-37.2	36.7	472(+2)					晴		12.0	5.0	6.0	16.0	7.0	7	58.0	良	**	**		スマートリアファル																																																									
2020104215	2025-07-05	2小倉3		10.0	TAインディア賞(2勝クラス)								川須栄彦		ダ1700				1:48.4	1.8		9-8-6-7	30.6-37.2	38.6	484(+12)					晴		11.0	8.0	11.0	37.6	7.0	11	58.0	良	**	**		メイショウズイウン																																																									
2020104215	2025-07-26	1札幌1		12.0	桑園特別(2勝クラス)								黛弘人		ダ1700				1:46.2	1.0		6-5-5-5	30.8-36.5	36.9	492(+8)				230.0	小雨		14.0	2.0	2.0	108.1	13.0	4	58.0	良	**	**		ワイドブリザード																																																									
2020104215	2025-08-10	1札幌6		12.0	Fビレッジ特別(2勝クラス)								荻野琢真		ダ1700				1:45.3	1.4		14-13-12-12	29.3-37.5	37.6	494(+2)				155.0	曇		14.0	6.0	9.0	124.5	14.0	5	55.0	良	**	**		イムホテプ																																																									
2020104215	2025-09-20	4阪神6		12.0	3歳以上2勝クラス								荻野琢真		ダ1800				1:54.2	2.1		10-13-10-10	37.3-37.9	39.1	490(-4)					曇		16.0	4.0	8.0	63.6	10.0	11	58.0	良	**	**		カミノレアル																																																									
2020104215	2025-10-19	4東京7		10.0	西湖特別(2勝クラス)								柴田善臣		ダ1600				1:38.3	0.8		5-4	35.5-36.3	36.7	488(-2)				155.0	曇		13.0	8.0	12.0	60.7	11.0	5	58.0	良	**	**		クールブロン																																																									
2020104215	2025-11-15	5東京3		9.0	三浦特別(2勝クラス)								柴田善臣		ダ1600				1:38.0	0.7		4-4	35.7-36.7	37.1	492(+4)					晴		16.0	8.0	15.0	81.6	12.0	8	58.0	良	**	**		ロフティストーリー																																																									
2020104228	2023-04-02	2阪神4		1.0	3歳未勝利								坂井瑠星		ダ1800				1:57.8	2.2		4-4-4-6	37.8-38.2	40.0	520(0)					晴		16.0	6.0	11.0	10.4	4.0	11	56.0	良	**	**		ダイヤグラフ																																																									
2020104228	2023-06-17	3阪神5		6.0	3歳未勝利								坂井瑠星		ダ1400				1:25.3	-0.3		2-2	35.3-37.4	37.3	520(0)				550.0	晴		16.0	8.0	16.0	4.1	2.0	1	56.0	良	**	**		(ランドティターン)																																																									
2020104228	2023-07-08	3中京3		6.0	3歳以上1勝クラス								坂井瑠星		ダ1400				1:24.9	1.0		4-4	34.1-38.1	38.8	522(+2)				120.0	曇		16.0	1.0	1.0	17.6	7.0	4	55.0	良	**	**		エンペラーワケア																																																									
2020104228	2023-11-25	3京都7		8.0	3歳以上1勝クラス								坂井瑠星		ダ1400				1:23.7	-0.3		4-3	34.4-37.4	37.0	538(+16)				800.0	晴		15.0	8.0	16.0	5.3	3.0	1	57.0	良	**	**		(フィルムアクトレス)																																																									
2020104228	2023-12-10	5阪神4		12.0	夙川特別(2勝クラス)								坂井瑠星		ダ1400				1:24.6	-0.7		2-2	35.1-37.1	37.0	536(-2)				1582.9	晴		13.0	7.0	11.0	2.1	1.0	1	56.0	良	**	**		(フェルヴェンテ)																																																									
2020104228	2024-04-13	2阪神7		10.0	天満橋S(3勝クラス)								坂井瑠星		ダ1400				1:24.1	0.4		6-6	34.5-37.1	36.9	532(-4)				280.0	晴		15.0	7.0	13.0	2.1	1.0	4	57.0	良	**	**		ロードラディウス																																																									
2020104228	2024-05-19	3京都10		11.0	高瀬川S(3勝クラス)								鮫島克駿		ダ1400				1:24.2	0.4		3-3	34.4-37.2	37.2	524(-8)				280.0	小雨		16.0	8.0	15.0	3.9	1.0	4	57.0	良	**	**		エルゲルージ																																																									
2020104228	2024-08-17	3新潟3		10.0	上越S(3勝クラス)								ルメール		ダ1200				1:11.7	0.5		5-5	34.0-37.2	37.3	526(+2)				280.0	晴		15.0	3.0	5.0	2.4	1.0	4	58.0	良	**	**		ジュンウィンダム																																																									
2020104228	2024-09-14	4中山3		11.0	初風S(3勝クラス)								横山武史		ダ1200				1:12.3	1.0		4-6	33.9-37.4	37.6	528(+2)					晴		16.0	5.0	10.0	4.2	2.0	8	57.0	良	**	**		エティエンヌ																																																									
2020104228	2024-11-30	7京都1		10.0	姫路S(3勝クラス)								ムーア		ダ1200				1:11.8	0.1		4-3	35.0-36.7	36.4	536(+8)				464.8	晴		15.0	6.0	11.0	6.8	3.0	3	58.0	稍	**	**		ジョーローリット																																																									
2020104228	2024-12-22	5中山8		12.0	フェアウェルS(3勝クラス)								ムーア		ダ1200				1:10.8	-0.8		3-3	33.3-37.5	37.3	538(+2)				1873.6	晴		16.0	4.0	8.0	4.3	2.0	1	58.0	良	**	**		(エンヤラヴフェイス)																																																									
2020104228	2025-01-19	1中山7		10.0	ジャニュアリーS(OP)								キング		ダ1200				1:10.9	0.7		1-1	33.3-36.9	37.6	540(+2)					曇		16.0	6.0	11.0	3.3	2.0	8	57.0	良	**	**		ジャスパーゴールド																																																									
2020104244	2022-07-30	2新潟1		5.0	2歳新馬								Ｍ．デム		芝1600				1:37.4	1.6		5-5	38.2-32.0	33.2	484(0)					晴		12.0	5.0	6.0	13.9	5.0	7	54.0	良	**	**		リバティアイランド																																																									
2020104244	2022-11-05	5阪神1		3.0	2歳未勝利								武豊		芝1600				1:36.3	0.3		2-2	36.6-33.9	34.2	488(+4)				210.0	晴		11.0	4.0	4.0	9.0	3.0	2	55.0	良	**	**		ダルエスサラーム																																																									
2020104244	2022-11-26	5阪神7		1.0	2歳未勝利								武豊		ダ1800				1:54.7	1.1		2-3-3-3	37.6-37.4	38.3	488(0)				210.0	曇		11.0	8.0	10.0	3.4	2.0	2	55.0	稍	**	**		ジョヴィアン																																																									
2020104244	2023-01-07	1中京2		3.0	3歳未勝利								武豊		ダ1900				2:03.0	0.5		5-5-4-4	30.3-40.1	40.3	490(+2)					晴		13.0	3.0	3.0	4.3	3.0	6	56.0	良	**	**		マサハヤウォルズ																																																									
2020104244	2023-08-26	3小倉5		6.0	3歳未勝利								角田大河		ダ1700				1:47.7	3.7		4-3-3-3	29.7-37.7	41.1	500(+10)					晴		15.0	8.0	15.0	3.7	1.0	12	55.0	稍	**	**		ララマルシュドロワ																																																									
2020104244	2023-11-28	園田		10.0	C2一								笹田知宏		ダ1400				1:32.5	-0.6		3-3-5-3		39.3	518(+18)				70.0	曇		10.0	2.0	2.0	2.7	2.0	1	56.0	良	**	**		(トウカイフィエロ)																																																									
2020104244	2023-12-20	園田		12.0	クリスマスローズ賞C(C1)								笹田知宏		ダ1870				2:05.7	-0.7		2-2-1-1		39.7	513(-5)				110.0	晴		12.0	7.0	9.0	2.7	2.0	1	56.0	稍	**	**		(マイネルイヴィンス)																																																									
2020104244	2024-02-17	1東京7		12.0	4歳以上1勝クラス								キング		ダ1600				1:40.3	2.6		4-5	34.5-38.8	40.8	512(-1)					曇		16.0	1.0	2.0	23.9	8.0	13	58.0	良	**	**		ピックアップライン																																																									
2020104244	2024-03-03	1阪神4		6.0	4歳以上1勝クラス								古川奈穂		ダ1800				1:56.6	2.1		7-7-8-8	37.1-39.1	39.8	500(-12)					晴		8.0	2.0	2.0	48.0	7.0	6	54.0	稍	**	**		ドンアチェカ																																																									
2020104244	2024-06-29	2福島1		4.0	障害3歳以上未勝利								大江原圭		障2750				3:03.2	3.4		10-9-9-9	107.0-0.0	13.3	502(+2)					晴		13.0	5.0	6.0	95.2	11.0	9	60.0	良				マイネルコロンブス																																																									
2020104244	2024-09-07	4中山1		1.0	障害3歳以上未勝利								大江原圭		障2880				3:18.8	4.0		3-3-3-7	108.0-0.0	13.8	504(+2)					晴		8.0	4.0	4.0	70.7	8.0	7	60.0	良				インディゴブラック																																																									
2020104244	2024-12-22	7京都8		5.0	障害3歳以上未勝利								大江原圭		障2910				3:24.6	5.8		10-10-7-7	109.0-0.0	14.1	518(+14)					曇		14.0	5.0	8.0	74.8	10.0	9	60.0	良				マテンロウジョイ																																																									
2020104244	2025-03-18	高知		5.0	遠藤孝之定年記念特別(C3)								岡遼太郎		ダ1300				1:25.6	0.7		5-5-5-3		39.9	528(+10)				21.0	晴		11.0	4.0	4.0	1.7	1.0	2	56.0	重	**	**		ダニエラハニー																																																									
2020104429	2023-04-15	2阪神7		1.0	3歳未勝利								松若風馬		ダ1400				1:24.9	0.3		2-2	35.7-36.7	36.8	490(0)				220.0	雨		16.0	6.0	12.0	3.5	1.0	2	54.0	不	**	**		アロットドリーム																																																									
2020104429	2023-05-06	1京都5		1.0	3歳未勝利								松若風馬		ダ1400				1:26.3	0.6		1-1	34.9-38.7	39.3	492(+2)				140.0	曇		15.0	2.0	2.0	1.7	1.0	3	54.0	良	**	**		スナークメモリー																																																									
2020104429	2023-06-03	3阪神1		3.0	3歳未勝利								松若風馬		ダ1200				1:11.2	0.3		1-1	34.3-36.6	36.9	488(-4)				140.0	晴		16.0	6.0	11.0	1.5	1.0	3	54.0	重	**	**		メイショウナナクサ																																																									
2020104429	2023-07-02	3中京2		3.0	3歳未勝利								松山弘平		ダ1400				1:24.7	0.6		2-2	34.2-37.9	38.4	482(-6)				140.0	晴		16.0	2.0	4.0	2.0	1.0	3	54.0	重	**	**		ローズバルサム																																																									
2020104429	2023-07-16	3中京6		2.0	3歳未勝利								松若風馬		ダ1200				1:12.1	-0.4		2-2	34.6-37.5	37.4	478(-4)				550.0	晴		16.0	3.0	6.0	3.8	1.0	1	54.0	良	**	**		(カレンチャンキー)																																																									
2020104429	2023-08-27	3小倉6		12.0	3歳以上1勝クラス								松若風馬		ダ1000				0:57.9	0.0		1-1	33.7-35.5	35.5	478(0)				320.0	晴		14.0	1.0	1.0	1.4	1.0	2	54.0	良	**	**		フォルティーナ																																																									
2020104429	2023-10-21	4新潟3		8.0	3歳以上1勝クラス								佐々木大		ダ1200				1:10.6	-0.2		1-1	34.0-36.6	36.6	482(+4)				800.0	小雨		14.0	4.0	6.0	1.8	1.0	1	54.0	重	**	**		(ヤマカツパトリシア)																																																									
2020104429	2023-12-09	4中京3		10.0	豊川特別(2勝クラス)								松若風馬		ダ1200				1:12.6	1.1		2-2	34.4-37.1	38.1	486(+4)					晴		16.0	5.0	10.0	2.7	1.0	10	55.0	良	**	**		ドラゴンゴクウ																																																									
2020104429	2024-02-04	1東京4		12.0	4歳以上2勝クラス								戸崎圭太		ダ1300				1:19.2	0.8		2-2	29.5-37.0	37.4	476(-10)				170.0	曇		16.0	8.0	15.0	4.1	2.0	4	56.0	良	**	**		タイセイジャスパー																																																									
2020104429	2024-03-09	1中京1		9.0	伊良湖特別(2勝クラス)								三浦皇成		ダ1200				1:14.6	1.6		1-1	34.2-38.8	40.4	482(+6)					曇		16.0	1.0	1.0	3.5	1.0	16	56.0	良	**	**		ロングファイナリー																																																									
2020104429	2024-05-19	1新潟8		10.0	火打山特別(2勝クラス)								泉谷楓真		ダ1200				1:11.7	0.6		3-3	33.6-37.5	37.6	482(0)					晴		15.0	3.0	5.0	11.9	4.0	7	56.0	良	**	**		シラキヌ																																																									
2020104429	2024-07-13	3小倉5		9.0	雲仙特別(2勝クラス)								松若風馬		ダ1000				0:58.1	0.7		6-5	33.4-35.1	35.2	480(-2)				230.0	曇		14.0	2.0	2.0	5.8	3.0	4	56.0	良	**	**		ハンベルジャイト																																																									
2020104429	2024-07-27	2新潟1		12.0	出雲崎特別(2勝クラス)								松若風馬		ダ1200				1:10.9	-0.3		1-1	34.2-36.7	36.7	484(+4)				1582.9	曇		15.0	3.0	4.0	6.7	3.0	1	56.0	良	**	**		(ストリンジェンド)																																																									
2020104429	2024-08-17	3新潟3		10.0	上越S(3勝クラス)								丸山元気		ダ1200				1:11.4	0.2		1-1	34.0-37.2	37.4	480(-4)				749.4	晴		15.0	8.0	14.0	7.8	4.0	2	56.0	良	**	**		ジュンウィンダム																																																									
2020104429	2024-11-02	3福島1		11.0	フルーツラインC(3勝クラス)								丸山元気		ダ1150				1:06.9	-0.9		1-1	30.9-36.0	36.0	488(+8)				1879.2	雨		16.0	1.0	2.0	3.7	1.0	1	56.0	不	**	**		(アイファーシアトル)																																																									
2020104429	2024-12-22	7京都8		11.0	りんくうS(OP)								泉谷楓真		ダ1200				1:13.7	2.2		2-2	34.8-36.7	38.8	494(+6)					晴		16.0	6.0	12.0	16.1	7.0	14	55.0	良	**	**		ドンアミティエ																																																									
2020104429	2025-02-23	1京都8		11.0	大和S(OP)								加藤祥太		ダ1200				1:13.3	2.1		4-4	35.4-35.8	37.5	496(+2)					曇		16.0	3.0	6.0	67.9	11.0	16	55.0	良	**	**		ドンアミティエ																																																									
2020104429	2025-05-04	1新潟2		11.0	越後S(OP)								丸山元気		ダ1200							8-12	33.6-37.4		488(-8)					晴		15.0	2.0	2.0	15.6	6.0	中	56.0	稍	**	**		ブシン																																																									
2020104429	2025-07-20	2福島8		11.0	福島テレビ賞(OP)								加藤祥太		ダ1150				1:08.2	0.9		1-1	31.2-36.1	37.0	492(+4)					晴		13.0	5.0	7.0	22.3	9.0	9	55.0	良	**	**		シアージスト																																																									
2020104429	2025-08-03	2新潟4		7.0	アイビスサマーD(GIII)								加藤祥太		芝1000				0:55.0	1.3		2	32.0-32.0	33.2	494(+2)					晴		18.0	6.0	11.0	70.2	13.0	15	55.0	良	**	**		ピューロマジック																																																									
2020104550	2022-09-17	4中山3	晴	5.0	2歳新馬		13.0	4.0	5.0	18.1	5.0	6	小沢大仁	53.0	芝1800		良	**	1:51.3	1.2	**	4-4-5-4	38.2-34.6	35.3	476(0)			ティファニードンナ																																																																								
2020104550	2022-10-02	5中京9	晴	3.0	2歳未勝利		13.0	4.0	4.0	39.3	10.0	5	小沢大仁	54.0	芝1600		良	**	1:35.7	0.3	**	13-12-10	35.8-35.2	34.4	474(-2)			メランポジューム	52.0																																																																							
2020104550	2022-10-09	4阪神2	曇	2.0	2歳未勝利		10.0	4.0	4.0	13.0	5.0	1	小沢大仁	54.0	芝1800		良	**	1:48.0	-0.1	**	4-3	36.2-34.1	33.8	472(-2)			(マイネルメモリー)	520.0																																																																							
2020104550	2023-04-08	1福島1	曇	9.0	ひめさゆり賞(1勝クラス)		10.0	7.0	8.0			取	小沢大仁	56.0	芝2000		良	**			**		34.6-36.6		計不			ソレイユヴィータ																																																																								
2020104550	2023-04-22	1京都1	晴	9.0	あやめ賞(1勝クラス)		8.0	1.0	1.0	45.6	8.0	5	小沢大仁	56.0	芝1800		良	**	1:45.9	0.9	**	5-6	33.1-35.5	35.8	482(+10)			プッシュオン	107.0																																																																							
2020104550	2023-05-14	2東京8	曇	5.0	3歳1勝クラス		13.0	2.0	2.0	56.7	8.0	2	団野大成	56.0	芝1800		良	**	1:48.2	0.8	**	5-6-6	35.9-33.3	33.6	486(+4)			レーベンスティール	310.0																																																																							
2020104550	2023-05-28	1京都12	晴	11.0	白百合S(L)		8.0	2.0	2.0	19.8	6.0	4	団野大成	56.0	芝1800		良	**	1:46.4	0.4	**	4-3	35.1-34.1	34.3	474(-12)			バルサムノート	300.0																																																																							
2020104550	2023-07-29	2新潟1	晴	9.0	出雲崎特別(1勝クラス)		17.0	7.0	13.0	24.8	6.0	4	三浦皇成	55.0	芝1800		良	**	1:45.6	0.2	**	7-8	34.7-34.3	33.8	482(+8)			トーホウガレオン	170.0																																																																							
2020104550	2023-09-09	4阪神1	晴	8.0	3歳以上1勝クラス		10.0	2.0	2.0	2.5	2.0	2	川田将雅	55.0	芝1800		良	**	1:45.8	0.1	**	4-4	35.6-34.2	34.0	468(-14)			スカーズ	320.0																																																																							
2020104550	2023-12-03	5阪神2	晴	7.0	3歳以上1勝クラス		11.0	6.0	7.0	3.9	2.0	3	団野大成	57.0	芝1800		良	**	1:46.4	0.4	**	4-4	35.5-34.6	34.7	480(+12)			ゴートゥファースト	200.0																																																																							
2020104550	2023-12-16	5阪神5	曇	12.0	3歳以上1勝クラス		10.0	1.0	1.0	2.6	1.0	1	川田将雅	57.0	芝1800		稍	**	1:47.2	-0.4	**	4-4	36.5-34.0	33.6	480(0)			(ユメハハテシナク)	800.0																																																																							
2020104550	2024-01-14	1京都5	晴	9.0	逢坂山特別(2勝クラス)		11.0	1.0	1.0	3.8	2.0	1	川田将雅	55.0	芝1800		良	**	1:47.0	-0.1	**	4-3	35.4-34.8	34.5	476(-4)			(ショウナンアデイブ)	1574.5																																																																							
2020104550	2024-03-17	2中山8	晴	9.0	スピカS(3勝クラス)		16.0	1.0	1.0	13.2	6.0	14	坂井瑠星	58.0	芝1800		良	**	1:48.5	0.9	**	6-6-6-7	36.0-34.9	35.1	486(+10)			グランディア																																																																								
2020104550	2024-04-07	2阪神6	晴	10.0	ダイワスカーレットC(3勝クラス)		16.0	4.0	7.0	25.5	9.0	10	武豊	56.0	芝2000		良	**	1:59.7	0.9	**	7-8-8-8	35.6-34.5	34.7	482(-4)			エーデルブルーメ																																																																								
2020104550	2024-06-23	3東京8	曇	10.0	甲州街道S(3勝クラス)		16.0	3.0	6.0	33.6	9.0	15	原優介	55.0	ダ1600		重	**	1:37.5	3.0	**	7-7	35.2-35.5	37.8	486(+4)			ニシノカシミヤ																																																																								
2020104550	2024-06-29	3小倉1	曇	11.0	博多S(3勝クラス)		13.0	6.0	8.0	110.5	11.0	3	小沢大仁	55.0	芝1800		良	**	1:47.0	0.5	**	7-7-9-9	34.4-37.3	36.6	474(-12)			アルジーヌ	463.9																																																																							
2020104550	2024-07-14	2福島6	小雨	10.0	阿武隈S(3勝クラス)		14.0	2.0	2.0	20.9	8.0	2	小沢大仁	55.0	芝2000		良	**	2:00.7	0.1	**	3-3-4-2	36.0-35.7	35.5	476(+2)			ウインシュクラン	748.4																																																																							
2020104550	2024-11-09	6京都3	晴	9.0	修学院S(3勝クラス)		14.0	6.0	9.0	34.3	10.0	4	団野大成	56.0	芝2000		良	**	1:58.1	0.3	**	3-3-3-3	35.6-35.8	35.5	490(+14)			ショウナンアデイブ	280.0																																																																							
2020104550	2024-12-01	7京都2	晴	10.0	嵯峨野S(3勝クラス)		13.0	7.0	11.0	39.1	6.0	11	戸崎圭太	58.0	芝1800		良	**	1:47.2	1.3	**	5-5	35.5-33.6	34.5	490(0)			オールナット																																																																								
2020104550	2024-12-22	7京都8	晴	10.0	サンタクロースS(3勝クラス)		14.0	7.0	12.0	28.9	7.0	11	団野大成	58.0	芝2000		良	**	2:01.8	0.9	**	4-5-5-4	37.8-34.1	34.7	486(-4)			ホウオウプロサンゲ																																																																								
2020104550	2025-03-02	1小倉12	曇	11.0	関門橋S(3勝クラス)		13.0	5.0	6.0	10.6	7.0	3	小沢大仁	58.0	芝2000		重	**	2:04.5	0.1	**	4-4-7-4	37.4-36.9	36.5	488(+2)			アスクドゥポルテ	464.3																																																																							
2020104550	2025-04-06	3中山4	晴	11.0	美浦S(3勝クラス)		16.0	7.0	14.0	24.6	7.0	2	斎藤新	58.0	芝2000		良	**	1:59.7	0.1	**	5-5-3-3	35.9-35.7	35.5	482(-6)			レガーロデルシエロ	749.6																																																																							
2020104550	2025-06-28	2福島1	晴	11.0	バーデンバーデンC(3勝クラス)		16.0	3.0	5.0	7.8	4.0	4	西塚洸二	58.0	芝2000		良	**	1:59.4	0.1	**	7-6-7-6	34.6-36.2	35.8	482(0)			アンゴラブラック	280.0																																																																							
2020104550	2025-07-19	2福島7	晴	11.0	阿武隈S(3勝クラス)		10.0	1.0	1.0	4.8	2.0	2	小沢大仁	57.0	芝1800		良	**	1:49.7	0.1	**	5-5-5-5	36.5-36.1	35.7	482(0)			アンリーロード	746.8																																																																							
2020104550	2025-08-16	3中京7	晴	7.0	高山S(3勝クラス)		9.0	6.0	6.0	4.4	2.0	8	団野大成	57.0	芝2000		良	**	1:59.3	0.9	**	3-3-3-4	36.2-34.5	35.1	478(-4)			バールデュヴァン																																																																								
2020104550	2025-11-16	4京都4	晴	12.0	ドンカスターC(3勝クラス)		12.0	8.0	11.0	10.3	5.0	6	川田将雅	57.0	芝1800		良	**	1:46.2	0.6	**	2-2	36.1-33.9	34.1	484(+6)			ガイアメンテ																																																																								
2020104550	2025-12-13	5中山3	曇	11.0	常総S(3勝クラス)		16.0	2.0	4.0	5.2	2.0	7	マーカン	58.0	芝1800		良	**	1:47.8	0.5	**	4-4-4-4	36.7-34.3	34.5	488(+4)			マイネルオーシャン																																																																								
2020104553	2023-04-15	2阪神7		4.0	3歳未勝利								和田竜二		ダ2000				2:07.0	1.8		13-13-11-10	35.8-35.8	36.5	526(0)				140.0																																											雨		14.0	8.0	13.0	59.5	8.0	3	56.0	不	**	**		ロードトラスト															
2020104553	2023-05-13	1京都7		2.0	3歳未勝利								和田竜二		ダ1900				2:04.0	0.6		7-7-5-6	31.1-38.5	38.6	524(-2)				55.0																																											曇		10.0	8.0	10.0	2.9	2.0	5	56.0	良	**	**		モズバンディット															
2020104553	2023-06-04	3阪神2		3.0	3歳未勝利								和田竜二		ダ2000				2:06.7	0.2		4-4-4-4	36.1-39.4	39.1	512(-12)				220.0																																											晴		16.0	1.0	1.0	4.3	2.0	2	56.0	稍	**	**		ワンダーエッジ															
2020104553	2023-07-02	3中京2		2.0	3歳未勝利								和田竜二		ダ1900				2:01.2	1.4		6-6-4-3	29.8-38.8	39.7	512(0)				83.0																																											晴		16.0	2.0	3.0	3.2	1.0	4	56.0	重	**	**		ピエナパイロ															
2020104553	2023-07-16	3中京6		4.0	3歳未勝利								団野大成		ダ1800				1:55.8	1.2		5-4-4-4	37.6-38.0	39.0	510(-2)																																															晴		16.0	3.0	5.0	10.6	7.0	8	56.0	良	**	**		ガウロン															
2020104553	2023-08-26	3小倉5		2.0	3歳未勝利								和田竜二		芝2600				2:42.0	0.0		13-13-10-8	36.0-37.1	36.3	518(+8)				550.0																																											晴		16.0	6.0	12.0	12.5	5.0	1	56.0	稍	**	**		(エストラーダ)															
2020104553	2023-11-11	3福島3		8.0	3歳以上1勝クラス								佐々木大		芝2600				2:47.0	2.3		8-8-5-9	38.3-36.7	38.5	526(+8)																																															晴		12.0	2.0	2.0	10.9	5.0	10	55.0	良	**	**		サイブレーカー															
2020104553	2024-01-27	1小倉5		9.0	足立山特別(1勝クラス)								鮫島克駿		芝2600				2:40.3	0.1		1-1-1-1	36.3-36.9	37.0	510(-16)				449.2																																											晴		14.0	3.0	3.0	54.1	10.0	2	57.0	良	**	**		トロピカルライト															
2020104553	2024-03-03	2小倉8		9.0	脊振山特別(1勝クラス)								鮫島克駿		芝2600				2:42.2	-0.2		1-1-1-1	38.1-35.3	35.3	510(0)				1135.9																																											曇		11.0	6.0	7.0	3.4	2.0	1	57.0	稍	**	**		(ゼンノインヴォーク)															
2020104553	2024-04-14	1福島4		10.0	奥の細道特別(2勝クラス)								永野猛蔵		芝2600				2:40.8	1.3		8-8-7-8	36.5-35.2	35.8	514(+4)																																															晴		16.0	8.0	15.0	15.4	8.0	11	58.0	良	**	**		フルール															
2020104553	2024-07-06	3小倉3		10.0	西部スポニチ賞(2勝クラス)								西村淳也		芝2600				2:41.1	3.3		8-8-6-8	36.5-35.9	37.9	516(+2)																																															晴		9.0	8.0	9.0	6.9	3.0	8	55.0	良	**	**		メリオーレム															
2020104553	2024-11-09	6京都3		12.0	3歳以上2勝クラス								鮫島克駿		芝2400				2:29.4	2.5		1-1-4-4	37.6-34.4	36.6	524(+8)																																															晴		6.0	2.0	2.0	23.0	6.0	6	58.0	良	**	**		キングサーガ															
2020104553	2025-01-26	1小倉2		10.0	海の中道特別(2勝クラス)								川又賢治		芝2600				2:40.5	0.8		13-14-15-15	37.0-35.7	35.0	528(+4)																																															晴		16.0	4.0	7.0	59.0	9.0	10	58.0	良	**	**		グランアルティスタ															
2020104553	2025-02-22	1小倉9		10.0	皿倉山特別(2勝クラス)								西塚洸二		芝2600				2:42.0	3.1		1-1-2-5	36.3-35.2	38.3	530(+2)																																															晴		13.0	6.0	8.0	26.3	11.0	13	58.0	良	**	**		ヴォランテ															
2020104553	2025-04-20	1福島4		10.0	奥の細道特別(2勝クラス)								武藤雅		芝2600				2:42.6	0.9		12-12-14-14	39.1-35.6	35.4	528(-2)																																															曇		15.0	4.0	6.0	124.8	13.0	10	58.0	良	**	**		キットハナガサク															
2020104553	2025-07-06	1函館8		10.0	横津岳特別(2勝クラス)								川又賢治		芝2600				2:45.2	1.7		6-6-9-10	39.2-36.5	37.5	548(+20)																																															晴		10.0	7.0	8.0	59.8	9.0	10	54.0	稍	**	**		チュウワモーニング															
2020104553	2025-08-17	1札幌8		12.0	阿寒湖特別(2勝クラス)								川又賢治		芝2600				2:46.4	3.2		6-7-7-10	37.7-36.6	39.1	538(-10)																																															曇		14.0	4.0	5.0	206.5	13.0	12	58.0	稍	**	**		レクスノヴァス															
2020104553	2025-11-16	3福島4		10.0	三陸特別(2勝クラス)								川又賢治		芝2600				2:42.7	1.3		11-12-10-8	37.0-35.1	35.6	516(-22)																																															晴		16.0	8.0	15.0	212.4	16.0	11	58.0	良	**	**		ローザサンリヴァル															
2020104564	2022-12-18	6阪神6		5.0	2歳新馬								吉田隼人		芝2000				2:05.5	0.0		2-2-2-2	39.9-35.5	35.4	472(0)				180.0																																											晴		8.0	5.0	5.0	3.4	2.0	3	55.0	良	**	**		マイネルラウレア															
2020104564	2023-01-09	1中京4		7.0	3歳未勝利								吉田隼人		芝2000				2:01.1	0.2		6-6-7-6	36.3-35.1	34.8	464(-8)				220.0																																											晴		18.0	2.0	4.0	16.2	7.0	2	56.0	良	**	**		ヨリマル															
2020104564	2023-01-28	1中京9		5.0	3歳未勝利								吉田隼人		芝2000				2:01.3	0.7		3-3-3-3	35.4-36.1	36.5	468(+4)				140.0																																											晴		8.0	8.0	8.0	3.1	2.0	3	56.0	良	**	**		アイザックバローズ															
2020104564	2023-02-11	2小倉1		7.0	3歳未勝利								富田暁		芝1800				1:49.2	-0.4		7-8-3-2	37.6-35.2	34.9	462(-6)				550.0																																											晴		11.0	7.0	8.0	2.0	1.0	1	56.0	重	**	**		(スリリングチェイス)															
2020104564	2023-04-01	2阪神3		9.0	アザレア賞(1勝クラス)								富田暁		芝2400				2:32.2	0.6		6-6-6-4	40.0-33.7	33.9	462(0)				107.0																																											晴		8.0	5.0	5.0	7.8	4.0	5	56.0	良	**	**		サヴォーナ															
2020104564	2023-04-16	2阪神8		6.0	3歳1勝クラス								和田竜二		芝2000				2:01.4	0.4		2-2-2-2	36.6-35.3	35.7	460(-2)																																															晴		12.0	8.0	11.0	6.0	3.0	6	56.0	稍	**	**		リビアングラス															
2020104564	2023-08-06	2新潟4		12.0	3歳以上1勝クラス								田口貫太		芝1600				1:32.9	0.2		3-3	34.5-34.1	33.9	474(+14)				320.0																																											晴		18.0	4.0	7.0	6.3	4.0	2	52.0	良	**	**		アイオブザストーム															
2020104564	2023-08-19	3小倉3		8.0	3歳以上1勝クラス								田口貫太		芝1800				1:46.9	-0.3		6-9-8-6	35.6-36.4	34.9	466(-8)				800.0																																											晴		16.0	6.0	11.0	6.1	3.0	1	52.0	良	**	**		(ビヨンドザヴァレー)															
2020104564	2023-11-18	3京都5		8.0	3歳以上2勝クラス								田口貫太		芝1600				1:34.8	0.0		3-3	36.2-33.8	33.6	480(+14)				1140.0																																											晴		13.0	5.0	7.0	17.5	6.0	1	55.0	稍	**	**		(セーヌドゥレーヴ)															
2020104564	2023-12-03	5阪神2		10.0	元町S(3勝クラス)								田口貫太		芝1800				1:44.5	0.3		8-10	33.5-35.6	35.0	478(-2)																																															曇		17.0	2.0	3.0	9.7	5.0	7	55.0	良	**	**		コレペティトール															
2020104564	2024-02-10	2京都5		10.0	飛鳥S(3勝クラス)								田口貫太		芝2000				2:00.8	0.2		5-4-5-4	37.1-34.0	33.7	486(+8)				747.2																																											曇		12.0	5.0	5.0	6.0	4.0	2	57.0	良	**	**		エアサージュ															
2020104564	2024-03-03	2小倉8		11.0	関門橋S(3勝クラス)								田口貫太		芝2000				2:01.7	-0.4		5-7-7-4	36.6-35.3	34.9	480(-6)				1870.1																																											曇		14.0	3.0	4.0	3.0	1.0	1	58.0	稍	**	**		(マテンロウアレス)															
2020104564	2024-04-21	3京都2		11.0	読売マイラーズC(GII)								田口貫太		芝1600				1:32.9	0.4		7-6	34.1-35.4	35.0	480(0)				1517.0																																											小雨		17.0	5.0	9.0	16.6	6.0	3	57.0	稍	**	**		ソウルラッシュ															
2020104564	2024-06-01	4京都1		11.0	鳴尾記念(GIII)								田口貫太		芝2000				1:59.0	1.8		5-5-5-6	34.9-34.4	35.7	480(0)																																															晴		13.0	8.0	13.0	6.6	3.0	12	57.0	良	**	**		ヨーホーレイク															
2020104564	2024-07-21	3小倉8		11.0	中京記念(GIII)								田口貫太		芝1800				1:47.5	0.3		11-12-13-9	34.3-37.3	36.2	474(-6)				410.0																																											晴		14.0	8.0	13.0	5.1	3.0	5	56.5	良	**	**		アルナシーム															
2020104564	2024-09-29	3中京9		11.0	ポートアイランドS(L)								田口貫太		芝1600				1:34.6	0.2		2-5-6	34.9-36.5	35.2	484(+10)				270.0																																											曇		14.0	4.0	5.0	3.7	2.0	5	57.0	稍	**	**		アスクコンナモンダ															
2020104564	2024-10-27	5京都8		11.0	カシオペアS(L)								田口貫太		芝1800				1:45.2	0.4		7-7	34.6-35.1	34.9	482(-2)				280.0																																											曇		18.0	5.0	10.0	4.6	1.0	5	57.0	良	**	**		アルジーヌ															
2020104564	2024-11-17	6京都6		11.0	マイルチャンピオンS(GI)								田口貫太		芝1600				1:32.7	0.7		2-2	33.8-34.5	35.0	482(0)																																															曇		17.0	5.0	9.0	194.0	16.0	8	58.0	良	**	**		ソウルラッシュ															
2020104564	2025-02-15	1京都5		11.0	洛陽S(L)								田口貫太		芝1600				1:34.0	0.2		7-7	35.2-34.9	34.4	498(+16)				684.8																																											晴		16.0	2.0	3.0	5.2	2.0	3	56.0	良	**	**		ロジリオン															
2020104564	2025-03-30	2阪神2		11.0	六甲S(L)								田口貫太		芝1600				1:32.6	0.4		4-5	34.6-34.5	34.3	490(-8)																																															曇		12.0	5.0	5.0	2.9	1.0	7	57.0	良	**	**		ダディーズビビッド															
2020104564	2025-04-27	2京都2		11.0	読売マイラーズC(GII)								田口貫太		芝1600				1:32.2	0.5		6-6	35.0-33.9	33.9	486(-4)				890.0																																											晴		10.0	2.0	2.0	4.8	3.0	4	57.0	良	**	**		ロングラン															
2020104564	2025-06-22	3阪神6		11.0	しらさぎS(GIII)								幸英明		芝1600				1:33.8	0.8		1-1	35.1-33.9	34.7	480(-6)																																															晴		14.0	8.0	14.0	18.0	6.0	11	57.0	良	**	**		キープカルム															
2020104564	2025-07-20	2小倉8		11.0	小倉記念(GIII)								幸英明		芝2000				2:00.8	0.9		3-3-2-2	35.0-37.4	37.3	476(-4)																																															晴		16.0	8.0	15.0	21.3	11.0	10	56.0	良	**	**		イングランドアイズ															
2020104564	2025-11-02	3京都11		11.0	まほろばS(L)								田口貫太		芝1600				1:32.6	0.1		4-4	34.6-34.5	34.1	482(+6)				684.6																																											晴		15.0	3.0	5.0	6.2	3.0	3	56.0	良	**	**		エアファンディタ															
2020104564	2025-12-06	5阪神1		11.0	鳴尾記念(GIII)								田口貫太		芝1800				1:44.1	0.4		9-10	33.9-34.7	33.9	486(+4)				430.0																																											晴		14.0	7.0	12.0	36.3	10.0	5	57.0	良	**	**		デビットバローズ															
2020104632	2022-11-12	5東京3		4.0	2歳新馬								西村淳也		ダ1600				1:40.1	0.0		2-2	36.7-37.3	37.2	438(0)				280.0																													晴		16.0	2.0	4.0	41.4	7.0	2	55.0	良	**	**		トニトゥルス																													
2020104632	2022-11-26	5東京7		1.0	2歳未勝利								菅原明良		ダ1600				1:38.8	1.4		16-16	34.2-38.1	36.1	440(+2)				52.0																													小雨		16.0	3.0	6.0	23.3	6.0	5	55.0	稍	**	**		ドライブアローカス																													
2020104632	2023-03-11	2中山5		3.0	3歳未勝利								杉原誠人		ダ1800				1:54.3	-0.9		1-1-1-1	38.0-38.7	38.7	438(-2)				550.0																													晴		16.0	5.0	10.0	3.3	2.0	1	56.0	良	**	**		(ショウナンカブト)																													
2020104632	2023-04-15	3中山7		6.0	3歳1勝クラス								杉原誠人		ダ1800				1:52.2	-0.6		3-4-4-4	37.1-37.5	37.1	438(0)				780.0																													雨		13.0	4.0	5.0	6.6	4.0	1	56.0	重	**	**		(ワンライトスター)																													
2020104632	2023-07-09	2福島4		10.0	天の川賞(2勝クラス)								杉原誠人		ダ1700				1:47.0	1.1		7-7-6-4	29.0-38.4	39.0	446(+8)																																	曇		15.0	6.0	10.0	1.7	1.0	6	55.0	良	**	**		アシタガアルサ																													
2020104632	2023-08-06	2新潟4		11.0	レパードS(GIII)								杉原誠人		ダ1800				1:53.7	2.9		4-5-4-4	35.7-37.6	40.0	438(-8)																																	晴		15.0	8.0	15.0	36.4	10.0	13	56.0	良	**	**		ライオットガール																													
2020104632	2023-10-29	4新潟6		10.0	鳥屋野特別(2勝クラス)								杉原誠人		ダ1800				1:49.5	-0.2		10-10-10-5	34.9-38.3	37.0	440(+2)				1586.4																													雨		15.0	4.0	6.0	6.7	4.0	1	56.0	不	**	**		(カンピオーネ)																													
2020104632	2024-05-26	2東京12		10.0	ディープインパクトC(3勝クラス)								杉原誠人		ダ1600				1:37.2	1.6		16-15	35.5-35.4	35.6	444(+4)																																	晴		16.0	7.0	13.0	87.6	12.0	12	58.0	良	**	**		ドゥラレジリエント																													
2020104632	2024-08-03	2新潟3		6.0	柳都S(3勝クラス)								杉原誠人		ダ1800				1:52.4	0.5		13-14-14-14	36.2-38.1	37.3	446(+2)																																	晴		15.0	3.0	4.0	13.5	7.0	7	55.0	良	**	**		ゴールドバランサー																													
2020104632	2024-09-29	3中京9		10.0	白川郷S(3勝クラス)								杉原誠人		ダ1800				1:52.7	0.9		14-13-12-12	37.5-36.7	36.4	442(-4)																																	曇		15.0	4.0	6.0	28.5	10.0	9	58.0	稍	**	**		ディープリボーン																													
2020104632	2024-11-16	5東京5		10.0	晩秋S(3勝クラス)								菅原明良		ダ2100				2:13.2	1.6		1-1-1-1	31.8-36.0	37.6	452(+10)																																	曇		15.0	2.0	3.0	39.6	9.0	11	58.0	良	**	**		リアレスト																													
2020104632	2024-12-14	4中京5		11.0	尾頭橋S(3勝クラス)								杉原誠人		ダ1800				1:52.6	1.3		10-12-12-12	37.3-37.6	36.8	454(+2)																																	晴		13.0	8.0	13.0	42.2	10.0	9	58.0	良	**	**		フタイテンロック																													
2020104632	2025-01-18	1中山6		10.0	アレキサンドライトS(3勝クラス)								江田照男		ダ1800				1:53.1	0.7		11-11-12-11	36.8-38.5	38.0	454(0)				464.9																													晴		16.0	6.0	11.0	34.6	11.0	3	55.0	良	**	**		マーブルロック																													
2020104632	2025-03-08	2中山3		10.0	上総S(3勝クラス)								江田照男		ダ1800				1:53.6	1.5		6-6-5-4	36.9-38.5	39.0	454(0)																																	曇		16.0	1.0	1.0	21.7	7.0	6	55.0	稍	**	**		ロードクロンヌ																													
2020104632	2025-04-19	3中山7		10.0	下総S(3勝クラス)								江田照男		ダ1800				1:54.0	1.4		16-16-15-12	35.5-38.5	38.3	448(-6)																																	晴		16.0	3.0	5.0	90.7	11.0	9	58.0	良	**	**		ジョージテソーロ																													
2020104632	2025-08-16	1札幌7		11.0	報知杯大雪H(3勝クラス)								斎藤新		ダ1700				1:44.8	0.5		13-14-14-12	29.1-38.3	36.8	454(+6)				184.0																													晴		14.0	3.0	4.0	42.3	12.0	5	55.0	良	**	**		コトホドサヨウニ																													
2020104632	2026-01-17	1中山6		10.0	アレキサンドライトS(3勝クラス)								江田照男		ダ1800				1:53.3	1.1		12-12-11-7	37.4-37.5	37.2	446(-8)				280.0																													晴		16.0	3.0	6.0	78.0	11.0	4	55.0	良				チュウワクリスエス																													
2020104670	2023-01-28	1中京9	晴	4.0	3歳新馬		16.0	8.0	16.0	19.5	8.0	16	高倉稜	54.0	ダ1400		良	**	1:32.1	4.1	**	16-16	35.6-39.3	39.9	470(0)			モズアカボス																																																																								
2020104670	2023-06-11	3阪神4	曇	6.0	3歳未勝利		18.0	4.0	7.0	290.5	15.0	17	田中健	54.0	芝1600		稍	**	1:41.0	6.1	**	17-18	35.4-35.7	39.6	474(+4)			ハレアカラフラ																																																																								
2020104670	2023-07-18	佐賀	晴	12.0	SAGAリベンジャー(3歳)		12.0	7.0	10.0	36.4	8.0	2	山田義貴	54.0	ダ1400		良	**	1:32.7	1.6	**	8-8-8-6		39.9	478(+4)			ヘイワ	12.8																																																																							
2020104670	2023-08-12	佐賀	晴	6.0	3歳ー12組		11.0	6.0	6.0	4.7	3.0	2	山田義貴	54.0	ダ1400		稍	**	1:33.4	1.2	**	7-7-7-8		40.1	481(+3)			テイエムネイア	12.8																																																																							
2020104670	2023-08-26	佐賀	曇	10.0	星月夜賞(3歳)		8.0	4.0	4.0	5.0	2.0	1	山田義貴	54.0	ダ1400		良	**	1:31.3	-1.2	**	1-1-1-1		38.4	475(-6)			(リネンデイジー)	40.0																																																																							
2020104670	2023-09-18	佐賀	晴	7.0	3歳ー7組		11.0	8.0	11.0	2.2	1.0	3	山田義貴	54.0	ダ1400		不	**	1:31.0	1.2	**	5-5-5-5		39.5	485(+10)			カフネ	7.2																																																																							
2020104670	2023-10-07	佐賀	曇	8.0	KYUSHUDREA(C2)		11.0	4.0	4.0	2.3	1.0	1	山田義貴	54.0	ダ1400		良	**	1:32.1	-0.8	**	1-1-1-1		38.8	479(-6)			(サトノラピス)	35.0																																																																							
2020104670	2023-10-29	佐賀	晴	1.0	C2ー13組		11.0	1.0	1.0	3.4	2.0	2	山口勲	54.0	ダ1300		良	**	1:24.4	0.4	**	7-6-5-5		38.1	481(+2)			テイエムフジッコ	11.2																																																																							
2020104670	2023-11-11	佐賀	晴	2.0	C2ー10組		10.0	8.0	10.0	1.4	1.0	1	山田義貴	54.0	ダ1300		良	**	1:24.1	-0.6	**	5-5-3-2		38.5	478(-3)			(ワンダーミズキ)	35.0																																																																							
2020104670	2024-02-17	1東京7	曇	7.0	4歳以上1勝クラス		16.0	2.0	4.0	59.1	11.0	7	内田博幸	56.0	ダ1400		良	**	1:27.1	1.1	**	12-12	36.6-36.5	36.2	466(-12)			ユイノイチゲキ																																																																								
2020104670	2024-03-10	1中京2	晴	8.0	4歳以上1勝クラス		8.0	3.0	3.0	44.9	7.0	6	西塚洸二	54.0	芝2000		良	**	2:04.1	0.7	**	5-5-4-4	38.5-34.6	35.0	466(0)			エゾダイモン																																																																								
2020104670	2024-04-13	3中山7	晴	7.0	4歳以上1勝クラス		9.0	7.0	7.0	68.5	8.0	5	内田博幸	56.0	芝2200		良	**	2:17.0	0.5	**	9-9-9-9	37.5-34.9	34.3	468(+2)			ヒシタイカン	80.0																																																																							
2020104670	2024-05-19	2東京10	曇	7.0	4歳以上1勝クラス		9.0	2.0	2.0	51.1	8.0	7	内田博幸	56.0	芝2400		良	**	2:28.2	2.4	**	3-4-6-7	37.1-34.9	36.6	468(0)			ジュンツバメガエシ																																																																								
2020104670	2024-06-15	3東京5	晴	8.0	3歳以上1勝クラス		9.0	8.0	8.0	223.5	8.0	6	内田博幸	56.0	芝2400		良	**	2:26.5	1.9	**	5-6-7-7	36.8-34.0	34.9	476(+8)			ピースワンデュック																																																																								
2020104670	2024-09-16	4中山5	曇	8.0	3歳以上1勝クラス		12.0	8.0	11.0	48.4	10.0	10	内田博幸	56.0	ダ2400		良	**	2:39.9	2.3	**	7-7-10-11	40.3-38.9	40.1	486(+10)			ニューバラード																																																																								
2020104670	2024-10-05	4東京1	小雨	6.0	3歳以上1勝クラス		9.0	1.0	1.0	207.8	9.0	9	内田博幸	56.0	ダ2100		重	**	2:10.1	1.3	**	8-8-9-9	31.1-36.9	36.9	482(-4)			グロバーテソーロ																																																																								
2020104670	2024-10-14	4新潟4	晴	4.0	3歳以上1勝クラス		10.0	5.0	5.0	42.0	9.0	1	内田博幸	56.0	ダ2500		良	**	2:41.8	-0.2	**	9-10-6-5	30.4-39.3	38.0	484(+2)			(ダンツドール)	800.0																																																																							
2020104670	2024-12-15	5中山6	晴	9.0	香取特別(2勝クラス)		14.0	5.0	7.0	71.4	12.0	7	内田博幸	56.0	ダ2400		良	**	2:36.6	1.6	**	8-10-13-11	37.9-39.2	39.2	486(+2)			ニューバラード																																																																								
2020104670	2025-01-13	1中山5	晴	9.0	成田特別(2勝クラス)		16.0	3.0	5.0	132.7	14.0	13	江田照男	56.0	ダ2400		良	**	2:45.4	7.6	**	16-16-16-14	38.4-40.8	45.7	484(-2)			アコークロー																																																																								
2020104670	2025-03-15	2中山5	曇	9.0	阿見特別(2勝クラス)		14.0	2.0	2.0	191.8	13.0	14	柴田大知	52.0	ダ2400		稍	**	2:39.0	4.9	**	10-10-12-13	37.2-39.4	42.9	480(-4)			ワンパット																																																																								
2020104670	2025-04-06	3中山4	晴	12.0	4歳以上2勝クラス		15.0	8.0	15.0	155.5	14.0	14	内田博幸	56.0	ダ1200		稍	**	1:13.8	2.3	**	15-15	35.7-35.8	36.2	470(-10)			ネイト																																																																								
2020104670	2025-04-12	2阪神5	晴	9.0	明石特別(2勝クラス)		9.0	4.0	4.0	164.3	9.0	8	内田博幸	56.0	芝2400		良	**	2:27.7	2.2	**	7-7-9-8	35.6-36.7	36.2	466(-4)			ミアステラ																																																																								
2020104679	2022-07-03	3小倉2	曇	5.0	2歳新馬		8.0	1.0	1.0	43.3	8.0	7	藤岡康太	54.0	芝1800		良	**	1:51.2	0.6	**	1-1-1-1	37.6-35.5	36.1	490(0)			アリスヴェリテ																																																																								
2020104679	2022-09-19	5中京5	曇	2.0	2歳未勝利		10.0	7.0	8.0	6.2	2.0	3	藤岡康太	54.0	ダ1400		稍	**	1:27.1	0.6	**	4-5	35.5-38.4	38.7	490(0)			エクロジャイト	130.0																																																																							
2020104679	2022-10-10	4阪神3	曇	1.0	2歳未勝利		12.0	8.0	12.0	7.8	5.0	1	岩田康誠	55.0	ダ1400		不	**	1:24.2	-1.1	**	2-2	34.8-37.1	36.9	500(+10)			(ダンツターセル)	520.0																																																																							
2020104679	2022-10-23	4阪神7	晴	8.0	なでしこ賞(1勝クラス)		9.0	4.0	4.0	3.4	1.0	2	岩田康誠	55.0	ダ1400		良	**	1:25.5	0.3	**	2-2	35.0-37.8	37.9	486(-14)			フェルヴェンテ	415.6																																																																							
2020104679	2022-12-14	川崎	晴	11.0	全日本2歳優駿【国際(JpnI)		14.0	7.0	11.0	20.5	5.0	12	岩田康誠	55.0	ダ1600		稍	**	1:48.0	4.7	**	2-3-2-6	35.6-41.0	45.4	503(+17)			デルマソトガケ																																																																								
2020104679	2023-01-29	1中京10	晴	4.0	3歳1勝クラス		13.0	8.0	12.0	5.0	2.0	2	岩田康誠	56.0	ダ1200		良	**	1:12.9	0.2	**	11-10	34.5-38.2	36.9	508(+5)			エレガントムーン	310.0																																																																							
2020104679	2023-03-12	1阪神10	晴	5.0	3歳1勝クラス		16.0	5.0	9.0	4.8	2.0	3	岩田康誠	56.0	ダ1400		良	**	1:25.9	0.4	**	11-12	34.5-38.4	37.6	502(-6)			モックモック	200.0																																																																							
2020104679	2023-04-15	2阪神7	雨	6.0	3歳1勝クラス		16.0	5.0	10.0	5.2	2.0	2	岩田康誠	56.0	ダ1200		不	**	1:11.9	0.0	**	7-4	34.9-37.0	36.2	502(0)			メイショウピース	310.0																																																																							
2020104679	2023-05-20	1京都9	晴	6.0	3歳1勝クラス		15.0	3.0	6.0	4.2	2.0	3	岩田康誠	56.0	ダ1200		稍	**	1:13.7	1.5	**	14-12	34.9-37.3	37.0	500(-2)			ドンアミティエ	200.0																																																																							
2020104679	2023-06-03	3阪神1	晴	8.0	3歳以上1勝クラス		16.0	3.0	5.0	6.7	3.0	1	岩田康誠	55.0	ダ1200		重	**	1:10.9	-0.1	**	8-8	34.6-36.3	35.5	496(-4)			(リュウ)	800.0																																																																							
2020104679	2023-06-25	3阪神8	曇	12.0	リボン賞(2勝クラス)		16.0	5.0	10.0	9.0	5.0	1	藤岡康太	55.0	ダ1200		良	**	1:12.0	0.0	**	8-8	34.6-37.4	36.8	490(-6)			(ティントリップ)	1585.7																																																																							
2020104679	2023-07-23	3中京8	晴	10.0	桶狭間S(3勝クラス)		16.0	2.0	3.0	7.6	4.0	2	坂井瑠星	55.0	ダ1200		良	**	1:10.6	0.1	**	9-8	34.0-36.5	35.6	488(-2)			アルファマム	750.0																																																																							
2020104679	2023-08-19	3新潟3	晴	10.0	上越S(3勝クラス)		15.0	4.0	7.0	4.4	2.0	6	岩田康誠	56.0	ダ1200		良	**	1:11.5	1.0	**	11-10	33.5-37.0	36.2	502(+14)			アームズレイン																																																																								
2020104679	2023-10-09	2京都3	曇	10.0	大山崎S(3勝クラス)		13.0	4.0	5.0	6.0	4.0	10	幸英明	57.0	ダ1200		重	**	1:13.0	1.3	**	6-7	34.7-37.0	37.7	504(+2)			エーティーマクフィ																																																																								
2020104679	2023-12-02	5阪神1	晴	10.0	妙見山S(3勝クラス)		16.0	6.0	11.0	12.9	4.0	9	角田大河	57.0	ダ1200		良	**	1:12.6	1.2	**	12-10	34.5-36.9	37.1	514(+10)			タイセイブレイズ																																																																								
2020104679	2024-02-03	2京都3	晴	9.0	橿原S(3勝クラス)		16.0	3.0	5.0	32.1	9.0	9	坂井瑠星	58.0	ダ1200		良	**	1:12.2	1.4	**	11-8	34.0-36.8	36.9	520(+6)			ドンアミティエ																																																																								
2020104679	2024-03-31	2阪神4	曇	12.0	陽春S(3勝クラス)		16.0	3.0	6.0	28.1	8.0	7	藤岡康太	56.0	ダ1200		良	**	1:12.5	0.9	**	6-4	35.2-36.4	36.8	510(-10)			ナムラフランク																																																																								
2020104679	2024-06-09	4京都4	曇	10.0	安芸S(3勝クラス)		16.0	1.0	1.0	53.6	12.0	7	岩田康誠	56.0	ダ1200		稍	**	1:12.0	0.7	**	9-7	33.6-37.7	37.5	506(-4)			ボナンザ																																																																								
2020104679	2024-10-05	5京都1	晴	10.0	大山崎S(3勝クラス)		16.0	2.0	3.0	67.8	11.0	8	岩田康誠	58.0	ダ1200		稍	**	1:12.2	0.8	**	10-10	34.0-37.4	37.1	516(+10)			スターターン																																																																								
2020104679	2024-11-30	7京都1	晴	10.0	姫路S(3勝クラス)		15.0	4.0	7.0	59.0	11.0	8	秋山稔樹	58.0	ダ1200		稍	**	1:12.2	0.5	**	11-12	35.0-36.7	36.1	518(+2)			ジョーローリット																																																																								
2020104679	2025-01-26	1中山9	晴	10.0	江戸川S(3勝クラス)		15.0	6.0	10.0	27.5	7.0	11	松岡正海	58.0	ダ1200		良	**	1:11.8	0.7	**	9-9	33.3-37.8	37.7	514(-4)			タイセイブリリオ																																																																								
2020104679	2025-04-06	2阪神4	晴	12.0	陽春S(3勝クラス)		11.0	8.0	11.0	13.9	6.0	4	岩田康誠	58.0	ダ1200		良	**	1:11.7	0.3	**	8-8	34.3-37.1	36.2	510(-4)			エコロガイア	280.0																																																																							
2020104759	2022-06-19	3阪神2		5.0	2歳新馬								藤岡康太		ダ1200				1:15.2	1.3		7-8	36.1-37.8	38.5	530(0)					晴		14.0	2.0	2.0	18.2	8.0	7	54.0	良	**	**		ナイトキャッスル																																																									
2020104759	2022-09-03	4小倉7		2.0	2歳未勝利								亀田温心		ダ1700				1:49.2	3.4		4-4-8-8	29.5-38.5	41.2	522(-8)					小雨		16.0	2.0	3.0	69.2	9.0	11	53.0	稍	**	**		ゴッドブルービー																																																									
2020104759	2022-10-10	4阪神3		1.0	2歳未勝利								永島まな		ダ1400				1:26.6	2.4		3-4	34.8-37.1	39.1	522(0)					曇		12.0	2.0	2.0	21.9	6.0	10	51.0	不	**	**		コパノハンプトン																																																									
2020104759	2022-12-11	6中京4		2.0	2歳未勝利								永島まな		ダ1400				1:27.4	1.3		8-8	34.7-39.3	39.8	526(+4)				78.0	晴		12.0	1.0	1.0	67.7	8.0	4	51.0	良	**	**		キョウエイゲイル																																																									
2020104759	2022-12-17	6阪神5		3.0	2歳未勝利								丸山元気		ダ1400				1:26.7	0.8		3-4	35.3-37.8	38.3	526(0)					小雨		16.0	1.0	2.0	78.4	8.0	6	55.0	良	**	**		ミルトハンター																																																									
2020104759	2023-02-04	1中京11		2.0	3歳未勝利								角田大河		ダ1400				1:28.1	1.7		4-4	35.0-39.2	40.6	524(-2)					晴		16.0	2.0	4.0	12.1	5.0	8	54.0	良	**	**		ツークフォーゲル																																																									
2020104759	2023-03-19	2中京4		5.0	3歳未勝利								古川吉洋		芝2000				2:03.5	0.0		4-4-5-3	36.9-36.5	36.2	526(+2)				220.0	晴		18.0	2.0	4.0	12.2	6.0	2	56.0	稍	**	**		リビアングラス																																																									
2020104759	2023-04-01	2阪神3		4.0	3歳未勝利								古川吉洋		芝1800				1:48.7	1.8		4-4	35.4-35.3	36.7	528(+2)					晴		18.0	5.0	10.0	12.7	6.0	14	56.0	良	**	**		イトカワサクラ																																																									
2020104759	2023-04-30	1新潟2		5.0	3歳未勝利								古川吉洋		芝2400				2:33.2	-0.6		4-3-4-3	38.8-36.6	36.3	526(-2)				550.0	曇		13.0	7.0	10.0	11.5	7.0	1	56.0	重	**	**		(ウインネモフィラ)																																																									
2020104759	2023-05-06	1京都5		11.0	京都新聞杯(GII)								団野大成		芝2200				2:15.7	1.6		9-10-10-10	37.7-33.9	34.5	520(-6)					小雨		12.0	8.0	11.0	174.2	11.0	11	56.0	良	**	**		サトノグランツ																																																									
2020104759	2023-09-18	4阪神5		9.0	生田特別(1勝クラス)								古川吉洋		芝2400				2:29.3	4.3		5-5-4-4	36.8-34.7	38.3	520(0)					晴		14.0	8.0	14.0	36.4	8.0	14	55.0	良	**	**		バロッサヴァレー																																																									
2020104759	2023-12-03	4中京2		12.0	栄特別(1勝クラス)								古川吉洋		芝2200				2:16.2	1.6		3-3-3-3	37.6-34.5	35.8	534(+14)					晴		11.0	2.0	2.0	54.8	9.0	10	56.0	良	**	**		プラニスフェリオ																																																									
2020104759	2023-12-28	5阪神9		7.0	3歳以上1勝クラス								古川吉洋		芝2400				2:27.1	1.2		1-1-1-1	36.7-35.4	36.6	542(+8)					晴		13.0	5.0	7.0	73.9	10.0	9	56.0	良	**	**		サトノクローク																																																									
2020104759	2024-01-21	1京都7		7.0	4歳以上1勝クラス								角田大河		芝2200				2:20.1	4.9		2-2-3-5	35.9-36.7	41.3	538(-4)					曇		17.0	6.0	12.0	47.3	8.0	14	56.0	重	**	**		マキシ																																																									
2020104759	2024-09-01	2中京8		1.0	障害3歳以上未勝利								中村将之		障3000				3:34.7	10.3		1-1-8-8	109.0-0.0	14.3	546(+8)					曇		9.0	1.0	1.0	9.1	5.0	8	60.0	不				コルドゥーン																																																									
2020104759	2024-09-22	3中京7		1.0	障害3歳以上未勝利								中村将之		障3000				3:23.2	1.9		3-3-6-7	103.1-0.0	13.5	542(-4)					曇		13.0	7.0	10.0	38.4	9.0	6	60.0	良				タイセイスラッガー																																																									
2020104759	2024-10-12	4新潟3		1.0	障害3歳以上未勝利								中村将之		障2850				3:07.5	2.5		3-4-3-4	103.0-0.0	13.2	532(-10)				200.0	晴		11.0	5.0	5.0	20.7	7.0	3	60.0	良				エターナリー																																																									
2020104759	2024-11-03	3福島2		4.0	障害3歳以上未勝利								中村将之		障2750				3:08.5	4.7		5-4-5-5	108.0-0.0	13.7	530(-2)					晴		8.0	4.0	4.0	8.6	4.0	6	60.0	重				トーアモルペウス																																																									
2020104759	2024-12-22	7京都8		5.0	障害3歳以上未勝利								中村将之		障2910				3:24.5	5.7		7-7-9-9	109.0-0.0	14.1	544(+14)					曇		14.0	7.0	11.0	74.4	9.0	8	60.0	良				マテンロウジョイ																																																									
2020104759	2025-01-13	1中京5		7.0	4歳以上1勝クラス								高杉吏麒		芝2200				2:16.7	2.2		3-4-5-7	35.0-35.7	37.2	538(-6)					晴		18.0	5.0	9.0	141.5	13.0	18	56.0	良	**	**		ダノンブリザード																																																									
2020104759	2025-02-12	名古屋		6.0	B6組								大畑雅章		ダ1500				1:38.3	0.6		2-2-2		38.5	543(+5)				12.0	小雪		10.0	4.0	4.0	3.6	3.0	3	56.0	良	**	**		オウケンボス																																																									
2020104759	2025-02-25	名古屋		7.0	B4組								大畑雅章		ダ1700				1:52.0	1.2		3-2-3		40.3	545(+2)				12.0	晴		10.0	5.0	5.0	6.3	4.0	3	56.0	良	**	**		ポンヌフ																																																									
2020104759	2025-03-21	笠松		6.0	翔麻・雅結婚記念杯(B)								大畑雅章		ダ1400				1:30.8	0.0		4-2-2		39.4	546(+1)				9.0	曇		8.0	5.0	5.0	1.7	1.0	3	56.0	良	**	**		アルサーフィ																																																									
2020104759	2025-03-27	名古屋		9.0	B5組								塚本征吾		ダ1700				1:52.6	0.6		1-1-2		40.6	530(-16)				9.0	曇		11.0	4.0	4.0	1.9	1.0	4	56.0	稍	**	**		バルドエース																																																									
2020104759	2025-04-10	名古屋		8.0	B6組								大畑雅章		ダ1500										計不					曇		10.0	3.0	3.0			取	57.0	良	**	**		ボディブロー																																																									
2020104759	2025-04-17	笠松		8.0	B6組								大畑雅章		ダ1600				1:47.0	0.7		6-4-4		38.6	532(+2)				11.3	晴		8.0	1.0	1.0	2.8	2.0	3	57.0	良	**	**		ナムラダリル																																																									
2020104759	2025-04-24	名古屋		8.0	B9組								望月洵輝		ダ1400				1:32.1	1.2		5-6-5		39.9	532(0)					晴		8.0	3.0	3.0	5.5	4.0	6	57.0	稍	**	**		キタノダロマ																																																									
2020104759	2025-05-07	名古屋		7.0	B7組								大畑雅章		ダ1500				1:38.9	2.5		5-5-4		40.8	537(+5)					晴		10.0	5.0	5.0	53.3	8.0	6	57.0	重	**	**		サンマルエンパイア																																																									
2020104759	2025-06-03	金沢		10.0	ヒロコ生誕24歳28(B1)								加藤翔馬		ダ1500				1:35.9	0.2		2-2-2-2		39.4	526(-11)				17.6	雨		8.0	6.0	6.0	7.6	6.0	2	57.0	不	**	**		レイズユアリミット																																																									
2020104759	2025-06-17	金沢		11.0	金沢競馬B1プレミア								加藤翔馬		ダ1500				1:37.1	1.9		2-2-3-5		40.6	521(-5)					晴		8.0	6.0	6.0	44.0	7.0	7	57.0	良	**	**		テイコク																																																									
2020104759	2025-07-01	金沢		9.0	能登町あばれ祭賞(B1)								加藤翔馬		ダ1500				1:37.1	2.1		6-6-7-6		38.3	521(0)				5.5	曇		9.0	3.0	3.0	24.6	5.0	5	57.0	良	**	**		アルサトワ																																																									
2020104759	2025-07-15	金沢		10.0	B12								加藤翔馬		ダ1400				1:30.9	1.9		7-7-7-6		38.4	539(+18)				5.5	曇		8.0	7.0	7.0	29.0	6.0	5	57.0	良	**	**		サエチ																																																									
2020104759	2025-07-29	金沢		10.0	B12								加藤翔馬		ダ1400				1:29.6	1.0		6-6-6-5		38.3	519(-20)				8.8	晴		7.0	2.0	2.0	32.2	7.0	3	57.0	良	**	**		ジェネロジテ																																																									
2020104759	2025-12-09	金沢		10.0	馬券を買うならSPA(B2)								鈴木太一		ダ1400				1:32.1	3.1		8-8-9-9		40.1	517(-2)					曇		9.0	4.0	4.0	50.1	8.0	9	57.0	重	**	**		スカイトライア																																																									
2020104825	2022-11-20	5東京6		6.0	2歳新馬								戸崎圭太		芝1400				1:25.1	2.3		12-13	35.9-34.7	35.3	474(0)					曇		17.0	7.0	15.0	4.6	2.0	14	54.0	良	**	**		ダルタニアン																																																									
2020104825	2022-12-04	6阪神2		1.0	2歳未勝利								団野大成		ダ1400				1:28.3	2.2		13-13	35.2-38.5	38.6	474(0)					曇		13.0	3.0	3.0	41.7	7.0	9	54.0	稍	**	**		ジュンウィンダム																																																									
2020104825	2023-02-05	1小倉8		6.0	3歳未勝利								永島まな		芝1200				1:09.9	1.0		17-16	33.4-35.5	35.0	468(-6)					晴		18.0	8.0	18.0	15.4	5.0	12	50.0	良	**	**		トーセンエスクード																																																									
2020104825	2023-02-25	2小倉5		2.0	3歳未勝利								田中健		芝1200				1:10.0	0.1		1-1	34.3-35.6	35.7	466(-2)				220.0	曇		18.0	5.0	10.0	101.0	16.0	2	54.0	稍	**	**		サトノグレイト																																																									
2020104825	2023-03-18	2中京3		5.0	3歳未勝利								田中健		芝1200				1:11.3	0.5		3-2	35.1-35.7	36.1	464(-2)				220.0	小雨		18.0	3.0	5.0	6.6	4.0	2	54.0	重	**	**		ソノママソノママ																																																									
2020104825	2023-04-15	1福島3		5.0	3歳未勝利								田中健		芝1200				1:09.4	-0.6		1-1	33.9-35.5	35.5	460(-4)				550.0	小雨		16.0	2.0	3.0	2.9	1.0	1	54.0	良	**	**		(ソルエストレーラ)																																																									
2020104825	2023-07-02	3中京2		8.0	3歳以上1勝クラス								田中健		芝1200				1:09.2	1.1		5-4	33.6-34.5	35.2	460(0)					晴		18.0	8.0	18.0	19.9	7.0	12	53.0	良	**	**		アドマイヤラヴィ																																																									
2020104825	2023-09-03	3小倉8		7.0	3歳以上1勝クラス								田中健		芝1200				1:08.9	0.7		1-1	33.4-34.8	35.5	456(-4)					晴		18.0	2.0	4.0	18.3	9.0	11	54.0	良	**	**		トーホウフランゴ																																																									
2020104825	2023-09-24	4阪神7		7.0	3歳以上1勝クラス								田中健		芝1400				1:21.6	1.2		2-2	33.5-35.4	36.5	460(+4)					晴		18.0	8.0	17.0	65.1	13.0	16	54.0	良	**	**		シンプリーオーサム																																																									
2020104825	2023-10-15	2京都5		7.0	3歳以上1勝クラス								田中健		ダ1400				1:26.9	2.9		1-3	34.1-38.0	40.9	462(+2)					曇		13.0	2.0	2.0	36.1	7.0	9	54.0	重	**	**		ペプチドタイガー																																																									
2020104825	2023-11-12	3福島4		7.0	3歳以上1勝クラス								小林凌大		芝1200				1:10.6	0.0		1-1	34.4-36.2	36.2	468(+6)				800.0	曇		15.0	2.0	2.0	4.5	2.0	1	53.0	良	**	**		(バシレウスシチー)																																																									
2020104825	2024-02-10	2小倉1		10.0	大濠特別(2勝クラス)								小林凌大		芝1200				1:09.0	0.4		2-2	33.9-34.7	34.9	460(-8)					晴		14.0	1.0	1.0	48.1	13.0	10	53.0	良	**	**		サニーオーシャン																																																									
2020104825	2024-04-28	1新潟2		10.0	邁進特別(2勝クラス)								小林凌大		芝1000				0:56.0	1.1		9	32.1-33.2	33.6	468(+8)					晴		16.0	2.0	4.0	55.1	14.0	11	53.0	良	**	**		ショウナンマッハ																																																									
2020104825	2024-05-11	3京都7		7.0	4歳以上2勝クラス								古川奈穂		芝1200				1:09.1	1.4		2-4	33.9-33.8	35.0	460(-8)					晴		14.0	7.0	12.0	91.5	13.0	13	52.0	良	**	**		キタノエクスプレス																																																									
2020104825	2024-06-02	4京都2		9.0	祇園特別(2勝クラス)								古川吉洋		芝1200				1:09.1	1.5		14-14	33.1-34.5	33.7	470(+10)					曇		14.0	7.0	11.0	337.1	13.0	13	56.0	良	**	**		ロードフォアエース																																																									
2020104825	2024-07-13	2福島5		9.0	郡山特別(2勝クラス)								丸田恭介		芝1200				1:09.7	1.5		13-12	33.9-34.3	34.1	458(-12)					晴		16.0	1.0	2.0	47.1	11.0	9	52.0	良	**	**		トーセンエスクード																																																									
2020104825	2024-09-21	3中京6		10.0	賢島特別(2勝クラス)								酒井学		芝1200				1:09.0	0.6		8-6	34.2-34.2	34.0	460(+2)					晴		16.0	1.0	1.0	190.7	16.0	7	51.0	良	**	**		フィオライア																																																									
2020104825	2024-10-12	5京都3		12.0	3歳以上2勝クラス								吉村誠之		芝1200				1:09.0	1.1		7-8	33.4-34.5	35.0	456(-4)					晴		17.0	1.0	2.0	221.1	15.0	15	53.0	良	**	**		オックスリップ																																																									
2020104825	2024-10-26	5京都7		9.0	3歳以上2勝クラス								吉村誠之		芝1400				1:22.2	0.9		13-15	35.3-34.6	33.9	462(+6)					曇		15.0	8.0	14.0	310.5	15.0	12	53.0	良	**	**		ナムラアトム																																																									
2020104825	2024-12-22	7京都8		12.0	ジングルベル賞(2勝クラス)								酒井学		芝1400				1:22.0	0.8		9-8	35.4-34.2	34.3	468(+6)					晴		17.0	3.0	6.0	171.3	16.0	7	51.0	良	**	**		ヤマニンアルリフラ																																																									
2020104825	2025-01-13	1中京5		12.0	4歳以上2勝クラス								酒井学		芝1200				1:11.0	0.9		10-11	34.6-35.5	35.2	470(+2)					晴		14.0	8.0	13.0	94.0	14.0	14	56.0	良	**	**		ロードトレイル																																																									
2020104825	2025-05-17	2京都7		7.0	4歳以上2勝クラス								田山旺佑		芝1200				1:09.7	0.1		4-4	34.8-34.8	34.4	472(+2)				170.0	曇		13.0	5.0	7.0	76.9	10.0	4	53.0	不	**	**		ワンダーキサラ																																																									
2020104825	2025-05-31	2京都11		12.0	4歳以上2勝クラス								田山旺佑		芝1400				1:21.2	0.6		3-3	34.3-35.1	35.3	470(-2)					曇		13.0	4.0	4.0	47.5	11.0	6	53.0	良	**	**		キタサンダムール																																																									
2020104825	2025-06-15	3阪神4		9.0	武庫川特別(2勝クラス)								田山旺佑		芝1200				1:10.4	0.9		6-9	33.5-36.0	35.8	476(+6)				155.0	晴		15.0	4.0	7.0	127.1	12.0	5	56.0	稍	**	**		レイピア																																																									
2020104825	2025-11-29	4京都7		12.0	3歳以上2勝クラス								田山旺佑		芝1200				1:09.2	0.8		6-6	33.6-34.8	34.8	482(+6)					晴		16.0	2.0	4.0	88.8	9.0	9	53.0	良	**	**		ジュンヴァンケット																																																									
2020104825	2025-12-20	5阪神5		12.0	3歳以上2勝クラス								田山旺佑		芝1200				1:08.6	0.4		9-9	33.3-34.9	34.1	484(+2)					曇		16.0	3.0	5.0	69.7	11.0	6	53.0	良	**	**		ブルーアイドガール																																																									
2020104843	2022-08-21	2札幌4	晴	5.0	2歳新馬		6.0	4.0	4.0	6.4	4.0	1	武豊	54.0	芝2000		稍	**	2:06.3	-0.1	**	3-3-3-2	37.7-38.1	37.4	492(0)			(ジュンツバメガエシ)	700.0																																																																							
2020104843	2022-11-06	5東京2	晴	9.0	百日草特別(1勝クラス)		9.0	4.0	4.0	10.8	6.0	5	武豊	55.0	芝2000		良	**	2:00.5	0.8	**	6-8-7	36.8-33.9	34.2	492(0)			キングズレイン	103.0																																																																							
2020104843	2023-02-05	1東京4	晴	9.0	ゆりかもめ賞(1勝クラス)		10.0	4.0	4.0	31.1	7.0	7	武豊	56.0	芝2400		良	**	2:25.9	1.1	**	5-5-5-5	35.7-35.2	35.4	500(+8)			スキルヴィング																																																																								
2020104843	2023-02-25	2中山1	曇	9.0	水仙賞(1勝クラス)		8.0	4.0	4.0	8.4	5.0	4	横山武史	56.0	芝2200		良	**	2:14.7	0.5	**	1-1-1-2	37.4-35.3	35.8	498(-2)			ハウゼ	160.0																																																																							
2020104843	2023-04-15	3中山7	雨	9.0	山藤賞(1勝クラス)		12.0	5.0	6.0	12.2	6.0	9	横山武史	56.0	芝2000		重	**	2:06.2	2.0	**	2-2-2-2	36.3-38.0	39.7	504(+6)			スズカハービン																																																																								
2020104843	2023-06-17	1函館3	曇	12.0	3歳以上1勝クラス		14.0	6.0	9.0	10.5	5.0	8	武豊	55.0	ダ1700		良	**	1:47.2	2.0	**	10-11-5-6	29.7-36.9	38.5	510(+6)			スマートサニー																																																																								
2020104843	2023-07-01	2函館1	晴	8.0	3歳以上1勝クラス		7.0	2.0	2.0	7.2	4.0	5	佐々木大	53.0	ダ2400		重	**	2:34.5	0.7	**	4-6-5-5	38.3-37.8	38.1	508(-2)			メジェド	80.0																																																																							
2020104843	2023-10-01	4中山9	曇	7.0	3歳以上1勝クラス		15.0	1.0	1.0	8.3	5.0	3	北村宏司	55.0	芝2200		良	**	2:16.1	0.1	**	5-4-5-4	37.2-35.2	34.9	504(-4)			ホウオウサンデー	200.0																																																																							
2020104843	2023-10-28	4東京8	晴	8.0	3歳以上1勝クラス		10.0	6.0	6.0	4.1	2.0	1	北村宏司	56.0	芝2000		良	**	1:59.7	-0.2	**	3-3-3	36.1-34.3	34.0	504(0)			(スリリングチェイス)	800.0																																																																							
2020104843	2023-11-26	5東京8	曇	9.0	アーモンドアイM(2勝クラス)		11.0	6.0	6.0	12.9	6.0	6	北村宏司	54.0	芝2000		良	**	1:59.7	0.5	**	4-4-5	35.8-34.3	34.4	510(+6)			ダニーデン																																																																								
2020104843	2024-02-24	2中山1	晴	10.0	富里特別(2勝クラス)		12.0	7.0	10.0	8.5	5.0	1	キング	57.0	芝1800		稍	**	1:48.3	-0.3	**	2-1-1-1	36.0-35.6	35.6	518(+8)			(ネイビースター)	1575.2																																																																							
2020104843	2024-07-07	1函館10	曇	11.0	五稜郭S(3勝クラス)		14.0	3.0	3.0	11.1	5.0	14	野中悠太	58.0	芝1800		稍	**	1:51.1	1.7	**	1-1-1-1	36.2-36.6	38.3	522(+4)			キミノナハマリア																																																																								
2020104843	2024-07-27	1札幌3	曇	11.0	STV賞(3勝クラス)		14.0	4.0	6.0	12.0	6.0	12	北村友一	55.0	芝2000		良	**	2:01.3	0.7	**	7-7-7-10	36.1-34.5	34.8	516(-6)			フェアエールング																																																																								
2020104843	2024-10-26	4新潟7	晴	11.0	魚沼S(3勝クラス)		10.0	1.0	1.0	14.2	5.0	6	佐々木大	58.0	芝2000		良	**	2:00.3	0.8	**	9-9	36.7-34.1	33.8	522(+6)			シランケド																																																																								
2020104843	2024-11-17	6京都6	曇	9.0	比叡S(3勝クラス)		17.0	4.0	7.0	148.1	13.0	13	北村友一	55.0	芝2400		良	**	2:26.4	1.9	**	12-12-12-13	34.5-35.2	36.2	518(-4)			ヴェローチェエラ																																																																								
2020104843	2025-01-25	1中山8	晴	11.0	初富士S(3勝クラス)		17.0	4.0	8.0	47.8	12.0	5	北村宏司	54.0	芝2000		良	**	2:01.0	0.3	**	12-10-12-11	36.8-35.6	34.3	530(+12)			コスモブッドレア	184.0																																																																							
2020104843	2025-02-16	1東京6	曇	9.0	雲雀S(3勝クラス)		16.0	7.0	14.0	47.5	13.0	13	北村宏司	58.0	芝1600		良	**	1:34.4	0.4	**	13-14	35.8-34.3	33.6	538(+8)			レディントン																																																																								
2020104843	2025-04-06	3中山4	晴	11.0	美浦S(3勝クラス)		16.0	3.0	5.0	18.1	6.0	5	北村宏司	58.0	芝2000		良	**	2:00.0	0.4	**	15-15-14-11	35.9-35.7	34.8	534(-4)			レガーロデルシエロ	184.0																																																																							
2020104843	2025-07-12	1函館9	晴	11.0	五稜郭S(3勝クラス)		14.0	3.0	4.0	27.7	8.0	9	古川吉洋	58.0	芝1800		良	**	1:46.8	0.5	**	12-11-11-11	35.3-35.5	34.7	510(-24)			パレハ																																																																								
2020104864	2022-12-04	5中山2		4.0	2歳新馬								菊沢一樹		ダ1800				1:56.5	0.2		7-6-2-2	38.6-38.8	38.9	436(0)				180.0																													晴		15.0	8.0	14.0	4.7	2.0	3	55.0	良	**	**		タイセイマンボ																													
2020104864	2023-02-26	2中山2		4.0	3歳未勝利								菊沢一樹		ダ1800				1:57.3	1.4		7-7-4-5	38.4-38.8	40.0	436(0)																																	晴		16.0	7.0	14.0	3.9	2.0	6	56.0	良	**	**		ナムラテディー																													
2020104864	2023-03-26	3中山2		2.0	3歳未勝利								菊沢一樹		ダ1800				1:53.7	0.0		7-7-3-1	37.4-38.4	38.1	426(-10)				220.0																													小雨		16.0	5.0	10.0	6.2	5.0	2	56.0	不	**	**		エドノトップラン																													
2020104864	2023-04-16	1福島4		6.0	3歳未勝利								菊沢一樹		ダ1700				1:49.3	2.6		14-14-13-12	31.3-37.5	38.5	420(-6)																																	晴		15.0	1.0	1.0	2.4	1.0	9	56.0	稍	**	**		ディアサクセサー																													
2020104864	2023-08-13	3新潟2		2.0	3歳未勝利								菊沢一樹		ダ1800				1:53.6	0.2		5-5-2-2	37.1-38.2	38.2	440(+20)				220.0																													晴		15.0	5.0	9.0	5.2	3.0	2	56.0	良	**	**		オールマキシマム																													
2020104864	2023-09-03	3新潟8		3.0	3歳未勝利								菊沢一樹		ダ1800				1:53.6	-0.8		4-5-4-3	36.3-39.7	39.2	446(+6)				550.0																													晴		15.0	3.0	4.0	2.5	1.0	1	56.0	良	**	**		(ユイアングレイス)																													
2020104864	2023-10-22	4新潟4		8.0	3歳以上1勝クラス								菊沢一樹		ダ1800				1:53.9	0.1		3-2-2-2	38.6-36.7	36.6	448(+2)				320.0																													晴		10.0	7.0	8.0	3.4	3.0	2	56.0	稍	**	**		ファンジオ																													
2020104864	2023-11-26	5東京8		7.0	3歳以上1勝クラス								菊沢一樹		ダ1400				1:27.3	1.0		8-7	36.1-37.1	37.6	448(0)																																	曇		16.0	5.0	9.0	2.4	1.0	7	57.0	良	**	**		キャプテンローレル																													
2020104864	2024-02-25	2小倉6		8.0	4歳以上1勝クラス								菊沢一樹		ダ1700				1:44.2	-0.2		5-5-3-3	30.3-37.2	36.7	448(0)				800.0																													晴		11.0	6.0	7.0	4.6	3.0	1	57.0	稍	**	**		(クリノグローリー)																													
2020104864	2024-03-02	2小倉7		11.0	早鞆特別(2勝クラス)								菊沢一樹		ダ1700				1:43.8	0.1		10-8-4-5	28.1-38.1	37.8	442(-6)				631.8																													晴		16.0	5.0	10.0	6.3	3.0	2	56.0	稍	**	**		アイファーテイオー																													
2020104864	2024-06-22	3東京7		9.0	清里特別(2勝クラス)								菊沢一樹		ダ1400				1:23.5	0.7		7-7	34.6-36.4	36.4	446(+4)				155.0																													晴		16.0	1.0	2.0	25.2	7.0	5	58.0	重	**	**		エストレヤデベレン																													
2020104864	2024-07-07	2福島4		10.0	天の川賞(2勝クラス)								菊沢一樹		ダ1700				1:46.4	1.0		6-6-3-3	30.8-36.5	37.4	440(-6)				393.3																													晴		10.0	8.0	9.0	3.8	2.0	3	58.0	良	**	**		ジョージテソーロ																													
2020104864	2024-11-03	3福島2		10.0	河北新報杯(2勝クラス)								菊沢一樹		ダ1700				1:44.6	1.4		12-12-10-9	29.7-37.6	37.7	448(+8)				155.0																													晴		15.0	7.0	13.0	3.3	1.0	5	58.0	重	**	**		クロースコンバット																													
2020104864	2024-11-24	5東京8		10.0	アプローズ賞(2勝クラス)								菊沢一樹		ダ1400				1:26.2	1.8		7-6	36.1-36.0	37.3	442(-6)																																	晴		16.0	1.0	1.0	40.6	10.0	12	58.0	良	**	**		シゲルソロソロ																													
2020104864	2025-02-09	1小倉6		10.0	由布院特別(2勝クラス)								菊沢一樹		ダ1700				1:46.0	1.0		7-7-8-5	29.5-37.6	38.0	454(+12)																																	晴		16.0	2.0	4.0	8.4	4.0	7	58.0	稍	**	**		レシプロシティ																													
2020104864	2025-06-22	1函館4		10.0	檜山特別(2勝クラス)								菊沢一樹		ダ1700				1:45.9	1.6		1-1-1-2	30.0-37.0	38.6	450(-4)																																	曇		14.0	5.0	7.0	32.2	8.0	14	58.0	重	**	**		バギーウィップ																													
2020104864	2025-09-20	4中山6		12.0	3歳以上2勝クラス								菊沢一樹		ダ1200				1:12.5	2.0		7-7	34.2-36.3	37.7	450(0)																																	曇		16.0	2.0	4.0	51.4	10.0	14	58.0	重	**	**		エコロエイト																													
2020104864	2026-01-17	1中山6		8.0	4歳以上2勝クラス								菊沢一樹		ダ1200				1:12.2	0.4		14-14	33.8-38.0	36.4	452(+2)				180.0																													晴		16.0	3.0	6.0	159.6	11.0	4	58.0	良				ゴールドハンマー																													
2020104893	2022-06-25	3阪神3		5.0	2歳新馬								団野大成		芝1400				1:22.8	0.1		2-2	34.5-36.5	36.6	488(0)				280.0	晴		11.0	6.0	7.0	18.9	6.0	2	54.0	良	**	**		オリオンネビュラ																																																									
2020104893	2022-08-07	2新潟4		1.0	2歳未勝利								福永祐一		芝1400				1:22.6	0.5		6-6	34.6-35.6	35.6	484(-4)				52.0	晴		15.0	7.0	12.0	2.8	1.0	5	54.0	良	**	**		サイモンオリーブ																																																									
2020104893	2022-10-08	4阪神1		2.0	2歳未勝利								団野大成		芝1400				1:21.7	0.1		5-5	34.5-35.5	35.3	490(+6)				210.0	曇		10.0	6.0	6.0	2.7	2.0	2	55.0	稍	**	**		ハウピア																																																									
2020104893	2022-12-04	6中京2		4.0	2歳未勝利								福永祐一		芝1400				1:22.1	0.7		4-4	34.3-35.8	36.1	486(-4)				78.0	晴		18.0	8.0	18.0	4.5	2.0	4	55.0	良	**	**		スカイロケット																																																									
2020104893	2022-12-24	6阪神7		3.0	2歳未勝利								川田将雅		ダ1400				1:26.2	0.0		7-4	34.9-38.8	38.5	490(+4)				210.0	晴		16.0	6.0	12.0	3.0	1.0	2	55.0	稍	**	**		ゴルデールスカー																																																									
2020104893	2023-01-22	1中京8		2.0	3歳未勝利								川田将雅		ダ1400				1:26.5	-0.2		4-4	35.6-38.7	38.0	492(+2)				550.0	晴		15.0	1.0	1.0	1.9	1.0	1	56.0	良	**	**		(アルルカン)																																																									
2020104893	2023-04-22	1京都1		5.0	3歳1勝クラス								吉田隼人		ダ1400				1:26.3	1.6		13-10	34.1-38.5	38.8	506(+14)					晴		16.0	4.0	8.0	14.7	7.0	6	56.0	良	**	**		ヘンリー																																																									
2020104893	2023-05-06	1京都5		6.0	3歳1勝クラス								団野大成		ダ1400				1:25.8	0.2		7-6	35.5-37.6	36.8	502(-4)				310.0	曇		16.0	7.0	14.0	25.4	11.0	2	56.0	良	**	**		スズカコーズ																																																									
2020104893	2023-07-08	3中京3		6.0	3歳以上1勝クラス								団野大成		ダ1400				1:25.4	1.5		6-6	34.1-38.1	39.1	506(+4)					曇		16.0	7.0	14.0	12.8	5.0	7	55.0	良	**	**		エンペラーワケア																																																									
2020104893	2024-03-10	1中京2		12.0	4歳以上1勝クラス								三浦皇成		ダ1400				1:25.5	1.5		6-6	35.0-37.0	37.7	522(+16)				120.0	晴		16.0	4.0	7.0	19.4	6.0	4	58.0	良	**	**		アルシオーネ																																																									
2020104893	2024-03-30	2阪神3		7.0	4歳以上1勝クラス								西村淳也		ダ1400				1:25.0	-0.3		3-3	35.6-37.2	36.7	524(+2)				800.0	晴		16.0	7.0	13.0	3.1	1.0	1	58.0	稍	**	**		(エンドレスロード)																																																									
2020104893	2024-11-24	6京都8		8.0	3歳以上2勝クラス								西村淳也		ダ1400				1:24.3	0.0		10-9	34.7-37.6	36.4	526(+2)				460.0	曇		16.0	3.0	6.0	16.3	5.0	2	58.0	良	**	**		サウンドアレグリア																																																									
2020104893	2024-12-22	7京都8		8.0	3歳以上2勝クラス								西村淳也		ダ1400				1:25.9	0.5		5-5	36.0-37.6	37.6	532(+6)				114.0	晴		16.0	3.0	5.0	2.3	1.0	5	58.0	良	**	**		スターペスカオリ																																																									
2020104893	2025-03-09	1阪神4		12.0	4歳以上2勝クラス								西村淳也		ダ1400				1:24.7	0.2		10-7	34.6-37.5	36.6	530(-2)				290.0	晴		14.0	4.0	6.0	3.4	2.0	3	58.0	良	**	**		レイズカイザー																																																									
2020104893	2025-03-30	2中京6		12.0	鈴鹿特別(2勝クラス)								モレイラ		ダ1400				1:24.7	-0.2		7-7	35.3-37.2	36.5	526(-4)				1587.8	晴		16.0	3.0	6.0	3.0	1.0	1	58.0	良	**	**		(ルージュスタニング)																																																									
2020104893	2025-04-26	2東京1		10.0	鎌倉S(3勝クラス)								松山弘平		ダ1400				1:24.7	1.8		7-8	35.4-35.4	36.4	526(0)					曇		16.0	2.0	4.0	59.6	11.0	12	58.0	稍	**	**		ビダーヤ																																																									
2020104893	2025-09-20	4阪神6		11.0	大阪スポーツ杯(3勝クラス)								鮫島克駿		ダ1400				1:24.6	0.3		3-3	35.6-36.6	36.7	538(+12)				280.0	曇		13.0	6.0	8.0	23.3	8.0	4	58.0	良	**	**		スターペスカオリ																																																									
2020104893	2025-10-19	3京都7		10.0	京都開設100周年(3勝クラス)								西村淳也		ダ1400				1:23.6	0.4		4-4	35.7-35.4	35.4	534(-4)				280.0	曇		16.0	5.0	9.0	17.8	5.0	4	55.0	良	**	**		グランフォーブル																																																									
2020104893	2025-11-23	4京都6		10.0	LトレーナーC(3勝クラス)								西村淳也		ダ1400				1:23.8	0.1		12-14	34.9-36.6	35.9	534(0)				750.0	晴		16.0	3.0	6.0	14.5	7.0	2	58.0	良	**	**		フェルヴェンテ																																																									
2020104893	2026-01-17	1京都6		11.0	羅生門S(3勝クラス)								西村淳也		ダ1400				1:24.6	0.7		9-7	35.3-36.2	36.2	538(+4)				280.0																													晴		16.0	8.0	15.0	8.6	4.0	4	58.0	良				エストレヤデベレン																													
2020104912	2022-11-20	5阪神6	曇	5.0	2歳新馬		9.0	7.0	7.0	12.7	5.0	4	ルメール	54.0	芝1800		稍	**	1:48.5	0.5	**	8-6	36.9-33.7	33.7	464(0)			ベラジオオペラ	110.0																																																																							
2020104912	2022-12-03	6阪神1	晴	3.0	2歳未勝利		14.0	7.0	11.0	19.0	6.0	4	国分優作	54.0	芝1800		良	**	1:47.7	0.3	**	8-7	35.3-35.7	35.5	460(-4)			アンリーロード	78.0																																																																							
2020104912	2023-01-21	1中京7	晴	5.0	3歳未勝利		11.0	2.0	2.0	4.5	2.0	2	福永祐一	54.0	芝2000		良	**	2:01.9	0.0	**	4-5-5-5	36.3-35.6	35.2	468(+8)			マテンロウアルテ	220.0																																																																							
2020104912	2023-02-05	1小倉8	晴	2.0	3歳未勝利		14.0	3.0	3.0	2.5	1.0	1	北村友一	54.0	芝1800		良	**	1:49.0	0.0	**	4-5-5-4	36.8-35.9	35.6	470(+2)			(サトノキャサリン)	550.0																																																																							
2020104912	2023-03-26	3中山2	雨	9.0	ミモザ賞(1勝クラス)		11.0	8.0	11.0	6.1	3.0	1	津村明秀	54.0	芝2000		不	**	2:06.9	0.0	**	9-9-6-2	35.6-40.3	39.2	474(+4)			(イージーオンミー)	1095.2																																																																							
2020104912	2023-04-30	2東京4	小雨	11.0	スイートピーS(L)		13.0	5.0	7.0	4.6	3.0	3	津村明秀	54.0	芝1800		良	**	1:47.7	0.1	**	9-8-9	35.9-33.9	33.1	470(-4)			ウヴァロヴァイト	504.5																																																																							
2020104912	2023-07-02	2福島2	晴	11.0	ラジオNIKKEI賞(GIII)		16.0	6.0	11.0	25.1	10.0	10	津村明秀	54.0	芝1800		良	**	1:47.9	1.0	**	12-13-13-13	35.5-35.2	35.2	474(+4)			エルトンバローズ																																																																								
2020104912	2023-09-10	4阪神2	曇	9.0	能勢特別(2勝クラス)		8.0	1.0	1.0	2.8	1.0	3	鮫島克駿	53.0	芝2000		良	**	1:59.4	0.1	**	5-5-6-6	36.5-34.3	33.7	476(+2)			アレグロモデラート	392.6																																																																							
2020104912	2023-09-24	4阪神7	晴	9.0	夕月特別(2勝クラス)		11.0	8.0	11.0	3.0	2.0	3	鮫島克駿	53.0	芝2000		良	**	1:59.2	0.4	**	3-3-4-3	35.3-34.7	34.6	468(-8)			ミッキーゴージャス	393.6																																																																							
2020104912	2023-11-19	3福島6	晴	10.0	五色沼特別(2勝クラス)		16.0	8.0	16.0	4.1	2.0	12	丹内祐次	54.0	芝1800		良	**	1:50.9	1.1	**	6-6-7-9	36.9-35.9	36.3	468(0)			ニューノーマル																																																																								
2020104912	2024-02-11	2小倉2	晴	10.0	太宰府特別(2勝クラス)		13.0	5.0	6.0	5.0	2.0	3	鮫島克駿	55.0	芝1800		良	**	1:48.4	0.3	**	3-3-4-3	36.2-35.7	35.4	480(+12)			アルジーヌ	394.3																																																																							
2020104912	2024-03-10	2中山6	晴	9.0	房総特別(2勝クラス)		16.0	4.0	7.0	5.6	3.0	1	津村明秀	56.0	芝1800		良	**	1:49.0	-0.4	**	14-14-13-8	37.4-36.0	34.9	480(0)			(ラファドゥラ)	1585.0																																																																							
2020104912	2024-04-27	2東京3	曇	10.0	府中市70周年記念(3勝クラス)		13.0	4.0	4.0	16.5	5.0	3	津村明秀	56.0	芝2000		良	**	1:58.1	0.3	**	10-10-10	35.6-34.8	33.5	482(+2)			マイネルケレリウス	464.0																																																																							
2020104912	2024-05-19	3京都10	小雨	10.0	パールS(3勝クラス)		12.0	8.0	11.0	4.2	1.0	4	藤岡佑介	56.0	芝2000		良	**	2:00.4	0.1	**	12-11-11-10	36.6-34.6	33.6	484(+2)			エンパイアウエスト	280.0																																																																							
2020104912	2024-06-15	4京都5	曇	10.0	保津峡S(3勝クラス)		15.0	1.0	1.0	6.2	3.0	12	横山典弘	56.0	芝2200		良	**	2:12.0	1.2	**	12-12-12-13	35.4-34.3	34.1	480(-4)			ブラックブロッサム																																																																								
2020104912	2024-10-20	4東京6	晴	10.0	甲斐路S(3勝クラス)		8.0	6.0	6.0	8.9	4.0	6	津村明秀	56.0	芝2000		良	**	2:01.2	0.7	**	6-6-6	37.4-33.9	33.8	490(+10)			トーセンリョウ																																																																								
2020104912	2024-11-10	5東京4	曇	10.0	ユートピアS(3勝クラス)		13.0	4.0	5.0	20.8	9.0	11	長岡禎仁	56.0	芝1800		良	**	1:47.3	0.8	**	12-12-12	36.1-34.2	33.5	480(-10)			ウインエーデル																																																																								
2020104912	2025-02-15	1京都5	晴	10.0	飛鳥S(3勝クラス)		9.0	7.0	7.0	54.8	8.0	7	長岡禎仁	56.0	芝2000		良	**	2:02.2	1.5	**	9-9-9-9	37.5-34.9	35.5	486(+6)			ウエストナウ																																																																								
2020104912	2025-04-06	3中山4	晴	10.0	アリエスS(3勝クラス)		16.0	2.0	3.0	49.8	10.0	7	丸山元気	56.0	ダ1800		稍	**	1:53.2	1.3	**	16-16-16-16	36.0-37.8	37.6	486(0)			マンマリアーレ																																																																								
2020104912	2025-05-03	1新潟1	晴	11.0	三条S(3勝クラス)		15.0	5.0	8.0	53.0	13.0	10	秋山稔樹	56.0	ダ1800		稍	**	1:53.5	1.2	**	12-13-11-12	37.9-37.3	37.3	480(-6)			アピーリングルック																																																																								
2020104912	2025-08-23	2札幌1	晴	11.0	オールスターJ第2戦(3勝クラス)		14.0	6.0	9.0	26.7	10.0	10	戸崎圭太	56.0	芝2000		良	**	2:03.4	1.3	**	14-14-13-13	36.6-36.9	37.1	488(+8)			パトリックハンサム																																																																								
2020104912	2025-10-18	3京都6	曇	11.0	トルマリンS(3勝クラス)		16.0	7.0	13.0	69.1	14.0	11	藤岡佑介	56.0	ダ1800		稍	**	1:52.2	1.1	**	16-16-15-14	36.4-36.6	36.4	476(-12)			レイナデアルシーラ																																																																								
2020104912	2025-12-28	5中山8	晴	12.0	2025ファイナルS(3勝クラス)		16.0	8.0	16.0	233.3	15.0	15	長浜鴻緒	52.0	芝1600		良	**	1:35.2	1.6	**	15-6-6	35.6-34.0	34.9	472(-4)			ジョイフルニュース																																																																								
2020104960	2022-06-18	3東京5	曇	5.0	2歳新馬		16.0	8.0	16.0	47.0	9.0	11	江田照男	54.0	芝1400		良	**	1:24.1	2.0	**	6-5	36.2-34.2	35.8	466(0)			ウンブライル																																																																								
2020104960	2022-07-03	1函館8	曇	1.0	2歳未勝利		11.0	7.0	8.0	18.9	7.0	6	菱田裕二	54.0	芝1200		稍	**	1:11.8	0.8	**	9-8	34.2-36.8	36.5	476(+10)			シンゼンイズモ																																																																								
2020104960	2022-07-17	1函館12	小雨	1.0	2歳未勝利		8.0	6.0	6.0	65.3	7.0	4	菱田裕二	54.0	芝1200		稍	**	1:12.4	0.7	**	4-4	34.8-36.9	37.0	468(-8)			マルモリディライト	78.0																																																																							
2020104960	2022-08-14	3新潟2	曇	3.0	2歳未勝利		17.0	3.0	5.0	80.0	10.0	4	佐々木大	51.0	芝1200		稍	**	1:09.4	0.3	**	8-7	33.9-35.2	35.0	464(-4)			リバーラ	78.0																																																																							
2020104960	2022-09-04	3新潟8	晴	2.0	2歳未勝利		18.0	2.0	3.0	33.8	8.0	2	佐々木大	51.0	芝1400		良	**	1:23.2	0.5	**	4-4	34.7-35.9	36.1	472(+8)			ノーブルラン	210.0																																																																							
2020104960	2022-10-16	4新潟2	晴	1.0	2歳未勝利		16.0	3.0	5.0	15.7	6.0	2	佐々木大	52.0	芝1200		良	**	1:09.2	0.5	**	8-8	33.6-35.1	34.5	478(+6)			ダンシングニードル	210.0																																																																							
2020104960	2022-11-06	3福島2	晴	2.0	2歳未勝利		16.0	2.0	4.0	3.6	2.0	2	佐々木大	52.0	芝1200		良	**	1:09.5	0.4	**	3-3	33.5-35.6	35.4	484(+6)			ミルトクレイモー	210.0																																																																							
2020104960	2022-11-19	3福島5	晴	4.0	2歳未勝利		16.0	3.0	6.0	2.0	1.0	1	佐々木大	52.0	芝1200		良	**	1:10.3	-0.5	**	3-3	34.3-36.0	35.7	482(-2)			(シンリンゲンカイ)	520.0																																																																							
2020104960	2022-12-17	6中京5	小雨	9.0	報知杯中京2歳S(OP)		10.0	8.0	10.0	47.8	7.0	7	佐々木大	55.0	芝1200		良	**	1:09.7	1.7	**	6-6	34.2-33.8	34.6	488(+6)			ビッグシーザー																																																																								
2020104960	2022-12-24	5中山7	晴	7.0	2歳1勝クラス		16.0	3.0	5.0	87.0	12.0	11	武藤雅	55.0	ダ1200		稍	**	1:12.1	1.0	**	14-13	33.8-37.3	36.8	494(+6)			マニバドラ																																																																								
2020104960	2023-01-15	1中京6	晴	4.0	3歳1勝クラス		11.0	8.0	11.0	85.9	11.0	4	富田暁	56.0	ダ1200		稍	**	1:12.9	1.1	**	8-7	35.6-36.2	36.7	488(-6)			アームズレイン	120.0																																																																							
2020104960	2023-02-04	1東京3	晴	4.0	3歳1勝クラス		11.0	8.0	10.0	22.2	6.0	8	小林脩斗	54.0	ダ1400		良	**	1:26.8	0.8	**	10-10	36.6-36.6	36.5	496(+8)			ニフェーデービル																																																																								
2020104960	2023-03-04	2中山3	晴	7.0	3歳1勝クラス		16.0	7.0	14.0	32.3	11.0	10	武藤雅	56.0	ダ1200		良	**	1:12.2	1.2	**	12-13	33.1-37.9	37.5	494(-2)			ハチメンロッピ																																																																								
2020104960	2023-03-19	2中山8	晴	4.0	3歳1勝クラス		16.0	4.0	7.0	104.4	14.0	7	丹内祐次	56.0	ダ1200		不	**	1:11.4	0.8	**	12-10	33.6-37.0	36.1	496(+2)			タリエシン																																																																								
2020104960	2023-04-23	2東京2	晴	6.0	3歳1勝クラス		16.0	7.0	13.0	72.1	13.0	11	小林脩斗	54.0	ダ1400		良	**	1:26.9	1.4	**	16-15	35.5-37.8	37.3	492(-4)			ロードフォンス																																																																								
2020104960	2023-07-02	2福島2	晴	12.0	3歳以上1勝クラス		16.0	4.0	7.0	13.6	8.0	13	小林脩斗	53.0	芝1200		良	**	1:10.2	1.6	**	10-10	33.5-35.1	35.3	480(-12)			プレジャークルーズ																																																																								
2020104960	2023-07-08	2福島3	曇	9.0	須賀川特別(1勝クラス)		13.0	7.0	10.0	131.2	11.0	13	武藤雅	55.0	芝1200		良	**	1:10.5	1.5	**	13-13	34.0-35.0	34.8	482(+2)			ダレモトメラレナイ																																																																								
2020104960	2023-09-30	4中山8	晴	8.0	3歳以上1勝クラス		16.0	8.0	16.0	96.2	13.0	11	小林脩斗	54.0	ダ1200		良	**	1:12.6	2.4	**	13-13	33.8-36.4	37.5	494(+12)			サイモンギフト																																																																								
2020104960	2023-11-26	5東京8	曇	7.0	3歳以上1勝クラス		16.0	8.0	16.0	294.0	16.0	12	野中悠太	57.0	ダ1400		良	**	1:27.6	1.3	**	12-10	36.1-37.1	37.8	504(+10)			キャプテンローレル																																																																								
2020104960	2023-12-12	川崎	曇	9.0	ディセンバースター賞(B2B3)		12.0	5.0	5.0	76.3	10.0	4	野中悠太	57.0	ダ1500		稍	**	1:38.9	1.6	**	7-7-6-6	30.0-40.9	41.9	500(-4)			ソウルストライク	60.0																																																																							
2020104960	2024-01-21	1京都7	曇	8.0	4歳以上1勝クラス		14.0	5.0	9.0	259.1	12.0	4	松若風馬	57.0	ダ1400		重	**	1:23.9	0.8	**	13-13	34.3-37.3	35.8	506(+6)			エムズマインド	120.0																																																																							
2020104960	2024-02-10	2京都5	曇	8.0	4歳以上1勝クラス		16.0	6.0	11.0	22.3	9.0	5	松若風馬	58.0	ダ1200		良	**	1:13.1	0.3	**	15-14	35.9-36.9	35.8	508(+2)			ウイスキータイム	80.0																																																																							
2020104960	2024-03-02	2中山3	曇	7.0	4歳以上1勝クラス		16.0	6.0	11.0	15.2	5.0	4	長浜鴻緒	55.0	ダ1200		重	**	1:11.5	0.5	**	12-13	33.4-37.6	36.8	520(+12)			サトノガレオン	120.0																																																																							
2020104960	2024-09-28	4中山8	曇	8.0	3歳以上1勝クラス		16.0	7.0	13.0	29.8	9.0	9	長浜鴻緒	55.0	ダ1200		良	**	1:12.2	0.8	**	14-13	33.9-37.5	36.7	526(+6)			ヒストリアイ																																																																								
2020104960	2024-10-14	4新潟4	晴	8.0	3歳以上1勝クラス		8.0	8.0	8.0	21.6	6.0	6	長浜鴻緒	55.0	ダ1200		良	**	1:12.0	0.8	**	5-5	34.4-36.8	36.7	524(-2)			テイエムヒショウ																																																																								
2020104960	2024-10-27	4新潟8	晴	8.0	3歳以上1勝クラス		11.0	7.0	9.0	30.1	6.0	4	長浜鴻緒	55.0	ダ1200		良	**	1:11.5	0.8	**	11-11	34.2-36.5	35.7	522(-2)			キタノソワレ	120.0																																																																							
2020104960	2024-11-17	5東京6	晴	7.0	3歳以上1勝クラス		16.0	3.0	5.0	11.4	5.0	中	野中悠太	58.0	ダ1300		良	**			**		30.1-36.3		530(+8)			フラーハ																																																																								
2020104960	2024-12-14	4中京5	晴	3.0	3歳以上1勝クラス		16.0	4.0	8.0	17.3	5.0	12	長浜鴻緒	55.0	ダ1200		良	**	1:13.6	2.0	**	13-13	35.2-36.4	35.4	522(-8)			ビバップ																																																																								
2020104960	2025-01-26	1中山9	晴	8.0	4歳以上2勝クラス		14.0	6.0	10.0	103.4	11.0	11	長浜鴻緒	55.0	ダ1200		良	**	1:12.7	1.3	**	13-12	33.4-38.0	37.4	542(+20)			シークレットヴァウ																																																																								
2020104960	2025-02-10	1京都3	晴	12.0	4歳以上1勝クラス		16.0	4.0	7.0	82.6	13.0	5	古川吉洋	58.0	ダ1200		良	**	1:13.2	0.7	**	15-15	35.1-37.4	35.7	538(-4)			エコロネオ	80.0																																																																							
2020104960	2025-03-01	2中山1	晴	8.0	4歳以上1勝クラス		16.0	3.0	6.0	20.0	5.0	1	長浜鴻緒	55.0	ダ1200		良	**	1:12.5	-0.3	**	14-12	34.4-38.1	36.5	540(+2)			(ショウナンハクウン)	800.0																																																																							
2020104960	2025-03-22	2中山7	晴	12.0	4歳以上2勝クラス		16.0	7.0	13.0	22.2	7.0	14	長浜鴻緒	55.0	ダ1200		稍	**	1:12.9	1.5	**	14-15	34.3-37.1	36.4	534(-6)			スマイルアップ																																																																								
2020104960	2025-04-06	3中山4	晴	12.0	4歳以上2勝クラス		15.0	4.0	6.0	107.8	11.0	12	野中悠太	58.0	ダ1200		稍	**	1:13.1	1.6	**	14-14	35.7-35.8	35.6	538(+4)			ネイト																																																																								
2020104960	2025-06-22	3東京6	晴	9.0	甲州街道特別(2勝クラス)		16.0	1.0	1.0	141.3	16.0	10	野中悠太	58.0	ダ1400		良	**	1:25.4	2.0	**	15-15	34.8-37.0	36.7	528(-10)			トクシーカイザー																																																																								
2020104960	2025-07-13	2福島6	晴	12.0	彦星賞(2勝クラス)		9.0	4.0	4.0	42.4	8.0	8	野中悠太	58.0	芝1200		良	**	1:12.1	1.8	**	7-7	35.2-35.1	35.0	528(0)			エコロマーズ																																																																								
2020104960	2025-09-27	4中山8	晴	12.0	3歳以上2勝クラス		16.0	1.0	2.0	253.4	14.0	15	長浜鴻緒	56.0	ダ1200		良	**	1:12.8	1.4	**	16-16	34.4-37.0	35.8	536(+8)			ワンダラー																																																																								
2020104960	2025-10-25	4東京8	雨	12.0	3歳以上2勝クラス		13.0	8.0	13.0	193.4	13.0	9	長浜鴻緒	56.0	ダ1400		稍	**	1:25.2	1.1	**	12-12	36.4-35.4	35.3	540(+4)			フウセツ																																																																								
2020104960	2025-11-08	4京都1	晴	9.0	亀岡特別(2勝クラス)		16.0	1.0	1.0	344.5	15.0	10	古川吉洋	58.0	ダ1400		良	**	1:25.2	1.9	**	16-16	33.8-37.7	36.9	536(-4)			ジャスパーバローズ																																																																								
2020104960	2025-12-06	5阪神1	晴	8.0	3歳以上2勝クラス		16.0	4.0	7.0	409.8	16.0	15	古川吉洋	58.0	ダ1400		良	**	1:25.2	1.3	**	16-16	34.4-37.2	36.5	546(+10)			メイショウツヨキ																																																																								
2020104960	2025-12-20	5中京5	小雨	10.0	ヤングJSFR中京2(2勝クラス)		16.0	8.0	16.0	179.7	16.0	9	神尾香澄	58.0	ダ1400		稍	**	1:26.0	0.7	**	14-16	35.6-37.7	37.0	548(+2)			トルーマンテソーロ																																																																								
2020104960	2026-01-17	1中山6		8.0	4歳以上2勝クラス								長浜鴻緒		ダ1200				1:12.7	0.9		15-15	33.8-38.0	36.6	558(+10)																																	晴		16.0	5.0	10.0	267.8	15.0	10	56.0	良				ゴールドハンマー																													
2020104983	2022-12-03	5中山1		6.0	2歳新馬								丸田恭介		ダ1200				1:13.9	1.0		7-7	35.1-37.8	38.0	462(0)				70.0																													曇		16.0	4.0	8.0	13.8	7.0	5	54.0	良	**	**		ラックスアットゼア																													
2020104983	2022-12-24	5中山7		3.0	2歳未勝利								丸田恭介		芝1200				1:10.0	0.2		12-12	33.8-36.0	35.0	462(0)				210.0																													晴		16.0	3.0	6.0	16.2	5.0	2	54.0	稍	**	**		マーレアペルト																													
2020104983	2023-02-19	2小倉4		2.0	3歳未勝利								丸田恭介		芝1200				1:10.8	0.2		7-7	34.1-36.5	36.1	450(-12)				140.0																													小雨		18.0	4.0	8.0	5.3	3.0	3	54.0	重	**	**		カンチェンジュンガ																													
2020104983	2023-02-26	2小倉6		2.0	3歳未勝利								丸山元気		芝1200				1:10.2	0.4		5-5	34.2-35.6	35.5	448(-2)				55.0																													晴		18.0	3.0	5.0	10.8	6.0	5	54.0	稍	**	**		リトルミム																													
2020104983	2023-04-22	1福島5		2.0	3歳未勝利								丸田恭介		芝1200				1:10.7	0.0		9-9	35.2-35.5	34.8	446(-2)				220.0																													晴		16.0	6.0	11.0	2.5	1.0	2	54.0	良	**	**		クリノエンジェル																													
2020104983	2023-05-13	1新潟5		3.0	3歳未勝利								原優介		芝1400				1:22.2	0.1		1-1	35.5-34.6	34.7	436(-10)				220.0																													晴		16.0	1.0	1.0	4.8	2.0	2	52.0	良	**	**		パルティクラール																													
2020104983	2023-06-11	1函館2		1.0	3歳未勝利								横山武史		芝1200				1:09.2	0.0		7-6	33.8-35.4	34.6	440(+4)				550.0																													曇		16.0	2.0	4.0	1.4	1.0	1	54.0	良	**	**		(ピンクジン)																													
2020104983	2023-08-27	2札幌6		9.0	勝馬投票100周年(1勝クラス)								横山武史		芝1200				1:11.6	0.2		13-13	34.8-36.6	35.9	448(+8)				452.0																													雨		16.0	7.0	13.0	6.1	2.0	2	54.0	重	**	**		イイヒニナル																													
2020104983	2023-09-23	4中山6		4.0	3歳以上1勝クラス								横山武史		芝1200				1:10.2	0.8		13-13	34.3-35.1	34.6	446(-2)																																	曇		16.0	2.0	4.0	3.3	1.0	11	54.0	重	**	**		ランドオブラヴ																													
2020104983	2023-11-11	3福島3		6.0	3歳以上1勝クラス								原優介		芝1200				1:10.3	0.3		5-4	33.7-36.3	36.3	446(0)				320.0																													晴		16.0	3.0	5.0	6.1	3.0	2	54.0	良	**	**		ビッグボーンリタ																													
2020104983	2023-11-19	3福島6		12.0	3歳以上1勝クラス								原優介		芝1200				1:10.6	-0.1		3-3	34.4-36.2	35.7	444(-2)				800.0																													曇		16.0	1.0	2.0	8.3	4.0	1	54.0	良	**	**		(フライングブレード)																													
2020104983	2024-03-09	2中山5		12.0	4歳以上2勝クラス								原優介		芝1200				1:09.9	0.3		13-13	33.7-35.9	35.0	458(+14)																																	晴		13.0	4.0	4.0	13.5	7.0	8	55.0	稍	**	**		サウザンサニー																													
2020104983	2024-03-24	3中山2		12.0	4歳以上2勝クラス								原優介		芝1200				1:08.5	0.8		12-12	33.4-34.3	33.6	460(+2)																																	曇		13.0	4.0	4.0	14.0	6.0	10	55.0	良	**	**		ルーフ																													
2020104983	2024-04-06	1福島1		10.0	花見山特別(2勝クラス)								菊沢一樹		芝1200				1:09.6	0.8		15-15	34.1-34.7	34.1	452(-8)																																	曇		16.0	5.0	9.0	24.5	8.0	9	56.0	良	**	**		リシャールケリー																													
2020104983	2024-05-18	2東京9		10.0	高尾特別(2勝クラス)								原優介		芝1400				1:22.4	1.2		10-10	35.1-34.2	33.3	464(+12)																																	晴		12.0	2.0	2.0	26.3	8.0	12	56.0	良	**	**		タガノシャーンス																													
2020104983	2024-07-13	2福島5		9.0	郡山特別(2勝クラス)								原優介		芝1200				1:09.5	1.3		11-12	33.9-34.3	34.1	458(-6)																																	晴		16.0	3.0	6.0	42.4	10.0	7	52.0	良	**	**		トーセンエスクード																													
2020104983	2024-08-04	1札幌6		10.0	札幌スポニチ賞(2勝クラス)								斎藤新		芝1200				1:09.3	0.0		6-6	34.2-35.1	34.4	460(+2)				630.2																													曇		16.0	5.0	10.0	59.4	14.0	2	56.0	稍	**	**		コナブラック																													
2020104983	2024-08-18	2札幌4		10.0	知床特別(2勝クラス)								富田暁		芝1200				1:08.6	0.3		11-10	33.3-35.0	34.3	462(+2)																																	晴		16.0	5.0	10.0	46.9	8.0	7	56.0	良	**	**		シカゴスティング																													
2020104983	2024-09-07	4中山1		10.0	汐留特別(2勝クラス)								原優介		芝1200								33.4-33.4		計不																																	晴		10.0	2.0	2.0			取	56.0	良	**	**		ランドオブラヴ																													
2020104983	2024-11-09	3福島3		10.0	飯坂温泉特別(2勝クラス)								永島まな		芝1200				1:10.6	0.7		15-15	33.9-36.0	35.1	460(-2)																																	晴		16.0	1.0	1.0	20.2	11.0	9	56.0	良	**	**		ニシノコウダイ																													
2020104983	2024-11-30	5中山1		12.0	3歳以上2勝クラス								原優介		芝1200				1:08.0	0.5		14-12	32.9-34.6	33.8	470(+10)				114.0																													晴		15.0	4.0	6.0	51.7	11.0	5	55.0	良	**	**		ステークホルダー																													
2020104983	2024-12-21	5中山7		12.0	クリスマスC(2勝クラス)								原優介		芝1200				1:09.0	1.0		13-13	33.5-34.5	34.0	470(0)																																	晴		16.0	7.0	13.0	20.3	8.0	11	56.0	良	**	**		ジューンブレア																													
2020104983	2025-03-15	2中山5		12.0	4歳以上2勝クラス								原優介		芝1200				1:09.1	0.5		15-16	33.8-34.8	33.9	482(+12)																																	曇		16.0	3.0	6.0	40.9	11.0	9	56.0	良	**	**		アララララ																													
2020104983	2025-03-22	2中京3		10.0	熱田特別(2勝クラス)								杉原誠人		芝1400				1:21.5	0.5		9-10	33.9-35.3	34.7	470(-12)																																	晴		17.0	8.0	16.0	83.8	10.0	8	56.0	良	**	**		ソルトクィーン																													
2020104983	2025-04-27	2東京2		8.0	4歳以上2勝クラス								原優介		芝1400				1:20.7	0.3		11-11	35.1-33.5	33.1	478(+8)																																	晴		14.0	8.0	13.0	55.6	11.0	8	56.0	良	**	**		シンバーシア																													
2020104983	2025-06-21	1函館3		11.0	STV杯(2勝クラス)								原優介		芝1200				1:09.3	0.4		4-5	34.2-34.7	34.6	476(-2)																																	曇		15.0	2.0	3.0	8.9	5.0	8	56.0	良	**	**		ゴールドサーベル																													
2020104983	2025-06-29	1函館6		12.0	湯の川温泉特別(2勝クラス)								小林脩斗		芝1200				1:09.7	1.0		8-10	34.4-34.3	34.0	474(-2)																																	晴		14.0	3.0	3.0	19.2	7.0	12	56.0	良	**	**		トウカイファクター																													
2020104983	2025-08-16	1札幌7		10.0	知床特別(2勝クラス)								原優介		芝1200				1:09.0	0.4		4-6	34.5-34.1	34.0	468(-6)																																	晴		13.0	5.0	6.0	24.2	9.0	7	56.0	良	**	**		エスペシャリー																													
2020104983	2025-08-23	2札幌1		10.0	オールスターJ第1戦(2勝クラス)								ゴンサル		芝1200				1:09.0	0.0		4-3	33.9-35.1	34.5	474(+6)				629.2																													晴		14.0	2.0	2.0	18.2	6.0	2	56.0	良	**	**		ハートホイップ																													
2020104983	2025-11-09	5東京2		12.0	3歳以上2勝クラス								武藤雅		芝1400				1:22.2	0.8		10-10	35.6-33.6	33.7	482(+8)																																	曇		18.0	2.0	4.0	80.3	12.0	11	56.0	良	**	**		タイセイカレント																													
2020104983	2025-11-23	5東京5		12.0	3歳以上2勝クラス								原優介		芝1400				1:21.4	0.9		4-3	35.0-33.8	34.3	476(-6)																																	曇		18.0	1.0	1.0	188.1	17.0	13	56.0	良	**	**		アニトラ																													
2020104983	2025-12-28	5阪神8		12.0	カウントダウンS(3勝クラス)								斎藤新		芝1200				1:09.3	0.9		5-5	34.9-33.5	33.9	464(-12)																																	晴		10.0	7.0	7.0	93.5	10.0	10	56.0	良	**	**		イツモニコニコ																													
2020104983	2026-01-17	1京都6		12.0	4歳以上2勝クラス								斎藤新		芝1600				1:35.3	1.8		14-17	35.2-34.5	34.8	468(+4)																																	晴		18.0	3.0	6.0	249.4	15.0	14	56.0	良				カズミクラーシュ																													
2020104986	2022-07-03	3小倉2	曇	5.0	2歳新馬		8.0	3.0	3.0	36.5	7.0	6	富田暁	54.0	芝1800		良	**	1:51.1	0.5	**	6-6-6-6	37.6-35.5	35.5	476(0)			アリスヴェリテ																																																																								
2020104986	2022-07-23	3小倉7	晴	2.0	2歳未勝利		9.0	1.0	1.0	60.2	7.0	4	北村友一	54.0	芝1800		良	**	1:48.5	0.4	**	6-6-6-6	35.9-35.2	35.1	472(-4)			アイスグリーン	78.0																																																																							
2020104986	2022-10-29	4阪神8	晴	3.0	2歳未勝利		13.0	7.0	10.0	20.5	8.0	9	横山典弘	55.0	芝1800		良	**	1:48.5	0.8	**	2-2	36.4-34.9	35.6	474(+2)			ティムール																																																																								
2020104986	2023-01-07	1中京2	晴	1.0	3歳未勝利		15.0	2.0	2.0	9.8	6.0	7	富田暁	56.0	ダ1800		良	**	1:56.8	1.1	**	6-6-6-6	38.3-38.7	39.2	480(+6)			サンデーヒーロー																																																																								
2020104986	2023-02-04	1小倉7	曇	6.0	3歳未勝利		9.0	7.0	7.0	9.4	4.0	7	富田暁	56.0	芝2000		良	**	2:02.5	1.3	**	8-8-6-6	36.2-35.3	35.7	474(-6)			サスケ																																																																								
2020104986	2023-06-04	3阪神2	晴	2.0	3歳未勝利		18.0	7.0	15.0	11.5	6.0	4	角田大和	55.0	芝1600		良	**	1:35.5	0.7	**	3-2	35.7-33.9	34.4	478(+4)			ロードマンハイム	83.0																																																																							
2020104986	2023-06-18	3阪神6	曇	2.0	3歳未勝利		18.0	6.0	12.0	15.5	7.0	8	団野大成	56.0	芝1400		良	**	1:22.2	1.4	**	11-10	34.9-34.4	35.1	476(-2)			グランデサラス																																																																								
2020104986	2023-08-19	3小倉3	晴	3.0	3歳未勝利		16.0	5.0	9.0	61.6	13.0	4	今村聖奈	53.0	芝1800		良	**	1:48.2	0.2	**	11-12-11-10	35.1-36.8	36.3	474(-2)			テンクウハット	83.0																																																																							
2020104986	2023-09-02	3小倉7	曇	4.0	3歳未勝利		16.0	2.0	3.0	28.0	11.0	3	今村聖奈	53.0	芝1800		稍	**	1:48.7	0.3	**	11-12-12-12	35.5-36.7	35.7	470(-4)			ウインエーデル	140.0																																																																							
2020104986	2023-11-01	園田	晴	7.0	C2二		10.0	6.0	6.0	11.4	4.0	5	大山真吾	56.0	ダ1400		良	**	1:32.8	1.3	**	6-6-8-5		40.7	498(+28)			ホウオウプレシャス	7.0																																																																							
2020104986	2023-11-22	園田	晴	6.0	C2一		10.0	7.0	8.0	17.9	5.0	9	大山真吾	56.0	ダ1400		良	**	1:34.4	3.3	**	8-9-10-10		42.0	492(-6)			グアナバラ																																																																								
2020104986	2023-12-14	園田	晴	5.0	C3一		12.0	7.0	10.0	7.1	4.0	1	大山真吾	56.0	ダ1400		稍	**	1:33.6	-0.1	**	3-3-2-2		40.6	488(-4)			(フィオーレシチー)	56.0																																																																							
2020104986	2024-01-02	園田	晴	6.0	C2二		12.0	8.0	11.0	10.2	5.0	1	大山真吾	56.0	ダ1400		良	**	1:32.2	-0.3	**	8-8-6-5		39.8	485(-3)			(パリパリ)	70.0																																																																							
2020104986	2024-01-26	姫路	曇	8.0	C2一		8.0	2.0	2.0	5.1	2.0	5	大山真吾	57.0	ダ1400		良	**	1:34.9	1.4	**	7-7-7-7		40.3	489(+4)			ボタニカルガーデン	7.0																																																																							
2020104986	2024-05-16	園田	曇	3.0	C3一		12.0	8.0	11.0	2.1	1.0	2	大山真吾	56.0	ダ1400		稍	**	1:33.5	0.3	**	2-2-2-3		41.0	503(+14)			タマノシュシュ	19.6																																																																							
2020104986	2024-06-07	園田	晴	3.0	C3一		10.0	4.0	4.0	1.5	1.0	1	大山真吾	56.0	ダ1400		良	**	1:32.6	-0.6	**	4-4-2-2		39.6	495(-8)			(エイシンマシーン)	56.0																																																																							
2020104986	2024-06-28	園田	曇	5.0	ZOKUーZOKUG(C2)		9.0	5.0	5.0	1.5	1.0	1	大山真吾	56.0	ダ1400		不	**	1:33.7	-0.1	**	6-5-2-2		41.2	490(-5)			(ミラクルベルン)	70.0																																																																							
2020104986	2024-07-19	園田	晴	7.0	C2一		8.0	2.0	2.0	3.1	1.0	7	大山真吾	57.0	ダ1400		良	**	1:34.0	0.7	**	5-5-6-6		40.1	488(-2)			モイスチャー																																																																								
2020104986	2024-08-08	園田	晴	7.0	C2一		10.0	1.0	1.0	9.8	5.0	8	大山真吾	56.0	ダ1400		稍	**	1:35.3	3.0	**	8-7-7-8		42.7	487(-1)			モンテマッジョーレ																																																																								
2020104986	2025-03-22	2中山7	晴	7.0	4歳以上1勝クラス		16.0	4.0	7.0	282.8	16.0	16	江田照男	58.0	ダ1800		稍	**	1:58.1	3.7	**	8-8-12-12	37.0-38.6	41.6	484(-3)			イデアユウシン																																																																								
2020104986	2025-04-06	3中山4	小雨	8.0	4歳以上1勝クラス		13.0	6.0	8.0	127.0	10.0	7	江田照男	58.0	芝1800		良	**	1:49.5	0.9	**	10-8-9-7	36.2-35.1	34.8	482(-2)			ビジューブリランテ																																																																								
2020104986	2025-04-19	3中山7	晴	7.0	4歳以上1勝クラス		15.0	6.0	11.0	297.0	14.0	13	江田照男	58.0	芝2000		良	**	1:59.8	1.4	**	8-8-9-9	36.5-34.1	34.8	482(0)			エラン																																																																								
2020104986	2025-05-18	1新潟6	曇	7.0	4歳以上1勝クラス		13.0	8.0	12.0	35.3	9.0	4	舟山瑠泉	55.0	芝1800		良	**	1:49.1	0.2	**	7-7	37.0-35.2	34.9	478(-4)			ディーガレジェンド	120.0																																																																							
2020104986	2025-11-01	4東京10	晴	12.0	3歳以上1勝クラス		15.0	7.0	12.0	307.3	13.0	13	遠藤汰月	55.0	芝1800		良	**	1:46.5	2.4	**	10-10-9	34.7-35.2	35.9	486(+8)			ベストミーエヴァー																																																																								
2020104986	2025-11-24	3福島6	曇	12.0	3歳以上1勝クラス		16.0	6.0	12.0	109.4	13.0	11	舟山瑠泉	55.0	芝2000		良	**	2:01.5	0.9	**	16-16-15-14	35.8-34.9	34.8	476(-10)			イガッチ																																																																								
2020105018	2022-11-26	5東京7		5.0	2歳新馬								菅原明良		芝1600				1:36.3	0.9		6-7	36.9-34.0	34.3	452(0)				110.0																																											曇		17.0	5.0	10.0	2.5	1.0	4	55.0	良	**	**		レイベリング															
2020105018	2022-12-25	5中山8		3.0	2歳未勝利								戸崎圭太		芝1600				1:34.8	-0.8		16-7-2	35.0-35.6	35.1	456(+4)				520.0																																											晴		16.0	1.0	2.0	4.7	2.0	1	55.0	良	**	**		(ハルオーブ)															
2020105018	2023-01-22	1中山8		9.0	若竹賞(1勝クラス)								戸崎圭太		芝1800				1:49.4	1.3		6-6-6-7	36.4-35.5	35.7	460(+4)																																															晴		10.0	7.0	7.0	2.2	1.0	6	56.0	良	**	**		パクスオトマニカ															
2020105018	2023-02-19	1東京8		6.0	3歳1勝クラス								戸崎圭太		芝1600				1:33.2	0.3		2-2	34.5-34.7	34.8	456(-4)				200.0																																											曇		12.0	8.0	12.0	10.6	6.0	3	56.0	良	**	**		ノッキングポイント															
2020105018	2023-07-09	3中京4		9.0	タイランドC(1勝クラス)								松山弘平		芝1400				1:20.2	-0.8		4-4	33.3-35.3	35.0	458(+2)				1152.7																																											曇		18.0	3.0	6.0	3.1	1.0	1	55.0	稍	**	**		(サク)															
2020105018	2023-09-30	4阪神8		8.0	3歳以上2勝クラス								松山弘平		芝1400				1:21.5	0.6		3-4	34.6-34.3	34.6	460(+2)																																															曇		17.0	3.0	6.0	1.6	1.0	6	56.0	良	**	**		ジューンオレンジ															
2020105018	2023-10-28	2京都8		9.0	3歳以上2勝クラス								鮫島克駿		芝1400				1:20.4	-0.2		12-12	34.1-34.8	33.2	452(-8)				1140.0																																											晴		13.0	6.0	8.0	4.3	3.0	1	56.0	良	**	**		(マチカゼ)															
2020105018	2023-11-26	3京都8		10.0	清水S(3勝クラス)								鮫島克駿		芝1600				1:33.4	0.2		9-8	36.4-33.6	32.6	454(+2)				463.9																																											晴		13.0	4.0	5.0	5.1	3.0	3	55.0	良	**	**		トゥードジボン															
2020105018	2024-02-24	2中山1		11.0	幕張S(3勝クラス)								鮫島克駿		芝1600				1:35.4	1.7		9-9-8	34.7-35.5	34.7	446(-8)																																															晴		11.0	1.0	1.0	4.3	2.0	10	58.0	稍	**	**		ニシノスーベニア															
2020105018	2024-03-31	2阪神4		10.0	キタサンブラックC(3勝クラス)								鮫島克駿		芝1400				1:20.4	0.0		10-10	33.6-35.4	33.7	450(+4)				1878.5																																											晴		17.0	3.0	6.0	4.9	3.0	1	58.0	良	**	**		(ブリュットミレジメ)															
2020105018	2024-05-11	2東京7		11.0	京王杯スプリングC(GII)								鮫島克駿		芝1400				1:20.1	0.4		7-7	34.8-33.9	33.3	452(+2)				1515.2																																											晴		15.0	6.0	11.0	26.9	8.0	3	57.0	良	**	**		ウインマーベル															
2020105018	2024-08-18	2中京4		11.0	CBC賞(GIII)								鮫島克駿		芝1200				1:07.5	0.0		7-6	33.6-33.9	33.4	450(-2)				1618.6																																											晴		18.0	3.0	6.0	6.5	3.0	2	56.0	良	**	**		ドロップオブライト															
2020105018	2024-10-26	5京都7		11.0	MBS賞スワンS(GII)								鮫島克駿		芝1400				1:21.4	0.9		13-13	34.0-35.0	34.6	454(+4)																																															曇		17.0	4.0	8.0	4.6	2.0	15	57.0	良	**	**		ダノンマッキンリー															
2020105018	2024-12-01	5中山2		11.0	ラピスラズリS(L)								鮫島克駿		芝1200				1:07.8	0.6		8-9	33.7-33.5	33.5	452(-2)																																															晴		16.0	7.0	14.0	6.1	4.0	6	58.0	良	**	**		ペアポルックス															
2020105018	2025-02-22	1京都7		11.0	阪急杯(GIII)								吉村誠之		芝1400				1:22.5	0.8		5-5	35.2-34.8	35.2	466(+14)																																															曇		18.0	5.0	10.0	17.4	6.0	12	57.0	良	**	**		カンチェンジュンガ															
2020105018	2025-03-30	2中京6		11.0	高松宮記念(GI)								佐々木大		芝1200				1:10.1	2.2		17-18	33.8-34.1	34.8	458(-8)																																															晴		18.0	6.0	11.0	170.4	15.0	17	58.0	良	**	**		サトノレーヴ															
2020105018	2025-05-03	2東京3		11.0	京王杯スプリングC(GII)								菅原明良		芝1400				1:19.8	1.5		8-8	33.9-33.2	33.5	454(-4)																																															晴		12.0	6.0	8.0	120.9	11.0	11	57.0	良	**	**		トウシンマカオ															
2020105018	2025-11-29	5東京7		11.0	キャピタルS(L)								藤懸貴志		芝1600				1:32.6	0.7		5-6	34.3-34.7	34.5	454(0)																																															晴		18.0	2.0	3.0	171.4	17.0	11	57.0	良	**	**		ミッキーゴージャス															
2020105089	2023-01-15	1中京6	晴	6.0	3歳新馬		12.0	1.0	1.0	4.6	2.0	6	松山弘平	56.0	芝2000		重	**	2:04.9	1.4	**	1-1-1-1	37.2-35.1	36.5	480(0)			マスクトディーヴァ																																																																								
2020105089	2023-03-12	1阪神10	晴	3.0	3歳未勝利		14.0	4.0	6.0	4.2	1.0	10	池添謙一	56.0	ダ2000		良	**	2:12.5	2.7	**	2-3-1-1	37.0-38.9	41.6	488(+8)			エンツォウーノ																																																																								
2020105089	2023-03-25	2阪神1	曇	5.0	3歳未勝利		11.0	7.0	8.0	5.5	3.0	7	松山弘平	56.0	ダ1800		重	**	1:56.8	3.6	**	1-1-1-1	36.0-38.6	42.2	480(-8)			サンライズパスカル																																																																								
2020105089	2023-06-18	3阪神6	曇	2.0	3歳未勝利		18.0	4.0	8.0	23.8	9.0	1	松若風馬	56.0	芝1400		良	**	1:20.8	-0.1	**	2-2	34.9-34.4	34.3	498(+18)			(プロスペリダード)	550.0																																																																							
2020105089	2023-07-09	3中京4	曇	9.0	タイランドC(1勝クラス)		18.0	6.0	11.0	5.2	3.0	12	坂井瑠星	55.0	芝1400		稍	**	1:22.1	1.9	**	9-8	33.3-35.3	36.5	490(-8)			スズハローム																																																																								
2020105089	2023-11-05	3京都2	晴	12.0	3歳以上1勝クラス		17.0	8.0	16.0	14.2	7.0	6	松若風馬	57.0	芝1400		良	**	1:21.4	0.4	**	14-15	35.2-34.3	33.5	500(+10)			オードリーバローズ																																																																								
2020105089	2023-12-23	5阪神7	晴	12.0	3歳以上1勝クラス		14.0	7.0	11.0	7.4	4.0	5	池添謙一	57.0	芝1600		良	**	1:34.6	0.5	**	6-6	36.4-33.5	33.4	496(-4)			バトルハーデン	80.0																																																																							
2020105089	2024-01-13	1京都4	晴	12.0	4歳以上1勝クラス		18.0	2.0	4.0	10.5	6.0	5	岩田康誠	57.0	芝1600		良	**	1:35.6	0.5	**	11-10	35.1-35.1	34.9	496(0)			スズカダブル	80.0																																																																							
2020105089	2024-03-30	2阪神3	晴	6.0	4歳以上1勝クラス		10.0	5.0	5.0	6.0	4.0	1	池添謙一	58.0	芝1800		良	**	1:47.2	0.0	**	8-7	36.1-35.2	34.6	498(+2)			(ダイシンビヨンド)	800.0																																																																							
2020105089	2024-04-13	2阪神7	晴	9.0	明石特別(2勝クラス)		11.0	1.0	1.0	12.9	6.0	4	ムルザバ	58.0	芝1800		良	**	1:45.7	0.1	**	4-4	36.2-33.7	33.4	492(-6)			ショウナンアデイブ	230.0																																																																							
2020105089	2024-06-30	3小倉2	曇	9.0	柳川特別(2勝クラス)		10.0	5.0	5.0	3.9	2.0	1	松山弘平	58.0	芝1800		稍	**	1:49.0	0.0	**	7-6-5-4	35.8-37.6	36.7	494(+2)			(ロードマンハイム)	1573.1																																																																							
2020105089	2024-07-20	3小倉7	晴	11.0	テレQ杯(3勝クラス)		12.0	5.0	5.0	12.8	6.0	10	松山弘平	58.0	芝2000		稍	**	2:01.9	1.7	**	6-5-4-8	35.5-36.3	37.3	494(0)			マイネルメモリー																																																																								
2020105089	2024-10-20	5京都6	晴	10.0	キセキC(3勝クラス)		17.0	4.0	8.0	52.4	9.0	10	岩田望来	55.0	芝1600		良	**	1:34.9	0.6	**	9-10	35.6-34.5	34.4	498(+4)			キープカルム																																																																								
2020105089	2024-11-17	5東京6	晴	10.0	秋色S(3勝クラス)		13.0	5.0	7.0	105.2	12.0	11	石川裕紀	55.0	芝1600		良	**	1:33.6	1.4	**	8-8	34.1-34.9	34.2	488(-10)			レガトゥス																																																																								
2020105089	2025-04-06	2阪神4	晴	10.0	夢洲S(3勝クラス)		14.0	5.0	8.0	150.4	13.0	9	シュタル	58.0	芝1600		良	**	1:33.0	0.7	**	12-13	35.4-33.7	33.3	492(+4)			シヴァース																																																																								
2020105089	2025-04-20	2阪神8	曇	11.0	心斎橋S(3勝クラス)		11.0	6.0	6.0	33.5	9.0	3	高杉吏麒	58.0	芝1400		良	**	1:20.0	0.1	**	10-9	33.8-34.8	34.1	490(-2)			ナムラアトム	463.6																																																																							
2020105089	2025-05-18	2京都8	曇	10.0	錦S(3勝クラス)		12.0	5.0	5.0	15.4	7.0	3	高杉吏麒	56.0	芝1600		稍	**	1:33.7	0.6	**	5-5	35.3-33.7	33.7	490(0)			ココナッツブラウン	464.2																																																																							
2020105089	2025-06-15	3阪神4	晴	10.0	花のみちS(3勝クラス)		18.0	6.0	12.0	38.5	9.0	9	高杉吏麒	58.0	芝1600		稍	**	1:33.5	0.9	**	6-6	34.1-35.0	34.9	490(0)			ブルーミンデザイン																																																																								
2020105089	2025-11-29	4京都7	晴	10.0	東山S(3勝クラス)		12.0	3.0	3.0	8.5	5.0	4	池添謙一	56.0	芝1400		良	**	1:22.5	0.2	**	6-7	36.4-33.7	33.3	490(0)			ヤブサメ	280.0																																																																							
2020105089	2025-12-21	5阪神6	小雨	12.0	六甲アイランドS(3勝クラス)		14.0	4.0	5.0	25.8	9.0	13	池添謙一	58.0	芝1400		重	**	1:22.5	0.9	**	11-11	35.5-34.5	34.5	490(0)			ディアナザール																																																																								
2020105156	2023-02-19	1阪神4		4.0	3歳新馬								永島まな		ダ1400				1:26.5	-0.3		1-1	34.9-39.2	39.2	496(0)				620.0																																											小雨		16.0	8.0	15.0	2.9	1.0	1	50.0	稍	**	**		(トモジャケーヤ)															
2020105156	2023-03-12	1阪神10		5.0	3歳1勝クラス								永島まな		ダ1400				1:27.0	1.5		3-2	34.5-38.4	39.5	490(-6)																																															晴		16.0	8.0	15.0	38.5	9.0	11	50.0	良	**	**		モックモック															
2020105156	2023-06-03	3阪神1		8.0	3歳以上1勝クラス								田中健		ダ1200				1:12.6	1.7		8-8	34.6-36.3	37.0	486(-4)																																															晴		16.0	7.0	14.0	54.8	11.0	13	53.0	重	**	**		コパノハンプトン															
2020105156	2023-09-03	3小倉8		8.0	3歳以上1勝クラス								田中健		ダ1000				0:58.1	0.3		2-2	33.5-35.5	35.5	490(+4)				200.0																																											晴		13.0	3.0	3.0	17.9	7.0	3	54.0	良	**	**		メイショウカゼマチ															
2020105156	2023-09-23	4阪神6		9.0	3歳以上1勝クラス								田中健		ダ1200								34.0-37.6		計不																																															晴		15.0	1.0	1.0			取	54.0	稍	**	**		ディキシーガンナー															
2020105156	2023-10-09	2京都3		8.0	3歳以上1勝クラス								田中健		ダ1200				1:14.7	1.9		5-7	34.7-38.1	39.6	490(0)																																															曇		16.0	4.0	8.0	13.9	7.0	12	55.0	重	**	**		ギーロカスタル															
2020105156	2023-10-21	2京都6		6.0	3歳以上1勝クラス								田中健		ダ1200				1:13.7	1.3		5-5	35.1-37.3	38.0	486(-4)																																															曇		14.0	8.0	13.0	20.0	8.0	12	55.0	良	**	**		アイファーシアトル															
2020105156	2024-01-28	1小倉6		3.0	4歳以上1勝クラス								河原田菜		ダ1000				1:00.4	2.3		13-13	33.9-35.4	36.1	480(-6)																																															曇		14.0	5.0	7.0	6.9	3.0	10	52.0	良	**	**		マキアージュ															
2020105156	2024-02-18	2京都8		8.0	4歳以上1勝クラス								藤懸貴志		ダ1200				1:12.3	0.1		16-16	35.3-36.9	35.7	470(-10)				120.0																																											曇		16.0	4.0	8.0	95.3	11.0	4	56.0	良	**	**		アロットドリーム															
2020105156	2024-03-10	1阪神6		8.0	4歳以上1勝クラス								藤懸貴志		ダ1200				1:12.8	0.7		10-9	34.3-37.8	37.0	468(-2)				120.0																																											晴		16.0	8.0	15.0	19.5	6.0	4	56.0	良	**	**		バトゥーキ															
2020105156	2024-03-23	2阪神1		12.0	4歳以上1勝クラス								藤懸貴志		ダ1200				1:11.3	-0.2		11-10	35.1-36.2	34.8	464(-4)				800.0																																											曇		12.0	3.0	3.0	5.4	3.0	1	56.0	不	**	**		(テイエムルンバ)															
2020105156	2024-05-26	3京都12		8.0	4歳以上2勝クラス								小沢大仁		ダ1200				1:13.2	1.4		10-12	35.5-36.3	36.5	468(+4)																																															晴		15.0	5.0	8.0	24.7	7.0	12	55.0	良	**	**		グッドウッドガイ															
2020105156	2025-01-05	1中京1		8.0	4歳以上2勝クラス								藤懸貴志		ダ1200				1:12.7	0.8		15-15	34.1-37.8	36.0	470(+2)																																															晴		16.0	8.0	16.0	47.9	11.0	9	56.0	良	**	**		ナッカーフェイス															
2020105156	2025-02-02	1京都2		8.0	4歳以上2勝クラス								中井裕二		ダ1400				1:25.8	2.4		11-12	34.5-36.7	38.0	462(-8)																																															曇		12.0	5.0	5.0	43.2	9.0	7	56.0	稍	**	**		ジャスティンアース															
2020105156	2025-02-16	1京都6		12.0	4歳以上2勝クラス								藤懸貴志		ダ1200				1:12.7	0.5		15-14	35.1-37.1	36.0	460(-2)				114.0																																											曇		16.0	1.0	2.0	49.5	13.0	5	56.0	稍	**	**		タガノミスト															
2020105156	2025-03-08	1阪神3		12.0	4歳以上2勝クラス								北村友一		芝1200				1:09.2	0.5		8-8	34.2-34.5	34.1	460(0)																																															曇		11.0	3.0	3.0	73.2	10.0	8	56.0	良	**	**		アムールリーベ															
2020105156	2025-05-18	2京都8		12.0	4歳以上2勝クラス								藤岡佑介		ダ1200				1:12.6	2.3		15-15	34.9-35.4	36.3	466(+6)																																															曇		16.0	1.0	1.0	39.9	15.0	16	56.0	稍	**	**		イミュータブル															
2020105156	2025-06-01	2京都12		8.0	4歳以上2勝クラス								田山旺佑		ダ1200				1:11.8	0.4		8-9	35.1-36.3	36.0	464(-2)				170.0																																											晴		16.0	5.0	9.0	99.0	13.0	4	53.0	良	**	**		パドマ															
2020105156	2025-06-14	3阪神3		10.0	安芸特別(2勝クラス)								田山旺佑		ダ1200				1:12.5	2.7		10-8	34.7-35.1	36.9	462(-2)																																															雨		16.0	3.0	6.0	72.8	11.0	14	56.0	重	**	**		エコロアゼル															
2020105156	2025-10-26	3京都9		12.0	嵯峨野特別(2勝クラス)								酒井学		ダ1400				1:24.4	1.6		14-15	34.1-36.7	37.1	480(+18)																																															曇		16.0	1.0	1.0	144.6	13.0	13	52.0	重	**	**		ピエマンソン															
2020105156	2025-11-15	4京都3		9.0	深草特別(2勝クラス)								酒井学		ダ1200				1:12.0	1.0		14-14	34.6-36.4	35.2	470(-10)																																															晴		15.0	2.0	2.0	285.1	15.0	10	56.0	良	**	**		ジェネラーレ															
2020105156	2025-12-14	5阪神4		8.0	3歳以上2勝クラス								田山旺佑		ダ1200				1:12.4	1.3		6-7	34.2-36.9	37.3	476(+6)																																															晴		11.0	5.0	5.0	62.8	10.0	9	53.0	良	**	**		クーデール															
2020105156	2026-01-05	1京都2		8.0	4歳以上2勝クラス								藤懸貴志		ダ1200				1:12.9	0.4		14-11	35.8-36.7	35.8	478(+2)																																															晴		15.0	7.0	13.0	153.8	15.0	6	56.0	良	**	**		イリフィ															
2020105183	2023-02-11	1東京5		6.0	3歳未勝利								横山琉人		芝1800				1:50.1	2.0		6-8-7	37.0-33.5	34.8	426(0)				55.0															晴		16.0	1.0	2.0	71.1	6.0	5	52.0	稍	**	**		ブレイディヴェーグ																																											
2020105183	2023-03-11	2中山5		5.0	3歳未勝利								横山武史		芝1800				1:50.2	0.3		2-2-1-2	38.1-34.9	35.2	420(-6)				83.0															晴		16.0	5.0	9.0	23.7	6.0	4	54.0	良	**	**		ガレストロ																																											
2020105183	2023-04-09	1福島2		2.0	3歳未勝利								小林美駒		芝1800				1:50.7	0.1		2-2-2-2	35.3-37.9	37.8	418(-2)				140.0															晴		16.0	5.0	9.0	4.9	3.0	3	50.0	稍	**	**		バレンタインソング																																											
2020105183	2023-05-07	1新潟4		2.0	3歳未勝利								小林美駒		芝2000				2:09.3	1.3		6-5-5-6	38.1-37.4	37.3	418(0)				55.0															雨		10.0	1.0	1.0	6.0	2.0	5	50.0	不	**	**		エイトキングゴッド																																											
2020105183	2023-06-03	3東京1		4.0	3歳未勝利								横山武史		芝2000				2:04.5	0.1		3-3-3	37.4-34.8	34.7	418(0)				220.0															曇		16.0	6.0	12.0	8.9	5.0	2	54.0	不	**	**		スピーディブレイク																																											
2020105183	2023-07-08	2函館3		3.0	3歳未勝利								横山武史		芝2000				2:00.1	0.0		3-2-1-1	35.5-34.7	34.7	420(+2)				220.0															曇		13.0	6.0	9.0	3.3	1.0	2	54.0	良	**	**		アドマイヤサジー																																											
2020105183	2023-07-29	1札幌3		3.0	3歳未勝利								横山武史		芝2000				2:01.9	-0.4		1-1-1-1	36.7-34.6	34.6	422(+2)				550.0															晴		15.0	3.0	5.0	1.4	1.0	1	54.0	良	**	**		(ブラックヴァール)																																											
2020105183	2024-03-02	2中山3		8.0	4歳以上1勝クラス								横山武史		芝1600				1:35.6	0.8		5-5-4	35.1-35.6	35.8	432(+10)				120.0															曇		16.0	3.0	5.0	6.7	3.0	4	56.0	稍	**	**		ダイシンヤマト																																											
2020105183	2024-03-16	1中京3		8.0	4歳以上1勝クラス								横山武史		芝1600				1:35.6	0.5		3-4-4	36.8-34.1	34.2	424(-8)																			晴		13.0	2.0	2.0	3.1	2.0	6	56.0	良	**	**		アクートゥス																																											
2020105183	2024-04-20	1福島5		8.0	4歳以上1勝クラス								横山武史		芝1800				1:48.6	0.4		5-5-4-4	36.1-35.8	35.4	430(+6)																			晴		12.0	7.0	10.0	3.7	1.0	8	56.0	良	**	**		マスキュリン																																											
2020105183	2024-05-11	1新潟5		7.0	4歳以上1勝クラス								小林美駒		芝1800				1:47.8	0.3		2-2	35.5-36.2	36.3	432(+2)				200.0															晴		8.0	4.0	4.0	4.5	2.0	3	52.0	良	**	**		ラテラルシンキング																																											
2020105183	2024-07-07	1函館10		8.0	3歳以上1勝クラス								横山武史		芝2000				2:04.9	0.7		1-1-1-1	36.4-36.5	37.2	436(+4)				80.0															曇		10.0	3.0	3.0	3.7	2.0	5	56.0	稍	**	**		カテリーナ																																											
2020105183	2024-07-28	1札幌4		7.0	3歳以上1勝クラス								横山武史		芝1800				1:48.4	0.3		8-8-7-9	36.3-36.1	35.0	432(-4)				200.0															曇		10.0	4.0	4.0	15.4	6.0	3	56.0	稍	**	**		リラボニート																																											
2020105183	2024-08-18	2札幌4		7.0	3歳以上1勝クラス								横山武史		芝2000				2:01.2	-0.3		1-1-1-1	36.5-35.3	35.3	442(+10)				800.0															晴		13.0	2.0	2.0	5.7	3.0	1	56.0	良	**	**		(キヨラ)																																											
2020105183	2024-11-17	3福島6		10.0	五色沼特別(2勝クラス)								丹内祐次		芝1800				1:49.8	0.5		7-7-5-6	36.7-35.0	35.3	424(-18)																			晴		16.0	5.0	10.0	9.1	5.0	6	56.0	良	**	**		ラファドゥラ																																											
2020105183	2025-01-26	1中山9		7.0	4歳以上2勝クラス								横山武史		芝1800				1:49.6	1.4		2-2-4-4	36.1-36.5	37.4	442(+18)																			晴		10.0	3.0	3.0	14.8	7.0	9	56.0	良	**	**		アンリーロード																																											
2020105183	2025-03-16	2中山6		9.0	房総特別(2勝クラス)								松岡正海		芝1800				1:52.5	1.4		5-3-3-4	37.3-37.3	38.3	440(-2)																			雨		16.0	6.0	12.0	82.0	15.0	6	56.0	重	**	**		アマイ																																											
2020105183	2025-07-19	1函館11		10.0	かもめ島特別(2勝クラス)								丹内祐次		芝1800				1:48.0	1.3		1-1-1-1	36.1-34.6	35.9	448(+8)																			晴		14.0	6.0	10.0	46.0	10.0	13	56.0	良	**	**		ジョイフルニュース																																											
2020105183	2025-08-02	1札幌3		10.0	釧路湿原特別(2勝クラス)								松岡正海		芝1800				1:48.4	1.3		4-4-5-8	36.3-35.5	36.3	440(-8)																			晴		14.0	1.0	1.0	53.0	12.0	10	56.0	良	**	**		リラボニート																																											
2020105183	2025-09-15	4中山5		10.0	Mディープインパクト(2勝クラス)								松岡正海		芝1800				1:48.5	0.9		5-5-4-5	38.3-33.9	34.2	442(+2)				230.0															曇		9.0	3.0	3.0	38.8	7.0	4	56.0	良	**	**		フレミングフープ																																											
2020105183	2025-10-18	4東京6		8.0	3歳以上2勝クラス								松岡正海		芝2000				2:00.4	0.6		4-4-3	37.5-34.3	34.4	442(0)				170.0															晴		7.0	5.0	5.0	31.7	6.0	4	56.0	良	**	**		エラン																																											
2020105183	2025-11-30	5東京8		9.0	オリエンタル賞(2勝クラス)								松岡正海		芝2000				1:59.0	0.6		4-6-6	36.5-34.5	34.3	438(-4)				155.0															晴		9.0	6.0	6.0	72.5	8.0	5	53.0	良	**	**		レイニング																																											
2020105183	2026-01-18	1中山7		7.0	4歳以上2勝クラス								松岡正海		芝2200				2:15.7	1.2		8-8-9-11	37.7-34.0	34.6	440(+2)																																																													晴		16.0	5.0	10.0	158.1	9.0	11	56.0	良	**	**		フィーリウス	202606010707
2020105185	2023-01-07	1中山2		5.0	3歳新馬								津村明秀		芝1600				1:36.2	0.7		3-3-3	35.7-35.6	35.7	450(0)				160.0	晴		16.0	8.0	16.0	10.4	5.0	3	54.0	良	**	**		シルバージュエリー																																																									
2020105185	2023-01-29	1東京2		5.0	3歳未勝利								坂井瑠星		芝1600				1:34.3	0.7		6-7	35.0-34.9	35.0	448(-2)				55.0	晴		16.0	7.0	14.0	43.9	9.0	5	54.0	良	**	**		サルヴァトーレ																																																									
2020105185	2023-02-25	2中山1		6.0	3歳未勝利								Ｍ．デム		芝2000				2:03.7	0.3		1-1-1-1	36.9-35.5	35.8	440(-8)				140.0	曇		17.0	5.0	9.0	7.0	3.0	3	54.0	良	**	**		ドゥムーラン																																																									
2020105185	2023-03-18	2中山7		4.0	3歳未勝利								Ｍ．デム		芝2000				2:03.4	0.6		3-3-2-2	35.7-37.5	37.7	444(+4)				220.0	小雨		18.0	2.0	3.0	10.7	5.0	2	54.0	稍	**	**		アサカラキング																																																									
2020105185	2023-04-15	1福島3		6.0	3歳未勝利								永島まな		芝1800				1:49.7	-0.4		2-2-2-2	36.2-36.5	36.3	442(-2)				550.0	雨		16.0	6.0	12.0	2.0	1.0	1	50.0	良	**	**		(インペリアルコート)																																																									
2020105185	2023-08-20	2札幌4		7.0	3歳以上1勝クラス								松岡正海		芝2000				2:06.0	1.7		4-4-4-4	35.2-37.5	38.9	450(+8)					曇		16.0	1.0	2.0	15.5	8.0	10	53.0	稍	**	**		ワレハウミノコ																																																									
2020105185	2023-09-17	4中山4		8.0	3歳以上1勝クラス								松岡正海		芝1800				1:47.0	0.7		8-8-9-9	34.9-35.5	35.1	436(-14)				40.0	晴		15.0	8.0	14.0	28.4	6.0	5	53.0	良	**	**		アスコルティアーモ																																																									
2020105185	2023-10-14	4新潟1		10.0	松浜特別(1勝クラス)								黛弘人		芝2000				2:01.4	2.3		6-6	35.2-35.5	37.2	444(+8)					晴		15.0	6.0	11.0	46.6	13.0	15	54.0	良	**	**		ヴァイルマティ																																																									
2020105185	2023-12-23	5中山7		9.0	ノエル賞(1勝クラス)								ドイル		芝1600				1:35.4	-0.2		2-2-2	35.8-34.5	34.4	452(+8)				1143.6	晴		16.0	4.0	7.0	14.1	6.0	1	55.0	良	**	**		(ダノンティアラ)																																																									
2020105185	2024-01-21	1中山7		12.0	4歳以上2勝クラス								キングス		芝1600				1:36.3	0.0		3-3-2	35.4-36.9	36.6	450(-2)				460.0	曇		12.0	6.0	7.0	7.4	4.0	2	55.0	不	**	**		ココクレーター																																																									
2020105185	2024-03-03	2中山4		8.0	4歳以上2勝クラス								川田将雅		芝1600				1:34.1	0.6		5-4-2	34.3-35.6	35.7	454(+4)				290.0	晴		11.0	1.0	1.0	8.1	4.0	3	56.0	良	**	**		サイルーン																																																									
2020105185	2024-08-10	2札幌1		10.0	日高特別(2勝クラス)								佐々木大		芝1500				1:28.2	0.2		1-1-1	29.5-35.0	35.2	450(-4)				230.0	晴		12.0	8.0	12.0	6.7	4.0	4	56.0	良	**	**		オーサムストローク																																																									
2020105185	2024-09-14	4中山3		10.0	御宿特別(2勝クラス)								佐々木大		芝1600				1:33.7	1.1		4-5-3	35.2-34.0	34.7	442(-8)					晴		13.0	6.0	8.0	4.0	1.0	11	56.0	良	**	**		ポルカリズム																																																									
2020105185	2024-11-17	3福島6		10.0	五色沼特別(2勝クラス)								丸山元気		芝1800				1:50.1	0.8		2-2-2-1	36.7-35.0	35.8	456(+14)					晴		16.0	5.0	9.0	14.2	8.0	10	56.0	良	**	**		ラファドゥラ																																																									
2020105185	2024-12-22	5中山8		10.0	オルフェーヴルC(2勝クラス)								ドイル		芝1600				1:33.6	0.2		3-3-4	34.6-35.6	35.5	456(0)				630.6	晴		16.0	2.0	3.0	13.6	7.0	2	56.0	良	**	**		ピックアチェリー																																																									
2020105185	2025-01-11	1中山3		12.0	4歳以上2勝クラス								ドイル		芝1600				1:33.2	-0.1		2-2-2	35.3-34.8	34.5	458(+2)				1140.0	晴		10.0	2.0	2.0	4.5	3.0	1	56.0	良	**	**		(ユキノロイヤル)																																																									
2020105185	2025-03-15	2中山5		10.0	幕張S(3勝クラス)								横山和生		芝1600				1:33.4	0.0		2-3-4	34.8-35.6	35.2	464(+6)				748.6	曇		13.0	1.0	1.0	7.6	4.0	2	54.0	良	**	**		キョウエイブリッサ																																																									
2020105185	2025-04-12	3中山5		10.0	あけぼのS(3勝クラス)								モレイラ		芝1600				1:33.2	0.6		2-5-4	35.2-34.9	34.8	462(-2)					晴		14.0	7.0	12.0	2.7	1.0	7	56.0	良	**	**		ダイシンヤマト																																																									
2020105185	2025-08-31	2札幌4		11.0	日高S(3勝クラス)								横山和生		芝1500				1:29.8	0.3		2-3-4	30.0-35.7	35.7	458(-4)				748.0	曇		13.0	3.0	3.0	10.9	6.0	2	56.0	稍	**	**		リラボニート																																																									
2020105185	2025-09-27	4中山8		11.0	秋風S(3勝クラス)								丹内祐次		芝1600				1:34.2	1.3		2-3-4	35.2-34.6	35.5	460(+2)					晴		16.0	7.0	14.0	28.2	10.0	13	56.0	良	**	**		ピースワンデュック																																																									
2020105185	2025-10-12	3京都4		10.0	三年坂S(3勝クラス)								西村淳也		芝1600				1:32.8	0.7		3-2	34.1-34.1	34.6	460(0)					曇		13.0	5.0	7.0	26.4	11.0	12	54.0	良	**	**		ブエナオンダ																																																									
2020105185	2025-11-15	5東京3		10.0	奥多摩S(3勝クラス)								柴田大知		芝1400				1:21.1	0.6		2-2	35.0-33.9	34.5	464(+4)					晴		18.0	8.0	16.0	75.0	12.0	6	56.0	良	**	**		マイネルチケット																																																									
2020105185	2026-01-18	1中山7		9.0	若潮S(3勝クラス)								高杉吏麒		芝1600				1:32.3	0.6		2-4-3	34.1-34.9	35.0	470(+6)																																																													晴		15.0	8.0	15.0	35.0	8.0	8	56.0	良	**	**		ポルカリズム	202606010709
2020105189	2023-05-27	1京都11		3.0	3歳未勝利								国分優作		芝1800				1:48.8	2.6		17-16	35.0-34.8	35.2	444(0)																																															晴		18.0	6.0	11.0	85.8	13.0	14	54.0	良	**	**		ブルーウィン															
2020105189	2023-06-11	3阪神4		2.0	3歳未勝利								国分優作		芝2200				2:16.4	1.4		13-13-11-10	35.0-36.4	36.7	440(-4)																																															雨		18.0	6.0	12.0	72.5	11.0	10	54.0	稍	**	**		ポンテニオ															
2020105189	2023-06-25	3東京8		4.0	3歳未勝利								石川裕紀		芝2400				2:29.4	1.3		7-9-9-9	37.2-34.2	34.6	432(-8)																																															晴		11.0	6.0	6.0	64.9	8.0	7	54.0	良	**	**		リベイラパレス															
2020105189	2023-08-26	3小倉5		2.0	3歳未勝利								松山弘平		芝2600				2:42.2	0.2		5-5-4-4	36.0-37.1	37.0	430(-2)																																															晴		16.0	7.0	13.0	51.8	10.0	7	54.0	稍	**	**		パープルクラウド															
2020105189	2024-01-20	1小倉3		7.0	4歳以上1勝クラス								岡部誠		芝2000				2:03.0	0.9		13-13-14-14	35.1-37.6	36.7	446(+16)																																															雨		15.0	7.0	13.0	248.0	15.0	9	55.0	稍	**	**		フォレスタ															
2020105189	2024-02-03	1小倉7		7.0	4歳以上1勝クラス								亀田温心		芝2600				2:42.5	0.8		3-3-2-4	37.0-37.0	37.5	440(-6)				80.0																																											小雨		15.0	2.0	3.0	108.3	13.0	5	55.0	良	**	**		ヴェルミセル															
2020105189	2024-02-25	2小倉6		7.0	4歳以上1勝クラス								亀田温心		芝2600				2:45.0	1.8		5-5-7-9	38.0-36.6	37.8	438(-2)																																															晴		13.0	1.0	1.0	12.0	6.0	11	55.0	稍	**	**		リニュー															
2020105189	2024-04-27	3京都3		6.0	4歳以上1勝クラス								岩田望来		芝2200				2:14.3	1.0		5-5-6-8	35.5-35.5	35.8	424(-14)																																															曇		10.0	6.0	6.0	52.0	8.0	7	56.0	良	**	**		ローレルキャニオン															
2020105189	2024-05-18	3京都9		7.0	4歳以上1勝クラス								吉村誠之		芝2400				2:24.3	0.3		11-11-10-10	34.4-35.4	34.8	424(0)				80.0																																											晴		12.0	7.0	9.0	86.4	12.0	5	53.0	良	**	**		リッチブラック															
2020105189	2024-06-16	4京都6		7.0	3歳以上1勝クラス								河原田菜		芝2400				2:26.5	0.3		4-3-4-4	35.9-34.9	34.4	424(0)				80.0																																											晴		11.0	1.0	1.0	31.7	8.0	5	52.0	良	**	**		ノーブルライジング															
2020105189	2024-07-13	3小倉5		8.0	3歳以上1勝クラス								永島まな		芝2000				2:02.0	0.6		10-10-12-10	36.8-36.4	35.5	420(-4)																																															曇		14.0	6.0	10.0	20.9	6.0	6	54.0	良	**	**		インテグレイト															
2020105189	2024-07-20	3小倉7		7.0	3歳以上1勝クラス								永島まな		芝2000				2:01.4	1.1		10-10-10-9	35.3-36.0	36.0	420(0)																																															曇		11.0	7.0	9.0	34.1	6.0	6	54.0	稍	**	**		チェレスタ															
2020105189	2024-12-08	4中京4		7.0	3歳以上1勝クラス								秋山稔樹		芝2000				2:02.2	0.8		12-12-13-11	36.1-35.2	35.2	438(+18)																																															晴		18.0	8.0	16.0	94.3	14.0	9	56.0	良	**	**		スズカミエール															
2020105189	2025-02-16	1小倉8		7.0	4歳以上1勝クラス								丹内祐次		芝2600				2:40.9	0.3		12-10-13-12	37.2-37.4	36.4	432(-6)				120.0																																											曇		16.0	4.0	7.0	29.5	7.0	4	56.0	良	**	**		サラトガチップス															
2020105189	2025-03-01	1小倉11		8.0	4歳以上1勝クラス								丹内祐次		芝1800				1:49.7	0.8		13-13-11-13	35.9-36.7	36.7	432(0)				80.0																																											曇		15.0	7.0	13.0	13.4	6.0	5	56.0	良	**	**		オオナミコナミ															
2020105189	2025-04-12	1福島1		8.0	4歳以上1勝クラス								丹内祐次		芝2600				2:39.8	0.2		1-1-1-1	37.4-36.6	36.8	430(-2)				320.0																																											曇		16.0	7.0	14.0	11.1	5.0	2	56.0	良	**	**		カエルム															
2020105189	2025-05-10	1新潟3		10.0	荒川峡特別(1勝クラス)								丹内祐次		芝2200				2:15.4	0.1		12-12-10-10	35.7-37.2	36.5	422(-8)				170.0																																											曇		15.0	4.0	7.0	8.7	6.0	4	56.0	稍	**	**		マイネルシーマー															
2020105189	2025-08-03	2新潟4		8.0	燕特別(1勝クラス)								三浦皇成		芝2200				2:12.4	0.1		6-6-1-1	35.7-35.2	35.3	438(+16)				170.0																																											晴		11.0	6.0	6.0	9.7	4.0	4	56.0	良	**	**		パッションリッチ															
2020105189	2025-08-17	2新潟8		11.0	3歳以上1勝クラス								石神深道		芝2400				2:25.9	0.5		10-9-7-8	35.3-36.2	35.9	438(0)				120.0																																											晴		11.0	8.0	11.0	7.0	5.0	4	53.0	良	**	**		オビドス															
2020105189	2025-08-31	3新潟4		8.0	3歳以上1勝クラス								石神深道		芝2000				1:58.5	1.4		5-5	35.3-34.1	34.9	440(+2)				120.0																																											晴		9.0	3.0	3.0	29.7	5.0	4	53.0	良	**	**		マカナ															
2020105189	2025-11-15	3福島3		8.0	3歳以上1勝クラス								荻野極		芝2600				2:40.8	0.2		10-7-4-4	36.7-37.3	37.0	438(-2)				200.0																																											晴		16.0	6.0	12.0	8.2	3.0	3	56.0	良	**	**		ブリヤディアマンテ															
2020105189	2025-12-13	5中京3		7.0	3歳以上1勝クラス								石神深道		芝2200				2:11.6	0.6		11-10-10-9	34.8-34.7	34.0	440(+2)				200.0																																											曇		18.0	8.0	18.0	30.3	9.0	3	53.0	良	**	**		パフュームセント															
2020105203	2022-07-31	1札幌4		5.0	2歳新馬								松岡正海		芝2000				2:05.2	1.8		2-2-2-2	37.4-35.7	37.4	450(0)				110.0	晴		6.0	1.0	1.0	3.5	2.0	4.0	54.0	良	**	**		ウェイビー																																																									
2020105203	2023-02-04	1東京3		5.0	3歳未勝利								松岡正海		芝2400				2:27.0	1.1		2-2-2-2	36.3-35.4	36.3	444(-6)					晴		18.0	7.0	15.0	5.3	2.0	10.0	54.0	良	**	**		サトノトルネード																																																									
2020105203	2023-04-29	2東京3		4.0	3歳未勝利								松岡正海		芝1600				1:34.0	0.4		3-4	34.8-34.3	34.4	444(0)				140.0	晴		12.0	8.0	11.0	8.1	4.0	3.0	54.0	良	**	**		アルヴィエンヌ																																																									
2020105203	2023-06-17	3東京5		3.0	3歳未勝利								Ｍ．デム		芝1600				1:32.8	0.5		3-2	34.1-34.7	35.0	450(+6)				220.0	晴		16.0	2.0	3.0	4.7	3.0	2.0	54.0	良	**	**		ラファドゥラ																																																									
2020105203	2023-07-02	2福島2		7.0	3歳未勝利								Ｍ．デム		芝1800				1:48.9	0.2		3-3-3-2	35.3-36.5	36.1	456(+6)				220.0	晴		16.0	8.0	16.0	2.6	1.0	2.0	54.0	良	**	**		リーリオブランコ																																																									
2020105203	2023-07-29	2新潟1		7.0	3歳未勝利								Ｍ．デム		芝1400				1:21.3	0.2		4-2	32.9-36.6	36.2	450(-6)				140.0	晴		17.0	7.0	15.0	2.3	1.0	3.0	54.0	良	**	**		ゴーマックス																																																									
2020105203	2023-08-20	3新潟4		6.0	3歳未勝利								石川裕紀		芝1400				1:23.1	1.7		1-1	34.0-35.8	37.5	454(+4)					晴		18.0	5.0	10.0	3.8	2.0	15.0	54.0	良	**	**		ディバイングレース																																																									
2020105203	2024-01-09	笠松		6.0	B8組								藤原幹生		ダ1400				1:29.7	0.6		3-3-3		38.8	455(+1)				9.0	晴		9.0	5.0	5.0	2.1	1.0	3.0	54.0	良	**	**		マルヨニキーヤ																																																									
2020105203	2024-01-24	笠松		3.0	令和6年能登半島地震(B)								藤原幹生		ダ1400										計不							0.0	7.0	7.0				54.0																																																														
2020105203	2024-02-08	笠松		6.0	B7組								藤原幹生		ダ1600				1:43.4	0.0		1-1-1		38.1	466(+11)				45.0	晴		10.0	5.0	5.0	3.2	1.0	1.0	54.0	良	**	**		(リョウライライ)																																																									
2020105203	2024-02-19	笠松		9.0	雨水特別(B)								渡辺竜也		ダ1600				1:42.9	0.5		2-1-1		39.0	464(-2)				24.5	雨		10.0	4.0	4.0	2.0	1.0	2.0	54.0	不	**	**		イノ																																																									
2020105203	2024-03-04	笠松		8.0	ユキヤナギ特別(B)								藤原幹生		ダ1600				1:43.9	-0.6		2-2-1		39.7	467(+3)				60.0	曇		7.0	8.0	8.0	1.9	1.0	1.0	54.0	良	**	**		(エアミュニュレ)																																																									
2020105203	2024-03-21	笠松		8.0	A6組								藤原幹生		ダ1400				1:27.6	-0.2		2-1-1		37.6	466(-1)				55.0	晴		8.0	7.0	7.0	1.4	1.0	1.0	54.0	良	**	**		(アンサングヒーロー)																																																									
2020105203	2024-04-27	1新潟1		8.0	4歳以上1勝クラス								丹内祐次		芝1600				1:36.3	-0.2		2-2	37.8-33.7	33.6	460(-6)				800.0	晴		10.0	7.0	8.0	3.7	2.0	1.0	56.0	良	**	**		(ヨウシタンレイ)																																																									
2020105203	2024-05-25	2東京11		10.0	葉山特別(2勝クラス)								丹内祐次		芝1600				1:32.7	0.3		4-3	34.5-35.5	34.7	458(-2)				230.0	晴		14.0	5.0	7.0	25.0	6.0	4.0	56.0	良	**	**		バトルハーデン																																																									
2020105203	2024-10-06	4新潟2		10.0	寺泊特別(2勝クラス)								丹内祐次		芝1600				1:35.5	0.9		3-3	36.4-34.7	35.2	460(+2)					晴		8.0	1.0	1.0	2.3	1.0	8.0	56.0	良	**	**		エッセレンチ																																																									
2020105203	2024-11-03	5東京2		12.0	3歳以上2勝クラス								シュタル		芝1400				1:21.3	0.3		3-3	35.2-34.3	33.9	464(+4)				170.0	晴		13.0	4.0	4.0	13.7	7.0	4.0	56.0	良	**	**		ハクサンバード																																																									
2020105203	2024-12-22	5中山8		10.0	オルフェーヴルC(2勝クラス)								マーカン		芝1600				1:34.2	0.8		2-2-1	34.6-35.6	36.4	470(+6)					晴		16.0	6.0	12.0	16.4	8.0	11.0	56.0	良	**	**		ピックアチェリー																																																									
2020105203	2025-01-18	1中京6		12.0	4歳以上2勝クラス								団野大成		芝1600				1:35.5	1.4		2-2-2	35.5-35.3	36.5	470(0)					晴		13.0	6.0	9.0	14.7	6.0	10.0	56.0	良	**	**		レディントン																																																									
2020105203	2025-04-27	2東京2		8.0	4歳以上2勝クラス								シュタル		芝1400				1:20.6	0.2		4-6	35.1-33.5	33.4	482(+12)				170.0	晴		14.0	4.0	6.0	9.1	4.0	4.0	56.0	良	**	**		シンバーシア																																																									
2020105203	2025-05-10	2東京5		8.0	4歳以上2勝クラス								ディー		芝1400				1:21.1	0.4		2-3	35.2-34.4	34.5	478(-4)				170.0	曇		12.0	6.0	8.0	16.8	6.0	4.0	56.0	稍	**	**		スカイハイ																																																									
2020105203	2025-05-31	2東京11		10.0	葉山特別(2勝クラス)								横山和生		芝1600				1:35.9	-0.1		2-2	35.5-35.8	35.6	482(+4)				1584.3	小雨		16.0	5.0	10.0	12.6	5.0	1.0	56.0	重	**	**		(ドーンコーラス)																																																									
2020105203	2025-06-22	3東京6		10.0	多摩川S(3勝クラス)								横山琉人		芝1400				1:22.3	1.1		3-4	35.5-34.3	35.1	480(-2)					晴		16.0	1.0	2.0	60.9	12.0	13.0	56.0	良	**	**		セフィロ																																																									
2020105203	2025-08-10	2新潟6		6.0	佐渡S(3勝クラス)								横山琉人		芝1800				1:48.7	0.0		1-1	37.0-33.9	33.9	476(-4)				748.8	雨		14.0	7.0	12.0	28.7	8.0	2.0	56.0	重	**	**		オクタヴィアヌス																																																									
2020105203	2025-08-24	3新潟2		9.0	長岡S(3勝クラス)								横山琉人		芝1600				1:33.8	1.3		1-1	34.8-33.6	34.9	474(-2)					晴		18.0	1.0	2.0	19.6	9.0	15.0	54.0	良	**	**		ファーヴェント																																																									
2020105203	2025-10-25	4新潟3		11.0	魚沼S(3勝クラス)								菊沢一樹		芝2000				2:00.3	2.1		1-1	36.1-33.4	35.5	472(-2)					曇		18.0	6.0	12.0	41.1	13.0	16.0	56.0	良	**	**		シンハナーダ																																																									
2020105203	2025-11-23	5東京5		10.0	秋色S(3勝クラス)								丹内祐次		芝1600				1:32.4	0.5		4-4	34.2-34.5	34.4	478(+6)					晴		17.0	8.0	16.0	80.8	12.0	7.0	53.0	良	**	**		エンペラーズソード																																																									
2020105203	2026-01-05	1中山2		11.0	サンライズS(3勝クラス)								丹内祐次		芝1200				1:08.2	0.0		7-7	33.3-34.9	34.2	478(0)				1900.8	晴		14.0	8.0	13.0	15.6	6.0	1.0	53.0	良	**	**		(イサチルシーサイド)																																																									
2020105205	2023-01-08	1中山3		6.0	3歳新馬								小林脩斗		芝2000				2:17.4	14.3		16-16-16-16	37.8-36.1	44.6	420(0)																			晴		17.0	3.0	6.0	107.0	12.0	16	52.0	良	**	**		オルソビアンコ																																											
2020105205	2023-03-12	2中山6		5.0	3歳未勝利								菊沢一樹		芝2000				2:02.9	2.1		14-14-15-18	35.6-35.7	36.6	422(+2)																			晴		18.0	4.0	8.0	446.8	16.0	16	54.0	良	**	**		イケイケドンドン																																											
2020105205	2023-04-30	1新潟2		5.0	3歳未勝利								佐々木大		芝2400				2:33.8	0.6		13-13-11-9	38.8-36.6	35.9	426(+4)				220.0															曇		13.0	2.0	2.0	81.2	11.0	2	51.0	重	**	**		ディープマインド																																											
2020105205	2023-05-21	1新潟8		5.0	3歳未勝利								丸山元気		芝2000				2:05.2	0.3		2-2-2-1	38.1-36.7	36.8	430(+4)				140.0															晴		15.0	8.0	14.0	14.7	5.0	3	54.0	良	**	**		シルバープリペット																																											
2020105205	2023-06-11	3東京4		4.0	3歳未勝利								丸山元気		芝2400				2:28.5	0.9		4-4-5-5	36.4-35.6	36.0	430(0)																			小雨		17.0	3.0	6.0	19.3	6.0	6	54.0	稍	**	**		ヴァリージア																																											
2020105205	2023-07-08	2福島3		7.0	3歳未勝利								丸山元気		芝2000				2:03.9	0.2		10-10-13-14	36.2-36.3	35.7	418(-12)				83.0															曇		16.0	2.0	3.0	12.9	6.0	4	54.0	良	**	**		サクセスパルス																																											
2020105205	2023-07-22	2福島7		7.0	3歳未勝利								松岡正海		芝2000				2:02.5	0.0		11-12-11-10	35.5-37.0	36.2	416(-2)				550.0															晴		16.0	2.0	3.0	23.6	9.0	1	54.0	良	**	**		(グランツグリーン)																																											
2020105205	2024-07-07	2福島4		9.0	織姫賞(1勝クラス)								松岡正海		芝1800				1:49.3	0.8		15-15-14-14	35.9-35.5	35.2	434(+18)																			晴		16.0	8.0	15.0	45.6	8.0	10	56.0	良	**	**		ルーチェロッサ																																											
2020105205	2024-08-10	2札幌1		8.0	3歳以上1勝クラス								黛弘人		芝2600				2:41.4	0.0		2-2-2-2	36.5-36.9	36.7	442(+8)				800.0															晴		11.0	6.0	7.0	12.3	6.0	1	56.0	良	**	**		(オーパンバル)																																											
2020105205	2025-02-22	1小倉9		10.0	皿倉山特別(2勝クラス)								黛弘人		芝2600				2:40.4	1.5		4-4-6-5	36.3-35.2	36.3	438(-4)																			晴		13.0	5.0	6.0	17.6	6.0	10	56.0	良	**	**		ヴォランテ																																											
2020105205	2025-04-20	1福島4		10.0	奥の細道特別(2勝クラス)								黛弘人		芝2600				2:42.4	0.7		2-2-2-1	39.1-35.6	36.3	440(+2)																			曇		15.0	7.0	13.0	23.3	8.0	8	56.0	良	**	**		キットハナガサク																																											
2020105205	2025-07-06	1函館8		10.0	横津岳特別(2勝クラス)								黛弘人		芝2600				2:43.9	0.4		6-6-4-4	39.2-36.5	36.5	452(+12)																			晴		10.0	1.0	1.0	6.9	3.0	6	53.0	稍	**	**		チュウワモーニング																																											
2020105205	2025-08-17	1札幌8		12.0	阿寒湖特別(2勝クラス)								木幡巧也		芝2600				2:43.9	0.7		8-8-9-3	37.7-36.6	36.5	444(-8)				230.0															曇		14.0	1.0	1.0	43.4	10.0	4	56.0	稍	**	**		レクスノヴァス																																											
2020105205	2025-11-16	3福島4		10.0	三陸特別(2勝クラス)								黛弘人		芝2600				2:42.2	0.8		7-6-8-8	37.0-35.1	35.3	444(0)																			晴		16.0	2.0	3.0	43.5	11.0	8	56.0	良	**	**		ローザサンリヴァル																																											
2020105205	2026-01-18	1中山7		7.0	4歳以上2勝クラス								黛弘人		芝2200				2:15.3	0.8		11-11-13-14	37.7-34.0	33.8	452(+8)																																																													晴		16.0	5.0	9.0	261.4	10.0	7	56.0	良	**	**		フィーリウス	202606010707
2020105250	2022-07-02	2福島1		5.0	2歳新馬								柴田善臣		芝1200				1:12.0	0.9		8-8	34.5-36.6	35.3	454(0)					晴		15.0	5.0	8.0	52.0	9.0	6	54.0	良	**	**		ナックブレイブ																																																									
2020105250	2022-07-17	2福島6		2.0	2歳未勝利								柴田善臣		芝1200				1:11.7	1.1		8-7	35.3-35.3	35.6	464(+10)					曇		11.0	1.0	1.0	21.9	6.0	6	54.0	稍	**	**		スムースベルベット																																																									
2020105250	2022-08-14	3新潟2		3.0	2歳未勝利								戸崎圭太		芝1200				1:14.6	5.5		17-17	33.9-35.2	37.7	462(-2)					曇		17.0	8.0	18.0	93.3	11.0	17	54.0	稍	**	**		リバーラ																																																									
2020105250	2022-10-08	4阪神1		1.0	2歳未勝利								団野大成		ダ1200				1:12.7	1.1		6-3	34.3-37.3	37.7	470(+8)				78.0	曇		10.0	7.0	8.0	47.9	6.0	4	55.0	重	**	**		マニバドラ																																																									
2020105250	2022-11-05	3福島1		1.0	2歳未勝利								柴田善臣		ダ1150				1:09.5	-0.1		2-2	31.7-37.8	37.7	484(+14)				520.0	晴		16.0	4.0	8.0	5.5	3.0	1	55.0	良	**	**		(エコロレジーナ)																																																									
2020105250	2023-01-21	1中山7		7.0	3歳1勝クラス								柴田善臣		ダ1200				1:12.5	1.9		10-10	33.4-37.2	38.1	488(+4)					曇		13.0	8.0	12.0	103.6	12.0	9	56.0	稍	**	**		オメガシンフォニー																																																									
2020105250	2023-02-04	1東京3		4.0	3歳1勝クラス								柴田善臣		ダ1400				1:27.0	1.0		8-7	36.6-36.6	36.9	486(-2)					晴		11.0	6.0	7.0	163.5	11.0	10	56.0	良	**	**		ニフェーデービル																																																									
2020105250	2023-03-04	2中山3		7.0	3歳1勝クラス								柴田善臣		ダ1200				1:11.2	0.2		5-4	33.1-37.9	37.5	482(-4)				310.0	晴		16.0	4.0	7.0	99.5	13.0	2	56.0	良	**	**		ハチメンロッピ																																																									
2020105250	2023-03-26	3中山2		6.0	3歳1勝クラス								柴田善臣		ダ1200				1:11.9	0.0		3-2	33.4-38.5	38.1	474(-8)				780.0	雨		16.0	4.0	7.0	12.4	7.0	1	56.0	不	**	**		(エリスグリ)																																																									
2020105250	2023-06-03	3阪神1		10.0	小豆島特別(2勝クラス)								菅原明良		芝1200				1:08.8	1.5		12-13	33.5-33.8	34.2	462(-12)					晴		15.0	8.0	15.0	103.1	14.0	14	55.0	良	**	**		ブッシュガーデン																																																									
2020105250	2023-10-29	2京都9		12.0	3歳以上2勝クラス								松若風馬		ダ1400				1:24.8	0.3		4-4	34.3-38.0	37.9	476(+14)				460.0	晴		15.0	6.0	11.0	33.6	7.0	2	56.0	良	**	**		ブレーヴジャッカル																																																									
2020105250	2023-11-18	3福島5		10.0	西郷特別(2勝クラス)								柴田善臣		ダ1150				1:08.3	0.9		6-4	30.6-36.8	37.3	482(+6)					晴		16.0	7.0	13.0	4.3	1.0	8	57.0	重	**	**		アイファーシアトル																																																									
2020105250	2023-12-16	5中山5		10.0	舞浜特別(2勝クラス)								菅原明良		ダ1200				1:12.0	0.0		2-2	34.3-37.7	37.6	486(+4)				1588.5	晴		16.0	4.0	7.0	4.3	1.0	1	57.0	稍	**	**		(トウカイファクター)																																																									
2020105250	2024-01-13	1中山4		10.0	初春S(3勝クラス)								柴田善臣		ダ1200				1:11.6	0.8		3-3	33.8-37.0	37.5	492(+6)					曇		15.0	6.0	12.0	50.1	11.0	9	58.0	良	**	**		ワールズコライド																																																									
2020105250	2024-03-23	3中山1		9.0	ブラッドストーンS(3勝クラス)								柴田善臣		ダ1200				1:11.6	1.6		6-8	34.2-35.8	36.7	474(-18)					小雨		16.0	2.0	4.0	79.2	12.0	8	58.0	良	**	**		シアージスト																																																									
2020105250	2024-07-20	2福島7		11.0	TUF杯(3勝クラス)								内田博幸		ダ1150				1:09.1	1.8		6-8	31.1-36.2	37.4	458(-16)					晴		16.0	7.0	13.0	103.6	13.0	12	55.0	良	**	**		エスカル																																																									
2020105250	2024-09-14	4中山3		11.0	初風S(3勝クラス)								柴田善臣		ダ1200				1:14.2	2.9		15-14	33.9-37.4	38.0	466(+8)					晴		16.0	1.0	2.0	88.8	14.0	16	55.0	良	**	**		エティエンヌ																																																									
2020105250	2024-12-22	5中山8		12.0	フェアウェルS(3勝クラス)								ドイル		ダ1200				1:12.1	1.3		4-4	33.3-37.5	38.4	478(+12)				280.0	晴		16.0	7.0	14.0	140.6	15.0	4	58.0	良	**	**		ケイアイアニラ																																																									
2020105250	2025-01-26	1中山9		10.0	江戸川S(3勝クラス)								田辺裕信		ダ1200				1:11.6	0.5		2-2	33.3-37.8	38.2	478(0)					晴		15.0	3.0	5.0	48.4	10.0	7	58.0	良	**	**		タイセイブリリオ																																																									
2020105250	2025-03-08	1阪神3		10.0	なにわS(3勝クラス)								田口貫太		ダ1200				1:13.3	1.5		4-6	34.5-37.3	38.2	476(-2)					曇		16.0	2.0	4.0	37.2	8.0	12	58.0	良	**	**		ルクスメテオール																																																									
2020105250	2025-04-20	2阪神8		10.0	天満橋S(3勝クラス)								高杉吏麒		ダ1400				1:25.4	1.0		2-2	34.5-37.4	38.2	474(-2)					曇		16.0	8.0	16.0	38.8	12.0	8	54.0	良	**	**		ローズスター																																																									
2020105250	2025-06-22	1函館4		11.0	UHB杯(3勝クラス)								武藤雅		芝1200				1:09.5	0.8		13-12	33.8-34.9	34.4	470(-4)					小雨		15.0	1.0	1.0	49.3	13.0	14	54.0	重	**	**		オードゥメール																																																									
2020105250	2025-10-19	3京都7		10.0	京都開設100周年(3勝クラス)								丹内祐次		ダ1400				1:24.6	1.4		4-4	35.7-35.4	36.5	462(-8)					曇		16.0	4.0	7.0	161.0	15.0	11	54.0	良	**	**		グランフォーブル																																																									
2020105250	2025-12-13	5中山3		10.0	アクアラインS(3勝クラス)								石川裕紀		ダ1200				1:11.5	0.6		1-1	34.1-36.8	37.4	472(+10)					曇		15.0	2.0	2.0	44.2	11.0	10	54.0	良	**	**		モンドプリューム																																																									
2020105299	2022-11-05	5阪神1		5.0	2歳新馬								角田大河		芝1400				1:23.1	0.1		3-3	36.5-34.8	34.6	494(0)				280.0																																											晴		12.0	6.0	8.0	3.9	2.0	2	53.0	良	**	**		ダークブロンド															
2020105299	2022-11-26	5阪神7		3.0	2歳未勝利								武豊		芝1400				1:24.3	3.3		4-3	34.6-34.8	37.8	496(+2)																																															曇		16.0	7.0	14.0	7.5	4.0	16	55.0	良	**	**		テンノメッセージ															
2020105299	2023-03-11	2中京1		4.0	3歳未勝利								富田暁		芝1400				1:22.3	0.6		2-2	35.0-35.2	35.7	496(0)				83.0																																											晴		18.0	1.0	2.0	5.2	2.0	4	56.0	良	**	**		ベルタソ															
2020105299	2023-04-08	1福島1		2.0	3歳未勝利								柴田善臣		芝1200				1:10.1	1.2		3-5	34.0-34.9	35.8	486(-10)																																															曇		16.0	4.0	7.0	6.4	3.0	9	56.0	良	**	**		セレッソデアモール															
2020105299	2023-05-07	1京都6		2.0	3歳未勝利								角田大河		ダ1400				1:27.7	3.4		3-2	34.7-37.2	40.4	480(-6)																																															雨		16.0	8.0	16.0	8.9	3.0	13	55.0	不	**	**		ダミエ															
2020105299	2023-07-08	3中京3		7.0	3歳未勝利								角田大河		芝1200				1:08.2	0.1		5-3	33.5-34.6	34.5	494(+14)				220.0																																											曇		18.0	3.0	6.0	6.7	3.0	2	55.0	良	**	**		フライングブレード															
2020105299	2023-07-23	3中京8		4.0	3歳未勝利								角田大河		芝1200				1:09.3	0.0		3-4	34.4-34.9	34.5	488(-6)				220.0																																											晴		18.0	7.0	14.0	4.5	2.0	2	55.0	良	**	**		マテンロウナイト															
2020105299	2023-08-20	3小倉4		4.0	3歳未勝利								角田大河		芝1200				1:08.5	0.1		4-5	32.7-35.7	35.3	492(+4)				140.0																																											晴		18.0	7.0	13.0	2.3	1.0	3	55.0	良	**	**		デイトナモード															
2020105299	2023-08-26	3小倉5		7.0	3歳未勝利								角田大河		芝1200				1:08.8	0.2		8-7	33.3-35.3	34.8	490(-2)				140.0																																											晴		18.0	7.0	15.0	4.7	3.0	3	55.0	良	**	**		インクルードダイヤ															
2020105299	2023-09-02	3小倉7		3.0	3歳未勝利								角田大河		芝1200				1:09.1	0.4		9-9	32.8-35.9	35.2	494(+4)				55.0																																											曇		18.0	6.0	11.0	7.7	2.0	5	55.0	稍	**	**		レディメローラ															
2020105299	2024-01-25	姫路		9.0	C2一								川原正一		ダ1400				1:34.4	1.2		4-4-5-4		40.0	519(+25)				17.5																																											晴		10.0	2.0	2.0	3.2	2.0	3	56.0	良	**	**		ヨシイチ															
2020105299	2024-02-13	姫路		4.0	C2二								川原正一		ダ1400				1:33.6	0.0		2-2-1-1		40.0	517(-2)				70.0																																											晴		10.0	7.0	8.0	1.8	1.0	1	56.0	良	**	**		(タマモケンタウルス)															
2020105299	2024-03-05	姫路		9.0	C1二								川原正一		ダ1400				1:33.3	1.6		3-3-2-2		40.1	513(-4)				44.0																																											雨		12.0	2.0	2.0	3.6	2.0	2	56.0	重	**	**		ダズリングダンス															
2020105299	2024-03-26	園田		8.0	C1二								川原正一		ダ1400				1:31.6	-0.4		1-1-1-1		39.6	516(+3)				100.0																																											曇		9.0	3.0	3.0	2.7	2.0	1	56.0	不	**	**		(エアグリフォン)															
2020105299	2024-04-18	園田		10.0	C1一								川原正一		ダ1400				1:31.7	-0.3		3-3-2-2		40.3	506(-10)				100.0																																											曇		12.0	8.0	12.0	2.3	1.0	1	57.0	良	**	**		(パフオブウインド)															
2020105299	2024-05-19	3京都10		8.0	4歳以上1勝クラス								太宰啓介		芝1600				1:33.5	0.3		6-7	33.5-35.7	34.9	508(+2)				200.0																																											小雨		17.0	7.0	14.0	24.3	8.0	3	58.0	良	**	**		サクセスアイ															
2020105299	2024-06-02	4京都2		12.0	3歳以上1勝クラス								角田大河		芝1400				1:23.5	0.8		4-4	35.5-35.6	36.0	500(-8)																																															雨		16.0	4.0	8.0	3.4	1.0	6	57.0	稍	**	**		メイショウコギク															
2020105299	2024-08-11	2中京2		9.0	鞍ケ池特別(1勝クラス)								太宰啓介		芝1600				1:32.7	0.3		4-5-4	34.2-35.4	34.9	504(+4)				284.0																																											晴		10.0	3.0	3.0	17.5	5.0	3	58.0	良	**	**		ベラジオボンド															
2020105299	2024-08-25	2中京6		8.0	3歳以上1勝クラス								太宰啓介		芝1600								35.0-34.6		計不																																															曇		15.0	1.0	1.0			取	58.0	良	**	**		ハワイアンティアレ															
2020105299	2025-01-12	1中京4		12.0	4歳以上1勝クラス								太宰啓介		芝1400				1:22.8	0.9		7-6	34.6-35.0	35.3	510(+6)																																															曇		18.0	4.0	8.0	13.0	4.0	7	58.0	良	**	**		トラペジスト															
2020105299	2025-01-19	1中京7		12.0	4歳以上1勝クラス								柴田裕一		芝1600				1:34.9	0.7		2-4-4	35.5-35.3	35.4	506(-4)																																															晴		16.0	3.0	6.0	8.2	4.0	6	55.0	良	**	**		オトコギアンパン															
2020105299	2025-02-02	1京都2		12.0	4歳以上1勝クラス								吉村誠之		芝1400				1:23.4	0.4		16-14	36.1-35.0	33.8	512(+6)																																															曇		17.0	2.0	3.0	11.0	5.0	7	56.0	稍	**	**		フライングブレード															
2020105299	2025-04-26	2京都1		9.0	4歳以上1勝クラス								森田誠也		芝1400				1:20.8	0.0		5-5	34.6-34.5	34.0	506(-6)				200.0																																											晴		12.0	7.0	10.0	10.6	6.0	3	55.0	良	**	**		サダメ															
2020105299	2025-05-25	2京都10		9.0	4歳以上1勝クラス								森田誠也		芝1400				1:23.1	0.8		9-13	36.0-34.3	34.6	514(+8)																																															曇		18.0	8.0	16.0	5.7	2.0	9	55.0	重	**	**		エールトゥヘヴン															
2020105299	2025-06-08	3阪神2		12.0	3歳以上1勝クラス								森田誠也		芝1400				1:20.9	0.6		11-9	33.2-35.7	35.2	504(-10)				80.0																																											曇		16.0	8.0	15.0	29.1	8.0	5	55.0	良	**	**		チューラワンサ															
2020105299	2025-08-10	3中京6		12.0	3歳以上1勝クラス								太宰啓介		芝1400				1:20.7	0.5		12-12	34.0-34.7	33.9	500(-4)																																															曇		15.0	7.0	12.0	13.1	5.0	6	58.0	良	**	**		アンダースコア															
2020105299	2025-10-18	3京都6		12.0	3歳以上1勝クラス								角田大和		芝1400				1:20.5	0.0		3-3	34.7-34.5	33.8	506(+6)				800.0																																											曇		15.0	4.0	6.0	15.9	7.0	1	58.0	良	**	**		(ダノンクロム)															
2020105299	2025-11-02	3京都11		12.0	3歳以上2勝クラス								角田大和		芝1400				1:21.9	0.5		2-2	36.4-33.4	33.9	502(-4)																																															晴		12.0	8.0	12.0	10.8	6.0	8	58.0	良	**	**		ハワイアンタイム															
2020105299	2026-01-10	1京都3		10.0	鹿ケ谷特別(2勝クラス)								角田大和		芝1200				1:08.8	1.4		2-3	33.7-33.7	34.8	514(+12)																																															晴		18.0	8.0	16.0	39.5	11.0	13	55.0	良	**	**		ジャスパーディビネ															
2020105350	2022-08-31	門別		3.0	JRA認定フレッシュ(新馬)(2歳)								五十嵐冬		ダ1100				1:09.1	2.1		6-4		39.0	458(0)				46.2															雨		8.0	1.0	1.0	13.0	6.0	3.0	54.0	不	**	**		ズンガリプテルス																																											
2020105350	2022-09-15	門別		1.0	ホクレンショップ賞(未勝利)(2歳)								落合玄太		ダ1700				1:55.1	2.0		5-5-4-4		42.3	460(+2)																			晴		12.0	4.0	4.0	12.3	5.0	6.0	54.0	良	**	**		アンニンドウフ																																											
2020105350	2022-09-29	門別		2.0	2歳未勝利(未勝利)								五十嵐冬		ダ1700				1:53.5	-0.2		6-6-6-3		42.2	450(-10)				50.0															晴		8.0	4.0	4.0	15.4	5.0	1.0	54.0	良	**	**		(マザオ)																																											
2020105350	2022-10-26	門別		8.0	JRA認定ウィナーズ(2歳)								五十嵐冬		ダ1700				1:53.7	1.3		9-8-9-8		42.1	454(+4)																			晴		10.0	3.0	3.0	39.7	8.0	8.0	54.0	良	**	**		ラッキーストーリー																																											
2020105350	2023-01-02	川崎		2.0	坊主めくり賞(3歳)								岡村健司		ダ1400				1:34.5	0.3		5-5-6-4	39.0-42.8	42.3	441(-13)				45.0															晴		11.0	3.0	3.0	20.1	5.0	3.0	54.0	良	**	**		アップグレーズ																																											
2020105350	2023-01-30	川崎		2.0	テンペスタース特別(3歳)								矢野貴之		ダ1400				1:34.1	0.0		2-2-1-1	41.4-40.2	40.2	443(+2)				72.0															晴		9.0	6.0	6.0	1.8	1.0	2.0	54.0	良	**	**		ジャスタースパーク																																											
2020105350	2023-02-27	川崎		4.0	河原鶸特別(3歳)								本田正重		ダ1500				1:39.2	0.5		7-7-5-4	30.4-41.4	41.2	442(-1)				84.0															晴		13.0	7.0	10.0	4.1	2.0	2.0	54.0	良	**	**		ヘルシェイク																																											
2020105350	2023-04-06	川崎		6.0	頬白特別(3歳)								本田正重		ダ1600				1:46.9	0.5		5-5-3-4	38.6-41.3	41.7	453(+11)				52.5															晴		14.0	7.0	12.0	6.9	3.0	3.0	54.0	良	**	**		ヘルシェイク																																											
2020105350	2023-04-25	浦和		9.0	ツインゴールド特別(3歳)								笹川翼		ダ1400				1:29.2	-0.4		3-3-3-1	37.0-38.9	38.3	448(-5)				250.0															曇		11.0	2.0	2.0	5.3	2.0	1.0	54.0	良	**	**		(ジャスタースパーク)																																											
2020105350	2023-05-18	川崎		12.0	カサブランカ特別(3歳B1)								矢野貴之		ダ2000				2:15.3	1.2		5-5-4-2	38.1-40.7	41.4	452(+4)				200.0															曇		8.0	2.0	2.0	1.9	1.0	2.0	54.0	良	**	**		ソフィアクラウン																																											
2020105350	2023-06-15	川崎		12.0	第71回湘南ひらつか(B3)								笹川翼		ダ1500				1:38.3	2.6		4-4-3-6	29.5-39.7	41.6	452(0)																			雨		12.0	6.0	8.0	6.0	3.0	6.0	52.0	重	**	**		リコシェ																																											
2020105350	2023-07-03	川崎		10.0	さくらんぼ特別(B3)								笹川翼		ダ1600				1:49.6	4.2		4-4-8-9	39.4-40.2	43.8	451(-1)																			曇		9.0	4.0	4.0	6.5	4.0	9.0	53.0	良	**	**		グレイトムーン																																											
2020105350	2023-07-29	川崎		9.0	七夜月特別(B3)								岡村健司		ダ1600				1:44.4	1.5		9-10-10-10	37.0-40.4	40.3	451(0)																			晴		11.0	8.0	11.0	28.6	9.0	6.0	53.0	良	**	**		モエヨドラゴン																																											
2020105350	2023-08-23	川崎		10.0	法師蝉特別(B3)								本田正重		ダ1500				1:38.3	0.8		4-4-7-5	30.7-40.3	40.7	452(+1)																			晴		12.0	2.0	2.0	26.3	6.0	6.0	53.0	良	**	**		ペイシャガン																																											
2020105350	2023-09-11	川崎		9.0	ルドベキア特別(3歳B3)								岡村健司		ダ1600				1:47.4	0.9		4-4-4-4	39.1-40.6	41.0	456(+4)				52.5															晴		9.0	1.0	1.0	13.1	5.0	4.0	56.0	良	**	**		エオリエンヌ																																											
2020105350	2023-10-10	川崎		11.0	サルビアC(OP)(3歳)								古岡勇樹		ダ2000				2:14.4	2.9		9-7-7-6	38.5-39.5	41.6	452(-4)				50.0															曇		12.0	6.0	8.0	254.8	12.0	5.0	54.0	不	**	**		マテリアルガール																																											
2020105350	2023-11-09	川崎		10.0	「ご縁の国しまね」特(B3)								古岡勇樹		ダ1600				1:45.3	-0.1		9-9-9-4	36.7-41.9	40.6	455(+3)				240.0															晴		14.0	1.0	1.0	56.2	8.0	1.0	54.0	良	**	**		(アークボルト)																																											
2020105350	2023-12-13	川崎		10.0	チャーチルダウンズ特(B2)								古岡勇樹		ダ1600				1:47.9	1.1		12-12-11-8	37.6-41.5	41.4	458(+3)																			晴		14.0	3.0	4.0	17.1	5.0	7.0	54.0	稍	**	**		フィスラー																																											
2020105350	2024-01-03	川崎		10.0	七福神特別(B2B3)								古岡勇樹		ダ1400				1:31.6	0.7		9-8-8-5	39.2-39.5	39.3	455(-3)				27.0															晴		10.0	1.0	1.0	14.6	6.0	5.0	53.0	良	**	**		ゲットアップゲート																																											
2020105350	2024-01-30	川崎		11.0	ヴィクトリーチャレン(B3)								笹川翼		ダ1600				1:45.1	1.1		10-11-13-7	37.1-40.9	40.2	458(+3)				200.0															晴		14.0	3.0	4.0	19.1	6.0	2.0	54.0	良	**	**		イデアミラーグロ																																											
2020105350	2024-03-13	川崎		10.0	レコードな町にいかっ(B2B3)								丹内祐次		ダ1500				1:40.0	2.0		10-11-13-12	30.0-42.5	42.8	458(0)																			晴		14.0	5.0	8.0	17.9	6.0	11.0	55.0	重	**	**		ミュステーリオン																																											
2020105350	2024-04-01	川崎		11.0	スプリングヒロインカ(4上A1)								増田充宏		ダ2000				2:16.0	2.9		7-8-8-7	39.3-40.0	41.6	460(+2)																			曇		8.0	3.0	3.0	127.6	8.0	7.0	52.0	重	**	**		マテリアルガール																																											
2020105350	2024-04-19	浦和		11.0	緑風特別(B2)								山崎誠士		ダ1500				1:36.9	0.5		12-12-12-9	30.0-39.7	37.5	459(-1)				52.5															晴		12.0	7.0	9.0	88.6	10.0	4.0	54.0	良	**	**		ローアヴァンフレア																																											
2020105350	2024-05-10	川崎		11.0	綾瀬市「オリジナルば(B1B2)								佐野遥久		ダ1600				1:45.0	0.6		9-10-10-11	35.8-42.6	41.2	458(-1)				30.0															晴		14.0	7.0	12.0	20.6	7.0	5.0	50.0	良	**	**		ブラックネロ																																											
2020105350	2024-05-20	浦和		11.0	早苗月特別(B2)								佐野遥久		ダ1400				1:30.5	1.5		12-11-11-7	36.6-39.2	39.1	454(-4)				87.5															晴		12.0	2.0	2.0	16.9	6.0	3.0	51.0	不	**	**		ティーファイブ																																											
2020105350	2024-06-11	川崎		10.0	梅雨明かり特別(B2B3)								佐野遥久		ダ1500				1:37.0	0.3		11-12-12-9	29.5-41.3	39.1	461(+7)				67.5															晴		13.0	8.0	12.0	51.1	11.0	3.0	52.0	稍	**	**		イサチルプリンス																																											
2020105350	2024-07-05	川崎		11.0	江戸切子特別(B2)								佐野遥久		ダ1600				1:45.1	1.0		4-4-4-4	38.7-38.6	38.9	460(-1)				67.5															晴		5.0	3.0	3.0	6.8	4.0	3.0	51.0	良	**	**		カルナック																																											
2020105350	2024-07-23	川崎		11.0	風鈴特別(B2)								佐野遥久		ダ1600				1:45.0	0.5		8-8-9-4	35.9-42.4	41.6	464(+4)				40.5															晴		10.0	5.0	5.0	12.0	5.0	4.0	51.0	稍	**	**		ナガタエース																																											
2020105350	2024-08-09	川崎		11.0	OMOTANはだの賞(B2B3)								佐野遥久		ダ1600				1:46.2	1.4		8-10-12-9	38.0-41.0	40.5	468(+4)																			晴		13.0	8.0	13.0	17.2	6.0	7.0	52.0	良	**	**		ラブリービュー																																											
2020105350	2024-09-02	川崎		11.0	馬産地日高特別(B1B2)								加藤雄真		ダ1500				1:39.7	1.9		11-11-11-12	30.0-41.6	41.9	468(0)																			晴		13.0	6.0	10.0	128.6	11.0	9.0	50.0	重	**	**		アーバンデザイン																																											
2020105350	2024-10-10	川崎		10.0	かわさきジャズ202(B2)								Ｍ．ミシ		ダ1500				1:40.7	3.8		9-9-10-11	30.9-40.5	42.2	466(-2)																			曇		13.0	2.0	2.0	60.1	10.0	12.0	52.0	重	**	**		サンオルソーライズ																																											
2020105350	2024-10-25	浦和		11.0	紅葉特別(B2)								山崎誠士		ダ1400				1:30.3	1.3		11-11-11-10	37.4-38.7	38.3	458(-8)																			曇		11.0	2.0	2.0	119.0	11.0	6.0	54.0	良	**	**		ラブリアージェ																																											
2020105350	2024-11-12	川崎		10.0	時雨空特別(B2)								和田譲治		ダ1600				1:45.5	0.9		9-9-10-7	37.3-41.1	41.4	461(+3)																			晴		14.0	6.0	9.0	25.1	9.0	6.0	54.0	稍	**	**		キットサクラサク																																											
2020105350	2024-12-09	川崎		11.0	風花特別(B2)								佐野遥久		ダ1600				1:46.1	1.6		13-13-12-12	37.0-41.3	41.1	463(+2)																			晴		14.0	7.0	11.0	90.9	13.0	9.0	52.0	良	**	**		エアセイラン																																											
2020105350	2025-01-01	川崎		10.0	クイック時計修理新春(B1B2)								増田充宏		ダ1600				1:47.7	2.4		12-12-13-13	38.4-40.6	41.7	465(+2)																			晴		14.0	5.0	8.0	349.5	13.0	11.0	53.0	良	**	**		メンタイマヨ																																											
2020105350	2025-02-07	川崎		10.0	猛虎特別(B2)								加藤雄真		ダ1600				1:44.6	0.4		6-4-4-2	37.0-41.0	40.9	468(+3)				40.5															晴		13.0	2.0	2.0	66.1	10.0	4.0	51.0	良	**	**		キットサクラサク																																											
2020105350	2025-03-05	川崎		10.0	レコードな町にいかっ(B2B3)								丹内祐次		ダ1500				1:38.9	2.0		6-6-9-9	29.7-40.3	41.9	467(-1)																			雨		14.0	4.0	5.0	32.4	8.0	7.0	55.0	不	**	**		インナースティール																																											
2020105350	2025-03-19	浦和		10.0	花見月特別(B1B2)								加藤雄真		ダ1400										計不																			雨		0.0	5.0	6.0				50.0	不																																															
2020105350	2025-04-07	川崎		10.0	桜吹雪特別(B1B2)								加藤雄真		ダ1500				1:37.9	1.7		9-9-9-8	30.5-39.5	40.0	459(-8)																			晴		12.0	3.0	3.0	154.7	11.0	8.0	50.0	稍	**	**		マイケルマキシマス																																											
2020105350	2025-04-22	浦和		10.0	夏初月特別(B1B2)								加藤雄真		ダ1500				1:38.0	2.5		6-7-9-11	30.0-40.5	40.8	465(+6)																			曇		12.0	8.0	12.0	168.2	11.0	10.0	50.0	良	**	**		ダイメイタマナ																																											
2020105350	2025-05-16	川崎		11.0	第38回開成町あじさ(B1B2)								加藤雄真		ダ1600				1:45.4	1.7		7-8-8-9	37.0-41.0	41.6	461(-4)																			晴		14.0	7.0	11.0	375.6	14.0	11.0	50.0	稍	**	**		オーウェル																																											
2020105350	2025-05-30	浦和		11.0	橘月特別(B2B3)								加藤雄真		ダ1500				1:34.2	2.1		11-11-11-9	29.9-37.6	37.2	469(+8)																			曇		11.0	7.0	10.0	156.5	10.0	8.0	52.0	不	**	**		トーセンヴィオラ																																											
2020105350	2025-07-27	2新潟2		8.0	出雲崎特別(2勝クラス)								今村聖奈		ダ1200				1:13.4	1.9		15-15	33.5-38.0	37.1	460(-9)																			晴		15.0	6.0	11.0	373.3	15.0	14.0	56.0	良	**	**		ノットファウンド																																											
2020105350	2025-09-20	4中山6		10.0	九十九里特別(2勝クラス)								菊沢一樹		芝2500				2:35.0	3.0		6-6-8-8	30.7-34.1	35.2	468(+8)																			曇		9.0	8.0	8.0	211.0	8.0	9.0	56.0	良	**	**		マイユニバース																																											
2020105350	2025-11-02	4東京11		12.0	清里特別(2勝クラス)								吉田豊		ダ1600				1:37.9	0.5		9-9	36.4-36.0	35.6	468(0)																			曇		13.0	2.0	2.0	307.9	13.0	7.0	56.0	重	**	**		ロッシニアーナ																																											
2020105350	2025-11-23	5東京5		8.0	3歳以上2勝クラス								石神深道		ダ1600				1:39.7	1.2		13-11	37.1-35.6	35.8	474(+6)																			曇		16.0	8.0	15.0	182.4	15.0	12.0	53.0	良	**	**		セギレエルビエント																																											
2020105350	2025-12-28	5中山8		8.0	ハッピーエンドC(2勝クラス)								吉田豊		ダ1800				1:55.6	2.7		11-11-13-13	37.2-38.2	39.8	474(0)																			晴		13.0	7.0	11.0	358.7	13.0	8.0	56.0	良	**	**		ジェイエルマスター																																											
2020105350	2026-01-18	1中山7		8.0	4歳以上2勝クラス								吉田豊		ダ1800				1:54.9	1.3		13-13-10-8	36.8-38.9	39.3	474(0)				180.0																																																									晴		16.0	8.0	15.0	481.1	16.0	4.0	56.0	良	**	**		レディーフランシス	202606010708
2020105354	2023-02-11	1阪神1	晴	4.0	3歳新馬		16.0	1.0	2.0	6.5	4.0	14	荻野極	54.0	ダ1200		良	**	1:17.9	3.3	**	15-16	37.0-37.6	37.6	428(0)			カレンハサウェイ																																																																								
2020105354	2023-02-19	1阪神4	小雨	2.0	3歳未勝利		16.0	1.0	1.0	139.1	12.0	7	酒井学	54.0	ダ1400		稍	**	1:27.9	2.2	**	16-13	35.0-38.2	39.0	426(-2)			カマチョクイン																																																																								
2020105354	2023-04-01	2阪神3	晴	4.0	3歳未勝利		18.0	3.0	5.0	259.1	16.0	6	酒井学	54.0	芝1800		良	**	1:47.5	0.6	**	2-2	35.4-35.3	35.8	418(-8)			イトカワサクラ																																																																								
2020105354	2023-07-22	1札幌1	晴	4.0	3歳未勝利		13.0	6.0	9.0	19.7	8.0	1	亀田温心	54.0	芝1500		良	**	1:27.7	0.0	**	13-10-9	29.2-35.0	34.3	426(+8)			(ヒラリ)	550.0																																																																							
2020105354	2023-12-23	5阪神7	晴	12.0	3歳以上1勝クラス		14.0	4.0	6.0	33.5	10.0	3	亀田温心	55.0	芝1600		良	**	1:34.4	0.3	**	6-6	36.4-33.5	33.2	434(+8)			バトルハーデン	200.0																																																																							
2020105354	2024-01-13	1京都4	晴	12.0	4歳以上1勝クラス		18.0	5.0	9.0	8.5	5.0	3	亀田温心	55.0	芝1600		良	**	1:35.5	0.4	**	7-7	35.1-35.1	35.0	430(-4)			スズカダブル	200.0																																																																							
2020105354	2024-01-27	2京都1	曇	12.0	4歳以上1勝クラス		18.0	8.0	16.0	3.9	1.0	5	亀田温心	55.0	芝1400		良	**	1:21.8	0.1	**	7-7	34.8-35.5	34.9	430(0)			コンクイスタ	80.0																																																																							
2020105354	2024-05-05	3京都6	晴	7.0	4歳以上1勝クラス		9.0	4.0	4.0	2.6	2.0	2	池添謙一	56.0	芝1600		良	**	1:34.0	0.0	**	4-3	34.1-35.9	34.5	440(+10)			モズアンタレス	320.0																																																																							
2020105354	2024-05-19	3京都10	小雨	8.0	4歳以上1勝クラス		17.0	6.0	12.0	3.4	2.0	1	池添謙一	56.0	芝1600		良	**	1:33.2	-0.1	**	5-5	33.5-35.7	34.7	438(-2)			(エーデルサンライズ)	800.0																																																																							
2020105354	2024-08-10	3新潟1	晴	10.0	新発田城特別(2勝クラス)		14.0	8.0	14.0	15.7	6.0	1	菊沢一樹	53.0	芝1400		良	**	1:20.3	0.0	**	10-10	33.5-35.0	33.9	442(+4)			(サトミノキラリ)	1582.2																																																																							
2020105354	2024-09-15	3中京4	曇	10.0	納屋橋S(3勝クラス)		16.0	2.0	4.0	12.1	5.0	2	池添謙一	56.0	芝1600		稍	**	1:33.7	0.2	**	2-4-4	35.6-34.8	34.4	440(-2)			ペイシャフラワー	750.2																																																																							
2020105354	2024-10-06	5京都2	晴	9.0	長岡京S(3勝クラス)		16.0	3.0	5.0	5.7	3.0	3	池添謙一	56.0	芝1400		良	**	1:20.1	0.1	**	7-8	34.1-34.6	34.1	442(+2)			ワイドラトゥール	464.9																																																																							
2020105354	2024-10-20	5京都6	晴	10.0	キセキC(3勝クラス)		17.0	8.0	16.0	8.6	4.0	3	池添謙一	55.0	芝1600		良	**	1:34.5	0.2	**	6-6	35.6-34.5	34.2	446(+4)			キープカルム	465.1																																																																							
2020105354	2024-11-24	6京都8	曇	10.0	清水S(3勝クラス)		13.0	4.0	5.0	4.5	1.0	5	池添謙一	56.0	芝1600		良	**	1:33.5	0.5	**	4-4	36.0-33.6	33.8	440(-6)			ビヨンドザヴァレー	184.0																																																																							
2020105354	2025-03-22	1阪神7	晴	9.0	立雲峡S(3勝クラス)		18.0	7.0	14.0	5.2	2.0	7	酒井学	55.0	芝1400		良	**	1:21.1	0.7	**	5-5	34.4-34.5	34.6	442(+2)			マサノカナリア																																																																								
2020105354	2025-04-06	2阪神4	晴	10.0	夢洲S(3勝クラス)		14.0	7.0	12.0	16.2	7.0	12	池添謙一	56.0	芝1600		良	**	1:33.3	1.0	**	3-3	35.4-33.7	34.4	440(-2)			シヴァース																																																																								
2020105354	2025-04-20	2阪神8	曇	11.0	心斎橋S(3勝クラス)		11.0	3.0	3.0	7.8	4.0	4	池添謙一	56.0	芝1400		良	**	1:20.0	0.1	**	4-4	33.8-34.8	34.5	440(0)			ナムラアトム	280.0																																																																							
2020105354	2025-06-01	2京都12	晴	12.0	渡月橋S(3勝クラス)		14.0	8.0	14.0	6.6	3.0	2	亀田温心	56.0	芝1400		良	**	1:21.0	0.2	**	9-7	35.7-33.6	33.4	440(0)			ガロンヌ	748.6																																																																							
2020105354	2025-06-22	3東京6	晴	10.0	多摩川S(3勝クラス)		16.0	7.0	14.0	26.6	7.0	10	亀田温心	56.0	芝1400		良	**	1:22.0	0.8	**	6-6	35.5-34.3	34.6	438(-2)			セフィロ																																																																								
2020105354	2025-09-14	4阪神4	曇	10.0	仲秋S(3勝クラス)		11.0	6.0	6.0	28.6	7.0	8	松若風馬	56.0	芝1600		良	**	1:32.9	0.7	**	2-2	35.6-33.4	34.1	444(+6)			ラヴァンダ																																																																								
2020105354	2025-10-25	3京都8	曇	10.0	長岡京S(3勝クラス)		13.0	1.0	1.0	10.8	6.0	7	池添謙一	56.0	芝1400		良	**	1:20.5	0.3	**	2-2	35.0-34.1	34.2	450(+6)			スリールミニョン																																																																								
2020105472	2023-03-25	2阪神1		3.0	3歳未勝利								松田大作		ダ1400				1:26.7	1.9		16-16	35.1-37.6	37.3	454(0)																																															曇		16.0	2.0	3.0	191.3	11.0	11	56.0	重	**	**		ドンアチェカ															
2020105472	2023-04-01	2阪神3		2.0	3歳未勝利								松田大作		ダ1800				1:57.1	2.3		15-15-16-15	36.8-39.2	39.8	456(+2)																																															晴		16.0	6.0	11.0	183.7	15.0	9	56.0	良	**	**		フリーウィーリング															
2020105472	2023-07-02	3中京2		6.0	3歳未勝利								永島まな		ダ1800				1:57.4	2.7		5-5-6-6	36.8-40.2	42.4	454(-2)																																															晴		15.0	7.0	13.0	202.5	12.0	9	53.0	稍	**	**		セレクティオ															
2020105472	2023-07-22	1札幌1		3.0	3歳未勝利								古川奈穂		ダ1700				1:50.2	2.6		8-9-12-12	30.1-39.2	40.3	446(-8)																																															晴		14.0	8.0	14.0	175.3	12.0	11	52.0	良	**	**		ケイアイメキラ															
2020105472	2024-01-09	笠松		3.0	C22組								長江慶悟		ダ1400				1:31.7	-0.3		3-3-1		37.9	460(+14)				40.0																																											晴		7.0	7.0	7.0	1.4	1.0	1	55.0	良	**	**		(ペプチドカンナ)															
2020105472	2024-01-23	笠松		9.0	冬将軍特別(C)								長江慶悟		ダ1400				1:31.8	2.6		9-8-8		40.5	463(+3)				2.5																																											晴		9.0	8.0	8.0	19.6	6.0	5	55.0	稍	**	**		レーヌドゥール															
2020105472	2024-02-19	笠松		5.0	C17組								長江慶悟		ダ1400				1:31.0	0.5		3-3-3		39.2	461(-2)				8.0																																											雨		7.0	3.0	3.0	3.5	2.0	3	55.0	不	**	**		サツキスマイル															
2020105472	2024-03-07	笠松		1.0	C15組								加藤聡一		ダ1400				1:30.6	1.0		3-2-2		40.8	460(-1)				8.0																																											晴		7.0	3.0	3.0	5.5	3.0	3	56.0	稍	**	**		アオイリキマル															
2020105472	2024-03-18	笠松		2.0	C14組								渡辺竜也		ダ1400				1:31.4	0.5		4-4-4		39.0	456(-4)				4.0																																											晴		7.0	3.0	3.0	1.3	1.0	4	56.0	良	**	**		ウインユニバース															
2020105472	2024-04-01	笠松		4.0	時羽あいのデビュー6(C)								渡辺竜也		ダ1400				1:32.5	0.0		4-4-3		40.8	456(0)				40.0																																											晴		8.0	6.0	6.0	1.5	1.0	1	56.0	良	**	**		(アイヴカムバック)															
2020105472	2024-04-26	笠松		10.0	春光特別(C)								渡辺竜也		ダ1600				1:46.2	0.2		6-4-2		40.6	458(+2)				17.5																																											曇		7.0	3.0	3.0	2.2	1.0	2	56.0	良	**	**		ティエラサンライズ															
2020105472	2024-09-23	笠松		11.0	まねき馬倶楽部in笠(C)								渡辺竜也		ダ1400				1:30.7	-0.2		2-2-1		39.5	472(+14)				50.0																																											晴		9.0	7.0	7.0	5.2	4.0	1	56.0	良	**	**		(ピスティス)															
2020105472	2024-10-11	笠松		11.0	栗きんとん特別(C)								塚本征吾		ダ1400				1:31.2	2.3		2-3-2		41.2	467(-5)				12.0																																											晴		8.0	5.0	5.0	16.1	4.0	3	56.0	良	**	**		ニホンピロペリー															
2020105472	2024-10-24	笠松		6.0	かざとさやかを幸せに(BC)								渡辺竜也		ダ1400				1:32.3	1.1		7-7-6		39.7	466(-1)				2.2																																											曇		9.0	3.0	3.0	4.1	3.0	5	57.0	良	**	**		ゴコウサス															
2020105472	2024-11-19	笠松		7.0	B8・C3組(BC)								明星晴大		ダ1400				1:30.5	-0.1		4-2-1		39.8	466(0)				45.0																																											晴		10.0	1.0	1.0	5.2	3.0	1	55.0	良	**	**		(ソヨギ)															
2020105472	2024-12-10	笠松		10.0	ウインターアタック(OP)(BC)								明星晴大		ダ1900				2:08.4	1.4		5-6-7-7		38.8	471(+5)																																															晴		9.0	4.0	4.0	112.2	9.0	6	55.0	良	**	**		リュクスレオン															
2020105472	2024-12-30	笠松		7.0	第2回くろすけ生誕祭(B)								長江慶悟		ダ1600				1:47.5	0.2		8-8-7		40.8	463(-8)				15.8																																											曇		10.0	1.0	1.0	13.9	5.0	2	55.0	良	**	**		ドラムライム															
2020105472	2025-01-22	笠松		5.0	出雲杯・春(B)								明星晴大		ダ1400				1:32.9	1.2		6-6-5		40.6	462(-1)																																															晴		8.0	2.0	2.0	3.3	2.0	6	54.0	良	**	**		ヨウコウ															
2020105472	2025-04-19	佐賀		5.0	C2ー16組								長谷川蓮		ダ1400				1:31.8	-1.0		3-3-1-1		39.3	462(0)				40.0																																											晴		10.0	8.0	9.0	1.9	1.0	1	53.0	重	**	**		(ハルヨコイ)															
2020105472	2025-04-25	佐賀		2.0	C2ー7組								長谷川蓮		ダ1400				1:30.4	-1.3		2-2-1-1		39.3	463(+1)				40.0																																											曇		11.0	7.0	9.0	2.7	2.0	1	53.0	稍	**	**		(シュヴァルツナーガ)															
2020105472	2025-05-18	佐賀		3.0	UMATENo.1リ(C1)								長谷川蓮		ダ1400				1:30.1	-0.1		3-3-2-2		37.5	468(+5)				42.0																																											曇		11.0	8.0	10.0	1.1	1.0	1	53.0	重	**	**		(キューピッズアロー)															
2020105472	2025-07-13	2小倉6		8.0	3歳以上1勝クラス								永島まな		芝1800				1:50.4	1.8		12-13-13-8	35.7-37.5	37.2	456(-12)																																															曇		16.0	1.0	1.0	105.2	15.0	11	56.0	良	**	**		インヴォーグ															
2020105472	2025-09-06	4阪神1		7.0	3歳以上1勝クラス								永島まな		芝1600				1:33.6	1.3		13-13	34.7-34.4	34.5	460(+4)																																															晴		13.0	8.0	13.0	177.0	12.0	8	56.0	良	**	**		スライビングロード															
2020105472	2025-10-12	3京都4		12.0	3歳以上1勝クラス								酒井学		芝1600				1:33.8	1.1		9-12	34.4-34.3	34.3	472(+12)																																															曇		18.0	3.0	6.0	280.1	16.0	16	58.0	良	**	**		ワンモアスマイル															
2020105472	2025-11-02	3京都11		6.0	3歳以上1勝クラス								永島まな		ダ1800				1:55.2	3.3		12-13-13-10	36.2-38.2	39.6	480(+8)																																															晴		14.0	4.0	7.0	216.9	13.0	11	56.0	稍	**	**		ゴールドダイアー															
2020105472	2025-11-09	4京都2		12.0	3歳以上1勝クラス								田口貫太		芝1400				1:22.9	1.7		15-15	34.6-35.1	35.6	474(-6)																																															小雨		17.0	4.0	7.0	243.1	17.0	17	58.0	重	**	**		メイショウセイロウ															
2020105472	2025-12-14	5中京4		8.0	3歳以上1勝クラス								橋木太希		ダ1400				1:27.2	2.1		15-14	35.2-37.6	38.0	474(0)																																															晴		16.0	6.0	11.0	287.8	16.0	13	55.0	稍	**	**		キョウエイカンセ															
2020105510	2023-03-05	2中山4		5.0	3歳未勝利								松山弘平		芝2200				2:26.2	10.2		17-17-17-17	36.6-36.0	43.2	468(0)					曇		17.0	5.0	9.0	33.0	7.0	17	56.0	良	**	**		ダッチアイリス																																																									
2020105510	2023-05-20	1新潟7		6.0	3歳未勝利								松本大輝		ダ1800				1:57.2	4.0		14-14-13-14	36.8-38.0	39.9	482(+14)					晴		15.0	2.0	2.0	195.6	12.0	11	55.0	良	**	**		モジャータルマエ																																																									
2020105510	2023-06-10	3東京3		3.0	3歳未勝利								菊沢一樹		ダ2100				2:11.9	0.9		2-3-2-4	30.4-37.8	38.3	468(-14)					曇		15.0	1.0	1.0	489.6	15.0	9	56.0	稍	**	**		バルフォアテソーロ																																																									
2020105510	2023-07-23	2福島8		2.0	3歳未勝利								小林脩斗		ダ1700				1:48.2	1.5		13-13-11-11	29.6-38.9	38.8	460(-8)					晴		15.0	5.0	8.0	52.4	10.0	7	54.0	良	**	**		セイウンミライズ																																																									
2020105510	2023-08-26	3新潟5		2.0	3歳未勝利								小林脩斗		ダ1800				1:56.3	2.1		6-6-7-8	37.2-37.7	39.0	454(-6)					晴		15.0	5.0	9.0	43.1	9.0	9	54.0	良	**	**		デザイアーフェーム																																																									
2020105510	2023-11-26	水沢		2.0	C2十組								山本政聡		ダ1300				1:22.1	0.4		4-4-2-2		37.6	482(+28)				12.3	晴		8.0	2.0	2.0	2.8	3.0	2	56.0	不	**	**		テンフェリーチェ																																																									
2020105510	2023-12-03	水沢		4.0	C2十組								山本政聡		ダ1300				1:21.8	0.0		4-2-1-1		38.0	479(-3)				12.3	小雨		8.0	2.0	2.0	1.0	1.0	2	56.0	重	**	**		アスタリウス																																																									
2020105510	2023-12-10	水沢		3.0	C2八組								山本政聡		ダ1300				1:22.2	-1.1		3-3-2-1		37.5	476(-3)				35.0	曇		9.0	8.0	10.0	1.1	1.0	1	56.0	重	**	**		(エーリチェ)																																																									
2020105510	2023-12-19	水沢		1.0	C2三組								山本政聡		ダ1400				1:31.2	-0.8		2-2-2-1		39.6	476(0)				35.0	曇		9.0	7.0	7.0	1.1	1.0	1	56.0	不	**	**		(ライヴビネガー)																																																									
2020105510	2024-02-10	1東京5		4.0	4歳以上1勝クラス								永野猛蔵		ダ2100				2:14.9	2.8		6-7-8-9	31.0-38.8	39.3	468(-8)					晴		12.0	8.0	12.0	250.6	12.0	12	56.0	稍	**	**		ピュアグルーヴ																																																									
2020105510	2024-04-06	1福島1		6.0	4歳以上1勝クラス								秋山稔樹		ダ1700				1:47.8	1.6		7-7-6-6	29.9-38.6	39.3	460(-8)					曇		15.0	2.0	3.0	295.2	14.0	7	57.0	良	**	**		ウィズザドリーム																																																									
2020105510	2024-04-27	1新潟1		7.0	4歳以上1勝クラス								秋山稔樹		ダ1800				1:55.4	0.1		1-1-1-1	38.0-37.2	37.3	462(+2)				120.0	晴		8.0	5.0	5.0	169.0	8.0	4	57.0	良	**	**		インテンソ																																																									
2020105510	2024-05-19	1新潟8		12.0	4歳以上1勝クラス								秋山稔樹		ダ1800				1:54.2	0.6		4-4-3-3	37.1-37.8	38.1	464(+2)				320.0	晴		15.0	6.0	11.0	32.7	10.0	2	57.0	良	**	**		フェザーモチーフ																																																									
2020105510	2024-08-11	3新潟2		8.0	3歳以上1勝クラス								秋山稔樹		ダ1800				1:54.3	1.4		2-2-2-2	37.9-36.4	37.7	476(+12)					晴		14.0	8.0	14.0	40.1	8.0	6	57.0	良	**	**		ウィンドフォール																																																									
2020105510	2024-09-01	3新潟8		8.0	3歳以上1勝クラス								菊沢一樹		ダ1800				1:55.7	2.8		9-9-12-11	36.5-37.9	39.5	480(+4)					晴		12.0	7.0	9.0	28.4	5.0	9	58.0	良	**	**		ノーブルラン																																																									
2020105510	2024-09-15	4中山4		6.0	3歳以上1勝クラス								秋山稔樹		ダ1800				1:55.8	2.4		6-6-10-10	35.8-38.9	39.9	474(-6)					晴		16.0	3.0	6.0	102.5	13.0	11	58.0	良	**	**		デフィニティーボ																																																									
2020105510	2024-10-26	4新潟7		7.0	3歳以上1勝クラス								秋山稔樹		ダ1800				1:54.5	1.3		2-1-2-2	37.0-38.1	39.3	472(-2)					晴		13.0	7.0	10.0	52.4	8.0	9	58.0	良	**	**		カゼノランナー																																																									
2020105510	2024-12-22	5中山8		7.0	3歳以上1勝クラス								木幡巧也		ダ1800				2:01.4	6.3		5-5-6-15	37.7-39.7	45.5	478(+6)					晴		16.0	7.0	13.0	345.3	15.0	15	58.0	良	**	**		ドバイブルース																																																									
2020105510	2025-02-11	高知		3.0	C3ー4								井上瑛太		ダ1300				1:27.4	1.4		6-6-6-4		40.4	487(+9)				12.0	晴		9.0	7.0	7.0	3.0	2.0	3	56.0	良	**	**		レグナム																																																									
2020105510	2025-02-24	高知		6.0	C3ー3								井上瑛太		ダ1300				1:26.2	0.6		4-4-4-2		39.9	480(-7)				21.0	晴		9.0	1.0	1.0	1.9	1.0	2	56.0	良	**	**		メイショウエレジー																																																									
2020105510	2025-04-20	高知		6.0	C3ー5								井上瑛太		ダ1400				1:32.1	-0.1		7-7-7-3		39.0	471(-9)				60.0	曇		11.0	1.0	1.0	6.7	3.0	1	57.0	稍	**	**		(ホッコーハナミチ)																																																									
2020105510	2025-05-03	高知		7.0	C2ー4								井上瑛太		ダ1300				1:24.9	0.5		7-8-9-6		39.1	474(+3)				17.5	晴		10.0	2.0	2.0	4.4	2.0	3	57.0	不	**	**		ドナアフロディテ																																																									
2020105510	2025-05-31	高知		10.0	芒種特別(C2)								上田将司		ダ1300				1:25.1	1.6		11-11-11-7		39.0	469(-5)					晴		12.0	7.0	10.0	122.4	12.0	8	57.0	稍	**	**		ウインアウォード																																																									
2020105510	2025-06-14	高知		6.0	魁三国志大戦リリース(C2)								井上瑛太		ダ1400				1:29.4	0.8		6-6-6-4		38.6	469(0)				10.5	雨		12.0	6.0	7.0	3.9	2.0	4	57.0	不	**	**		マンハッタンロード																																																									
2020105510	2025-06-28	高知		7.0	C2ー5								井上瑛太		ダ1400				1:30.7	-0.1		7-7-7-6		38.7	468(-1)				70.0	晴		11.0	8.0	11.0	6.3	3.0	1	57.0	重	**	**		(トロルトゥンガ)																																																									
2020105510	2025-09-06	高知		10.0	C2ー2								多田羅誠		ダ1400				1:32.0	0.1		6-6-6-4		40.0	470(+2)				28.0	晴		11.0	4.0	4.0	20.9	5.0	2	57.0	重	**	**		キョウエイゲイル																																																									
2020105510	2025-09-21	高知		11.0	秋分特別(C2)								多田羅誠		ダ1300				1:25.5	0.8		8-8-8-7		39.1	467(-3)					晴		12.0	4.0	4.0	49.6	9.0	6	57.0	稍	**	**		サノノスピード																																																									
2020105510	2025-10-04	高知		3.0	高知競馬視察研修特別(C2)								多田羅誠		ダ1400				1:32.6	1.3		6-6-6-4		39.7	471(+4)				17.5	曇		12.0	6.0	8.0	3.4	2.0	3	57.0	重	**	**		サンライズラポール																																																									
2020105510	2025-10-19	高知		4.0	C1ー5								多田羅誠		ダ1600				1:49.2	1.7		9-9-9-7		40.7	468(-3)					曇		9.0	4.0	4.0	7.0	5.0	7	57.0	稍	**	**		フクノルッカ																																																									
2020105510	2025-11-02	高知		4.0	C1ー6								多田羅誠		ダ1400				1:31.4	0.8		4-5-5-4		39.0	466(-2)				9.0	曇		12.0	8.0	12.0	50.0	8.0	5	57.0	重	**	**		シンリンゲンカイ																																																									
2020105510	2025-11-30	高知		6.0	C1ー6								上田将司		ダ1600				1:49.4	1.4		6-6-7-6		40.5	464(-2)					晴		10.0	1.0	1.0	82.9	9.0	6	57.0	良	**	**		モルフェウス																																																									
2020105510	2025-12-14	高知		2.0	C1ー6								畑中信司		ダ1400				1:31.8	1.2		7-7-8-7		39.4	460(-4)					晴		10.0	3.0	3.0	14.4	3.0	7	57.0	稍	**	**		リューノス																																																									
2020105510	2025-12-29	高知		12.0	ファイナルレース(C1)								畑中信司		ダ1400				1:33.4	0.7		5-5-7-7		39.9	460(0)				9.0	晴		12.0	7.0	10.0	14.4	9.0	5	57.0	良	**	**		ハイモビリティ																																																									
2020105510	2026-01-13	高知		5.0	C1ー5								加藤翔馬		ダ1600				1:48.1	0.9		7-7-7-7		38.3	464(+4)					晴		7.0	5.0	5.0	31.5	7.0	7	57.0	良				エクトゥシュタール																																																									
2020105525	2022-07-16	2福島5		6.0	2歳新馬								松岡正海		ダ1150				1:10.3	0.9		6-4	32.3-37.1	37.2	440(0)																																	曇		12.0	1.0	1.0	165.0	11.0	7	54.0	重	**	**		シナジーエフェクト																													
2020105525	2022-08-14	3新潟2		3.0	2歳未勝利								松岡正海		芝1200				1:10.1	1.0		10-9	33.9-35.2	35.4	434(-6)																																	曇		17.0	7.0	13.0	272.7	17.0	6	54.0	稍	**	**		リバーラ																													
2020105525	2022-09-11	4中山2		1.0	2歳未勝利								松岡正海		ダ1200				1:13.7	2.7		4-4	33.5-37.5	39.8	440(+6)																																	曇		16.0	3.0	5.0	30.4	8.0	7	54.0	良	**	**		ネバレチュゴー																													
2020105525	2022-10-01	4中山8		2.0	2歳未勝利								松岡正海		芝1200				1:10.4	1.0		3-5	34.0-35.4	36.0	436(-4)																																	晴		16.0	4.0	8.0	46.6	8.0	7	55.0	良	**	**		クールムーア																													
2020105525	2022-10-22	4東京6		4.0	2歳未勝利								松岡正海		芝1400				1:22.9	1.4		4-4	34.6-35.0	35.7	436(0)																																	曇		14.0	7.0	12.0	49.0	8.0	8	55.0	良	**	**		トレブランシュ																													
2020105525	2022-12-03	5中山1		1.0	2歳未勝利								松岡正海		ダ1200				1:13.3	1.0		3-3	34.2-38.1	38.8	446(+10)				52.0																													曇		16.0	7.0	13.0	20.5	7.0	5	55.0	稍	**	**		セイウンダマシイ																													
2020105525	2022-12-28	5中山9		1.0	2歳未勝利								松岡正海		ダ1200				1:13.5	0.9		7-8	34.0-38.6	38.8	446(0)																																	晴		16.0	8.0	16.0	38.4	8.0	8	55.0	良	**	**		ヨロ																													
2020105525	2023-01-21	1中山7		2.0	3歳未勝利								松岡正海		ダ1200				1:13.9	1.1		4-4	33.4-39.4	40.1	444(-2)				83.0																													晴		16.0	1.0	1.0	26.5	5.0	4	56.0	稍	**	**		ターンソウル																													
2020105525	2023-02-12	2小倉2		3.0	3歳未勝利								勝浦正樹		ダ1000				0:58.7	0.4		7-6	33.8-35.8	35.5	436(-8)				140.0																													晴		14.0	5.0	7.0	26.3	9.0	3	56.0	重	**	**		ミッキースピナッチ																													
2020105525	2023-03-04	2中山3		2.0	3歳未勝利								松岡正海		ダ1200				1:13.1	0.1		3-3	33.8-39.2	39.1	436(0)				220.0																													晴		16.0	3.0	6.0	7.3	5.0	2	56.0	良	**	**		イデアミラーグロ																													
2020105525	2023-08-19	3新潟3		7.0	3歳未勝利								松岡正海		ダ1200				1:14.9	2.3		1-1	34.4-38.2	40.5	440(+4)																																	晴		15.0	5.0	8.0	4.3	3.0	12	56.0	良	**	**		エスジースパークル																													
2020105525	2023-10-19	園田		8.0	C2一								田中学		ダ1400				1:32.9	0.4		1-1-1-1		40.1	441(+1)				17.5																													晴		10.0	8.0	9.0	2.0	1.0	3	56.0	良	**	**		ピエルナフェルテ																													
2020105525	2023-11-15	園田		9.0	C2一								田中学		ダ820				0:51.4	0.7		2-3		37.3	443(+2)				12.0																													晴		10.0	7.0	8.0	2.0	1.0	4	56.0	稍	**	**		ルールメイプル																													
2020105525	2023-12-05	園田		12.0	C2								永井孝典		ダ1230				1:20.5	-0.3		1-1-1-1		39.7	436(-7)				80.0																													雨		12.0	6.0	7.0	3.5	2.0	1	56.0	良	**	**		(エイシンニーダー)																													
2020105525	2023-12-30	園田		9.0	C2								永井孝典		ダ1230				1:20.2	-0.5		1-1-1-1		39.9	442(+6)				80.0																													晴		12.0	2.0	2.0	1.9	1.0	1	57.0	良	**	**		(メイプルエルガー)																													
2020105525	2024-04-28	1新潟2		7.0	4歳以上1勝クラス								大江原比		ダ1200				1:13.6	2.0		5-5	34.1-37.5	38.8	442(0)																																	晴		11.0	2.0	2.0	19.1	8.0	9	54.0	良	**	**		ヒルノピレネー																													
2020105525	2024-05-12	1新潟6		8.0	4歳以上1勝クラス								大江原比		ダ1200				1:13.4	1.6		1-1	34.4-37.4	39.0	442(0)																																	晴		14.0	1.0	1.0	96.6	12.0	9	54.0	良	**	**		スペキオサレジーナ																													
2020105525	2024-06-09	1函館2		8.0	3歳以上1勝クラス								松岡正海		芝1200				1:10.3	1.5		6-5	33.8-35.0	36.0	436(-6)																																	小雨		13.0	8.0	12.0	146.7	13.0	12	58.0	良	**	**		クファシル																													
2020105525	2024-06-15	1函館3		8.0	3歳以上1勝クラス								松岡正海		ダ1000				1:00.5	1.5		7-8	34.6-36.1	36.5	436(0)																																	晴		11.0	6.0	8.0	89.2	9.0	10	58.0	良	**	**		ニルアドミラリ																													
2020105525	2024-10-05	4新潟1		3.0	3歳以上1勝クラス								藤田菜七		ダ1200				1:12.8	1.2		3-3	34.1-37.5	38.4	442(+6)																																	曇		15.0	7.0	12.0	125.7	12.0	10	56.0	重	**	**		ルソレイユ																													
2020105525	2024-11-10	3福島4		12.0	3歳以上1勝クラス								原田和真		ダ1150				1:09.6	1.5		6-6	31.7-36.4	37.5	436(-6)																																	晴		16.0	5.0	10.0	370.3	16.0	11	58.0	良	**	**		シークレットヴァウ																													
2020105525	2024-11-30	4中京1		2.0	3歳以上1勝クラス								永島まな		ダ1200				1:14.7	2.4		11-11	34.6-37.7	39.0	440(+4)																																	曇		16.0	6.0	12.0	337.4	16.0	16	56.0	良	**	**		イミュータブル																													
2020105525	2025-03-15	2中山5		8.0	4歳以上1勝クラス								遠藤汰月		ダ1200				1:12.8	0.7		3-4	34.4-37.7	38.1	450(+10)																																	曇		16.0	7.0	13.0	158.0	15.0	7	55.0	稍	**	**		ヴェルトラウム																													
2020105525	2025-04-19	1福島3		8.0	4歳以上1勝クラス								遠藤汰月		ダ1150				1:09.6	0.2		3-3	31.7-37.7	37.7	448(-2)				80.0																													晴		16.0	7.0	13.0	77.6	13.0	5	55.0	良	**	**		アオカミ																													
2020105525	2025-05-03	1新潟1		12.0	4歳以上1勝クラス								長浜鴻緒		芝1000				0:55.8	1.2		7	33.0-32.2	32.9	446(-2)				120.0																													晴		16.0	5.0	10.0	23.8	9.0	4	56.0	良	**	**		ニシノトキメキ																													
2020105525	2025-05-18	1新潟6		9.0	飛竜特別(1勝クラス)								長浜鴻緒		芝1000				0:57.7	1.1		7	33.6-33.9	34.6	448(+2)																																	曇		16.0	1.0	1.0	122.1	13.0	15	58.0	良	**	**		ブルボンクイーン																													
2020105525	2025-07-13	2福島6		8.0	3歳以上1勝クラス								遠藤汰月		ダ1150				1:09.6	0.7		4-5	31.1-37.8	37.4	440(-8)																																	晴		15.0	6.0	10.0	66.3	11.0	6	55.0	良	**	**		フェデルミエール																													
2020105525	2025-08-24	3新潟2		7.0	3歳以上1勝クラス								遠藤汰月		芝1000				0:56.1	1.2		7	32.3-33.1	33.7	444(+4)																																	晴		18.0	6.0	11.0	72.8	14.0	15	55.0	良	**	**		ラトルシェ																													
2020105525	2025-09-13	4中山3		8.0	3歳以上1勝クラス								遠藤汰月		ダ1200				1:11.9	1.7		5-5	34.3-35.9	37.2	444(0)																																	曇		15.0	5.0	10.0	135.0	13.0	10	55.0	不	**	**		アシャカトベ																													
2020105525	2025-09-27	4中山8		8.0	3歳以上1勝クラス								松岡正海		ダ1200				1:13.2	2.1		5-4	33.3-37.8	39.2	446(+2)																																	晴		16.0	3.0	6.0	433.6	14.0	13	58.0	良	**	**		ショウナンハクウン																													
2020105525	2025-11-22	3福島5		2.0	3歳以上1勝クラス								遠藤汰月		ダ1150				1:10.6	1.0		11-11	31.9-37.7	37.8	452(+6)																																	晴		16.0	4.0	8.0	278.5	15.0	8	55.0	良	**	**		ビーアイフォルテ																													
2020105525	2025-12-13	5中山3		7.0	3歳以上1勝クラス								遠藤汰月		ダ1200				1:13.3	1.0		8-8	35.1-37.2	37.6	456(+4)																																	曇		16.0	2.0	3.0	282.5	16.0	11	55.0	良	**	**		レイユール																													
2020105525	2026-01-05	1中山2		12.0	4歳以上1勝クラス								松岡正海		ダ1200				1:12.0	0.3		5-5	34.6-37.1	37.0	456(0)				82.0																													晴		16.0	7.0	14.0	255.9	16.0	5	58.0	稍	**	**		ビーコング																													
2020105525	2026-01-17	1中山6		6.0	4歳以上1勝クラス								松岡正海		ダ1200				1:12.5	0.6		4-3	34.3-37.6	37.9	454(-2)																																	晴		16.0	3.0	5.0	86.2	14.0	8	58.0	良				メッエフアパラ																													
2020105603	2022-12-04	5中山2		5.0	2歳新馬								菅原明良		芝2000				2:05.3	0.3		4-4-4-3	37.0-35.6	35.6	494(0)																																	晴		14.0	3.0	4.0	9.6	5.0	6	55.0	良	**	**		ディヴァージオン																													
2020105603	2023-04-30	1新潟2		3.0	3歳未勝利								勝浦正樹		ダ1800				1:52.4	-0.1		8-7-4-4	35.9-38.8	38.2	490(-4)				550.0																													小雨		15.0	3.0	5.0	7.9	3.0	1	56.0	重	**	**		(テーオーレガシー)																													
2020105603	2023-07-08	2福島3		8.0	3歳以上1勝クラス								戸崎圭太		ダ1700				1:47.3	-0.3		2-2-2-2	30.7-37.9	37.7	496(+6)				800.0																													曇		15.0	2.0	2.0	3.3	1.0	1	55.0	良	**	**		(リュクススティール)																													
2020105603	2023-08-06	2新潟4		9.0	苗場特別(2勝クラス)								戸崎圭太		ダ1800				1:53.4	0.4		3-3-3-3	37.3-36.7	36.9	500(+4)				395.7																													晴		14.0	8.0	15.0	4.0	3.0	3	55.0	良	**	**		レッドバロッサ																													
2020105603	2023-10-01	4中山9		10.0	茨城新聞杯(2勝クラス)								戸崎圭太		芝2000				2:02.4	0.8		7-7-7-7	36.7-34.9	34.7	496(-4)				155.0																													曇		15.0	8.0	17.0	16.6	7.0	5	55.0	良	**	**		マイネルモーント																													
2020105603	2023-10-29	4新潟6		10.0	鳥屋野特別(2勝クラス)								丹内祐次		ダ1800				1:51.0	1.5		6-6-6-5	34.9-38.3	38.9	500(+4)																																	雨		15.0	6.0	11.0	4.6	2.0	6	56.0	不	**	**		ハッスルダンク																													
2020105603	2024-01-07	1中山2		9.0	初日の出賞(2勝クラス)								横山武史		芝2000				2:00.1	0.1		12-13-1-2	36.7-35.5	35.6	500(0)				631.4																													晴		17.0	3.0	6.0	6.7	4.0	2	57.0	良	**	**		ダイバリオン																													
2020105603	2024-03-16	2中山7		9.0	館山特別(2勝クラス)								大野拓弥		芝2000				2:00.0	-0.3		3-3-3-3	36.1-35.3	35.2	500(0)				1574.5																													晴		11.0	6.0	6.0	3.7	2.0	1	58.0	良	**	**		(ロジシルバー)																													
2020105603	2024-05-11	2東京7		10.0	六社S(3勝クラス)								大野拓弥		芝2400				2:26.4	0.5		2-2-2-2	38.1-33.7	34.1	500(0)																																	晴		10.0	3.0	3.0	44.5	7.0	6	58.0	良	**	**		マキシ																													
2020105603	2024-07-14	2福島6		10.0	阿武隈S(3勝クラス)								内田博幸		芝2000				2:01.5	0.9		3-3-2-5	36.0-35.7	36.4	506(+6)																																	小雨		14.0	6.0	9.0	4.0	2.0	10	55.0	良	**	**		ウインシュクラン																													
2020105603	2024-09-28	3中京8		10.0	高山S(3勝クラス)								横山武史		芝2000				2:01.4	1.5		3-7-8-8	36.2-35.4	36.2	508(+2)																																	曇		13.0	5.0	6.0	21.6	8.0	11	58.0	良	**	**		マコトヴェリーキー																													
2020105603	2025-05-25	2東京10		12.0	丹沢S(3勝クラス)								大野拓弥		ダ2100				2:08.0	0.8		2-2-3-2	30.3-35.9	36.7	512(+4)				750.6																													曇		16.0	3.0	6.0	75.0	14.0	2	54.0	重	**	**		カズタンジャー																													
2020105603	2025-10-18	4東京6		10.0	伊勢佐木S(3勝クラス)								大野拓弥		ダ2100				2:13.2	1.2		2-2-2-2	31.4-36.6	37.7	514(+2)																																	曇		16.0	6.0	12.0	9.4	3.0	8	58.0	良	**	**		ピカピカサンダー																													
2020105603	2026-01-17	1中山6		10.0	アレキサンドライトS(3勝クラス)								大野拓弥		ダ1800				1:53.9	1.7		4-4-4-4	37.4-37.5	38.5	518(+4)																																	晴		16.0	1.0	1.0	22.1	10.0	11	55.0	良				チュウワクリスエス																													
2020105622	2022-07-03	3小倉2		6.0	2歳新馬								福永祐一		芝1200				1:08.5	0.3		1-1	33.7-34.5	34.8	448(0)				280.0	曇		8.0	5.0	5.0	4.1	2.0	2	54.0	良	**	**		ロンドンプラン																																																									
2020105622	2022-07-24	3小倉8		1.0	2歳未勝利								福永祐一		芝1200				1:08.6	0.2		5-3	33.3-35.1	35.0	452(+4)				210.0	晴		12.0	1.0	1.0	2.8	1.0	2	54.0	良	**	**		ニシノトキメキ																																																									
2020105622	2022-10-29	4阪神8		2.0	2歳未勝利								福永祐一		ダ1200				1:12.5	-0.9		2-3	35.1-37.4	37.2	470(+18)				520.0	晴		11.0	8.0	11.0	1.7	1.0	1	55.0	良	**	**		(ジャスパーロイヤル)																																																									
2020105622	2022-12-11	6阪神4		6.0	2歳1勝クラス								岩田望来		ダ1200				1:12.8	-0.2		6-5	35.0-37.8	37.1	464(-6)				750.0	晴		8.0	4.0	4.0	1.5	1.0	1	55.0	良	**	**		(ノースディーバ)																																																									
2020105622	2023-03-12	2中京2		10.0	昇竜S(OP)								岩田望来		ダ1400				1:25.0	1.0		7-4	34.3-37.5	37.8	468(+4)					曇		16.0	1.0	2.0	9.2	3.0	8	56.0	良	**	**		グレートサンドシー																																																									
2020105622	2023-04-30	1京都4		10.0	端午S(OP)								岩田望来		ダ1400				1:24.6	0.5		5-5	34.0-37.9	37.9	470(+2)				270.0	曇		11.0	6.0	6.0	42.7	10.0	4	56.0	重	**	**		スマートフォルス																																																									
2020105622	2023-06-25	3阪神8		12.0	リボン賞(2勝クラス)								岩田望来		ダ1200				1:12.3	0.3		10-11	34.6-37.4	36.9	466(-4)					曇		16.0	3.0	5.0	3.6	2.0	6	55.0	良	**	**		コパノハンプトン																																																									
2020105622	2023-09-24	4阪神7		12.0	3歳以上2勝クラス								岩田望来		ダ1200				1:11.8	-0.2		2-2	35.5-36.3	36.0	480(+14)				1140.0	晴		15.0	2.0	2.0	4.4	2.0	1	56.0	良	**	**		(アルムラトゥール)																																																									
2020105622	2023-10-09	2京都3		10.0	大山崎S(3勝クラス)								川田将雅		ダ1200				1:11.7	0.0		2-2	34.7-37.0	36.8	480(0)				747.8	曇		13.0	2.0	2.0	3.8	2.0	2	57.0	重	**	**		エーティーマクフィ																																																									
2020105622	2023-11-04	3京都1		10.0	貴船S(3勝クラス)								坂井瑠星		ダ1200				1:10.8	-0.4		3-3	35.4-35.4	35.1	474(-6)				1879.2	曇		16.0	8.0	16.0	2.4	1.0	1	57.0	良	**	**		(タイセイブリリオ)																																																									
2020105622	2023-12-24	5阪神8		11.0	りんくうS(OP)								鮫島克駿		ダ1200				1:12.6	1.4		3-3	34.5-36.7	37.8	488(+14)					晴		16.0	5.0	9.0	6.1	3.0	11	56.0	良	**	**		アームズレイン																																																									
2020105622	2024-02-18	2京都8		11.0	大和S(OP)								松若風馬		ダ1200				1:10.9	0.2		3-4	34.2-36.5	36.5	486(-2)				330.0	曇		13.0	1.0	1.0	5.1	2.0	4	57.0	良	**	**		スズカコテキタイ																																																									
2020105622	2024-03-09	1阪神5		11.0	コーラルS(L)								松若風馬		ダ1400				1:23.9	0.1		2-2	34.4-37.5	37.4	486(0)				604.9	曇		16.0	4.0	7.0	12.6	6.0	3	56.0	良	**	**		レディバグ																																																									
2020105622	2024-04-20	3京都1		11.0	天王山S(OP)								松若風馬		ダ1200				1:11.3	0.3		2-2	35.1-35.9	36.0	480(-6)				888.0	曇		13.0	6.0	9.0	5.6	2.0	2	57.0	良	**	**		ジレトール																																																									
2020105622	2024-06-02	4京都2		11.0	松風月S(OP)								松若風馬		ダ1200				1:10.6	0.1		9-9	33.9-36.6	35.6	482(+2)				554.9	曇		16.0	4.0	8.0	7.1	4.0	3	56.0	稍	**	**		ジレトール																																																									
2020105622	2024-10-06	5京都2		10.0	藤森S(OP)								幸英明		ダ1200				1:11.8	0.5		10-10	34.7-36.6	36.0	470(-12)				330.0	晴		14.0	4.0	8.0	8.0	5.0	4	57.0	良	**	**		クインズメリッサ																																																									
2020105622	2024-12-22	7京都8		11.0	りんくうS(OP)								北村友一		ダ1200				1:12.6	1.1		16-16	34.8-36.7	36.2	480(+10)					晴		16.0	4.0	7.0	7.1	3.0	7	57.0	良	**	**		ドンアミティエ																																																									
2020105622	2025-02-23	1京都8		11.0	大和S(OP)								荻野極		ダ1200				1:12.9	1.7		15-16	35.4-35.8	36.0	486(+6)					曇		16.0	6.0	11.0	17.3	8.0	15	57.0	良	**	**		ドンアミティエ																																																									
2020105622	2025-05-04	1新潟2		11.0	越後S(OP)								松若風馬		ダ1200				1:12.1	1.1		15-14	33.6-37.4	36.9	484(-2)					晴		15.0	3.0	5.0	17.7	8.0	9	58.0	稍	**	**		ブシン																																																									
2020105622	2025-06-14	3阪神3		11.0	三宮S(OP)								高杉吏麒		ダ1800								35.0-37.9		486(+2)					雨		12.0	4.0	5.0			除	56.0	重	**	**		ダブルハートボンド																																																									
2020105622	2025-07-13	2小倉6		11.0	阿蘇S(OP)								松若風馬		ダ1700				1:48.7	3.5		16-16-16-16	29.5-38.1	39.9	498(+14)					曇		16.0	2.0	4.0	66.4	13.0	14	57.0	良	**	**		ローズスター																																																									
2020105622	2025-10-26	4東京9		11.0	神無月S(OP)								北村宏司		ダ1400				1:24.5	2.4		14-14	34.7-35.4	36.2	494(-4)					小雨		16.0	3.0	5.0	209.2	15.0	16	57.0	不	**	**		インユアパレス																																																									
2020105622	2025-12-16	園田		11.0	大和牛特別A1								吉村智洋		ダ1400				1:33.1	3.2		8-8-8-8		40.4	501(+7)					晴		8.0	1.0	1.0	7.7	4.0	7	58.0	良	**	**		スマートアンバー																																																									
2020105625	2022-10-22	4阪神6		4.0	2歳新馬								浜中俊		芝1400				1:22.2	0.3		15-14	35.1-35.0	34.0	434(0)				70.0																													晴		18.0	4.0	8.0	11.1	4.0	5	54.0	良	**	**		サザーランド																													
2020105625	2022-11-13	5阪神4		4.0	2歳未勝利								浜中俊		芝1600				1:35.8	1.1		7-6	35.5-34.7	35.3	438(+4)																																	雨		10.0	2.0	2.0	8.1	4.0	6	54.0	稍	**	**		ユリーシャ																													
2020105625	2022-12-18	6阪神6		3.0	2歳未勝利								横山武史		芝1600				1:36.1	0.8		5-5	36.0-34.5	34.9	436(-2)																																	晴		15.0	8.0	15.0	27.8	7.0	7	54.0	良	**	**		ハーパー																													
2020105625	2023-03-26	2阪神2		1.0	3歳未勝利								今村聖奈		ダ1800				1:54.6	1.2		9-9-9-9	37.5-38.4	38.0	434(-2)																																	雨		11.0	4.0	4.0	4.7	3.0	6	51.0	不	**	**		レッツゴーローズ																													
2020105625	2023-07-02	3中京2		3.0	3歳未勝利								坂井瑠星		ダ1400				1:24.1	-0.2		11-10	34.2-37.9	36.5	432(-2)				550.0																													晴		16.0	5.0	9.0	7.7	3.0	1	54.0	重	**	**		(デアデルマーレ)																													
2020105625	2023-09-24	4阪神7		6.0	3歳以上1勝クラス								坂井瑠星		ダ1400				1:25.5	0.2		12-12	35.1-37.6	36.9	442(+10)				320.0																													晴		16.0	5.0	9.0	5.1	3.0	2	54.0	良	**	**		シモズル																													
2020105625	2023-10-07	2京都1		7.0	3歳以上1勝クラス								坂井瑠星		ダ1400				1:25.5	0.6		15-15	34.3-38.2	37.3	440(-2)				120.0																													晴		16.0	2.0	3.0	2.6	1.0	4	54.0	良	**	**		カセノミオ																													
2020105625	2023-11-05	3京都2		6.0	3歳以上1勝クラス								坂井瑠星		ダ1400				1:24.8	0.1		11-9	34.5-38.1	36.9	432(-8)				320.0																													晴		15.0	4.0	7.0	3.2	1.0	2	55.0	良	**	**		シンゼンイズモ																													
2020105625	2023-12-03	4中京2		3.0	3歳以上1勝クラス								坂井瑠星		ダ1400				1:24.7	-0.4		9-8	35.3-37.1	36.4	440(+8)				800.0																													晴		15.0	6.0	10.0	2.6	1.0	1	55.0	良	**	**		(ルージュシェノン)																													
2020105625	2024-04-20	2東京1		12.0	4歳以上2勝クラス								坂井瑠星		ダ1400				1:25.1	0.6		8-8	35.3-37.2	37.0	438(-2)				290.0																													晴		15.0	4.0	8.0	4.8	2.0	3	56.0	良	**	**		キャンディドライヴ																													
2020105625	2024-05-11	2東京7		12.0	4歳以上2勝クラス								横山武史		ダ1400				1:24.5	0.4		4-4	35.6-36.6	36.5	434(-4)				170.0																													晴		12.0	3.0	3.0	3.4	2.0	4	56.0	良	**	**		ユキマル																													
2020105625	2024-09-15	3中京4		12.0	3歳以上2勝クラス								武豊		ダ1400				1:23.5	0.5		10-10	33.9-37.4	36.5	444(+10)				170.0																													曇		13.0	8.0	12.0	4.2	2.0	4	56.0	重	**	**		ヴィヴァン																													
2020105625	2024-10-06	5京都2		8.0	3歳以上2勝クラス								川田将雅		ダ1400				1:24.3	1.2		8-8	34.7-36.3	36.5	444(0)				170.0																													晴		11.0	6.0	7.0	4.3	2.0	4	56.0	良	**	**		キャプテンネキ																													
2020105625	2024-11-03	6京都2		8.0	3歳以上2勝クラス								岩田望来		ダ1400				1:23.6	-0.1		9-9	33.9-37.8	37.1	438(-6)				1140.0																													晴		9.0	1.0	1.0	6.2	4.0	1	56.0	重	**	**		(サザーランド)																													
2020105625	2025-03-15	2中京1		11.0	中京スポーツ杯(3勝クラス)								川又賢治		ダ1400				1:25.8	1.3		11-11	35.8-36.3	36.8	442(+4)																																	小雨		16.0	5.0	9.0	20.7	8.0	13	56.0	良	**	**		リジル																													
2020105625	2025-04-20	2阪神8		10.0	天満橋S(3勝クラス)								酒井学		ダ1400				1:24.7	0.3		9-7	34.5-37.4	36.9	442(0)				280.0																													曇		16.0	7.0	14.0	36.5	11.0	4	52.0	良	**	**		ローズスター																													
2020105625	2025-09-07	4阪神2		10.0	オークランドTRT(3勝クラス)								横山武史		ダ1200				1:12.0	1.5		10-10	35.0-35.5	35.7	448(+6)																																	晴		12.0	4.0	4.0	63.1	7.0	6	56.0	良	**	**		テーオーエルビス																													
2020105625	2025-10-04	3京都1		10.0	大山崎S(3勝クラス)								武豊		ダ1200				1:10.1	1.0		11-13	33.6-35.5	34.9	446(-2)																																	小雨		16.0	6.0	12.0	22.4	11.0	7	56.0	不	**	**		メイショウホウレン																													
2020105625	2025-11-09	4京都2		10.0	貴船S(3勝クラス)								武豊		ダ1200				1:10.8	0.9		11-10	34.1-35.8	35.1	442(-4)																																	小雨		12.0	4.0	4.0	42.8	9.0	10	56.0	不	**	**		アガシ																													
2020105625	2026-01-17	1京都6		11.0	羅生門S(3勝クラス)								武豊		ダ1400				1:25.2	1.3		12-12	35.3-36.2	36.5	452(+10)																																	晴		16.0	4.0	8.0	40.3	8.0	10	56.0	良				エストレヤデベレン																													
2020105633	2023-03-11	1阪神9		5.0	3歳未勝利								坂井瑠星		芝2000				2:01.5	0.5		11-10-9-8	35.9-35.6	35.4	506(0)				83.0															晴		15.0	2.0	2.0	2.8	1.0	4	56.0	良	**	**		ランヴァル																																											
2020105633	2023-03-19	2中京4		5.0	3歳未勝利								鮫島克駿		芝2000				2:03.5	0.0		10-10-3-5	36.9-36.5	36.1	496(-10)				550.0															晴		18.0	6.0	11.0	3.7	1.0	1	56.0	稍	**	**		(ディープマインド)																																											
2020105633	2023-04-16	2阪神8		6.0	3歳1勝クラス								鮫島克駿		芝2000				2:01.0	-0.2		1-1-1-1	36.6-35.3	35.3	494(-2)				780.0															晴		12.0	6.0	7.0	7.5	5.0	1	56.0	稍	**	**		(カネフラ)																																											
2020105633	2023-05-06	1京都5		11.0	京都新聞杯(GII)								鮫島克駿		芝2200				2:14.1	0.0		1-1-1-1	37.7-33.9	33.9	488(-6)				1412.4															小雨		12.0	8.0	12.0	15.9	7.0	3	56.0	良	**	**		サトノグランツ																																											
2020105633	2023-08-20	3新潟4		10.0	阿賀野川特別(2勝クラス)								吉田豊		芝2200				2:11.3	-0.2		1-1-1-1	34.0-35.6	35.6	500(+12)				1590.6															晴		18.0	4.0	7.0	3.2	2.0	1	55.0	良	**	**		(ウインオーディン)																																											
2020105633	2023-10-22	2京都7		11.0	菊花賞(GI)								坂井瑠星		芝3000				3:04.1	1.0		3-3-1-1	35.5-34.9	35.9	498(-2)				3000.0															晴		17.0	3.0	6.0	36.2	9.0	4	57.0	良	**	**		ドゥレッツァ																																											
2020105633	2023-12-23	5中山7		11.0	グレイトフルS(3勝クラス)								三浦皇成		芝2500				2:32.7	0.7		4-6-6-4	30.4-35.9	35.1	488(-10)																			晴		15.0	6.0	11.0	2.6	2.0	7	56.0	良	**	**		ニシノレヴナント																																											
2020105633	2024-01-14	1京都5		11.0	日経新春杯(GII)								田口貫太		芝2400				2:25.1	1.4		2-2-2-7	33.7-36.4	37.5	488(0)																			晴		14.0	3.0	4.0	9.1	6.0	8	54.0	良	**	**		ブローザホーン																																											
2020105633	2024-02-24	キングアブドゥル			レッドシーターフH(GIII)								坂井瑠星		芝3000										計不																					14.0		7.0		7.0	10	60.0	良																																															
2020105633	2024-03-30	メイダン			ドバイゴールドC(GII)								坂井瑠星		芝3200										計不																					15.0		14.0		12.0	11	55.5	良																																															
2020105633	2024-09-28	3中京8		10.0	高山S(3勝クラス)								坂井瑠星		芝2000				2:01.9	2.0		3-4-5-5	36.2-35.4	36.9	508(0)																			曇		13.0	8.0	13.0	6.7	3.0	12	58.0	良	**	**		マコトヴェリーキー																																											
2020105633	2024-10-26	4新潟7		11.0	魚沼S(3勝クラス)								酒井学		芝2000				2:00.2	0.7		4-4	36.7-34.1	34.2	492(-16)				280.0															晴		10.0	3.0	3.0	11.3	4.0	4	58.0	良	**	**		シランケド																																											
2020105633	2024-11-17	6京都6		9.0	比叡S(3勝クラス)								岩田望来		芝2400				2:25.4	0.9		3-3-3-3	34.5-35.2	35.9	488(-4)																			曇		17.0	1.0	1.0	21.8	6.0	8	57.0	良	**	**		ヴェローチェエラ																																											
2020105633	2025-02-02	1京都2		10.0	八坂S(3勝クラス)								坂井瑠星		芝2200				2:15.8	0.0		2-2-2-2	37.2-34.5	34.4	496(+8)				1855.4															曇		7.0	7.0	7.0	4.7	3.0	1	58.0	稍	**	**		(インザモーメント)																																											
2020105633	2025-02-16	1京都6		11.0	京都記念(GII)								松山弘平		芝2200				2:15.8	0.1		3-3-3-5	37.0-34.6	34.4	500(+4)				2524.4															曇		12.0	3.0	3.0	30.6	6.0	2	57.0	稍	**	**		ヨーホーレイク																																											
2020105633	2025-03-29	3中山1		11.0	日経賞(GII)								松山弘平		芝2500				2:36.2	0.1		2-2-2-2	31.1-37.2	37.2	494(-6)				1000.0															曇		15.0	8.0	15.0	16.2	6.0	4	57.0	稍	**	**		マイネルエンペラー																																											
2020105633	2025-06-15	3阪神4		11.0	宝塚記念(GI)								坂井瑠星		芝2200				2:12.1	1.0		2-2-4-3	34.8-36.0	36.8	500(+6)																			晴		17.0	5.0	10.0	87.3	13.0	7	58.0	稍	**	**		メイショウタバル																																											
2020105633	2025-08-17	1札幌8		11.0	札幌記念(GII)								鮫島克駿		芝2000				2:02.2	0.7		4-5-6-6	36.1-36.9	36.8	496(-4)																			曇		16.0	1.0	1.0	22.4	8.0	6	58.0	稍	**	**		トップナイフ																																											
2020105633	2025-09-21	4中山7		11.0	産経賞オールカマー(GII)								鮫島克駿		芝2200				2:12.1	1.9		1-1-3-3	35.1-34.5	36.1	494(-2)																			曇		11.0	2.0	2.0	14.8	7.0	11	57.0	良	**	**		レガレイラ																																											
2020105633	2025-11-15	4京都3		10.0	アンドロメダS(L)								坂井瑠星		芝2000				1:59.6	0.7		5-5-5-3	35.5-35.1	35.3	494(0)																			晴		16.0	3.0	6.0	3.1	1.0	6	58.0	良	**	**		ウエストナウ																																											
2020105633	2026-01-18	1京都7		11.0	日経新春杯(GII)								岩田康誠		芝2400				2:26.0	0.3		3-3-3-3	35.9-34.4	34.4	494(0)				1413.2																																																									晴		13.0	6.0	9.0	21.2	9.0	3	56.0	良	**	**		ゲルチュタール	202608010711
2020105746	2022-08-06	2新潟3	晴	5.0	2歳新馬		11.0	4.0	4.0	12.2	4.0	3	柴田大知	54.0	芝1800		良	**	1:49.1	1.0	**	5-6	35.5-34.9	35.4	444(0)			フェイト	180.0																																																																							
2020105746	2022-09-04	3新潟8	晴	1.0	2歳未勝利		13.0	8.0	13.0	8.9	4.0	6	柴田大知	54.0	芝2000		良	**	2:03.3	0.7	**	2-2-2-2	36.4-35.5	36.1	452(+8)			ガルムキャット																																																																								
2020105746	2022-10-01	4中山8	晴	4.0	2歳未勝利		17.0	5.0	9.0	32.5	9.0	3	柴田大知	55.0	芝2000		良	**	2:03.1	0.5	**	3-3-3-4	36.1-36.8	36.9	452(0)			ビターグラッセ	130.0																																																																							
2020105746	2022-10-16	4新潟2	晴	2.0	2歳未勝利		9.0	2.0	2.0	5.7	5.0	2	丹内祐次	55.0	芝2000		良	**	2:03.1	0.8	**	3-3-3-2	35.6-35.3	35.8	456(+4)			パクスオトマニカ	210.0																																																																							
2020105746	2022-11-06	3福島2	晴	1.0	2歳未勝利		11.0	5.0	5.0	2.1	1.0	1	原優介	53.0	ダ1700		良	**	1:49.5	0.0	**	4-4-1-1	30.2-41.4	41.4	462(+6)			(ミスターキング)	520.0																																																																							
2020105746	2022-12-11	5中山4	曇	7.0	2歳1勝クラス		14.0	4.0	7.0	101.7	10.0	5	丹内祐次	55.0	ダ1800		良	**	1:55.8	1.2	**	6-7-7-5	38.3-38.9	39.5	460(-2)			モンドプリューム	75.0																																																																							
2020105746	2023-04-09	3中山6	晴	6.0	3歳1勝クラス		9.0	1.0	1.0	82.2	8.0	9	三浦皇成	56.0	ダ1800		稍	**	1:58.9	4.9	**	3-3-5-9	38.0-38.4	42.9	460(0)			メイショウフジ																																																																								
2020105746	2023-05-06	1新潟3	曇	9.0	わらび賞(1勝クラス)		15.0	8.0	14.0	257.8	15.0	14	丹内祐次	56.0	ダ1800		稍	**	1:56.6	2.8	**	15-15-15-13	35.5-39.8	40.8	456(-4)			ジャスパーバローズ																																																																								
2020105746	2023-07-08	2福島3	曇	8.0	3歳以上1勝クラス		15.0	7.0	12.0	108.4	11.0	9	原優介	53.0	ダ1700		良	**	1:48.8	1.5	**	6-8-7-5	30.7-37.9	38.7	454(-2)			ヤマニンエンディマ																																																																								
2020105746	2023-10-22	4新潟4	晴	7.0	3歳以上1勝クラス		16.0	7.0	14.0	13.4	7.0	4	丹内祐次	56.0	芝1800		稍	**	1:48.9	0.4	**	5-5	36.0-35.2	35.3	466(+12)			アリーチェ	120.0																																																																							
2020105746	2023-11-05	3福島2	曇	9.0	三春駒特別(1勝クラス)		14.0	7.0	11.0	18.2	6.0	3	丹内祐次	56.0	芝2000		良	**	2:03.3	0.9	**	13-14-8-7	36.2-36.3	36.8	466(0)			グランドゴールド	285.9																																																																							
2020105746	2023-11-18	3福島5	晴	12.0	3歳以上1勝クラス		16.0	1.0	1.0	13.3	6.0	2	石橋脩	56.0	芝2000		稍	**	2:03.9	0.2	**	7-7-5-3	34.4-37.6	37.2	468(+2)			ボーンイングランデ	320.0																																																																							
2020105746	2023-12-16	4中京5	曇	9.0	高山特別(1勝クラス)		18.0	7.0	15.0	58.9	14.0	11	吉村智洋	56.0	芝2200		稍	**	2:15.0	0.9	**	3-3-4-4	35.7-34.9	35.5	474(+6)			コスモフリーゲン																																																																								
2020105746	2024-02-10	2小倉1	晴	8.0	4歳以上1勝クラス		11.0	2.0	2.0	9.6	4.0	8	幸英明	57.0	芝2000		良	**	2:02.0	0.7	**	3-3-4-2	36.6-35.4	35.9	480(+6)			タイキラフター																																																																								
2020105746	2024-02-25	2小倉6	晴	10.0	国東特別(1勝クラス)		9.0	8.0	8.0	22.1	6.0	6	丹内祐次	57.0	芝2000		稍	**	2:02.9	0.5	**	7-7-4-5	36.5-36.0	36.3	480(0)			シャドウソニック																																																																								
2020105746	2024-03-02	2小倉7	晴	10.0	高千穂特別(1勝クラス)		13.0	7.0	11.0	25.9	8.0	2	幸英明	58.0	芝1800		稍	**	1:49.2	0.2	**	8-7-4-2	36.0-36.4	35.8	476(-4)			ドラゴンヘッド	449.2																																																																							
2020105746	2024-03-17	2中山8	晴	6.0	4歳以上1勝クラス		13.0	7.0	10.0	17.2	6.0	9	丹内祐次	58.0	芝2000		良	**	2:00.9	0.6	**	6-5-4-1	34.6-35.9	36.3	468(-8)			ハイハロー																																																																								
2020105746	2025-04-06	3中山4	小雨	8.0	4歳以上1勝クラス		13.0	2.0	2.0	15.1	5.0	5	津村明秀	58.0	芝1800		良	**	1:49.3	0.7	**	6-6-6-6	36.2-35.1	34.8	482(+14)			ビジューブリランテ	80.0																																																																							
2020105746	2025-04-26	1福島5	晴	10.0	飯盛山特別(1勝クラス)		13.0	8.0	12.0	6.2	3.0	12	丹内祐次	58.0	芝2000		良	**	2:01.6	2.3	**	5-5-5-5	35.4-35.3	37.1	476(-6)			カリーニョ																																																																								
2020105746	2025-05-18	1新潟6	曇	7.0	4歳以上1勝クラス		13.0	7.0	11.0	11.7	5.0	11	小沢大仁	58.0	芝1800		良	**	1:50.8	1.9	**	2-3	37.0-35.2	36.9	478(+2)			ディーガレジェンド																																																																								
2020105746	2025-05-25	1新潟8	曇	9.0	二王子特別(1勝クラス)		15.0	1.0	2.0	67.6	13.0	7	柴田大知	58.0	芝1800		稍	**	1:50.6	0.6	**	9-7	36.9-35.5	35.7	470(-8)			ルトゥール																																																																								
2020105746	2025-08-23	3新潟1	晴	7.0	3歳以上1勝クラス		11.0	4.0	4.0	96.3	10.0	10	津村明秀	58.0	芝1800		良	**	1:50.6	2.9	**	10-10	36.9-33.7	35.3	470(0)			クラッシファイド																																																																								
2020105746	2025-11-22	3福島5	晴	9.0	高湯温泉特別(1勝クラス)		16.0	6.0	12.0	158.7	15.0	16	丹内祐次	58.0	芝1800		良	**	1:50.1	1.6	**	13-12-13-13	36.4-34.7	35.3	468(-2)			バルナバ																																																																								
2020105746	2025-12-06	5中京1	晴	8.0	3歳以上1勝クラス		18.0	8.0	17.0	412.9	18.0	18	武藤雅	58.0	芝2000		良	**	2:02.4	3.4	**	18-17-17-17	36.4-34.3	36.1	476(+8)			アオイタケル																																																																								
2020105760	2022-07-17	2福島6		5.0	2歳新馬								柴田大知		芝1800				1:51.4	0.2		7-8-2-4	36.7-36.5	36.6	474(0)				280.0	曇		14.0	5.0	7.0	4.5	2.0	2	54.0	良	**	**		マスキュリン																																																									
2020105760	2022-11-06	3福島2		6.0	2歳未勝利								角田大和		芝1800				1:50.1	0.2		7-7-7-4	35.5-37.1	36.6	476(+2)				210.0	晴		16.0	5.0	10.0	2.6	1.0	2	53.0	良	**	**		マイレーヌ																																																									
2020105760	2022-11-19	3福島5		3.0	2歳未勝利								柴田大知		芝1800				1:51.3	0.1		7-7-8-8	36.8-36.3	35.7	476(0)				210.0	晴		16.0	1.0	1.0	3.5	1.0	2	54.0	良	**	**		レミージュ																																																									
2020105760	2022-12-17	5中山5		7.0	2歳未勝利								丹内祐次		芝2000				2:03.0	1.9		5-5-4-4	35.3-36.9	38.5	478(+2)					曇		18.0	3.0	6.0	3.9	2.0	9	54.0	良	**	**		グランベルナデット																																																									
2020105760	2023-03-18	2中山7		4.0	3歳未勝利								丹内祐次		芝2000				2:03.7	0.9		5-6-5-4	35.7-37.5	37.8	480(+2)				140.0	小雨		18.0	5.0	10.0	15.6	6.0	3	54.0	稍	**	**		アサカラキング																																																									
2020105760	2023-04-15	1福島3		4.0	3歳未勝利								丹内祐次		芝2000				2:01.8	0.0		5-5-3-3	35.6-36.2	35.7	478(-2)				550.0	曇		16.0	5.0	9.0	2.4	1.0	1	54.0	良	**	**		(キャラメルシフォン)																																																									
2020105760	2023-04-30	2東京4		11.0	スイートピーS(L)								柴田大知		芝1800				1:48.0	0.4		12-11-11	35.9-33.9	33.2	478(0)					小雨		13.0	7.0	10.0	34.8	9.0	6	54.0	良	**	**		ウヴァロヴァイト																																																									
2020105760	2023-07-09	2福島4		9.0	織姫賞(1勝クラス)								柴田大知		芝1800				1:48.8	0.4		8-9-5-7	36.0-36.0	36.1	474(-4)					曇		16.0	4.0	8.0	4.5	3.0	6	53.0	良	**	**		ラファドゥラ																																																									
2020105760	2023-07-22	2福島7		9.0	伊達特別(1勝クラス)								Ｍ．デム		芝1800				1:49.6	0.1		4-4-4-3	37.1-36.0	35.8	470(-4)				284.7	晴		14.0	7.0	12.0	5.6	3.0	3	53.0	良	**	**		フルール																																																									
2020105760	2023-08-19	3新潟3		12.0	3歳以上1勝クラス								松岡正海		芝1800				1:46.4	0.2		3-3	35.5-34.3	34.4	482(+12)				200.0	晴		14.0	8.0	14.0	7.4	4.0	3	53.0	良	**	**		メインクーン																																																									
2020105760	2023-09-17	4中山4		8.0	3歳以上1勝クラス								丹内祐次		芝1800				1:47.4	1.1		14-14-11-11	34.9-35.5	35.4	486(+4)					晴		15.0	7.0	13.0	11.4	4.0	12	53.0	良	**	**		アスコルティアーモ																																																									
2020105760	2024-02-18	2小倉4		8.0	4歳以上1勝クラス								丹内祐次		芝2000				2:01.1	-0.1		3-2-3-2	37.5-35.2	35.0	488(+2)				800.0	晴		9.0	6.0	6.0	3.9	2.0	1	55.0	良	**	**		(ピクシレーション)																																																									
2020105760	2024-06-29	2福島1		10.0	松島特別(2勝クラス)								野中悠太		芝1800				1:46.5	0.6		7-8-7-7	35.4-35.6	35.0	484(-4)					晴		14.0	6.0	10.0	35.7	11.0	8	56.0	良	**	**		エバーシャドネー																																																									
2020105760	2024-07-13	1函館11		10.0	かもめ島特別(2勝クラス)								丹内祐次		芝1800				1:49.2	0.3		10-10-7-3	37.4-34.9	34.5	492(+8)				394.4	晴		14.0	2.0	2.0	32.9	9.0	3	56.0	良	**	**		ワンブランチ																																																									
2020105760	2024-08-04	1札幌6		9.0	HTB賞(2勝クラス)								横山武史		芝1800				1:49.2	0.0		3-3-3-3	37.2-36.1	35.9	494(+2)				1580.8	曇		14.0	7.0	11.0	4.6	1.0	1	56.0	稍	**	**		(エグランタイン)																																																									
2020105760	2024-08-24	2札幌5		11.0	オールスターJ第2戦(3勝クラス)								サンチア		芝2000				2:00.7	0.6		7-8-6-6	35.4-37.5	37.3	498(+4)				184.0	晴		14.0	4.0	6.0	12.3	5.0	5	56.0	良	**	**		シュバルツクーゲル																																																									
2020105760	2024-09-15	4中山4		10.0	レインボーS(3勝クラス)								津村明秀		芝1800				1:45.7	0.2		8-8-8-2	35.8-34.5	34.0	490(-8)				749.2	晴		15.0	4.0	7.0	9.0	5.0	2	53.0	良	**	**		ギャラクシーナイト																																																									
2020105760	2024-10-20	4新潟6		11.0	新潟牝馬S(L)								杉原誠人		芝2200				2:13.4	0.2		5-5-5-3	34.8-37.4	36.6	490(0)				1108.4	晴		13.0	8.0	12.0	7.5	3.0	2	55.0	良	**	**		ホールネス																																																									
2020105760	2024-11-10	5東京4		10.0	ユートピアS(3勝クラス)								横山武史		芝1800				1:47.1	0.6		10-8-7	36.1-34.2	33.8	492(+2)					曇		13.0	7.0	11.0	8.5	4.0	10	56.0	良	**	**		ウインエーデル																																																									
2020105760	2024-12-22	7京都8		10.0	サンタクロースS(3勝クラス)								丹内祐次		芝2000				2:01.6	0.7		2-2-2-2	37.8-34.1	34.8	496(+4)					晴		14.0	5.0	7.0	22.2	6.0	9	56.0	良	**	**		ホウオウプロサンゲ																																																									
2020105760	2025-01-25	1中山8		11.0	初富士S(3勝クラス)								石川裕紀		芝2000				2:02.0	1.3		14-14-15-14	36.8-35.6	35.2	494(-2)					晴		17.0	2.0	4.0	23.5	6.0	13	55.0	良	**	**		コスモブッドレア																																																									
2020105760	2025-05-18	1新潟6		11.0	弥彦S(3勝クラス)								柴田大知		芝1800				1:47.9	0.4		9-9	35.5-35.1	35.1	490(-4)					曇		16.0	7.0	13.0	48.8	13.0	6	56.0	良	**	**		ナムラエイハブ																																																									
2020105760	2025-06-07	3阪神1		11.0	垂水S(3勝クラス)								斎藤新		芝2000				1:59.5	0.9		15-15-15-10	35.4-35.6	35.7	488(-2)					曇		15.0	6.0	10.0	128.9	13.0	13	56.0	良	**	**		シェイクユアハート																																																									
2020105760	2025-10-19	4新潟2		11.0	新潟牝馬S(L)								横山琉人		芝2200				2:13.5	0.8		12-13-13-13	35.8-35.0	34.6	504(+16)					曇		14.0	3.0	3.0	27.2	9.0	8	55.0	良	**	**		カネラフィーナ																																																									
2020105760	2025-11-09	5東京2		10.0	イクイノックスM(3勝クラス)								野中悠太		芝2000				1:59.4	0.8		10-11-10	36.1-33.9	33.9	502(-2)					小雨		12.0	2.0	2.0	71.1	10.0	6	56.0	良	**	**		ウィクトルウェルス																																																									
2020105760	2025-11-30	5東京8		11.0	ウェルカムS(3勝クラス)								丹内祐次		芝2000				1:59.2	1.6		14-9-6	35.6-34.4	35.4	506(+4)					晴		15.0	6.0	12.0	124.0	13.0	13	56.0	良	**	**		ヴィレム																																																									
2020105774	2022-09-04	3新潟8		5.0	2歳新馬								柴田大知		芝1800				1:51.3	0.2		3-2	38.5-33.7	33.8	426(0)				180.0																																											晴		13.0	1.0	1.0	18.5	6.0	3	54.0	良	**	**		テンカノギジン															
2020105774	2022-09-19	4中山5		4.0	2歳未勝利								横山武史		芝1800				1:50.5	1.4		8-8-5-5	35.8-35.4	36.4	426(0)																																															晴		14.0	5.0	7.0	7.0	4.0	8	54.0	重	**	**		スーパーマン															
2020105774	2022-10-16	4新潟2		4.0	2歳未勝利								丹内祐次		芝1600				1:38.3	0.5		5-5	37.2-33.5	33.6	426(0)																																															晴		10.0	4.0	4.0	10.5	5.0	8	54.0	良	**	**		トーセントラム															
2020105774	2022-11-20	5東京6		2.0	2歳未勝利								戸崎圭太		芝1600				1:34.4	0.6		7-7	35.2-34.9	34.4	426(0)																																															曇		15.0	3.0	5.0	55.3	5.0	6	54.0	良	**	**		パルティキュリエ															
2020105774	2023-01-21	1小倉3		6.0	3歳未勝利								丹内祐次		芝1800				1:50.2	1.2		3-4-3-2	36.6-36.4	37.4	428(+2)																																															晴		15.0	3.0	5.0	6.7	4.0	8	54.0	稍	**	**		ゴールドレコーダー															
2020105774	2023-02-04	1小倉7		1.0	3歳未勝利								丹内祐次		ダ1700				1:50.2	2.7		6-6-5-5	31.9-36.4	38.5	430(+2)																																															曇		12.0	5.0	5.0	22.4	4.0	6	54.0	稍	**	**		スマートアイ															
2020105774	2023-02-19	2小倉4		6.0	3歳未勝利								丹内祐次		芝1800				1:53.6	2.1		12-7-2-2	36.6-37.5	39.5	432(+2)																																															曇		16.0	5.0	10.0	24.7	9.0	12	54.0	重	**	**		ダズリングブレイヴ															
2020105774	2023-06-17	3東京5		3.0	3歳未勝利								柴田大知		芝1600				1:34.5	2.2		8-7	34.1-34.7	36.4	428(-4)																																															晴		16.0	7.0	14.0	141.2	11.0	12	54.0	良	**	**		ラファドゥラ															
2020105774	2023-07-23	3中京8		7.0	3歳未勝利								川須栄彦		芝2000				2:02.0	0.2		4-3-3-4	35.9-35.8	35.7	422(-6)				220.0																																											晴		18.0	4.0	8.0	118.3	11.0	2	54.0	良	**	**		メイショウオオミネ															
2020105774	2023-08-13	3新潟2		6.0	3歳未勝利								丸山元気		芝2000				2:00.7	0.3		5-5-4-4	35.7-35.5	35.4	422(0)																																															晴		18.0	5.0	9.0	15.7	5.0	6	54.0	良	**	**		オブリクア															
2020105774	2023-09-03	3新潟8		4.0	3歳未勝利								木幡巧也		芝2200				2:15.2	1.3		2-2-2-2	34.6-37.4	38.6	424(+2)																																															晴		18.0	4.0	7.0	5.6	2.0	9	54.0	良	**	**		ケイツークローン															
2020105774	2024-01-13	1小倉1		4.0	障害4歳以上未勝利								草野太郎		障2860				3:12.5	2.1		8-7-6-6	104.0-0.0	13.5	436(+12)				79.0																																											晴		12.0	7.0	10.0	35.7	8.0	5	57.0	良				ベレヌス															
2020105774	2024-07-06	3小倉3		1.0	障害3歳以上未勝利								伴啓太		障2860				3:14.3	2.8		3-4-4-4	104.0-0.0	13.6	444(+8)																																															晴		9.0	2.0	2.0	16.2	5.0	6	58.0	良				オオキニ															
2020105774	2024-07-21	2福島8		1.0	障害3歳以上未勝利								石神深一		障2770				3:08.7	6.9		12-11-11-11	105.0-0.0	13.6	438(-6)																																															晴		14.0	8.0	13.0	28.2	7.0	11	58.0	良				ジロー															
2020105774	2025-01-25	1小倉1		4.0	障害4歳以上未勝利								伴啓太		障2860				3:12.6	2.7		6-7-7-7	102.1-0.0	13.5	454(+16)																																															晴		10.0	7.0	7.0	49.0	8.0	7	58.0	良				ドゥラモンド															
2020105774	2025-02-09	1小倉6		4.0	障害4歳以上未勝利								大江原圭		障2860				3:16.1	2.0		9-10-7-7	107.0-0.0	13.7	468(+14)				130.0																																											晴		12.0	7.0	9.0	81.8	11.0	4	58.0	稍				クラウンセト															
2020105774	2025-03-01	1小倉11		4.0	障害4歳以上未勝利								大江原圭		障2860				3:16.0	0.5		3-3-3-3	106.1-0.0	13.7	462(-6)				210.0																																											曇		12.0	5.0	6.0	13.5	6.0	3	58.0	良				ダイスアローリング															
2020105774	2025-03-30	2阪神2		4.0	障害4歳以上未勝利								伴啓太		障2970				3:26.7	0.7		6-6-4-3	109.0-0.0	13.9	450(-12)				130.0																																											晴		14.0	7.0	11.0	13.9	4.0	4	58.0	良				ザスリーサーティ															
2020105774	2025-05-10	1新潟3		1.0	障害4歳以上未勝利								伴啓太		障2890				3:11.4	-0.8		5-5-3-2	105.1-0.0	13.2	456(+6)				840.0																																											曇		14.0	3.0	3.0	6.9	3.0	1	58.0	稍				(サンダーアラート)															
2020105774	2025-12-14	5中京4		6.0	3歳以上1勝クラス								石神深道		芝2000				2:02.2	1.0		6-6-7-7	36.8-34.9	35.4	456(0)																																															曇		18.0	1.0	1.0	66.1	12.0	9	53.0	稍	**	**		テンミラクルスター															
2020105781	2022-06-19	3東京6		5.0	2歳新馬								石川裕紀		芝1600				1:36.1	0.0		7-8	36.4-34.6	34.0	410(0)				700.0															晴		16.0	4.0	7.0	10.2	5.0	1	54.0	良	**	**		(トクシーカイザー)																																											
2020105781	2022-10-08	4東京1		11.0	サウジアラビアRC(GIII)								石川裕紀		芝1600				1:34.3	0.9		9-9	34.8-35.6	33.6	418(+8)				330.0															曇		9.0	4.0	4.0	13.3	4.0	5	55.0	良	**	**		ドルチェモア																																											
2020105781	2022-11-06	5東京2		9.0	百日草特別(1勝クラス)								石川裕紀		芝2000				2:00.6	0.9		3-5-5	36.8-33.9	34.4	420(+2)																			晴		9.0	5.0	5.0	9.0	5.0	6	55.0	良	**	**		キングズレイン																																											
2020105781	2022-12-03	5中山1		9.0	葉牡丹賞(1勝クラス)								丹内祐次		芝2000				2:00.1	1.0		16-17-17-15	35.2-35.3	34.7	422(+2)																			曇		18.0	7.0	15.0	86.3	14.0	8	55.0	良	**	**		ミッキーカプチーノ																																											
2020105781	2023-04-08	1福島1		9.0	ひめさゆり賞(1勝クラス)								丹内祐次		芝2000				2:01.3	0.3		9-9-7-7	34.6-36.6	36.1	414(-8)				107.0															曇		10.0	8.0	11.0	4.3	2.0	5	56.0	良	**	**		ソレイユヴィータ																																											
2020105781	2023-06-25	3東京8		7.0	3歳以上1勝クラス								石川裕紀		芝2000				1:58.4	0.5		8-8-8	35.1-34.2	33.9	418(+4)				320.0															晴		11.0	3.0	3.0	15.5	5.0	2	55.0	良	**	**		ブレイディヴェーグ																																											
2020105781	2023-07-29	2新潟1		9.0	出雲崎特別(1勝クラス)								石川裕紀		芝1800				1:45.6	0.2		14-11	34.7-34.3	33.5	422(+4)				285.2															晴		17.0	4.0	8.0	10.8	5.0	3	55.0	良	**	**		トーホウガレオン																																											
2020105781	2023-08-27	3新潟6		7.0	3歳以上1勝クラス								石川裕紀		芝1800				1:46.5	-0.3		4-4	35.9-33.6	33.2	428(+6)				800.0															晴		8.0	5.0	5.0	1.7	1.0	1	55.0	良	**	**		(ダイバリオン)																																											
2020105781	2023-10-07	4東京1		9.0	tvk賞(2勝クラス)								石川裕紀		芝1800				1:47.9	0.8		7-8-8	36.5-33.0	33.2	424(-4)				230.0															晴		12.0	5.0	6.0	3.8	3.0	4	56.0	良	**	**		カナテープ																																											
2020105781	2023-11-04	5東京1		12.0	3歳以上2勝クラス								横山武史		芝2000				2:01.3	-0.2		5-5-5	37.8-33.7	33.3	428(+4)				1140.0															晴		10.0	2.0	2.0	1.4	1.0	1	56.0	良	**	**		(パトリックハンサム)																																											
2020105781	2023-11-26	5東京8		11.0	ウェルカムS(3勝クラス)								石川裕紀		芝2000				2:00.0	1.0		4-4-3	36.3-33.7	34.5	432(+4)																			曇		13.0	8.0	13.0	39.0	10.0	9	56.0	良	**	**		ロードデルレイ																																											
2020105781	2024-02-03	1東京3		11.0	JCベストレース記念(3勝クラス)								石川裕紀		芝2400				2:24.7	1.1		2-2-2-2	36.3-34.1	35.1	432(0)																			晴		12.0	7.0	10.0	28.0	6.0	8	54.0	良	**	**		シュトルーヴェ																																											
2020105781	2024-04-27	2東京3		10.0	府中市70周年記念(3勝クラス)								石川裕紀		芝2000				1:57.8	-0.2		9-9-9	35.6-34.8	33.5	428(-4)				1868.0															曇		13.0	6.0	8.0	94.2	10.0	1	58.0	良	**	**		(トーセンリョウ)																																											
2020105781	2024-06-09	3東京4		11.0	エプソムC(GIII)								石川裕紀		芝1800				1:45.6	0.9		17-17-17	35.2-34.6	33.8	422(-6)																			曇		18.0	4.0	7.0	26.0	10.0	13	57.0	良	**	**		レーベンスティール																																											
2020105781	2024-09-14	3中京3		11.0	ケフェウスS(OP)								石川裕紀		芝2000				1:58.8	0.6		6-6-6-6	36.3-34.2	34.0	424(+2)				360.0															晴		11.0	3.0	3.0	6.2	5.0	4	55.0	良	**	**		フライライクバード																																											
2020105781	2024-10-13	4東京3		11.0	オクトーバーS(L)								Ｍ．デム		芝2000				1:58.2	0.8		11-13-14	34.8-35.3	33.9	422(-2)																			晴		16.0	2.0	3.0	6.8	3.0	12	57.0	良	**	**		ボーンディスウェイ																																											
2020105781	2024-11-30	5中山1		11.0	ステイヤーズS(GII)								石川裕紀		芝3600				3:47.1	0.4		9-10-10-11	38.7-35.3	35.0	428(+6)																			晴		14.0	7.0	11.0	21.0	8.0	7	57.0	良	**	**		シュヴァリエローズ																																											
2020105781	2025-02-22	1東京7		11.0	ダイヤモンドS(GIII)								石川裕紀		芝3400				3:34.6	2.4		14-14-14-12	37.8-34.9	36.1	436(+8)																			晴		16.0	7.0	14.0	11.4	4.0	11	55.0	良	**	**		ヘデントール																																											
2020105781	2025-04-13	1福島2		11.0	福島民報杯(L)								佐々木大		芝2000				2:00.0	0.2		15-15-15-13	34.8-36.4	34.3	434(-2)				420.0															雨		15.0	7.0	13.0	9.2	5.0	4	57.0	良	**	**		シリウスコルト																																											
2020105781	2025-05-25	2京都10		11.0	都大路S(L)								川須栄彦		芝1800				1:46.0	0.8		17-16	33.9-35.7	35.0	432(-2)				280.0															曇		17.0	4.0	8.0	21.0	9.0	5	55.0	稍	**	**		セキトバイースト																																											
2020105781	2025-11-15	4京都3		10.0	アンドロメダS(L)								武豊		芝2000				1:59.3	0.4		15-15-13-14	35.5-35.1	34.3	430(-2)				704.8															晴		16.0	8.0	15.0	23.8	9.0	3	57.0	良	**	**		ウエストナウ																																											
2020105781	2025-12-13	5中京3		11.0	中日新聞杯(GIII)								丸山元気		芝2000				1:59.0	1.4		17-17-16-16	35.1-34.1	32.7	432(+2)																			晴		18.0	5.0	10.0	44.7	12.0	14	55.0	良	**	**		シェイクユアハート																																											
2020105781	2026-01-18	1京都7		11.0	日経新春杯(GII)								吉村誠之		芝2400				2:26.1	0.4		10-8-9-9	35.9-34.4	33.7	438(+6)				860.0																																																									晴		13.0	1.0	1.0	83.0	12.0	4	55.0	良	**	**		ゲルチュタール	202608010711
2020105796	2022-11-27	5東京8		6.0	2歳新馬								石橋脩		芝1800				1:49.7	2.5		16-15-15	36.8-33.5	34.7	440(0)																																															晴		16.0	8.0	16.0	218.3	14.0	13	55.0	良	**	**		タスティエーラ															
2020105796	2022-12-17	5中山5		7.0	2歳未勝利								柴田大知		芝2000				2:02.2	1.1		15-15-14-15	35.3-36.9	36.8	440(0)				52.0																																											曇		18.0	5.0	9.0	383.0	17.0	5	55.0	良	**	**		グランベルナデット															
2020105796	2023-01-07	1中山2		6.0	3歳未勝利								柴田大知		芝2000				2:02.5	1.3		15-14-14-12	36.0-35.8	36.0	438(-2)																																															晴		17.0	6.0	11.0	143.0	12.0	6	56.0	良	**	**		モルトヴェローチェ															
2020105796	2023-01-22	1中山8		5.0	3歳未勝利								柴田大知		芝2200				2:16.2	-0.1		13-13-10-7	35.8-37.1	36.0	438(0)				550.0																																											曇		15.0	7.0	12.0	53.3	9.0	1	56.0	良	**	**		(ヤングローゼス)															
2020105796	2023-04-02	3中山4		8.0	山吹賞(1勝クラス)								柴田大知		芝2200				2:17.1	0.8		3-3-3-2	38.6-34.7	34.9	436(-2)				160.0																																											曇		6.0	4.0	4.0	18.5	5.0	4	56.0	良	**	**		ドゥレッツァ															
2020105796	2023-04-22	2東京1		9.0	新緑賞(1勝クラス)								柴田大知		芝2300				2:21.9	1.3		4-3-3-3	31.7-34.2	35.1	430(-6)																																															晴		8.0	7.0	7.0	58.6	7.0	6	56.0	良	**	**		サスツルギ															
2020105796	2023-07-01	2福島1		9.0	開成山特別(1勝クラス)								柴田大知		芝2600				2:42.7	0.9		10-10-9-8	37.7-36.2	36.1	432(+2)				170.0																																											曇		10.0	4.0	4.0	16.3	6.0	4	55.0	稍	**	**		ヒシシュシュ															
2020105796	2023-07-23	2福島8		8.0	3歳以上1勝クラス								柴田大知		芝2600				2:43.5	0.4		5-7-5-4	36.6-37.4	37.2	426(-6)				200.0																																											晴		14.0	3.0	3.0	17.3	8.0	3	55.0	良	**	**		シルバーティムール															
2020105796	2023-08-06	2新潟4		7.0	3歳以上1勝クラス								柴田大知		芝2200				2:12.7	1.0		16-16-13-13	34.7-35.5	35.5	424(-2)																																															晴		16.0	7.0	14.0	110.8	12.0	10	55.0	良	**	**		マコトヴェリーキー															
2020105796	2023-10-03	盛岡		9.0	アンタレス賞(B1)								柴田大知		芝1700				1:47.6	1.9		8-7-7-7		38.7	431(+7)																																															曇		9.0	8.0	8.0	3.9	2.0	7	56.0	重	**	**		マイネルエール															
2020105796	2023-10-15	4東京5		7.0	3歳以上1勝クラス								柴田大知		芝2400				2:27.3	1.4		2-2-2-2	36.6-36.1	36.9	436(+5)																																															曇		10.0	1.0	1.0	93.2	9.0	7	55.0	重	**	**		コパノサントス															
2020105796	2023-10-28	4新潟5		9.0	萬代橋特別(1勝クラス)								黛弘人		芝2400				2:32.1	0.8		10-11-9-9	36.8-36.2	36.2	428(-8)																																															曇		12.0	5.0	6.0	46.5	10.0	7	55.0	重	**	**		ビレッジイーグル															
2020105796	2023-11-11	3福島3		8.0	3歳以上1勝クラス								小林凌大		芝2600				2:45.9	1.2		6-6-8-8	38.3-36.7	37.3	430(+2)																																															晴		12.0	5.0	5.0	14.6	7.0	6	54.0	良	**	**		サイブレーカー															
2020105796	2024-01-13	1小倉1		6.0	4歳以上1勝クラス								松岡正海		芝2600				2:40.6	1.7		16-16-16-15	35.7-35.3	35.2	436(+6)																																															晴		16.0	8.0	16.0	87.3	12.0	13	57.0	良	**	**		カナオールウェイズ															
2020105796	2024-01-20	1小倉3		10.0	戸畑特別(1勝クラス)								武藤雅		芝2000				2:03.2	1.6		16-16-16-14	36.0-35.9	36.5	440(+4)																																															雨		17.0	8.0	16.0	187.9	15.0	9	57.0	稍	**	**		シランケド															
2020105796	2024-02-17	2小倉3		9.0	筑紫特別(1勝クラス)								佐々木大		芝2000				2:01.2	1.9		9-9-8-7	36.4-36.6	37.0	438(-2)																																															晴		9.0	2.0	2.0	43.6	8.0	7	57.0	良	**	**		メイショウウネビ															
2020105796	2024-03-03	2小倉8		9.0	脊振山特別(1勝クラス)								丸山元気		芝2600				2:43.5	1.3		7-7-8-6	38.1-35.3	35.5	434(-4)				111.0																																											曇		11.0	8.0	11.0	130.0	10.0	5	57.0	稍	**	**		パープルクラウド															
2020105796	2024-03-24	1中京6		7.0	4歳以上1勝クラス								丸山元気		芝2200				2:17.2	2.2		4-4-5-6	35.0-37.5	38.8	434(0)																																															小雨		9.0	8.0	9.0	62.5	9.0	7	57.0	重	**	**		コパノサントス															
2020105796	2024-04-07	1福島2		8.0	4歳以上1勝クラス								丸山元気		芝2600				2:40.1	1.3		11-12-12-10	36.6-36.9	36.9	430(-4)				80.0																																											晴		16.0	7.0	13.0	58.7	13.0	5	58.0	良	**	**		マルカブリッツ															
2020105796	2024-04-21	1福島6		9.0	燧ヶ岳特別(1勝クラス)								丸山元気		芝2600				2:40.0	0.1		4-3-4-3	36.8-35.8	35.6	428(-2)				170.0																																											晴		9.0	3.0	3.0	27.1	9.0	4	58.0	良	**	**		ウインマイルート															
2020105796	2024-06-08	1函館1		9.0	駒ケ岳特別(1勝クラス)								永野猛蔵		芝2600				2:39.6	0.4		9-9-10-8	36.6-36.0	35.7	430(+2)				284.7																																											晴		15.0	3.0	5.0	89.5	12.0	3	58.0	良	**	**		メイクユーマイン															
2020105796	2024-06-23	1函館6		7.0	3歳以上1勝クラス								永野猛蔵		芝2600				2:40.4	0.6		6-6-9-7	36.9-38.0	36.7	434(+4)				320.0																																											曇		10.0	3.0	3.0	12.7	5.0	2	58.0	良	**	**		オールナット															
2020105796	2024-07-13	1函館11		7.0	3歳以上1勝クラス								永野猛蔵		芝2600				2:43.7	1.2		11-10-12-10	38.4-36.4	36.6	438(+4)																																															晴		12.0	4.0	4.0	8.9	6.0	6	58.0	良	**	**		ゴージョニーゴー															
2020105796	2024-07-27	1札幌3		9.0	積丹特別(1勝クラス)								永野猛蔵		芝2600				2:42.8	0.5		5-5-5-5	37.1-35.4	35.6	434(-4)				170.0																																											曇		9.0	7.0	7.0	10.7	5.0	4	58.0	良	**	**		ライフセービング															
2020105796	2024-08-10	2札幌1		8.0	3歳以上1勝クラス								永野猛蔵		芝2600				2:42.2	0.8		5-6-6-4	36.5-36.9	37.1	434(0)				80.0																																											晴		11.0	5.0	5.0	8.1	5.0	5	58.0	良	**	**		ウインネモフィラ															
2020105796	2024-08-24	2札幌5		9.0	ルスツ特別(1勝クラス)								永野猛蔵		芝2600				2:42.9	0.9		5-5-4-4	37.1-36.4	37.0	440(+6)				111.0																																											晴		14.0	3.0	3.0	50.4	8.0	5	58.0	良	**	**		ヴェローチェエラ															
2020105796	2024-12-21	5中山7		9.0	ノエル賞(1勝クラス)								丸山元気		芝2200				2:13.2	1.5		6-7-7-7	34.7-35.7	35.7	454(+14)																																															晴		18.0	2.0	4.0	87.3	11.0	10	58.0	良	**	**		キャントウェイト															
2020105796	2025-01-25	1小倉1		7.0	4歳以上1勝クラス								丸山元気		芝2600				2:40.9	1.6		12-12-11-11	37.2-36.1	36.8	446(-8)																																															晴		16.0	2.0	3.0	59.8	12.0	12	58.0	良	**	**		セイウンパシュート															
2020105796	2025-02-08	1小倉5		9.0	足立山特別(1勝クラス)								丸山元気		芝2600				2:44.6	0.4		5-5-6-6	36.4-36.5	36.6	450(+4)				170.0																																											曇		14.0	1.0	1.0	54.5	12.0	4	58.0	稍	**	**		サークルオブジョイ															
2020105796	2025-03-01	1小倉11		9.0	脊振山特別(1勝クラス)								柴田大知		芝2600				2:42.9	1.6		3-3-10-11	36.8-36.3	37.1	446(-4)																																															曇		16.0	4.0	8.0	28.2	10.0	12	58.0	良	**	**		ローザサンリヴァル															
2020105796	2025-03-23	2中山8		7.0	4歳以上1勝クラス								柴田大知		芝2500				2:34.1	1.2		6-5-4-5	30.8-36.1	37.0	448(+2)																																															晴		16.0	7.0	14.0	134.5	13.0	8	58.0	良	**	**		イクリール															
2020105796	2025-06-21	1函館3		10.0	駒ケ岳特別(1勝クラス)								柴田大知		芝2600				2:41.8	0.2		5-4-3-3	37.5-35.3	35.3	446(-2)				282.9																																											曇		8.0	1.0	1.0	19.1	8.0	3	58.0	良	**	**		マイファミリー															
2020105796	2025-07-05	1函館7		7.0	3歳以上1勝クラス								吉田隼人		芝2600				2:43.6	0.5		8-8-9-7	36.0-38.7	37.0	448(+2)				200.0																																											晴		12.0	5.0	6.0	16.3	6.0	3	58.0	稍	**	**		リギーロ															
2020105796	2025-07-20	1函館12		8.0	3歳以上1勝クラス								吉田隼人		芝2600				2:39.7	0.7		5-6-7-5	37.4-35.0	35.2	450(+2)				80.0																																											晴		9.0	7.0	7.0	19.7	7.0	5	58.0	良	**	**		レクスノヴァス															
2020105796	2025-08-03	1札幌4		12.0	積丹特別(1勝クラス)								吉田隼人		芝2600				2:45.8	1.3		6-7-7-7	39.7-34.9	35.2	442(-8)																																															晴		7.0	3.0	3.0	36.3	7.0	7	58.0	良	**	**		アルマデオロ															
2020105796	2025-08-16	1札幌7		7.0	3歳以上1勝クラス								舟山瑠泉		芝2600				2:43.3	0.9		7-7-7-7	38.4-35.5	35.7	446(+4)																																															晴		9.0	5.0	5.0	32.2	7.0	8	55.0	良	**	**		ラーシャローム															
2020105796	2025-10-18	4新潟1		9.0	岩船特別(1勝クラス)								国分優作		芝2200				2:13.6	0.8		13-13-11-10	35.3-36.2	35.9	448(+2)																																															曇		15.0	6.0	10.0	159.7	13.0	9	58.0	良	**	**		レーヴドロペラ															
2020105796	2025-11-09	3福島2		8.0	3歳以上1勝クラス								舟山瑠泉		芝2600				2:42.9	0.4		15-15-6-4	38.1-35.1	35.3	446(-2)				120.0																																											曇		16.0	1.0	2.0	33.4	9.0	4	55.0	良	**	**		バーケンヘッド															
2020105796	2025-11-24	3福島6		9.0	磐梯山特別(1勝クラス)								舟山瑠泉		芝2600				2:41.5	1.7		16-14-10-15	37.8-35.5	36.5	450(+4)																																															曇		16.0	8.0	15.0	45.9	13.0	16	58.0	良	**	**		カーミングライツ															
2020105809	2022-06-18	3東京5		5.0	2歳新馬								柴田大知		芝1400				1:23.2	1.1		7-7	36.2-34.2	34.8	478(0)				70.0															曇		16.0	1.0	2.0	62.0	10.0	5	54.0	良	**	**		ウンブライル																																											
2020105809	2022-07-09	2福島3		1.0	2歳未勝利								柴田大知		芝1200				1:10.8	0.4		3-4	35.0-35.4	35.5	486(+8)				78.0															曇		10.0	6.0	6.0	5.8	4.0	4	54.0	良	**	**		ハンデンリリー																																											
2020105809	2022-08-07	2新潟4		1.0	2歳未勝利								柴田大知		芝1400				1:22.6	0.5		9-8	34.6-35.6	35.3	490(+4)																			晴		15.0	6.0	11.0	31.2	7.0	6	54.0	良	**	**		サイモンオリーブ																																											
2020105809	2022-08-27	3新潟5		1.0	2歳未勝利								柴田大知		芝1600				1:35.2	0.6		5-5	34.7-35.3	35.3	492(+2)				78.0															晴		15.0	2.0	2.0	21.3	5.0	4	54.0	良	**	**		エマヌエーレ																																											
2020105809	2022-09-24	4中山6		2.0	2歳未勝利								柴田大知		芝1600				1:37.0	1.5		13-10-9	35.8-35.6	36.1	498(+6)																			曇		16.0	8.0	16.0	20.5	6.0	10	54.0	不	**	**		ディナトセレーネ																																											
2020105809	2022-12-10	6中京3		4.0	2歳未勝利								Ｍ．デム		芝1600				1:36.0	-0.1		2-1-1	36.1-34.8	34.8	494(-4)				520.0															晴		16.0	3.0	6.0	22.7	6.0	1	55.0	良	**	**		(シャドウフューリー)																																											
2020105809	2023-01-05	1中山1		10.0	ジュニアC(L)								丹内祐次		芝1600				1:35.3	1.6		9-7-11	35.0-35.6	36.4	498(+4)																			晴		13.0	5.0	6.0	107.7	12.0	8	56.0	良	**	**		クルゼイロドスル																																											
2020105809	2023-02-19	1東京8		6.0	3歳1勝クラス								Ｍ．デム		芝1600				1:34.2	1.3		10-10	34.5-34.7	34.1	490(-8)																			曇		12.0	6.0	8.0	76.6	10.0	6	56.0	良	**	**		ノッキングポイント																																											
2020105809	2023-02-26	2中山2		7.0	3歳1勝クラス								バシュロ		芝1600				1:34.5	0.5		8-3-3	35.9-34.7	35.0	494(+4)				310.0															晴		12.0	5.0	6.0	6.4	3.0	2	56.0	良	**	**		エエヤン																																											
2020105809	2023-03-18	2中山7		6.0	3歳1勝クラス								丹内祐次		芝1600				1:37.6	0.9		5-3-2	35.7-36.8	37.6	492(-2)																			雨		12.0	1.0	1.0	8.4	4.0	7	56.0	重	**	**		ロードディフィート																																											
2020105809	2023-04-01	3中山3		7.0	3歳1勝クラス								丹内祐次		芝1600				1:34.2	0.3		6-11-10	35.3-35.5	34.4	494(+2)				120.0															晴		14.0	7.0	12.0	27.7	9.0	4	56.0	良	**	**		エッセレンチ																																											
2020105809	2023-07-23	1札幌2		12.0	3歳以上1勝クラス								横山武史		芝1500				1:28.5	0.0		10-7-7	29.9-35.4	34.9	494(0)				200.0															晴		14.0	5.0	7.0	8.0	4.0	3	55.0	良	**	**		セフィロ																																											
2020105809	2023-08-05	1札幌5		12.0	3歳以上1勝クラス								佐々木大		芝1500				1:31.5	0.6		11-11-9	30.8-35.3	35.2	488(-6)																			曇		14.0	6.0	9.0	4.9	2.0	9	53.0	稍	**	**		ディヴァージオン																																											
2020105809	2023-08-19	2札幌3		9.0	千歳特別(1勝クラス)								丹内祐次		芝1500				1:30.1	0.8		10-9-7	29.5-35.9	35.9	494(+6)																			小雨		14.0	1.0	1.0	21.1	7.0	7	55.0	良	**	**		ビジュノワール																																											
2020105809	2023-09-03	2札幌8		7.0	3歳以上1勝クラス								小林凌大		芝1800				1:50.8	0.6		6-8-9-4	37.3-35.6	35.5	500(+6)				80.0															晴		14.0	6.0	10.0	18.2	7.0	5	53.0	良	**	**		ゲンパチムサシ																																											
2020105809	2023-09-24	4中山7		7.0	3歳以上1勝クラス								松岡正海		芝1600				1:35.7	1.4		13-14-14	35.3-35.6	35.9	504(+4)																			晴		16.0	5.0	10.0	47.1	11.0	12	56.0	良	**	**		コントラポスト																																											
2020105809	2023-11-18	3福島5		9.0	高湯温泉特別(1勝クラス)								石橋脩		芝1800				1:51.0	1.8		3-2-2-5	35.6-37.7	39.4	496(-8)																			晴		16.0	6.0	12.0	15.1	5.0	9	56.0	稍	**	**		テイデ																																											
2020105809	2023-12-02	4中京1		6.0	3歳以上1勝クラス								丸山元気		芝1600				1:35.1	1.9		14-14-14	34.7-35.8	35.0	498(+2)																			晴		16.0	2.0	4.0	47.6	11.0	14	57.0	良	**	**		フェイト																																											
2020105809	2024-01-21	1小倉4		12.0	4歳以上1勝クラス								佐々木大		芝1800				1:51.2	1.9		9-10-7-7	37.1-35.9	37.3	514(+16)																			曇		15.0	2.0	2.0	19.9	7.0	12	56.0	稍	**	**		パルティクラール																																											
2020105809	2024-02-04	1小倉8		9.0	合馬特別(1勝クラス)								富田暁		芝1800				1:51.3	1.3		9-9-6-5	37.2-36.8	37.4	512(-2)				111.0															曇		11.0	7.0	9.0	102.5	10.0	5	57.0	重	**	**		ロードマンハイム																																											
2020105809	2024-05-12	2東京8		8.0	4歳以上1勝クラス								Ｍ．デム		芝1800				1:46.3	0.1		5-6-6	35.1-35.4	34.2	516(+4)				320.0															曇		9.0	8.0	9.0	22.4	6.0	2	58.0	良	**	**		イルチルコ																																											
2020105809	2024-05-26	2東京12		6.0	4歳以上1勝クラス								Ｍ．デム		芝1800				1:48.6	1.1		8-8-7	36.5-33.8	33.8	512(-4)																			晴		9.0	1.0	1.0	3.7	3.0	6	58.0	良	**	**		トラマンダーレ																																											
2020105809	2024-06-23	3東京8		7.0	3歳以上1勝クラス								石橋脩		芝1800				1:47.2	1.1		6-4-4	35.6-34.8	35.3	516(+4)				80.0															曇		13.0	4.0	4.0	47.1	8.0	5	58.0	稍	**	**		アスクカムオンモア																																											
2020105809	2024-07-14	2福島6		8.0	3歳以上1勝クラス								石橋脩		芝1800				1:48.5	0.1		13-14-14-10	36.1-35.9	34.6	524(+8)				200.0															小雨		16.0	6.0	12.0	16.5	8.0	3	58.0	良	**	**		ロードレイナード																																											
2020105809	2024-08-04	2新潟4		10.0	3歳以上1勝クラス								石橋脩		芝1600				1:33.7	1.2		18-17	33.9-35.9	33.6	526(+2)																			晴		18.0	1.0	2.0	50.0	11.0	13	58.0	良	**	**		シヴァース																																											
2020105809	2024-08-17	2札幌3		9.0	千歳特別(1勝クラス)								丹内祐次		芝1500				1:28.5	0.3		8-7-6	28.9-35.9	34.8	524(-2)				170.0															曇		13.0	6.0	8.0	10.5	5.0	4	58.0	良	**	**		ビーナスローズ																																											
2020105809	2024-09-01	2札幌8		7.0	3歳以上1勝クラス								丹内祐次		芝1800				1:51.1	0.5		4-3-4-4	37.6-36.1	36.3	524(0)																			晴		14.0	3.0	3.0	10.7	5.0	6	58.0	稍	**	**		ガイアメンテ																																											
2020105809	2025-02-01	1東京1		12.0	4歳以上1勝クラス								津村明秀		芝1800				1:47.5	0.8		14-15-12	36.2-34.1	33.6	526(+2)																			曇		16.0	7.0	13.0	65.5	9.0	8	58.0	良	**	**		ショウナンラピダス																																											
2020105809	2025-02-23	1小倉10		9.0	高千穂特別(1勝クラス)								角田大和		芝1800				1:48.7	0.7		14-14-14-13	36.4-35.0	34.3	522(-4)																			曇		14.0	4.0	5.0	19.1	7.0	10	58.0	良	**	**		ヴェルテンベルク																																											
2020105809	2025-03-16	1阪神6		7.0	4歳以上1勝クラス								団野大成		芝1600				1:35.0	0.7		15-14	35.0-35.3	34.6	520(-2)																			雨		16.0	6.0	11.0	78.2	13.0	6	58.0	稍	**	**		ファーヴェント																																											
2020105809	2025-05-25	1新潟8		9.0	二王子特別(1勝クラス)								丸山元気		芝1800				1:50.5	0.5		14-14	36.9-35.5	35.1	532(+12)																			曇		15.0	3.0	6.0	12.0	7.0	6	58.0	稍	**	**		ルトゥール																																											
2020105809	2025-06-08	3東京2		8.0	3歳以上1勝クラス								丹内祐次		芝1600				1:33.7	0.2		5-5	34.8-34.9	34.1	526(-6)				320.0															晴		18.0	1.0	1.0	121.0	11.0	2	58.0	良	**	**		キングノジョー																																											
2020105809	2025-06-22	3東京6		8.0	3歳以上1勝クラス								ディー		芝1600				1:33.9	-0.1		3-3	34.5-36.1	35.6	514(-12)				800.0															晴		15.0	1.0	1.0	33.1	7.0	1	58.0	良	**	**		(ギフテッド)																																											
2020105809	2025-07-13	1函館10		9.0	北海ハンデキャップ(2勝クラス)								斎藤新		芝1800				1:46.5	0.9		4-4-4-3	35.3-34.8	35.2	518(+4)																			晴		11.0	7.0	9.0	25.5	7.0	6	56.0	良	**	**		ミッキージュエリー																																											
2020105809	2025-07-27	1札幌2		12.0	羊ヶ丘特別(2勝クラス)								鮫島克駿		芝1500				1:28.6	0.6		8-6-7	29.8-35.6	34.9	510(-8)				392.4															曇		8.0	3.0	3.0	6.5	4.0	3	58.0	稍	**	**		エリーズダイヤ																																											
2020105809	2025-08-10	1札幌6		10.0	摩周湖特別(2勝クラス)								黛弘人		芝1500				1:29.8	1.1		10-11-13	28.9-35.6	34.7	508(-2)																			曇		14.0	5.0	8.0	20.7	7.0	10	58.0	良	**	**		フォルテム																																											
2020105809	2025-12-21	5中山6		12.0	3歳以上2勝クラス								野中悠太		芝1600				1:35.8	1.3		16-16-14	35.5-35.8	35.6	526(+18)																			雨		16.0	2.0	3.0	54.8	12.0	11	58.0	重	**	**		メタルスピード																																											
2020105809	2026-01-05	1中山2		10.0	初日の出賞(2勝クラス)								野中悠太		芝2000				2:02.3	0.7		5-5-5-5	37.1-34.6	34.9	524(-2)																			晴		11.0	5.0	5.0	50.4	9.0	9	58.0	良	**	**		ダンツファイター																																											
2020105809	2026-01-18	1中山7		7.0	4歳以上2勝クラス								石神深道		芝2200				2:15.4	0.9		5-5-5-8	37.7-34.0	34.5	526(+2)																																																													晴		16.0	7.0	14.0	314.1	13.0	8	55.0	良	**	**		フィーリウス	202606010707
2020105841	2023-03-26	2中京6		2.0	3歳未勝利								和田竜二		ダ1900				2:05.3	5.2		5-5-4-5	30.5-38.3	43.2	506(0)					雨		13.0	8.0	12.0	10.8	5.0	13	56.0	不	**	**		スカーズ																																																									
2020105841	2023-06-10	3阪神3		1.0	3歳未勝利								西村淳也		ダ1400				1:25.7	2.3		6-5	34.6-36.6	38.3	498(-8)					晴		16.0	3.0	5.0	172.8	13.0	9	56.0	稍	**	**		ロードアウォード																																																									
2020105841	2024-01-24	高知		1.0	C3ー13								赤岡修次		ダ1300				1:26.5	0.1		4-3-3-3		41.0	523(+25)				21.0	晴		9.0	4.0	4.0	1.4	1.0	2	56.0	重	**	**		シベリアンタイガー																																																									
2020105841	2024-02-07	高知		1.0	C3ー12								宮川実		ダ1300				1:24.1	0.9		3-3-2-2		39.7	518(-5)				12.0	晴		9.0	7.0	8.0	4.5	3.0	3	56.0	不	**	**		ローズプリンスダム																																																									
2020105841	2024-02-21	高知		1.0	C3ー11								宮川実		ダ1300				1:24.9	-0.3		6-5-5-3		38.4	515(-3)				60.0	雨		9.0	2.0	2.0	1.0	1.0	1	56.0	不	**	**		(ブラックハート)																																																									
2020105841	2024-03-06	高知		3.0	伊予馬事畜産特別(C3)								宮川実		ダ1300				1:23.3	-0.7		4-4-4-1		38.1	514(-1)				60.0	曇		11.0	3.0	3.0	1.8	1.0	1	56.0	不	**	**		(キングオブハーバー)																																																									
2020105841	2024-03-20	高知		4.0	第2回小池祐子特別(C3)								宮川実		ダ1300				1:23.4	-1.5		1-1-1-1		39.2	510(-4)				60.0	小雨		8.0	1.0	1.0	2.4	2.0	1	56.0	重	**	**		(ノックオンウッド)																																																									
2020105841	2024-08-10	2中京1		12.0	3歳以上1勝クラス								中井裕二		ダ1400				1:27.2	2.2		1-1	34.6-38.6	40.8	504(-6)					晴		16.0	3.0	6.0	34.3	10.0	14	58.0	良	**	**		トーホウキザン																																																									
2020105841	2024-11-09	3福島3		7.0	3歳以上1勝クラス								柴田裕一		ダ1150				1:10.6	2.3		10-9	31.7-36.6	38.2	500(-4)					晴		16.0	1.0	1.0	43.6	10.0	13	55.0	良	**	**		シャカシャカシー																																																									
2020105841	2024-12-22	7京都8		5.0	障害3歳以上未勝利								井上敏樹		障2910				3:27.6	8.8		7-9-13-14	109.0-0.0	14.3	518(+18)					曇		14.0	8.0	14.0	47.4	8.0	14	60.0	良				マテンロウジョイ																																																									
2020105841	2025-05-04	1新潟2		4.0	障害4歳以上未勝利								井上敏樹		障2890							2-2-11-12	106.1-0.0		514(-4)					晴		14.0	6.0	10.0	99.2	12.0	中	57.0	稍				ジーククローネ																																																									
2020105881	2022-08-21	4小倉4		5.0	2歳新馬								今村聖奈		芝1200				1:12.8	4.5		7-7	33.4-34.9	36.4	468(0)					曇		8.0	3.0	3.0	4.1	2.0	8	50.0	重	**	**		メイショウヒュウガ																																																									
2020105881	2022-11-13	5阪神4		2.0	2歳未勝利								川須栄彦		ダ1200				1:14.9	1.0		3-3	35.7-38.2	38.8	472(+4)				78.0	小雨		14.0	8.0	14.0	37.5	7.0	4	55.0	良	**	**		エーティースピカ																																																									
2020105881	2022-12-03	6阪神1		2.0	2歳未勝利								川須栄彦		ダ1200				1:13.9	0.5		1-1	36.1-37.3	37.8	474(+2)				78.0	晴		14.0	4.0	6.0	9.6	4.0	4	55.0	稍	**	**		ペプチドハドソン																																																									
2020105881	2023-02-12	2小倉2		3.0	3歳未勝利								西村淳也		ダ1000				0:59.3	1.0		5-5	33.8-35.8	36.4	480(+6)					晴		14.0	4.0	5.0	4.9	2.0	8	56.0	重	**	**		ミッキースピナッチ																																																									
2020105881	2023-02-25	1阪神5		2.0	3歳未勝利								松山弘平		ダ1200				1:14.3	1.4		2-1	34.7-38.2	39.5	480(0)					晴		14.0	4.0	6.0	7.9	4.0	7	56.0	稍	**	**		ハイインザスカイ																																																									
2020105881	2023-03-18	1阪神11		3.0	3歳未勝利								松山弘平		ダ1200				1:13.5	1.6		7-6	35.3-36.6	37.2	472(-8)					雨		16.0	2.0	4.0	15.6	6.0	7	56.0	不	**	**		グッジョブ																																																									
2020105881	2023-05-27	1京都11		2.0	3歳未勝利								川須栄彦		ダ1200				1:13.7	0.6		4-4	35.6-37.5	37.8	472(0)					晴		16.0	2.0	4.0	40.5	8.0	6	56.0	良	**	**		フスカル																																																									
2020105881	2023-07-26	門別		8.0	リゲル特別(C1)								西塚洸二		ダ1200				1:14.1	0.1		2-2		38.8	478(+6)				28.0	晴		7.0	5.0	5.0	6.4	4.0	2	53.0	良	**	**		リーゼントミニー																																																									
2020105881	2023-09-02	3小倉7		6.0	3歳未勝利								西塚洸二		ダ1000				0:59.1	0.7		2-2	33.9-35.7	36.4	478(0)					曇		14.0	8.0	13.0	24.2	8.0	6	53.0	稍	**	**		レインメーカー																																																									
2020105881	2023-12-06	大井		5.0	3歳　150万								森泰斗		ダ1200				1:15.6	1.6		2-2	36.4-37.6	39.0	498(+20)				56.0	晴		16.0	3.0	6.0	2.1	2.0	2	56.0	良	**	**		リアリーホット																																																									
2020105881	2023-12-27	大井		8.0	コスモポリタン賞(C2十)								森泰斗		ダ1200				1:16.6	0.7		5-3	36.6-39.3	39.4	503(+5)				15.0	晴		14.0	1.0	1.0	1.1	1.0	4	56.0	良	**	**		ゴールドブレイン																																																									
2020105881	2024-03-18	大井		6.0	C217　18								森泰斗		ダ1200				1:16.5	0.6		2-2	36.5-39.4	40.0	493(-10)				25.0	晴		15.0	8.0	15.0	2.2	1.0	3	56.0	良	**	**		キタサンリボン																																																									
2020105881	2024-04-08	大井		10.0	C214　15								森泰斗		ダ1200				1:16.3	0.8		1-1	36.3-39.2	40.0	492(-1)				40.0	曇		14.0	4.0	6.0	5.9	2.0	2	56.0	重	**	**		ウォーハンマー																																																									
2020105881	2024-04-23	大井		12.0	C211　12								森泰斗		ダ1200				1:16.8	1.2		2-2	35.5-40.1	41.2	491(-1)					曇		16.0	3.0	5.0	3.6	2.0	9	56.0	稍	**	**		リケアシラヌイ																																																									
2020105881	2024-05-14	門別		6.0	3歳以上C3C4ー1								服部茂史		ダ1200				1:15.9	1.3		10-7		38.4	500(+9)					晴		11.0	7.0	10.0	1.4	1.0	6	57.0	稍	**	**		ヴェニスクィーン																																																									
2020105881	2024-05-28	門別		8.0	ブルースター特別(C3)								服部茂史		ダ1200				1:15.8	-0.9		1-1		39.6	490(-10)				55.0	曇		12.0	1.0	1.0	3.8	1.0	1	57.0	良	**	**		(ドラムライム)																																																									
2020105881	2024-06-12	門別		10.0	ジニア特別(C1)								服部茂史		ダ1200				1:16.2	2.6		5-5		39.6	492(+2)					晴		9.0	3.0	3.0	11.1	5.0	6	57.0	良	**	**		ジャティルウィ																																																									
2020105881	2024-06-26	門別		9.0	ホクレンえん麦特別(C1)								服部茂史		ダ1200				1:15.1	0.0		2-2		38.5	484(-8)				55.0	晴		10.0	7.0	8.0	7.8	5.0	1	57.0	稍	**	**		(ディオスメッセージ)																																																									
2020105881	2024-07-09	門別		10.0	ツキミソウ特別(C1)								服部茂史		ダ1200				1:15.5	1.6		2-3		39.8	486(+2)					曇		12.0	5.0	6.0	5.4	3.0	7	57.0	稍	**	**		ブレイヴァリーボス																																																									
2020105881	2024-08-06	門別		12.0	風かおる優駿桜国新ひ(C1)								服部茂史		ダ1200				1:15.2	1.8		5-5		38.4	480(-6)					晴		10.0	5.0	5.0	12.5	5.0	6	57.0	稍	**	**		トネムスメ																																																									
2020105881	2024-08-20	門別		12.0	国立公園誕生とねっこ(C1)								落合玄太		ダ1200				1:14.0	0.7		2-2		38.5	478(-2)				11.6	曇		10.0	7.0	8.0	10.4	4.0	3	57.0	重	**	**		ウナヴォルタ																																																									
2020105881	2024-09-19	門別		9.0	キンモクセイ特別(C1)								落合玄太		ダ1200				1:14.8	-0.3		1-1		38.4	492(+14)				55.0	晴		8.0	8.0	8.0	7.4	4.0	1	57.0	良	**	**		(ハニーベリー)																																																									
2020105881	2024-12-22	7京都8		7.0	3歳以上1勝クラス								丹内祐次		ダ1200				1:15.5	2.6		15-16	35.5-37.4	38.5	504(+12)					晴		16.0	3.0	6.0	165.1	14.0	15	58.0	良	**	**		ヤマカツパトリシア																																																									
2020105881	2025-03-01	1阪神1		7.0	4歳以上1勝クラス								吉村誠之		ダ1400				1:27.5	2.1		11-11	35.0-38.0	38.8	496(-8)					晴		16.0	8.0	15.0	128.0	14.0	15	56.0	良	**	**		タイセイレスポンス																																																									
2020105881	2025-03-25	高知		9.0	君がいないと寂しい特(C3)								井上瑛太		ダ1400				1:33.4	0.2		2-2-2-1		40.9	494(-2)				21.0	晴		10.0	8.0	9.0	3.0	1.0	2	56.0	良	**	**		ポピュラーソング																																																									
2020105881	2025-04-06	高知		4.0	C3ー2								井上瑛太		ダ1400				1:31.2	-2.0		1-1-1-1		39.4	492(-2)				60.0	晴		10.0	1.0	1.0	5.0	3.0	1	57.0	稍	**	**		(カメハメハタイム)																																																									
2020105881	2025-04-19	高知		7.0	C2ー5								井上瑛太		ダ1400				1:32.3	0.2		1-1-1-1		41.2	489(-3)				28.0	晴		11.0	2.0	2.0	1.4	1.0	2	57.0	稍	**	**		スーパーフェイバー																																																									
2020105881	2025-05-03	高知		10.0	立夏特別(C2)								井上瑛太		ダ1300				1:24.0	0.3		1-1-1-1		38.6	483(-6)				52.0	晴		11.0	1.0	1.0	5.0	2.0	2	57.0	不	**	**		グレイストーム																																																									
2020105881	2025-05-17	高知		11.0	小満特別(C2)								井上瑛太		ダ1400				1:31.5	3.3		2-2-2-5		41.1	482(-1)					曇		9.0	6.0	6.0	3.1	1.0	8	57.0	不	**	**		ディサーニング																																																									
2020105881	2025-05-31	高知		9.0	C2ー2								井上瑛太		ダ1300				1:24.5	0.9		1-1-1-2		41.0	482(0)					晴		12.0	5.0	5.0	2.2	1.0	6	57.0	稍	**	**		フクノルッカ																																																									
2020105881	2025-06-14	高知		10.0	C2ー2								井上瑛太		ダ1600				1:47.5	5.3		9-9-9-11		41.7	485(+3)					雨		11.0	3.0	3.0	5.1	3.0	11	57.0	不	**	**		メイショウロージー																																																									
2020105881	2025-06-28	高知		10.0	C2ー2								井上瑛太		ダ1400				1:31.2	1.2		2-2-2-4		40.6	486(+1)					晴		12.0	7.0	9.0	14.8	5.0	6	57.0	重	**	**		ラグラスドシエル																																																									
2020105881	2025-07-12	高知		9.0	C2ー3								永森大智		ダ1300				1:24.5	0.3		1-1-1-1		41.3	485(-1)				17.5	晴		12.0	1.0	1.0	15.8	6.0	3	57.0	重	**	**		マジックタッチ																																																									
2020105881	2025-07-26	高知		11.0	夏休み特別(C2)								永森大智		ダ1600				1:47.0	1.1		1-1-1-1		42.0	487(+2)				19.5	曇		11.0	4.0	4.0	53.9	9.0	4	57.0	重	**	**		ビービーベジェサ																																																									
2020105881	2025-09-06	高知		11.0	白露特別(C2)								井上瑛太		ダ1400				1:32.4	1.5		1-1-1-1		41.3	488(+1)					晴		9.0	1.0	1.0	14.4	5.0	7	57.0	重	**	**		コスモメイゲツ																																																									
2020105881	2025-09-21	高知		10.0	C2ー2								井上瑛太		ダ1300				1:26.5	1.9		1-1-1-2		41.6	488(0)					晴		11.0	2.0	2.0	9.0	5.0	8	57.0	稍	**	**		ピストンボーイ																																																									
2020105881	2025-10-04	高知		11.0	ファイナルレース(C2)								井上瑛太		ダ1400				1:33.5	1.2		3-4-4-4		41.4	486(-2)					曇		12.0	7.0	10.0	3.8	1.0	7	57.0	重	**	**		オールドブラフ																																																									
2020105881	2025-10-18	高知		10.0	C2ー2								井上瑛太		ダ1400				1:32.7	1.0		2-3-2-2		41.5	484(-2)				7.0	曇		12.0	8.0	12.0	20.7	5.0	5	57.0	稍	**	**		フユソウビ																																																									
2020105881	2025-11-01	高知		10.0	C2ー2								井上瑛太		ダ1300				1:25.1	1.0		2-2-2-3		40.1	488(+4)					晴		12.0	8.0	12.0	6.5	4.0	6	57.0	不	**	**		テーオースパロー																																																									
2020105881	2025-12-20	佐賀		9.0	ラークスパ―賞(C1)								石川倭		ダ1400				1:32.0	1.2		7-6-5-5		39.8	489(+1)				7.6	晴		11.0	8.0	11.0	2.0	1.0	3	56.0	良	**	**		マインドマイワーズ																																																									
2020105929	2023-01-22	1中京8		3.0	3歳新馬								泉谷楓真		ダ1200				1:15.1	0.7		7-7	35.3-39.1	38.8	452(0)				160.0	晴		16.0	7.0	14.0	18.4	8.0	3	53.0	良	**	**		スクルプトーリス																																																									
2020105929	2023-02-12	1阪神2		1.0	3歳未勝利								角田大河		ダ1200				1:13.9	0.2		4-3	35.7-38.0	37.8	448(-4)				220.0	晴		16.0	4.0	8.0	11.4	4.0	2	52.0	良	**	**		エイシンフェンサー																																																									
2020105929	2023-04-30	1京都4		2.0	3歳未勝利								角田大河		ダ1200				1:14.4	0.8		5-5	35.8-37.8	37.9	446(-2)					曇		16.0	8.0	15.0	5.2	2.0	6	53.0	不	**	**		グローバリスト																																																									
2020105929	2023-06-11	3阪神4		3.0	3歳未勝利								泉谷楓真		ダ1200				1:12.6	0.8		5-4	35.0-36.8	37.0	448(+2)				55.0	雨		16.0	7.0	13.0	4.5	2.0	5	53.0	重	**	**		ブラーヴ																																																									
2020105929	2023-07-02	3中京2		3.0	3歳未勝利								角田大河		ダ1400				1:25.7	1.6		6-6	34.2-37.9	38.8	446(-2)					晴		16.0	5.0	10.0	11.3	4.0	6	53.0	重	**	**		ローズバルサム																																																									
2020105929	2023-08-02	笠松		10.0	蝉時雨特別(3歳)								角田大河		ダ1400				1:27.5	-1.2		4-1-1		37.8	447(+1)				70.0	晴		8.0	5.0	5.0	2.0	1.0	1	53.0	良	**	**		(ウインフィエルテ)																																																									
2020105929	2023-12-10	4中京4		2.0	3歳以上1勝クラス								泉谷楓真		ダ1200				1:13.9	1.2		7-7	35.2-37.5	38.2	442(-5)					晴		12.0	6.0	8.0	43.4	9.0	6	54.0	良	**	**		クルールデュヴァン																																																									
2020105929	2024-02-03	2京都3		12.0	4歳以上1勝クラス								角田大河		ダ1400				1:25.8	1.1		5-5	35.2-36.9	37.7	444(+2)					曇		16.0	7.0	13.0	50.6	11.0	8	55.0	良	**	**		プルートマスター																																																									
2020105929	2024-02-18	2京都8		8.0	4歳以上1勝クラス								泉谷楓真		ダ1200				1:12.3	0.1		9-9	35.3-36.9	36.3	446(+2)				200.0	曇		16.0	7.0	14.0	50.5	8.0	3	55.0	良	**	**		アロットドリーム																																																									
2020105929	2024-03-09	1阪神5		7.0	4歳以上1勝クラス								泉谷楓真		ダ1400				1:27.3	2.0		7-9	34.7-38.4	39.5	446(0)					曇		12.0	1.0	1.0	21.5	5.0	10	55.0	良	**	**		サラサハウプリティ																																																									
2020105929	2024-03-23	2阪神1		12.0	4歳以上1勝クラス								泉谷楓真		ダ1200				1:11.5	0.2		7-7	35.1-36.2	35.6	442(-4)				200.0	曇		12.0	4.0	4.0	14.8	7.0	3	55.0	不	**	**		フェリ																																																									
2020105929	2024-04-06	2阪神5		8.0	4歳以上1勝クラス								松山弘平		ダ1200				1:12.4	0.8		12-12	34.9-36.7	36.1	444(+2)					晴		16.0	5.0	10.0	25.7	7.0	8	56.0	稍	**	**		カミーロ																																																									
2020105929	2024-05-19	3京都10		12.0	4歳以上1勝クラス								酒井学		ダ1200				1:12.6	-0.1		9-9	35.5-37.1	36.5	454(+10)				800.0	曇		16.0	5.0	9.0	13.8	7.0	1	56.0	良	**	**		(メイショウタイゲイ)																																																									
2020105929	2024-09-29	3中京9		12.0	3歳以上2勝クラス								酒井学		ダ1400				1:24.8	1.4		7-5	35.0-36.4	37.3	460(+6)					曇		16.0	2.0	3.0	136.2	14.0	14	56.0	稍	**	**		リンドラゴ																																																									
2020105929	2024-10-06	5京都2		8.0	3歳以上2勝クラス								酒井学		ダ1400				1:24.7	1.6		2-3	34.7-36.3	37.5	460(0)					晴		11.0	8.0	12.0	78.4	7.0	7	56.0	良	**	**		キャプテンネキ																																																									
2020105929	2024-12-08	7京都4		8.0	3歳以上2勝クラス								角田大和		ダ1200				1:12.7	0.5		10-8	34.7-37.5	36.8	458(-2)				170.0	曇		15.0	3.0	4.0	108.1	13.0	4	56.0	良	**	**		メイショウタイゲイ																																																									
2020105929	2024-12-22	7京都8		8.0	3歳以上2勝クラス								角田大和		ダ1400				1:25.4	-0.1		14-11	36.0-37.6	36.4	460(+2)				1140.0	晴		16.0	5.0	10.0	98.8	13.0	1	56.0	良	**	**		(プロミシングスター)																																																									
2020105929	2025-01-05	1中京1		10.0	門松S(3勝クラス)								角田大和		ダ1200				1:12.0	0.4		11-10	35.5-36.1	35.5	456(-4)					晴		16.0	7.0	14.0	41.4	10.0	7	56.0	良	**	**		サウンドアレグリア																																																									
2020105929	2025-04-20	2阪神8		10.0	天満橋S(3勝クラス)								森田誠也		ダ1400				1:26.0	1.6		6-7	34.5-37.4	38.4	462(+6)					曇		16.0	4.0	7.0	71.8	15.0	12	53.0	良	**	**		ローズスター																																																									
2020105929	2025-06-14	3東京3		10.0	夏至S(3勝クラス)								丸田恭介		ダ1600				1:36.5	0.9		11-11	34.3-37.2	35.9	460(-2)					小雨		16.0	4.0	8.0	140.8	13.0	10	56.0	良	**	**		アルムラトゥール																																																									
2020105929	2025-08-23	4中京1		11.0	伊賀S(3勝クラス)								田口貫太		ダ1400				1:24.4	0.9		11-9	34.0-37.4	37.3	466(+6)					晴		16.0	5.0	10.0	82.5	15.0	11	52.0	良	**	**		プロトポロス																																																									
2020105929	2025-09-07	4阪神2		10.0	オークランドTRT(3勝クラス)								角田大和		ダ1200				1:11.8	1.3		9-8	35.0-35.5	35.8	466(0)				184.0	晴		12.0	8.0	12.0	167.4	12.0	5	56.0	良	**	**		テーオーエルビス																																																									
2020105929	2025-09-20	4阪神6		11.0	大阪スポーツ杯(3勝クラス)								角田大和		ダ1400				1:24.3	-0.1		9-8	35.6-36.6	35.8	464(-2)				1867.3	曇		13.0	8.0	13.0	67.5	11.0	1	56.0	良	**	**		(テイエムランウェイ)																																																									
2020105929	2025-11-30	4京都8		11.0	オータムリーフS(OP)								長岡禎仁		ダ1400				1:24.7	1.5		13-12	34.1-36.9	36.9	462(-2)					晴		16.0	8.0	16.0	62.0	11.0	10	55.0	良	**	**		ハッピーマン																																																									
2020105929	2025-12-14	5中山4		11.0	カペラS(GIII)								長岡禎仁		ダ1200				1:10.8	2.2		13-13	32.9-35.7	36.8	460(-2)					曇		16.0	2.0	3.0	292.4	16.0	13	55.0	稍	**	**		テーオーエルビス																																																									
2020105929	2026-01-10	1京都3		11.0	すばるS(L)								角田大和		ダ1400				1:24.9	1.3		11-9	35.1-36.4	36.7	464(+4)					晴		16.0	3.0	5.0	133.4	14.0	9	55.0	良	**	**		キタノズエッジ																																																									
2020105950	2022-12-10	6阪神3	晴	6.0	2歳新馬		14.0	5.0	7.0	3.9	1.0	2	福永祐一	54.0	ダ1400		良	**	1:27.1	0.3	**	2-2	36.3-37.8	37.9	460(0)			トウシンカーリン	280.0																																																																							
2020105950	2023-02-19	1阪神4	小雨	2.0	3歳未勝利		16.0	8.0	15.0	3.9	2.0	1	鮫島克駿	54.0	ダ1400		稍	**	1:25.7	-0.1	**	1-1	35.0-38.2	38.2	462(+2)			(ロンシャンクイーン)	550.0																																																																							
2020105950	2023-05-13	2東京7	小雨	6.0	3歳1勝クラス		16.0	2.0	3.0	14.3	6.0	8	松山弘平	54.0	ダ1400		稍	**	1:23.8	1.0	**	3-3	35.0-35.9	36.6	462(0)			レディフォース																																																																								
2020105950	2023-07-16	3中京6	晴	8.0	3歳以上1勝クラス		16.0	6.0	12.0	7.6	4.0	5	松若風馬	53.0	ダ1400		良	**	1:25.4	0.7	**	3-3	34.3-37.9	38.3	460(-2)			トウシンカーリン	80.0																																																																							
2020105950	2023-10-29	2京都9	晴	8.0	3歳以上1勝クラス		16.0	7.0	14.0	12.1	3.0	1	鮫島克駿	54.0	ダ1400		良	**	1:24.8	-0.1	**	5-4	34.4-38.3	37.9	466(+6)			(メイショウタイゲイ)	800.0																																																																							
2020105950	2023-11-26	3京都8	晴	8.0	3歳以上2勝クラス		16.0	1.0	1.0	17.2	6.0	3	鮫島克駿	55.0	ダ1400		良	**	1:24.4	0.1	**	11-6	34.9-37.4	36.6	458(-8)			インヒズアイズ	290.0																																																																							
2020105950	2024-01-20	1京都6	曇	8.0	4歳以上2勝クラス		13.0	4.0	4.0	18.2	7.0	8	モリス	55.0	ダ1400		稍	**	1:24.1	1.0	**	5-4	34.4-36.9	37.5	460(+2)			フェルヴェンテ																																																																								
2020105950	2024-03-31	2阪神4	曇	7.0	4歳以上2勝クラス		16.0	8.0	15.0	5.9	3.0	3	Ｍ．デム	56.0	ダ1400		良	**	1:24.6	0.5	**	6-5	34.5-37.6	37.3	454(-6)			アウグスト	290.0																																																																							
2020105950	2024-04-14	2阪神8	晴	12.0	4歳以上2勝クラス		15.0	3.0	5.0	6.8	5.0	7	鮫島克駿	56.0	ダ1400		良	**	1:26.0	1.1	**	11-10	35.3-36.9	37.0	448(-6)			エイシンレジューム																																																																								
2020105950	2024-07-14	3小倉6	雨	10.0	西部日刊スポーツ杯(2勝クラス)		15.0	7.0	12.0	5.2	3.0	2	Ｍ．デム	56.0	ダ1700		不	**	1:43.6	0.3	**	4-4-6-6	29.5-36.8	36.8	468(+20)			ライジングラパス	629.4																																																																							
2020105950	2024-10-06	5京都2	晴	8.0	3歳以上2勝クラス		11.0	1.0	1.0	8.2	4.0	3	Ｍ．デム	56.0	ダ1400		良	**	1:23.8	0.7	**	6-4	34.7-36.3	36.2	476(+8)			キャプテンネキ	290.0																																																																							
2020105950	2024-11-03	6京都2	晴	8.0	3歳以上2勝クラス		9.0	6.0	6.0	2.5	1.0	5	Ｍ．デム	56.0	ダ1400		重	**	1:25.1	1.5	**	6-6	33.9-37.8	38.7	470(-6)			ローズバルサム	114.0																																																																							
2020105950	2025-02-01	1小倉3	雨	9.0	平尾台特別(2勝クラス)		16.0	6.0	11.0	5.8	3.0	1	菱田裕二	56.0	ダ1700		稍	**	1:45.1	-0.7	**	6-7-1-1	29.4-38.7	38.7	462(-8)			(タガノアレハンドラ)	1585.7																																																																							
2020105950	2025-04-06	3中山4	晴	10.0	アリエスS(3勝クラス)		16.0	1.0	2.0	22.8	8.0	11	菱田裕二	56.0	ダ1800		稍	**	1:53.7	1.8	**	4-4-4-4	36.0-37.8	39.4	466(+4)			マンマリアーレ																																																																								
2020105950	2025-06-28	2小倉1	晴	11.0	博多S(3勝クラス)		16.0	5.0	10.0	24.1	8.0	4	酒井学	56.0	ダ1700		良	**	1:45.1	0.9	**	3-3-2-3	29.5-37.3	38.0	472(+6)			サイモンザナドゥ	280.0																																																																							
2020105950	2025-08-23	4中京1	晴	11.0	伊賀S(3勝クラス)		16.0	2.0	4.0	18.7	8.0	6	団野大成	53.0	ダ1400		良	**	1:24.1	0.6	**	3-3	34.0-37.4	37.8	468(-4)			プロトポロス																																																																								
2020105950	2025-11-13	大井	曇	11.0	’25ローズベール賞(OP)(4上)		9.0	7.0	7.0	2.4	1.0	4	矢野貴之	54.0	ダ1600		稍	**	1:42.1	1.3	**	6-5-6-6	38.2-38.2	39.3	476(+8)			ジゼル	91.0																																																																							
2020105950	2025-12-30	大井	晴	10.0	東京シンデレラマイル(重賞)		16.0	4.0	7.0	43.0	9.0	14	和田譲治	55.0	ダ1600		稍	**	1:43.4	2.2	**	11-8-4-5	36.7-39.7	41.9	484(+8)			ホーリーグレイル																																																																								
2020105976	2023-05-07	1京都6	雨	3.0	3歳未勝利		11.0	1.0	1.0	50.5	9.0	6	和田翼	56.0	ダ1900		不	**	2:01.8	1.8	**	9-9-9-11	29.5-38.9	39.3	486(0)			アマートカヴァロ																																																																								
2020105976	2023-05-20	1京都9	晴	3.0	3歳未勝利		16.0	1.0	2.0	59.9	11.0	13	和田翼	56.0	ダ1900		重	**	2:06.5	3.1	**	7-7-7-7	30.9-39.2	41.4	488(+2)			ベストポイント																																																																								
2020105976	2023-08-19	3小倉3	晴	2.0	3歳未勝利		16.0	3.0	6.0	40.9	9.0	7	酒井学	56.0	ダ1700		良	**	1:46.9	1.1	**	11-11-7-6	29.8-38.6	39.0	486(-2)			オーバーザドリーム																																																																								
2020105976	2023-10-31	名古屋	晴	3.0	こうじ・ゆい永遠に生(C)		12.0	2.0	2.0	1.3	1.0	1	大畑雅章	56.0	ダ1500		良	**	1:38.6	-1.5	**	7-2-1		39.9	491(+5)			(ウィズアウト)	45.0																																																																							
2020105976	2023-11-15	名古屋	晴	12.0	乳岩川特別(C)		12.0	3.0	3.0	9.6	3.0	2	丸野勝虎	56.0	ダ1700		稍	**	1:51.3	0.4	**	5-5-6		39.2	491(0)			アカツキロットリー	20.3																																																																							
2020105976	2023-11-29	名古屋	晴	7.0	C16組		12.0	5.0	6.0	2.2	2.0	4	丸野勝虎	56.0	ダ1500		良	**	1:37.1	0.4	**	3-3-2		40.0	494(+3)			ロンスアンドロンス	6.8																																																																							
2020105976	2023-12-21	名古屋	晴	5.0	C15組		11.0	3.0	3.0	1.7	1.0	3	丸野勝虎	56.0	ダ1500		良	**	1:38.9	0.2	**	8-4-2		39.7	494(0)			シゲルノヴァ	9.0																																																																							
2020105976	2024-03-13	名古屋	晴	2.0	花鳥風月台湾(C)		12.0	7.0	10.0	1.5	1.0	3	大畑雅章	56.0	ダ1500		重	**	1:38.4	0.5	**	3-3-3		39.5	488(-6)			エイシンゼスト	9.0																																																																							
2020105976	2024-03-27	名古屋	晴	6.0	C13組		12.0	1.0	1.0	4.2	2.0	1	今井貴大	56.0	ダ1500		重	**	1:37.3	-0.3	**	5-3-2		39.6	486(-2)			(クリスプエアー)	45.0																																																																							
2020105976	2024-04-24	名古屋	雨	9.0	C7組		12.0	8.0	11.0	2.7	1.0	1	今井貴大	56.0	ダ1500		不	**	1:36.8	0.0	**	2-2-2		39.9	489(+3)			(ロジメリオール)	50.0																																																																							
2020105976	2024-12-23	名古屋	晴	6.0	C10組		11.0	2.0	2.0	10.1	6.0	6	村上弘樹	56.0	ダ1500		良	**	1:37.5	0.8	**	4-5-4		39.5	493(+4)			サウンドジャッカル																																																																								
2020105976	2025-03-01	1阪神1	晴	6.0	4歳以上1勝クラス		16.0	8.0	16.0	274.6	14.0	16	和田陽希	55.0	ダ1800		良	**	1:59.5	5.8	**	9-8-9-15	37.5-39.0	43.3	486(-7)			ポルポラジール																																																																								
2020105976	2025-04-06	2阪神4	晴	6.0	4歳以上1勝クラス		11.0	7.0	9.0	428.2	11.0	9	和田陽希	55.0	芝2000		良	**	2:01.6	1.7	**	9-8-10-9	35.0-35.6	36.3	486(0)			クリノアドバンス																																																																								
2020105976	2025-04-19	2阪神7	晴	7.0	4歳以上1勝クラス		10.0	2.0	2.0	249.8	9.0	10	和田陽希	55.0	芝2400		良	**	2:27.2	2.6	**	5-5-6-7	37.3-34.2	35.9	484(-2)			アクアヴァーナル																																																																								
2020106006	2022-09-18	5中京4		4.0	2歳新馬								松山弘平		ダ1400				1:29.4	3.7		4-4	34.6-38.6	41.9	468(0)					晴		13.0	7.0	10.0	8.9	3.0	12	54.0	良	**	**		ルーカスミノル																																																									
2020106006	2022-12-11	6阪神4		2.0	2歳未勝利								松山弘平		ダ1400				1:25.5	-0.8		2-1	34.9-38.1	38.0	490(+22)				520.0	晴		11.0	7.0	8.0	6.4	3.0	1	55.0	良	**	**		(ヘンリー)																																																									
2020106006	2023-01-21	1中京7		4.0	3歳1勝クラス								松山弘平		ダ1400				1:26.3	0.9		4-3	35.3-37.6	38.2	488(-2)					晴		9.0	4.0	4.0	3.5	2.0	7	56.0	良	**	**		ゼットリアン																																																									
2020106006	2023-02-11	1阪神1		6.0	3歳1勝クラス								坂井瑠星		ダ1400				1:24.9	0.2		1-1	35.2-37.4	37.6	486(-2)				200.0	晴		10.0	7.0	8.0	3.1	1.0	3	56.0	良	**	**		キョウエイゲイル																																																									
2020106006	2023-03-26	2阪神2		6.0	3歳1勝クラス								藤岡康太		ダ1200				1:10.5	0.2		2-2	34.1-36.2	36.2	474(-12)				310.0	雨		15.0	3.0	5.0	5.8	2.0	2	56.0	不	**	**		タカネノハナコサン																																																									
2020106006	2023-05-20	1京都9		6.0	3歳1勝クラス								藤岡康太		ダ1200				1:12.2	-1.5		1-1	34.9-37.3	37.3	468(-6)				780.0	晴		15.0	2.0	4.0	1.9	1.0	1	56.0	稍	**	**		(ノースディーバ)																																																									
2020106006	2023-07-02	2福島2		9.0	さくらんぼ特別(2勝クラス)								松若風馬		ダ1150				1:08.2	0.0		2-2	31.1-37.1	37.0	472(+4)				1584.3	晴		16.0	8.0	16.0	1.7	1.0	1	55.0	稍	**	**		(エコロアイ)																																																									
2020106006	2023-11-04	3京都1		10.0	貴船S(3勝クラス)								藤岡康太		ダ1200				1:11.2	0.4		2-2	35.4-35.4	35.6	500(+28)				280.0	曇		16.0	7.0	13.0	7.3	4.0	4	56.0	良	**	**		パラシュラーマ																																																									
2020106006	2023-12-09	5中山3		10.0	アクアラインS(3勝クラス)								田辺裕信		ダ1200				1:10.8	0.1		1-1	34.0-36.7	36.8	504(+4)				749.8	晴		16.0	2.0	4.0	3.1	2.0	2	56.0	良	**	**		オメガシンフォニー																																																									
2020106006	2024-01-21	1京都7		10.0	羅生門S(3勝クラス)								坂井瑠星		ダ1200				1:10.4	0.2		1-1	33.6-36.6	36.8	500(-4)				464.9	曇		16.0	7.0	13.0	1.8	1.0	3	58.0	重	**	**		ゼットレヨン																																																									
2020106006	2024-02-03	2京都3		9.0	橿原S(3勝クラス)								和田竜二		ダ1200				1:10.8	0.0		2-2	34.0-36.8	36.6	504(+4)				1877.1	晴		16.0	6.0	12.0	4.1	3.0	1	58.0	良	**	**		(ステラフィオーレ)																																																									
2020106006	2024-03-17	2中山8		10.0	千葉S(OP)								田辺裕信		ダ1200				1:11.7	0.5		3-5	34.4-36.8	37.0	502(-2)					晴		16.0	6.0	12.0	5.3	3.0	6	55.0	良	**	**		ケイアイロベージ																																																									
2020106006	2024-06-02	4京都2		11.0	松風月S(OP)								和田竜二		ダ1200				1:11.4	0.9		2-2	33.9-36.6	37.3	488(-14)					曇		16.0	3.0	6.0	8.8	5.0	8	55.0	稍	**	**		ジレトール																																																									
2020106006	2024-10-06	5京都2		10.0	藤森S(OP)								シュタル		ダ1200								34.7-36.6		計不					晴		14.0	6.0	12.0			取	57.0	良	**	**		クインズメリッサ																																																									
2020106006	2024-11-09	6京都3		10.0	室町S(OP)								幸英明		ダ1200				1:10.8	0.1		4-4	34.1-36.6	36.4	506(+18)				554.9	晴		16.0	4.0	8.0	17.1	8.0	3	55.0	良	**	**		イスラアネーロ																																																									
2020106006	2024-12-22	7京都8		11.0	りんくうS(OP)								菱田裕二		ダ1200				1:11.5	-0.3		8-8	34.8-36.7	36.0	504(-2)				2233.6	晴		16.0	6.0	11.0	7.9	4.0	1	57.0	良	**	**		(スターターン)																																																									
2020106006	2025-02-23	1京都8		11.0	大和S(OP)								田口貫太		ダ1200				1:11.2	-0.3		2-2	35.4-35.8	35.7	500(-4)				2234.3	曇		16.0	7.0	13.0	3.7	2.0	1	58.0	良	**	**		(ボナンザ)																																																									
2020106006	2025-04-26	2京都1		11.0	天王山S(OP)								坂井瑠星		ダ1200				1:10.7	-0.1		5-5	34.3-36.4	35.2	496(-4)				2230.8	晴		14.0	8.0	13.0	2.7	1.0	1	59.0	良	**	**		(インユアパレス)																																																									
2020106006	2025-06-14	1函館1		11.0	函館スプリントS(GIII)								丹内祐次		芝1200				1:07.0	0.4		8-9	32.5-34.1	33.6	492(-4)				1008.1	曇		16.0	3.0	5.0	46.3	10.0	3	57.0	良	**	**		カピリナ																																																									
2020106006	2025-10-09	大井		11.0	東京盃競走(JpnII)								坂井瑠星		ダ1200				1:11.5	0.8		5-5	33.8-36.9	37.0	505(+13)				400.0	曇		16.0	4.0	8.0	3.0	1.0	4	56.0	良	**	**		ヤマニンチェルキ																																																									
2020106006	2025-12-14	5中山4		11.0	カペラS(GIII)								丹内祐次		ダ1200				1:11.0	2.4		4-4	32.9-35.7	37.8	502(-3)					曇		16.0	1.0	1.0	15.4	7.0	15	57.0	稍	**	**		テーオーエルビス																																																									
2020106015	2022-07-02	2福島1		6.0	2歳新馬								戸崎圭太		ダ1150				1:10.0	0.0		1-1	32.7-37.3	37.3	468(0)				700.0															晴		12.0	7.0	9.0	2.3	1.0	1	54.0	良	**	**		(トモジャミ)																																											
2020106015	2022-08-28	3新潟6		11.0	新潟2歳S(GIII)								菅原明良		芝1600				1:36.2	0.3		1-1	36.6-33.7	34.0	468(0)				470.0															晴		11.0	5.0	5.0	68.2	10.0	4	54.0	良	**	**		キタウイング																																											
2020106015	2022-11-19	5東京5		6.0	2歳1勝クラス								菅原明良		芝1400				1:20.8	-0.1		4-4	34.3-34.7	33.6	472(+4)				750.0															晴		9.0	7.0	7.0	6.4	3.0	1	55.0	良	**	**		(ティニア)																																											
2020106015	2022-12-18	6阪神6		11.0	朝日フューチュリティ(GI)								吉田隼人		芝1600				1:34.3	0.4		5-5	34.1-36.1	36.0	478(+6)				700.0															晴		17.0	3.0	5.0	24.8	8.0	5	55.0	良	**	**		ドルチェモア																																											
2020106015	2023-03-18	2中京3		11.0	中スポ賞ファルコンS(GIII)								菅原明良		芝1400				1:23.5	0.9		7-7	34.8-35.9	36.1	480(+2)																			曇		14.0	4.0	5.0	5.2	3.0	7	56.0	重	**	**		タマモブラックタイ																																											
2020106015	2023-04-08	3中山5		11.0	ニュージーランドT(GII)								三浦皇成		芝1600				1:34.7	1.0		2-2-2	35.0-36.0	37.0	476(-4)																			曇		16.0	5.0	10.0	55.1	9.0	12	56.0	稍	**	**		エエヤン																																											
2020106015	2023-07-22	2福島7		10.0	郡山特別(2勝クラス)								三浦皇成		芝1200				1:09.4	0.3		4-4	33.9-35.2	35.1	468(-8)				230.0															晴		15.0	6.0	10.0	5.4	3.0	4	55.0	良	**	**		ブーケファロス																																											
2020106015	2023-08-12	3新潟1		10.0	新発田城特別(2勝クラス)								三浦皇成		芝1400				1:20.7	0.2		2-2	34.3-34.6	34.6	470(+2)				155.0															晴		18.0	8.0	16.0	7.0	3.0	5	55.0	良	**	**		インテグリフォリア																																											
2020106015	2023-10-08	4東京2		12.0	3歳以上2勝クラス								三浦皇成		ダ1400				1:24.9	-0.6		2-2	36.5-35.6	35.5	472(+2)				1140.0															小雨		16.0	7.0	13.0	5.9	4.0	1	56.0	良	**	**		(カイカノキセキ)																																											
2020106015	2023-11-25	5東京7		10.0	シャングリラS(3勝クラス)								三浦皇成		ダ1400				1:24.8	0.1		3-3	36.4-35.8	35.7	478(+6)				749.8															晴		16.0	7.0	14.0	2.4	1.0	2	57.0	良	**	**		シャンブル																																											
2020106015	2024-01-27	1東京1		9.0	銀蹄S(3勝クラス)								三浦皇成		ダ1400				1:24.8	0.0		3-3	35.3-37.0	36.7	482(+4)				750.6															晴		16.0	8.0	16.0	4.8	3.0	2	57.0	良	**	**		ハチメンロッピ																																											
2020106015	2024-04-21	2東京2		10.0	鎌倉S(3勝クラス)								三浦皇成		ダ1400				1:24.6	0.8		5-5	34.4-37.2	36.8	484(+2)				465.2															曇		15.0	2.0	2.0	2.8	1.0	3	58.0	良	**	**		コパノニコルソン																																											
2020106015	2024-05-12	2東京8		12.0	BSイレブン賞(3勝クラス)								ルメール		ダ1400				1:24.0	0.9		9-7	34.8-35.9	36.2	480(-4)				465.2															曇		16.0	5.0	9.0	6.0	4.0	3	58.0	良	**	**		サトノルフィアン																																											
2020106015	2024-06-02	3東京2		10.0	タイキシャトルC(3勝クラス)								ルメール		ダ1400				1:21.8	-0.2		16-16	34.2-36.0	34.1	480(0)				1875.0															小雨		16.0	1.0	1.0	6.1	3.0	1	58.0	重	**	**		(ムーヴ)																																											
2020106015	2024-10-06	4東京2		10.0	グリーンチャンネルC(L)								横山和生		ダ1600				1:35.1	0.9		13-12	34.2-36.4	36.3	482(+2)				240.0															曇		16.0	8.0	15.0	9.0	6.0	5	57.0	重	**	**		ショウナンライシン																																											
2020106015	2024-12-15	4中京6		11.0	コールドムーンS(OP)								浜中俊		ダ1400				1:25.1	2.2		8-8	34.5-36.6	37.9	482(0)																			晴		15.0	7.0	14.0	9.2	6.0	12	58.0	良	**	**		フリームファクシ																																											
2020106015	2025-03-23	2中山8		11.0	千葉S(OP)								田辺裕信		ダ1200				1:10.2	0.2		13-13	33.3-36.7	35.6	486(+4)				220.0															晴		16.0	7.0	14.0	33.8	10.0	5	56.0	良	**	**		ボナンザ																																											
2020106015	2025-05-24	2東京9		11.0	欅S(OP)								ルメール		ダ1400				1:24.5	1.3		13-13	35.0-35.9	35.7	486(0)																			曇		16.0	1.0	1.0	7.5	3.0	10	57.0	良	**	**		ビダーヤ																																											
2020106015	2025-09-14	4中山4		11.0	ラジオ日本賞(OP)								横山和生		ダ1200				1:10.7	0.8		16-15	33.8-36.1	34.7	484(-2)				554.8															曇		16.0	7.0	13.0	12.3	5.0	3	57.0	稍	**	**		ポッドベイダー																																											
2020106015	2025-10-26	4新潟4		11.0	ルミエールオータムD(L)								古川吉洋		芝1000				0:56.2	0.9		15	32.7-33.2	32.7	488(+4)																			雨		17.0	3.0	6.0	24.1	9.0	9	56.0	稍	**	**		イコサン																																											
2020106015	2026-01-18	1中山7		10.0	ジャニュアリーS(OP)								横山和生		ダ1200				1:11.1	0.5		16-16	33.3-37.3	36.0	498(+10)																																																													晴		16.0	4.0	7.0	10.4	4.0	6	57.0	良	**	**		モンドプリューム	202606010710
2020106051	2022-10-16	4阪神5		4.0	2歳新馬								鮫島良太		ダ1400				1:29.2	2.8		11-10	35.0-38.4	38.2	502(0)																																															晴		12.0	8.0	11.0	229.2	12.0	6	55.0	良	**	**		ダンテバローズ															
2020106051	2022-10-23	4東京7		1.0	2歳未勝利								武士沢友		ダ1600				1:39.4	1.0		10-9	36.0-38.2	37.7	500(-2)				210.0																																											晴		14.0	7.0	11.0	153.2	8.0	2	55.0	良	**	**		ブレイゼスト															
2020106051	2022-12-25	6阪神8		1.0	2歳未勝利								鮫島良太		ダ1800				1:56.7	0.2		8-7-7-5	39.1-38.7	37.8	504(+4)				210.0																																											晴		16.0	3.0	5.0	21.5	4.0	2	55.0	良	**	**		アルムエアフォルク															
2020106051	2023-01-07	1中京2		1.0	3歳未勝利								鮫島良太		ダ1800				1:55.7	0.0		12-12-11-10	38.3-38.7	37.7	500(-4)				220.0																																											晴		15.0	6.0	10.0	3.7	1.0	2	56.0	良	**	**		サンデーヒーロー															
2020106051	2023-01-21	1中京7		1.0	3歳未勝利								鮫島良太		ダ1900				2:03.7	1.5		5-5-4-4	30.8-37.7	38.8	498(-2)				220.0																																											晴		13.0	4.0	5.0	2.7	1.0	2	56.0	良	**	**		ソッコータルマカ															
2020106051	2023-05-21	1京都10		3.0	3歳未勝利								鮫島良太		ダ1800				1:56.3	1.5		6-6-6-4	36.6-39.6	40.3	492(-6)																																															晴		16.0	5.0	9.0	9.2	6.0	7	56.0	稍	**	**		ヒロノオオゾラ															
2020106051	2023-06-04	3阪神2		3.0	3歳未勝利								鮫島良太		ダ2000				2:06.8	0.3		7-7-6-6	36.1-39.4	38.8	488(-4)				140.0																																											晴		16.0	3.0	5.0	4.4	3.0	3	56.0	稍	**	**		ワンダーエッジ															
2020106051	2023-06-18	3阪神6		3.0	3歳未勝利								国分優作		ダ2000				2:07.5	0.0		8-7-4-3	35.5-39.1	38.7	488(0)				220.0																																											曇		16.0	6.0	12.0	3.4	2.0	2	56.0	良	**	**		サイモンザナドゥ															
2020106051	2023-07-08	3中京3		3.0	3歳未勝利								国分優作		ダ1800				1:55.1	0.5		14-14-9-10	36.7-39.0	38.8	492(+4)				140.0																																											曇		16.0	6.0	12.0	4.0	2.0	3	56.0	良	**	**		シゲルソロソロ															
2020106051	2023-08-05	2新潟3		2.0	3歳未勝利								国分優作		ダ1800				1:54.3	0.0		6-6-6-6	37.4-38.3	37.8	482(-10)				220.0																																											晴		15.0	4.0	7.0	5.0	2.0	2	56.0	良	**	**		コトブキヘスペラス															
2020106051	2023-09-03	3小倉8		6.0	3歳未勝利								国分優作		ダ1700				1:46.5	0.5		9-9-8-8	29.4-38.2	37.9	482(0)				83.0																																											晴		16.0	4.0	8.0	7.9	4.0	4	56.0	良	**	**		ヘヴンズタイム															
2020106051	2023-12-01	園田		7.0	C2一								吉村智洋		ダ1400				1:33.6	-0.1		6-6-3-1		40.5	496(+14)				70.0																																											晴		8.0	3.0	3.0	1.1	1.0	1	56.0	良	**	**		(チェスターコート)															
2020106051	2023-12-14	園田		8.0	C1二								吉村智洋		ダ1400				1:32.6	0.4		7-7-4-3		40.1	491(-5)				40.0																																											曇		10.0	6.0	6.0	2.1	1.0	2	56.0	稍	**	**		グッドハビッツ															
2020106051	2023-12-30	園田		10.0	C1一								吉村智洋		ダ1400				1:32.3	1.8		2-2-2-2		40.4	493(+2)				11.0																																											晴		12.0	7.0	10.0	4.2	2.0	5	56.0	良	**	**		クリニエールグラス															
2020106051	2024-01-18	姫路		12.0	オウバイ賞C1								鴨宮祥行		ダ1800				2:04.8	0.8		8-8-7-7		39.9	502(+9)																																															雨		12.0	6.0	8.0	5.9	4.0	6	56.0	稍	**	**		カレーパン															
2020106051	2024-05-30	園田		8.0	C2								下原理		ダ1870				2:13.8	6.6		2-2-8-9		49.0	492(-10)																																															曇		9.0	7.0	7.0	3.9	2.0	9	56.0	稍	**	**		エルナンデス															
2020106051	2024-06-12	園田		9.0	C2								鴨宮祥行		ダ1700				1:56.1	1.5		8-8-5-4		40.8	497(+5)				12.0																																											晴		12.0	5.0	6.0	42.3	8.0	4	56.0	良	**	**		ノエマ															
2020106051	2024-06-26	園田		9.0	マーちゃんのこと覚え(C2)								下原理		ダ1870				2:10.3	1.2		5-5-5-4		41.6	504(+7)				8.0																																											曇		11.0	2.0	2.0	12.6	5.0	5	56.0	稍	**	**		レッドマジック															
2020106051	2024-07-18	園田		3.0	C3一								下原理		ダ1400				1:33.9	-0.9		4-4-1-1		41.8	501(-3)				56.0																																											晴		10.0	7.0	7.0	2.2	1.0	1	56.0	良	**	**		(ミルトイグニス)															
2020106051	2024-08-02	園田		5.0	C2三								下原理		ダ1400				1:32.5	-0.8		5-5-1-1		39.6	502(+1)				70.0																																											晴		7.0	6.0	6.0	1.3	1.0	1	56.0	良	**	**		(ワンダーエトワール)															
2020106051	2024-08-21	園田		6.0	C2一								下原理		ダ1400				1:33.6	0.0		3-2-2-2		42.0	505(+3)				24.5																																											曇		10.0	2.0	2.0	2.0	1.0	2	57.0	稍	**	**		エイシンチェンバー															
2020106051	2024-09-06	園田		8.0	そのだ愛ランドよしも(C2)								下原理		ダ1400				1:32.9	0.3		5-5-5-5		40.8	509(+4)				24.5																																											晴		11.0	5.0	5.0	3.7	2.0	2	56.0	良	**	**		ヴィヴラガレット															
2020106051	2024-09-27	園田		12.0	デスマッチ・ドラゴン(C1)								下原理		ダ1400				1:31.7	0.4		7-6-5-5		39.1	510(+1)				38.5																																											晴		12.0	7.0	10.0	18.9	5.0	2	56.0	良	**	**		キクノルメイユール															
2020106051	2024-11-17	5東京6		6.0	3歳以上1勝クラス								丸田恭介		ダ2100				2:13.2	2.3		9-8-7-7	30.1-37.7	39.0	512(+2)																																															晴		16.0	2.0	3.0	72.4	13.0	11	58.0	良	**	**		マウンテンエース															
2020106051	2024-12-07	5中山3		8.0	3歳以上1勝クラス								小林脩斗		ダ1800				1:55.1	1.3		9-9-10-11	38.3-37.8	38.1	512(0)																																															晴		16.0	7.0	13.0	466.8	16.0	6	56.0	良	**	**		エッグスラット															
2020106051	2025-06-15	3東京4		8.0	3歳以上1勝クラス								小林脩斗		ダ1600				1:36.6	0.8		8-8	34.9-36.1	36.3	492(-20)																																															曇		16.0	7.0	14.0	173.9	15.0	8	58.0	重	**	**		グレイスザクラウン															
2020106051	2025-07-06	2福島4		8.0	3歳以上1勝クラス								小林脩斗		芝1800				1:49.1	0.4		8-9-9-8	35.1-37.0	36.0	482(-10)				120.0																																											晴		14.0	3.0	4.0	99.5	10.0	4	58.0	良	**	**		コスモアンソロジー															
2020106051	2025-08-31	3新潟4		9.0	瓢湖特別(1勝クラス)								小林脩斗		芝2200				2:14.4	0.8		7-7-7-5	35.6-35.5	35.9	480(-2)																																															晴		11.0	7.0	10.0	49.0	8.0	6	58.0	良	**	**		トリプルコーク															
2020106051	2025-09-20	4中山6		7.0	3歳以上1勝クラス								遠藤汰月		芝2000				2:02.2	1.7		16-16-17-16	35.9-35.0	35.1	488(+8)																																															曇		18.0	2.0	4.0	32.8	9.0	16	55.0	良	**	**		レイヤードレッド															
2020106051	2025-10-25	4新潟3		6.0	3歳以上1勝クラス								小林脩斗		芝1800				1:47.8	1.2		13-13	36.0-33.8	34.3	494(+6)																																															晴		15.0	5.0	8.0	99.6	14.0	9	58.0	良	**	**		コンフォルツァ															
2020106051	2025-11-08	3福島1		6.0	3歳以上1勝クラス								小林脩斗		芝1800				1:46.9	0.9		10-9-9-6	34.9-35.6	35.7	500(+6)																																															晴		16.0	8.0	15.0	94.7	14.0	7	58.0	良	**	**		バセリーナ															
2020106051	2025-12-11	船橋		9.0	フェイスフルブーツ特(B2B3)								張田昂		ダ1800				1:56.1	0.0		7-7-6-5	36.7-40.6	39.7	507(+7)				400.0																																											晴		14.0	5.0	8.0	33.0	9.0	1	57.0	良	**	**		(トレインザマインド)															
2020106051	2026-01-05	1中山2		9.0	初茜賞(2勝クラス)								小林脩斗		ダ1800				1:53.7	1.0		8-8-7-6	37.1-38.7	38.8	508(+1)				240.0																																											晴		12.0	7.0	10.0	120.7	10.0	4	58.0	稍	**	**		オーケーバーディー															
2020106062	2022-08-21	4小倉4		5.0	2歳新馬								富田暁		芝1200				1:08.5	0.2		1-1	33.4-34.9	35.1	472(0)				280.0															曇		8.0	4.0	4.0	21.8	6.0	2	54.0	重	**	**		メイショウヒュウガ																																											
2020106062	2022-09-19	5中京5		1.0	2歳未勝利								古川吉洋		ダ1200				1:12.4	0.3		3-4	35.0-37.1	37.1	466(-6)				210.0															曇		10.0	6.0	6.0	1.7	1.0	2	54.0	稍	**	**		マルカラピッド																																											
2020106062	2022-11-20	5阪神6		1.0	2歳未勝利								古川吉洋		ダ1400				1:26.0	0.2		3-3	35.6-37.3	37.2	488(+22)				210.0															曇		12.0	5.0	5.0	3.6	2.0	2	54.0	稍	**	**		ハンベルジャイト																																											
2020106062	2022-12-04	6阪神2		1.0	2歳未勝利								岩田望来		ダ1400				1:26.1	-0.6		2-1	35.2-38.5	38.3	488(0)				520.0															曇		13.0	7.0	10.0	1.2	1.0	1	54.0	稍	**	**		(アナベルヒマワリ)																																											
2020106062	2023-12-02	5阪神1		7.0	3歳以上1勝クラス								岩田望来		ダ1200								34.9-37.3		494(+6)																			晴		13.0	1.0	1.0	3.2	2.0	中	55.0	良	**	**		ラブリアージェ																																											
2020106062	2023-12-17	4中京6		3.0	3歳以上1勝クラス								西村淳也		ダ1400				1:24.9	-0.2		3-3	34.6-38.3	38.0	492(-2)				800.0															晴		16.0	7.0	13.0	5.7	3.0	1	55.0	稍	**	**		(キャンデセント)																																											
2020106062	2024-01-06	1京都1		8.0	4歳以上2勝クラス								西村淳也		ダ1200				1:11.9	-0.1		8-8	34.6-37.3	36.3	494(+2)				1140.0															曇		16.0	2.0	4.0	6.5	4.0	1	56.0	良	**	**		(ディアサクセサー)																																											
2020106062	2024-03-31	2阪神4		12.0	陽春S(3勝クラス)								西村淳也		ダ1200				1:12.0	0.4		8-6	35.2-36.4	36.2	500(+6)				464.8															曇		16.0	4.0	7.0	4.3	1.0	3	54.0	良	**	**		ナムラフランク																																											
2020106062	2024-04-28	3京都4		12.0	東大路S(3勝クラス)								岩田望来		ダ1200				1:11.8	0.5		4-4	35.2-36.1	36.2	494(-6)				184.0															晴		16.0	6.0	12.0	5.8	3.0	5	56.0	良	**	**		ステラフィオーレ																																											
2020106062	2024-08-17	3新潟3		10.0	上越S(3勝クラス)								津村明秀		ダ1200				1:11.2	-0.2		7-7	34.0-37.2	36.4	512(+18)				1872.9															晴		15.0	2.0	2.0	7.9	5.0	1	56.0	良	**	**		(エランティス)																																											
2020106062	2024-09-21	4中山6		11.0	ながつきS(OP)								津村明秀		ダ1200				1:11.0	0.4		10-11	33.8-36.8	36.0	504(-8)				889.2															曇		14.0	6.0	11.0	6.9	3.0	2	55.0	良	**	**		サンライズアムール																																											
2020106062	2024-10-19	5京都5		11.0	オータムリーフS(OP)								西村淳也		ダ1400				1:24.6	0.8		5-4	35.6-36.0	36.2	502(-2)				220.0															小雨		14.0	7.0	12.0	6.0	3.0	5	56.0	稍	**	**		ライツフォル																																											
2020106062	2025-01-19	1中山7		10.0	ジャニュアリーS(OP)								三浦皇成		ダ1200				1:10.8	0.6		5-4	33.3-36.9	36.9	516(+14)				220.0															曇		16.0	8.0	15.0	21.5	7.0	5	55.0	良	**	**		ジャスパーゴールド																																											
2020106062	2025-03-23	2中山8		11.0	千葉S(OP)								横山武史		ダ1200				1:10.3	0.3		5-5	33.3-36.7	36.5	506(-10)																			晴		16.0	1.0	1.0	24.3	9.0	6	54.0	良	**	**		ボナンザ																																											
2020106062	2025-04-20	3中山8		10.0	京葉S(L)								北村友一		ダ1200				1:11.5	0.4		5-5	34.7-36.4	35.9	500(-6)				240.0															曇		16.0	6.0	12.0	31.5	7.0	5	55.0	良	**	**		インビンシブルパパ																																											
2020106062	2025-05-04	1新潟2		11.0	越後S(OP)								斎藤新		ダ1200				1:11.7	0.7		10-8	33.6-37.4	37.3	498(-2)																			晴		15.0	6.0	10.0	5.2	3.0	8	56.0	稍	**	**		ブシン																																											
2020106062	2025-08-17	2新潟8		7.0	NST賞(OP)								石橋脩		ダ1200				1:10.9	0.4		9-9	33.6-36.9	36.6	512(+14)				330.0															晴		15.0	8.0	14.0	15.2	8.0	4	54.0	良	**	**		クロジシジョー																																											
2020106062	2025-10-04	3京都1		11.0	オパールS(L)								小沢大仁		芝1200				1:08.4	0.7		11-13	33.7-34.0	33.9	514(+2)																			曇		18.0	1.0	2.0	18.4	8.0	12	54.0	重	**	**		メイショウソラフネ																																											
2020106062	2026-01-18	1中山7		10.0	ジャニュアリーS(OP)								津村明秀		ダ1200				1:11.6	1.0		9-9	33.3-37.3	37.5	508(-6)																																																													晴		16.0	3.0	5.0	49.1	13.0	9	55.0	良	**	**		モンドプリューム	202606010710
2020106353	2022-07-02	2福島1		6.0	2歳新馬								原優介		ダ1150				1:10.6	0.6		2-2	32.7-37.3	37.9	418(0)				180.0																													晴		12.0	7.0	10.0	17.9	5.0	3	51.0	良	**	**		バグラダス																													
2020106353	2022-08-13	3新潟1		1.0	2歳未勝利								原優介		ダ1200				1:12.9	0.3		8-9	34.1-38.5	37.8	420(+2)				130.0																													晴		15.0	8.0	14.0	25.9	9.0	3	51.0	良	**	**		ペイシャフェリ																													
2020106353	2022-09-17	4中山3		1.0	2歳未勝利								原優介		ダ1200				1:11.9	0.5		2-1	34.3-37.1	37.4	412(-8)				210.0																													晴		14.0	8.0	13.0	9.1	3.0	2	51.0	良	**	**		トモジャミ																													
2020106353	2022-10-02	4中山9		1.0	2歳未勝利								原優介		ダ1200				1:12.7	0.0		1-1	33.5-39.2	39.2	418(+6)				130.0																													晴		16.0	1.0	2.0	2.8	1.0	3	51.0	良	**	**		ダンスインザリング																													
2020106353	2022-11-12	3福島3		1.0	2歳未勝利								原優介		ダ1150				1:11.6	2.1		11-10	31.6-37.9	38.4	418(0)																																	晴		16.0	5.0	9.0	1.5	1.0	10	52.0	良	**	**		エレガントムーン																													
2020106353	2023-02-25	2中山1		2.0	3歳未勝利								戸崎圭太		ダ1200				1:12.0	0.2		2-2	34.2-37.6	37.5	420(+2)				220.0																													晴		16.0	4.0	8.0	2.6	1.0	2	54.0	良	**	**		カイザーブリッツ																													
2020106353	2023-03-18	2中山7		1.0	3歳未勝利								戸崎圭太		ダ1200				1:12.5	0.7		5-4	34.5-37.3	37.5	422(+2)				55.0																													雨		15.0	2.0	3.0	1.6	1.0	5	54.0	重	**	**		リトルウインディー																													
2020106353	2023-04-09	3中山6		1.0	3歳未勝利								三浦皇成		ダ1200				1:11.7	-0.5		3-3	33.4-38.3	38.1	416(-6)				550.0																													晴		16.0	6.0	11.0	2.7	1.0	1	54.0	稍	**	**		(ハクサンオリヒメ)																													
2020106353	2023-09-09	4中山1		6.0	3歳以上1勝クラス								三浦皇成		ダ1200				1:11.5	1.6		6-10	33.7-36.2	36.9	424(+8)																																	曇		16.0	4.0	7.0	17.7	6.0	9	54.0	重	**	**		ルーラルハピネス																													
2020106353	2023-09-30	4中山8		8.0	3歳以上1勝クラス								原優介		ダ1200				1:11.6	1.4		3-2	33.8-36.4	37.6	426(+2)				200.0																													晴		16.0	6.0	12.0	8.0	4.0	3	53.0	良	**	**		サイモンギフト																													
2020106353	2023-10-14	4新潟1		12.0	3歳以上1勝クラス								原優介		ダ1200				1:12.1	1.9		4-3	34.0-36.2	37.4	430(+4)				120.0																													晴		15.0	2.0	2.0	10.7	5.0	4	54.0	良	**	**		シラキヌ																													
2020106353	2023-12-03	4中京2		2.0	3歳以上1勝クラス								横山武史		ダ1200				1:14.1	2.1		3-5	35.1-36.9	38.7	432(+2)																																	晴		16.0	6.0	12.0	13.2	4.0	15	55.0	良	**	**		マヴォロンテ																													
2020106353	2024-02-25	2中山2		8.0	4歳以上1勝クラス								三浦皇成		ダ1200				1:11.9	0.5		3-3	33.6-37.8	38.1	426(-6)				120.0																													小雨		16.0	6.0	12.0	17.9	6.0	4	56.0	稍	**	**		ハヤブサジェット																													
2020106353	2024-03-17	2中山8		7.0	4歳以上1勝クラス								三浦皇成		ダ1200				1:13.6	1.6		3-3	35.2-36.8	38.0	426(0)																																	晴		16.0	6.0	12.0	10.9	5.0	7	56.0	良	**	**		ナスノカンゲツ																													
2020106353	2024-05-19	1新潟8		7.0	4歳以上1勝クラス								小林美駒		ダ1200				1:12.5	1.3		15-15	34.6-36.6	35.4	420(-6)																																	晴		15.0	4.0	7.0	4.7	2.0	8	52.0	良	**	**		トーセンニック																													
2020106353	2024-06-08	1函館1		8.0	3歳以上1勝クラス								丹内祐次		ダ1000				0:58.9	0.3		5-5	34.5-35.9	35.9	416(-4)				320.0																													晴		11.0	7.0	8.0	16.4	6.0	2	56.0	良	**	**		パルプフィクション																													
2020106353	2024-09-22	4中山7		8.0	3歳以上1勝クラス								丹内祐次		ダ1200				1:11.6	-0.1		3-2	33.8-37.8	37.5	432(+16)				800.0																													曇		16.0	7.0	14.0	10.6	7.0	1	56.0	良	**	**		(キボウノホシ)																													
2020106353	2025-07-06	2福島4		9.0	さくらんぼ特別(2勝クラス)								原優介		ダ1150				1:09.5	1.8		3-3	31.2-36.5	38.0	432(0)																																	晴		16.0	6.0	12.0	53.3	11.0	9	56.0	良	**	**		ビバップ																													
2020106353	2025-09-07	4中山2		9.0	浦安特別(2勝クラス)								原優介		ダ1200				1:12.1	1.0		2-2	33.8-37.3	38.1	442(+10)																																	晴		16.0	1.0	2.0	70.3	11.0	6	56.0	良	**	**		モンドプリューム																													
2020106353	2025-12-13	5中山3		12.0	3歳以上2勝クラス								原優介		ダ1200				1:12.7	1.5		10-10	34.3-36.9	37.5	446(+4)																																	曇		13.0	6.0	8.0	25.8	6.0	11	56.0	良	**	**		シュヴァルボヌール																													
2020106353	2026-01-17	1中山6		8.0	4歳以上2勝クラス								原優介		ダ1200				1:12.6	0.8		15-15	33.8-38.0	36.5	442(-4)																																	晴		16.0	2.0	3.0	172.9	12.0	7	56.0	良				ゴールドハンマー																													
2020106399	2022-09-19	5中京5		5.0	2歳新馬								菱田裕二		芝1600				1:37.1	0.5		1-1-1	36.2-36.1	36.6	464(0)					曇		14.0	2.0	2.0	2.9	1.0	6	54.0	稍	**	**		オーシャントライブ																																																									
2020106399	2022-11-12	5阪神3		2.0	2歳未勝利								幸英明		ダ1400				1:26.5	2.0		3-2	35.4-36.4	38.2	466(+2)				52.0	晴		15.0	7.0	12.0	11.2	5.0	5	55.0	良	**	**		エンペラーワケア																																																									
2020106399	2022-12-03	6中京1		2.0	2歳未勝利								幸英明		ダ1400				1:26.8	0.0		2-2	36.3-37.9	37.8	468(+2)				520.0	晴		16.0	6.0	12.0	9.4	3.0	1	55.0	良	**	**		(マイネルフォーコン)																																																									
2020106399	2023-03-12	2中京2		10.0	昇竜S(OP)								幸英明		ダ1400				1:27.0	3.0		10-12	34.3-37.5	39.5	470(+2)					曇		16.0	3.0	6.0	111.4	13.0	14	56.0	良	**	**		グレートサンドシー																																																									
2020106399	2023-03-25	2阪神1		7.0	3歳1勝クラス								石川裕紀		芝1400				1:22.0	0.0		1-1	36.1-34.3	34.3	468(-2)				310.0	曇		10.0	2.0	2.0	30.2	8.0	2	56.0	稍	**	**		タガノシャーンス																																																									
2020106399	2023-04-29	1京都3		6.0	3歳1勝クラス								松若風馬		芝1400				1:21.6	0.8		2-2	34.9-34.1	34.8	468(0)				120.0	曇		9.0	6.0	6.0	7.8	4.0	4	56.0	良	**	**		アルーリングビュー																																																									
2020106399	2023-07-09	3中京4		9.0	タイランドC(1勝クラス)								石橋脩		芝1400				1:21.9	1.7		3-3	33.3-35.3	36.8	464(-4)					曇		18.0	4.0	7.0	19.1	6.0	11	55.0	稍	**	**		スズハローム																																																									
2020106399	2023-08-20	3小倉4		12.0	3歳以上1勝クラス								幸英明		ダ1700				1:50.1	5.3		9-9-8-12	28.7-38.1	42.6	462(-2)					晴		15.0	1.0	1.0	24.4	7.0	13	55.0	良	**	**		ドゥラリアル																																																									
2020106399	2023-11-05	3京都2		12.0	3歳以上1勝クラス								鮫島克駿		芝1400				1:21.8	0.8		11-10	35.2-34.3	34.2	478(+16)					晴		17.0	8.0	15.0	12.7	6.0	14	57.0	良	**	**		オードリーバローズ																																																									
2020106399	2023-12-03	5阪神2		7.0	3歳以上1勝クラス								国分優作		芝1800				1:46.5	0.5		1-1	35.5-34.6	35.1	486(+8)				80.0	晴		11.0	6.0	6.0	60.7	8.0	5	57.0	良	**	**		ゴートゥファースト																																																									
2020106399	2023-12-16	5阪神5		12.0	3歳以上1勝クラス								国分優作		芝1800				1:47.6	0.4		1-1	36.5-34.0	34.4	480(-6)				320.0	曇		10.0	7.0	9.0	16.8	5.0	2	57.0	稍	**	**		ワイドアラジン																																																									
2020106399	2024-02-03	2京都3		7.0	4歳以上1勝クラス								国分優作		芝2000				2:02.8	2.4		1-1-1-1	37.3-35.5	37.9	494(+14)					晴		11.0	6.0	7.0	14.7	5.0	10	57.0	良	**	**		ブリタニア																																																									
2020106399	2024-03-30	2阪神3		6.0	4歳以上1勝クラス								国分優作		芝1800								36.1-35.2		計不					晴		10.0	6.0	7.0			取	58.0	良	**	**		グランデサラス																																																									
2020106399	2024-04-20	3京都1		6.0	4歳以上1勝クラス								武豊		芝1800				1:46.2	0.8		4-3	33.9-36.0	34.7	488(-6)					曇		13.0	6.0	9.0	7.1	4.0	6	58.0	良	**	**		ナヴォーナ																																																									
2020106399	2024-06-16	1函館4		9.0	八雲特別(1勝クラス)								佐々木大		芝1800				1:48.9	0.8		4-4-7-6	35.6-34.9	35.2	482(-6)				55.5	雨		10.0	2.0	2.0	23.3	7.0	5	58.0	良	**	**		ジャスティンアース																																																									
2020106399	2024-06-30	1函館8		8.0	3歳以上1勝クラス								武豊		芝1800				1:51.1	2.3		8-8-6-6	36.4-35.4	37.1	490(+8)					曇		15.0	3.0	4.0	29.9	9.0	15	58.0	良	**	**		ガジュノリ																																																									
2020106399	2024-11-30	4中京1		7.0	3歳以上1勝クラス								高杉吏麒		ダ1800				1:54.4	-0.1		2-2-3-2	38.3-37.5	37.2	488(-2)				800.0	晴		12.0	7.0	10.0	8.5	5.0	1	56.0	良	**	**		(フリーマントル)																																																									
2020106399	2024-12-22	7京都8		9.0	クリスマスエルフ賞(2勝クラス)								高杉吏麒		ダ1800				1:58.4	4.6		2-3-7-10	37.2-38.6	41.9	490(+2)					晴		16.0	4.0	8.0	36.3	11.0	15	58.0	良	**	**		タンゴバイラリン																																																									
2020106399	2025-01-18	1中京6		9.0	濃尾特別(2勝クラス)								高杉吏麒		ダ1800				1:54.1	0.0		2-2-2-2	37.8-36.7	36.6	490(0)				630.6	晴		16.0	8.0	15.0	118.6	12.0	2	58.0	良	**	**		マーブルマウンテン																																																									
2020106399	2025-03-29	2中京5		9.0	矢作川特別(2勝クラス)								菱田裕二		ダ1800				1:53.5	0.6		1-1-1-1	38.0-39.1	39.7	492(+2)				155.0	晴		13.0	1.0	1.0	6.4	3.0	5	58.0	稍	**	**		ティンティンデオ																																																									
2020106399	2025-05-11	1新潟4		10.0	五泉特別(2勝クラス)								丹内祐次		ダ1800				1:55.5	1.8		2-2-2-2	36.2-39.9	41.6	484(-8)					曇		15.0	4.0	6.0	5.9	4.0	13	56.0	稍	**	**		プレイサーゴールド																																																									
2020106399	2025-05-31	2東京11		12.0	4歳以上2勝クラス								石川裕紀		ダ2100				2:11.0	2.2		2-2-2-2	29.6-37.1	39.0	478(-6)					小雨		15.0	8.0	15.0	34.3	9.0	14	58.0	不	**	**		ユアフラッシュ																																																									
2020106399	2025-08-24	4中京2		10.0	大府特別(2勝クラス)								高杉吏麒		ダ1800				1:54.3	1.4		5-7-7-7	37.3-38.9	39.1	480(+2)					晴		16.0	1.0	1.0	22.3	8.0	7	58.0	良	**	**		パカーラン																																																									
2020106399	2025-09-07	4阪神2		8.0	武田尾特別(2勝クラス)								高杉吏麒		芝1800				1:46.5	0.9		3-3	34.5-33.9	34.4	480(0)				155.0	晴		5.0	2.0	2.0	21.0	5.0	5	58.0	良	**	**		インヴォーグ																																																									
2020106399	2025-10-25	4新潟3		10.0	菅名岳特別(2勝クラス)								小林脩斗		ダ1800				1:54.3	3.6		3-5-13-15	35.9-36.7	39.0	484(+4)					曇		15.0	7.0	12.0	75.7	11.0	14	58.0	良	**	**		アスクシュタイン																																																									
2020106399	2025-12-13	5中京3		10.0	鳴海特別(2勝クラス)								藤懸貴志		ダ1800				1:55.1	1.8		2-2-2-1	37.7-37.0	38.8	490(+6)					曇		16.0	2.0	4.0	136.0	14.0	16	58.0	良	**	**		アラレタバシル																																																									
2020106413	2022-10-15	4東京4		3.0	2歳新馬								福永祐一		芝1600				1:36.4	0.1		3-3	36.8-34.0	33.8	434(0)				280.0	曇		18.0	5.0	9.0	2.0	1.0	2	55.0	良	**	**		リックスター																																																									
2020106413	2022-11-12	5東京3		2.0	2歳未勝利								福永祐一		芝1600				1:34.5	0.9		6-7	35.2-34.6	34.6	440(+6)				78.0	晴		12.0	2.0	2.0	2.2	1.0	4	55.0	良	**	**		ニシノライコウ																																																									
2020106413	2022-12-03	5中山1		3.0	2歳未勝利								レーン		芝1600				1:34.7	0.1		10-10-8	35.3-35.4	34.6	444(+4)				210.0	晴		15.0	8.0	15.0	3.5	1.0	2	55.0	良	**	**		エミュー																																																									
2020106413	2023-01-29	1東京2		5.0	3歳未勝利								川田将雅		芝1600				1:34.1	0.5		5-4	35.0-34.9	35.0	446(+2)				83.0	晴		16.0	1.0	2.0	5.2	3.0	4	56.0	良	**	**		サルヴァトーレ																																																									
2020106413	2023-02-25	2中山1		5.0	3歳未勝利								戸崎圭太		芝1600				1:35.2	0.5		6-6-5	34.5-36.3	36.3	442(-4)				83.0	曇		16.0	8.0	16.0	1.9	1.0	4	56.0	良	**	**		ルージュイストリア																																																									
2020106413	2023-03-26	3中山2		5.0	3歳未勝利								石川裕紀		芝1800				1:54.4	0.5		3-4-3-3	37.0-38.2	38.3	440(-2)				220.0	雨		16.0	6.0	12.0	4.3	2.0	2	56.0	不	**	**		コスモフリーゲン																																																									
2020106413	2023-04-15	3中山7		5.0	3歳未勝利								レーン		芝1600				1:36.4	-0.7		1-1-1	36.3-35.8	35.8	444(+4)				550.0	雨		16.0	4.0	7.0	2.2	1.0	1	56.0	稍	**	**		(ミヤビブレイブ)																																																									
2020106413	2023-07-22	2福島7		9.0	伊達特別(1勝クラス)								石川裕紀		芝1800				1:49.9	0.4		8-8-10-8	37.1-36.0	35.6	440(-4)					晴		14.0	5.0	7.0	5.7	4.0	7	55.0	良	**	**		フルール																																																									
2020106413	2023-09-24	4中山7		7.0	3歳以上1勝クラス								石川裕紀		芝1600				1:34.8	0.5		13-11-10	35.3-35.6	35.2	450(+10)				80.0	晴		16.0	3.0	5.0	12.9	5.0	5	56.0	良	**	**		コントラポスト																																																									
2020106413	2023-10-22	4新潟4		9.0	柏崎特別(1勝クラス)								横山琉人		芝1600				1:36.6	0.4		5-4	36.7-34.4	34.5	454(+4)					晴		14.0	6.0	10.0	18.8	8.0	6	56.0	稍	**	**		ウインエーデル																																																									
2020106413	2023-12-28	5中山9		7.0	3歳以上1勝クラス								ムルザバ		芝1800				1:48.2	0.6		4-4-2-1	35.7-36.2	36.6	448(-6)				120.0	晴		16.0	5.0	9.0	9.6	5.0	4	57.0	良	**	**		ランプシー																																																									
2020106413	2024-01-13	1小倉1		8.0	4歳以上1勝クラス								佐々木大		芝1800				1:46.7	-0.2		7-4-4-4	35.1-35.7	35.3	450(+2)				800.0	晴		16.0	8.0	16.0	10.7	6.0	1	56.0	良	**	**		(コスモエクスプレス)																																																									
2020106413	2024-03-23	3中山1		8.0	4歳以上2勝クラス								鮫島克駿		芝1800				1:49.6	0.6		5-5-5-4	38.3-34.7	34.9	466(+16)					小雨		11.0	7.0	9.0	9.1	5.0	6	58.0	良	**	**		マイネルニコラス																																																									
2020106413	2024-04-20	3京都1		12.0	4歳以上2勝クラス								藤岡佑介		芝1600				1:35.3	3.2		2-2	33.9-34.8	38.0	460(-6)					曇		10.0	8.0	9.0	7.7	4.0	10	58.0	良	**	**		サンクフィーユ																																																									
2020106413	2024-06-29	1函館7		10.0	北海ハンデキャップ(2勝クラス)								藤岡佑介		芝1800								35.5-35.1		462(+2)					晴		11.0	6.0	8.0			除	55.0	良	**	**		エラトー																																																									
2020106413	2024-07-27	1札幌3		10.0	摩周湖特別(2勝クラス)								岩田康誠		芝1500				1:28.0	0.3		11-11-8	30.2-34.8	33.8	462(+2)				394.5	曇		14.0	4.0	5.0	13.8	7.0	3	55.0	良	**	**		エマヌエーレ																																																									
2020106413	2024-08-10	2札幌1		10.0	日高特別(2勝クラス)								鮫島克駿		芝1500				1:28.8	0.8		11-10-10	29.5-35.0	35.0	466(+4)					晴		12.0	8.0	11.0	9.8	6.0	10	58.0	良	**	**		オーサムストローク																																																									
2020106413	2024-09-01	2中京8		9.0	有松特別(2勝クラス)								岩田康誠		芝1600				1:35.8	1.4		4-4-4	36.0-34.5	35.4	456(-10)					曇		8.0	3.0	3.0	26.0	7.0	8	58.0	重	**	**		フォーチュンタイム																																																									
2020106413	2024-12-01	7京都2		12.0	3歳以上2勝クラス								西村淳也		芝1400				1:21.5	0.6		8-9	36.1-33.9	33.6	456(0)					晴		12.0	3.0	3.0	30.8	8.0	6	58.0	良	**	**		ウルトラソニック																																																									
2020106413	2024-12-22	7京都8		12.0	ジングルベル賞(2勝クラス)								丹内祐次		芝1400				1:22.5	1.3		12-10	35.4-34.2	34.7	460(+4)					晴		17.0	2.0	3.0	59.1	13.0	17	55.0	良	**	**		ヤマニンアルリフラ																																																									
2020106413	2025-03-09	2中山4		8.0	4歳以上2勝クラス								佐々木大		芝1600				1:35.4	1.2		13-11-10	34.3-36.9	37.1	460(0)					晴		16.0	2.0	3.0	42.6	11.0	11	58.0	稍	**	**		レッドアトレーヴ																																																									
2020106413	2025-04-26	2東京1		9.0	石和特別(2勝クラス)								ディー		芝1800				1:46.7	0.9		3-5-3	36.4-34.0	34.6	472(+12)					曇		9.0	6.0	6.0	55.7	7.0	7	58.0	良	**	**		ブエナオンダ																																																									
2020106413	2025-05-25	2東京10		9.0	調布特別(2勝クラス)								菅原明良		芝1800				1:47.4	1.2		4-3-3	35.6-34.5	35.4	470(-2)				155.0	曇		9.0	2.0	2.0	24.0	6.0	5	54.0	良	**	**		コルレオニス																																																									
2020106413	2025-07-06	2福島4		10.0	白河特別(2勝クラス)								横山琉人		芝1800				1:51.5	3.3		1-1-1-1	35.2-37.0	40.3	458(-12)					晴		16.0	8.0	15.0	41.0	9.0	16	58.0	良	**	**		ニシノティアモ																																																									
2020106413	2025-08-31	2札幌4		10.0	HBC賞(2勝クラス)								鷲頭虎太		芝1200				1:10.9	1.3		13-14	34.5-35.1	35.4	464(+6)					曇		16.0	1.0	1.0	48.9	11.0	13	54.0	稍	**	**		ロードマイライフ																																																									
2020106413	2025-12-07	5中山2		8.0	3歳以上2勝クラス								舟山瑠泉		ダ1200				1:13.9	2.9		8-8	33.7-37.3	39.4	468(+4)					晴		16.0	4.0	7.0	116.0	12.0	15	55.0	良	**	**		アシャカトベ																																																									
2020106413	2025-12-21	5中山6		12.0	3歳以上2勝クラス								嶋田純次		芝1600				1:36.2	1.7		11-10-9	35.5-35.8	36.5	468(0)					雨		16.0	5.0	9.0	224.7	13.0	15	58.0	重	**	**		メタルスピード																																																									
2020106415	2022-08-06	2新潟3		5.0	2歳新馬								和田竜二		芝1800				1:49.3	1.2		7-8	35.5-34.9	35.2	442(0)				110.0	晴		11.0	8.0	10.0	12.3	5.0	4	54.0	良	**	**		フェイト																																																									
2020106415	2022-10-10	4東京3		3.0	2歳未勝利								杉原誠人		芝1800				1:47.8	0.0		6-6-6	36.5-34.6	33.9	446(+4)				210.0	曇		8.0	2.0	2.0	21.4	5.0	2	55.0	稍	**	**		シーズンリッチ																																																									
2020106415	2022-11-05	5東京1		4.0	2歳未勝利								松山弘平		芝1800				1:49.2	0.5		9-6-6	36.2-33.8	33.7	450(+4)				210.0	晴		11.0	3.0	3.0	3.5	2.0	2	55.0	良	**	**		シュタールヴィント																																																									
2020106415	2023-01-08	1中山3		5.0	3歳未勝利								横山武史		芝2200				2:15.3	0.0		10-9-7-5	36.1-36.3	35.7	460(+10)				550.0	晴		17.0	1.0	1.0	3.5	2.0	1	56.0	良	**	**		(ボールドステート)																																																									
2020106415	2023-02-05	1中京12		11.0	きさらぎ賞(GIII)								松山弘平		芝2000				2:00.5	0.8		4-4-3-4	36.2-34.3	34.7	460(0)				600.0	晴		8.0	5.0	5.0	17.8	4.0	4	56.0	良	**	**		フリームファクシ																																																									
2020106415	2023-03-18	1阪神11		11.0	若葉S(L)								浜中俊		芝2000				2:03.7	1.0		2-2-2-2	38.6-34.2	35.1	456(-4)					曇		8.0	7.0	7.0	36.5	7.0	8	56.0	稍	**	**		ショウナンバシット																																																									
2020106415	2023-04-15	3中山7		9.0	山藤賞(1勝クラス)								杉原誠人		芝2000				2:06.1	1.9		7-8-6-10	36.3-38.0	39.0	458(+2)					雨		12.0	7.0	10.0	15.5	8.0	8	56.0	重	**	**		スズカハービン																																																									
2020106415	2023-04-29	2東京3		11.0	テレビ東京杯青葉賞(GII)								津村明秀		芝2400				2:25.3	1.4		15-15-15-15	35.4-34.8	34.9	458(0)					晴		15.0	8.0	15.0	452.3	14.0	10	56.0	良	**	**		スキルヴィング																																																									
2020106415	2023-09-16	4中山3		12.0	3歳以上1勝クラス								横山武史		芝2000				2:00.9	0.6		9-9-3-3	35.6-35.7	36.0	472(+14)					晴		11.0	7.0	9.0	5.0	2.0	7	55.0	良	**	**		ソワドリヨン																																																									
2020106415	2023-10-01	4中山9		7.0	3歳以上1勝クラス								横山武史		芝2200				2:16.5	0.5		7-8-9-10	37.2-35.2	35.0	476(+4)					曇		15.0	4.0	7.0	16.0	6.0	8	55.0	良	**	**		ホウオウサンデー																																																									
2020106415	2023-10-28	4東京8		6.0	3歳以上1勝クラス								横山武史		ダ2100				2:14.4	1.9		10-11-11-12	31.9-37.2	38.1	480(+4)					晴		13.0	6.0	9.0	15.8	5.0	7	56.0	良	**	**		ビップスコーピオン																																																									
2020106415	2023-12-23	5中山7		9.0	ノエル賞(1勝クラス)								佐々木大		芝1600				1:35.6	0.2		8-8-7	35.8-34.5	34.1	482(+2)				284.8	晴		16.0	2.0	4.0	22.9	9.0	3	57.0	良	**	**		ウインレイアー																																																									
2020106415	2024-01-14	1中山5		12.0	4歳以上1勝クラス								ピーヒュ		芝1600				1:34.6	0.0		2-3-3	36.0-34.7	34.3	488(+6)				800.0	晴		16.0	2.0	4.0	18.8	7.0	1	57.0	良	**	**		(レッドシュヴェルト)																																																									
2020106415	2024-03-03	2中山4		8.0	4歳以上2勝クラス								小林勝太		芝1600				1:34.4	0.9		2-4-3	34.3-35.6	36.0	488(0)				114.0	晴		11.0	2.0	2.0	42.3	6.0	5	55.0	良	**	**		サイルーン																																																									
2020106415	2024-03-17	2中山8		8.0	4歳以上2勝クラス								戸崎圭太		芝1600				1:34.0	0.6		7-7-6	34.5-35.5	34.6	488(0)				170.0	晴		8.0	5.0	5.0	10.4	5.0	4	58.0	良	**	**		タシット																																																									
2020106415	2024-05-19	2東京10		8.0	調布特別(2勝クラス)								岩田望来		芝1800				1:47.9	1.0		4-4-5	37.3-34.0	34.6	482(-6)					曇		10.0	5.0	5.0	17.4	5.0	8	58.0	良	**	**		プッシュオン																																																									
2020106415	2024-06-08	3東京3		9.0	芦ノ湖特別(2勝クラス)								杉原誠人		芝1600				1:32.9	0.4		2-2	34.8-35.0	34.7	484(+2)				393.7	晴		12.0	7.0	10.0	69.3	9.0	3	55.0	良	**	**		トロヴァトーレ																																																									
2020106415	2024-10-06	4新潟2		10.0	寺泊特別(2勝クラス)								永島まな		芝1600				1:34.7	0.1		6-7	36.4-34.7	33.7	482(-2)				392.9	晴		8.0	8.0	8.0	7.9	4.0	3	58.0	良	**	**		エッセレンチ																																																									
2020106415	2024-10-27	4東京8		9.0	国立特別(2勝クラス)								ルメール		芝1600				1:34.0	0.5		9-9	35.8-33.7	33.0	486(+4)				155.0	曇		9.0	4.0	4.0	4.6	2.0	5	56.0	良	**	**		ミエスペランサ																																																									
2020106415	2024-12-08	5中山4		12.0	3歳以上2勝クラス								杉原誠人		芝1600				1:34.2	0.5		12-14-14	33.9-36.3	35.0	486(0)					晴		16.0	3.0	6.0	7.3	4.0	11	58.0	良	**	**		マルチャン																																																									
2020106415	2024-12-22	5中山8		10.0	オルフェーヴルC(2勝クラス)								杉原誠人		芝1600				1:34.3	0.9		15-15-16	34.6-35.6	34.9	486(0)					晴		16.0	1.0	1.0	50.7	11.0	13	58.0	良	**	**		ピックアチェリー																																																									
2020106415	2025-01-06	1中山2		10.0	初日の出賞(2勝クラス)								菅原明良		芝2000				2:01.8	1.7		5-6-5-11	35.9-36.0	37.0	494(+8)					曇		15.0	7.0	13.0	53.2	9.0	13	58.0	良	**	**		アスクナイスショー																																																									
2020106415	2025-03-22	2中山7		9.0	館山特別(2勝クラス)								田辺裕信		芝2000				2:00.2	0.7		1-1-1-2	34.5-36.0	36.7	492(-2)					晴		13.0	8.0	13.0	91.9	11.0	6	58.0	良	**	**		エセルフリーダ																																																									
2020106415	2025-04-13	3中山6		10.0	鹿野山特別(2勝クラス)								野中悠太		芝2000				2:02.4	0.6		1-1-1-2	37.4-34.8	35.4	486(-6)					雨		10.0	1.0	1.0	41.0	8.0	7	58.0	良	**	**		ルカランフィースト																																																									
2020106415	2025-07-06	2福島4		10.0	白河特別(2勝クラス)								田辺裕信		芝1800				1:49.8	1.6		2-2-2-2	35.2-37.0	37.4	482(-4)					晴		16.0	2.0	4.0	20.6	6.0	12	58.0	良	**	**		ニシノティアモ																																																									
2020106415	2025-08-30	3新潟3		10.0	赤倉特別(2勝クラス)								杉原誠人		芝1800				1:49.3	1.1		3-3	38.0-32.8	33.7	480(-2)					晴		13.0	3.0	3.0	108.2	12.0	9	54.0	良	**	**		アスクセクシーモア																																																									
2020106415	2025-09-21	4中山7		9.0	木更津特別(2勝クラス)								横山琉人		芝1600				1:32.4	0.4		2-2-2	34.2-35.4	35.2	484(+4)				393.0	曇		9.0	4.0	4.0	55.0	7.0	3	58.0	良	**	**		ヒシアマン																																																									
2020106415	2025-10-12	4東京4		9.0	鷹巣山特別(2勝クラス)								横山琉人		芝1600				1:32.9	0.9		4-4	34.5-34.5	34.5	488(+4)					曇		16.0	2.0	4.0	65.4	12.0	13	54.0	良	**	**		アイサンサン																																																									
2020106415	2025-12-13	5中山3		8.0	3歳以上2勝クラス								長浜鴻緒		ダ1800				1:55.4	1.1		8-9-11-11	37.5-38.5	38.5	490(+2)					曇		15.0	2.0	3.0	96.2	12.0	8	56.0	良	**	**		ミライヘノカギ																																																									
2020106415	2025-12-21	5中山6		12.0	3歳以上2勝クラス								横山琉人		芝1600				1:35.2	0.7		7-9-9	35.5-35.8	35.6	490(0)				114.0	雨		16.0	5.0	10.0	47.2	11.0	5	58.0	重	**	**		メタルスピード																																																									
2020106415	2026-01-10	1中山3		10.0	初凪賞(2勝クラス)								横山琉人		芝1600				1:34.5	0.7		4-7-6	35.4-34.7	34.6	494(+4)				158.0	晴		16.0	3.0	6.0	30.3	9.0	5	58.0	良	**	**		マテンロウブラボー																																																									
2020106475	2022-10-15	4東京4		3.0	2歳新馬								柴田大知		芝1600				1:36.7	0.4		12-11	36.8-34.0	33.4	464(0)				70.0																													曇		18.0	6.0	12.0	19.0	6.0	5	55.0	良	**	**		リックスター																													
2020106475	2022-11-05	5東京1		4.0	2歳未勝利								柴田大知		芝1800				1:49.5	0.8		8-6-6	36.2-33.8	34.1	468(+4)				130.0																													晴		11.0	8.0	11.0	9.3	4.0	3	55.0	良	**	**		シュタールヴィント																													
2020106475	2022-11-19	5東京5		2.0	2歳未勝利								Ｍ．デム		芝2000				2:01.5	1.2		13-14-11	35.8-34.2	34.5	468(0)																																	晴		14.0	6.0	10.0	19.9	5.0	8	55.0	良	**	**		スキルヴィング																													
2020106475	2023-04-30	2東京4		5.0	3歳未勝利								柴田大知		芝2000				2:00.4	0.0		1-2-2	36.5-35.1	34.5	466(-2)				550.0																													曇		13.0	5.0	6.0	7.5	5.0	1	56.0	良	**	**		(ベッピンサン)																													
2020106475	2023-05-14	2東京8		5.0	3歳1勝クラス								松岡正海		芝1800				1:48.3	0.9		10-10-10	35.9-33.3	33.4	468(+2)																																	曇		13.0	1.0	1.0	91.2	11.0	6	56.0	良	**	**		レーベンスティール																													
2020106475	2023-06-11	3東京4		8.0	3歳以上1勝クラス								柴田大知		芝2000				2:01.4	0.8		6-5-5	36.6-34.8	35.1	460(-8)																																	小雨		9.0	4.0	4.0	13.7	5.0	6	55.0	稍	**	**		マイネルビジョン																													
2020106475	2023-08-06	2新潟4		7.0	3歳以上1勝クラス								木幡巧也		芝2200				2:12.3	0.6		7-6-8-7	34.7-35.5	35.6	466(+6)				80.0																													晴		16.0	3.0	5.0	69.0	10.0	5	55.0	良	**	**		マコトヴェリーキー																													
2020106475	2023-09-02	3新潟7		9.0	瓢湖特別(1勝クラス)								木幡巧也		芝2200				2:14.3	0.0		8-8-8-9	35.3-36.1	35.4	462(-4)				1135.2																													曇		10.0	6.0	6.0	6.1	4.0	1	55.0	良	**	**		(サトノトルネード)																													
2020106475	2023-10-01	4中山9		10.0	茨城新聞杯(2勝クラス)								木幡巧也		芝2000								36.7-34.9		462(0)																																	曇		15.0	4.0	8.0			除	55.0	良	**	**		マイネルモーント																													
2020106475	2024-05-05	2東京6		8.0	4歳以上2勝クラス								木幡巧也		芝2000				2:00.6	0.6		4-5-6	37.5-34.5	34.4	488(+26)				170.0																													晴		10.0	4.0	4.0	90.3	9.0	4	58.0	良	**	**		ハギノアルデバラン																													
2020106475	2024-06-02	3東京2		9.0	ホンコンJCT(2勝クラス)								木幡巧也		芝2000				1:59.3	0.6		7-7-7	35.0-36.7	34.7	488(0)				155.0																													小雨		10.0	4.0	4.0	21.4	7.0	5	58.0	稍	**	**		グランドカリナン																													
2020106475	2024-06-23	3東京8		9.0	八ヶ岳特別(2勝クラス)								木幡巧也		芝1800				1:47.4	0.6		5-5-5	36.2-34.7	34.7	488(0)																																	曇		9.0	4.0	4.0	23.6	6.0	6	58.0	稍	**	**		ロジシルバー																													
2020106475	2024-07-20	2福島7		10.0	白河特別(2勝クラス)								木幡巧也		芝1800				1:48.4	0.4		7-6-8-8	36.1-35.5	35.2	484(-4)																																	晴		16.0	5.0	10.0	14.1	5.0	8	58.0	良	**	**		レガーロデルシエロ																													
2020106475	2024-08-31	3新潟7		10.0	赤倉特別(2勝クラス)								木幡巧也		芝2000				2:01.0	0.1		6-5	36.8-35.3	35.0	476(-8)				627.4																													曇		12.0	8.0	11.0	7.4	2.0	2	58.0	稍	**	**		コスモシャングリラ																													
2020106475	2024-09-16	4中山5		10.0	習志野特別(2勝クラス)								木幡巧也		芝2000				2:00.2	0.9		9-9-9-7	36.0-35.5	34.5	470(-6)				155.0																													曇		10.0	7.0	8.0	27.7	7.0	5	58.0	良	**	**		コスモブッドレア																													
2020106475	2024-10-19	4新潟5		10.0	村上特別(2勝クラス)								黛弘人		芝2000				2:03.5	1.3		14-12	36.2-35.9	36.2	480(+10)																																	雨		14.0	8.0	14.0	14.1	6.0	11	58.0	稍	**	**		ショーマンフリート																													
2020106475	2025-01-06	1中山2		10.0	初日の出賞(2勝クラス)								丹内祐次		芝2000				2:01.1	1.0		15-15-15-15	35.9-36.0	35.2	490(+10)																																	曇		15.0	4.0	7.0	66.2	10.0	9	58.0	良	**	**		アスクナイスショー																													
2020106475	2025-03-22	2中山7		9.0	館山特別(2勝クラス)								木幡巧也		芝2000				2:00.2	0.7		9-9-6-8	34.5-36.0	36.3	492(+2)				155.0																													晴		13.0	6.0	8.0	97.0	12.0	5	58.0	良	**	**		エセルフリーダ																													
2020106475	2025-04-13	3中山6		10.0	鹿野山特別(2勝クラス)								木幡巧也		芝2000				2:02.1	0.3		5-5-4-4	37.4-34.8	34.7	484(-8)				230.0																													雨		10.0	6.0	6.0	24.0	7.0	4	58.0	良	**	**		ルカランフィースト																													
2020106475	2025-05-11	2東京6		7.0	4歳以上2勝クラス								木幡巧也		芝2000				2:02.0	0.7		3-3-3	38.7-33.4	33.9	484(0)				290.0																													晴		5.0	4.0	4.0	8.3	3.0	3	58.0	良	**	**		シンハナーダ																													
2020106475	2025-06-08	3東京2		9.0	香港ジョッキーCT(2勝クラス)								木幡巧也		芝2000				2:02.4	1.0		9-8-7	37.2-34.1	34.4	476(-8)																																	晴		12.0	6.0	7.0	79.7	10.0	11	58.0	良	**	**		ウィクトルウェルス																													
2020106475	2025-08-17	2新潟8		8.0	阿賀野川特別(2勝クラス)								津村明秀		芝2200				2:15.2	0.9		7-8-8-8	35.8-35.9	35.2	490(+14)																																	晴		9.0	4.0	4.0	26.5	5.0	8	58.0	良	**	**		アマキヒ																													
2020106475	2025-08-30	3新潟3		10.0	赤倉特別(2勝クラス)								石川裕紀		芝1800				1:51.1	2.9		13-13	38.0-32.8	34.3	480(-10)																																	晴		13.0	6.0	9.0	73.4	11.0	13	54.0	良	**	**		アスクセクシーモア																													
2020106475	2025-09-28	4中山9		10.0	茨城新聞杯(2勝クラス)								丹内祐次		芝2000				1:59.2	0.4		6-6-6-5	35.6-35.1	34.4	484(+4)				155.0																													晴		13.0	4.0	5.0	198.2	13.0	5	58.0	良	**	**		ショウナンサムデイ																													
2020106475	2025-10-18	4東京6		8.0	3歳以上2勝クラス								矢野貴之		芝2000				2:01.1	1.3		7-7-7	37.5-34.3	34.3	488(+4)																																	晴		7.0	6.0	6.0	29.8	5.0	7	58.0	良	**	**		エラン																													
2020106475	2026-01-17	1京都6		9.0	稲荷特別(2勝クラス)								斎藤新		芝2000				2:01.4	0.4		5-5-5-4	36.0-34.5	34.5	488(0)				403.4																													晴		10.0	8.0	10.0	93.5	9.0	3	58.0	良				ジェットマグナム																													
2020106535	2023-04-16	1福島4		2.0	3歳未勝利								角田大和		芝2000				2:03.5	0.3		15-15-8-6	35.5-37.9	37.2	530(0)				55.0	曇		16.0	4.0	7.0	24.4	7.0	5	55.0	稍	**	**		フルール																																																									
2020106535	2023-05-07	1新潟4		5.0	3歳未勝利								角田大和		芝1800				1:52.8	0.1		8-8	36.0-37.7	37.1	516(-14)				220.0	雨		16.0	7.0	13.0	3.0	1.0	2	55.0	不	**	**		セイウンシリウス																																																									
2020106535	2023-05-28	1京都12		5.0	3歳未勝利								角田大和		芝2000				2:00.3	-0.2		3-3-3-3	36.5-33.8	33.6	514(-2)				550.0	晴		17.0	4.0	7.0	2.4	1.0	1	55.0	良	**	**		(ジュンフカリ)																																																									
2020106535	2023-10-01	4阪神9		7.0	3歳以上1勝クラス								角田大和		芝2000				2:00.5	0.0		5-4-3-2	36.5-34.9	34.6	522(+8)				800.0	曇		12.0	7.0	10.0	3.2	2.0	1	54.0	稍	**	**		(フラリオナ)																																																									
2020106535	2023-10-21	4新潟3		10.0	村上特別(2勝クラス)								角田大和		芝2000				2:02.1	0.0		8-7	37.7-35.6	34.8	516(-6)				1573.8	小雨		9.0	4.0	4.0	2.5	1.0	1	56.0	重	**	**		(ジャスティンヴェル)																																																									
2020106535	2024-01-08	1京都3		10.0	寿S(3勝クラス)								角田大和		芝2000				2:00.4	0.1		9-9-10-9	35.4-35.5	34.8	516(0)				463.9	晴		12.0	7.0	9.0	8.9	3.0	3	57.0	良	**	**		デビットバローズ																																																									
2020106535	2024-01-28	2京都2		10.0	八坂S(3勝クラス)								角田大和		芝2200				2:13.9	1.2		6-6-6-5	36.4-35.9	36.9	514(-2)					曇		12.0	7.0	10.0	5.8	3.0	10	57.0	良	**	**		サスツルギ																																																									
2020106535	2024-04-07	2阪神6		10.0	ダイワスカーレットC(3勝クラス)								藤岡佑介		芝2000				1:59.9	1.1		11-10-8-8	35.6-34.5	34.9	512(-2)					晴		16.0	5.0	9.0	10.7	4.0	13	57.0	良	**	**		エーデルブルーメ																																																									
2020106535	2024-06-29	3小倉1		11.0	博多S(3勝クラス)								松山弘平		芝1800				1:48.1	1.6		11-9-9-11	34.4-37.3	37.7	512(0)					曇		13.0	1.0	1.0	15.0	6.0	11	57.0	良	**	**		アルジーヌ																																																									
2020106535	2024-08-03	2新潟3		7.0	新潟日報賞(3勝クラス)								永島まな		芝1800				1:46.6	2.5		13-13	34.1-34.8	34.9	498(-14)					晴		16.0	4.0	8.0	113.3	13.0	15	58.0	良	**	**		シンティレーション																																																									
2020106535	2024-11-02	5東京1		10.0	ノベンバーS(3勝クラス)								Ｍ．デム		芝1800				1:46.3	1.2		5-2-3	34.9-35.9	36.7	512(+14)					小雨		10.0	8.0	9.0	15.5	6.0	8	56.0	稍	**	**		コントラポスト																																																									
2020106535	2024-11-24	5東京8		11.0	アーモンドアイC(3勝クラス)								戸崎圭太		芝2000				2:00.5	1.0		11-14-15	36.8-34.0	33.6	514(+2)					晴		15.0	6.0	11.0	118.3	12.0	6	58.0	良	**	**		タッチウッド																																																									
2020106535	2024-12-22	7京都8		10.0	サンタクロースS(3勝クラス)								Ｍ．デム		芝2000				2:01.1	0.2		4-3-3-6	37.8-34.1	34.1	516(+2)				748.6	晴		14.0	8.0	13.0	34.6	8.0	2	58.0	良	**	**		ホウオウプロサンゲ																																																									
2020106535	2025-01-06	1中京2		10.0	寿S(3勝クラス)								Ｍ．デム		芝2000				2:03.0	1.0		17-17-8-7	36.4-36.1	36.4	512(-4)				184.0	雨		18.0	4.0	8.0	18.4	8.0	5	58.0	稍	**	**		グランドカリナン																																																									
2020106535	2025-01-25	1中山8		11.0	初富士S(3勝クラス)								大野拓弥		芝2000				2:01.4	0.7		10-12-11-11	36.8-35.6	34.9	510(-2)					晴		17.0	6.0	12.0	11.1	4.0	10	56.0	良	**	**		コスモブッドレア																																																									
2020106535	2025-05-04	2東京4		9.0	府中S(3勝クラス)								荻野極		芝2000				1:58.1	0.4		1-2-2	36.3-34.4	34.7	512(+2)				464.0	晴		13.0	2.0	2.0	10.2	5.0	3	58.0	良	**	**		アスクカムオンモア																																																									
2020106535	2025-05-18	1新潟6		11.0	弥彦S(3勝クラス)								荻野極		芝1800				1:47.9	0.4		3-3	35.5-35.1	35.4	514(+2)					曇		16.0	8.0	16.0	12.5	6.0	7	58.0	良	**	**		ナムラエイハブ																																																									
2020106535	2025-10-25	4新潟3		11.0	魚沼S(3勝クラス)								鷲頭虎太		芝2000				1:59.8	1.6		6-8	36.1-33.4	34.4	520(+6)					曇		18.0	1.0	1.0	23.2	10.0	15	58.0	良	**	**		シンハナーダ																																																									
2020106535	2025-11-09	5東京2		10.0	イクイノックスM(3勝クラス)								菅原明良		芝2000				1:59.8	1.2		2-2-2	36.1-33.9	35.0	522(+2)					小雨		12.0	8.0	11.0	11.1	5.0	9	58.0	良	**	**		ウィクトルウェルス																																																									
2020106535	2025-11-30	5東京8		11.0	ウェルカムS(3勝クラス)								佐々木大		芝2000				1:58.6	1.0		6-6-10	35.6-34.4	34.6	518(-4)					晴		15.0	4.0	8.0	36.9	10.0	10	58.0	良	**	**		ヴィレム																																																									
2020106623	2022-06-18	1函館3		5.0	2歳新馬								藤岡佑介		芝1200				1:10.3	0.0		3-3	34.4-35.9	35.5	488(0)				700.0																													晴		10.0	7.0	7.0	3.0	2.0	1	54.0	良	**	**		(ブルジュドバイ)																													
2020106623	2022-07-16	1函館11		11.0	函館2歳S(GIII)								藤岡佑介		芝1200				1:12.2	0.4		7-6	34.5-37.3	37.1	486(-2)				470.0																													小雨		13.0	6.0	9.0	30.9	10.0	4	54.0	稍	**	**		ブトンドール																													
2020106623	2023-02-19	1阪神4		6.0	3歳1勝クラス								和田竜二		芝1400				1:23.6	0.6		7-7	35.8-35.0	35.0	498(+12)																																	小雨		11.0	2.0	2.0	12.7	7.0	8	54.0	稍	**	**		スカイロケット																													
2020106623	2023-03-18	2中山7		6.0	3歳1勝クラス								Ｍ．デム		芝1600				1:37.4	0.7		1-1-2	35.7-36.8	37.5	496(-2)				78.0																													雨		12.0	8.0	11.0	21.5	6.0	5	54.0	重	**	**		ロードディフィート																													
2020106623	2023-04-09	3中山6		7.0	3歳1勝クラス								Ｍ．デム		芝1200				1:09.6	0.9		4-4	33.3-35.4	35.9	494(-2)																																	晴		9.0	3.0	3.0	12.1	4.0	6	54.0	良	**	**		スピードオブライト																													
2020106623	2023-05-06	2東京5		7.0	3歳1勝クラス								Ｍ．デム		芝1400				1:21.8	1.2		5-6	34.4-34.9	35.4	490(-4)																																	晴		16.0	4.0	8.0	48.1	10.0	13	54.0	良	**	**		リサリサ																													
2020106623	2023-09-09	4中山1		12.0	3歳以上1勝クラス								Ｍ．デム		ダ1200				1:11.2	-0.1		1-1	34.3-36.9	36.9	488(-2)				800.0																													晴		16.0	1.0	1.0	9.3	5.0	1	54.0	重	**	**		(ゲキザル)																													
2020106623	2024-02-24	2中山1		12.0	4歳以上2勝クラス								石橋脩		ダ1200				1:11.7	1.0		14-15	33.5-37.2	36.8	500(+12)																																	晴		16.0	1.0	1.0	22.8	8.0	10	56.0	稍	**	**		エレガントムーン																													
2020106623	2024-03-17	1阪神8		12.0	4歳以上2勝クラス								松若風馬		ダ1400				1:25.4	1.5		4-4	34.0-38.0	38.7	484(-16)																																	雨		14.0	7.0	12.0	64.1	10.0	11	56.0	稍	**	**		カセノミオ																													
2020106623	2024-06-23	1函館6		10.0	HTB杯(2勝クラス)								丹内祐次		芝1200				1:08.8	0.3		3-4	33.9-34.6	34.6	498(+14)				155.0																													晴		13.0	6.0	8.0	10.3	7.0	5	53.0	良	**	**		トーセンサンダー																													
2020106623	2024-06-30	1函館8		10.0	立待岬特別(2勝クラス)								永野猛蔵		芝1200								34.1-34.7		計不																																	曇		15.0	3.0	5.0			取	56.0	良	**	**		オウバイトウリ																													
2020106623	2024-07-14	1函館12		12.0	湯の川温泉特別(2勝クラス)								丹内祐次		芝1200				1:10.0	0.3		5-5	34.3-35.4	35.3	498(0)																																	晴		12.0	3.0	3.0	12.0	5.0	7	56.0	良	**	**		ラウラーナ																													
2020106623	2024-08-04	1札幌6		10.0	札幌スポニチ賞(2勝クラス)								永野猛蔵		芝1200				1:09.6	0.3		6-6	34.2-35.1	34.7	498(0)																																	曇		16.0	4.0	7.0	59.7	15.0	6	56.0	稍	**	**		コナブラック																													
2020106623	2024-12-08	7京都4		8.0	3歳以上2勝クラス								戸崎圭太		ダ1200				1:13.1	0.9		15-14	34.7-37.5	36.4	510(+12)																																	曇		15.0	5.0	8.0	70.6	12.0	7	56.0	良	**	**		メイショウタイゲイ																													
2020106623	2024-12-21	5中山7		12.0	クリスマスC(2勝クラス)								菊沢一樹		芝1200				1:09.4	1.4		10-10	33.5-34.5	34.8	508(-2)																																	晴		16.0	3.0	5.0	92.4	12.0	15	56.0	良	**	**		ジューンブレア																													
2020106623	2025-02-16	1東京6		12.0	4歳以上2勝クラス								原優介		ダ1400				1:26.3	1.3		11-11	36.7-36.1	35.6	502(-6)																																	曇		15.0	8.0	14.0	59.7	10.0	8	55.0	良	**	**		カフェニクス																													
2020106623	2025-04-12	3中山5		12.0	4歳以上2勝クラス								原優介		ダ1200				1:11.9	1.0		14-14	34.4-36.5	36.2	500(-2)																																	晴		16.0	1.0	1.0	82.7	14.0	11	56.0	良	**	**		オーブルクール																													
2020106623	2025-04-27	2東京2		8.0	4歳以上2勝クラス								杉原誠人		芝1400				1:20.7	0.3		2-2	35.1-33.5	33.8	500(0)																																	晴		14.0	5.0	8.0	210.9	14.0	7	56.0	良	**	**		シンバーシア																													
2020106623	2025-06-15	1函館2		11.0	函館日刊スポーツ杯(2勝クラス)								岩田康誠		芝1200				1:07.8	0.3		9-8	33.2-34.3	33.5	504(+4)				628.4																													曇		14.0	2.0	2.0	14.8	5.0	2	56.0	良	**	**		ドゥアムール																													
2020106623	2025-06-21	1函館3		11.0	STV杯(2勝クラス)								岩田康誠		芝1200				1:09.0	0.1		4-5	34.2-34.7	34.4	504(0)				629.4																													曇		15.0	5.0	9.0	5.2	2.0	2	56.0	良	**	**		ゴールドサーベル																													
2020106623	2025-07-06	1函館8		9.0	立待岬特別(2勝クラス)								丹内祐次		芝1200				1:10.2	0.8		2-3	34.6-34.8	35.3	506(+2)																																	晴		11.0	3.0	3.0	18.2	6.0	10	56.0	稍	**	**		ルージュラナキラ																													
2020106623	2025-09-27	4中山8		10.0	勝浦特別(2勝クラス)								佐々木大		芝1200				1:08.5	0.9		14-14	33.8-33.8	33.5	510(+4)																																	晴		16.0	7.0	13.0	31.9	8.0	11	56.0	良	**	**		ソーダーンライト																													
2020106623	2025-12-27	5中山7		9.0	ベストウィッシュC(2勝クラス)								岩田康誠		芝1200				1:09.0	1.2		7-7	33.2-34.6	34.9	506(-4)																																	曇		16.0	1.0	1.0	16.7	5.0	11	56.0	良	**	**		アンビバレント																													
2020106623	2026-01-17	1京都6		12.0	4歳以上2勝クラス								岩田康誠		芝1600				1:35.8	2.3		8-8	35.2-34.5	36.1	496(-10)																																	晴		18.0	8.0	18.0	157.6	14.0	17	56.0	良				カズミクラーシュ																													
2020106635	2022-11-20	5阪神6		4.0	2歳新馬								幸英明		芝2000				2:04.6	2.4		8-8-8-8	36.9-34.0	35.7	494(0)				70.0																																											曇		9.0	4.0	4.0	39.4	7.0	5	55.0	稍	**	**		タッチウッド															
2020106635	2022-12-03	6中京1		4.0	2歳未勝利								幸英明		芝2000				2:02.3	1.3		15-14-14-12	35.6-36.8	36.8	490(-4)																																															晴		16.0	6.0	12.0	54.2	9.0	6	55.0	良	**	**		シェイクユアハート															
2020106635	2023-07-01	3中京1		4.0	3歳未勝利								田口貫太		芝2000				2:04.8	1.7		9-10-13-13	35.6-37.3	37.7	480(-10)																																															曇		17.0	5.0	9.0	19.1	8.0	7	53.0	重	**	**		ルクスビッグスター															
2020106635	2023-07-09	3中京4		2.0	3歳未勝利								永島まな		芝2200				2:16.5	2.3		11-10-11-13	34.9-35.7	36.8	476(-4)																																															曇		16.0	8.0	15.0	56.4	9.0	11	53.0	稍	**	**		ケイアイサンデラ															
2020106635	2023-07-30	1札幌4		3.0	3歳未勝利								小沢大仁		ダ1700				1:48.4	0.3		10-10-10-9	31.6-37.2	36.5	478(+2)				111.5																																											曇		14.0	1.0	1.0	7.4	3.0	3	55.0	良	**	**		クリノグローリー															
2020106635	2023-08-06	1札幌6		2.0	3歳未勝利								小沢大仁		ダ1700				1:45.8	-0.7		3-3-2-1	30.3-37.5	37.4	482(+4)				550.0																																											小雨		14.0	8.0	13.0	5.8	2.0	1	55.0	不	**	**		(ルーラーリッチ)															
2020106635	2023-08-20	2札幌4		12.0	3歳以上1勝クラス								小沢大仁		ダ1700				1:47.7	-0.3		3-3-3-2	31.8-37.6	37.4	490(+8)				800.0																																											曇		13.0	8.0	13.0	3.5	2.0	1	54.0	稍	**	**		(ミユキザストロング)															
2020106635	2023-12-24	5阪神8		9.0	クリスマスエルフ賞(2勝クラス)								小沢大仁		ダ1800				1:55.6	2.1		8-9-13-15	37.0-38.6	39.4	490(0)																																															晴		15.0	6.0	12.0	18.1	9.0	14	57.0	良	**	**		ダイシンピスケス															
2020106635	2024-01-08	1京都3		9.0	蹴上特別(2勝クラス)								小沢大仁		ダ1800				1:53.8	1.6		8-8-8-8	36.1-39.0	39.3	490(0)																																															晴		15.0	8.0	14.0	98.6	13.0	12	57.0	良	**	**		サンデーファンデー															
2020106635	2024-01-20	1小倉3		11.0	和布刈特別(2勝クラス)								小沢大仁		ダ1700				1:44.2	1.3		11-11-5-7	30.1-36.4	37.1	484(-6)																																															雨		13.0	6.0	8.0	39.0	10.0	6	57.0	稍	**	**		ゴッドブルービー															
2020106635	2024-02-10	2京都5		12.0	4歳以上2勝クラス								岡部誠		ダ1900				1:59.9	0.7		6-6-8-12	29.7-37.6	37.6	486(+2)				170.0																																											曇		14.0	7.0	11.0	39.2	9.0	4	57.0	良	**	**		エクセスリターン															
2020106635	2024-05-26	3京都12		9.0	與杼特別(2勝クラス)								和田竜二		ダ1900				2:00.3	0.7		4-4-3-2	29.5-37.5	38.0	492(+6)				230.0																																											晴		11.0	6.0	7.0	8.1	5.0	4	58.0	良	**	**		ペプチドソレイユ															
2020106635	2024-06-01	4京都1		10.0	若狭湾特別(2勝クラス)								田口貫太		ダ1800				1:53.5	-0.2		4-3-2-2	38.1-36.1	35.9	488(-4)				1572.4																																											晴		10.0	7.0	8.0	10.9	6.0	1	58.0	稍	**	**		(サンライズパスカル)															
2020106635	2024-06-30	3小倉2		10.0	薩摩S(3勝クラス)								田口貫太		ダ1700				1:42.7	0.1		14-14-4-3	29.1-37.3	37.1	490(+2)				750.0																																											曇		15.0	1.0	2.0	11.8	6.0	2	58.0	重	**	**		レリジールダモーレ															
2020106635	2024-07-13	3小倉5		11.0	宮崎S(3勝クラス)								田口貫太		ダ1700				1:44.3	0.8		10-10-12-11	29.6-37.2	36.6	490(0)																																															雨		15.0	1.0	1.0	2.9	1.0	8	57.0	良	**	**		クレスコジョケツ															
2020106635	2024-09-29	3中京9		10.0	白川郷S(3勝クラス)								田口貫太		ダ1800				1:52.4	0.6		8-9-11-11	37.5-36.7	36.3	498(+8)																																															曇		15.0	2.0	3.0	13.8	6.0	6	58.0	稍	**	**		ディープリボーン															
2020106635	2024-10-13	5京都4		10.0	アカイトリノムスメC(3勝クラス)								田口貫太		ダ1800				1:53.4	1.2		9-8-7-8	37.0-36.8	37.5	500(+2)																																															晴		13.0	2.0	2.0	10.8	5.0	10	57.0	良	**	**		ダンテバローズ															
2020106635	2024-10-26	5京都7		10.0	ハロウィンS(3勝クラス)								田口貫太		ダ1900				1:59.5	2.3		3-4-2-2	30.1-37.2	39.0	496(-4)				184.0																																											曇		9.0	6.0	6.0	6.8	3.0	5	58.0	良	**	**		シゲルショウグン															
2020106635	2024-11-10	6京都4		10.0	ラッキーライラックC(3勝クラス)								岩田康誠		ダ1800				1:51.8	0.6		13-14-14-12	35.4-37.6	36.6	494(-2)				280.0																																											曇		14.0	7.0	11.0	89.8	10.0	4	58.0	良	**	**		チュウワハート															
2020106635	2024-11-24	6京都8		9.0	花園S(3勝クラス)								岩田康誠		ダ1800				1:52.4	0.3		9-9-10-9	36.8-37.2	36.3	498(+4)				184.0																																											曇		13.0	7.0	10.0	5.8	2.0	5	57.0	良	**	**		フォーチュンテラー															
2020106635	2025-05-31	2京都11		10.0	桃山S(3勝クラス)								田口貫太		ダ1900				1:59.6	1.9		13-12-13-14	30.8-35.8	36.7	486(-12)																																															曇		16.0	1.0	1.0	57.2	12.0	15	57.0	良	**	**		ソーニーイシュー															
2020106635	2025-07-13	2福島6		10.0	天の川S(3勝クラス)								田辺裕信		ダ1700				1:46.2	0.4		12-12-10-8	29.3-38.1	37.6	486(0)				464.5																																											晴		15.0	4.0	7.0	18.3	7.0	3	58.0	良	**	**		ノーブルゲイル															
2020106635	2025-08-09	3中京5		7.0	三河S(3勝クラス)								小沢大仁		ダ1800				1:52.9	0.2		13-13-13-12	37.1-38.1	36.7	492(+6)																																															晴		16.0	2.0	4.0	40.3	11.0	6	58.0	良	**	**		ポッドロゴ															
2020106635	2026-01-12	1京都5		10.0	雅S(3勝クラス)								岩田康誠		ダ1800				1:53.1	1.4		13-13-12-10	36.5-36.6	36.8	510(+18)																																															晴		16.0	6.0	12.0	73.1	11.0	10	56.0	良	**	**		モックモック															
2020106677	2022-09-24	4中山6	曇	5.0	2歳新馬		16.0	5.0	9.0	21.8	5.0	6	田辺裕信	54.0	芝1600		不	**	1:36.8	0.1	**	14-13-12	36.4-36.4	34.1	426(0)			コウセイマリア																																																																								
2020106677	2022-11-13	5東京4	晴	2.0	2歳未勝利		12.0	6.0	7.0	4.8	3.0	3	戸崎圭太	55.0	芝1800		良	**	1:48.4	0.2	**	9-9-9	36.7-34.8	33.8	422(-4)			コレペティトール	130.0																																																																							
2020106677	2022-12-28	5中山9	晴	3.0	2歳未勝利		16.0	8.0	15.0	3.4	2.0	4	戸崎圭太	55.0	芝1600		良	**	1:36.7	0.7	**	13-13-10	36.3-35.4	35.2	430(+8)			ポリーフォリア	78.0																																																																							
2020106677	2023-02-12	2小倉2	晴	5.0	3歳未勝利		13.0	2.0	2.0	4.7	3.0	2	今村聖奈	53.0	芝2000		稍	**	2:02.1	0.3	**	10-11-12-9	35.7-36.5	35.4	432(+2)			ミッキーキャンバス	220.0																																																																							
2020106677	2023-02-25	2小倉5	曇	6.0	3歳未勝利		13.0	4.0	4.0	3.8	1.0	4	今村聖奈	53.0	芝2000		稍	**	2:03.7	0.6	**	12-10-10-10	35.8-37.1	36.7	436(+4)			スズカハービン	83.0																																																																							
2020106677	2023-04-08	3中山5	曇	5.0	3歳未勝利		18.0	2.0	4.0	3.2	2.0	3	横山武史	56.0	芝2000		稍	**	2:03.2	0.2	**	12-12-10-8	36.8-36.9	36.4	428(-8)			ハガネ	140.0																																																																							
2020106677	2023-05-14	2東京8	小雨	3.0	3歳未勝利		10.0	6.0	6.0	2.7	2.0	2	横山武史	56.0	芝2000		良	**	2:04.4	0.0	**	7-6-5	38.7-33.3	32.9	432(+4)			クラウドセイル	220.0																																																																							
2020106677	2023-06-03	3東京1	曇	4.0	3歳未勝利		16.0	1.0	2.0	4.2	3.0	1	石川裕紀	56.0	芝2000		不	**	2:04.4	-0.1	**	4-4-4	37.4-34.8	34.5	432(0)			(ウインルピナス)	550.0																																																																							
2020106677	2023-11-05	3福島2	曇	9.0	三春駒特別(1勝クラス)		14.0	4.0	6.0	4.3	2.0	12	丸山元気	56.0	芝2000		良	**	2:04.1	1.7	**	6-7-5-7	36.2-36.3	37.7	440(+8)			グランドゴールド																																																																								
2020106677	2023-11-25	5東京7	曇	7.0	3歳以上1勝クラス		16.0	8.0	15.0	13.4	7.0	14	石川裕紀	56.0	芝2400		良	**	2:27.4	1.1	**	15-16-15-15	38.0-34.7	34.2	442(+2)			アドマイヤサジー																																																																								
2020106677	2023-12-16	4中京5	曇	9.0	高山特別(1勝クラス)		18.0	3.0	5.0	9.9	3.0	4	団野大成	56.0	芝2200		稍	**	2:14.3	0.2	**	11-12-13-13	35.7-34.9	34.0	438(-4)			コスモフリーゲン	170.0																																																																							
2020106677	2024-02-03	1小倉7	小雨	7.0	4歳以上1勝クラス		15.0	8.0	14.0	3.7	1.0	3	北村友一	57.0	芝2600		良	**	2:42.2	0.5	**	3-6-4-2	37.0-37.0	37.1	442(+4)			ヴェルミセル	200.0																																																																							
2020106677	2024-02-25	2小倉6	晴	10.0	国東特別(1勝クラス)		9.0	6.0	6.0	3.5	2.0	2	北村友一	57.0	芝2000		稍	**	2:02.5	0.1	**	9-9-9-9	36.5-36.0	35.2	448(+6)			シャドウソニック	448.0																																																																							
2020106677	2024-03-23	1中京5	小雨	9.0	金山特別(1勝クラス)		8.0	6.0	6.0	2.9	2.0	2	吉田豊	58.0	芝2000		重	**	2:02.5	0.1	**	8-8-6-6	36.5-35.9	35.4	444(-4)			ワンダイレクト	445.8																																																																							
2020106677	2024-04-21	1福島6	晴	10.0	飯盛山特別(1勝クラス)		10.0	4.0	4.0	2.6	1.0	3	丹内祐次	58.0	芝2000		良	**	1:59.1	0.2	**	10-10-10-9	35.6-35.8	34.8	444(0)			グランドゴールド	284.7																																																																							
2020106677	2024-10-27	4新潟8	晴	9.0	湯沢特別(1勝クラス)		16.0	1.0	2.0	6.7	3.0	3	丹内祐次	58.0	芝2000		良	**	1:59.8	0.4	**	13-13	35.7-34.7	34.1	446(+2)			クロシェットノエル	286.8																																																																							
2020106677	2024-11-17	3福島6	晴	9.0	磐梯山特別(1勝クラス)		15.0	6.0	10.0	2.9	1.0	1	丹内祐次	58.0	芝2600		良	**	2:42.0	-0.1	**	9-9-7-6	37.0-36.7	36.1	446(0)			(ビッグベルーガ)	1147.8																																																																							
2020106677	2024-12-22	5中山8	晴	9.0	グッドラックH(2勝クラス)		16.0	3.0	6.0	14.2	6.0	5	マーカン	55.0	芝2500		良	**	2:33.6	1.4	**	12-13-13-12	30.6-36.4	36.2	456(+10)			スティンガーグラス	155.0																																																																							
2020106677	2025-01-26	1小倉2	晴	10.0	海の中道特別(2勝クラス)		16.0	3.0	5.0	10.2	5.0	7	長岡禎仁	58.0	芝2600		良	**	2:40.2	0.5	**	15-16-12-12	37.0-35.7	35.0	452(-4)			グランアルティスタ																																																																								
2020106677	2025-02-15	1東京5	晴	9.0	箱根特別(2勝クラス)		11.0	8.0	11.0	40.3	6.0	5	横山武史	55.0	芝2400		良	**	2:25.8	0.8	**	9-9-10-8	37.3-34.3	34.6	458(+6)			シャイニングソード	155.0																																																																							
2020106677	2025-04-06	3中山4	小雨	9.0	安房特別(2勝クラス)		12.0	7.0	10.0	8.1	4.0	5	吉田豊	55.0	芝2500		良	**	2:33.7	1.2	**	12-12-9-6	30.5-35.1	35.6	454(-4)			レッドテリオス	155.0																																																																							
2020106677	2025-04-20	3中山8	曇	8.0	利根川特別(2勝クラス)		16.0	2.0	4.0	47.2	7.0	9	岩田望来	58.0	ダ1800		良	**	1:55.4	1.5	**	12-14-14-14	37.2-38.1	38.3	458(+4)			ソレルビュレット																																																																								
2020106677	2025-06-15	1函館2	曇	10.0	津軽海峡特別(2勝クラス)		14.0	3.0	3.0	22.5	10.0	2	古川吉洋	55.0	ダ1700		良	**	1:45.5	0.1	**	14-14-4-2	30.2-37.7	37.1	454(-4)			タマモプルメリア	629.4																																																																							
2020106677	2025-07-05	1函館7	晴	10.0	竜飛崎特別(2勝クラス)		14.0	6.0	9.0	36.4	8.0	8	古川吉洋	58.0	ダ1700		重	**	1:43.9	1.1	**	13-13-12-10	29.3-37.3	37.0	456(+2)			ドバイブルース																																																																								
2020106677	2025-08-09	1札幌5	晴	10.0	藻岩山特別(2勝クラス)		11.0	8.0	11.0	13.1	5.0	3	ルメール	58.0	芝2000		稍	**	2:03.6	0.5	**	8-8-7-4	38.3-34.7	34.5	452(-4)			サクラファレル	393.6																																																																							
2020106680	2022-06-18	3東京5	曇	5.0	2歳新馬		16.0	3.0	6.0	4.2	2.0	6	レーン	54.0	芝1400		良	**	1:23.5	1.4	**	13-13	36.2-34.2	34.3	440(0)			ウンブライル																																																																								
2020106680	2022-08-06	2新潟3	晴	1.0	2歳未勝利		9.0	5.0	5.0	3.1	2.0	3	福永祐一	54.0	芝2000		良	**	2:02.2	0.6	**	7-7-8-8	36.5-35.5	35.0	438(-2)			サイブレーカー	130.0																																																																							
2020106680	2023-01-14	1小倉1	曇	6.0	3歳未勝利		13.0	2.0	2.0	6.0	5.0	5	団野大成	56.0	芝2000		重	**	2:02.4	0.5	**	11-10-11-9	35.9-36.4	36.0	464(+26)			エールミネルヴァ	55.0																																																																							
2020106680	2023-02-04	1小倉7	曇	6.0	3歳未勝利		9.0	4.0	4.0	2.8	2.0	1	福永祐一	56.0	芝2000		良	**	2:01.2	-0.2	**	2-2-4-4	36.2-35.3	35.0	464(0)			(リリーバローズ)	550.0																																																																							
2020106680	2023-04-08	1福島1	曇	9.0	ひめさゆり賞(1勝クラス)		10.0	3.0	3.0	5.6	3.0	4	丸山元気	56.0	芝2000		良	**	2:01.2	0.2	**	8-8-3-5	34.6-36.6	36.5	450(-14)			ソレイユヴィータ	160.0																																																																							
2020106680	2023-05-13	1京都7	曇	9.0	あずさ賞(1勝クラス)		12.0	3.0	3.0	11.6	5.0	7	武豊	56.0	芝2000		良	**	2:00.7	0.8	**	5-5-4-5	36.0-33.7	34.1	452(+2)			リミットバスター																																																																								
2020106680	2023-06-03	3阪神1	晴	7.0	3歳以上1勝クラス		9.0	8.0	10.0	20.8	6.0	4	武豊	55.0	芝1600		稍	**	1:33.3	0.4	**	9-8	34.8-34.7	33.6	456(+4)			フルメタルボディー	120.0																																																																							
2020106680	2023-06-25	3阪神8	曇	8.0	城崎特別(1勝クラス)		10.0	8.0	10.0	9.3	5.0	3	ルメール	55.0	芝1800		良	**	1:46.7	0.6	**	6-6	35.3-34.5	34.6	456(0)			ショウナンアレクサ	283.4																																																																							
2020106680	2024-01-20	1小倉3	雨	10.0	戸畑特別(1勝クラス)		17.0	1.0	2.0	9.0	5.0	15	幸英明	57.0	芝2000		稍	**	2:04.6	3.0	**	3-3-6-11	36.0-35.9	38.6	478(+22)			シランケド																																																																								
2020106680	2024-02-11	2京都6	曇	8.0	4歳以上1勝クラス		11.0	8.0	10.0	6.6	2.0	5	岩田康誠	58.0	芝1600		良	**	1:34.5	0.4	**	8-8	34.5-36.3	35.6	476(-2)			エンタングルメント	80.0																																																																							
2020106680	2024-03-10	1阪神6	晴	7.0	4歳以上1勝クラス		10.0	1.0	1.0	9.8	5.0	7	松山弘平	58.0	芝1600		良	**	1:35.4	0.8	**	7-7	36.5-33.9	34.0	472(-4)			サトノスカイターフ																																																																								
2020106680	2024-03-23	1中京5	小雨	9.0	金山特別(1勝クラス)		8.0	4.0	4.0	14.1	5.0	4	団野大成	58.0	芝2000		重	**	2:03.0	0.6	**	7-5-6-6	36.5-35.9	35.8	474(+2)			ワンダイレクト	170.0																																																																							
2020106680	2024-07-14	3小倉6	雨	9.0	青島特別(1勝クラス)		10.0	5.0	5.0	16.4	5.0	2	団野大成	58.0	芝1800		不	**	1:50.0	0.2	**	5-5-6-7	37.1-36.1	35.7	470(-4)			ハイディージェン	447.2																																																																							
2020106680	2024-08-17	2中京3	晴	9.0	御在所特別(1勝クラス)		9.0	8.0	8.0	7.6	4.0	3	団野大成	58.0	芝2000		良	**	1:59.7	0.8	**	6-6-5-5	35.9-34.2	34.6	472(+2)			フレミングフープ	283.3																																																																							
2020106680	2024-08-31	2中京7	雨	9.0	香嵐渓特別(1勝クラス)		9.0	6.0	6.0	3.1	2.0	2	団野大成	58.0	芝2000		不	**	2:06.0	0.3	**	7-6-6-6	37.5-36.6	36.4	474(+2)			クレオメデス	447.2																																																																							
2020106680	2025-04-06	2阪神4	晴	6.0	4歳以上1勝クラス		11.0	4.0	4.0	4.4	2.0	3	モレイラ	58.0	芝2000		良	**	2:00.1	0.2	**	6-6-6-5	35.0-35.6	35.3	462(-12)			クリノアドバンス	200.0																																																																							
2020106680	2025-05-10	2京都5	曇	7.0	4歳以上1勝クラス		11.0	7.0	8.0	4.3	4.0	6	松山弘平	58.0	芝2000		稍	**	2:02.7	1.1	**	4-5-5-5	35.9-34.8	35.3	462(0)			レディーヴァリュー																																																																								
2020106680	2025-06-01	2京都12	晴	7.0	4歳以上1勝クラス		12.0	6.0	7.0	6.2	3.0	中	団野大成	58.0	芝2000		良	**			**	9-10-3-12	35.8-36.2		464(+2)			ヴィスマール																																																																								
2020106687	2022-08-07	2新潟4	晴	6.0	2歳新馬		15.0	7.0	12.0	17.0	6.0	13	三浦皇成	54.0	ダ1800		良	**	1:59.8	4.9	**	2-2-3-6	37.0-38.7	43.3	484(0)			ミトノオー																																																																								
2020106687	2023-04-23	2東京2	曇	2.0	3歳未勝利		16.0	1.0	1.0	21.6	7.0	13	石橋脩	56.0	ダ1600		良	**	1:42.7	2.1	**	13-12	37.0-37.4	38.0	492(+8)			オーサムデアラー																																																																								
2020106687	2023-05-13	2東京7	雨	3.0	3歳未勝利		16.0	2.0	4.0	6.6	4.0	1	三浦皇成	56.0	ダ1300		稍	**	1:18.8	-0.7	**	14-11	29.3-36.8	35.9	484(-8)			(トレジャートレイル)	550.0																																																																							
2020106687	2023-06-10	3東京3	曇	12.0	3歳以上1勝クラス		16.0	5.0	9.0	5.6	3.0	6	三浦皇成	55.0	ダ1400		稍	**	1:24.3	0.8	**	9-9	35.4-36.2	35.9	482(-2)			ギョウネン																																																																								
2020106687	2023-09-30	4中山8	晴	8.0	3歳以上1勝クラス		16.0	3.0	5.0	18.0	5.0	13	宮崎北斗	56.0	ダ1200		良	**	1:12.6	2.4	**	15-15	33.8-36.4	36.8	502(+20)			サイモンギフト																																																																								
2020106687	2023-10-15	4東京5	小雨	6.0	3歳以上1勝クラス		16.0	6.0	12.0	21.8	7.0	1	宮崎北斗	57.0	ダ1300		不	**	1:17.9	0.0	**	10-10	29.3-36.4	35.5	500(-2)			(ビートエモーション)	800.0																																																																							
2020106687	2023-11-12	5東京4	曇	7.0	3歳以上2勝クラス		16.0	5.0	9.0	32.1	9.0	9	宮崎北斗	57.0	ダ1300		良	**	1:19.2	1.9	**	10-10	29.5-36.1	36.3	506(+6)			シアージスト																																																																								
2020106687	2024-11-16	5東京5	曇	8.0	3歳以上2勝クラス		16.0	8.0	15.0	67.0	10.0	4	宮崎北斗	58.0	ダ1400		良	**	1:25.6	0.8	**	7-8	35.4-36.9	36.8	504(-2)			ビートエモーション	170.0																																																																							
2020106687	2024-12-01	4中京2	晴	10.0	クロフネC(2勝クラス)		16.0	5.0	10.0	75.1	12.0	13	宮崎北斗	58.0	ダ1200		良	**	1:12.4	1.5	**	9-9	34.5-36.4	37.1	506(+2)			ライジン																																																																								
2020106687	2025-02-02	1東京2	小雨	8.0	4歳以上2勝クラス		16.0	5.0	9.0	53.9	10.0	16	宮崎北斗	58.0	ダ1400		稍	**	1:26.9	3.0	**	8-7	35.5-36.3	38.6	518(+12)			アッチャゴーラ																																																																								
2020106687	2025-02-16	1東京6	曇	12.0	4歳以上2勝クラス		15.0	7.0	13.0	60.8	11.0	4	宮崎北斗	58.0	ダ1400		良	**	1:25.9	0.9	**	7-7	36.7-36.1	36.0	516(-2)			カフェニクス	170.0																																																																							
2020106687	2025-03-16	2中山6	小雨	12.0	4歳以上2勝クラス		16.0	4.0	8.0	49.4	9.0	4	宮崎北斗	58.0	ダ1200		不	**	1:11.1	0.2	**	11-13	33.1-37.8	37.0	512(-4)			ショウナンアビアス	170.0																																																																							
2020106687	2025-04-06	3中山4	晴	12.0	4歳以上2勝クラス		15.0	6.0	11.0	10.9	4.0	9	宮崎北斗	58.0	ダ1200		稍	**	1:12.9	1.4	**	5-6	35.7-35.8	36.7	516(+4)			ネイト																																																																								
2020106687	2025-05-17	2東京7	曇	10.0	立川特別(2勝クラス)		12.0	8.0	12.0	35.6	9.0	10	宮崎北斗	58.0	ダ1400		不	**	1:25.1	2.1	**	9-9	34.4-36.7	37.6	504(-12)			アンジュフィールド																																																																								
2020106687	2025-08-09	2新潟5	晴	10.0	3歳以上2勝クラス		15.0	2.0	2.0	157.4	14.0	15	宮崎北斗	58.0	ダ1200		良	**	1:13.9	3.5	**	15-15	34.3-36.1	37.0	506(+2)			ドラゴンウェルズ																																																																								
2020106687	2025-11-01	4東京10	曇	8.0	3歳以上2勝クラス		14.0	3.0	3.0	268.9	12.0	10	江田照男	58.0	ダ1400		重	**	1:24.2	1.1	**	13-13	35.1-36.0	35.8	506(0)			ゲキザル																																																																								
2020106687	2025-12-07	5中山2	晴	8.0	3歳以上2勝クラス		16.0	1.0	1.0	180.1	16.0	9	江田照男	58.0	ダ1200		良	**	1:11.7	0.7	**	13-12	33.7-37.3	36.6	506(0)			アシャカトベ																																																																								
2020106687	2025-12-20	5中山5	曇	12.0	3歳以上2勝クラス		16.0	3.0	5.0	311.6	16.0	15	杉原誠人	58.0	ダ1200		良	**	1:12.3	1.9	**	15-15	34.2-36.2	36.6	506(0)			ロサンゼルス																																																																								
2020106694	2023-11-15	大井		3.0	3歳　67万円								江里口裕		ダ1200				1:18.2	2.0		6-6	37.3-38.9	40.1	480(0)				35.0																																											曇		12.0	5.0	6.0	27.8	6.0	3.0	56.0	良	**	**		サイアンドコー															
2020106694	2023-12-05	大井		1.0	3歳　60万円								江里口裕		ダ1200										計不																																															曇		0.0	5.0	9.0				56.0	良																			
2020106694	2023-12-09	大井		1.0	3歳　60万円								江里口裕		ダ1200				1:17.6	0.2		6-5	37.3-40.1	39.8	479(-1)				35.0																																											晴		15.0	5.0	9.0	18.0	4.0	3.0	56.0	良	**	**		アンティーゾ															
2020106694	2023-12-28	大井		1.0	3歳　103万								江里口裕		ダ1600				1:48.5	-0.6		2-2-1-1	40.0-41.5	41.5	472(-7)				140.0																																											晴		8.0	7.0	7.0	1.2	1.0	1.0	56.0	良	**	**		(ミテ)															
2020106694	2024-01-21	大井		5.0	C217　18								江里口裕		ダ1600				1:48.3	1.0		9-9-8-7	38.4-42.1	42.3	469(-3)																																															晴		14.0	6.0	10.0	18.9	5.0	6.0	56.0	不	**	**		ラージフィールド															
2020106694	2024-02-12	大井		8.0	C217　1819(C218)								江里口裕		ダ1600				1:48.6	1.6		9-8-8-8	38.8-41.5	41.9	461(-8)																																															晴		11.0	5.0	6.0	14.6	4.0	7.0	56.0	稍	**	**		ビッグアメリカン															
2020106694	2024-02-26	大井		12.0	梅花特別競走(C2)								和田譲治		ダ2000				2:14.7	0.1		2-2-2-2	39.2-41.7	41.7	464(+3)				72.0																																											晴		15.0	4.0	6.0	92.7	9.0	2.0	56.0	重	**	**		エプルシャージュ															
2020106694	2024-03-18	大井		12.0	ニュートラックかみの(C2)								和田譲治		ダ1700				1:53.8	2.7		5-5-5-8	32.5-40.6	42.2	463(-1)																																															晴		16.0	8.0	16.0	17.1	6.0	12.0	56.0	良	**	**		ホウオウセレシオン															
2020106694	2024-06-26	大井		7.0	ヘラクレス座特別競走(C2)								吉原寛人		ダ2000				2:14.7	1.2		11-11-4-4	37.2-41.8	42.5	466(+3)				18.0																																											曇		14.0	1.0	1.0	4.6	3.0	5.0	56.0	稍	**	**		ハッピータイム															
2020106694	2024-07-12	大井		10.0	わし座特別競走(C2)								矢野貴之		ダ1700				1:52.3	1.3		2-2-2-3	32.8-40.7	42.0	465(-1)																																															雨		13.0	4.0	5.0	9.1	6.0	8.0	56.0	重	**	**		マカーリオ															
2020106694	2024-07-29	大井		8.0	マイアミ賞(C2)								矢野貴之		ダ1600				1:44.3	0.0		3-3-3-2	38.6-39.5	39.3	459(-6)				100.0																																											晴		14.0	7.0	11.0	5.1	2.0	1.0	56.0	良	**	**		(サンバフレイバー)															
2020106694	2024-08-13	大井		8.0	ジャマイカ・ジョー賞(C2)								矢野貴之		ダ1600				1:43.6	0.0		4-5-3-3	38.3-39.8	39.6	460(+1)				100.0																																											晴		14.0	5.0	8.0	3.7	3.0	1.0	56.0	良	**	**		(キタサンユニゾン)															
2020106694	2024-09-13	大井		5.0	C2三　四五(C2四)								矢野貴之		ダ1400				1:29.0	0.0		7-5-4	37.5-39.2	38.6	466(+6)				100.0																																											晴		14.0	5.0	7.0	3.4	1.0	1.0	56.0	良	**	**		(ヴァレンシアスノー)															
2020106694	2024-11-16	3福島5		12.0	3歳以上1勝クラス								大野拓弥		芝2000				2:01.4	0.9		13-15-16-14	35.9-35.9	35.5	466(0)																																															曇		16.0	1.0	2.0	33.7	11.0	10.0	58.0	良	**	**		モズマーヴェリック															
2020106694	2024-12-21	5中山7		9.0	ノエル賞(1勝クラス)								武藤雅		芝2200				2:13.0	1.3		17-17-17-15	34.7-35.7	34.6	462(-4)																																															晴		18.0	3.0	5.0	78.0	10.0	7.0	58.0	良	**	**		キャントウェイト															
2020106694	2025-01-12	1中山4		7.0	4歳以上1勝クラス								武藤雅		芝2200				2:13.7	0.5		10-12-9-8	36.5-35.9	35.1	470(+8)																																															曇		18.0	2.0	3.0	29.4	8.0	6.0	58.0	良	**	**		レッドテリオス															
2020106694	2025-02-16	1東京6		6.0	4歳以上1勝クラス								武藤雅		芝2400				2:27.5	0.5		13-13-11-14	37.6-34.2	33.8	470(0)				80.0																																											晴		16.0	7.0	14.0	68.1	11.0	5.0	58.0	良	**	**		イクリール															
2020106694	2025-03-01	1小倉11		9.0	脊振山特別(1勝クラス)								古川吉洋		芝2600				2:41.5	0.2		12-12-2-2	36.8-36.3	36.3	462(-8)				452.2																																											曇		16.0	5.0	10.0	6.3	4.0	2.0	58.0	良	**	**		ローザサンリヴァル															
2020106694	2025-03-23	2中山8		7.0	4歳以上1勝クラス								松岡正海		芝2500				2:33.2	0.3		10-10-2-2	30.8-36.1	36.4	468(+6)				200.0																																											晴		16.0	5.0	9.0	8.2	3.0	3.0	58.0	良	**	**		イクリール															
2020106694	2025-04-12	1福島1		8.0	4歳以上1勝クラス								武藤雅		芝2600				2:40.9	1.3		11-12-6-8	37.4-36.6	36.6	462(-6)																																															曇		16.0	2.0	3.0	2.7	1.0	9.0	58.0	良	**	**		カエルム															
2020106694	2025-04-27	1福島6		9.0	燧ヶ岳特別(1勝クラス)								丸田恭介		芝2600				2:38.6	0.0		10-9-5-4	37.0-35.9	35.2	470(+8)				1139.4																																											晴		11.0	8.0	11.0	6.0	4.0	1.0	58.0	良	**	**		(テイクザクラウン)															
2020106694	2025-06-01	2東京12		8.0	青嵐賞(2勝クラス)								松岡正海		芝2400				2:24.8	1.0		14-14-15-15	35.7-34.9	34.7	472(+2)																																															晴		16.0	1.0	2.0	62.0	11.0	10.0	58.0	稍	**	**		デュアルウィルダー															
2020106694	2025-07-26	1札幌1		10.0	ライラック賞(2勝クラス)								古川吉洋		芝2600				2:40.6	0.7		12-12-11-6	35.9-35.9	35.7	472(0)				155.0																																											小雨		13.0	6.0	8.0	6.8	4.0	5.0	58.0	良	**	**		スピードリッチ															
2020106694	2025-08-17	1札幌8		12.0	阿寒湖特別(2勝クラス)								古川吉洋		芝2600				2:43.7	0.5		11-11-9-3	37.7-36.6	36.3	474(+2)				628.8																																											曇		14.0	5.0	8.0	33.4	9.0	2.0	58.0	稍	**	**		レクスノヴァス															
2020106694	2025-11-16	3福島4		10.0	三陸特別(2勝クラス)								武藤雅		芝2600				2:41.8	0.4		13-14-10-6	37.0-35.1	34.8	468(-6)				230.0																																											晴		16.0	7.0	13.0	12.7	7.0	4.0	58.0	良	**	**		ローザサンリヴァル															
2020106694	2025-12-07	5中山2		7.0	3歳以上2勝クラス								丸田恭介		芝2500				2:32.2	1.7		9-9-6-8	30.9-34.1	35.3	476(+8)																																															晴		11.0	2.0	2.0	15.0	6.0	8.0	58.0	良	**	**		ミクニインスパイア															
2020106727	2022-12-04	6中京2		5.0	2歳新馬								松山弘平		芝2000				2:05.4	2.9		1-1-1-2	38.3-34.6	37.5	500(0)					晴		9.0	2.0	2.0	19.1	5.0	7	55.0	良	**	**		ワンダイレクト																																																									
2020106727	2022-12-18	6阪神6		1.0	2歳未勝利								イーガン		ダ1800				2:00.0	5.0		2-3-3-2	37.6-39.6	44.4	502(+2)					晴		12.0	7.0	10.0	25.8	7.0	9	55.0	良	**	**		ギリギリチョップ																																																									
2020106727	2023-03-25	2阪神1		6.0	3歳未勝利								吉田隼人		芝1600				1:34.3	-0.4		1-1	36.0-34.6	34.6	502(0)				550.0	曇		18.0	2.0	4.0	118.1	12.0	1	56.0	稍	**	**		(ウインエーデル)																																																									
2020106727	2023-04-22	1京都1		9.0	あやめ賞(1勝クラス)								北村友一		芝1800				1:45.9	0.9		2-2	33.1-35.5	36.2	504(+2)					晴		8.0	7.0	7.0	6.4	3.0	6	56.0	良	**	**		プッシュオン																																																									
2020106727	2023-06-18	3阪神6		7.0	3歳以上1勝クラス								西村淳也		芝1600				1:33.6	0.1		1-1	34.9-34.7	34.8	502(-2)				320.0	曇		13.0	5.0	6.0	5.0	3.0	2	55.0	良	**	**		テーオーグランビル																																																									
2020106727	2023-07-02	3中京2		7.0	3歳以上1勝クラス								坂井瑠星		芝1600				1:33.9	-0.1		1-1-1	36.0-34.5	34.5	506(+4)				800.0	晴		8.0	7.0	7.0	4.0	3.0	1	55.0	良	**	**		(タガノミア)																																																									
2020106727	2024-01-21	1中山7		12.0	4歳以上2勝クラス								津村明秀		芝1600				1:40.4	4.1		2-1-2	35.4-36.9	41.0	514(+8)					曇		12.0	6.0	8.0	5.6	3.0	12	57.0	不	**	**		ココクレーター																																																									
2020106727	2024-03-10	1中京2		9.0	岡崎特別(2勝クラス)								菅原明良		芝1400				1:21.1	0.5		2-2	33.6-35.3	35.7	512(-2)					晴		11.0	7.0	9.0	5.6	4.0	6	55.0	良	**	**		リュミエールノワル																																																									
2020106727	2024-04-27	3京都3		10.0	御池特別(2勝クラス)								幸英明		芝1400				1:21.7	0.4		1-1	34.8-34.9	35.3	508(-4)					曇		13.0	1.0	1.0	14.5	6.0	7	58.0	良	**	**		プリモカリーナ																																																									
2020106727	2024-05-25	3京都11		12.0	4歳以上2勝クラス								幸英明		芝1400								33.3-35.3		計不					晴		17.0	5.0	10.0			取	58.0	良	**	**		アスクビギンアゲン																																																									
2020106727	2024-12-01	7京都2		12.0	3歳以上2勝クラス								吉村誠之		芝1400				1:21.9	1.0		1-1	36.1-33.9	34.9	512(+4)					晴		12.0	6.0	8.0	9.8	5.0	8	56.0	良	**	**		ウルトラソニック																																																									
2020106727	2024-12-22	7京都8		12.0	ジングルベル賞(2勝クラス)								北村友一		芝1400				1:21.6	0.4		1-1	35.4-34.2	34.6	522(+10)				396.2	晴		17.0	5.0	9.0	33.3	10.0	3	55.0	良	**	**		ヤマニンアルリフラ																																																									
2020106727	2025-03-01	1阪神1		12.0	4歳以上2勝クラス								北村友一		芝1400				1:20.3	0.1		2-2	33.1-35.4	35.1	536(+14)				290.0	晴		15.0	3.0	4.0	8.2	6.0	3	58.0	良	**	**		バウンシーステップ																																																									
2020106727	2025-03-16	2中京2		9.0	岡崎特別(2勝クラス)								北村友一		芝1400				1:24.3	2.1		2-2	34.3-36.1	37.7	534(-2)					曇		13.0	5.0	7.0	2.8	1.0	11	56.0	重	**	**		ヤマニンアストロン																																																									
2020106727	2025-05-10	2東京5		8.0	4歳以上2勝クラス								戸崎圭太		芝1400				1:22.7	2.0		2-2	35.2-34.4	36.3	538(+4)					曇		12.0	7.0	10.0	9.1	4.0	12	58.0	稍	**	**		スカイハイ																																																									
2020106727	2025-07-05	2小倉3		12.0	フィリピンT(2勝クラス)								高杉吏麒		芝1200				1:08.5	0.0		2-1	33.5-35.0	34.9	544(+6)				626.2	晴		10.0	6.0	6.0	5.8	4.0	2	58.0	良	**	**		メイショウピース																																																									
2020106727	2025-07-20	2小倉8		12.0	耶馬渓特別(2勝クラス)								高杉吏麒		芝1200				1:08.7	1.0		5-3	32.9-34.8	35.3	544(0)					晴		18.0	8.0	16.0	18.1	5.0	8	58.0	良	**	**		フリッカージャブ																																																									
2020106737	2022-08-13	4小倉1	晴	5.0	2歳新馬		14.0	7.0	12.0	2.8	1.0	1	和田竜二	54.0	芝1200		良	**	1:08.6	-1.0	**	1-1	34.3-34.3	34.3	424(0)			(ニシノコウダイ)	700.0																																																																							
2020106737	2022-09-04	4小倉8	晴	11.0	小倉2歳S(GIII)		13.0	4.0	4.0	8.9	5.0	8	和田竜二	54.0	芝1200		良	**	1:08.9	0.8	**	3-2	33.2-34.9	35.5	424(0)			ロンドンプラン																																																																								
2020106737	2022-10-10	4阪神3	曇	8.0	りんどう賞(1勝クラス)		6.0	5.0	5.0	1.8	1.0	2	和田竜二	54.0	芝1400		稍	**	1:23.3	0.5	**	2-2	36.0-34.3	34.7	426(+2)			イティネラートル	413.8																																																																							
2020106737	2022-11-20	5阪神6	曇	8.0	秋明菊賞(1勝クラス)		5.0	4.0	4.0	14.2	5.0	3	和田竜二	54.0	芝1400		良	**	1:22.6	0.3	**	1-1	35.8-34.8	35.1	424(-2)			コーパスクリスティ	262.0																																																																							
2020106737	2022-12-10	6中京3	晴	9.0	つわぶき賞(1勝クラス)		13.0	4.0	5.0	48.7	10.0	8	和田竜二	54.0	芝1400		良	**	1:21.4	0.6	**	1-1	34.9-34.3	34.9	424(0)			ルミノメテオール																																																																								
2020106737	2023-02-04	1小倉7	晴	9.0	かささぎ賞(1勝クラス)		13.0	8.0	13.0	8.4	4.0	6	武豊	54.0	芝1200		良	**	1:09.2	0.9	**	7-5	33.4-34.9	34.7	424(0)			トールキン																																																																								
2020106737	2023-02-25	2小倉5	曇	9.0	あざみ賞(1勝クラス)		15.0	4.0	7.0	27.7	9.0	11	富田暁	54.0	芝1200		稍	**	1:10.7	1.0	**	7-7	33.7-36.0	36.2	414(-10)			タマモブラックタイ																																																																								
2020106737	2023-07-02	3中京2	晴	8.0	3歳以上1勝クラス		18.0	3.0	6.0	13.5	5.0	6	角田大河	52.0	芝1200		良	**	1:08.7	0.6	**	6-6	33.6-34.5	34.6	432(+18)			アドマイヤラヴィ																																																																								
2020106737	2023-07-23	3中京8	晴	8.0	3歳以上1勝クラス		18.0	8.0	18.0	57.3	12.0	5	秋山真一	53.0	芝1400		良	**	1:21.2	0.5	**	4-5	33.7-35.7	35.5	434(+2)			ペイシャフラワー	80.0																																																																							
2020106737	2023-08-20	3小倉4	晴	7.0	3歳以上1勝クラス		16.0	2.0	3.0	8.5	4.0	14	秋山真一	54.0	芝1200		良	**	1:09.3	1.6	**	3-3	33.0-34.7	36.1	432(-2)			レッドヒルシューズ																																																																								
2020106737	2023-09-24	4阪神7	晴	7.0	3歳以上1勝クラス		18.0	2.0	4.0	11.3	6.0	2	角田大河	53.0	芝1400		良	**	1:20.5	0.1	**	6-6	33.5-35.4	34.8	438(+6)			シンプリーオーサム	320.0																																																																							
2020106737	2023-10-22	2京都7	晴	6.0	3歳以上1勝クラス		16.0	4.0	8.0	32.8	9.0	10	角田大河	53.0	芝1600		良	**	1:33.6	0.8	**	6-6	33.4-35.6	35.8	448(+10)			ビヨンドザヴァレー																																																																								
2020106737	2024-01-13	1京都4	晴	12.0	4歳以上1勝クラス		18.0	7.0	14.0	45.1	12.0	16	浜中俊	55.0	芝1600		良	**	1:36.8	1.7	**	7-7	35.1-35.1	36.3	450(+2)			スズカダブル																																																																								
2020106737	2024-02-04	1小倉8	晴	12.0	4歳以上1勝クラス		14.0	1.0	1.0	37.2	10.0	3	富田暁	56.0	芝1200		重	**	1:09.9	0.4	**	12-10	33.5-36.0	35.1	438(-12)			バラードインミラノ	200.0																																																																							
2020106737	2024-02-24	2小倉5	晴	9.0	秋吉台特別(1勝クラス)		14.0	8.0	13.0	16.5	5.0	11	富田暁	56.0	芝1200		稍	**	1:10.3	1.1	**	7-7	34.5-34.7	35.4	436(-2)			レッドアヴァンティ																																																																								
2020106737	2024-05-12	3京都8	曇	7.0	4歳以上1勝クラス		14.0	5.0	7.0	18.5	7.0	10	浜中俊	56.0	芝1200		良	**	1:08.4	1.0	**	11-8	34.2-33.2	33.0	446(+10)			ディアドコス																																																																								
2020106737	2024-06-02	4京都2	雨	12.0	3歳以上1勝クラス		16.0	8.0	15.0	26.5	9.0	1	田口貫太	55.0	芝1400		稍	**	1:22.7	0.0	**	12-12	35.5-35.6	34.4	442(-4)			(デイトナモード)	800.0																																																																							
2020106737	2024-07-21	3小倉8	曇	10.0	九州スポーツ杯(2勝クラス)		18.0	6.0	12.0	53.1	10.0	12	田口貫太	56.0	芝1200		良	**	1:09.4	1.1	**	11-14	33.3-35.0	35.0	444(+2)			ミルテンベルク																																																																								
2020106737	2024-08-18	2中京4	晴	10.0	中京スポニチ賞(2勝クラス)		16.0	8.0	15.0	131.0	15.0	14	泉谷楓真	56.0	芝1400		良	**	1:21.2	1.1	**	12-11	34.8-34.0	34.1	446(+2)			アクートゥス																																																																								
2020106737	2024-11-10	6京都4	曇	12.0	ドンカスターC(2勝クラス)		14.0	8.0	14.0	92.9	13.0	9	田口貫太	56.0	芝1400		良	**	1:21.3	0.6	**	9-9	35.0-34.4	34.3	462(+16)			フルメタルボディー																																																																								
2020106737	2024-11-23	6京都7	曇	12.0	3歳以上2勝クラス		15.0	1.0	2.0	94.1	11.0	14	団野大成	56.0	芝1200		良	**	1:09.5	1.3	**	15-14	34.3-33.9	33.4	464(+2)			アンクルクロス																																																																								
2020106737	2025-03-01	1小倉11	曇	10.0	西日本新聞杯(2勝クラス)		18.0	6.0	12.0	93.9	17.0	8	秋山稔樹	56.0	芝1200		良	**	1:09.1	0.7	**	15-16	33.6-34.8	34.5	452(-12)			ジョーメッドヴィン																																																																								
2020106737	2025-03-22	2中京3	晴	10.0	熱田特別(2勝クラス)		17.0	1.0	2.0	157.0	13.0	6	秋山稔樹	56.0	芝1400		良	**	1:21.4	0.4	**	7-6	33.9-35.3	35.0	458(+6)			ソルトクィーン																																																																								
2020106737	2025-04-06	2阪神4	晴	8.0	4歳以上2勝クラス		10.0	4.0	4.0	31.7	7.0	5	浜中俊	56.0	芝1200		良	**	1:09.0	0.4	**	6-5	34.6-34.0	33.9	462(+4)			バンドシェル	114.0																																																																							
2020106737	2025-07-20	2小倉8	晴	12.0	耶馬渓特別(2勝クラス)		18.0	2.0	4.0	82.4	14.0	7	亀田温心	56.0	芝1200		良	**	1:08.7	1.0	**	14-16	32.9-34.8	34.6	458(-4)			フリッカージャブ																																																																								
2020106737	2025-08-09	3中京5	晴	6.0	中京スポニチ賞(2勝クラス)		11.0	6.0	7.0	82.8	10.0	11	亀田温心	56.0	芝1400		良	**	1:21.5	0.5	**	7-7	35.8-33.7	33.6	460(+2)			スリールミニョン																																																																								
2020106737	2025-09-21	4阪神7	曇	12.0	3歳以上2勝クラス		15.0	5.0	9.0	68.0	11.0	9	太宰啓介	56.0	ダ1400		良	**	1:24.7	1.5	**	12-13	35.1-36.1	36.2	452(-8)			ダノンフィーゴ																																																																								
2020106756	2022-10-29	4阪神8		4.0	2歳新馬								菅原明良		ダ1400				1:27.2	0.1		8-7	37.0-37.3	36.7	486(0)				280.0	晴		13.0	3.0	3.0	14.0	5.0	2	55.0	良	**	**		ヘニータイフーン																																																									
2020106756	2022-11-20	5東京6		1.0	2歳未勝利								菅原明良		ダ1400				1:27.1	-0.7		9-7	36.6-37.5	36.8	488(+2)				520.0	曇		16.0	4.0	7.0	1.8	1.0	1	55.0	良	**	**		(セイウンダマシイ)																																																									
2020106756	2022-12-18	6中京6		9.0	寒椿賞(1勝クラス)								幸英明		ダ1400				1:27.2	1.1		7-7	35.0-38.6	39.0	482(-6)					晴		15.0	8.0	14.0	11.3	7.0	7	55.0	良	**	**		ニシノカシミヤ																																																									
2020106756	2023-03-04	2中山3		7.0	3歳1勝クラス								原優介		ダ1200				1:11.0	-0.2		12-12	33.1-37.9	36.4	486(+4)				780.0	晴		16.0	3.0	5.0	19.0	8.0	1	54.0	良	**	**		(ビルカール)																																																									
2020106756	2023-03-18	2中京3		11.0	中スポ賞ファルコンS(GIII)								丸山元気		芝1400				1:24.2	1.6		13-13	34.8-35.9	36.1	484(-2)					曇		14.0	8.0	14.0	50.2	9.0	13	56.0	重	**	**		タマモブラックタイ																																																									
2020106756	2023-06-17	3東京5		9.0	三浦特別(2勝クラス)								原優介		ダ1400				1:24.2	-0.1		12-12	35.6-36.6	35.2	496(+12)				1587.8	晴		15.0	2.0	4.0	6.3	3.0	1	55.0	良	**	**		(キャンディドライヴ)																																																									
2020106756	2023-10-15	4東京5		10.0	テレビ静岡賞(3勝クラス)								原優介		ダ1400				1:23.7	1.8		12-12	34.4-35.5	36.2	500(+4)					曇		14.0	3.0	4.0	6.7	3.0	12	56.0	不	**	**		レオノーレ																																																									
2020106756	2023-11-12	5東京4		9.0	銀嶺S(3勝クラス)								原優介		ダ1400				1:25.0	0.8		6-7	35.6-36.1	36.5	500(0)					曇		15.0	3.0	4.0	14.7	6.0	6	57.0	良	**	**		メタマックス																																																									
2020106756	2024-01-13	1中山4		10.0	初春S(3勝クラス)								原優介		ダ1200				1:10.9	0.1		9-8	33.8-37.0	35.9	510(+10)				750.2	曇		15.0	4.0	8.0	12.3	5.0	2	58.0	良	**	**		ワールズコライド																																																									
2020106756	2024-01-27	1東京1		9.0	銀蹄S(3勝クラス)								原優介		ダ1400				1:24.8	0.0		14-15	35.3-37.0	35.5	514(+4)				1877.1	晴		16.0	3.0	6.0	23.9	6.0	1	56.0	良	**	**		(バグラダス)																																																									
2020106756	2024-02-11	1東京6		10.0	バレンタインS(OP)								原優介		ダ1400				1:24.2	0.2		10-10	35.5-36.3	35.8	512(-2)				889.6	曇		15.0	8.0	15.0	13.8	5.0	2	58.0	稍	**	**		レッドヴェイロン																																																									
2020106756	2024-05-25	2東京11		11.0	欅S(OP)								原優介		ダ1400				1:23.0	1.1		13-12	35.0-35.1	34.9	508(-4)				330.0	晴		16.0	6.0	12.0	22.5	6.0	4	57.0	良	**	**		コスタノヴァ																																																									
2020106756	2024-06-22	4京都7		11.0	天保山S(OP)								原優介		ダ1400				1:24.3	1.0		13-14	34.7-36.6	36.2	510(+2)					曇		16.0	7.0	14.0	16.5	7.0	9	57.0	稍	**	**		サトノルフィアン																																																									
2020106756	2024-10-27	4東京8		12.0	ペルセウスS(OP)								原優介		ダ1400				1:24.2	0.8		14-14	35.9-35.5	35.0	508(-2)					曇		16.0	3.0	6.0	18.0	7.0	7	56.0	良	**	**		アームズレイン																																																									
2020106756	2024-12-22	7京都8		11.0	りんくうS(OP)								原優介		ダ1200				1:12.3	0.8		14-14	34.8-36.7	36.4	518(+10)				220.0	晴		16.0	1.0	1.0	23.0	8.0	5	57.0	良	**	**		ドンアミティエ																																																									
2020106756	2025-03-23	2中山8		11.0	千葉S(OP)								石橋脩		ダ1200				1:11.0	1.0		8-8	33.3-36.7	36.9	518(0)					晴		16.0	7.0	13.0	9.3	4.0	13	56.0	良	**	**		ボナンザ																																																									
2020106756	2025-04-20	3中山8		10.0	京葉S(L)								石橋脩		ダ1200				1:11.8	0.7		7-9	34.7-36.4	35.9	520(+2)					曇		16.0	7.0	13.0	87.0	13.0	9	57.0	良	**	**		インビンシブルパパ																																																									
2020106756	2025-04-27	2東京2		10.0	オアシスS(L)								原優介		ダ1600				1:36.4	0.9		7-7	35.1-36.3	36.5	520(0)					晴		12.0	4.0	4.0	67.2	11.0	8	55.0	稍	**	**		バトルクライ																																																									
2020106756	2025-05-31	2東京11		11.0	アハルテケS(OP)								石橋脩		ダ1600				1:36.5	2.4		8-10	33.8-36.6	38.1	520(0)					小雨		16.0	5.0	9.0	127.2	13.0	15	58.0	不	**	**		ウェイワードアクト																																																									
2020106756	2025-10-26	4東京9		11.0	神無月S(OP)								原優介		ダ1400				1:23.0	0.9		8-9	34.7-35.4	35.4	518(-2)					小雨		16.0	6.0	11.0	62.1	12.0	13	57.0	不	**	**		インユアパレス																																																									
2020106756	2025-11-23	5東京5		11.0	霜月S(OP)								原優介		ダ1400				1:24.6	1.3		14-12	35.0-36.4	36.7	516(-2)					晴		16.0	5.0	10.0	96.5	14.0	12	57.0	良	**	**		ウェイワードアクト																																																									
2020106771	2022-09-25	4中山7		4.0	2歳新馬								横山典弘		ダ1200				1:12.3	-0.1		2-2	34.2-38.1	37.9	492(0)				700.0																													晴		16.0	6.0	11.0	6.1	3.0	1	54.0	重	**	**		(メイデンタワー)																													
2020106771	2022-12-24	5中山7		7.0	2歳1勝クラス								田辺裕信		ダ1200				1:11.6	0.5		14-13	33.8-37.3	36.3	498(+6)				75.0																													晴		16.0	6.0	12.0	56.1	11.0	5	55.0	稍	**	**		マニバドラ																													
2020106771	2023-06-18	3東京6		12.0	3歳以上1勝クラス								横山武史		芝1400				1:20.8	0.2		5-5	34.8-34.3	34.0	502(+4)				320.0																													晴		16.0	2.0	3.0	17.7	6.0	2	55.0	良	**	**		スプレモフレイバー																													
2020106771	2023-07-08	2福島3		9.0	須賀川特別(1勝クラス)								田辺裕信		芝1200				1:09.2	0.2		8-5	34.0-35.0	34.7	502(0)				284.1																													曇		13.0	1.0	1.0	3.7	2.0	3	55.0	良	**	**		ダレモトメラレナイ																													
2020106771	2023-10-14	4東京4		6.0	3歳以上1勝クラス								横山武史		ダ1400				1:25.3	0.1		6-5	36.0-36.7	36.2	498(-4)				320.0																													晴		16.0	4.0	8.0	2.6	1.0	2	56.0	良	**	**		グラスシフォン																													
2020106771	2023-11-04	5東京1		6.0	3歳以上1勝クラス								横山武史		ダ1400				1:24.7	1.3		4-4	35.7-35.5	36.5	496(-2)				200.0																													晴		16.0	5.0	10.0	4.0	2.0	3	57.0	良	**	**		プラチナジュビリー																													
2020106771	2024-03-17	1中京4		7.0	4歳以上1勝クラス								松山弘平		芝1400				1:21.6	0.0		5-5	34.8-34.8	34.4	510(+14)				320.0																													曇		16.0	3.0	6.0	2.3	1.0	2	58.0	良	**	**		ユハンヌス																													
2020106771	2024-05-05	2東京6		7.0	4歳以上1勝クラス								横山武史		芝1400				1:20.6	0.1		9-9	34.5-34.8	33.2	502(-8)				200.0																													晴		15.0	7.0	13.0	4.1	2.0	3	58.0	良	**	**		レッドシュヴェルト																													
2020106771	2024-06-01	3東京1		7.0	3歳以上1勝クラス								小林美駒		芝1400				1:20.8	0.5		3-2	34.2-34.2	34.6	500(-2)																																	晴		18.0	8.0	16.0	5.2	3.0	6	54.0	良	**	**		サクセスカラー																													
2020106771	2024-08-10	3新潟1		12.0	3歳以上1勝クラス								津村明秀		芝1400				1:21.3	0.1		2-2	34.2-34.8	34.8	502(+2)				320.0																													晴		18.0	4.0	7.0	5.6	3.0	2	58.0	良	**	**		ララマセラシオン																													
2020106771	2024-10-06	4新潟2		7.0	3歳以上1勝クラス								斎藤新		芝1400				1:21.3	0.3		1-1	34.3-35.1	35.4	506(+4)				200.0																													晴		18.0	5.0	10.0	2.7	1.0	3	58.0	良	**	**		メリージェーン																													
2020106771	2024-12-01	4中京2		8.0	3歳以上1勝クラス								横山武史		芝1400				1:22.0	1.3		13-13	34.3-34.4	34.3	508(+2)																																	晴		18.0	5.0	9.0	5.5	4.0	11	58.0	良	**	**		グロリアラウス																													
2020106771	2025-03-22	2中山7		6.0	4歳以上1勝クラス								横山武史		ダ1200				1:12.4	0.3		11-11	34.7-37.4	36.9	522(+14)				120.0																													晴		16.0	7.0	14.0	3.1	1.0	4	58.0	稍	**	**		オセアエクスプレス																													
2020106771	2025-04-20	3中山8		7.0	4歳以上1勝クラス								横山武史		ダ1200				1:12.5	0.8		5-5	34.8-36.9	37.0	510(-12)				80.0																													曇		16.0	8.0	16.0	4.1	2.0	5	58.0	良	**	**		エコロエイト																													
2020106771	2025-05-11	1新潟4		12.0	4歳以上1勝クラス								小林美駒		芝1200				1:11.3	1.0		7-5	35.0-35.3	35.6	510(0)																																	晴		16.0	6.0	12.0	4.3	2.0	8	54.0	稍	**	**		ソングオブライフ																													
2020106771	2025-08-30	3新潟3		12.0	3歳以上1勝クラス								津村明秀		ダ1200				1:12.8	0.8		13-12	34.6-37.4	36.9	492(-18)																																	晴		15.0	3.0	4.0	9.6	4.0	7	58.0	良	**	**		ミスエル																													
2020106771	2025-09-27	4中山8		8.0	3歳以上1勝クラス								津村明秀		ダ1200				1:12.0	0.9		13-13	33.3-37.8	36.9	500(+8)				80.0																													晴		16.0	6.0	12.0	14.7	6.0	5	58.0	良	**	**		ショウナンハクウン																													
2020106771	2025-10-25	4東京8		7.0	3歳以上1勝クラス								津村明秀		ダ1400				1:24.5	1.8		7-6	35.3-35.6	36.8	504(+4)																																	雨		16.0	5.0	10.0	17.1	8.0	6	58.0	稍	**	**		メリディアンスター																													
2020106771	2025-11-24	3福島6		7.0	3歳以上1勝クラス								横山武史		ダ1150				1:09.6	0.9		15-12	32.1-36.6	36.1	506(+2)																																	曇		16.0	8.0	16.0	8.4	5.0	6	58.0	良	**	**		レグザゴン																													
2020106771	2026-01-17	1中山6		6.0	4歳以上1勝クラス								津村明秀		ダ1200				1:12.3	0.4		12-12	34.3-37.6	37.1	512(+6)				120.0																													晴		16.0	3.0	6.0	13.6	8.0	4	58.0	良				メッエフアパラ																													
2020106811	2022-10-22	4東京6		5.0	2歳新馬								大野拓弥		芝2000				2:01.5	0.6		10-9-8	36.6-35.3	35.1	506(0)																																															曇		11.0	7.0	8.0	38.0	9.0	6	55.0	良	**	**		シリアルノヴェル															
2020106811	2022-11-06	5東京2		1.0	2歳未勝利								大野拓弥		ダ1600				1:40.4	1.8		8-7	35.7-37.1	37.9	510(+4)				78.0																																											晴		11.0	7.0	8.0	9.9	4.0	4	55.0	良	**	**		ラフエイジアン															
2020106811	2023-02-05	1東京4		2.0	3歳未勝利								大野拓弥		ダ2100				2:16.1	1.1		10-11-4-4	31.1-37.9	38.7	526(+16)				140.0																																											晴		16.0	2.0	3.0	3.8	2.0	3	56.0	良	**	**		マオノアラシ															
2020106811	2023-02-26	2中山2		4.0	3歳未勝利								松山弘平		ダ1800				1:57.2	1.3		5-5-4-3	38.4-38.8	39.9	522(-4)				55.0																																											晴		16.0	7.0	13.0	3.6	1.0	5	56.0	良	**	**		ナムラテディー															
2020106811	2023-05-21	2東京10		4.0	3歳未勝利								ルメール		芝2000				1:59.5	0.2		2-2-3	36.2-35.3	35.3	522(0)				140.0																																											曇		16.0	5.0	9.0	3.9	2.0	3	56.0	良	**	**		マイバラード															
2020106811	2023-06-11	1函館2		6.0	3歳未勝利								西村淳也		芝2000				2:03.0	-0.6		2-2-2-1	35.7-36.0	35.9	524(+2)				550.0																																											曇		16.0	6.0	11.0	5.4	3.0	1	56.0	良	**	**		(スターグロウ)															
2020106811	2023-06-25	1函館6		7.0	3歳以上1勝クラス								古川吉洋		芝2600				2:42.6	0.7		3-3-3-3	36.2-38.7	38.8	528(+4)																																															晴		9.0	3.0	3.0	2.9	1.0	6	54.0	良	**	**		サトノミスチーフ															
2020106811	2023-09-02	2札幌7		7.0	3歳以上1勝クラス								西村淳也		芝2000				2:06.0	4.3		3-3-3-4	35.2-37.5	41.6	522(-6)																																															晴		15.0	5.0	10.0	4.9	2.0	11	55.0	稍	**	**		シェイクユアハート															
2020106811	2023-09-16	4中山3		12.0	3歳以上1勝クラス								大野拓弥		芝2000				2:00.4	0.1		9-9-11-11	35.6-35.7	35.0	512(-10)				200.0																																											晴		11.0	7.0	8.0	14.2	8.0	3	55.0	良	**	**		ソワドリヨン															
2020106811	2023-10-01	4中山9		7.0	3歳以上1勝クラス								大野拓弥		芝2200				2:16.2	0.2		14-12-7-6	37.2-35.2	34.9	510(-2)																																															曇		15.0	6.0	11.0	7.8	4.0	6	55.0	良	**	**		ホウオウサンデー															
2020106811	2023-12-09	4中京3		8.0	3歳以上1勝クラス								佐々木大		芝2000				2:00.8	0.0		13-12-11-11	36.0-34.5	33.4	516(+6)				320.0																																											晴		18.0	8.0	17.0	6.8	3.0	2	56.0	良	**	**		ロジシルバー															
2020106811	2024-02-10	2小倉1		8.0	4歳以上1勝クラス								佐々木大		芝2000				2:01.3	-0.2		6-6-5-6	36.6-35.4	35.1	520(+4)				800.0																																											晴		11.0	1.0	1.0	2.6	2.0	1	56.0	良	**	**		(アンテロース)															
2020106811	2024-03-02	1阪神3		9.0	千里山特別(2勝クラス)								西村淳也		芝2000				2:00.3	0.1		8-6-5-3	36.2-36.4	36.2	516(-4)				392.8																																											曇		8.0	4.0	4.0	2.3	1.0	3	58.0	稍	**	**		アスクオンディープ															
2020106811	2024-05-11	1新潟5		11.0	信濃川特別(2勝クラス)								佐々木大		芝2000				2:01.9	0.5		6-5	37.0-33.5	33.6	522(+6)				230.0																																											晴		11.0	4.0	4.0	3.6	2.0	4	58.0	良	**	**		シーウィザード															
2020106811	2024-06-23	1函館6		9.0	洞爺湖特別(2勝クラス)								佐々木大		芝2000				2:00.8	0.1		6-4-7-7	36.3-35.3	34.8	526(+4)				392.9																																											曇		9.0	8.0	8.0	3.1	2.0	3	58.0	良	**	**		コスモフロイデ															
2020106811	2024-06-29	1函館7		10.0	北海ハンデキャップ(2勝クラス)								大野拓弥		芝1800				1:47.6	0.3		9-9-8-8	35.5-35.1	34.5	528(+2)				627.4																																											晴		11.0	2.0	2.0	10.1	5.0	2	57.0	良	**	**		エラトー															
2020106811	2025-01-06	1中山2		10.0	初日の出賞(2勝クラス)								大野拓弥		芝2000				2:00.3	0.2		10-9-8-6	35.9-36.0	35.3	534(+6)				630.8																																											曇		15.0	3.0	5.0	7.1	5.0	2	58.0	良	**	**		アスクナイスショー															
2020106811	2025-01-19	1中山7		8.0	4歳以上2勝クラス								菅原明良		芝1800				1:49.1	0.8		8-6-8-10	37.3-34.7	34.8	528(-6)																																															曇		14.0	4.0	6.0	3.3	1.0	7	58.0	良	**	**		キュクヌス															
2020106811	2025-01-26	1中京9		9.0	茶臼山高原特別(2勝クラス)								川田将雅		芝2000				2:01.8	0.5		6-6-7-7	37.4-35.0	35.0	528(0)				393.0																																											晴		9.0	8.0	9.0	2.9	2.0	3	57.0	良	**	**		ランスオブクイーン															
2020106811	2025-05-04	2東京4		8.0	4歳以上2勝クラス								横山武史		芝1600				1:33.6	0.6		5-5	36.6-33.1	33.3	522(-6)				290.0																																											晴		9.0	7.0	7.0	3.0	2.0	3	58.0	良	**	**		カニキュル															
2020106811	2025-06-15	3東京4		9.0	芦ノ湖特別(2勝クラス)								荻野極		芝1600				1:35.5	1.0		6-6	35.3-35.6	35.8	526(+4)																																															曇		10.0	5.0	5.0	26.8	8.0	8	58.0	稍	**	**		グーテンベルク															
2020106811	2025-06-28	1函館5		10.0	洞爺湖特別(2勝クラス)								北村友一		芝2000				1:59.8	0.4		4-4-4-3	35.8-35.2	35.3	534(+8)				629.6																																											晴		16.0	1.0	2.0	11.7	5.0	2	58.0	良	**	**		カネラフィーナ															
2020106811	2025-07-13	1函館10		9.0	北海ハンデキャップ(2勝クラス)								佐々木大		芝1800				1:46.5	0.9		5-5-5-3	35.3-34.8	35.1	526(-8)																																															晴		11.0	6.0	7.0	7.0	2.0	7	57.0	良	**	**		ミッキージュエリー															
2020106811	2025-09-07	2札幌6		10.0	HTB賞(2勝クラス)								佐々木大		芝1800				1:49.6	-0.2		11-11-10-9	36.2-36.9	36.1	532(+6)				1581.5																																											晴		14.0	7.0	12.0	10.2	5.0	1	58.0	稍	**	**		(コスモアンソロジー)															
2020106811	2025-10-05	3京都2		9.0	大原S(3勝クラス)								横山武史		芝2000				1:59.7	0.3		8-8-8-8	36.1-34.3	33.8	518(-14)				280.0																																											曇		9.0	2.0	2.0	16.5	6.0	4	58.0	稍	**	**		レディーヴァリュー															
2020106811	2025-10-25	4新潟3		11.0	魚沼S(3勝クラス)								杉原誠人		芝2000				1:58.7	0.5		18-18	36.1-33.4	32.7	524(+6)																																															曇		18.0	3.0	6.0	22.8	9.0	7	58.0	良	**	**		シンハナーダ															
2020106836	2022-10-29	4阪神8		5.0	2歳新馬								横山典弘		芝2000				2:02.4	0.5		3-3-4-4	36.9-34.7	35.0	448(0)				180.0	晴		11.0	2.0	2.0	19.2	5.0	3	55.0	良	**	**		マイネルエンペラー																																																									
2020106836	2022-11-27	5阪神8		3.0	2歳未勝利								横山典弘		芝1800				1:48.1	0.2		9-9	35.6-34.9	34.4	446(-2)				210.0	晴		12.0	6.0	8.0	9.3	4.0	2	55.0	良	**	**		セッション																																																									
2020106836	2023-01-07	1中京2		5.0	3歳未勝利								横山典弘		芝1600				1:34.7	0.7		2-3-3	36.0-34.0	34.4	448(+2)				83.0	晴		15.0	4.0	7.0	8.0	3.0	4	56.0	良	**	**		エアメテオラ																																																									
2020106836	2023-03-25	2阪神1		6.0	3歳未勝利								横山典弘		芝1600				1:35.5	1.2		7-7	36.0-34.6	35.3	452(+4)					曇		18.0	5.0	10.0	3.4	1.0	6	56.0	稍	**	**		システムリブート																																																									
2020106836	2023-04-22	1京都1		1.0	3歳未勝利								藤岡康太		芝2000				2:01.1	0.2		3-3-3-3	35.2-36.1	36.0	450(-2)				55.0	晴		18.0	3.0	5.0	5.7	2.0	5	56.0	良	**	**		ウィズユアドリーム																																																									
2020106836	2023-05-13	1京都7		5.0	3歳未勝利								藤岡康太		芝1800				1:47.5	0.3		6-6	35.1-34.8	34.6	454(+4)				55.0	曇		11.0	8.0	10.0	4.1	2.0	5	56.0	良	**	**		ツクヨミ																																																									
2020106836	2023-07-09	2函館4		6.0	3歳未勝利								横山武史		芝2000				2:01.8	0.0		2-2-2-2	35.7-36.4	36.2	448(-6)				550.0	晴		12.0	1.0	1.0	3.9	3.0	1	56.0	良	**	**		(スターグロウ)																																																									
2020106836	2023-08-05	1札幌5		8.0	3歳以上1勝クラス								横山典弘		芝1800				1:49.8	0.6		7-7-7-6	36.5-35.3	35.3	454(+6)				120.0	曇		13.0	1.0	1.0	26.8	7.0	4	55.0	稍	**	**		ゴッドファーザー																																																									
2020106836	2023-09-03	2札幌8		7.0	3歳以上1勝クラス								横山典弘		芝1800				1:51.6	1.4		10-8-3-9	37.3-35.6	36.8	464(+10)					晴		14.0	3.0	4.0	6.1	3.0	11	55.0	良	**	**		ゲンパチムサシ																																																									
2020106836	2023-10-01	4阪神9		6.0	3歳以上1勝クラス								太宰啓介		芝1600				1:35.8	2.1		14-14	36.0-34.0	35.0	450(-14)					曇		16.0	6.0	11.0	53.9	12.0	15	56.0	稍	**	**		アルナージェイン																																																									
2020106836	2024-02-17	2小倉3		9.0	筑紫特別(1勝クラス)								藤岡佑介		芝2000				2:00.6	1.3		1-1-1-1	36.4-36.6	37.9	456(+6)					晴		9.0	5.0	5.0	20.5	7.0	6	57.0	良	**	**		メイショウウネビ																																																									
2020106836	2024-03-09	1中京1		8.0	4歳以上1勝クラス								富田暁		ダ1800				1:57.3	2.1		6-6-6-6	39.4-37.6	39.1	456(0)					晴		8.0	1.0	1.0	13.1	4.0	6	58.0	良	**	**		ダイメイセブン																																																									
2020106836	2024-06-16	3東京6		1.0	障害3歳以上未勝利								西谷誠		障3000				3:27.9	2.5		2-1-1-1	105.1-0.0	13.9	466(+10)					曇		13.0	5.0	7.0	35.4	9.0	9	60.0	良				ビートザレコード																																																									
2020106836	2024-07-06	3小倉3		1.0	障害3歳以上未勝利								西谷誠		障2860				3:14.1	2.6		1-1-1-2	104.0-0.0	13.6	454(-12)				120.0	晴		9.0	4.0	4.0	12.0	4.0	4	60.0	良				オオキニ																																																									
2020106836	2024-12-22	7京都8		5.0	障害3歳以上未勝利								西谷誠		障2910				3:18.8	-1.5		1-1-1-1	109.0-0.0	13.7	468(+14)				790.0	曇		14.0	8.0	13.0	12.3	6.0	1	60.0	良				(アメリカンピース)																																																									
2020106836	2025-03-15	1阪神5		8.0	阪神スプリングJ(JGII)								西谷誠		障3900				4:41.0	9.3		4-3-5-6	103.1-0.0	14.4	468(0)					小雨		8.0	4.0	4.0	20.6	5.0	7	60.0	良				ヴェイルネビュラ																																																									
2020106836	2025-06-21	3阪神5		1.0	障害3歳以上OP								西谷誠		障3110				3:29.2	-0.7		1-1-1-1	105.0-0.0	13.5	476(+8)				1430.0	晴		12.0	2.0	2.0	18.2	6.0	1	60.0	良				(インディゴブラック)																																																									
2020106836	2025-09-20	4阪神6		4.0	阪神ジャンプS(JGIII)								西谷誠		障3140				3:34.3	4.7		1-1-3-4	102.0-0.0	13.6	470(-6)					曇		9.0	8.0	9.0	10.6	3.0	6	60.0	良				ネビーイーム																																																									
2020106836	2025-11-08	4京都1		8.0	京都ジャンプS(JGIII)								西谷誠		障3170				3:40.8	3.5		1-1-1-1	110.0-0.0	13.9	468(-2)					晴		10.0	4.0	4.0	14.8	5.0	9	60.0	良				ローディアマント																																																									
2020106896	2022-09-04	4小倉8	晴	5.0	2歳新馬		11.0	6.0	6.0	7.6	3.0	3	角田大河	51.0	芝1800		良	**	1:50.7	0.1	**	7-7-6-4	37.9-35.5	35.2	486(0)			トーアライデン	180.0																																																																							
2020106896	2022-09-24	5中京6	晴	3.0	2歳未勝利		11.0	6.0	7.0	15.8	7.0	6	角田大河	51.0	芝2000		稍	**	2:01.7	0.9	**	7-9-7-9	37.4-35.2	35.4	482(-4)			エゾダイモン																																																																								
2020106896	2022-12-17	6中京5	曇	1.0	2歳未勝利		16.0	5.0	10.0	4.2	2.0	1	角田大河	52.0	ダ1800		良	**	1:55.7	-1.2	**	2-3-2-2	37.6-39.5	39.4	488(+6)			(リグレイアー)	520.0																																																																							
2020106896	2023-01-29	1小倉6	曇	9.0	くすのき賞(1勝クラス)		14.0	8.0	13.0	8.4	5.0	3	角田大和	54.0	ダ1700		重	**	1:45.0	0.6	**	12-11-6-3	28.8-38.3	38.4	484(-4)			ツウカイリアル	274.3																																																																							
2020106896	2023-02-18	1阪神3	曇	8.0	3歳1勝クラス		16.0	7.0	13.0	9.0	4.0	4	角田大河	52.0	ダ1800		良	**	1:54.7	0.5	**	4-5-3-2	36.5-38.7	38.8	480(-4)			オーロイプラータ	120.0																																																																							
2020106896	2023-03-11	2中京1	晴	6.0	3歳1勝クラス		13.0	1.0	1.0	4.9	4.0	2	小沢大仁	53.0	ダ1800		良	**	1:53.6	0.0	**	5-4-1-1	37.5-37.2	37.2	484(+4)			ソッコータルマカ	310.0																																																																							
2020106896	2023-04-16	2阪神8	晴	5.0	3歳1勝クラス		15.0	8.0	15.0	6.6	3.0	10	小沢大仁	53.0	ダ1800		不	**	1:53.2	1.4	**	6-5-7-7	36.3-38.3	39.0	478(-6)			メイショウオーロラ																																																																								
2020106896	2023-04-29	1京都3	曇	9.0	矢車賞(1勝クラス)		8.0	4.0	4.0	13.8	7.0	7	角田大河	54.0	芝2200		良	**	2:14.6	1.9	**	3-3-3-3	35.6-35.5	36.3	480(+2)			ミタマ																																																																								
2020106896	2023-06-11	1函館2	曇	12.0	3歳以上1勝クラス		12.0	2.0	2.0	7.4	3.0	1	角田大和	52.0	ダ1700		稍	**	1:45.0	-0.2	**	4-5-5-2	29.5-38.4	37.8	482(+2)			(ディアサクセサー)	800.0																																																																							
2020106896	2023-06-24	1函館5	曇	10.0	竜飛崎特別(2勝クラス)		13.0	5.0	6.0	3.6	2.0	4	武豊	53.0	ダ1700		重	**	1:45.5	0.5	**	6-6-4-5	30.7-36.3	36.4	484(+2)			レッドエランドール	230.0																																																																							
2020106896	2023-07-15	3中京5	晴	10.0	大府特別(2勝クラス)		16.0	1.0	2.0	17.6	4.0	2	角田大河	53.0	ダ1800		良	**	1:53.3	0.4	**	4-4-4-3	37.2-37.4	37.5	466(-18)			ゼットリアン	630.0																																																																							
2020106896	2023-11-19	3京都6	晴	7.0	3歳以上2勝クラス		16.0	4.0	7.0	4.7	2.0	5	角田大河	53.0	ダ1800		稍	**	1:52.9	0.6	**	6-7-6-5	36.1-37.1	37.2	490(+24)			メテオリート	114.0																																																																							
2020106896	2023-12-10	4中京4	晴	9.0	大須特別(2勝クラス)		16.0	4.0	7.0	4.6	2.0	5	角田大和	55.0	ダ1800		良	**	1:53.8	0.5	**	9-9-8-4	37.1-37.6	37.4	492(+2)			フレンチギフト	155.0																																																																							
2020106896	2024-01-13	1小倉1	晴	9.0	響灘特別(2勝クラス)		16.0	4.0	7.0	3.7	2.0	11	角田大和	55.0	ダ1700		良	**	1:47.1	1.5	**	11-9-3-3	29.8-38.1	39.4	484(-8)			ラニカイ																																																																								
2020106896	2024-07-14	3小倉6	雨	10.0	西部日刊スポーツ杯(2勝クラス)		15.0	5.0	9.0	14.6	6.0	12	角田大和	56.0	ダ1700		不	**	1:45.1	1.8	**	8-7-10-9	29.5-36.8	38.0	486(+2)			ライジングラパス																																																																								
2020106896	2024-09-21	4中山6	曇	12.0	3歳以上2勝クラス		14.0	2.0	4.0	25.1	8.0	7	柴田裕一	53.0	ダ1800		良	**	1:53.8	1.7	**	4-4-5-5	36.5-37.4	38.7	488(+2)			マンマリアーレ																																																																								
2020106896	2024-11-16	6京都5	小雨	8.0	3歳以上2勝クラス		16.0	3.0	6.0	34.4	8.0	2	酒井学	56.0	ダ1800		良	**	1:52.2	0.2	**	9-9-9-10	35.1-39.5	37.7	496(+8)			バロネッサ	460.0																																																																							
2020106896	2024-11-30	4中京1	晴	9.0	犬山特別(2勝クラス)		16.0	2.0	3.0	7.8	6.0	1	横山和生	56.0	ダ1800		良	**	1:53.0	-0.1	**	14-13-1-1	37.7-37.6	37.6	498(+2)			(ルナビス)	1585.0																																																																							
2020106896	2025-02-01	1京都1	曇	11.0	舞鶴S(3勝クラス)		12.0	7.0	10.0	65.1	8.0	11	岩田康誠	56.0	ダ1800		良	**	1:54.3	2.1	**	10-9-3-3	36.8-37.0	38.8	502(+4)			ダブルハートボンド																																																																								
2020106896	2025-02-16	1京都6	曇	10.0	北山S(3勝クラス)		13.0	8.0	13.0	114.8	11.0	11	浜中俊	56.0	ダ1800		稍	**	1:53.2	1.5	**	13-13-13-12	36.3-37.5	37.4	502(0)			コンティノアール																																																																								
2020106896	2025-04-06	3中山4	晴	10.0	アリエスS(3勝クラス)		16.0	8.0	16.0	81.6	14.0	3	角田大和	56.0	ダ1800		稍	**	1:52.7	0.8	**	14-14-10-7	36.0-37.8	37.8	480(-22)			マンマリアーレ	464.9																																																																							
2020106896	2025-05-03	1新潟1	晴	11.0	三条S(3勝クラス)		15.0	4.0	6.0	37.5	11.0	9	国分恭介	56.0	ダ1800		稍	**	1:53.2	0.9	**	13-12-13-13	37.9-37.3	36.8	486(+6)			アピーリングルック																																																																								
2020106896	2025-08-31	4中京4	晴	10.0	白川郷S(3勝クラス)		16.0	2.0	4.0	44.8	10.0	11	角田大和	56.0	ダ1900		良	**	2:00.6	2.1	**	13-13-14-12	29.3-38.0	38.8	484(-2)			カゼノランナー																																																																								
2020106896	2025-09-15	4阪神5	晴	11.0	JRAアニバーサリー(3勝クラス)		14.0	6.0	10.0	39.2	10.0	7	松若風馬	52.0	ダ1800		良	**	1:53.5	1.9	**	11-11-11-10	36.7-38.5	38.1	488(+4)			バスタードサフラン																																																																								
2020106896	2025-10-18	3京都6	曇	11.0	トルマリンS(3勝クラス)		16.0	1.0	2.0	49.7	12.0	8	松若風馬	56.0	ダ1800		稍	**	1:52.0	0.9	**	11-8-11-10	36.4-36.6	36.8	498(+10)			レイナデアルシーラ																																																																								
2020106896	2025-12-27	5阪神7	晴	10.0	摩耶S(3勝クラス)		16.0	3.0	5.0	237.4	14.0	12	酒井学	56.0	ダ1800		稍	**	1:54.6	1.8	**	13-13-13-12	36.2-38.4	39.2	504(+6)			ハナウマビーチ																																																																								
2020106908	2022-10-29	4東京8	晴	5.0	2歳新馬		15.0	5.0	9.0	24.5	7.0	3	横山武史	54.0	芝1600		良	**	1:36.1	0.6	**	12-12	36.4-33.9	33.6	452(0)			シャンパンカラー	180.0																																																																							
2020106908	2022-11-26	5東京7	曇	3.0	2歳未勝利		16.0	2.0	3.0	7.8	5.0	4	横山武史	54.0	芝1800		良	**	1:47.9	0.5	**	5-5-5	35.7-35.3	35.2	448(-4)			アップトゥミー	78.0																																																																							
2020106908	2023-02-12	1東京6	晴	3.0	3歳未勝利		16.0	4.0	8.0	3.3	1.0	1	川田将雅	54.0	ダ1600		重	**	1:36.5	-0.2	**	3-3	35.0-36.4	36.1	444(-4)			(ナックダンス)	550.0																																																																							
2020106908	2023-05-13	2東京7	小雨	6.0	3歳1勝クラス		16.0	6.0	12.0	3.7	1.0	7	川田将雅	54.0	ダ1400		稍	**	1:23.8	1.0	**	8-9	35.0-35.9	36.0	452(+8)			レディフォース																																																																								
2020106908	2023-06-11	3東京4	小雨	7.0	3歳以上1勝クラス		16.0	3.0	5.0	5.7	3.0	3	戸崎圭太	53.0	ダ1600		重	**	1:36.6	0.1	**	6-5	36.4-35.2	34.8	454(+2)			リバートゥルー	200.0																																																																							
2020106908	2023-07-02	2福島2	晴	8.0	3歳以上1勝クラス		10.0	4.0	4.0	3.0	2.0	1	戸崎圭太	53.0	ダ1700		稍	**	1:45.4	-0.1	**	7-7-2-2	29.9-37.4	37.4	452(-2)			(フラッパールック)	800.0																																																																							
2020106908	2023-09-23	4中山6	曇	12.0	3歳以上2勝クラス		16.0	8.0	16.0	8.1	3.0	3	戸崎圭太	53.0	ダ1800		重	**	1:52.3	0.9	**	7-7-7-5	36.1-38.2	38.2	460(+8)			サーマルソアリング	290.0																																																																							
2020106908	2023-10-15	4東京5	曇	8.0	3歳以上2勝クラス		12.0	8.0	11.0	3.3	2.0	3	戸崎圭太	54.0	ダ1600		不	**	1:35.8	0.8	**	7-7	34.7-36.2	36.2	460(0)			リバートゥルー	290.0																																																																							
2020106908	2023-11-12	3福島4	曇	10.0	福島放送賞(2勝クラス)		15.0	7.0	12.0	3.2	1.0	2	佐々木大	54.0	ダ1700		良	**	1:45.2	0.0	**	5-5-4-3	30.1-37.9	37.6	458(-2)			メイクザビート	632.6																																																																							
2020106908	2024-01-20	1中山6	小雨	9.0	初茜賞(2勝クラス)		16.0	2.0	3.0	4.3	3.0	1	戸崎圭太	55.0	ダ1800		良	**	1:53.5	0.0	**	4-4-3-3	37.4-39.2	38.9	460(+2)			(フェブランシェ)	1584.3																																																																							
2020106908	2024-12-15	5中山6	晴	10.0	北総S(3勝クラス)		16.0	3.0	5.0	32.2	8.0	16	横山和生	56.0	ダ1800		良	**	1:55.5	2.7	**	3-4-3-4	36.8-38.8	41.2	468(+8)			ハビレ																																																																								
2020106908	2025-01-25	1中京8	晴	11.0	瀬戸S(3勝クラス)		14.0	8.0	13.0	50.7	9.0	14	横山典弘	56.0	ダ1900		良	**	2:01.9	3.9	**	6-6-6-8	31.2-36.9	40.3	460(-8)			テーオーパスワード																																																																								
2020106908	2025-04-06	3中山4	晴	10.0	アリエスS(3勝クラス)		16.0	3.0	6.0	131.1	15.0	8	石橋脩	56.0	ダ1800		稍	**	1:53.3	1.4	**	12-12-9-7	36.0-37.8	38.5	460(0)			マンマリアーレ																																																																								
2020106908	2025-05-25	2京都10	曇	10.0	高瀬川S(3勝クラス)		16.0	6.0	11.0	84.4	13.0	13	菱田裕二	56.0	ダ1400		重	**	1:23.5	1.3	**	14-11	34.2-36.3	36.5	466(+6)			キャプテンネキ																																																																								
2020106908	2025-09-13	4中山3	曇	11.0	初風S(3勝クラス)		10.0	2.0	2.0	57.4	9.0	6	柴田善臣	56.0	ダ1200		重	**	1:11.1	1.2	**	5-5	34.1-35.8	36.5	472(+6)			ユキマル																																																																								
2020106908	2025-11-16	5東京4	晴	9.0	銀嶺S(3勝クラス)		14.0	6.0	10.0	59.4	8.0	11	酒井学	52.0	ダ1400		良	**	1:24.8	1.4	**	7-7	35.2-36.2	36.9	472(0)			ダノンフィーゴ																																																																								
2020106908	2025-12-28	5中山8	晴	10.0	フェアウェルS(3勝クラス)		16.0	7.0	14.0	160.8	16.0	8	柴田善臣	56.0	ダ1200		良	**	1:11.7	0.8	**	15-14	33.4-37.5	36.9	466(-6)			カンパニョーラ																																																																								
2020106987	2022-07-02	2福島1		6.0	2歳新馬								嶋田純次		ダ1150				1:11.8	1.8		5-6	32.7-37.3	38.6	484(0)																																	晴		12.0	5.0	6.0	3.2	2.0	7	54.0	良	**	**		バグラダス																													
2020106987	2022-07-17	2福島6		2.0	2歳未勝利								嶋田純次		芝1200				1:10.6	-0.1		2-2	35.3-35.3	35.2	488(+4)				520.0																													曇		11.0	7.0	9.0	7.5	4.0	1	54.0	稍	**	**		(リサリサ)																													
2020106987	2022-08-06	2新潟3		9.0	ダリア賞(OP)								嶋田純次		芝1400				1:22.6	0.9		1-1	34.3-35.4	36.3	488(0)				160.0																													晴		11.0	3.0	3.0	41.8	9.0	5	54.0	良	**	**		ミシシッピテソーロ																													
2020106987	2022-12-17	6中京5		9.0	報知杯中京2歳S(OP)								嶋田純次		芝1200				1:08.9	0.9		2-2	34.2-33.8	34.3	488(0)				160.0																													小雨		10.0	4.0	4.0	108.4	9.0	5	54.0	良	**	**		ビッグシーザー																													
2020106987	2023-01-08	1中山3		9.0	朱竹賞(1勝クラス)								嶋田純次		芝1200				1:09.6	0.8		3-2	34.2-34.6	35.2	486(-2)				107.0																													晴		12.0	5.0	6.0	7.7	4.0	5	54.0	良	**	**		ニジュウダンサー																													
2020106987	2023-01-28	1東京1		10.0	クロッカスS(L)								嶋田純次		芝1400				1:21.8	0.7		2-2	35.2-33.8	34.4	490(+4)				200.0																													晴		10.0	8.0	9.0	34.9	8.0	5	54.0	良	**	**		ヤクシマ																													
2020106987	2023-03-12	2中山6		11.0	アネモネS(L)								嶋田純次		芝1600				1:35.0	1.2		3-3-3	34.7-35.1	36.0	488(-2)																																	曇		16.0	6.0	11.0	126.8	12.0	12	54.0	良	**	**		トーセンローリエ																													
2020106987	2023-03-25	3中山1		5.0	3歳1勝クラス								嶋田純次		芝1200				1:11.5	0.6		3-3	34.1-36.8	37.0	496(+8)				310.0																													雨		11.0	3.0	3.0	6.3	3.0	2	54.0	不	**	**		アンビバレント																													
2020106987	2023-04-15	1福島3		9.0	雪うさぎ賞(1勝クラス)								黛弘人		芝1200				1:10.1	0.8		5-5	33.2-36.1	36.3	494(-2)				107.0																													雨		16.0	5.0	10.0	5.5	2.0	5	54.0	稍	**	**		リトルウインディー																													
2020106987	2023-07-15	2福島5		8.0	3歳以上1勝クラス								嶋田純次		芝1200				1:11.4	0.4		6-6	35.4-35.6	35.5	494(0)																																	雨		14.0	1.0	1.0	4.5	2.0	7	53.0	稍	**	**		サウンドクレア																													
2020106987	2023-07-23	2福島8		12.0	3歳以上1勝クラス								内田博幸		芝1200				1:09.2	-0.1		4-3	33.8-35.4	35.1	490(-4)				800.0																													晴		13.0	3.0	4.0	10.9	5.0	1	53.0	良	**	**		(サウザンサニー)																													
2020106987	2023-09-30	4中山8		10.0	勝浦特別(2勝クラス)								内田博幸		芝1200				1:10.4	1.2		7-10	34.7-34.5	35.2	496(+6)																																	晴		16.0	5.0	10.0	27.0	9.0	14	54.0	良	**	**		タリア																													
2020106987	2023-11-19	5東京6		12.0	3歳以上2勝クラス								内田博幸		芝1400				1:21.4	0.6		4-4	35.3-33.6	33.9	490(-6)																																	晴		18.0	6.0	11.0	123.3	15.0	7	55.0	良	**	**		ベガリス																													
2020106987	2024-01-13	1中山4		12.0	4歳以上2勝クラス								内田博幸		芝1200				1:08.5	0.1		1-1	33.4-35.0	35.1	492(+2)				460.0																													小雨		15.0	1.0	1.0	17.9	8.0	2	56.0	良	**	**		エコロレジーナ																													
2020106987	2024-02-10	2小倉1		10.0	大濠特別(2勝クラス)								佐々木大		芝1200				1:08.8	0.2		2-4	33.9-34.7	34.6	496(+4)																																	晴		14.0	8.0	13.0	5.3	3.0	7	55.0	良	**	**		サニーオーシャン																													
2020106987	2024-03-09	2中山5		12.0	4歳以上2勝クラス								内田博幸		芝1200				1:09.6	0.0		5-5	33.7-35.9	35.3	496(0)				460.0																													晴		13.0	8.0	13.0	11.4	5.0	2	56.0	稍	**	**		サウザンサニー																													
2020106987	2024-04-13	3中山7		8.0	4歳以上2勝クラス								内田博幸		芝1200				1:09.8	0.7		8-8	35.3-33.8	34.0	494(-2)																																	晴		12.0	5.0	5.0	3.1	2.0	11	56.0	良	**	**		ティニア																													
2020106987	2024-04-21	1福島6		11.0	福島中央テレビ杯(2勝クラス)								杉原誠人		芝1200				1:09.9	1.2		9-10	34.2-34.5	35.1	490(-4)																																	晴		16.0	8.0	15.0	14.3	7.0	16	56.0	良	**	**		アシャカタカ																													
2020106987	2024-06-30	1函館8		10.0	立待岬特別(2勝クラス)								黛弘人		芝1200				1:09.3	0.5		3-4	34.1-34.7	34.9	490(0)				155.0																													曇		15.0	2.0	3.0	19.1	10.0	5	56.0	良	**	**		オウバイトウリ																													
2020106987	2024-08-04	1札幌6		10.0	札幌スポニチ賞(2勝クラス)								黛弘人		芝1200				1:11.1	1.8		10-11	34.2-35.1	35.8	492(+2)																																	曇		16.0	2.0	3.0	16.5	8.0	16	56.0	稍	**	**		コナブラック																													
2020106987	2024-12-21	5中山7		12.0	クリスマスC(2勝クラス)								嶋田純次		芝1200				1:09.3	1.3		10-11	33.5-34.5	34.7	500(+8)																																	晴		16.0	8.0	15.0	68.7	11.0	14	56.0	良	**	**		ジューンブレア																													
2020106987	2025-08-03	1札幌4		10.0	苫小牧特別(2勝クラス)								黛弘人		芝1200				1:08.7	0.3		3-5	33.5-34.9	34.8	508(+8)																																	晴		13.0	1.0	1.0	202.0	13.0	9	56.0	良	**	**		エヴァンスウィート																													
2020106987	2025-08-16	1札幌7		10.0	知床特別(2勝クラス)								黛弘人		芝1200				1:09.0	0.4		4-4	34.5-34.1	34.1	510(+2)																																	晴		13.0	4.0	4.0	62.5	10.0	9	56.0	良	**	**		エスペシャリー																													
2020106987	2025-11-09	5東京2		8.0	3歳以上2勝クラス								松岡正海		ダ1300				1:20.1	2.6		6-7	29.0-36.5	38.2	508(-2)																																	小雨		16.0	7.0	13.0	97.9	14.0	12	56.0	稍	**	**		アンズアメ																													
2020106987	2025-12-27	5中山7		9.0	ベストウィッシュC(2勝クラス)								嶋田純次		芝1200				1:08.5	0.7		5-5	33.2-34.6	34.6	504(-4)				630.4																													曇		16.0	8.0	15.0	295.3	14.0	2	56.0	良	**	**		アンビバレント																													
2020106987	2026-01-17	1中山6		12.0	4歳以上2勝クラス								嶋田純次		芝1200				1:08.1	0.1		5-5	34.3-33.7	33.5	504(0)				300.0																													晴		16.0	1.0	2.0	23.0	10.0	3	56.0	良				カンシン																													
2020107030	2022-08-20	2札幌3		5.0	2歳新馬								角田大和		芝1500							10	31.0-35.6		434(0)																																															曇		12.0	4.0	4.0	44.4	8.0	中	52.0	稍	**	**		ドルチェモア															
2020107030	2022-10-02	5中京9		3.0	2歳未勝利								国分優作		芝1600				1:35.5	0.1		10-11-10	35.8-35.2	34.2	440(+6)				210.0																																											晴		13.0	2.0	2.0	18.3	6.0	2	54.0	良	**	**		メランポジューム															
2020107030	2022-10-29	4阪神8		3.0	2歳未勝利								和田竜二		芝1800				1:47.8	0.1		7-7	36.4-34.9	34.5	440(0)				130.0																																											晴		13.0	2.0	2.0	5.4	2.0	3	54.0	良	**	**		ティムール															
2020107030	2022-11-27	5阪神8		3.0	2歳未勝利								鮫島克駿		芝1800				1:48.2	0.3		3-3	35.6-34.9	34.9	438(-2)				78.0																																											晴		12.0	6.0	7.0	4.5	3.0	4	54.0	良	**	**		セッション															
2020107030	2022-12-17	6中京5		4.0	2歳未勝利								泉谷楓真		芝1600				1:34.7	0.0		10-9-8	35.5-35.4	34.8	436(-2)				210.0																																											曇		16.0	8.0	15.0	5.3	2.0	2	53.0	良	**	**		ハッピーパンニャ															
2020107030	2023-03-25	2阪神1		6.0	3歳未勝利								川島信二		芝1600				1:34.7	0.4		10-8	36.0-34.6	34.4	444(+8)				220.0																																											曇		18.0	1.0	1.0	3.9	2.0	2	54.0	稍	**	**		システムリブート															
2020107030	2023-04-16	2阪神8		3.0	3歳未勝利								鮫島克駿		芝1600				1:34.2	0.5		9-9	34.7-35.6	35.2	444(0)				140.0																																											晴		18.0	7.0	14.0	3.6	1.0	3	54.0	稍	**	**		エルトンバローズ															
2020107030	2023-09-02	3小倉7		4.0	3歳未勝利								永島まな		芝1800				1:48.4	-0.2		6-6-4-3	35.5-36.7	36.5	444(0)				550.0																																											曇		16.0	8.0	16.0	3.1	1.0	1	51.0	稍	**	**		(ローブドゥマリエ)															
2020107030	2023-10-01	4阪神9		6.0	3歳以上1勝クラス								永島まな		芝1600				1:33.8	0.1		5-6	36.0-34.0	33.5	442(-2)				320.0																																											曇		16.0	3.0	5.0	6.7	4.0	2	51.0	稍	**	**		アルナージェイン															
2020107030	2023-10-22	4新潟4		9.0	柏崎特別(1勝クラス)								丹内祐次		芝1600				1:36.2	0.0		5-4	36.7-34.4	34.1	448(+6)				1149.2																																											晴		14.0	6.0	9.0	2.6	1.0	1	54.0	稍	**	**		(シルヴァーデューク)															
2020107030	2023-12-16	5阪神5		10.0	甲東特別(2勝クラス)								モリス		芝1600				1:34.9	1.2		5-6	34.9-35.4	36.0	442(-6)																																															曇		14.0	1.0	1.0	20.0	7.0	10	55.0	稍	**	**		ディオ															
2020107030	2024-04-07	2阪神6		7.0	4歳以上2勝クラス								Ｍ．デム		芝1600				1:33.6	0.1		9-9	35.6-33.6	32.8	444(+2)				290.0																																											晴		9.0	4.0	4.0	17.4	7.0	3	56.0	良	**	**		テンノメッセージ															
2020107030	2024-05-11	2東京7		9.0	国分寺特別(2勝クラス)								モレイラ		芝1800				1:46.0	-0.1		6-5-5	36.3-34.1	33.7	450(+6)				1575.9																																											晴		12.0	6.0	8.0	5.3	3.0	1	56.0	良	**	**		(ロジシルバー)															
2020107030	2024-08-03	2新潟3		7.0	新潟日報賞(3勝クラス)								団野大成		芝1800				1:44.8	0.7		9-8	34.1-34.8	33.8	446(-4)																																															晴		16.0	4.0	7.0	26.4	6.0	7	56.0	良	**	**		シンティレーション															
2020107030	2024-11-10	5東京4		10.0	ユートピアS(3勝クラス)								横山和生		芝1800				1:46.5	-0.2		11-11-10	36.1-34.2	32.9	446(0)				1868.0																																											曇		13.0	6.0	9.0	15.1	7.0	1	56.0	良	**	**		(ホウオウラスカーズ)															
2020107030	2025-01-13	1中山5		11.0	ニューイヤーS(L)								田辺裕信		芝1600				1:33.2	0.9		11-10-9	34.5-34.9	34.6	456(+10)																																															晴		16.0	5.0	9.0	35.0	9.0	12	55.0	良	**	**		トロヴァトーレ															
2020107030	2025-02-15	1京都5		11.0	洛陽S(L)								和田竜二		芝1600				1:34.6	0.8		10-9	35.2-34.9	34.6	454(-2)																																															晴		16.0	4.0	7.0	60.9	13.0	12	53.0	良	**	**		ロジリオン															
2020107030	2025-03-09	1阪神4		11.0	大阪城S(L)								松山弘平		芝1800				1:46.3	1.7		7-7	35.3-33.6	34.9	456(+2)																																															晴		14.0	7.0	11.0	30.5	8.0	13	55.0	良	**	**		デビットバローズ															
2020107030	2025-06-22	3東京6		11.0	府中牝馬S(GIII)								原優介		芝1800				1:46.5	0.5		14-14-14	35.5-35.4	34.6	452(-4)																																															晴		14.0	6.0	10.0	22.8	8.0	7	52.0	良	**	**		セキトバイースト															
2020107030	2025-10-13	4東京5		11.0	オクトーバーS(L)								原優介		芝2000				1:58.4	0.9		9-11-11	35.8-34.2	34.1	458(+6)																																															曇		18.0	5.0	10.0	17.9	9.0	7	52.0	良	**	**		ニシノレヴナント															
2020107030	2025-11-15	4京都3		10.0	アンドロメダS(L)								松若風馬		芝2000				2:00.1	1.2		12-13-13-12	35.5-35.1	35.2	460(+2)																																															晴		16.0	3.0	5.0	52.8	13.0	12	55.0	良	**	**		ウエストナウ															
2020107030	2025-12-13	5中京3		11.0	中日新聞杯(GIII)								西塚洸二		芝2000				1:58.4	0.8		8-9-12-12	35.1-34.1	33.7	462(+2)																																															晴		18.0	1.0	2.0	110.8	13.0	11	52.0	良	**	**		シェイクユアハート															
2020107095	2022-09-04	3新潟8	晴	6.0	2歳新馬		17.0	2.0	4.0	35.7	8.0	13	菅原隆一	54.0	芝1400		良	**	1:25.4	1.7	**	3-3	35.1-36.1	37.5	436(0)			コーパスクリスティ																																																																								
2020107095	2022-11-20	5東京6	曇	1.0	2歳未勝利		16.0	7.0	14.0	231.4	13.0	5	菅原隆一	55.0	ダ1400		良	**	1:28.2	1.1	**	6-3	36.6-37.5	38.2	444(+8)			ハチメンロッピ	52.0																																																																							
2020107095	2022-12-04	5中山2	晴	1.0	2歳未勝利		16.0	6.0	12.0	23.2	6.0	4	菅原隆一	55.0	ダ1200		良	**	1:14.0	1.4	**	6-4	34.2-38.4	39.2	446(+2)			グラスシフォン	78.0																																																																							
2020107095	2022-12-17	5中山5	曇	3.0	2歳未勝利		16.0	5.0	10.0	57.1	6.0	10	菅原隆一	55.0	ダ1200		良	**	1:14.1	2.6	**	2-2	34.5-37.0	39.4	448(+2)			ホロニックパス																																																																								
2020107095	2023-03-12	2中山6	晴	2.0	3歳未勝利		16.0	5.0	10.0	64.0	9.0	4	菅原隆一	56.0	ダ1200		良	**	1:12.6	0.7	**	2-2	34.5-37.4	38.0	452(+4)			ニットウバジル	83.0																																																																							
2020107095	2023-04-01	3中山3	晴	2.0	3歳未勝利		16.0	5.0	10.0	14.2	6.0	4	菅原隆一	56.0	ダ1200		良	**	1:12.6	0.8	**	4-5	34.2-37.6	37.9	452(0)			ハローマイラブリー	83.0																																																																							
2020107095	2023-04-15	1福島3	小雨	1.0	3歳未勝利		16.0	6.0	12.0	4.2	2.0	2	菱田裕二	56.0	ダ1150		良	**	1:09.7	0.8	**	2-3	32.0-36.9	37.6	458(+6)			デアシュトゥルム	220.0																																																																							
2020107095	2023-04-29	1新潟1	晴	3.0	3歳未勝利		15.0	5.0	8.0	12.3	5.0	2	菱田裕二	56.0	ダ1200		良	**	1:12.7	0.1	**	4-4	34.5-38.1	37.7	458(0)			サルトルーヴィル	220.0																																																																							
2020107095	2023-05-14	1新潟6	曇	2.0	3歳未勝利		15.0	5.0	8.0	2.6	1.0	2	原優介	54.0	ダ1200		良	**	1:12.8	0.0	**	3-3	34.8-38.0	37.8	458(0)			ハルクバローズ	220.0																																																																							
2020107095	2023-06-03	3東京1	曇	6.0	3歳未勝利		16.0	5.0	10.0	3.2	2.0	2	戸崎圭太	56.0	ダ1300		不	**	1:17.4	0.0	**	2-2	30.1-35.1	34.9	454(-4)			マラマプア	220.0																																																																							
2020107095	2023-06-17	3東京5	晴	4.0	3歳未勝利		16.0	1.0	1.0	1.9	1.0	2	Ｍ．デム	56.0	ダ1300		良	**	1:18.7	0.5	**	6-5	29.0-37.5	37.2	454(0)			サクセスバラード	220.0																																																																							
2020107095	2023-06-24	3東京7	晴	3.0	3歳未勝利		16.0	7.0	13.0	2.5	1.0	1	戸崎圭太	56.0	ダ1300		良	**	1:19.5	-0.2	**	2-2	30.6-36.2	36.1	454(0)			(グングニル)	550.0																																																																							
2020107095	2023-10-15	4東京5	小雨	6.0	3歳以上1勝クラス		16.0	2.0	4.0	4.7	2.0	8	菅原隆一	57.0	ダ1300		不	**	1:18.7	0.8	**	3-3	29.3-36.4	36.9	458(+4)			ウォルラス																																																																								
2020107095	2023-10-28	4新潟5	雨	3.0	3歳以上1勝クラス		11.0	7.0	9.0	3.8	2.0	3	佐々木大	56.0	ダ1200		稍	**	1:12.4	0.7	**	4-4	35.0-36.7	37.0	460(+2)			バンドールロゼ	200.0																																																																							
2020107095	2023-11-11	5東京3	曇	7.0	3歳以上1勝クラス		16.0	8.0	16.0	23.0	10.0	10	北村宏司	57.0	ダ1300		良	**	1:20.4	1.9	**	6-6	29.1-37.1	38.5	466(+6)			ニットウバジル																																																																								
2020107095	2024-02-04	1東京4	曇	8.0	4歳以上1勝クラス		16.0	3.0	6.0	38.8	7.0	8	菅原隆一	58.0	ダ1300		良	**	1:19.8	0.7	**	9-7	29.7-37.6	37.3	470(+4)			エスパダアスール																																																																								
2020107095	2024-08-18	3新潟4	晴	8.0	3歳以上1勝クラス		15.0	2.0	2.0	54.3	10.0	2	木幡育也	58.0	ダ1200		良	**	1:12.3	0.5	**	5-4	35.1-36.7	36.7	476(+6)			アイズ	320.0																																																																							
2020107095	2024-08-24	3新潟5	晴	12.0	3歳以上1勝クラス		15.0	2.0	3.0	13.5	6.0	4	木幡育也	58.0	ダ1200		良	**	1:12.1	0.8	**	6-5	34.1-37.2	37.1	474(-2)			モリノセピア	120.0																																																																							
2020107095	2024-09-07	4中山1	晴	12.0	3歳以上1勝クラス		16.0	6.0	12.0	6.0	3.0	1	戸崎圭太	58.0	ダ1200		良	**	1:12.2	0.0	**	2-2	35.1-37.1	37.0	476(+2)			(エコロエイト)	800.0																																																																							
2020107095	2024-09-22	4中山7	曇	12.0	3歳以上2勝クラス		15.0	7.0	13.0	28.5	8.0	8	戸崎圭太	58.0	ダ1200		良	**	1:11.5	0.8	**	11-11	33.5-37.2	36.9	480(+4)			インビンシブルパパ																																																																								
2020107095	2024-11-03	5東京2	晴	8.0	3歳以上2勝クラス		12.0	3.0	3.0	33.5	10.0	5	三浦皇成	58.0	ダ1300		重	**	1:17.7	0.4	**	10-9	29.0-36.3	35.9	490(+10)			ハッピーロンドン	114.0																																																																							
2020107095	2024-11-16	5東京5	曇	8.0	3歳以上2勝クラス		16.0	6.0	11.0	21.3	9.0	5	三浦皇成	58.0	ダ1400		良	**	1:25.7	0.9	**	10-10	35.4-36.9	36.7	488(-2)			ビートエモーション	114.0																																																																							
2020107095	2024-12-14	5中山5	晴	12.0	3歳以上2勝クラス		16.0	7.0	14.0	36.7	9.0	6	三浦皇成	58.0	ダ1200		良	**	1:12.4	0.4	**	12-13	34.1-37.9	37.5	496(+8)			サザンステート																																																																								
2020107095	2025-02-16	1東京6	曇	12.0	4歳以上2勝クラス		15.0	2.0	3.0	9.3	4.0	5	三浦皇成	58.0	ダ1400		良	**	1:26.0	1.0	**	5-5	36.7-36.1	36.4	492(-4)			カフェニクス	114.0																																																																							
2020107095	2025-03-02	2中山2	晴	12.0	4歳以上2勝クラス		16.0	2.0	4.0	19.8	8.0	3	三浦皇成	58.0	ダ1200		良	**	1:11.9	0.3	**	9-8	33.7-37.9	36.7	482(-10)			ノーブルゲイル	290.0																																																																							
2020107095	2025-03-16	2中山6	小雨	12.0	4歳以上2勝クラス		16.0	2.0	3.0	9.8	4.0	6	三浦皇成	58.0	ダ1200		不	**	1:11.2	0.3	**	11-10	33.1-37.8	37.1	486(+4)			ショウナンアビアス																																																																								
2020107095	2025-04-06	3中山4	晴	12.0	4歳以上2勝クラス		15.0	2.0	2.0	6.2	3.0	3	佐々木大	58.0	ダ1200		稍	**	1:12.3	0.8	**	2-2	35.7-35.8	36.5	486(0)			ネイト	290.0																																																																							
2020107095	2025-04-19	3中山7	晴	12.0	葛飾特別(2勝クラス)		15.0	1.0	2.0	21.9	6.0	6	三浦皇成	58.0	ダ1200		良	**	1:12.8	0.4	**	8-5	35.2-37.2	37.0	486(0)			グレタ																																																																								
2020107095	2025-07-27	2新潟2	晴	8.0	出雲崎特別(2勝クラス)		15.0	1.0	1.0	49.4	11.0	10	三浦皇成	58.0	ダ1200		良	**	1:12.5	1.0	**	9-9	33.5-38.0	37.8	486(0)			ノットファウンド																																																																								
2020107095	2025-09-07	4中山2	晴	9.0	浦安特別(2勝クラス)		16.0	6.0	11.0	49.3	9.0	5	木幡巧也	58.0	ダ1200		良	**	1:11.8	0.7	**	7-8	33.8-37.3	37.0	492(+6)			モンドプリューム	155.0																																																																							
2020107095	2025-09-20	4中山6	曇	12.0	3歳以上2勝クラス		16.0	4.0	7.0	21.9	6.0	5	木幡巧也	58.0	ダ1200		重	**	1:11.6	1.1	**	4-4	34.2-36.3	37.0	490(-2)			エコロエイト	114.0																																																																							
2020107095	2025-10-12	4東京4	曇	12.0	3歳以上2勝クラス		16.0	4.0	7.0	63.4	10.0	7	木幡巧也	58.0	ダ1300		良	**	1:18.9	1.2	**	9-9	28.9-36.8	36.7	492(+2)			マーズオデッセイ																																																																								
2020107095	2025-10-25	4東京8	雨	12.0	3歳以上2勝クラス		13.0	5.0	7.0	80.8	10.0	6	北村宏司	58.0	ダ1400		稍	**	1:24.8	0.7	**	9-8	36.4-35.4	35.5	490(-2)			フウセツ																																																																								
2020107095	2025-11-16	5東京4	晴	7.0	3歳以上2勝クラス		16.0	3.0	6.0	149.4	14.0	13	杉原誠人	58.0	ダ1400		良	**	1:25.7	1.5	**	5-7	35.6-36.7	37.1	494(+4)			メイショウハチロー																																																																								
2020107095	2025-12-06	5中京1	晴	10.0	中京日経賞(2勝クラス)		13.0	7.0	10.0	194.9	11.0	7	武藤雅	58.0	ダ1200		良	**	1:12.0	1.1	**	9-9	34.8-36.1	36.1	492(-2)			ゼットエール																																																																								
2020107095	2025-12-20	5中京5	小雨	10.0	ヤングJSFR中京2(2勝クラス)		16.0	4.0	8.0	41.5	10.0	2	佐藤翔馬	58.0	ダ1400		稍	**	1:25.3	0.0	**	6-6	35.6-37.7	37.0	490(-2)			トルーマンテソーロ	631.6																																																																							
2020107095	2026-01-11	1中山4	晴	12.0	4歳以上2勝クラス		16.0	4.0	7.0	30.8	10.0	8	佐藤翔馬	55.0	ダ1200		良	**	1:12.1	1.2	**	12-12	33.1-37.8	37.4	494(+4)			スプランドゥール																																																																								
2020109076	2022-11-19	5阪神5	晴	5.0	2歳新馬		14.0	2.0	2.0	295.6	14.0	14	古川吉洋	55.0	芝1200		良	**	1:12.4	2.1	**	13-14	35.4-34.9	35.7	442(0)			グランテスト																																																																								
2020109076	2023-03-12	1阪神10	晴	2.0	3歳未勝利		16.0	3.0	5.0	424.4	16.0	11	田口貫太	53.0	ダ1200		良	**	1:16.2	2.1	**	12-13	36.0-38.1	38.3	444(+2)			アンジュフィールド																																																																								
2020109076	2023-05-18	園田	曇	8.0	JRA交流広峰山特別		7.0	2.0	2.0	50.3	7.0	3	田口貫太	53.0	ダ1400		良	**	1:32.9	2.0	**	5-5-5-4		41.0	443(-1)			コンドリュール	37.5																																																																							
2020109076	2023-06-03	3阪神1	晴	2.0	3歳未勝利		16.0	7.0	14.0	293.9	14.0	5	鷲頭虎太	53.0	ダ1800		重	**	1:54.0	2.3	**	12-12-9-5	37.4-36.4	37.9	436(-7)			ウォーターハウス	55.0																																																																							
2020109076	2023-06-18	3阪神6	曇	6.0	3歳未勝利		16.0	8.0	15.0	169.2	15.0	11	西塚洸二	53.0	ダ1800		良	**	1:56.7	2.1	**	9-7-10-10	36.6-39.7	40.7	426(-10)			ダイメイセブン																																																																								
2020109076	2023-08-05	2新潟3	晴	4.0	3歳未勝利		15.0	6.0	11.0	84.9	10.0	9	田口貫太	53.0	ダ1800		良	**	1:56.5	3.3	**	8-11-10-10	37.5-38.1	40.0	434(+8)			メダルラッシュ																																																																								
2020109076	2023-10-31	盛岡	晴	2.0	C2二組		8.0	5.0	5.0	3.1	2.0	3	鈴木祐	56.0	ダ1400		良	**	1:28.7	1.4	**	2-2		39.9	441(+7)			モンセラット	7.0																																																																							
2020109076	2023-11-07	盛岡	小雨	3.0	C2二組		9.0	8.0	9.0	3.9	2.0	3	山本政聡	56.0	ダ1400		不	**	1:25.6	0.5	**	5-5		37.9	440(-1)			シュリーデービー	7.0																																																																							
2020109076	2023-11-14	盛岡	曇	3.0	C2一組		8.0	2.0	2.0	5.3	3.0	5	鈴木祐	56.0	ダ1400		重	**	1:28.7	1.1	**	5-6		38.3	440(0)			ティーラミレス	2.5																																																																							
2020109076	2024-03-18	笠松	晴	2.0	C14組		7.0	6.0	6.0	2.9	2.0	2	深澤杏花	54.0	ダ1400		良	**	1:31.1	0.2	**	3-3-3		39.3	456(+16)			ウインユニバース	14.0																																																																							
2020109076	2024-04-01	笠松	晴	3.0	祝!第二回銀次爆誕杯(C)		8.0	5.0	5.0	4.6	2.0	1	岡部誠	56.0	ダ1400		良	**	1:31.2	-1.0	**	2-1-1		40.4	445(-11)			(サルジュターグ)	40.0																																																																							
2020109076	2024-04-18	笠松	曇	10.0	零れ桜特別(C)		10.0	3.0	3.0	4.4	3.0	1	岡部誠	56.0	ダ1400		良	**	1:29.7	-0.4	**	4-4-4		39.5	440(-5)			(トーセンダビット)	50.0																																																																							
2020109076	2024-05-10	笠松	晴	12.0	鵜鮎特別(C)		9.0	3.0	3.0	1.5	1.0	2	岡部誠	56.0	ダ1600		良	**	1:43.5	0.9	**	4-5-2		40.0	445(+5)			アンナプルナ	21.0																																																																							
2020109076	2024-06-05	笠松	晴	9.0	あやめ賞(C)		9.0	6.0	6.0	1.5	1.0	1	岡部誠	56.0	ダ1400		良	**	1:29.6	-0.5	**	3-2-1		37.5	449(+4)			(エクローサ)	45.0																																																																							
2020109076	2024-07-02	笠松	雨	8.0	星合特別(B)		9.0	5.0	5.0	11.5	3.0	5	岡部誠	56.0	ダ1400		重	**	1:31.2	1.4	**	6-6-4		39.5	449(0)			カズピレウス	3.0																																																																							
2020109076	2024-07-18	笠松	晴	7.0	B6組		10.0	5.0	5.0	2.3	1.0	1	岡部誠	56.0	ダ1600		良	**	1:44.1	-0.8	**	4-4-4		38.4	442(-7)			(プリティーメモリー)	45.0																																																																							
2020109076	2024-08-12	笠松	晴	9.0	打上花火特別(B)		8.0	1.0	1.0	6.1	4.0	5	筒井勇介	56.0	ダ1400		良	**	1:29.9	1.9	**	4-5-5		39.7	438(-4)			ウインエイムハイ	3.5																																																																							
2020109076	2024-08-28	笠松	曇	6.0	あみ&ゆうきWedd(B)		8.0	4.0	4.0	3.7	2.0	2	筒井勇介	56.0	ダ1400		良	**	1:30.4	0.3	**	4-4-4		39.9	443(+5)			アルマロクザン	15.8																																																																							
2020109076	2024-09-11	笠松	晴	8.0	B4組		7.0	3.0	3.0	3.6	2.0	2	筒井勇介	56.0	ダ1600		良	**	1:44.8	1.0	**	6-7-5		39.4	446(+3)			ニホンピロクリフ	15.8																																																																							
2020109076	2024-12-07	4中京3	曇	2.0	3歳以上1勝クラス		13.0	5.0	6.0	255.9	11.0	11	西塚洸二	57.0	ダ1400		良	**	1:27.7	3.7	**	11-11	35.0-36.7	39.4	442(-4)			トクシーカイザー																																																																								
2020109076	2025-04-06	3中山4	曇	4.0	障害4歳以上未勝利		12.0	1.0	1.0	123.5	12.0	10	伴啓太	60.0	障2880		良		3:21.2	3.0		10-10-10-9	109.1-0.0	14.0	448(+6)			メイショウカズサ																																																																								
2020109076	2025-05-18	1新潟6	曇	4.0	障害4歳以上未勝利		13.0	2.0	2.0	47.3	9.0	3	水沼元輝	57.0	障2890		稍		3:13.9	1.0		3-4-4-3	107.0-0.0	13.4	448(0)			フレッチア	210.0																																																																							
2020109076	2025-07-27	3中京2	晴	1.0	障害3歳以上未勝利		14.0	5.0	7.0	22.2	6.0	8	伴啓太	60.0	障3000		良		3:20.5	1.5		3-3-3-3	102.1-0.0	13.4	444(-4)			タマモエース																																																																								
2020109076	2025-12-27	5中山7	曇	8.0	3歳以上1勝クラス		16.0	6.0	11.0	395.8	14.0	14	水沼元輝	55.0	ダ1800		稍	**	1:59.3	5.4	**	14-14-15-13	37.1-38.3	42.5	452(+8)			ミダース																																																																								
2020109148	2022-07-02	3小倉1		5.0	2歳新馬								藤岡康太		芝1200				1:10.7	1.4		4-2	33.4-35.9	36.9	456(0)																																	晴		17.0	7.0	14.0	27.6	9.0	6	54.0	良	**	**		サツマノオンナ																													
2020109148	2022-07-16	3小倉5		1.0	2歳未勝利								藤岡康太		芝1200				1:10.2	0.8		4-4	33.6-35.8	36.2	448(-8)																																	曇		15.0	7.0	12.0	13.1	6.0	6	54.0	稍	**	**		テイエムユメキュウ																													
2020109148	2022-08-13	4小倉1		9.0	フェニックス賞(OP)								幸英明		芝1200				1:09.1	1.4		7-7	33.8-33.9	34.7	456(+8)				160.0																													晴		9.0	2.0	2.0	94.3	8.0	5	54.0	良	**	**		ミカッテヨンデイイ																													
2020109148	2022-08-27	4小倉5		9.0	ひまわり賞(OP)								幸英明		芝1200				1:09.5	0.6		6-6	33.4-35.5	35.3	444(-12)				355.1																													晴		17.0	5.0	10.0	25.0	4.0	3	53.0	良	**	**		サツマノオンナ																													
2020109148	2022-09-04	4小倉8		11.0	小倉2歳S(GIII)								富田暁		芝1200				1:10.1	2.0		11-11	33.2-34.9	35.7	442(-2)																																	晴		13.0	3.0	3.0	193.9	13.0	13	54.0	良	**	**		ロンドンプラン																													
2020109148	2022-12-03	6中京1		2.0	2歳未勝利								角田大和		ダ1400				1:27.8	1.0		15-15	36.3-37.9	37.5	454(+12)																																	晴		16.0	4.0	8.0	132.4	14.0	9	53.0	良	**	**		ユメハハテシナク																													
2020109148	2023-01-12	佐賀		4.0	JRA交流ミヤマキリ(3歳)								山口勲		ダ1400				1:29.9	-1.0		1-1-1-1		39.0	448(-6)				300.0																													曇		10.0	7.0	7.0	1.7	1.0	1	54.0	稍	**	**		(テイエムハヤカケン)																													
2020109148	2023-02-23	佐賀		7.0	JRA交流たんぽぽ賞(重賞)								山口勲		ダ1400				1:31.7	1.2		6-6-3-3		40.7	445(-3)				112.0																													晴		12.0	7.0	9.0	2.1	1.0	3	54.0	重	**	**		オバケノキンタ																													
2020109148	2023-07-18	佐賀		4.0	JRA交流えびの特別								飛田愛斗		ダ1400				1:30.8	-0.1		1-1-1-1		40.6	444(-1)				500.0																													晴		10.0	5.0	5.0	2.0	1.0	1	54.0	良	**	**		(セロンテソーロ)																													
2020109148	2023-08-16	佐賀		6.0	JRA交流霧島賞(重賞)								鮫島克駿		ダ1400				1:30.8	1.1		8-8-9-5		39.7	443(-1)																																	晴		12.0	2.0	2.0	4.6	3.0	7	54.0	良	**	**		イチザウイナー																													
2020109148	2023-11-25	3京都7		4.0	障害3歳以上未勝利								黒岩悠		障2910				3:27.1	7.5		5-5-6-7	108.1-0.0	14.2	466(+23)																																	晴		9.0	7.0	7.0	79.0	8.0	8	56.0	良				メイショウキリモン																													
2020109148	2024-01-28	1小倉6		4.0	障害4歳以上未勝利								黒岩悠		障2860				3:18.0	7.2		7-7-10-10	105.1-0.0	13.8	450(-16)																																	雨		12.0	3.0	3.0	253.4	12.0	11	57.0	良				ヴァリアメンテ																													
2020109148	2024-04-20	2東京1		8.0	4歳以上2勝クラス								丸田恭介		芝1400				1:22.0	1.3		10-9	34.9-34.1	34.1	444(-6)																																	曇		10.0	8.0	9.0	225.6	10.0	10	56.0	良	**	**		タイセイキューティ																													
2020109148	2024-07-09	佐賀		6.0	JRA交流霧島賞(重賞)								山口勲		ダ1400				1:29.9	1.5		6-6-8-7		39.5	451(+7)				64.0																													曇		12.0	4.0	4.0	47.7	8.0	5	54.0	良	**	**		ルピナステソーロ																													
2020109148	2024-07-20	3小倉7		4.0	障害3歳以上未勝利								黒岩悠		障2860				3:18.9	2.5		6-5-4-5	107.0-0.0	13.9	454(+3)																																	曇		7.0	7.0	7.0	61.9	7.0	6	58.0	稍				パーリーブラック																													
2020109148	2024-09-08	3中京2		1.0	障害3歳以上未勝利								黒岩悠		障3000				3:24.3	2.8		2-2-5-5	103.1-0.0	13.6	462(+8)																																	晴		9.0	8.0	8.0	87.6	8.0	6	58.0	良				トーセンオリジン																													
2020109148	2024-09-28	4中山8		1.0	障害3歳以上未勝利								黒岩悠		障2880				3:16.5	2.4		8-8-8-9	105.1-0.0	13.6	462(0)																																	曇		10.0	3.0	3.0	139.2	9.0	6	58.0	良				フェーレンベルク																													
2020109148	2025-02-08	1小倉5		4.0	障害4歳以上未勝利								黒岩悠		障2860				3:18.1	4.9		9-9-7-7	109.1-0.0	13.9	464(+2)				84.0																													晴		10.0	8.0	9.0	77.3	9.0	5	58.0	稍				グルーヴビート																													
2020109148	2025-03-09	2中山4		4.0	障害4歳以上未勝利								黒岩悠		障2880							9-9-9	110.1-0.0		462(-2)																																	晴		11.0	8.0	10.0	115.9	11.0	中	58.0	稍				テンメジャーガール																													
2020109148	2025-05-31	2京都11		7.0	4歳以上2勝クラス								黒岩悠		芝2000				2:04.0	4.5		6-6-6-6	37.3-35.3	38.6	474(+12)																																	曇		6.0	6.0	6.0	123.2	6.0	6	56.0	良	**	**		ハニーコム																													
2020109148	2025-07-06	2福島4		1.0	障害3歳以上未勝利								黒岩悠		障2750				3:05.8	2.3		6-6-6-7	107.0-0.0	13.5	462(-12)																																	晴		14.0	7.0	12.0	68.2	11.0	8	58.0	良				ビーンスターク																													
2020109148	2025-07-22	佐賀		6.0	JRA交流霧島賞(重賞)								石川慎将		ダ1400				1:29.0	0.4		9-7-5-5		38.6	460(-2)				256.0																													晴		12.0	2.0	2.0	15.5	6.0	2	54.0	良	**	**		ルピナステソーロ																													
2020109148	2025-09-14	4中山4		1.0	障害3歳以上未勝利								黒岩悠		障2880				3:19.1	0.6		3-3-2-2	110.1-0.0	13.8	458(-2)				210.0																													曇		9.0	5.0	5.0	44.6	6.0	3	58.0	良				フェーングロッテン																													
2020109148	2025-09-27	4中山8		1.0	障害3歳以上未勝利								黒岩悠		障2880				3:17.4	0.3		3-3-1-1	107.1-0.0	13.7	454(-4)				340.0																													曇		11.0	8.0	11.0	5.3	3.0	2	58.0	良				ヴラディア																													
2020109148	2025-12-21	5中山6		4.0	障害3歳以上未勝利								黒岩悠		障2880				3:25.3	9.1		6-6-8-7	109.1-0.0	14.3	464(+10)																																	曇		14.0	2.0	2.0	5.4	5.0	11	58.0	重				ダノンロッキー																													
2020109148	2026-01-17	1中山6		4.0	障害4歳以上未勝利								黒岩悠		障2880				3:16.5	1.6		3-3-2-2	106.1-0.0	13.6	458(-6)				210.0																													晴		12.0	1.0	1.0	7.7	4.0	3	58.0	良				コレクテイニア																													
2020110020	2022-10-23	4東京7		5.0	2歳新馬								吉田豊		芝1800				1:50.7	0.9		12-12-11	37.9-34.4	34.3	468(0)																																	晴		13.0	5.0	7.0	50.7	10.0	6	55.0	良	**	**		ガストリック																													
2020110020	2022-11-19	5東京5		3.0	2歳未勝利								吉田豊		ダ1600				1:40.8	0.4		10-5	35.6-39.2	38.7	468(0)				210.0																													晴		16.0	8.0	15.0	11.6	3.0	2	55.0	良	**	**		サンデュエル																													
2020110020	2023-01-05	1中山1		2.0	3歳未勝利								吉田豊		ダ1800				1:56.4	1.1		13-13-10-9	37.7-38.7	38.8	478(+10)				55.0																													晴		16.0	2.0	3.0	5.0	3.0	5	56.0	良	**	**		プレミアペガサス																													
2020110020	2023-01-22	1中山8		3.0	3歳未勝利								ルメール		ダ1800				1:57.9	1.9		12-12-7-4	37.5-39.7	41.1	476(-2)																																	曇		16.0	8.0	15.0	4.1	2.0	9	56.0	良	**	**		ヒューゴ																													
2020110020	2023-03-18	2中山7		2.0	3歳未勝利								吉田豊		ダ1800				1:55.3	1.2		11-11-7-7	38.5-37.3	37.7	474(-2)				83.0																													雨		16.0	7.0	14.0	22.4	3.0	4	56.0	重	**	**		レイズカイザー																													
2020110020	2023-05-13	2東京7		2.0	3歳未勝利								吉田豊		ダ1600				1:37.4	0.0		9-9	35.5-36.9	35.9	474(0)				220.0																													雨		16.0	6.0	12.0	7.0	4.0	2	56.0	稍	**	**		トーセンサウダージ																													
2020110020	2023-06-03	3東京1		3.0	3歳未勝利								吉田豊		ダ1600				1:36.3	-0.2		4-4	34.9-36.7	36.3	474(0)				550.0																													曇		16.0	7.0	13.0	3.3	1.0	1	56.0	不	**	**		(マンダリンボレロ)																													
2020110020	2023-10-14	4東京4		8.0	3歳以上1勝クラス								吉田豊		芝1600				1:34.1	0.6		10-10	35.2-34.6	34.2	472(-2)																																	晴		18.0	4.0	8.0	37.9	9.0	7	56.0	良	**	**		コスモスプモーニ																													
2020110020	2023-11-05	5東京2		7.0	3歳以上1勝クラス								大野拓弥		ダ1600				1:39.7	2.3		6-6	35.7-36.4	38.1	470(-2)																																	晴		12.0	5.0	6.0	14.5	4.0	11	57.0	良	**	**		ネイビースター																													
2020110020	2023-12-02	4中京1		3.0	3歳以上1勝クラス								吉田隼人		ダ1400				1:26.2	1.0		9-9	34.8-37.9	37.7	466(-4)																																	晴		16.0	1.0	1.0	55.7	12.0	7	57.0	良	**	**		スマートアンバー																													
2020110020	2024-01-20	1中山6		8.0	4歳以上1勝クラス								吉田豊		ダ1800				1:54.5	0.2		11-11-6-4	36.5-40.5	39.4	470(+4)				320.0																													小雨		15.0	7.0	12.0	99.7	13.0	2	57.0	良	**	**		ジャックパール																													
2020110020	2024-02-24	2中山1		8.0	4歳以上1勝クラス								吉田豊		ダ1800				1:53.9	0.9		8-8-6-6	37.8-37.6	37.9	468(-2)																																	晴		12.0	8.0	12.0	9.6	4.0	6	57.0	稍	**	**		シゲルカミカゼ																													
2020110020	2024-06-29	2福島1		8.0	3歳以上1勝クラス								吉田豊		ダ1700				1:48.2	1.3		12-12-10-10	30.5-38.0	38.0	462(-6)																																	晴		15.0	3.0	5.0	46.0	12.0	8	58.0	良	**	**		スプレーフォール																													
2020110020	2024-08-18	3新潟4		12.0	3歳以上1勝クラス								吉田豊		ダ1800				1:53.7	0.6		12-12-8-8	36.5-39.1	38.3	468(+6)				200.0																													晴		15.0	8.0	14.0	12.7	5.0	3	58.0	良	**	**		サンダーアラート																													
2020110020	2024-09-08	4中山2		8.0	3歳以上1勝クラス								吉田豊		ダ1800				1:53.9	0.5		13-12-10-9	36.9-38.8	38.3	466(-2)				200.0																													晴		16.0	4.0	7.0	8.3	4.0	3	58.0	良	**	**		カンジ																													
2020110020	2024-10-13	4東京3		6.0	3歳以上1勝クラス								吉田豊		ダ1600				1:38.7	1.3		10-8	36.7-35.3	35.8	470(+4)																																	晴		12.0	7.0	10.0	10.4	7.0	7	58.0	良	**	**		ウェットシーズン																													
2020110020	2024-11-10	5東京4		6.0	3歳以上1勝クラス								吉田豊		ダ1600				1:39.5	2.3		14-14	35.8-36.2	37.1	470(0)																																	曇		16.0	1.0	2.0	25.6	8.0	14	58.0	良	**	**		ホウキボシ																													
2020110020	2024-12-07	4中京3		6.0	3歳以上1勝クラス								古川吉洋		ダ1900				2:01.3	1.9		15-14-14-13	30.2-38.3	37.5	468(-2)																																	曇		16.0	5.0	9.0	63.8	11.0	9	58.0	良	**	**		ジャスパーワールド																													
2020110020	2025-01-19	1中山7		7.0	4歳以上1勝クラス								吉田豊		ダ1800				1:55.9	1.4		9-9-9-11	38.2-38.5	39.3	474(+6)																																	曇		13.0	5.0	7.0	28.2	8.0	7	58.0	良	**	**		ソレルビュレット																													
2020110020	2025-02-16	1東京6		6.0	4歳以上1勝クラス								吉田豊		芝2400				2:27.8	0.8		12-12-11-11	37.6-34.2	34.3	476(+2)																																	晴		16.0	4.0	7.0	246.3	16.0	12	58.0	良	**	**		イクリール																													
2020110020	2025-03-23	2中山8		7.0	4歳以上1勝クラス								吉田豊		芝2500				2:33.9	1.0		12-12-13-10	30.8-36.1	36.0	476(0)				80.0																													晴		16.0	4.0	8.0	146.2	14.0	5	58.0	良	**	**		イクリール																													
2020110020	2025-07-06	2福島4		8.0	3歳以上1勝クラス								吉田豊		芝1800				1:50.0	1.3		13-13-12-12	35.1-37.0	36.4	470(-6)																																	晴		14.0	5.0	7.0	34.0	8.0	10	58.0	良	**	**		コスモアンソロジー																													
2020110020	2025-11-16	3福島4		4.0	障害3歳以上未勝利								草野太郎		障2750				3:01.5	1.0		4-3-2-2	103.1-0.0	13.2	470(0)				210.0																													晴		10.0	4.0	4.0	31.1	6.0	3	60.0	良				ウォーターリーダー																													
2020110020	2025-12-13	5阪神3		4.0	障害3歳以上未勝利								草野太郎		障2970				3:24.9	0.2		4-4-3-1	105.1-0.0	13.8	470(0)				340.0																													晴		12.0	5.0	5.0	4.7	3.0	2	60.0	良				ロードリベラシオン																													
2020110020	2026-01-17	1中山6		4.0	障害4歳以上未勝利								草野太郎		障2880				3:14.9	-1.2		3-1-1-1	106.1-0.0	13.5	474(+4)				840.0																													晴		12.0	6.0	8.0	1.6	1.0	1	60.0	良				(アルカンサス)																													
2020110031	2022-09-18	5中京4		4.0	2歳新馬								川田将雅		ダ1400				1:26.0	0.3		4-4	34.6-38.6	38.6	496(0)				280.0																																											晴		13.0	8.0	12.0	1.3	1.0	2	54.0	良	**	**		ルーカスミノル															
2020110031	2022-11-06	5阪神2		2.0	2歳未勝利								川田将雅		ダ1400				1:25.8	0.1		1-1	35.8-37.5	37.6	500(+4)				130.0																																											晴		12.0	3.0	3.0	2.4	1.0	3	55.0	良	**	**		アームズレイン															
2020110031	2023-04-09	2阪神6		2.0	3歳未勝利								川田将雅		ダ1200				1:11.7	-1.0		6-5	35.1-36.6	35.9	498(-2)				550.0																																											晴		16.0	8.0	15.0	1.8	1.0	1	56.0	稍	**	**		(ボタニカルガーデン)															
2020110031	2023-06-03	3阪神1		8.0	3歳以上1勝クラス								川田将雅		ダ1200				1:11.3	0.4		6-4	34.6-36.3	36.1	494(-4)				200.0																																											晴		16.0	2.0	3.0	1.6	1.0	3	55.0	重	**	**		コパノハンプトン															
2020110031	2023-09-23	4阪神6		9.0	3歳以上1勝クラス								川田将雅		ダ1200				1:11.6	-0.2		11-11	34.0-37.6	36.1	494(0)				800.0																																											晴		15.0	5.0	9.0	1.6	1.0	1	56.0	稍	**	**		(マイネルフォーコン)															
2020110031	2023-12-03	5阪神2		8.0	3歳以上2勝クラス								藤岡佑介		ダ1200				1:12.4	0.3		7-6	34.8-37.3	36.7	500(+6)				460.0																																											晴		16.0	8.0	15.0	1.8	1.0	2	57.0	良	**	**		ゼットレヨン															
2020110031	2024-03-24	2阪神2		12.0	4歳以上2勝クラス								藤岡康太		ダ1200				1:11.0	0.0		7-6	34.9-36.1	35.4	496(-4)				460.0																																											曇		15.0	6.0	12.0	1.8	1.0	2	58.0	不	**	**		オーガスタスカイ															
2020110031	2024-04-21	3京都2		12.0	4歳以上2勝クラス								川田将雅		ダ1200				1:12.2	0.2		8-7	34.7-37.3	36.5	494(-2)				460.0																																											小雨		16.0	2.0	4.0	1.7	1.0	2	58.0	稍	**	**		カミーロ															
2020110031	2024-06-23	4京都8		12.0	リボン賞(2勝クラス)								川田将雅		ダ1200				1:10.3	0.2		6-5	34.8-35.3	34.9	496(+2)				630.6																																											曇		16.0	2.0	4.0	2.6	1.0	2	58.0	不	**	**		エスカル															
2020110031	2024-11-03	6京都2		7.0	3歳以上2勝クラス								藤岡佑介		ダ1200				1:12.2	0.7		4-4	34.8-36.7	37.0	498(+2)																																															晴		12.0	5.0	5.0	1.7	1.0	6	58.0	重	**	**		ヨーカイディスコ															
2020110031	2024-12-28	5中山9		9.0	ベストウィッシュC(2勝クラス)								川田将雅		ダ1200				1:11.9	0.9		9-8	34.3-36.7	36.8	496(-2)				230.0																																											晴		16.0	7.0	13.0	2.8	1.0	4	58.0	良	**	**		アイアムユウシュン															
2020110031	2025-02-09	1京都4		12.0	4歳以上2勝クラス								川田将雅		ダ1200				1:13.0	0.4		10-9	34.8-37.8	37.0	494(-2)				170.0																																											晴		16.0	4.0	7.0	2.7	1.0	4	58.0	稍	**	**		ネグレスコ															
2020110031	2025-04-12	2阪神5		12.0	4歳以上2勝クラス								藤岡佑介		ダ1200				1:12.4	0.7		8-6	34.8-36.9	36.9	498(+4)																																															曇		16.0	7.0	13.0	3.9	2.0	7	58.0	良	**	**		メイショウホウレン															
2020110031	2025-05-18	2京都8		12.0	4歳以上2勝クラス								和田竜二		ダ1200				1:10.9	0.6		6-6	34.9-35.4	35.5	486(-12)				290.0																																											曇		16.0	6.0	11.0	9.4	5.0	3	58.0	稍	**	**		イミュータブル															
2020110031	2025-06-14	3阪神3		10.0	安芸特別(2勝クラス)								和田竜二		ダ1200				1:11.2	1.4		5-3	34.7-35.1	36.2	492(+6)				395.0																																											雨		16.0	1.0	1.0	9.7	4.0	3	58.0	重	**	**		エコロアゼル															
2020110031	2025-12-14	5阪神4		8.0	3歳以上2勝クラス								川田将雅		ダ1200				1:12.0	0.9		6-4	34.2-36.9	37.0	510(+18)																																															晴		11.0	7.0	9.0	3.3	2.0	8	58.0	良	**	**		クーデール															
2020110034	2023-01-07	1中山2		3.0	3歳新馬								ムルザバ		ダ1200				1:12.8	-0.3		1-1	34.8-38.0	38.0	510(0)				620.0																													晴		16.0	2.0	4.0	3.8	2.0	1	56.0	良	**	**		(ニットウバジル)																													
2020110034	2023-03-04	2中山3		7.0	3歳1勝クラス								ムルザバ		ダ1200				1:11.2	0.2		2-2	33.1-37.9	38.1	504(-6)				200.0																													晴		16.0	5.0	9.0	4.8	2.0	3	56.0	良	**	**		ハチメンロッピ																													
2020110034	2023-05-07	2東京6		5.0	3歳1勝クラス								岩田望来		ダ1400				1:25.0	0.0		4-5	34.7-37.9	37.4	502(-2)				780.0																													小雨		16.0	5.0	9.0	3.5	1.0	1	56.0	良	**	**		(ケンキョ)																													
2020110034	2023-06-18	3東京6		11.0	ユニコーンS(GIII)								菅原明良		ダ1600				1:36.7	1.7		8-9	34.6-37.0	37.2	510(+8)																																	晴		15.0	8.0	14.0	86.4	12.0	10	56.0	良	**	**		ペリエール																													
2020110034	2023-12-23	5阪神7		8.0	3歳以上2勝クラス								岩田望来		ダ1400				1:25.0	0.7		2-2	34.9-37.3	37.9	506(-4)				114.0																													晴		16.0	8.0	16.0	13.0	4.0	5	57.0	良	**	**		ペプチドタイガー																													
2020110034	2024-01-20	1京都6		8.0	4歳以上2勝クラス								川田将雅		ダ1400				1:23.3	0.2		2-2	34.4-36.9	37.0	512(+6)				460.0																													曇		13.0	7.0	11.0	8.9	5.0	2	57.0	稍	**	**		フェルヴェンテ																													
2020110034	2024-02-11	1東京6		12.0	4歳以上2勝クラス								川田将雅		ダ1400				1:25.6	-0.2		2-2	37.1-35.9	35.8	512(0)				1140.0																													曇		15.0	5.0	8.0	2.0	1.0	1	58.0	稍	**	**		(キャンディドライヴ)																													
2020110034	2024-05-12	2東京8		12.0	BSイレブン賞(3勝クラス)								川田将雅		ダ1400				1:23.8	0.7		3-3	34.8-35.9	36.3	514(+2)				750.4																													曇		16.0	3.0	6.0	5.9	3.0	2	58.0	良	**	**		サトノルフィアン																													
2020110034	2024-06-02	3東京2		10.0	タイキシャトルC(3勝クラス)								川田将雅		ダ1400				1:23.4	1.6		13-13	34.2-36.0	36.1	514(0)																																	小雨		16.0	7.0	13.0	3.4	1.0	13	58.0	重	**	**		バグラダス																													
2020110034	2025-04-26	2東京1		10.0	鎌倉S(3勝クラス)								大野拓弥		ダ1400				1:25.4	2.5		14-13	35.4-35.4	36.2	518(+4)																																	曇		16.0	3.0	5.0	88.2	13.0	16	58.0	稍	**	**		ビダーヤ																													
2020110034	2025-06-07	3東京1		11.0	麦秋S(3勝クラス)								津村明秀		ダ1400				1:24.0	1.3		12-12	34.8-35.9	36.2	516(-2)																																	曇		16.0	4.0	8.0	36.6	10.0	9	57.0	良	**	**		サフランヒーロー																													
2020110034	2025-11-02	4東京11		10.0	秋嶺S(3勝クラス)								岩田康誠		ダ1300				1:18.2	1.7		4-4	29.5-35.7	36.9	516(0)																																	曇		12.0	6.0	8.0	49.2	11.0	11	58.0	重	**	**		エコロアゼル																													
2020110034	2026-01-17	1京都6		11.0	羅生門S(3勝クラス)								ハマーハ		ダ1400				1:25.0	1.1		3-3	35.3-36.2	36.9	512(-4)																																	晴		16.0	2.0	3.0	40.7	9.0	7	58.0	良				エストレヤデベレン																													
2020110039	2022-06-18	3阪神1	曇	5.0	2歳新馬		12.0	3.0	3.0	5.5	3.0	6	岩田望来	54.0	芝1600		良	**	1:37.7	0.9	**	4-4	37.4-34.1	34.6	458(0)			ファントムシーフ																																																																								
2020110039	2023-03-04	1阪神7	晴	5.0	3歳未勝利		18.0	7.0	15.0	9.6	4.0	6	松山弘平	56.0	芝1600		良	**	1:35.2	0.2	**	7-5	35.9-34.6	34.4	466(+8)			ダノンバビル																																																																								
2020110039	2023-05-27	1京都11	晴	4.0	3歳未勝利		18.0	4.0	8.0	4.4	2.0	10	武豊	56.0	芝1400		良	**	1:21.4	0.7	**	6-6	34.4-34.7	35.1	472(+6)			シャングリラ																																																																								
2020110039	2023-07-16	3中京6	晴	3.0	3歳未勝利		18.0	1.0	2.0	5.7	3.0	2	菱田裕二	56.0	芝1400		良	**	1:20.6	0.1	**	2-2	33.6-35.5	35.6	472(0)			シランケド	220.0																																																																							
2020110039	2023-08-13	3小倉2	晴	2.0	3歳未勝利		18.0	4.0	7.0	1.9	1.0	1	川田将雅	56.0	芝1200		良	**	1:09.4	0.0	**	5-5	33.7-35.7	35.4	472(0)			(マカーリオ)	550.0																																																																							
2020110039	2023-12-17	4中京6	晴	8.0	3歳以上1勝クラス		16.0	2.0	3.0	28.4	10.0	5	角田大和	56.0	芝1600		良	**	1:35.0	0.6	**	3-4-3	35.8-34.7	35.0	474(+2)			タシット	80.0																																																																							
2020110039	2024-01-13	1京都4	晴	12.0	4歳以上1勝クラス		18.0	6.0	11.0	29.1	11.0	7	武豊	57.0	芝1600		良	**	1:35.6	0.5	**	11-13	35.1-35.1	34.8	476(+2)			スズカダブル																																																																								
2020110039	2024-03-17	1中京4	曇	7.0	4歳以上1勝クラス		16.0	4.0	7.0	4.5	3.0	1	藤岡康太	58.0	芝1400		良	**	1:21.6	0.0	**	7-7	34.8-34.8	34.1	472(-4)			(トモジャシーマ)	800.0																																																																							
2020110039	2024-05-04	2東京5	晴	8.0	4歳以上2勝クラス		10.0	3.0	3.0	2.3	1.0	1	モレイラ	58.0	芝1400		良	**	1:20.7	-0.3	**	5-5	35.5-33.7	33.1	470(-2)			(ルルローズ)	1140.0																																																																							
2020110039	2024-06-15	3東京5	曇	11.0	多摩川S(3勝クラス)		14.0	7.0	11.0	6.0	3.0	10	田辺裕信	58.0	芝1400		良	**	1:21.0	0.6	**	4-4	35.1-34.0	34.1	474(+4)			ミシシッピテソーロ																																																																								
2020110039	2024-08-17	2中京3	晴	11.0	豊明S(3勝クラス)		14.0	4.0	6.0	37.9	7.0	3	西塚洸二	58.0	芝1400		良	**	1:19.1	0.1	**	11-11	33.0-34.7	33.7	476(+2)			クランフォード	464.3																																																																							
2020110039	2024-09-15	3中京4	曇	10.0	納屋橋S(3勝クラス)		16.0	5.0	10.0	17.1	6.0	3	西塚洸二	58.0	芝1600		稍	**	1:33.7	0.2	**	12-11-11	35.6-34.8	33.8	476(0)			ペイシャフラワー	465.1																																																																							
2020110039	2024-10-06	5京都2	晴	9.0	長岡京S(3勝クラス)		16.0	1.0	1.0	7.8	5.0	4	横山武史	58.0	芝1400		良	**	1:20.1	0.1	**	3-3	34.1-34.6	34.4	478(+2)			ワイドラトゥール	280.0																																																																							
2020110039	2024-11-30	4中京1	晴	11.0	飛騨S(3勝クラス)		13.0	5.0	7.0	3.6	1.0	2	西塚洸二	58.0	芝1400		良	**	1:21.4	0.0	**	12-12	34.8-34.5	33.5	476(-2)			ベガリス	748.2																																																																							
2020110039	2025-01-26	1中京9	晴	10.0	トリトンS(3勝クラス)		14.0	7.0	11.0	2.2	1.0	3	坂井瑠星	58.0	芝1400		良	**	1:22.3	0.2	**	8-9	35.6-34.5	34.1	472(-4)			フルメタルボディー	464.3																																																																							
2020110039	2025-04-06	2阪神4	晴	10.0	夢洲S(3勝クラス)		14.0	8.0	13.0	8.4	4.0	5	西塚洸二	58.0	芝1600		良	**	1:32.7	0.4	**	12-10	35.4-33.7	33.2	470(-2)			シヴァース	184.0																																																																							
2020110039	2025-04-20	2阪神8	曇	11.0	心斎橋S(3勝クラス)		11.0	1.0	1.0	3.9	3.0	2	西塚洸二	58.0	芝1400		良	**	1:20.0	0.1	**	7-7	33.8-34.8	34.3	470(0)			ナムラアトム	747.2																																																																							
2020110039	2025-06-01	2京都12	晴	12.0	渡月橋S(3勝クラス)		14.0	2.0	2.0	4.8	2.0	13	西塚洸二	58.0	芝1400		良	**	1:21.7	0.9	**	5-6	35.7-33.6	34.2	476(+6)			ガロンヌ																																																																								
2020110039	2025-08-24	4中京2	晴	11.0	長篠S(3勝クラス)		9.0	7.0	7.0	4.4	3.0	8	菱田裕二	58.0	芝1200		良	**	1:08.4	1.2	**	8-7	33.7-33.5	34.1	480(+4)			ワンダーキサラ																																																																								
2020110039	2025-09-07	4中山2	晴	10.0	セプテンバーS(3勝クラス)		12.0	7.0	10.0	19.2	6.0	7	横山和生	56.0	芝1200		良	**	1:07.5	0.5	**	10-9	33.1-33.9	33.2	474(-6)			ルージュラナキラ																																																																								
2020110039	2025-10-04	4東京1	小雨	10.0	白秋S(3勝クラス)		15.0	7.0	13.0	18.8	8.0	2	横山和生	56.0	芝1400		良	**	1:19.8	0.0	**	9-8	34.4-34.0	33.2	470(-4)			レッドシュヴェルト	749.4																																																																							
2020110039	2025-11-15	5東京3	晴	10.0	奥多摩S(3勝クラス)		18.0	2.0	3.0	11.3	4.0	3	横山和生	58.0	芝1400		良	**	1:20.8	0.3	**	15-16	35.0-33.9	32.8	472(+2)			マイネルチケット	465.7																																																																							
2020110039	2025-12-06	5中京1	晴	11.0	飛騨S(3勝クラス)		12.0	2.0	2.0	4.1	2.0	3	藤岡佑介	58.0	芝1400		良	**	1:19.5	0.1	**	8-8	34.0-34.0	33.1	470(-2)			レディマリオン	464.0																																																																							
2020110051	2022-09-24	4中山6		5.0	2歳新馬								横山武史		芝1600				1:36.7	0.0		2-4-3	36.4-36.4	35.7	492(0)				280.0																													曇		16.0	2.0	4.0	2.3	1.0	2	54.0	不	**	**		コウセイマリア																													
2020110051	2022-11-26	5東京7		2.0	2歳未勝利								マーカン		芝1400				1:23.0	1.5		9-11	35.1-34.4	34.9	498(+6)																																	小雨		17.0	6.0	11.0	5.6	2.0	12	55.0	良	**	**		ニシノピウモッソ																													
2020110051	2023-01-14	1中山5		3.0	3歳未勝利								バシュロ		ダ1200				1:13.0	0.5		4-4	35.4-37.1	37.3	508(+10)				140.0																													小雨		16.0	2.0	4.0	4.3	2.0	3	56.0	良	**	**		タリエシン																													
2020110051	2023-01-29	1東京2		1.0	3歳未勝利								横山武史		ダ1400				1:27.1	0.3		3-3	35.6-38.5	38.5	510(+2)				83.0																													晴		15.0	4.0	8.0	3.2	1.0	4	56.0	良	**	**		ジェイケイファイン																													
2020110051	2023-03-19	2中京4		3.0	3歳未勝利								三浦皇成		ダ1400				1:24.9	0.3		8-6	35.2-37.0	36.7	506(-4)																																	晴		16.0	1.0	1.0	5.4	4.0	6	56.0	重	**	**		ユイノイチゲキ																													
2020110051	2023-06-18	1函館4		2.0	3歳未勝利								鮫島克駿		芝1200				1:09.1	0.2		8-8	33.6-35.3	34.7	494(-12)				140.0																													晴		16.0	3.0	5.0	7.7	4.0	3	56.0	良	**	**		ケイアイクビラ																													
2020110051	2024-05-30	園田		12.0	C2一								吉村智洋		ダ1400				1:33.5	0.7		6-5-2-2		40.5	538(+44)				14.0																													曇		12.0	7.0	9.0	1.8	1.0	3	56.0	稍	**	**		サンライズプライド																													
2020110051	2024-06-19	園田		2.0	ウマ娘コラボまで、あ(C2)								吉村智洋		ダ1400				1:33.4	0.0		2-2-2-1		41.4	533(-5)				70.0																													晴		12.0	6.0	8.0	2.0	1.0	1	56.0	重	**	**		(フレイムフォース)																													
2020110051	2024-07-11	園田		9.0	C1二								廣瀬航		ダ1400				1:32.8	1.3		5-5-5-3		40.3	525(-8)				20.0																													曇		11.0	8.0	10.0	3.8	3.0	3	56.0	重	**	**		ヨドノルミナス																													
2020110051	2024-08-01	園田		10.0	C1二								吉村智洋		ダ1400				1:31.7	-1.4		2-2-2-1		40.6	521(-4)				110.0																													晴		9.0	7.0	7.0	1.9	1.0	1	56.0	良	**	**		(ジョイブラック)																													
2020110051	2024-08-21	園田		9.0	C1一								吉村智洋		ダ1400				1:34.3	1.4		6-6-4-3		41.3	521(0)				10.0																													曇		11.0	8.0	10.0	1.6	1.0	5	57.0	稍	**	**		スナークドリアン																													
2020110051	2024-12-18	園田		7.0	C2一								吉村智洋		ダ1400				1:31.1	-1.1		1-1-1-1		39.4	517(-4)				70.0																													晴		10.0	3.0	3.0	1.7	1.0	1	56.0	良	**	**		(ドゥーエニシング)																													
2020110051	2025-03-30	2中京6		9.0	4歳以上1勝クラス								亀田温心		ダ1400				1:25.8	0.5		5-5	35.2-37.8	37.7	504(-13)																																	晴		13.0	2.0	2.0	63.5	9.0	6	58.0	良	**	**		グラティアスミノル																													
2020110051	2025-04-12	2阪神5		8.0	4歳以上1勝クラス								西塚洸二		ダ1200				1:14.0	1.1		11-13	34.7-38.2	38.2	504(0)																																	晴		16.0	4.0	7.0	26.9	11.0	12	57.0	良	**	**		シリウス																													
2020110051	2025-06-15	1函館2		8.0	3歳以上1勝クラス								浜中俊		芝1200				1:08.3	0.7		10-10	33.1-34.5	34.3	508(+4)																																	曇		13.0	5.0	7.0	28.2	8.0	7	58.0	良	**	**		シアター																													
2020110051	2025-08-30	2札幌3		12.0	3歳以上1勝クラス								浜中俊		芝1200				1:11.9	1.7		14-14	34.4-35.8	35.5	514(+6)																																	曇		15.0	4.0	7.0	34.1	10.0	12	58.0	稍	**	**		ムチャスグラシアス																													
2020110051	2025-09-07	2札幌6		12.0	3歳以上1勝クラス								柴田裕一		ダ1700				1:48.0	2.3		13-12-12-12	28.8-38.8	40.1	514(0)																																	晴		14.0	4.0	6.0	70.4	10.0	7	55.0	稍	**	**		ジュンラトゥール																													
2020110051	2025-11-08	5東京1		7.0	3歳以上1勝クラス								長岡禎仁		ダ1300				1:19.2	1.3		13-13	29.5-36.5	36.5	504(-10)																																	晴		16.0	3.0	5.0	64.7	11.0	8	58.0	良	**	**		ドントゥザムーン																													
2020110051	2025-12-20	5中京5		7.0	3歳以上1勝クラス								西塚洸二		ダ1400								35.6-37.2		504(0)																																	小雨		15.0	3.0	5.0			除	57.0	稍	**	**		ペイドラロワール																													
2020110051	2025-12-28	5阪神8		7.0	3歳以上1勝クラス								ジェルー		ダ1400				1:24.9	1.0		9-7	34.3-37.3	37.4	502(-2)				80.0																													晴		16.0	8.0	15.0	167.6	14.0	5	58.0	良	**	**		ニューオーリンズ																													
2020110051	2026-01-17	1京都6		7.0	4歳以上1勝クラス								ハマーハ		ダ1400				1:25.9	0.9		10-9	36.0-36.6	36.6	502(0)																																	晴		15.0	6.0	11.0	43.9	9.0	7	58.0	良				レーティッシュ																													
2020110062	2023-04-08	3中山5		4.0	3歳未勝利								ルメール		ダ1200				1:11.8	-0.1		6-6	33.4-38.4	37.7	534(0)				550.0															曇		16.0	7.0	13.0	2.6	1.0	1	56.0	稍	**	**		(エクトゥシュタール)																																											
2020110062	2023-05-20	2東京9		6.0	3歳1勝クラス								レーン		ダ1400				1:23.2	-0.5		1-1	35.0-36.3	36.3	528(-6)				780.0															曇		16.0	3.0	6.0	3.8	2.0	1	56.0	稍	**	**		(グランデスフィーダ)																																											
2020110062	2023-06-18	3東京6		11.0	ユニコーンS(GIII)								大野拓弥		ダ1600				1:38.3	3.3		4-5	34.6-37.0	39.3	532(+4)																			晴		15.0	3.0	5.0	20.4	6.0	15	56.0	良	**	**		ペリエール																																											
2020110062	2023-12-03	4中京2		10.0	鳴海特別(2勝クラス)								浜中俊		ダ1400				1:24.4	0.3		4-4	34.8-37.5	37.5	540(+8)				631.2															晴		16.0	8.0	16.0	7.2	3.0	2	57.0	良	**	**		ロードアウォード																																											
2020110062	2023-12-24	5中山8		8.0	冬至特別(2勝クラス)								ムーア		ダ1200				1:10.8	-0.2		4-4	33.5-37.3	37.0	534(-6)				1586.4															曇		14.0	6.0	9.0	2.7	2.0	1	57.0	良	**	**		(ダテボレアス)																																											
2020110062	2024-01-13	1中山4		10.0	初春S(3勝クラス)								キング		ダ1200				1:10.8	-0.1		1-1	33.8-37.0	37.0	538(+4)				1875.7															曇		15.0	8.0	15.0	2.5	1.0	1	58.0	良	**	**		(ハチメンロッピ)																																											
2020110062	2024-02-11	1東京6		10.0	バレンタインS(OP)								キング		ダ1400				1:24.9	0.9		4-4	35.5-36.3	36.9	532(-6)																			曇		15.0	3.0	5.0	4.9	2.0	8	58.0	稍	**	**		レッドヴェイロン																																											
2020110062	2024-11-09	6京都3		10.0	室町S(OP)								坂井瑠星		ダ1200				1:12.3	1.6		4-6	34.1-36.6	37.8	536(+4)																			晴		16.0	8.0	15.0	12.8	6.0	14	56.0	良	**	**		イスラアネーロ																																											
2020110062	2025-08-17	2新潟8		7.0	NST賞(OP)								大野拓弥		ダ1200				1:11.4	0.9		3-3	33.6-36.9	37.6	560(+24)																			晴		15.0	5.0	8.0	59.0	12.0	9	56.0	良	**	**		クロジシジョー																																											
2020110062	2026-01-18	1中山7		10.0	ジャニュアリーS(OP)								佐々木大		ダ1200				1:13.0	2.4		5-6	33.3-37.3	39.4	550(-10)																																																													晴		16.0	1.0	1.0	33.5	10.0	16	57.0	良	**	**		モンドプリューム	202606010710
2020110065	2022-11-12	5阪神3		4.0	2歳新馬								川田将雅		ダ1800				1:57.2	1.5		5-5-4-6	38.6-37.6	38.5	498(0)																																	晴		9.0	6.0	6.0	4.5	3.0	6	55.0	良	**	**		サンデーファンデー																													
2020110065	2022-11-26	5阪神7		1.0	2歳未勝利								福永祐一		ダ1800				1:55.7	2.1		10-10-10-9	37.6-37.4	38.4	496(-2)																																	曇		11.0	4.0	4.0	19.8	4.0	7	55.0	稍	**	**		ジョヴィアン																													
2020110065	2023-06-01	浦和		7.0	ツイントップ特別(3歳)								森泰斗		ダ1400				1:30.1	1.0		11-11-5-4	37.3-38.5	39.0	500(+4)				100.0																													晴		12.0	2.0	2.0	4.3	3.0	2	56.0	稍	**	**		ノーブルプロセス																													
2020110065	2023-07-08	3中京3		3.0	3歳未勝利								幸英明		ダ1800				1:56.3	1.7		3-2-2-3	36.7-39.0	40.6	498(-2)																																	曇		16.0	8.0	16.0	17.5	7.0	8	56.0	良	**	**		シゲルソロソロ																													
2020110065	2023-08-09	船橋		8.0	ナティブーツ特別(3歳C1)								森泰斗		ダ1600				1:43.0	-0.1		1-1-1-1	38.2-39.8	39.8	485(-13)				250.0																													曇		10.0	8.0	10.0	2.7	1.0	1	56.0	良	**	**		(ナリノヴァニーユ)																													
2020110065	2024-04-14	3中山8		6.0	4歳以上1勝クラス								ムルザバ		ダ1800				1:57.0	2.3		4-5-5-7	38.0-37.4	39.4	522(+37)																																	晴		15.0	6.0	11.0	48.7	8.0	13	58.0	良	**	**		ラップスター																													
2020110065	2024-04-28	3京都4		7.0	4歳以上1勝クラス								川又賢治		ダ1900				2:05.3	5.3		8-8-9-10	30.6-36.8	41.1	514(-8)																																	晴		10.0	3.0	3.0	148.5	9.0	10	58.0	良	**	**		ジーニアスバローズ																													
2020110065	2024-09-01	2中京8		7.0	3歳以上1勝クラス								吉村誠之		ダ1800				1:51.3	-0.3		2-2-2-2	37.8-36.6	36.5	514(0)				800.0																													曇		11.0	4.0	4.0	64.1	10.0	1	55.0	不	**	**		(キングオブフジ)																													
2020110065	2024-09-16	4中山5		9.0	鋸山特別(2勝クラス)								武豊		ダ1800				1:58.4	4.6		3-5-6-14	36.8-39.1	43.1	508(-6)																																	曇		16.0	5.0	10.0	37.4	8.0	15	58.0	良	**	**		テリフィックプラン																													
2020110065	2024-11-17	5東京6		9.0	3歳以上2勝クラス								横山和生		ダ1600				1:37.1	1.1		15-15	34.3-37.4	36.9	516(+8)																																	晴		16.0	6.0	11.0	112.0	12.0	7	58.0	良	**	**		ラフエイジアン																													
2020110065	2024-12-07	7京都3		10.0	花見小路特別(2勝クラス)								吉村誠之		ダ1900				2:03.0	4.2		4-4-5-5	28.7-37.9	41.3	516(0)																																	晴		14.0	7.0	11.0	48.8	8.0	13	54.0	良	**	**		ロードクロンヌ																													
2020110065	2025-08-26	盛岡		10.0	東京カップけやき賞(A)								山本聡哉		ダ1600				1:38.5	1.9		6-6		39.4	517(+1)				17.5																													曇		10.0	2.0	2.0	29.9	6.0	5	56.0	良	**	**		グランドセントラル																													
2020110065	2025-10-13	3京都5		9.0	蹴上特別(2勝クラス)								松若風馬		ダ1800				1:53.9	2.0		3-3-3-5	35.6-38.4	40.1	516(-1)																																	曇		12.0	5.0	5.0	76.6	9.0	11	58.0	良	**	**		ハナウマビーチ																													
2020110065	2025-12-28	5阪神8		5.0	障害3歳以上未勝利								森一馬		障2970				3:29.2	4.6		11-11-12-11	108.0-0.0	14.1	528(+12)																																	晴		14.0	3.0	4.0	15.8	6.0	10	60.0	良				ナックエルドラド																													
2020110065	2026-01-17	1中山6		4.0	障害4歳以上未勝利								森一馬		障2880				3:17.5	2.6		3-5-5-7	106.1-0.0	13.7	520(-8)																																	晴		12.0	8.0	12.0	25.8	6.0	6	60.0	良				コレクテイニア																													
2020110090	2022-09-10	5中京1		3.0	2歳新馬								福永祐一		芝1400				1:22.2	-0.2		5-5	35.5-34.6	34.0	476(0)				700.0																													晴		9.0	7.0	7.0	1.5	1.0	1	54.0	稍	**	**		(カシノインディード)																													
2020110090	2022-11-19	5東京5		6.0	2歳1勝クラス								福永祐一		芝1400				1:20.9	0.1		5-5	34.3-34.7	33.5	480(+4)				300.0																													晴		9.0	4.0	4.0	2.7	1.0	2	55.0	良	**	**		バグラダス																													
2020110090	2022-12-18	6阪神6		11.0	朝日フューチュリティ(GI)								福永祐一		芝1600				1:34.7	0.8		7-7	34.1-36.1	36.2	486(+6)																																	晴		17.0	6.0	11.0	23.2	7.0	8	55.0	良	**	**		ドルチェモア																													
2020110090	2023-03-19	2中京4		9.0	フローラルウォーク賞(1勝クラス)								荻野極		芝1600				1:36.2	0.0		1-1-1	37.1-34.5	34.5	496(+10)				1091.7																													晴		8.0	1.0	1.0	4.4	3.0	1	56.0	稍	**	**		(セフィロ)																													
2020110090	2023-04-15	2阪神7		11.0	アーリントンC(GIII)								荻野極		芝1600				1:36.1	2.2		11-11	34.1-36.2	36.5	492(-4)																																	雨		18.0	8.0	18.0	39.2	13.0	15	56.0	重	**	**		オオバンブルマイ																													
2020110090	2023-07-16	3中京6		10.0	中京スポニチ賞(2勝クラス)								荻野極		芝1400				1:20.7	0.3		1-1	34.7-34.3	34.6	488(-4)																																	晴		14.0	4.0	6.0	3.8	2.0	6	55.0	良	**	**		サトノペルセウス																													
2020110090	2023-08-20	3小倉4		9.0	西部スポニチ賞(2勝クラス)								鮫島克駿		芝1200				1:09.1	0.8		8-8	33.4-34.9	35.1	482(-6)																																	晴		16.0	6.0	12.0	6.8	4.0	9	56.0	良	**	**		アドマイヤラヴィ																													
2020110090	2023-10-22	2京都7		9.0	壬生特別(2勝クラス)								モレイラ		芝1200				1:08.1	0.4		7-6	33.9-33.8	33.5	494(+12)				230.0																													晴		16.0	8.0	16.0	12.9	5.0	4	57.0	良	**	**		ミルトクレイモー																													
2020110090	2023-11-11	3福島3		10.0	飯坂温泉特別(2勝クラス)								丹内祐次		芝1200				1:09.8	0.1		9-8	33.3-36.4	35.4	492(-2)				230.0																													晴		16.0	4.0	8.0	6.2	3.0	4	57.0	良	**	**		ウインモナーク																													
2020110090	2023-11-25	3京都7		12.0	3歳以上2勝クラス								モレイラ		芝1200				1:08.2	0.0		5-4	33.9-34.3	33.9	500(+8)				460.0																													晴		18.0	3.0	6.0	4.0	2.0	2	57.0	良	**	**		マメコ																													
2020110090	2024-03-24	3中山2		12.0	4歳以上2勝クラス								戸崎圭太		芝1200				1:08.1	0.4		5-5	33.4-34.3	34.0	504(+4)				170.0																													曇		13.0	5.0	6.0	3.0	1.0	4	58.0	良	**	**		ルーフ																													
2020110090	2024-04-13	3中山7		8.0	4歳以上2勝クラス								戸崎圭太		芝1200				1:09.1	-0.3		2-2	35.3-33.8	33.7	498(-6)				1140.0																													晴		12.0	3.0	3.0	2.3	1.0	1	58.0	良	**	**		(ニシノコウダイ)																													
2020110090	2024-05-19	2東京10		9.0	フリーウェイS(3勝クラス)								戸崎圭太		芝1400				1:20.7	0.2		6-6	34.6-34.2	33.2	504(+6)				748.6																													曇		13.0	6.0	9.0	9.8	3.0	2	58.0	良	**	**		シャドウフューリー																													
2020110090	2024-08-17	2中京3		11.0	豊明S(3勝クラス)								坂井瑠星		芝1400				1:19.1	0.1		4-4	33.0-34.7	34.4	502(-2)				280.0																													晴		14.0	7.0	12.0	9.1	4.0	4	58.0	良	**	**		クランフォード																													
2020110090	2024-08-31	2中京7		11.0	長篠S(3勝クラス)								坂井瑠星		芝1200				1:10.2	0.0		5-4	34.1-36.1	34.9	506(+4)				1878.5																													小雨		18.0	6.0	11.0	7.0	4.0	1	57.0	不	**	**		(ロードフォアエース)																													
2020110090	2024-11-10	5東京4		11.0	オーロC(L)								横山武史		芝1400				1:21.5	0.8		5-6	34.7-34.7	34.9	502(-4)																																	曇		18.0	4.0	8.0	5.4	2.0	16	55.0	良	**	**		ゴールデンシロップ																													
2020110090	2024-12-01	5中山2		11.0	ラピスラズリS(L)								ビュイッ		芝1200				1:08.8	1.6		14-16	33.7-33.5	34.0	508(+6)																																	晴		16.0	7.0	13.0	21.5	9.0	16	57.0	良	**	**		ペアポルックス																													
2020110090	2025-03-16	1阪神6		11.0	米子城S(OP)								荻野極		芝1200				1:09.4	0.7		9-8	33.8-34.9	34.7	508(0)				585.0																													雨		16.0	7.0	14.0	13.1	5.0	3	55.0	重	**	**		カルチャーデイ																													
2020110090	2025-04-13	3中山6		11.0	春雷S(L)								横山和生		芝1200				1:08.2	0.2		4-4	33.5-34.5	34.3	510(+2)				410.0																													雨		14.0	6.0	9.0	11.0	6.0	4	55.0	稍	**	**		ヨシノイースター																													
2020110090	2025-06-28	1函館5		11.0	青函S(OP)								佐々木大		芝1200				1:08.1	0.0		5-4	33.3-34.8	34.2	508(-2)				929.6																													晴		16.0	6.0	12.0	11.2	5.0	2	55.0	良	**	**		エーティーマクフィ																													
2020110090	2025-07-12	2福島5		11.0	安達太良S(OP)								戸崎圭太		芝1200				1:10.0	0.5		10-10	34.6-34.9	34.4	504(-4)				230.0																													曇		14.0	5.0	8.0	3.7	2.0	5	57.0	良	**	**		カルロヴェローチェ																													
2020110090	2025-09-07	4阪神2		11.0	産経賞セントウルS(GII)								高杉吏麒		芝1200				1:07.8	0.4		15-14	33.0-34.4	33.2	504(0)																																	晴		16.0	6.0	12.0	154.0	15.0	8	57.0	良	**	**		カンチェンジュンガ																													
2020110090	2025-12-07	5中山2		11.0	ラピスラズリS(L)								荻野極		芝1200				1:07.8	0.7		12-13	33.5-33.6	33.4	504(0)																																	晴		16.0	7.0	13.0	12.8	5.0	7	57.0	良	**	**		ロードフォアエース																													
2020110090	2026-01-17	1中山6		11.0	カーバンクルS(OP)								荻野極		芝1200				1:08.1	0.7		15-15	33.7-33.7	33.1	504(0)																																	晴		16.0	6.0	11.0	17.2	9.0	13	56.0	良				ウイングレイテスト																													
2020110100	2022-07-30	2新潟1		6.0	2歳新馬								Ｍ．デム		ダ1200				1:23.4	10.1		15-15	35.4-37.9	41.0	460(0)																																	晴		15.0	5.0	9.0	15.1	6.0	15	54.0	良	**	**		ニシキギミッチー																													
2020110100	2022-12-28	6阪神9		1.0	2歳未勝利								和田翼		ダ1800				1:57.2	1.3		13-13-13-13	37.8-38.4	38.3	472(+12)																																	晴		13.0	3.0	3.0	129.7	12.0	6	54.0	良	**	**		オルノア																													
2020110100	2023-01-14	1小倉1		1.0	3歳未勝利								和田翼		ダ1700				1:47.8	2.4		6-7-7-7	29.6-37.7	39.4	470(-2)																																	雨		16.0	8.0	16.0	21.9	8.0	7	54.0	不	**	**		ウェザーコック																													
2020110100	2023-02-04	1中京11		3.0	3歳未勝利								和田翼		ダ1900				2:04.8	1.3		11-11-11-11	31.1-38.2	38.6	464(-6)																																	晴		16.0	5.0	9.0	69.9	10.0	6	54.0	良	**	**		ラミアストラーダ																													
2020110100	2023-03-04	1阪神7		2.0	3歳未勝利								和田翼		ダ2000				2:10.2	2.1		11-11-10-9	36.6-37.9	38.4	460(-4)																																	晴		13.0	7.0	10.0	19.0	7.0	6	54.0	良	**	**		レッドプロフェシー																													
2020110100	2023-03-18	1阪神11		2.0	3歳未勝利								田口貫太		ダ1800				1:55.5	2.7		9-9-7-7	37.8-36.7	38.6	456(-4)																																	雨		11.0	8.0	10.0	31.9	5.0	6	51.0	不	**	**		ミスティックロア																													
2020110100	2023-04-15	2阪神7		2.0	3歳未勝利								和田翼		ダ1800				1:52.5	0.0		9-8-8-6	36.7-37.1	36.4	458(+2)				220.0																													雨		16.0	1.0	1.0	321.7	15.0	2	54.0	不	**	**		ラップスター																													
2020110100	2023-04-29	1京都3		4.0	3歳未勝利								和田翼		ダ1800				1:55.2	1.2		6-8-7-5	37.6-37.5	37.9	458(0)				140.0																													曇		12.0	2.0	2.0	10.5	5.0	3	54.0	良	**	**		タイガースパーク																													
2020110100	2023-05-21	1新潟8		3.0	3歳未勝利								和田翼		ダ1800				1:54.5	0.5		1-1-1-2	35.9-39.2	39.7	454(-4)				140.0																													晴		15.0	8.0	15.0	4.1	1.0	3	54.0	良	**	**		リュクススティール																													
2020110100	2023-06-11	3阪神4		4.0	3歳未勝利								和田翼		ダ1800				1:53.2	0.2		6-4-5-5	36.5-38.9	38.5	454(0)				140.0																													小雨		16.0	4.0	8.0	5.9	3.0	3	54.0	重	**	**		ジョウショーパワー																													
2020110100	2023-07-08	3中京3		3.0	3歳未勝利								和田翼		ダ1800				1:54.6	0.0		2-2-2-2	36.7-39.0	38.9	460(+6)				550.0																													曇		16.0	6.0	11.0	7.6	4.0	1	54.0	良	**	**		(ロングウッド)																													
2020110100	2023-08-05	2新潟3		8.0	3歳以上1勝クラス								和田竜二		ダ1800				1:55.4	2.9		4-4-4-5	36.7-37.8	40.4	460(0)																																	晴		15.0	2.0	3.0	19.9	8.0	10	53.0	良	**	**		ティルドーン																													
2020110100	2023-09-17	4阪神4		8.0	3歳以上1勝クラス								和田翼		ダ1800				1:54.8	0.4		4-5-8-4	36.4-40.5	39.8	474(+14)				200.0																													晴		12.0	3.0	3.0	7.4	4.0	3	53.0	良	**	**		オラヴェリタス																													
2020110100	2023-10-15	2京都5		6.0	3歳以上1勝クラス								和田翼		ダ1800				1:53.4	1.0		3-3-4-4	35.9-37.4	37.9	472(-2)				120.0																													晴		8.0	4.0	4.0	4.3	2.0	4	54.0	重	**	**		オメガタキシード																													
2020110100	2023-11-04	3京都1		8.0	3歳以上1勝クラス								和田翼		ダ1800				1:53.6	0.8		5-5-10-10	36.9-37.6	37.5	476(+4)																																	晴		12.0	8.0	12.0	18.1	7.0	6	54.0	良	**	**		ヘニータイフーン																													
2020110100	2023-11-25	3京都7		7.0	3歳以上1勝クラス								幸英明		ダ1800				1:54.1	1.4		8-8-2-3	37.0-38.6	39.9	476(0)																																	晴		14.0	8.0	14.0	8.2	5.0	11	54.0	良	**	**		サムハンター																													
2020110100	2023-12-16	4中京5		7.0	3歳以上1勝クラス								和田翼		ダ1800				1:53.1	1.0		9-11-11-9	36.7-37.5	37.5	464(-12)																																	曇		15.0	8.0	15.0	14.3	6.0	6	55.0	重	**	**		ジルバーン																													
2020110100	2024-01-21	1京都7		8.0	4歳以上1勝クラス								幸英明		ダ1400				1:23.4	0.3		12-12	34.3-37.3	35.4	468(+4)				200.0																													曇		14.0	4.0	8.0	10.5	5.0	3	55.0	重	**	**		エムズマインド																													
2020110100	2024-02-17	2京都7		8.0	4歳以上1勝クラス								Ｍ．デム		ダ1400				1:24.5	0.9		14-13	34.2-37.5	36.5	472(+4)				120.0																													晴		16.0	1.0	1.0	9.9	5.0	4	56.0	稍	**	**		アドバンスファラオ																													
2020110100	2024-03-02	1阪神3		8.0	4歳以上1勝クラス								鮫島克駿		ダ1400				1:24.7	-0.4		8-9	34.9-37.7	36.7	472(0)				800.0																													曇		14.0	6.0	10.0	3.8	1.0	1	56.0	稍	**	**		(ハクサンバード)																													
2020110100	2024-03-31	2阪神4		7.0	4歳以上2勝クラス								鮫島克駿		ダ1400				1:24.5	0.4		15-12	34.5-37.6	36.1	466(-6)				460.0																													曇		16.0	5.0	9.0	16.0	6.0	2	56.0	良	**	**		アウグスト																													
2020110100	2024-04-21	2東京2		12.0	4歳以上2勝クラス								鮫島克駿		ダ1600				1:38.0	0.4		7-7	35.5-36.2	35.7	466(0)				460.0																													曇		13.0	8.0	12.0	5.8	2.0	2	56.0	良	**	**		ウェイワードアクト																													
2020110100	2024-05-18	3京都9		12.0	オーストラリアT(2勝クラス)								鮫島克駿		ダ1400				1:24.6	0.2		14-13	34.8-37.3	35.9	472(+6)				394.9																													晴		16.0	1.0	1.0	3.8	1.0	3	56.0	良	**	**		パーティーベル																													
2020110100	2024-06-08	4京都3		10.0	長浜特別(2勝クラス)								幸英明		ダ1400				1:25.1	0.8		7-6	35.5-36.8	36.6	472(0)				155.0																													曇		11.0	7.0	8.0	6.2	2.0	5	56.0	良	**	**		テイエムリステット																													
2020110100	2024-09-29	3中京9		12.0	3歳以上2勝クラス								鮫島克駿		ダ1400				1:23.4	0.0		2-2	35.0-36.4	36.3	478(+6)				290.0																													曇		16.0	4.0	8.0	10.0	6.0	3	56.0	稍	**	**		リンドラゴ																													
2020110100	2024-10-27	5京都8		12.0	3歳以上2勝クラス								鮫島克駿		ダ1400				1:23.7	0.1		4-4	34.3-37.4	36.7	478(0)				290.0																													曇		12.0	7.0	9.0	3.1	1.0	3	56.0	良	**	**		ラブコメディ																													
2020110100	2024-11-24	5東京8		10.0	アプローズ賞(2勝クラス)								鮫島克駿		ダ1400				1:24.4	0.0		7-6	36.1-36.0	35.5	476(-2)				1587.1																													晴		16.0	3.0	5.0	4.9	4.0	1	56.0	良	**	**		(ヴァンドーム)																													
2020110100	2025-01-18	1中京6		11.0	遠江S(3勝クラス)								鮫島克駿		ダ1400				1:23.9	0.6		14-12	35.3-35.8	35.2	476(0)				280.0																													晴		16.0	3.0	6.0	13.8	5.0	4	56.0	良	**	**		モズミギカタアガリ																													
2020110100	2025-02-22	1京都7		10.0	河原町S(3勝クラス)								Ｍ．デム		ダ1400				1:25.0	1.1		15-15	35.1-36.9	36.4	474(-2)																																	曇		16.0	2.0	3.0	4.7	3.0	6	54.0	良	**	**		ニシキギミッチー																													
2020110100	2025-08-03	3中京4		6.0	桶狭間S(3勝クラス)								川須栄彦		ダ1400				1:24.5	0.4		15-14	34.3-37.9	36.8	482(+8)																																	晴		16.0	4.0	7.0	25.6	10.0	9	56.0	良	**	**		アッチャゴーラ																													
2020110100	2025-08-23	4中京1		11.0	伊賀S(3勝クラス)								川須栄彦		ダ1400				1:24.6	1.1		15-15	34.0-37.4	36.9	480(-2)																																	晴		16.0	3.0	6.0	18.0	7.0	13	54.0	良	**	**		プロトポロス																													
2020110100	2026-01-17	1京都6		11.0	羅生門S(3勝クラス)								鮫島克駿		ダ1400				1:25.1	1.2		15-15	35.3-36.2	35.9	486(+6)																																	晴		16.0	3.0	6.0	90.2	11.0	9	56.0	良				エストレヤデベレン																													
2020110136	2022-10-09	4阪神2		3.0	2歳新馬								武豊		ダ1400				1:25.1	-0.8		1-1	34.8-37.8	37.8	460(0)				700.0	曇		11.0	1.0	1.0	3.6	1.0	1	55.0	稍	**	**		(ゼットリアン)																																																									
2020110136	2022-11-03	門別		9.0	JBC2歳優駿(JpnIII)								池添謙一		ダ1800				1:55.0	1.5		1-1-1-1		40.6	466(+6)					曇		13.0	7.0	10.0	4.1	2.0	7	55.0	重	**	**		ゴライコウ																																																									
2020110136	2022-12-04	5中山2		6.0	2歳1勝クラス								戸崎圭太		ダ1200				1:11.1	-0.1		1-1	33.3-37.8	37.8	462(-4)				750.0	晴		12.0	6.0	7.0	5.3	2.0	1	55.0	良	**	**		(スズカコーズ)																																																									
2020110136	2022-12-17	6中京5		9.0	報知杯中京2歳S(OP)								北村友一		芝1200				1:10.1	2.1		4-4	34.2-33.8	35.1	462(0)					小雨		10.0	1.0	1.0	14.7	6.0	9	56.0	良	**	**		ビッグシーザー																																																									
2020110136	2023-02-25	キングアブドゥル			サウジダービー(GIII)								福永祐一		ダ1600				1:45.81						計不							13.0		10.0		5.0	12	55.0	良																																																													
2020110136	2023-04-30	1京都4		10.0	端午S(OP)								ルメール		ダ1400				1:26.3	2.2		8-10	34.0-37.9	39.3	458(0)					曇		11.0	6.0	7.0	12.9	6.0	9	56.0	重	**	**		スマートフォルス																																																									
2020110136	2023-08-13	3新潟2		9.0	浦佐特別(2勝クラス)								戸崎圭太		ダ1200				1:13.8	2.5		9-11	34.1-37.2	38.2	466(+8)					晴		15.0	3.0	4.0	4.3	3.0	15	56.0	良	**	**		メイショウミツヤス																																																									
2020110136	2023-11-25	5東京7		8.0	3歳以上2勝クラス								菅原明良		ダ1400				1:25.5	1.6		10-11	35.3-36.8	36.9	474(+8)					晴		16.0	5.0	10.0	22.4	5.0	14	57.0	良	**	**		プラチナジュビリー																																																									
2020110136	2024-02-17	2京都7		12.0	4歳以上2勝クラス								坂井瑠星		ダ1400				1:23.6	0.4		1-1	34.3-36.9	37.3	474(0)				290.0	晴		16.0	4.0	8.0	22.6	8.0	3	58.0	稍	**	**		ライツフォル																																																									
2020110136	2024-03-17	1阪神8		12.0	4歳以上2勝クラス								武豊		ダ1400				1:24.7	0.8		2-1	34.0-38.0	38.8	474(0)				460.0	雨		14.0	8.0	14.0	4.9	3.0	2	58.0	稍	**	**		カセノミオ																																																									
2020110136	2024-04-06	3中山5		9.0	葛飾特別(2勝クラス)								菅原明良		ダ1200				1:11.1	0.5		11-11	33.4-37.2	36.4	470(-4)					曇		16.0	3.0	5.0	4.3	2.0	6	58.0	稍	**	**		アロットドリーム																																																									
2020110136	2024-05-05	2東京6		12.0	日吉特別(2勝クラス)								武豊		ダ1300				1:17.7	0.1		2-2	29.9-36.0	35.9	478(+8)				630.2	晴		16.0	2.0	4.0	5.1	2.0	2	58.0	良	**	**		グランフォーブル																																																									
2020110136	2024-06-01	4京都1		12.0	3歳以上2勝クラス								武豊		ダ1200				1:11.9	0.4		2-2	34.5-37.0	37.3	472(-6)				170.0	晴		14.0	4.0	6.0	2.5	1.0	4	58.0	稍	**	**		ベンダバリラビア																																																									
2020110136	2024-09-15	4中山4		9.0	浦安特別(2勝クラス)								菅原明良		ダ1200				1:11.6	-0.4		2-2	35.0-36.6	36.5	480(+8)				1578.0	晴		13.0	8.0	12.0	2.6	1.0	1	58.0	良	**	**		(カンザシ)																																																									
2020110136	2024-10-13	4東京3		10.0	テレビ静岡賞(3勝クラス)								菅原明良		ダ1400				1:25.2	2.5		5-9	34.5-36.0	37.7	478(-2)					晴		16.0	6.0	11.0	24.4	9.0	15	58.0	良	**	**		ロードフォンス																																																									
2020110136	2024-12-22	5中山8		12.0	フェアウェルS(3勝クラス)								松山弘平		ダ1200				1:12.2	1.4		10-10	33.3-37.5	38.0	484(+6)					晴		16.0	5.0	10.0	8.3	3.0	6	58.0	良	**	**		ケイアイアニラ																																																									
2020110136	2025-04-13	1福島2		10.0	やまびこS(3勝クラス)								菱田裕二		ダ1150				1:09.3	0.6		14-13	30.4-38.3	37.2	484(0)					雨		16.0	4.0	8.0	15.9	5.0	9	58.0	良	**	**		シークレットヴァウ																																																									
2020110136	2025-06-07	3東京1		11.0	麦秋S(3勝クラス)								田辺裕信		ダ1400				1:28.7	6.0		2-2	34.8-35.9	41.7	486(+2)					曇		16.0	7.0	14.0	40.8	12.0	16	55.0	良	**	**		サフランヒーロー																																																									
2020110136	2025-09-28	4中山9		12.0	外房S(3勝クラス)								岩田望来		ダ1200				1:12.1	1.2		13-12	33.7-37.2	36.8	484(-2)					晴		16.0	2.0	4.0	41.4	12.0	13	55.0	良	**	**		カズゴルティス																																																									
2020110136	2025-11-16	5東京4		9.0	銀嶺S(3勝クラス)								団野大成		ダ1400				1:25.7	2.3		5-6	35.2-36.2	38.1	484(0)					晴		14.0	5.0	8.0	63.3	10.0	13	54.0	良	**	**		ダノンフィーゴ																																																									
2020110136	2025-12-16	園田		11.0	大和牛特別A1								廣瀬航		ダ1400				1:33.9	4.0		3-3-4-6		42.1	479(-5)					晴		8.0	3.0	3.0	4.5	2.0	8	57.0	良	**	**		スマートアンバー																																																									
2020110136	2026-01-14	園田		11.0	今日はBAOOラジオ(A1A2)								山本咲希		ダ1400				1:34.3	5.3		2-2-6-11		43.8	482(+3)					晴		12.0	1.0	1.0	85.5	9.0	12	57.0	良				ペースセッティング																																																									
2020110151	2022-11-12	5阪神3		5.0	2歳新馬								岩田望来		芝1600				1:35.7	1.2		13-10	35.5-35.0	34.6	480(0)					晴		13.0	8.0	13.0	12.7	7.0	9	55.0	良	**	**		エンファサイズ																																																									
2020110151	2022-12-10	6阪神3		3.0	2歳未勝利								福永祐一		ダ1800				1:55.8	-0.2		2-2-2-1	38.9-36.5	36.4	476(-4)				520.0	晴		11.0	6.0	7.0	3.1	1.0	1	55.0	良	**	**		(ロングウッド)																																																									
2020110151	2023-04-01	2阪神3		5.0	3歳1勝クラス								富田暁		ダ1800				1:56.0	2.3		9-9-9-9	37.5-39.2	40.3	486(+10)					晴		9.0	3.0	3.0	7.4	5.0	9	56.0	良	**	**		マテンロウガイ																																																									
2020110151	2023-05-06	1京都5		6.0	3歳1勝クラス								松田大作		ダ1400				1:26.1	0.5		6-6	35.5-37.6	37.3	484(-2)				120.0	曇		16.0	7.0	13.0	28.6	12.0	4	56.0	良	**	**		スズカコーズ																																																									
2020110151	2023-05-27	1京都11		6.0	3歳1勝クラス								松田大作		ダ1400				1:25.9	1.5		10-10	35.0-37.1	37.5	484(0)					晴		16.0	5.0	9.0	23.5	8.0	10	56.0	良	**	**		ニシキギミッチー																																																									
2020110151	2023-06-24	3阪神7		12.0	3歳以上1勝クラス								岩田望来		ダ1800				1:53.7	1.2		12-9-7-5	36.5-37.9	38.6	488(+4)				120.0	曇		14.0	3.0	5.0	9.9	5.0	4	55.0	稍	**	**		ミスティックロア																																																									
2020110151	2023-12-24	5阪神8		7.0	3歳以上1勝クラス								団野大成		ダ1800				1:55.4	0.8		8-8-9-5	37.8-39.2	39.2	494(+6)				120.0	晴		11.0	5.0	5.0	6.5	4.0	4	57.0	良	**	**		サンマルパトロール																																																									
2020110151	2024-01-14	1京都5		7.0	4歳以上1勝クラス								団野大成		ダ1800				1:53.0	0.0		9-9-8-5	35.5-39.0	38.0	496(+2)				800.0	晴		15.0	6.0	10.0	15.7	8.0	1	57.0	良	**	**		(ヒロノオオゾラ)																																																									
2020110151	2024-02-18	2京都8		9.0	天ケ瀬特別(2勝クラス)								団野大成		ダ1800				1:54.5	1.8		7-6-7-7	37.3-37.7	38.7	490(-6)					曇		13.0	4.0	4.0	5.7	3.0	10	57.0	良	**	**		ヴァンドゥラン																																																									
2020110151	2024-08-25	2中京6		9.0	大府特別(2勝クラス)								西塚洸二		ダ1800				1:56.2	4.0		1-2-2-3	36.6-37.2	41.0	494(+4)					曇		16.0	8.0	16.0	45.1	9.0	16	58.0	良	**	**		カズペトシーン																																																									
2020110151	2024-12-22	7京都8		9.0	クリスマスエルフ賞(2勝クラス)								団野大成		ダ1800				1:54.9	1.1		4-4-4-4	37.2-38.6	38.9	500(+6)					晴		16.0	8.0	16.0	34.9	10.0	10	58.0	良	**	**		タンゴバイラリン																																																									
2020110151	2025-01-18	1中京6		9.0	濃尾特別(2勝クラス)								団野大成		ダ1800				1:55.4	1.3		6-5-6-5	37.8-36.7	37.6	498(-2)					晴		16.0	4.0	7.0	69.1	11.0	14	58.0	良	**	**		マーブルマウンテン																																																									
2020110151	2025-07-26	1札幌1		10.0	ライラック賞(2勝クラス)								松本大輝		芝2600				2:43.4	3.5		4-4-4-7	35.9-35.9	38.9	500(+2)					小雨		13.0	4.0	5.0	72.4	10.0	12	58.0	良	**	**		スピードリッチ																																																									
2020110151	2025-08-09	1札幌5		10.0	藻岩山特別(2勝クラス)								松本大輝		芝2000				2:07.0	3.9		10-8-9-10	38.3-34.7	37.5	496(-4)					晴		11.0	6.0	7.0	383.7	11.0	10	58.0	稍	**	**		サクラファレル																																																									
2020110155	2022-11-26	5東京7		5.0	2歳新馬								ギュイヨ		芝1600				1:35.4	-0.6		9-11	36.9-34.0	33.1	464(0)				700.0																																											曇		17.0	8.0	17.0	4.4	2.0	1	55.0	良	**	**		(ショウナンアビアス)															
2020110155	2022-12-18	6阪神6		11.0	朝日フューチュリティ(GI)								横山武史		芝1600				1:34.0	0.1		5-5	34.1-36.1	35.8	470(+6)				1817.4																																											晴		17.0	7.0	14.0	6.5	3.0	3	55.0	良	**	**		ドルチェモア															
2020110155	2023-02-12	1東京6		11.0	共同通信杯(GIII)								Ｍ．デム		芝1800				1:48.1	1.1		9-9-8	35.3-34.1	34.2	472(+2)																																															晴		12.0	7.0	9.0	4.7	4.0	9	56.0	良	**	**		ファントムシーフ															
2020110155	2023-07-22	1札幌1		9.0	北辰特別(1勝クラス)								横山武史		芝1800				1:47.4	-0.2		4-5-5-5	36.6-34.5	34.0	472(0)				1138.7																																											晴		9.0	8.0	9.0	1.8	1.0	1	55.0	良	**	**		(キングロコマイカイ)															
2020110155	2023-08-12	2札幌1		10.0	羊ヶ丘特別(2勝クラス)								横山武史		芝1500				1:28.1	-0.1		5-6-6	29.3-35.5	34.7	472(0)				1575.9																																											晴		11.0	1.0	1.0	1.4	1.0	1	55.0	良	**	**		(バニシングポイント)															
2020110155	2023-11-19	5東京6		10.0	秋色S(3勝クラス)								横山武史		芝1600				1:35.7	1.3		2-2	37.6-32.6	33.9	478(+6)																																															晴		9.0	6.0	6.0	1.9	1.0	9	57.0	良	**	**		モズゴールドバレル															
2020110155	2023-12-17	5阪神6		10.0	六甲アイランドS(3勝クラス)								横山武史		芝1400				1:20.6	0.3		10-10	33.1-35.9	35.4	478(0)				751.0																																											晴		18.0	6.0	12.0	6.2	2.0	2	56.0	良	**	**		ダノンティンパニー															
2020110155	2024-02-10	1東京5		10.0	雲雀S(3勝クラス)								横山武史		芝1400				1:20.6	0.3		13-12	34.1-34.4	33.5	488(+10)				280.0																																											晴		16.0	2.0	3.0	3.3	2.0	4	58.0	良	**	**		ヴェルトハイム															
2020110155	2024-03-03	1阪神4		10.0	戎橋S(3勝クラス)								和田竜二		芝1400				1:20.7	0.0		5-5	34.6-34.6	34.2	478(-10)				1871.5																																											晴		14.0	6.0	9.0	3.9	2.0	1	57.0	良	**	**		(テーオーダヴィンチ)															
2020110155	2024-03-30	3中山3		11.0	ダービー卿チャレンジ(GIII)								丹内祐次		芝1600				1:33.8	0.9		8-11-10	35.5-35.1	34.1	478(0)																																															晴		16.0	8.0	15.0	23.1	10.0	8	55.0	稍	**	**		パラレルヴィジョン															
2020110155	2024-05-05	3京都6		11.0	鞍馬S(OP)								和田竜二		芝1200				1:07.7	0.8		4-4	33.7-33.2	33.7	478(0)																																															晴		13.0	7.0	10.0	5.0	2.0	7	57.0	良	**	**		ジャスティンスカイ															
2020110155	2024-06-22	1函館5		11.0	青函S(OP)								丹内祐次		芝1200				1:09.2	0.4		9-9	34.6-34.2	33.8	478(0)				230.0																																											曇		16.0	2.0	4.0	10.2	4.0	5	57.0	良	**	**		モリノドリーム															
2020110155	2024-10-14	4新潟4		11.0	信越S(L)								丸山元気		芝1400				1:20.5	-0.3		4-3	33.4-35.3	35.0	490(+12)				2739.2																																											晴		18.0	3.0	6.0	13.5	5.0	1	55.0	良	**	**		(シュバルツカイザー)															
2020110155	2024-11-17	6京都6		11.0	マイルチャンピオンS(GI)								津村明秀		芝1600				1:34.2	2.2		2-5	33.8-34.5	36.5	494(+4)																																															曇		17.0	5.0	10.0	162.5	14.0	16	58.0	良	**	**		ソウルラッシュ															
2020110155	2025-01-13	1中山5		11.0	ニューイヤーS(L)								丹内祐次		芝1600				1:33.0	0.7		1-1-1	34.5-34.9	35.6	496(+2)																																															晴		16.0	2.0	3.0	25.1	8.0	7	58.0	良	**	**		トロヴァトーレ															
2020110155	2025-04-27	2京都2		11.0	読売マイラーズC(GII)								和田竜二		芝1600				1:33.0	1.3		4-2	35.0-33.9	35.0	484(-12)																																															晴		10.0	8.0	9.0	26.5	6.0	8	57.0	良	**	**		ロングラン															
2020110155	2025-06-01	2京都12		10.0	安土城S(L)								和田竜二		芝1400				1:20.4	0.1		7-5	35.1-33.8	33.3	486(+2)				410.0																																											晴		16.0	6.0	12.0	8.5	3.0	4	57.0	良	**	**		ラケマーダ															
2020110155	2025-06-14	1函館1		11.0	函館スプリントS(GIII)								吉田隼人		芝1200				1:07.4	0.8		6-6	32.5-34.1	34.2	490(+4)																																															曇		16.0	7.0	14.0	120.8	14.0	13	57.0	良	**	**		カピリナ															
2020110155	2025-08-24	3新潟2		10.0	朱鷺S(L)								石橋脩		芝1400				1:20.9	0.4		4-3	33.0-36.1	35.7	482(-8)				270.0																																											晴		13.0	8.0	13.0	5.5	3.0	5	58.0	良	**	**		グレイイングリーン															
2020110155	2025-10-18	4東京6		11.0	富士S(GII)								津村明秀		芝1600				1:33.1	1.4		4-3	35.1-33.4	34.6	484(+2)																																															曇		14.0	4.0	5.0	219.4	13.0	12	57.0	良	**	**		ガイアフォース															
2020110155	2025-11-16	5東京4		11.0	オーロC(L)								三浦皇成		芝1400				1:20.4	0.5		4-4	34.2-34.4	34.2	484(0)				270.0																																											晴		18.0	8.0	18.0	28.3	13.0	5	57.0	良	**	**		フォーチュンタイム															
2020110155	2025-11-29	5東京7		11.0	キャピタルS(L)								三浦皇成		芝1600				1:33.1	1.2		11-11	34.3-34.7	34.5	490(+6)																																															晴		18.0	7.0	13.0	133.0	15.0	14	57.0	良	**	**		ミッキーゴージャス															
2021100011	2023-08-26	3新潟5		6.0	2歳新馬								石川裕紀		芝1600				1:39.5	3.1		6-5	37.6-33.6	36.1	450(0)																			晴		17.0	2.0	3.0	194.7	15.0	13	55.0	良	**	**		スティールブルー																																											
2021100011	2023-11-11	5東京3		1.0	2歳未勝利								団野大成		ダ1600				1:42.8	3.3		14-15	35.0-38.8	40.0	444(-6)																			曇		15.0	1.0	1.0	240.7	10.0	12	55.0	良	**	**		イーストウィッチ																																											
2021100011	2023-12-03	4中京2		1.0	2歳未勝利								小林勝太		ダ1800				1:58.2	1.3		6-6-6-8	37.9-38.4	39.1	438(-6)				55.0															晴		14.0	4.0	6.0	469.3	14.0	5	52.0	良	**	**		モモンウールー																																											
2021100011	2023-12-23	5中山7		2.0	2歳未勝利								小林勝太		ダ1800				1:57.7	1.7		6-4-4-3	37.4-40.0	41.1	442(+4)																			晴		15.0	6.0	11.0	135.2	12.0	9	52.0	良	**	**		イゾラフェリーチェ																																											
2021100011	2024-02-24	2中山1		4.0	3歳未勝利								小林勝太		ダ1800				1:57.3	1.1		1-1-1-1	38.2-39.3	40.4	438(-4)																			晴		16.0	6.0	12.0	77.2	11.0	6	52.0	稍	**	**		ジュレブランシュ																																											
2021100011	2024-03-17	1中京4		1.0	3歳未勝利								永島まな		ダ1800				1:58.7	4.8		3-3-8-9	37.7-38.0	41.5	432(-6)																			曇		15.0	1.0	1.0	29.1	6.0	14	52.0	良	**	**		サトノアイオライト																																											
2021100011	2024-05-05	1新潟4		1.0	3歳未勝利								小林勝太		ダ1800				1:58.3	3.1		10-10-9-10	37.3-40.0	41.4	438(+6)																			晴		14.0	6.0	10.0	194.9	10.0	11	52.0	良	**	**		ソウキュウ																																											
2021100011	2024-05-18	2東京9		4.0	3歳未勝利								野中悠太		芝1600				1:34.7	0.7		2-2	36.1-34.2	34.8	432(-6)				55.0															晴		18.0	4.0	7.0	479.3	17.0	5	55.0	良	**	**		ロジプラヤ																																											
2021100011	2024-06-16	3東京6		4.0	3歳未勝利								野中悠太		芝1600				1:35.0	1.2		8-8	35.5-34.7	35.1	434(+2)																			曇		16.0	4.0	7.0	46.9	10.0	10	55.0	良	**	**		デファイ																																											
2021100011	2024-08-17	3新潟3		7.0	3歳未勝利								石田拓郎		芝1600				1:34.3	1.1		3-3	34.8-34.1	35.0	436(+2)				83.0															晴		18.0	8.0	18.0	363.3	15.0	4	52.0	良	**	**		コンテネレッツア																																											
2021100011	2024-08-31	3新潟7		6.0	3歳未勝利								石田拓郎		芝1600				1:35.3	0.9		2-2	35.3-34.8	35.7	442(+6)																			小雨		18.0	8.0	16.0	65.6	11.0	8	52.0	良	**	**		マンウォル																																											
2021100011	2024-10-22	浦和		1.0	浦和800ラウンド(3歳)								石田拓郎		ダ800				0:48.6	-0.1		3-3	35.3-36.6	35.9	442(0)				180.0															晴		10.0	8.0	9.0	1.9	1.0	1	51.0	良	**	**		(シェナエース)																																											
2021100011	2024-10-29	船橋		5.0	3歳一								張田昂		ダ1200				1:17.1	1.0		5-6-6	36.5-39.6	39.9	436(-6)				56.0															雨		11.0	8.0	11.0	2.8	1.0	2	55.0	稍	**	**		ホウオウフロイト																																											
2021100011	2025-03-17	浦和		7.0	C2三　四								吉原寛人		ダ1500				1:37.8	2.6		10-11-11-11	29.9-39.1	39.6	460(+24)																			晴		12.0	6.0	7.0	6.2	4.0	12	54.0	不	**	**		トーセンジニアール																																											
2021100011	2025-04-24	浦和		8.0	牡牛座特別(C2)								舟山瑠泉		ダ1500				1:36.6	0.3		2-2-2-2	32.8-37.3	37.5	465(+5)				60.0															曇		11.0	6.0	7.0	30.1	5.0	2	51.0	良	**	**		スマイルスライヴ																																											
2021100011	2025-05-08	船橋		4.0	菜の花スプリント(C2)								張田昂		ダ1200				1:16.5	0.9		3-3-1	35.9-39.7	40.4	459(-6)				37.5															晴		12.0	7.0	9.0	3.5	2.0	3	54.0	稍	**	**		リュウノマサムネ																																											
2021100011	2025-05-30	浦和		7.0	C1五								張田昂		ダ1500				1:35.1	2.0		4-4-4-5	29.2-37.9	39.2	474(+15)																			曇		12.0	6.0	7.0	3.5	1.0	6	54.0	不	**	**		ココモローズ																																											
2021100011	2025-06-05	船橋		8.0	イナヅマダッシュ(C1)								野畑凌		ダ1000				1:01.7	-0.4		2-2	35.4-38.2	38.0	457(-17)				180.0															晴		13.0	8.0	12.0	2.7	1.0	1	54.0	稍	**	**		(クラッチタイム)																																											
2021100011	2025-06-26	浦和		10.0	宮沢湖特別(C1)								張田昂		ダ1400				1:27.1	1.4		7-8-8-8	36.3-36.9	37.3	464(+7)				18.0															曇		10.0	8.0	11.0	18.4	6.0	5	54.0	重	**	**		プラティクレール																																											
2021100011	2025-07-07	川崎		12.0	閃光賞(C1)								野畑凌		ダ900				0:55.9	0.8		5-7	29.3-37.9	38.2	456(-8)				18.0															晴		12.0	7.0	10.0	6.2	3.0	4	54.0	良	**	**		バッファローライズ																																											
2021100011	2025-07-22	浦和		10.0	ルビー特別(C1)								野畑凌		ダ1500				1:35.0	-0.8		1-1-1-1	31.2-38.6	38.6	467(+11)				180.0															晴		9.0	4.0	4.0	9.2	3.0	1	54.0	良	**	**		(スーパーロゴ)																																											
2021100011	2025-08-18	浦和		11.0	秋風月特別(B3)								野畑凌		ダ1500				1:34.1	0.2		4-3-3-4	30.1-37.7	37.7	467(0)				97.5															曇		10.0	8.0	11.0	7.0	3.0	2	54.0	稍	**	**		イナダヒメ																																											
2021100011	2025-11-22	3福島5		10.0	福島放送賞(2勝クラス)								石田拓郎		ダ1150				1:10.8	2.1		16-16	31.4-37.3	36.8	446(-21)																			晴		16.0	5.0	10.0	229.8	15.0	14	56.0	良	**	**		ルージュアズライト																																											
2021100011	2026-01-18	1中山7		4.0	障害4歳以上未勝利								水沼元輝		障2880				3:32.1	18.5		14-14-14-14	106.1-0.0	14.7	464(+18)																																																													晴		14.0	8.0	13.0	280.0	14.0	14	57.0	良				アスクオンディープ	202606010704
2021100016	2023-07-22	2福島7		6.0	2歳新馬								木幡巧也		芝1200				1:13.2	2.4		9-10	35.3-35.5	36.2	414(0)																																															晴		11.0	8.0	12.0	56.5	8.0	9	55.0	良	**	**		セントメモリーズ															
2021100016	2023-09-03	3新潟8		1.0	2歳未勝利								木幡巧也		芝1400				1:23.4	0.9		9-8	34.6-35.7	35.7	410(-4)				220.0																																											晴		15.0	8.0	14.0	370.0	14.0	2	55.0	良	**	**		ルージュスエルテ															
2021100016	2023-10-01	4中山9		2.0	2歳未勝利								木幡巧也		芝1600				1:36.7	2.0		4-7-8	35.6-35.1	36.2	412(+2)																																															曇		13.0	5.0	6.0	48.5	8.0	11	55.0	良	**	**		オーサムストローク															
2021100016	2023-12-24	5中山8		3.0	2歳未勝利								柴田大知		芝1200				1:09.5	0.5		8-6	33.9-35.1	35.1	414(+2)				55.0																																											曇		16.0	1.0	2.0	118.4	11.0	5	55.0	良	**	**		キングズブレス															
2021100016	2024-01-14	1小倉2		2.0	3歳未勝利								小林凌大		芝1200				1:08.8	0.6		3-3	33.4-34.8	35.0	414(0)																																															晴		18.0	4.0	8.0	34.7	9.0	6	53.0	良	**	**		ナムラアトム															
2021100016	2024-01-27	1小倉5		6.0	3歳未勝利								小林凌大		芝1200				1:10.3	0.5		9-9	34.4-35.4	35.1	412(-2)																																															晴		14.0	5.0	7.0	14.4	7.0	7	53.0	良	**	**		ワールドシリーズ															
2021100016	2024-04-13	1福島3		2.0	3歳未勝利								松本大輝		芝1200				1:10.4	1.1		10-9	34.0-35.3	35.5	406(-6)				83.0																																											晴		16.0	1.0	1.0	17.5	5.0	4	54.0	良	**	**		ジョーメッドヴィン															
2021100016	2024-04-28	1新潟2		2.0	3歳未勝利								松本大輝		芝1400				1:24.0	0.9		8-8	34.7-36.2	36.3	402(-4)																																															晴		16.0	4.0	8.0	47.9	9.0	10	54.0	良	**	**		メティエダール															
2021100016	2024-06-15	1函館3		1.0	3歳未勝利								土田真翔		芝1200				1:09.7	0.4		11-10	33.5-35.8	35.2	412(+10)																																															晴		16.0	6.0	11.0	80.4	13.0	10	52.0	良	**	**		ロードトレイル															
2021100016	2024-06-22	1函館5		3.0	3歳未勝利								丸山元気		芝1200				1:09.8	0.7		13-13	33.8-35.3	34.7	414(+2)																																															晴		16.0	5.0	9.0	102.5	13.0	6	55.0	良	**	**		ヴィヴァクラウン															
2021100016	2024-07-21	1札幌2		3.0	3歳未勝利								小林勝太		芝1200				1:09.5	1.3		12-12	33.5-34.7	34.6	412(-2)																																															晴		16.0	5.0	9.0	95.1	15.0	14	52.0	良	**	**		ファイツオン															
2021100016	2024-07-28	1札幌4		8.0	3歳以上1勝クラス								古川奈穂		芝1200				1:10.3	0.7		14-14	34.2-35.4	34.3	406(-6)																																															曇		14.0	7.0	11.0	162.6	14.0	11	50.0	稍	**	**		ロードトレイル															
2021100016	2024-09-08	3中京2		1.0	障害3歳以上未勝利								石神深一		障3000				3:36.0	14.5		8-8-8-8	103.1-0.0	14.4	394(-12)																																															晴		9.0	4.0	4.0	29.2	5.0	8	56.0	良				トーセンオリジン															
2021100016	2024-11-10	3福島4		4.0	障害3歳以上未勝利								土田真翔		障2750				3:10.7	0.7		5-4-2-2	108.0-0.0	13.9	406(+12)				200.0																																											晴		9.0	8.0	9.0	61.4	9.0	3	56.0	良				キタノブレイド															
2021100016	2024-12-08	5中山4		4.0	障害3歳以上未勝利								森一馬		障2880				3:24.8	7.0		9-9-10-10	108.0-0.0	14.2	410(+4)																																															晴		11.0	7.0	9.0	28.5	9.0	10	56.0	良				ヤマタケアオイバラ															
2021100016	2025-01-26	1小倉2		4.0	障害4歳以上未勝利								難波剛健		障2860				3:15.5	5.1		7-7-6-6	105.1-0.0	13.7	418(+8)																																															晴		12.0	8.0	11.0	53.7	9.0	6	57.0	良				モントライゼ															
2021100016	2025-02-23	1小倉10		4.0	障害4歳以上未勝利								難波剛健		障2860				3:13.8	0.6		3-3-2-4	108.0-0.0	13.6	426(+8)				84.0																																											曇		12.0	3.0	3.0	46.4	8.0	5	57.0	良				サンデーヒーロー															
2021100016	2025-03-23	2中山8		4.0	障害4歳以上未勝利								難波剛健		障2880				3:19.7	2.0		7-5-6-7	110.0-0.0	13.9	420(-6)																																															晴		14.0	2.0	2.0	28.9	8.0	9	57.0	良				ガンダルフ															
2021100016	2025-06-28	2小倉1		1.0	障害3歳以上未勝利								草野太郎		障2860				3:16.0	0.7		8-8-5-6	107.0-0.0	13.7	422(+2)				340.0																																											晴		12.0	6.0	8.0	70.4	11.0	2	58.0	良				フリーダムレイン															
2021100016	2025-07-13	2小倉6		1.0	障害3歳以上未勝利								難波剛健		障2860				3:14.6	-0.1		6-5-5-3	106.0-0.0	13.6	420(-2)				840.0																																											曇		12.0	1.0	1.0	17.0	5.0	1	58.0	良				(ラズルダズル)															
2021100016	2025-09-20	4阪神6		4.0	阪神ジャンプS(JGIII)								上野翔		障3140				3:39.1	9.5		9-9-9-9	102.0-0.0	14.0	414(-6)																																															曇		9.0	1.0	1.0	131.6	9.0	9	58.0	良				ネビーイーム															
2021100016	2025-10-11	3京都3		4.0	障害3歳以上OP								草野太郎		障3170								102.0-0.0		416(+2)																																															曇		10.0	3.0	3.0			除	58.0	良				ディナースタ															
2021100016	2025-12-20	5阪神5		4.0	障害3歳以上OP								江田勇亮		障3110				3:38.5	5.0		7-9-12-13	106.0-0.0	14.1	430(+16)																																															晴		14.0	6.0	10.0	214.4	14.0	13	58.0	良				テイエムマジック															
2021100139	2023-10-14	2京都4		5.0	2歳新馬								西村淳也		芝1600				1:34.4	0.1		1-1	36.4-33.7	33.8	466(0)				290.0																																											曇		13.0	7.0	10.0	4.9	3.0	2	55.0	良	**	**		タガノエルピーダ															
2021100139	2023-12-03	5阪神2		2.0	2歳未勝利								西村淳也		芝1400				1:21.1	-0.3		2-2	33.9-35.5	35.3	456(-10)				550.0																																											晴		11.0	4.0	4.0	1.5	1.0	1	55.0	良	**	**		(アレンジャー)															
2021100139	2024-02-03	1東京3		9.0	春菜賞(1勝クラス)								西村淳也		芝1400				1:21.3	0.2		1-1	35.2-33.7	33.9	456(0)				435.6																																											晴		8.0	4.0	4.0	2.0	1.0	2	55.0	良	**	**		オメガウインク															
2021100139	2024-02-25	1阪神2		10.0	マーガレットS(L)								ルメート		芝1200				1:10.6	1.2		5-6	34.1-35.3	35.8	452(-4)																																															小雨		11.0	6.0	7.0	8.9	6.0	7	55.0	重	**	**		ナナオ															
2021100139	2024-04-28	3京都4		6.0	3歳1勝クラス								モレイラ		芝1400				1:20.2	-0.7		1-1	35.0-33.9	33.9	456(+4)				780.0																																											晴		11.0	7.0	8.0	2.2	1.0	1	55.0	良	**	**		(リラボニート)															
2021100139	2024-06-23	4京都8		9.0	瀬田特別(2勝クラス)								西村淳也		芝1400				1:21.2	-0.6		2-2	35.7-34.0	33.9	454(-2)				1587.8																																											曇		18.0	6.0	11.0	5.2	2.0	1	53.0	重	**	**		(マイネルティグレ)															
2021100139	2024-08-17	2中京3		11.0	豊明S(3勝クラス)								西村淳也		芝1400				1:19.0	-0.1		2-2	33.0-34.7	34.5	456(+2)				1870.1																																											晴		14.0	7.0	11.0	2.2	1.0	1	53.0	良	**	**		(エピプランセス)															
2021100139	2024-10-26	5京都7		11.0	MBS賞スワンS(GII)								西村淳也		芝1400				1:21.1	0.6		3-3	34.0-35.0	35.3	458(+2)																																															曇		17.0	2.0	4.0	4.1	1.0	13	53.0	良	**	**		ダノンマッキンリー															
2021100139	2025-03-23	2中京4		11.0	愛知杯(GIII)								西村淳也		芝1400				1:21.7	1.5		4-4	32.7-36.0	37.0	466(+8)																																															晴		18.0	6.0	11.0	5.1	2.0	15	55.0	良	**	**		ワイドラトゥール															
2021100139	2025-06-01	2京都12		10.0	安土城S(L)								吉村誠之		芝1400				1:20.8	0.5		6-5	35.1-33.8	33.7	454(-12)																																															晴		16.0	3.0	5.0	4.6	2.0	8	54.0	良	**	**		ラケマーダ															
2021100139	2025-12-13	5阪神3		11.0	リゲルS(L)								団野大成		芝1600				1:32.1	0.3		5-5	35.0-33.9	33.4	468(+14)																																															晴		13.0	1.0	1.0	47.2	9.0	7	55.0	良	**	**		ランスオブカオス															
2021100161	2023-08-13	3小倉2		6.0	2歳新馬								坂井瑠星		芝1200				1:16.9	7.8		7-10	34.5-34.6	41.7	458(0)					晴		12.0	4.0	4.0	2.7	1.0	12	55.0	良	**	**		パッシングシャワー																																																									
2021100161	2023-09-23	4阪神6		2.0	2歳未勝利								川須栄彦		芝1200				1:10.0	1.1		2-4	34.4-34.5	35.2	464(+6)					曇		10.0	6.0	6.0	13.0	6.0	7	55.0	良	**	**		エトヴプレ																																																									
2021100161	2023-10-15	4新潟2		2.0	2歳未勝利								川須栄彦		ダ1200				1:12.3	0.0		1-1	33.2-39.1	39.1	460(-4)				220.0	小雨		11.0	4.0	4.0	3.7	3.0	2	56.0	良	**	**		ワイノナオミ																																																									
2021100161	2023-11-05	3福島2		1.0	2歳未勝利								永島まな		ダ1150				1:08.5	-0.4		1-1	31.0-37.5	37.5	460(0)				550.0	曇		12.0	7.0	10.0	2.6	2.0	1	53.0	良	**	**		(ベルウッドワン)																																																									
2021100161	2024-01-14	1京都5		4.0	3歳1勝クラス								田口貫太		ダ1200				1:12.6	-0.2		1-1	34.1-38.5	38.5	458(-2)				780.0	晴		11.0	7.0	8.0	4.8	3.0	1	55.0	良	**	**		(パドマ)																																																									
2021100161	2024-02-25	1阪神2		10.0	マーガレットS(L)								田口貫太		芝1200				1:11.8	2.4		2-4	34.1-35.3	37.3	454(-4)					小雨		11.0	6.0	6.0	58.0	10.0	11	57.0	重	**	**		ナナオ																																																									
2021100161	2024-06-01	4京都1		12.0	3歳以上2勝クラス								田口貫太		ダ1200				1:12.7	1.2		3-3	34.5-37.0	38.0	452(-2)					晴		14.0	8.0	13.0	3.7	2.0	10	54.0	稍	**	**		ベンダバリラビア																																																									
2021100161	2024-12-22	5中山8		8.0	冬至特別(2勝クラス)								マーカン		ダ1200				1:11.6	0.0		6-6	33.6-38.0	37.7	462(+10)				1586.4	晴		16.0	2.0	4.0	27.7	7.0	1	57.0	良	**	**		(テセラリアン)																																																									
2021100161	2025-01-13	1中山5		10.0	初春S(3勝クラス)								マーカン		ダ1200				1:10.5	-0.7		5-4	33.1-37.4	37.0	464(+2)				1874.3	晴		16.0	5.0	10.0	5.0	2.0	1	56.0	良	**	**		(エレガントムーン)																																																									
2021100161	2025-02-09	1京都4		10.0	令月S(OP)								坂井瑠星		ダ1200				1:12.2	1.0		15-14	35.2-36.0	35.4	466(+2)					晴		16.0	2.0	3.0	5.0	2.0	8	56.0	稍	**	**		ロードアウォード																																																									
2021100161	2025-04-20	3中山8		10.0	京葉S(L)								坂井瑠星		ダ1200				1:12.5	1.4		13-13	34.7-36.4	36.2	468(+2)					曇		16.0	6.0	11.0	9.0	4.0	11	57.0	良	**	**		インビンシブルパパ																																																									
2021100161	2025-05-18	2京都8		11.0	栗東S(L)								高杉吏麒		ダ1400				1:23.3	0.9		5-5	34.7-35.8	36.2	456(-12)					曇		16.0	8.0	16.0	56.5	11.0	10	56.0	稍	**	**		コンティノアール																																																									
2021100161	2025-11-30	4京都8		11.0	オータムリーフS(OP)								鮫島克駿		ダ1400				1:24.5	1.3		1-1	34.1-36.9	38.2	466(+10)					晴		16.0	8.0	15.0	48.3	10.0	8	57.0	良	**	**		ハッピーマン																																																									
2021100161	2025-12-28	5阪神8		11.0	ギャラクシーS(OP)								岩田康誠		ダ1400				1:25.0	1.6		1-1	33.9-37.6	39.2	464(-2)					晴		16.0	2.0	4.0	21.0	8.0	11	57.0	良	**	**		ノーブルロジャー																																																									
2021100225	2024-04-07	1福島2		5.0	3歳未勝利								鮫島良太		芝1800				1:49.4	1.0		8-8-3-2	35.0-35.7	36.5	500(0)																																															晴		16.0	7.0	13.0	43.0	10.0	6	57.0	良	**	**		スプリンクルソルト															
2021100225	2024-05-11	1新潟5		5.0	3歳未勝利								西塚洸二		芝2000				2:03.8	0.5		10-11-11-11	36.9-36.6	36.2	496(-4)				83.0																																											晴		14.0	6.0	11.0	20.3	7.0	4	55.0	良	**	**		ホワイトビーチ															
2021100225	2024-05-26	3京都12		5.0	3歳未勝利								西塚洸二		芝2000				2:00.8	0.0		7-8-8-7	36.2-34.8	34.1	492(-4)				220.0																																											晴		14.0	6.0	9.0	10.7	5.0	2	55.0	良	**	**		ディーガレジェンド															
2021100225	2024-06-22	1函館5		6.0	3歳未勝利								鮫島克駿		芝2000				2:01.5	0.5		6-5-7-6	35.6-36.9	36.7	498(+6)																																															曇		16.0	3.0	5.0	3.3	1.0	7	57.0	良	**	**		コーラルムーン															
2021100225	2024-08-18	2中京4		6.0	3歳未勝利								国分恭介		芝2000				2:00.2	0.0		9-8-9-9	35.9-35.2	34.6	480(-18)				550.0																																											晴		18.0	4.0	8.0	8.0	3.0	1	57.0	良	**	**		(ファミリータイム)															
2021100225	2024-10-27	4新潟8		9.0	湯沢特別(1勝クラス)								国分恭介		芝2000				2:00.0	0.6		11-11	35.7-34.7	34.5	484(+4)				111.0																																											晴		16.0	1.0	1.0	25.7	7.0	5	56.0	良	**	**		クロシェットノエル															
2021100225	2024-11-16	3福島5		12.0	3歳以上1勝クラス								国分恭介		芝2000				2:00.5	-0.4		13-12-9-6	35.9-35.9	35.2	476(-8)				800.0																																											曇		16.0	2.0	3.0	6.3	3.0	1	56.0	良	**	**		(パンジャ)															
2021100225	2025-02-08	1小倉5		10.0	RKB賞(2勝クラス)								国分恭介		芝2000				2:03.0	0.5		9-9-9-7	35.3-37.5	36.6	480(+4)																																															曇		16.0	5.0	10.0	7.6	4.0	9	57.0	稍	**	**		クレバーテースト															
2021100225	2025-03-15	2中京1		10.0	恋路ケ浜特別(2勝クラス)								国分恭介		芝2000				2:01.2	0.3		5-5-5-5	37.2-35.2	35.0	478(-2)				155.0																																											小雨		13.0	4.0	4.0	10.1	6.0	5	58.0	良	**	**		ヴィレム															
2021100225	2025-03-29	2中京5		10.0	熊野特別(2勝クラス)								国分恭介		芝2200				2:13.4	-0.6		6-6-5-6	34.8-38.6	37.0	478(0)				1571.7																																											晴		9.0	3.0	3.0	2.9	1.0	1	57.0	稍	**	**		(バンフィエルド)															
2021100225	2025-06-28	2福島1		11.0	バーデンバーデンC(3勝クラス)								国分恭介		芝2000				1:59.9	0.6		10-10-11-10	34.6-36.2	35.8	478(0)																																															晴		16.0	4.0	7.0	16.0	7.0	9	58.0	良	**	**		アンゴラブラック															
2021100225	2025-08-16	3中京7		7.0	高山S(3勝クラス)								国分恭介		芝2000				1:59.1	0.7		7-6-3-5	36.2-34.5	34.8	482(+4)																																															晴		9.0	3.0	3.0	9.1	4.0	6	55.0	良	**	**		バールデュヴァン															
2021100225	2025-09-14	4中山4		10.0	レインボーS(3勝クラス)								三浦皇成		芝2000				1:59.7	0.4		10-10-8-7	36.9-34.5	34.2	482(0)				280.0																																											曇		14.0	4.0	5.0	13.8	6.0	4	55.0	良	**	**		ブラックシールド															
2021100225	2025-10-25	4新潟3		11.0	魚沼S(3勝クラス)								国分恭介		芝2000				1:59.3	1.1		14-15	36.1-33.4	33.5	480(-2)																																															曇		18.0	2.0	4.0	44.9	14.0	11	58.0	良	**	**		シンハナーダ															
2021100225	2025-12-27	5中山7		12.0	グレイトフルS(3勝クラス)								三浦皇成		芝2500				2:36.3	0.8		7-9-7-9	30.9-34.4	34.6	486(+6)																																															曇		14.0	6.0	9.0	100.4	10.0	10	58.0	良	**	**		ミクニインスパイア															
2021100225	2026-01-10	1中山3		11.0	迎春S(3勝クラス)								三浦皇成		芝2200				2:11.5	0.8		8-8-9-8	35.1-34.6	34.5	480(-6)																																															晴		17.0	3.0	6.0	63.8	11.0	6	58.0	良	**	**		アスクナイスショー															
2021100303	2023-10-22	2京都7		5.0	2歳新馬								岩田望来		芝2000				2:02.5	1.1		6-6-8-6	36.3-35.2	35.5	544(0)				180.0																																											晴		8.0	5.0	5.0	29.6	6.0	3	56.0	良	**	**		サンライズアース															
2021100303	2024-03-10	1阪神6		4.0	3歳未勝利								武豊		芝2000				2:03.0	0.5		5-5-5-3	37.0-34.9	35.0	548(+4)																																															晴		10.0	8.0	10.0	5.0	4.0	6	57.0	良	**	**		スカイサーベイ															
2021100303	2024-06-05	園田		10.0	JRA交流氷ノ山特別								笹田知宏		ダ1870				2:05.0	-0.7		3-3-2-2		41.8	553(+5)				150.0																																											晴		9.0	1.0	1.0	5.4	3.0	1	56.0	良	**	**		(プリムロゼ)															
2021100303	2024-06-16	4京都6		7.0	3歳以上1勝クラス								吉村誠之		芝2400				2:26.5	0.3		10-10-9-9	35.9-34.9	33.9	550(-3)																																															晴		11.0	4.0	4.0	33.2	9.0	6	51.0	良	**	**		ノーブルライジング															
2021100303	2025-01-18	1中京6		7.0	4歳以上1勝クラス								吉村誠之		ダ1900				2:00.9	0.8		10-10-11-10	30.4-37.1	36.9	562(+12)																																															晴		12.0	7.0	9.0	5.1	3.0	6	55.0	良	**	**		アンバードール															
2021100303	2025-03-08	1阪神3		7.0	4歳以上1勝クラス								吉村誠之		ダ2000				2:09.4	0.6		4-4-4-4	36.2-40.0	40.2	560(-2)																																															曇		10.0	3.0	3.0	4.2	3.0	7	56.0	良	**	**		サンライズウェーヴ															
2021100303	2025-03-23	1阪神8		8.0	4歳以上1勝クラス								岩田望来		ダ1800				1:53.9	0.6		2-2-2-2	37.6-37.1	37.7	556(-4)				320.0																																											晴		14.0	3.0	4.0	5.0	2.0	2	58.0	良	**	**		リトルハピ															
2021100303	2025-06-29	2小倉2		12.0	3歳以上1勝クラス								川田将雅		ダ1700				1:47.0	1.3		3-3-3-3	29.4-39.4	40.5	558(+2)																																															晴		16.0	7.0	14.0	4.6	2.0	11	58.0	良	**	**		オンザムーブ															
2021100329	2024-01-20	1中山6		4.0	3歳新馬								横山和生		ダ1800				1:56.6	0.5		8-8-9-7	38.0-38.9	38.7	492(0)				160.0	曇		16.0	7.0	13.0	44.3	10.0	3	57.0	良	**	**		エクリプスルバン																																																									
2021100329	2024-02-10	1東京5		3.0	3歳未勝利								横山和生		ダ1600				1:39.9	1.2		3-3	35.2-37.2	38.0	492(0)				83.0	晴		16.0	6.0	12.0	4.6	2.0	4	57.0	稍	**	**		コーカサスゴールド																																																									
2021100329	2024-03-10	2中山6		3.0	3歳未勝利								横山和生		ダ1800				1:57.5	0.5		4-4-4-8	38.5-40.0	40.3	500(+8)				83.0	晴		16.0	8.0	15.0	3.2	1.0	4	57.0	稍	**	**		エアロソニック																																																									
2021100329	2024-04-06	3中山5		3.0	3歳未勝利								横山和生		ダ1800				1:54.8	-0.3		7-7-7-7	37.9-39.0	38.4	500(0)				550.0	曇		12.0	4.0	4.0	4.8	2.0	1	57.0	稍	**	**		(ナムラカメジロー)																																																									
2021100329	2024-07-14	2福島6		12.0	3歳以上1勝クラス								柴田善臣		ダ1700				1:48.2	1.7		13-14-14-13	31.0-37.6	37.8	504(+4)					小雨		15.0	2.0	3.0	35.9	8.0	10	55.0	稍	**	**		ロジアデレード																																																									
2021100329	2024-12-01	4中京2		7.0	3歳以上1勝クラス								横山和生		ダ1800				1:52.1	0.2		4-5-5-5	36.6-38.1	36.8	504(0)				200.0	晴		12.0	6.0	8.0	20.4	6.0	3	56.0	良	**	**		ホークフィールド																																																									
2021100329	2024-12-22	5中山8		7.0	3歳以上1勝クラス								横山和生		ダ1800				1:55.7	0.6		16-16-16-9	37.7-39.7	38.6	510(+6)				200.0	晴		16.0	5.0	10.0	5.3	4.0	3	57.0	良	**	**		ドバイブルース																																																									
2021100329	2025-01-13	1中山5		8.0	4歳以上1勝クラス								横山和生		ダ1800				1:54.8	-0.1		13-13-10-7	37.1-39.6	38.4	514(+4)				800.0	晴		14.0	4.0	5.0	3.4	2.0	1	57.0	良	**	**		(タイセイアディクト)																																																									
2021100329	2025-03-23	2中京4		10.0	弥富特別(2勝クラス)								秋山稔樹		ダ1900				2:00.9	1.7		15-16-15-13	30.2-39.5	38.5	506(-8)					晴		16.0	1.0	1.0	14.7	7.0	11	56.0	良	**	**		アスクデビューモア																																																									
2021100329	2025-04-20	3中山8		8.0	利根川特別(2勝クラス)								横山和生		ダ1800				1:54.7	0.8		12-12-5-4	37.2-38.1	38.5	502(-4)				230.0	曇		16.0	7.0	14.0	17.1	4.0	4	58.0	良	**	**		ソレルビュレット																																																									
2021100329	2025-05-18	2東京8		10.0	青梅特別(2勝クラス)								横山和生		ダ1600				1:36.6	1.8		16-16	34.1-36.2	34.5	508(+6)					曇		16.0	2.0	3.0	7.1	4.0	12	56.0	重	**	**		オウギノカナメ																																																									
2021100329	2025-06-01	2京都12		9.0	與杼特別(2勝クラス)								古川吉洋		ダ1800				1:52.1	0.3		14-14-14-14	35.5-38.3	36.7	506(-2)				394.3	晴		14.0	6.0	10.0	17.9	9.0	3	58.0	良	**	**		メイショウソウタ																																																									
2021100329	2025-06-22	1函館4		10.0	檜山特別(2勝クラス)								横山和生		ダ1700				1:45.6	1.3		14-14-10-9	30.0-37.0	37.4	504(-2)					曇		14.0	7.0	12.0	16.0	5.0	10	58.0	重	**	**		バギーウィップ																																																									
2021100329	2025-09-28	4中山9		8.0	3歳以上2勝クラス								原田和真		ダ1800				1:53.9	1.0		15-15-7-8	35.9-38.5	38.2	524(+20)				114.0	晴		16.0	2.0	4.0	36.3	11.0	5	58.0	良	**	**		チュウワクリスエス																																																									
2021100329	2025-10-19	3京都7		12.0	聚楽第特別(2勝クラス)								酒井学		ダ1800				1:51.5	0.6		12-11-11-9	34.9-37.4	36.8	506(-18)				230.0	曇		14.0	2.0	2.0	44.0	11.0	4	58.0	良	**	**		テスティモーネ																																																									
2021100329	2025-11-01	3京都10		8.0	3歳以上2勝クラス								酒井学		ダ1800				1:49.8	0.7		10-12-9-9	35.4-36.6	36.2	502(-4)				290.0	晴		15.0	2.0	2.0	12.6	6.0	3	58.0	重	**	**		アーロンイメル																																																									
2021100329	2025-12-06	5中山1		10.0	鹿島特別(2勝クラス)								横山和生		ダ1800				1:53.3	0.1		10-10-6-3	37.4-38.5	38.1	506(+4)				629.0	晴		12.0	4.0	4.0	4.6	3.0	2	58.0	良	**	**		ブルータス																																																									
2021100329	2025-12-28	5中山8		8.0	ハッピーエンドC(2勝クラス)								石橋脩		ダ1800				1:53.0	0.1		7-8-4-2	37.2-38.2	38.1	504(-2)				628.8	晴		13.0	7.0	10.0	7.8	4.0	2	58.0	良	**	**		ジェイエルマスター																																																									
2021100338	2023-12-17	5中山6		5.0	2歳新馬								菅原明良		芝1600				1:36.4	0.4		2-2-2	36.3-35.3	35.6	420(0)				110.0	晴		16.0	4.0	8.0	46.0	10.0	4	55.0	良	**	**		ミラビリスマジック																																																									
2021100338	2024-03-23	3中山1		4.0	3歳未勝利								菅原明良		芝1600				1:34.8	-0.1		1-1-2	35.9-35.1	35.1	438(+18)				550.0	曇		16.0	3.0	5.0	11.3	5.0	1	55.0	良	**	**		(パストラーレ)																																																									
2021100338	2024-04-13	1福島3		9.0	雪うさぎ賞(1勝クラス)								石橋脩		芝1200				1:09.4	0.9		5-5	33.9-34.6	35.0	436(-2)				160.0	晴		16.0	3.0	6.0	8.3	5.0	4	55.0	良	**	**		モズトキキ																																																									
2021100338	2024-06-30	2福島2		12.0	3歳以上1勝クラス								菅原明良		芝1200				1:08.6	0.0		3-3	34.0-34.6	34.5	434(-2)				800.0	雨		16.0	7.0	13.0	5.1	2.0	1	53.0	良	**	**		(レザンノワール)																																																									
2021100338	2024-07-13	2福島5		9.0	郡山特別(2勝クラス)								木幡巧也		芝1200				1:09.6	1.4		6-4	33.9-34.3	34.8	432(-2)					晴		16.0	3.0	5.0	9.8	6.0	8	52.0	良	**	**		トーセンエスクード																																																									
2021100338	2024-09-28	4中山8		10.0	茨城新聞杯(2勝クラス)								菅原明良		芝1200				1:08.8	0.9		9-10	32.9-35.0	34.7	438(+6)					曇		14.0	8.0	13.0	30.4	8.0	13	54.0	良	**	**		ハピネスアゲン																																																									
2021100338	2024-10-14	4東京4		12.0	3歳以上2勝クラス								野中悠太		芝1600				1:34.5	1.5		4-3	35.4-34.0	35.3	436(-2)					晴		12.0	5.0	5.0	239.0	12.0	11	54.0	良	**	**		ニュージーズ																																																									
2021100338	2024-12-22	5中山8		8.0	冬至特別(2勝クラス)								石橋脩		ダ1200				1:11.6	0.0		3-3	33.6-38.0	37.8	426(-10)				630.4	晴		16.0	8.0	15.0	104.0	12.0	2	55.0	良	**	**		ロードフロンティア																																																									
2021100338	2025-01-12	1中山4		12.0	4歳以上2勝クラス								石橋脩		ダ1200				1:10.9	0.3		2-2	33.7-36.9	37.1	438(+12)				460.0	曇		16.0	3.0	5.0	5.4	2.0	2	56.0	良	**	**		ニットウバジル																																																									
2021100338	2025-02-09	1東京4		8.0	4歳以上2勝クラス								横山和生		ダ1300				1:19.4	0.8		14-15	30.0-36.2	35.3	442(+4)					晴		16.0	2.0	4.0	5.8	3.0	7	56.0	良	**	**		アンシール																																																									
2021100338	2025-04-19	3中山7		12.0	葛飾特別(2勝クラス)								石橋脩		ダ1200				1:12.7	0.3		3-3	35.2-37.2	37.3	434(-8)				155.0	晴		15.0	8.0	15.0	1.7	1.0	5	56.0	良	**	**		グレタ																																																									
2021100338	2025-05-04	2東京4		12.0	4歳以上2勝クラス								石橋脩		ダ1300				1:18.2	1.3		8-9	29.4-35.9	35.6	442(+8)					晴		16.0	8.0	16.0	21.0	8.0	10	56.0	稍	**	**		キュムロンニンバス																																																									
2021100338	2025-12-07	5中山2		8.0	3歳以上2勝クラス								菅原明良		ダ1200				1:11.2	0.2		8-8	33.7-37.3	36.7	438(-4)				290.0	晴		16.0	1.0	2.0	9.8	5.0	3	56.0	良	**	**		アシャカトベ																																																									
2021100338	2026-01-04	1中山1		12.0	4歳以上2勝クラス								菅原明良		ダ1200				1:11.7	0.7		4-4	34.7-36.3	36.6	438(0)					晴		16.0	1.0	2.0	6.6	4.0	7	56.0	稍	**	**		スリーピース																																																									
2021100361	2023-08-05	2新潟3	晴	5.0	2歳新馬		13.0	8.0	12.0	18.9	4.0	6	木幡巧也	55.0	芝1800		良	**	1:52.1	1.3	**	9-10	37.5-33.6	34.3	460(0)			ファーヴェント																																																																								
2021100361	2023-09-02	3新潟7	曇	2.0	2歳未勝利		15.0	4.0	6.0	4.6	2.0	6	木幡巧也	55.0	ダ1800		良	**	1:58.5	1.6	**	7-7-8-7	37.2-39.1	39.7	464(+4)			アラレタバシル																																																																								
2021100361	2023-10-28	4新潟5	雨	2.0	2歳未勝利		14.0	3.0	4.0	19.3	7.0	5	菊沢一樹	56.0	ダ1800		稍	**	1:56.7	1.3	**	11-10-9-9	36.5-38.9	39.3	470(+6)			バナマンテソーロ	55.0																																																																							
2021100361	2023-11-12	3福島4	曇	1.0	2歳未勝利		15.0	2.0	2.0	14.8	7.0	1	松岡正海	56.0	ダ1700		良	**	1:48.8	0.0	**	6-5-2-2	30.7-39.5	39.4	472(+2)			(キングオブフジ)	550.0																																																																							
2021100361	2023-12-10	5中山4	晴	7.0	2歳1勝クラス		16.0	2.0	3.0	152.2	16.0	10	木幡巧也	56.0	ダ1800		良	**	1:55.1	2.6	**	14-15-15-14	37.1-37.9	38.8	476(+4)			ミッキーファイト																																																																								
2021100361	2024-01-08	1中山3	晴	6.0	3歳1勝クラス		11.0	2.0	2.0	239.3	11.0	11	松岡正海	57.0	芝2000		良	**	2:02.1	2.3	**	11-11-11-11	35.9-35.7	36.8	476(0)			ファビュラススター																																																																								
2021100361	2024-04-07	3中山6	晴	6.0	3歳1勝クラス		16.0	3.0	5.0	233.3	15.0	10	長浜鴻緒	54.0	ダ1800		重	**	1:53.6	1.8	**	14-14-15-15	36.5-38.5	38.9	476(0)			カシマエスパーダ																																																																								
2021100361	2024-05-05	2東京6	晴	5.0	3歳1勝クラス		16.0	8.0	15.0	504.3	16.0	7	長浜鴻緒	54.0	ダ2100		良	**	2:13.5	2.4	**	15-14-14-15	30.2-37.3	38.1	478(+2)			サンライズソレイユ																																																																								
2021100361	2024-06-29	1函館7	晴	8.0	3歳以上1勝クラス		10.0	7.0	7.0	9.0	4.0	7	丹内祐次	54.0	ダ2400		良	**	2:36.1	1.4	**	2-2-2-3	38.6-39.8	41.0	478(0)			アーマルコライト																																																																								
2021100361	2024-08-18	2札幌4	晴	6.0	3歳以上1勝クラス		12.0	6.0	8.0	17.9	6.0	10	佐々木大	55.0	ダ2400		良	**	2:39.2	2.9	**	9-8-11-10	38.0-40.0	41.7	478(0)			ハイランドリンクス																																																																								
2021100361	2024-09-01	2札幌8	晴	12.0	3歳以上1勝クラス		14.0	4.0	6.0	56.9	10.0	13	永野猛蔵	55.0	ダ1700		重	**	1:47.4	2.6	**	12-12-12-14	29.4-38.6	39.4	476(-2)			ロードクロンヌ																																																																								
2021100361	2024-11-10	3福島4	晴	4.0	障害3歳以上未勝利		9.0	6.0	6.0	11.5	5.0	6	五十嵐雄	58.0	障2750		良		3:11.3	1.3		9-9-8-8	108.0-0.0	13.9	486(+10)			キタノブレイド																																																																								
2021100361	2024-12-01	7京都2	晴	4.0	障害3歳以上未勝利		13.0	1.0	1.0	13.9	4.0	5	五十嵐雄	58.0	障2910		良		3:23.6	3.6		6-6-4-5	107.0-0.0	14.0	484(-2)			テイエムエメラルド	79.0																																																																							
2021100361	2024-12-22	7京都8	曇	5.0	障害3歳以上未勝利		14.0	4.0	5.0	27.5	7.0	6	五十嵐雄	58.0	障2910		良		3:23.3	4.5		9-8-7-7	109.0-0.0	14.0	482(-2)			マテンロウジョイ																																																																								
2021100361	2025-03-08	2中山3	曇	4.0	障害4歳以上未勝利		9.0	5.0	5.0	15.0	5.0	3	五十嵐雄	59.0	障2880		稍		3:17.2	0.5		2-2-4-3	108.0-0.0	13.7	492(+10)			プラチナムレイアー	210.0																																																																							
2021100361	2025-04-06	3中山4	曇	4.0	障害4歳以上未勝利		12.0	8.0	11.0	6.2	4.0	2	五十嵐雄	59.0	障2880		良		3:18.5	0.3		2-3-3-3	109.1-0.0	13.8	492(0)			メイショウカズサ	340.0																																																																							
2021100361	2025-08-17	2新潟8	晴	1.0	障害3歳以上未勝利		13.0	2.0	2.0	7.0	3.0	1	伴啓太	60.0	障2850		良		3:07.9	-0.1		9-9-5-4	105.0-0.0	13.2	492(0)			(ネロコルヴィーノ)	840.0																																																																							
2021100361	2025-08-30	3新潟3	曇	1.0	障害3歳以上OP		13.0	6.0	9.0	53.2	10.0	4	金子光希	60.0	障3250		良		3:36.5	1.2		7-7-6-6	107.1-0.0	13.3	490(-2)			スズカハービン	210.0																																																																							
2021100361	2025-11-15	5東京3	晴	8.0	秋陽ジャンプS(OP)		12.0	6.0	7.0	44.0	9.0	7	草野太郎	59.0	障3110		良		3:28.0	1.7		8-8-7-10	103.1-0.0	13.4	498(+8)			プラチナトレジャー																																																																								
2021100361	2025-12-06	5中山1	曇	8.0	イルミネーションJS(OP)		12.0	8.0	11.0	44.4	9.0	7	伴啓太	60.0	障3570		良		4:04.0	1.7		9-9-10-10	105.1-0.0	13.7	496(-2)			ピーターサイト																																																																								
2021100361	2025-12-27	5中山7	曇	10.0	中山大障害(JGI)		10.0	7.0	8.0	163.9	9.0	8	伴啓太	63.0	障4100		良		4:50.2	3.4		8-7-8-9	106.0-0.0	14.2	496(0)			エコロデュエル																																																																								
2021100363	2023-07-30	1札幌4	曇	5.0	2歳新馬		12.0	7.0	10.0	13.8	6.0	1	横山和生	55.0	芝1800		良	**	1:51.6	-0.7	**	1-1-1-1	37.9-34.5	34.5	468(0)			(キャプテンシー)	720.0																																																																							
2021100363	2023-09-02	2札幌7	曇	11.0	札幌2歳S(GIII)		10.0	7.0	8.0	6.9	4.0	2	横山典弘	55.0	芝1800		稍	**	1:51.2	0.7	**	2-2-2-2	36.8-36.5	36.8	474(+6)			セットアップ	1210.4																																																																							
2021100363	2023-11-25	3京都7	晴	11.0	ラジオN杯京都2歳S(GIII)		14.0	4.0	6.0	9.2	5.0	12	横山和生	56.0	芝2000		良	**	2:01.0	1.2	**	5-5-9-7	35.0-35.9	36.5	478(+4)			シンエンペラー																																																																								
2021100363	2024-02-11	1東京6	曇	11.0	共同通信杯(GIII)		10.0	7.0	7.0	151.2	9.0	3	田辺裕信	57.0	芝1800		良	**	1:48.4	0.4	**	1-1-1	37.3-33.1	33.5	470(-8)			ジャスティンミラノ	1005.1																																																																							
2021100363	2024-04-27	2東京3	曇	11.0	テレビ東京杯青葉賞(GII)		17.0	4.0	8.0	26.8	9.0	14	田辺裕信	57.0	芝2400		良	**	2:25.5	1.3	**	1-1-1-1	35.6-36.2	37.5	476(+6)			シュガークン																																																																								
2021100363	2024-06-08	1函館1	晴	10.0	松前特別(2勝クラス)		16.0	8.0	16.0	3.3	1.0	15	横山和生	55.0	芝1800		良	**	1:49.3	2.1	**	3-3-4-11	35.7-35.0	36.9	474(-2)			エープラス																																																																								
2021100363	2024-12-14	7京都5	曇	12.0	3歳以上2勝クラス		14.0	3.0	3.0	7.1	4.0	6	横山典弘	57.0	芝1600		良	**	1:34.9	0.9	**	5-4	36.3-34.3	34.7	494(+20)			ムーンリットナイト																																																																								
2021100363	2025-01-11	1中京3	晴	9.0	渥美特別(2勝クラス)		13.0	8.0	13.0	10.5	5.0	1	横山典弘	57.0	芝2000		良	**	2:01.7	-0.2	**	2-1-1-1	36.8-35.2	35.2	494(0)			(ブリタニア)	1582.9																																																																							
2021100363	2025-02-15	1京都5	晴	10.0	飛鳥S(3勝クラス)		9.0	1.0	1.0	4.2	3.0	8	横山典弘	57.0	芝2000		良	**	2:02.6	1.9	**	1-1-1-1	37.5-34.9	36.8	490(-4)			ウエストナウ																																																																								
2021100363	2025-04-06	3中山4	晴	11.0	美浦S(3勝クラス)		16.0	6.0	12.0	13.8	5.0	11	丸山元気	58.0	芝2000		良	**	2:00.7	1.1	**	2-2-2-2	35.9-35.7	36.7	490(0)			レガーロデルシエロ																																																																								
2021100363	2025-05-10	2東京5	曇	9.0	分倍河原S(3勝クラス)		15.0	8.0	15.0	16.4	8.0	2	田辺裕信	58.0	芝1600		稍	**	1:34.7	0.0	**	1-1	36.2-33.8	33.8	486(-4)			アルセナール	749.2																																																																							
2021100363	2025-06-01	2東京12	晴	10.0	むらさき賞(3勝クラス)		18.0	2.0	3.0	7.0	4.0	5	田辺裕信	57.0	芝1800		良	**	1:45.0	0.4	**	2-2-2	33.6-36.1	36.1	490(+4)			メリオーレム	184.0																																																																							
2021100363	2025-11-01	4東京10	曇	10.0	紅葉S(3勝クラス)		12.0	6.0	7.0	11.1	5.0	4	横山和生	58.0	芝1600		良	**	1:33.0	0.2	**	1-1	35.6-33.5	33.7	496(+6)			チェルビアット	280.0																																																																							
2021100363	2025-11-23	5東京5	晴	10.0	秋色S(3勝クラス)		17.0	8.0	15.0	8.2	4.0	8	横山和生	57.0	芝1600		良	**	1:32.5	0.6	**	3-3	34.2-34.5	34.7	498(+2)			エンペラーズソード																																																																								
2021100363	2026-01-18	1中山7		9.0	若潮S(3勝クラス)								田辺裕信		芝1600				1:32.2	0.5		4-3-3	34.1-34.9	35.1	500(+2)				187.0																																																									晴		15.0	3.0	4.0	8.1	4.0	5	58.0	良	**	**		ポルカリズム	202606010709
2021100382	2023-12-24	5中山8		5.0	2歳新馬								伊藤工真		ダ1200				1:15.5	2.4		10-12	34.4-38.7	39.2	464(0)																																	曇		16.0	8.0	16.0	73.4	12.0	13	55.0	良	**	**		パドマ																													
2021100382	2024-03-23	3中山1		1.0	3歳未勝利								伊藤工真		ダ1200				1:13.0	0.3		6-6	34.5-38.2	37.7	466(+2)				220.0																													曇		16.0	5.0	9.0	215.6	12.0	2	55.0	良	**	**		チェルシー																													
2021100382	2024-04-20	2東京1		1.0	3歳未勝利								伊藤工真		ダ1600				1:40.5	1.3		9-8	35.8-38.2	38.4	462(-4)																																	晴		16.0	5.0	10.0	13.7	5.0	7	55.0	良	**	**		フイノマジワリ																													
2021100382	2024-05-11	2東京7		1.0	3歳未勝利								オシェア		ダ1600				1:39.4	0.9		1-1	36.0-36.6	37.5	472(+10)																																	晴		16.0	3.0	5.0	59.8	9.0	7	55.0	良	**	**		エーリアル																													
2021100382	2024-07-28	2新潟2		5.0	3歳未勝利								永島まな		ダ1200				1:13.0	1.0		10-10	34.3-37.7	37.6	462(-10)																																	曇		15.0	3.0	5.0	8.8	4.0	6	53.0	良	**	**		ビーコング																													
2021100382	2024-09-05	園田		4.0	オミナエシ7ハロンC(C2)								小牧太		ダ1400				1:32.3	0.5		7-7-3-2		39.9	469(+7)				24.5																													晴		12.0	2.0	2.0	1.7	1.0	2	54.0	良	**	**		サリータ																													
2021100382	2024-09-26	園田		12.0	C2								小牧太		ダ1230				1:20.8	-0.2		2-2-2-1		38.8	461(-8)				80.0																													晴		11.0	8.0	11.0	2.1	1.0	1	54.0	良	**	**		(モズマサニャン)																													
2021100382	2024-10-18	園田		12.0	ローズマリー賞C2								小牧太		ダ1230				1:20.2	-0.3		8-6-3-2		39.8	470(+9)				80.0																													曇		12.0	4.0	4.0	3.0	1.0	1	55.0	良	**	**		(モズマサニャン)																													
2021100382	2024-12-15	5中山6		8.0	3歳以上1勝クラス								丹内祐次		ダ1200				1:12.5	0.4		10-11	34.3-37.8	37.2	452(-18)				200.0																													晴		16.0	4.0	7.0	27.8	9.0	3	55.0	良	**	**		イルザ																													
2021100382	2025-01-12	1中山4		6.0	4歳以上1勝クラス								丹内祐次		ダ1200				1:11.9	-0.1		4-3	34.0-37.9	37.5	460(+8)				800.0																													曇		16.0	1.0	2.0	12.3	6.0	1	56.0	良	**	**		(マイレーヌ)																													
2021100382	2025-02-09	1京都4		12.0	4歳以上2勝クラス								丹内祐次		ダ1200				1:13.7	1.1		12-13	34.8-37.8	37.3	456(-4)																																	晴		16.0	7.0	13.0	44.6	10.0	11	56.0	稍	**	**		ネグレスコ																													
2021100382	2025-05-25	1新潟8		10.0	火打山特別(2勝クラス)								横山琉人		ダ1200				1:13.1	2.6		15-15	33.9-36.6	37.3	464(+8)																																	小雨		15.0	1.0	1.0	54.7	11.0	14	56.0	稍	**	**		サフランヒーロー																													
2021100382	2025-08-09	2新潟5		10.0	3歳以上2勝クラス								菊沢一樹		ダ1200				1:12.8	2.4		11-11	34.3-36.1	36.9	460(-4)																																	晴		15.0	3.0	4.0	152.9	13.0	13	56.0	良	**	**		ドラゴンウェルズ																													
2021100382	2025-11-22	3福島5		10.0	福島放送賞(2勝クラス)								菊沢一樹		ダ1150				1:09.8	1.1		12-12	31.4-37.3	37.1	462(+2)																																	晴		16.0	5.0	9.0	164.1	13.0	8	56.0	良	**	**		ルージュアズライト																													
2021100382	2025-12-13	5中山3		12.0	3歳以上2勝クラス								伊藤工真		ダ1200				1:11.9	0.7		9-10	34.3-36.9	36.9	474(+12)				290.0																													曇		13.0	5.0	7.0	125.3	10.0	3	56.0	良	**	**		シュヴァルボヌール																													
2021100382	2026-01-04	1中山1		12.0	4歳以上2勝クラス								伊藤工真		ダ1200				1:11.6	0.6		4-4	34.7-36.3	36.5	478(+4)				119.0																													晴		16.0	3.0	5.0	54.8	10.0	5	56.0	稍	**	**		スリーピース																													
2021100382	2026-01-17	1中山6		8.0	4歳以上2勝クラス								伊藤工真		ダ1200				1:12.8	1.0		13-12	33.8-38.0	37.3	478(0)																																	晴		16.0	5.0	9.0	81.0	9.0	12	56.0	良				ゴールドハンマー																													
2021100410	2023-08-26	3新潟5		6.0	2歳新馬								大野拓弥		芝1600				1:38.6	2.2		6-5	37.6-33.6	35.3	484(0)					晴		17.0	4.0	8.0	19.0	5.0	9	55.0	良	**	**		スティールブルー																																																									
2021100410	2023-09-30	4中山8		4.0	2歳未勝利								原優介		芝2000				2:05.4	2.0		8-8-8-10	37.3-35.3	36.6	486(+2)					曇		14.0	3.0	4.0	124.8	11.0	11	54.0	良	**	**		アバンデル																																																									
2021100410	2023-11-26	5東京8		3.0	2歳未勝利								武士沢友		ダ1600				1:40.8	2.1		11-11	36.5-37.2	37.9	490(+4)					曇		16.0	2.0	3.0	116.7	8.0	8	55.0	良	**	**		ロジアデレード																																																									
2021100410	2024-01-31	川崎		7.0	ジャニュアリーフラワ(3歳)								原優介		ダ1400				1:31.9	0.0		2-2-2-2	39.9-39.8	39.7	493(+3)				250.0	晴		12.0	4.0	4.0	1.8	1.0	1	53.0	良	**	**		(スピナッチバイパー)																																																									
2021100410	2024-04-14	3中山8		5.0	3歳1勝クラス								長浜鴻緒		ダ1200				1:12.8	2.2		14-14	34.3-36.3	36.7	488(-5)					晴		16.0	7.0	13.0	470.9	16.0	13	52.0	良	**	**		インビンシブルパパ																																																									
2021100410	2024-06-11	金沢		7.0	金沢城賞(A2B1)								吉村誠之		ダ1500				1:35.5	2.1		6-6-7-6		39.5	485(-3)					晴		11.0	5.0	5.0	5.4	4.0	6	49.0	良	**	**		クラップアンドチア																																																									
2021100410	2024-10-06	4新潟2		3.0	3歳以上1勝クラス								菊沢一樹		ダ1800				1:55.5	1.8		10-9-9-8	37.6-37.0	38.0	500(+15)					晴		12.0	8.0	12.0	144.3	12.0	11	54.0	稍	**	**		ルージュアベリア																																																									
2021100410	2024-11-10	3福島4		3.0	3歳以上1勝クラス								菊沢一樹		ダ1700				1:48.3	2.6		12-12-13-14	29.8-38.6	39.0	496(-4)					晴		15.0	4.0	7.0	126.9	14.0	11	54.0	良	**	**		クラウンシエンタ																																																									
2021100410	2024-12-22	7京都8		7.0	3歳以上1勝クラス								河原田菜		ダ1200				1:14.0	1.1		13-13	35.5-37.4	37.2	500(+4)					晴		16.0	1.0	2.0	293.2	15.0	10	51.0	良	**	**		ヤマカツパトリシア																																																									
2021100410	2025-02-05	川崎		10.0	フェブラリースター賞(B2B3)								佐藤翔馬		ダ1600				1:45.6	1.2		9-9-10-11	38.8-39.9	39.6	504(+4)					晴		11.0	1.0	1.0	57.5	9.0	6	52.0	稍	**	**		マイケルマキシマス																																																									
2021100410	2025-03-16	2中山6		7.0	4歳以上1勝クラス								谷原柚希		ダ1200				1:12.4	1.1		12-13	33.4-37.9	37.2	506(+2)					雨		16.0	5.0	10.0	92.3	12.0	7	52.0	不	**	**		バロン																																																									
2021100410	2025-06-14	3東京3		12.0	3歳以上1勝クラス								菊沢一樹		ダ1400				1:27.0	3.3		10-11	35.1-36.1	38.4	508(+2)					小雨		16.0	5.0	10.0	109.9	12.0	16	56.0	良	**	**		パラサイコロジー																																																									
2021100410	2025-10-30	浦和		10.0	マルチフェア特別(B2B3)								佐藤翔馬		ダ1400				1:29.4	1.5		7-7-7-8	37.3-38.0	38.5	508(0)					晴		11.0	6.0	7.0	98.1	9.0	8	52.0	稍	**	**		パイロビーム																																																									
2021100410	2026-01-04	1中山1		8.0	4歳以上1勝クラス								佐藤翔馬		ダ1200				1:12.6	0.5		12-12	33.8-38.3	37.6	502(-6)					晴		16.0	1.0	1.0	210.7	16.0	11	53.0	稍	**	**		ラヴァグロウ																																																									
2021100441	2024-01-21	1中山7	小雨	6.0	3歳新馬		17.0	3.0	6.0	55.3	12.0	15	ピーヒュ	57.0	芝2000		不	**	2:10.8	2.9	**	15-14-16-16	38.3-37.8	39.0	454(0)			レッドテリオス																																																																								
2021100441	2024-02-04	1東京4	曇	6.0	3歳未勝利		15.0	8.0	15.0	534.3	15.0	5	永野猛蔵	56.0	芝1600		良	**	1:35.1	1.2	**	14-14	35.3-34.7	34.0	446(-8)			テウメッサ	55.0																																																																							
2021100441	2024-02-25	2中山2	小雨	6.0	3歳未勝利		16.0	8.0	15.0	53.4	9.0	5	永野猛蔵	56.0	芝2200		稍	**	2:18.6	1.6	**	10-11-10-13	36.9-36.3	37.0	448(+2)			ラスカンブレス	55.0																																																																							
2021100441	2024-03-16	2中山7	晴	5.0	3歳未勝利		17.0	4.0	7.0	84.9	10.0	6	永野猛蔵	56.0	芝2200		良	**	2:16.4	1.0	**	13-12-12-12	36.5-35.3	35.4	448(0)			ベンサレム																																																																								
2021100441	2024-04-14	3中山8	晴	4.0	3歳未勝利		17.0	5.0	9.0	13.9	7.0	6	菅原明良	57.0	芝2200		良	**	2:14.5	0.7	**	9-9-10-11	36.3-35.8	35.6	446(-2)			クリフハンガー																																																																								
2021100441	2024-05-05	2東京6	晴	3.0	3歳未勝利		14.0	4.0	6.0	19.0	6.0	3	永野猛蔵	56.0	芝2300		良	**	2:22.8	0.5	**	8-9-9-9	31.9-34.5	33.8	444(-2)			モルトマエストーソ	140.0																																																																							
2021100441	2024-05-25	2東京11	曇	2.0	3歳未勝利		9.0	1.0	1.0	4.7	2.0	2	永野猛蔵	56.0	芝2400		良	**	2:28.6	0.6	**	9-9-9-9	37.3-34.4	33.5	436(-8)			ルーベンス	220.0																																																																							
2021100441	2024-06-09	3東京4	曇	4.0	3歳未勝利		15.0	5.0	9.0	3.1	2.0	4	菅原明良	57.0	芝2400		良	**	2:27.9	0.4	**	14-14-15-13	36.9-34.9	34.1	452(+16)			ズイウンゴサイ	83.0																																																																							
2021100441	2025-02-02	1東京2	曇	12.0	4歳以上2勝クラス		10.0	6.0	6.0	8.7	5.0	4	伊藤工真	57.0	芝2000		良	**	2:01.1	0.4	**	9-8-9	35.6-36.2	35.2	456(+4)			スパークリシャール	170.0																																																																							
2021100441	2025-02-16	1東京6	晴	6.0	4歳以上1勝クラス		16.0	6.0	12.0	18.0	8.0	10	伊藤工真	57.0	芝2400		良	**	2:27.7	0.7	**	14-16-15-15	37.6-34.2	33.8	460(+4)			イクリール																																																																								
2021100441	2025-03-23	2中山8	晴	7.0	4歳以上1勝クラス		16.0	8.0	15.0	23.5	8.0	9	長浜鴻緒	54.0	芝2500		良	**	2:34.1	1.2	**	13-13-14-13	30.8-36.1	36.0	460(0)			イクリール																																																																								
2021100441	2025-04-06	3中山4	小雨	9.0	安房特別(2勝クラス)		12.0	5.0	6.0	18.1	6.0	3	荻野極	53.0	芝2500		良	**	2:33.4	0.9	**	2-2-1-1	30.5-35.1	36.0	458(-2)			レッドテリオス	393.9																																																																							
2021100441	2025-05-10	1新潟3	曇	10.0	荒川峡特別(1勝クラス)		15.0	4.0	6.0	7.7	5.0	6	斎藤新	58.0	芝2200		稍	**	2:15.5	0.2	**	14-14-13-13	35.7-37.2	36.3	448(-10)			マイネルシーマー																																																																								
2021100441	2025-06-01	2東京12	晴	8.0	青嵐賞(2勝クラス)		16.0	5.0	9.0	117.9	12.0	12	丹内祐次	58.0	芝2400		稍	**	2:25.0	1.2	**	11-11-11-8	35.7-34.9	35.3	460(+12)			デュアルウィルダー																																																																								
2021100446	2023-07-01	2函館1	晴	6.0	2歳新馬		6.0	6.0	6.0	68.3	6.0	4	小林勝太	52.0	ダ1000		重	**	1:01.3	1.9	**	5-4	36.9-34.7	35.8	432(0)			ナスティウェザー	110.0																																																																							
2021100446	2023-07-16	2函館6	曇	1.0	2歳未勝利		16.0	2.0	3.0	109.6	11.0	7	小林勝太	52.0	芝1200		稍	**	1:13.1	0.9	**	3-4	35.9-36.3	36.9	430(-2)			ピコサン																																																																								
2021100446	2023-09-02	2札幌7	晴	1.0	2歳未勝利		8.0	1.0	1.0	22.2	5.0	3	佐々木大	54.0	芝1200		稍	**	1:11.6	1.8	**	5-4	34.7-35.1	36.4	438(+8)			ピューロマジック	140.0																																																																							
2021100446	2023-09-23	4中山6	小雨	1.0	2歳未勝利		14.0	1.0	1.0	32.6	7.0	3	佐々木大	54.0	ダ1200		不	**	1:12.3	1.4	**	3-3	34.6-36.3	37.4	438(0)			サフランヒーロー	140.0																																																																							
2021100446	2023-12-09	5中山3	晴	3.0	2歳未勝利		16.0	5.0	9.0	3.9	3.0	1	マーカン	55.0	ダ1200		良	**	1:12.5	-0.1	**	5-5	34.0-38.5	37.4	434(-4)			(イデアガウディ)	550.0																																																																							
2021100446	2024-01-07	1中山2	曇	11.0	フェアリーS(GIII)		14.0	5.0	7.0	220.1	14.0	14	丹内祐次	55.0	芝1600		良	**	1:35.9	1.9	**	7-8-13	34.7-35.1	36.3	424(-10)			イフェイオン																																																																								
2021100446	2024-04-21	2東京2	晴	6.0	3歳1勝クラス		16.0	5.0	9.0	41.9	8.0	7	原優介	54.0	ダ1400		良	**	1:26.4	1.4	**	2-3	35.4-37.2	38.3	436(+12)			エストレヤデベレン																																																																								
2021100446	2024-06-08	1函館1	晴	12.0	3歳以上1勝クラス		14.0	8.0	13.0	51.4	10.0	2	小林美駒	50.0	ダ1700		良	**	1:44.8	0.2	**	2-2-3-3	29.6-38.1	37.8	430(-6)			コパノアントニオ	320.0																																																																							
2021100446	2024-06-30	1函館8	曇	7.0	3歳以上1勝クラス		8.0	8.0	8.0	2.9	2.0	2	丹内祐次	53.0	ダ1700		良	**	1:46.3	0.2	**	2-2-2-2	31.7-36.4	36.5	436(+6)			エンセリオ	320.0																																																																							
2021100446	2024-07-14	1函館12	晴	7.0	3歳以上1勝クラス		14.0	3.0	4.0	5.1	2.0	3	丹内祐次	53.0	ダ1700		良	**	1:45.1	0.4	**	2-2-2-2	29.3-37.6	37.7	434(-2)			エリカサファイア	200.0																																																																							
2021100446	2024-09-01	2札幌8	晴	8.0	3歳以上1勝クラス		14.0	1.0	1.0	3.1	2.0	1	丹内祐次	53.0	ダ1700		重	**	1:44.8	-0.7	**	1-1-1-1	30.3-37.0	37.0	440(+6)			(メイショウリリー)	800.0																																																																							
2021100446	2024-09-21	4中山6	曇	12.0	3歳以上2勝クラス		14.0	5.0	9.0	5.5	3.0	2	丹内祐次	53.0	ダ1800		良	**	1:52.6	0.5	**	4-4-4-3	36.5-37.4	37.6	430(-10)			マンマリアーレ	460.0																																																																							
2021100446	2024-11-30	5中山1	晴	10.0	鹿島特別(2勝クラス)		15.0	4.0	7.0	5.3	4.0	14	内田博幸	54.0	ダ1800		稍	**	1:54.9	2.1	**	2-2-2-7	35.8-37.6	39.6	438(+8)			サクラトップリアル																																																																								
2021100446	2025-02-01	1小倉3	雨	9.0	平尾台特別(2勝クラス)		16.0	2.0	4.0	7.6	4.0	11	丹内祐次	55.0	ダ1700		稍	**	1:46.8	1.7	**	5-4-6-4	29.4-38.7	40.0	446(+8)			カマチョクイン																																																																								
2021100446	2025-03-29	3中山1	曇	12.0	4歳以上2勝クラス		13.0	4.0	4.0	42.8	9.0	12	丹内祐次	56.0	ダ1800		稍	**	1:54.8	3.1	**	1-1-1-1	36.9-38.2	41.3	440(-6)			イデアイゴッソウ																																																																								
2021100446	2025-04-06	3中山4	晴	12.0	4歳以上2勝クラス		15.0	5.0	8.0	4.9	2.0	2	石橋脩	56.0	ダ1200		稍	**	1:11.9	0.4	**	3-3	35.7-35.8	36.0	440(0)			ネイト	460.0																																																																							
2021100446	2025-05-10	2東京5	晴	12.0	4歳以上2勝クラス		16.0	7.0	14.0	6.4	2.0	7	石橋脩	56.0	ダ1400		重	**	1:23.4	1.1	**	4-5	34.6-35.9	36.6	442(+2)			イノセントキャット																																																																								
2021100446	2025-05-25	2東京10	曇	8.0	三峰山特別(2勝クラス)		16.0	6.0	12.0	10.8	3.0	9	石橋脩	56.0	ダ1600		不	**	1:36.3	0.6	**	3-3	35.1-36.0	36.4	444(+2)			エンセリオ																																																																								
2021100446	2025-09-07	2札幌6	晴	9.0	旭川特別(2勝クラス)		14.0	3.0	3.0	19.2	7.0	12	舟山瑠泉	56.0	ダ1700		稍	**	1:47.6	2.3	**	5-4-4-7	30.0-37.5	39.6	454(+10)			トーセンサウダージ																																																																								
2021100446	2025-11-24	5東京6	晴	8.0	3歳以上2勝クラス		15.0	3.0	6.0	197.3	15.0	14	石橋脩	56.0	ダ1400		良	**	1:26.4	3.2	**	7-7	34.7-36.8	39.1	454(0)			パラサイコロジー																																																																								
2021100446	2026-01-04	川崎	晴	11.0	大師特別(B1B2)		14.0	4.0	5.0	9.9	4.0	10	御神本訓	55.0	ダ1500		稍	**	1:37.8	1.8	**	8-8-8-11	29.7-39.9	40.9	454(0)			イナダヒメ																																																																								
2021100446	2026-01-15	大井	晴	12.0	銀嶺賞競走(B1B2)		8.0	8.0	8.0	24.4	6.0	8	服部茂史	55.0	ダ1650		良		1:48.6	3.7		4-4-4-7	27.3-40.4	43.7	448(-6)			パレルモ																																																																								
2021100469	2023-08-19	3新潟3		3.0	2歳新馬								丸田恭介		ダ1800				1:59.4	1.9		7-7-6-6	39.2-39.1	40.3	486(0)																			晴		14.0	4.0	7.0	15.4	6.0	7	55.0	良	**	**		ブループリマドンナ																																											
2021100469	2023-09-24	4中山7		1.0	2歳未勝利								丸田恭介		ダ1800				1:58.3	0.8		7-7-7-7	38.7-39.5	39.7	486(0)				83.0															晴		10.0	1.0	1.0	31.1	8.0	4	55.0	重	**	**		ベルフィーヌ																																											
2021100469	2023-10-29	4新潟6		3.0	2歳未勝利								佐々木大		ダ1800				1:55.5	2.0		2-3-3-3	36.3-38.6	40.3	486(0)																			小雨		15.0	5.0	9.0	16.6	6.0	10	54.0	不	**	**		ハリウッドパーク																																											
2021100469	2023-12-16	5中山5		2.0	2歳未勝利								永野猛蔵		ダ1800				1:55.9	0.7		12-12-11-7	37.2-39.0	38.6	490(+4)				140.0															晴		16.0	5.0	10.0	28.1	8.0	3	54.0	稍	**	**		ローズパンラズナ																																											
2021100469	2024-01-06	1中山1		2.0	3歳未勝利								永野猛蔵		ダ1800				1:56.4	0.4		9-8-5-4	37.0-39.6	39.3	494(+4)				140.0															晴		16.0	6.0	11.0	14.7	5.0	3	54.0	良	**	**		ファイントパーズ																																											
2021100469	2024-01-21	1中山7		2.0	3歳未勝利								横山和生		ダ1800				1:53.6	-0.7		1-1-1-1	37.1-38.5	38.5	492(-2)				550.0															雨		15.0	8.0	15.0	4.8	2.0	1	55.0	不	**	**		(エーリアル)																																											
2021100469	2024-03-31	3中山4		7.0	3歳1勝クラス								長浜鴻緒		ダ1800				1:54.4	1.1		5-5-6-6	36.9-38.1	38.7	488(-4)																			晴		16.0	6.0	12.0	24.8	8.0	7	52.0	稍	**	**		ピュアキアン																																											
2021100469	2024-07-20	2福島7		8.0	3歳以上1勝クラス								内田博幸		ダ1700				1:47.2	0.7		9-9-9-7	29.5-39.4	39.0	480(-8)				120.0															曇		15.0	3.0	4.0	6.2	2.0	4	53.0	良	**	**		ノーブルマルシェ																																											
2021100469	2024-08-10	3新潟1		8.0	3歳以上1勝クラス								内田博幸		ダ1800				1:55.4	2.7		6-7-10-11	36.8-36.9	38.5	488(+8)																			晴		15.0	6.0	11.0	36.4	6.0	12	53.0	良	**	**		マンマリアーレ																																											
2021100469	2024-09-15	4中山4		8.0	3歳以上1勝クラス								北村宏司		芝2000				1:59.1	1.0		15-14-13-13	34.0-35.9	34.2	490(+2)																			晴		17.0	8.0	15.0	52.9	12.0	8	53.0	良	**	**		エバーハンティング																																											
2021100469	2024-10-12	4新潟3		3.0	3歳以上1勝クラス								北村宏司		ダ1800				1:54.3	0.9		4-4-4-3	36.6-39.5	39.7	496(+6)				120.0															晴		13.0	4.0	5.0	15.7	4.0	4	54.0	良	**	**		メイショウリリー																																											
2021100469	2024-12-01	5中山2		7.0	3歳以上1勝クラス								ドイル		ダ1800				1:53.3	0.2		2-2-2-1	37.1-37.7	37.9	506(+10)				320.0															晴		12.0	3.0	3.0	13.5	5.0	2	54.0	良	**	**		サツキノジョウ																																											
2021100469	2025-01-11	1中山3		6.0	4歳以上1勝クラス								ドイル		ダ1800				1:55.1	-0.3		1-1-1-1	38.0-40.4	40.4	500(-6)				800.0															晴		13.0	6.0	8.0	2.3	1.0	1	55.0	稍	**	**		(エーリアル)																																											
2021100469	2025-03-23	2中山8		12.0	4歳以上2勝クラス								内田博幸		ダ1800				1:56.0	1.2		3-3-3-2	37.6-39.6	40.6	494(-6)																			晴		15.0	8.0	16.0	12.2	6.0	9	56.0	良	**	**		グレノークス																																											
2021100469	2025-04-20	3中山8		8.0	利根川特別(2勝クラス)								内田博幸		ダ1800				1:56.1	2.2		16-16-16-16	37.2-38.1	38.7	498(+4)																			曇		16.0	4.0	7.0	67.9	10.0	13	56.0	良	**	**		ソレルビュレット																																											
2021100469	2025-07-05	2福島3		10.0	横手特別(2勝クラス)								内田博幸		ダ1700				1:48.6	3.1		8-7-9-14	30.9-36.6	38.9	498(0)																			晴		15.0	5.0	8.0	145.9	11.0	12	56.0	良	**	**		プロミストジーン																																											
2021100469	2025-08-03	2新潟4		6.0	月岡温泉特別(2勝クラス)								菅原明良		芝2000				2:01.5	0.4		4-4	37.7-33.0	33.1	498(0)				230.0															晴		5.0	5.0	5.0	29.6	5.0	4	56.0	良	**	**		サダムオプシス																																											
2021100469	2025-09-06	4中山1		10.0	白井特別(2勝クラス)								内田博幸		芝2000				1:59.0	0.8		7-7-5-5	36.4-34.4	34.5	498(0)				230.0															晴		7.0	6.0	6.0	25.2	6.0	4	56.0	良	**	**		パンジャ																																											
2021100469	2025-09-28	4中山9		10.0	茨城新聞杯(2勝クラス)								内田博幸		芝2000				2:00.1	1.3		12-12-13-13	35.6-35.1	34.1	506(+8)																			晴		13.0	6.0	9.0	69.6	11.0	12	56.0	良	**	**		ショウナンサムデイ																																											
2021100469	2025-12-07	5中京2		9.0	犬山特別(2勝クラス)								佐々木大		ダ1800				1:53.5	1.0		14-14-12-12	36.4-38.5	38.2	508(+2)				155.0															晴		16.0	4.0	8.0	56.7	12.0	5	56.0	良	**	**		エイシンナデシコ																																											
2021100469	2025-12-28	5中山8		8.0	ハッピーエンドC(2勝クラス)								佐々木大		ダ1800				1:55.1	2.2		9-9-9-4	37.2-38.2	39.8	514(+6)																			晴		13.0	8.0	13.0	59.1	8.0	6	56.0	良	**	**		ジェイエルマスター																																											
2021100469	2026-01-18	1中山7		8.0	4歳以上2勝クラス								北村宏司		ダ1800				1:56.6	3.0		5-5-4-6	36.8-38.9	41.5	512(-2)																																																													晴		16.0	1.0	2.0	62.0	11.0	14	56.0	良	**	**		レディーフランシス	202606010708
2021100476	2023-10-22	4東京7	晴	5.0	2歳新馬		16.0	3.0	6.0	4.9	2.0	5	藤岡佑介	56.0	芝1800		良	**	1:49.8	0.5	**	2-3-3	35.9-34.5	34.8	514(0)			トロピカルティー	72.0																																																																							
2021100476	2023-11-12	3京都4	曇	2.0	2歳未勝利		17.0	7.0	13.0	15.7	5.0	3	戸崎圭太	56.0	芝1400		良	**	1:22.5	0.5	**	2-2	34.4-35.9	36.3	510(-4)			ロゼフレア	140.0																																																																							
2021100476	2024-03-02	2小倉7	晴	2.0	3歳未勝利		18.0	4.0	7.0	2.9	1.0	2	高杉吏麒	54.0	芝1200		稍	**	1:10.4	0.1	**	1-1	34.7-35.6	35.7	510(0)			ゴーインマイウェイ	220.0																																																																							
2021100476	2024-03-30	2阪神3	晴	4.0	3歳未勝利		18.0	3.0	6.0	4.2	2.0	5	高杉吏麒	54.0	芝1400		良	**	1:22.6	0.7	**	1-1	35.0-35.2	35.9	508(-2)			ガロンヌ	55.0																																																																							
2021100476	2024-04-21	1福島6	晴	7.0	3歳未勝利		15.0	3.0	4.0	1.7	1.0	2	高杉吏麒	54.0	芝1200		良	**	1:09.5	0.0	**	1-1	34.4-35.1	35.1	506(-2)			ニシノアヤカゼ	220.0																																																																							
2021100476	2024-07-07	1函館10	小雨	4.0	3歳未勝利		16.0	4.0	8.0	4.7	2.0	3	高杉吏麒	54.0	芝1200		稍	**	1:10.8	0.2	**	2-2	34.2-36.4	36.5	514(+8)			ソルレース	140.0																																																																							
2021100476	2024-07-21	1札幌2	晴	3.0	3歳未勝利		16.0	1.0	2.0	2.7	1.0	1	藤岡佑介	57.0	芝1200		良	**	1:08.2	-0.3	**	1-1	33.5-34.7	34.7	508(-6)			(グランテレーズ)	550.0																																																																							
2021100476	2024-11-16	3福島5	晴	8.0	3歳以上1勝クラス		15.0	6.0	12.0	3.0	1.0	1	高杉吏麒	55.0	芝1200		良	**	1:09.6	-0.3	**	1-1	34.6-35.0	35.0	506(-2)			(ソングオブライフ)	800.0																																																																							
2021100476	2024-12-15	4中京6	晴	12.0	尾張特別(2勝クラス)		18.0	7.0	13.0	11.0	5.0	16	高杉吏麒	56.0	芝1200		良	**	1:10.4	1.4	**	2-2	34.1-34.9	36.1	508(+2)			デイトナモード																																																																								
2021100476	2025-03-08	1阪神3	曇	12.0	4歳以上2勝クラス		11.0	7.0	9.0	10.3	4.0	2	高杉吏麒	57.0	芝1200		良	**	1:08.8	0.1	**	1-1	34.2-34.5	34.6	518(+10)			アムールリーベ	460.0																																																																							
2021100476	2025-04-06	2阪神4	晴	8.0	4歳以上2勝クラス		10.0	5.0	5.0	2.7	1.0	3	高杉吏麒	57.0	芝1200		良	**	1:08.9	0.3	**	1-1	34.6-34.0	34.3	516(-2)			バンドシェル	290.0																																																																							
2021100476	2025-06-21	1函館3	曇	11.0	STV杯(2勝クラス)		15.0	7.0	13.0	2.5	1.0	10	藤岡佑介	58.0	芝1200		良	**	1:09.4	0.5	**	1-1	34.2-34.7	35.2	512(-4)			ゴールドサーベル																																																																								
2021100476	2025-07-12	1函館9	晴	10.0	HTB杯(2勝クラス)		11.0	2.0	2.0	6.4	4.0	9	藤岡佑介	58.0	芝1200		良	**	1:08.9	1.7	**	1-1	32.9-34.3	36.0	512(0)			カルプスペルシュ																																																																								
2021100476	2025-10-05	3京都2	曇	12.0	3歳以上2勝クラス		16.0	7.0	14.0	20.5	9.0	15	浜中俊	58.0	芝1200		稍	**	1:11.4	3.5	**	2-2	33.3-34.6	38.0	510(-2)			ブラックケリー																																																																								
2021100476	2025-12-20	5阪神5	曇	12.0	3歳以上2勝クラス		16.0	2.0	4.0	7.1	4.0	14	吉村誠之	58.0	芝1200		良	**	1:09.6	1.4	**	2-2	33.3-34.9	36.2	510(0)			ブルーアイドガール																																																																								
2021100574	2023-08-20	3新潟4	晴	5.0	2歳新馬		16.0	7.0	14.0	19.1	6.0	4	三浦皇成	55.0	芝1800		良	**	1:50.7	0.8	**	5-5	36.5-34.8	35.1	428(0)			アドマイヤベル	110.0																																																																							
2021100574	2023-09-18	4中山5	晴	2.0	2歳未勝利		16.0	7.0	13.0	65.2	11.0	9	三浦皇成	55.0	芝1600		良	**	1:37.0	1.6	**	3-3-3	35.5-35.6	36.9	424(-4)			ミエノブラボー																																																																								
2021100574	2024-05-19	1新潟8	晴	2.0	3歳未勝利		16.0	8.0	15.0	101.8	11.0	4	杉原誠人	55.0	芝1200		良	**	1:11.0	0.3	**	9-11	34.6-36.1	35.3	426(+2)			フィオライア	83.0																																																																							
2021100574	2024-06-02	3東京2	曇	3.0	3歳未勝利		18.0	3.0	5.0	27.2	7.0	2	杉原誠人	55.0	芝1400		稍	**	1:21.7	0.1	**	3-4	34.9-34.9	34.7	426(0)			ドリームクルーズ	180.0																																																																							
2021100574	2024-06-16	3東京6	曇	4.0	3歳未勝利		16.0	8.0	16.0	6.8	5.0	3	杉原誠人	55.0	芝1600		良	**	1:33.9	0.1	**	5-6	35.5-34.7	34.2	424(-2)			デファイ	140.0																																																																							
2021100574	2024-07-07	2福島4	晴	3.0	3歳未勝利		16.0	2.0	4.0	5.1	2.0	5	杉原誠人	55.0	芝1800		良	**	1:49.0	0.2	**	6-6-5-7	35.4-37.0	36.8	422(-2)			ツインクルステージ	55.0																																																																							
2021100574	2024-07-20	2福島7	曇	3.0	3歳未勝利		16.0	5.0	10.0	9.2	5.0	3	杉原誠人	55.0	芝2000		良	**	2:01.9	0.1	**	2-2-2-2	36.0-35.4	35.5	422(0)			ドルフィンスルー	140.0																																																																							
2021100574	2024-08-18	3新潟4	晴	7.0	3歳未勝利		18.0	6.0	11.0	5.2	3.0	2	原優介	54.0	芝2000		良	**	2:01.0	0.2	**	2-2-2-1	34.9-35.1	35.3	432(+10)			クロシェットノエル	220.0																																																																							
2021100574	2024-08-31	3新潟7	小雨	7.0	3歳未勝利		18.0	5.0	10.0	4.2	3.0	6	原優介	54.0	芝1800		良	**	1:47.9	1.1	**	1-1	34.8-35.1	36.2	428(-4)			フォティーゾ																																																																								
2021100574	2024-10-05	4新潟1	晴	9.0	松浜特別(1勝クラス)		14.0	4.0	5.0	20.1	7.0	3	黛弘人	54.0	芝2000		良	**	1:59.1	0.4	**	6-7	35.2-34.2	33.9	428(0)			マイネルオーシャン	285.4																																																																							
2021100574	2025-04-06	3中山4	小雨	8.0	4歳以上1勝クラス		13.0	6.0	9.0	8.4	4.0	9	原優介	56.0	芝1800		良	**	1:49.6	1.0	**	3-3-3-3	36.2-35.1	35.4	432(+4)			ビジューブリランテ																																																																								
2021100574	2025-04-19	3中山7	晴	7.0	4歳以上1勝クラス		15.0	8.0	15.0	77.0	11.0	12	長浜鴻緒	54.0	芝2000		良	**	1:59.6	1.2	**	3-3-4-3	36.5-34.1	35.0	426(-6)			エラン																																																																								
2021100574	2025-05-29	園田	曇	6.0	C2二		12.0	6.0	7.0	5.3	3.0	1	新庄海誠	54.0	ダ1400		良	**	1:32.5	-0.1	**	3-3-1-1		39.8	434(+8)			(トラウムビルト)	70.0																																																																							
2021100574	2025-06-20	園田	晴	9.0	C1		9.0	5.0	5.0	9.7	5.0	8	新庄海誠	54.0	ダ1870		良	**	2:08.6	2.8	**	3-3-6-8		42.3	432(-2)			ソニック																																																																								
2021100574	2025-07-10	園田	晴	9.0	C1二		9.0	8.0	9.0	8.5	2.0	5	新庄海誠	54.0	ダ1400		良	**	1:32.0	0.9	**	4-4-5-5		39.4	433(+1)			ファーストリッキー	11.0																																																																							
2021100574	2025-07-30	園田	晴	8.0	C1二		8.0	7.0	7.0	5.6	3.0	4	山本咲希	55.0	ダ1400		良	**	1:32.7	1.0	**	2-2-2-2		38.9	436(+3)			ウイングスオール	15.0																																																																							
2021100574	2025-08-14	園田	晴	10.0	C1一		10.0	6.0	6.0	20.1	5.0	7	山本咲希	55.0	ダ1230		良	**	1:21.6	1.2	**	3-3-6-6		39.9	435(-1)			セクシーキャット																																																																								
2021100574	2025-09-04	園田	曇	12.0	C1		12.0	7.0	9.0	33.5	7.0	6	山本咲希	55.0	ダ1400		良	**	1:32.1	0.6	**	8-8-8-8		39.7	442(+7)			ブーケドグレイス																																																																								
2021100574	2025-12-16	園田	晴	4.0	大稗7ハロンC2一		10.0	5.0	5.0	27.8	5.0	6	新庄海誠	54.0	ダ1400		良	**	1:34.0	1.5	**	6-6-7-8		41.2	448(+6)			ベスポジ																																																																								
2021100574	2026-01-02	園田	晴	9.0	LOSTRANQUI(C2)		12.0	6.0	7.0	78.3	7.0	4	新庄海誠	54.0	ダ1400		良	**	1:33.6	0.8	**	1-1-1-1		41.2	448(0)			ギャランドゥ	10.5																																																																							
2021100597	2024-01-13	1中山4		4.0	3歳新馬								丸田恭介		ダ1800				1:58.3	2.2		11-11-10-8	38.4-38.7	40.1	464(0)																			晴		15.0	7.0	13.0	145.0	13.0	8	57.0	良	**	**		ブリスフル																																											
2021100597	2024-01-27	1東京1		2.0	3歳未勝利								木幡初也		ダ2100				2:19.5	4.4		5-7-8-8	30.7-39.5	42.9	460(-4)																			晴		15.0	2.0	3.0	637.8	14.0	10	57.0	良	**	**		ホウオウベルクソン																																											
2021100597	2024-03-10	2中山6		5.0	3歳未勝利								大江原比		芝2000				2:03.6	1.6		17-17-16-15	35.3-36.6	36.8	454(-6)																			晴		18.0	8.0	17.0	392.0	18.0	10	53.0	稍	**	**		ロードアフェット																																											
2021100597	2024-04-27	1新潟1		5.0	3歳未勝利								大江原比		芝2000				2:03.3	1.2		7-8-9-10	36.3-35.6	36.0	454(0)				55.0															晴		15.0	7.0	12.0	331.1	12.0	5	53.0	良	**	**		マイネルオーシャン																																											
2021100597	2024-05-19	1新潟8		5.0	3歳未勝利								大江原比		芝2200				2:17.0	0.2		15-15-13-10	36.5-37.2	36.4	458(+4)				140.0															晴		16.0	3.0	5.0	66.6	12.0	3	53.0	良	**	**		オリエンタルナイト																																											
2021100597	2024-06-09	3東京4		4.0	3歳未勝利								大江原比		芝2400				2:27.5	-0.1		9-10-9-9	36.9-34.9	34.2	458(0)				550.0															曇		15.0	6.0	10.0	10.9	4.0	1	53.0	良	**	**		(ダノンロッキー)																																											
2021100597	2024-08-17	3新潟3		8.0	3歳以上1勝クラス								大江原比		芝2400				2:26.0	1.3		7-7-7-7	35.0-35.6	35.7	460(+2)				80.0															晴		12.0	8.0	12.0	14.6	4.0	5	51.0	良	**	**		スティンガーグラス																																											
2021100597	2024-10-13	4東京3		7.0	3歳以上1勝クラス								丸田恭介		芝2400				2:25.7	0.0		7-6-5-5	37.7-33.8	33.3	460(0)				200.0															晴		8.0	5.0	5.0	20.1	7.0	3	55.0	良	**	**		アバンデル																																											
2021100597	2024-11-23	5東京7		7.0	3歳以上1勝クラス								丸田恭介		芝2400				2:24.8	0.1		7-8-11-10	36.5-35.4	34.5	456(-4)				320.0															晴		12.0	1.0	1.0	5.0	3.0	2	56.0	良	**	**		ダノンホイットニー																																											
2021100597	2025-02-16	1東京6		6.0	4歳以上1勝クラス								丸田恭介		芝2400				2:27.3	0.3		14-14-14-11	37.6-34.2	33.8	464(+8)				120.0															晴		16.0	8.0	15.0	4.5	2.0	4	57.0	良	**	**		イクリール																																											
2021100597	2025-03-23	2中山8		7.0	4歳以上1勝クラス								丸田恭介		芝2500				2:33.4	0.5		8-8-7-5	30.8-36.1	36.0	466(+2)				120.0															晴		16.0	8.0	16.0	5.2	2.0	4	57.0	良	**	**		イクリール																																											
2021100597	2025-05-25	2東京10		7.0	4歳以上1勝クラス								丹内祐次		芝2400				2:29.6	0.1		3-2-3-3	38.8-34.2	33.9	466(0)				200.0															曇		8.0	3.0	3.0	2.7	2.0	3	58.0	稍	**	**		モルトマエストーソ																																											
2021100597	2025-06-07	3東京1		9.0	稲城特別(1勝クラス)								丹内祐次		芝2400				2:26.0	1.7		10-10-10-10	36.8-34.3	34.3	458(-8)				170.0															晴		12.0	8.0	12.0	19.2	6.0	4	58.0	良	**	**		レッドバンデ																																											
2021100597	2025-08-10	2新潟6		11.0	3歳以上1勝クラス								丸田恭介		芝2000				2:03.1	0.0		11-11	37.2-34.7	33.5	466(+8)				800.0															雨		14.0	5.0	8.0	7.9	4.0	1	58.0	重	**	**		(キャピタルリッチ)																																											
2021100597	2025-10-11	4東京3		9.0	陣馬特別(2勝クラス)								丸田恭介		芝2400				2:28.8	0.5		6-6-5-5	38.6-34.0	33.8	466(0)				155.0															雨		10.0	4.0	4.0	9.5	4.0	5	58.0	良	**	**		ダノンホイットニー																																											
2021100597	2025-11-01	4東京10		9.0	本栖湖特別(2勝クラス)								丸田恭介		芝2400				2:25.5	0.7		8-8-8-7	36.5-33.8	33.5	472(+6)																			曇		8.0	2.0	2.0	16.1	6.0	6	55.0	良	**	**		トリプルコーク																																											
2021100597	2026-01-18	1中山7		7.0	4歳以上2勝クラス								丸田恭介		芝2200				2:15.2	0.7		16-16-15-11	37.7-34.0	33.6	474(+2)																																																													晴		16.0	4.0	8.0	126.9	8.0	6	58.0	良	**	**		フィーリウス	202606010707
2021100606	2024-01-08	1中山3		4.0	3歳新馬								菅原明良		ダ1800				2:03.6	4.0		15-15-15-16	39.9-39.4	41.8	534(0)																			晴		16.0	7.0	13.0	5.3	3.0	15	55.0	良	**	**		ジーティーアグリム																																											
2021100606	2024-02-04	1東京4		2.0	3歳未勝利								野中悠太		ダ2100				2:18.7	2.6		12-10-9-9	32.2-36.9	38.6	530(-4)																			曇		16.0	3.0	6.0	59.7	8.0	7	55.0	良	**	**		サトノエピック																																											
2021100606	2024-02-24	2中山1		6.0	3歳未勝利								杉原誠人		ダ1800				1:57.1	2.6		13-12-10-7	37.4-39.2	40.3	534(+4)																			晴		16.0	5.0	9.0	159.9	12.0	6	55.0	稍	**	**		トーセンレスター																																											
2021100606	2024-03-23	3中山1		2.0	3歳未勝利								北村宏司		ダ1800				1:57.0	1.7		11-9-10-9	38.4-37.8	38.5	534(0)				55.0															曇		16.0	4.0	7.0	140.7	12.0	5	55.0	良	**	**		レイズトワイライト																																											
2021100606	2024-06-08	3東京3		3.0	3歳未勝利								杉原誠人		ダ2100				2:13.7	-0.1		9-5-5-5	31.5-38.2	37.5	538(+4)				550.0															晴		16.0	1.0	2.0	88.4	10.0	1	55.0	良	**	**		(レッドスフェーン)																																											
2021100606	2024-06-23	3東京8		8.0	3歳以上1勝クラス								野中悠太		ダ2100				2:10.3	0.7		5-5-6-6	31.0-36.4	36.6	534(-4)																			曇		16.0	2.0	3.0	57.0	10.0	6	53.0	重	**	**		リアルビギニング																																											
2021100606	2024-07-20	2福島7		12.0	3歳以上1勝クラス								野中悠太		ダ1700				1:47.9	1.6		4-4-6-6	29.9-37.6	38.5	532(-2)																			晴		15.0	6.0	10.0	29.9	7.0	10	53.0	良	**	**		イサチルカゼニタツ																																											
2021100606	2024-10-05	4東京1		6.0	3歳以上1勝クラス								野中悠太		ダ2100				2:09.0	0.2		6-7-6-6	31.1-36.9	36.5	544(+12)				200.0															小雨		9.0	8.0	9.0	30.4	7.0	3	54.0	重	**	**		グロバーテソーロ																																											
2021100606	2024-10-26	4東京7		6.0	3歳以上1勝クラス								野中悠太		ダ2100				2:13.0	1.0		7-6-4-4	32.0-36.8	37.4	538(-6)																			曇		10.0	3.0	3.0	19.0	6.0	8	54.0	良	**	**		キャネル																																											
2021100606	2024-11-30	4中京1		3.0	3歳以上1勝クラス								吉村誠之		ダ1800				1:55.1	0.9		11-10-5-6	37.4-38.1	38.5	534(-4)																			曇		13.0	5.0	7.0	4.8	2.0	10	52.0	良	**	**		ザブライド																																											
2021100606	2024-12-14	4中京5		7.0	3歳以上1勝クラス								杉原誠人		ダ1800				1:54.6	0.3		13-14-15-14	38.2-38.6	36.9	538(+4)				120.0															晴		16.0	8.0	15.0	34.2	7.0	4	55.0	良	**	**		アークドール																																											
2021100606	2025-01-11	1中山3		6.0	4歳以上1勝クラス								キング		ダ1800				1:55.8	0.7		6-6-3-3	38.0-40.4	40.7	542(+4)				80.0															晴		13.0	7.0	11.0	5.0	3.0	5	55.0	稍	**	**		カフェアローロ																																											
2021100606	2025-03-16	2中京2		6.0	4歳以上1勝クラス								西村淳也		ダ1800				1:52.8	0.1		6-6-5-5	38.1-36.9	36.3	532(-10)				320.0															曇		10.0	8.0	9.0	9.7	4.0	2	56.0	重	**	**		メイショウタムシバ																																											
2021100606	2025-03-30	2中京6		7.0	4歳以上1勝クラス								横山武史		ダ1800				1:54.6	0.4		4-3-3-3	37.9-39.1	39.0	534(+2)				320.0															晴		9.0	3.0	3.0	2.9	2.0	2	56.0	稍	**	**		フローラルセント																																											
2021100606	2025-05-03	1新潟1		7.0	4歳以上1勝クラス								杉原誠人		ダ1800				1:55.0	0.5		6-6-4-4	38.9-37.4	37.6	542(+8)				200.0															晴		11.0	6.0	6.0	5.3	3.0	3	56.0	稍	**	**		アルゴナヴィス																																											
2021100606	2025-05-17	1新潟5		7.0	4歳以上1勝クラス								丹内祐次		ダ1800				1:54.1	-0.2		8-8-1-1	38.3-37.7	37.7	544(+2)				800.0															曇		10.0	2.0	2.0	2.6	1.0	1	56.0	稍	**	**		(ステラスプレンダー)																																											
2021100606	2025-12-28	5中山8		8.0	ハッピーエンドC(2勝クラス)								杉原誠人		ダ1800				1:56.0	3.1		9-9-9-10	37.2-38.2	40.7	562(+18)																			晴		13.0	6.0	8.0	80.3	10.0	9	56.0	良	**	**		ジェイエルマスター																																											
2021100606	2026-01-18	1中山7		8.0	4歳以上2勝クラス								杉原誠人		ダ1800				1:55.9	2.3		12-12-10-13	36.8-38.9	40.3	566(+4)																																																													晴		16.0	6.0	12.0	160.4	15.0	11	56.0	良	**	**		レディーフランシス	202606010708
2021100610	2023-08-06	2新潟4		5.0	2歳新馬								石川裕紀		芝1600				1:37.3	1.6		3-3	36.3-34.1	35.6	438(0)					晴		10.0	7.0	8.0	13.0	5.0	9	55.0	良	**	**		クリーンエア																																																									
2021100610	2023-08-27	3新潟6		3.0	2歳未勝利								石川裕紀		芝1000				0:56.6	-0.1		6	33.8-33.6	33.2	442(+4)				550.0	晴		12.0	5.0	5.0	4.9	2.0	1	55.0	良	**	**		(ワクワクサセテ)																																																									
2021100610	2023-10-22	4東京7		6.0	2歳1勝クラス								石川裕紀		芝1400				1:25.0	0.9		2-2	37.6-33.4	34.0	450(+8)					晴		9.0	1.0	1.0	18.1	3.0	6	55.0	良	**	**		ルージュスエルテ																																																									
2021100610	2023-11-12	3福島4		9.0	福島2歳S(OP)								大野拓弥		芝1200				1:10.8	0.4		13-11	33.8-36.6	35.8	450(0)				240.0	曇		15.0	7.0	13.0	102.8	15.0	4	55.0	良	**	**		エトヴプレ																																																									
2021100610	2023-12-09	4中京3		9.0	つわぶき賞(1勝クラス)								三浦皇成		芝1400				1:21.7	0.8		7-7	34.7-34.3	34.6	454(+4)					晴		14.0	4.0	5.0	69.8	12.0	6	55.0	良	**	**		バウンシーステップ																																																									
2021100610	2024-02-03	1東京3		9.0	春菜賞(1勝クラス)								三浦皇成		芝1400				1:22.4	1.3		7-8	35.2-33.7	33.9	446(-8)					晴		8.0	8.0	8.0	68.0	8.0	7	55.0	良	**	**		オメガウインク																																																									
2021100610	2024-02-10	1東京5		7.0	3歳1勝クラス								小林勝太		芝1400				1:22.1	1.2		6-6	35.3-33.8	34.0	448(+2)					晴		13.0	4.0	5.0	194.2	12.0	7	52.0	良	**	**		ソンシ																																																									
2021100610	2024-03-10	2中山6		7.0	3歳1勝クラス								小林勝太		芝1200				1:09.5	0.7		7-8	33.9-34.9	35.0	444(-4)				120.0	晴		11.0	4.0	4.0	42.1	8.0	4	52.0	稍	**	**		アララララ																																																									
2021100610	2024-05-11	1新潟5		9.0	はやぶさ賞(1勝クラス)								丹内祐次		芝1000				0:55.6	-0.1		6	32.9-33.5	33.0	436(-8)				1095.9	晴		12.0	8.0	12.0	4.2	3.0	1	55.0	良	**	**		(パレスドフィーヌ)																																																									
2021100610	2024-08-04	2新潟4		6.0	驀進特別(2勝クラス)								石川裕紀		芝1000				0:55.1	0.2		12	32.3-33.0	32.2	440(+4)				155.0	晴		18.0	4.0	8.0	8.0	2.0	5	54.0	良	**	**		ジャスパーノワール																																																									
2021100610	2024-08-18	2札幌4		10.0	知床特別(2勝クラス)								永野猛蔵		芝1200				1:09.4	1.1		9-10	33.3-35.0	35.3	436(-4)					晴		16.0	2.0	4.0	107.5	14.0	14	54.0	良	**	**		シカゴスティング																																																									
2021100610	2024-10-27	4新潟8		10.0	清津峡特別(2勝クラス)								吉田隼人		芝1200				1:09.8	1.0		4-4	34.6-34.2	34.8	454(+18)					晴		16.0	7.0	14.0	80.4	14.0	8	55.0	良	**	**		カピリナ																																																									
2021100610	2024-11-17	5東京6		12.0	3歳以上2勝クラス								石川裕紀		芝1400				1:21.6	0.5		18-17	35.3-34.1	33.1	458(+4)					晴		18.0	8.0	18.0	154.3	13.0	9	55.0	良	**	**		ヴェサリウス																																																									
2021100610	2024-11-30	5中山1		12.0	3歳以上2勝クラス								木幡巧也		芝1200				1:08.0	0.5		12-11	32.9-34.6	34.0	464(+6)					晴		15.0	3.0	5.0	38.7	9.0	6	55.0	良	**	**		ステークホルダー																																																									
2021100610	2024-12-22	7京都8		12.0	ジングルベル賞(2勝クラス)								永島まな		芝1400				1:22.3	1.1		14-17	35.4-34.2	33.9	460(-4)					晴		17.0	3.0	5.0	68.7	14.0	14	52.0	良	**	**		ヤマニンアルリフラ																																																									
2021100610	2025-02-23	1東京8		8.0	4歳以上2勝クラス								木幡巧也		芝1400				1:21.8	0.5		9-10	34.7-34.7	34.3	452(-8)					晴		12.0	5.0	5.0	99.1	10.0	6	56.0	良	**	**		フライングブレード																																																									
2021100610	2025-03-22	2中京3		10.0	熱田特別(2勝クラス)								丹内祐次		芝1400				1:21.6	0.6		11-10	33.9-35.3	34.9	446(-6)					晴		17.0	5.0	10.0	57.4	9.0	11	56.0	良	**	**		ソルトクィーン																																																									
2021100610	2025-05-04	2東京4		8.0	4歳以上2勝クラス								遠藤汰月		芝1600				1:34.1	1.1		5-6	36.6-33.1	33.7	446(0)				114.0	晴		9.0	4.0	4.0	38.0	6.0	5	53.0	良	**	**		カニキュル																																																									
2021100610	2025-05-24	1新潟7		11.0	大日岳特別(2勝クラス)								小林美駒		芝1200				1:10.4	0.6		14-14	34.9-34.9	33.9	446(0)					曇		16.0	2.0	4.0	64.8	12.0	11	56.0	良	**	**		セシリエプラージュ																																																									
2021100610	2025-06-07	3東京1		10.0	由比ヶ浜特別(2勝クラス)								小林美駒		芝1400				1:22.2	1.2		6-4	35.0-34.1	34.7	448(+2)					晴		15.0	2.0	2.0	98.1	15.0	15	52.0	良	**	**		アームテイル																																																									
2021100610	2025-08-10	2新潟6		8.0	驀進特別(2勝クラス)								石川裕紀		芝1000				0:57.7	1.5		18	33.1-34.0	33.8	456(+8)					雨		18.0	1.0	1.0	151.1	14.0	11	56.0	重	**	**		エコロジーク																																																									
2021100626	2023-06-22	船橋		3.0	ライラックデビュー(2歳)								澤田龍哉		ダ1000				1:03.0	-1.0		3-2	36.7-38.6	38.5	468(0)				400.0															曇		6.0	6.0	6.0	2.8	2.0	1	54.0	良	**	**		(ミレニアムバイオ)																																											
2021100626	2023-08-09	船橋		2.0	フューチュリティスプ(2歳)								和田譲治		ダ1200				1:16.7	1.1		8-8-8	36.6-39.0	38.1	472(+4)				32.0															曇		8.0	1.0	1.0	13.1	4.0	5	54.0	良	**	**		ヨルノテイオー																																											
2021100626	2023-08-30	浦和		11.0	ルーキーズサマーカッ(重賞)								和田譲治		ダ1400				1:30.0	1.0		7-7-6-4	36.5-39.8	38.6	471(-1)				420.0															晴		12.0	2.0	2.0	37.5	6.0	2	54.0	良	**	**		アムクラージュ																																											
2021100626	2023-09-26	船橋		8.0	トーシンブリザード・(2歳)								澤田龍哉		ダ1600				1:45.4	0.9		8-7-7-6	39.0-39.4	39.1	476(+5)				45.0															曇		9.0	4.0	4.0	3.2	2.0	5	55.0	良	**	**		バハマフレイバー																																											
2021100626	2023-10-25	船橋		11.0	平和賞(重賞)								澤田龍哉		ダ1600				1:43.2	0.3		9-8-9-9	37.6-40.6	39.8	478(+2)				130.0															晴		10.0	6.0	6.0	24.1	6.0	4	55.0	良	**	**		カプセル																																											
2021100626	2023-11-28	船橋		11.0	チバテレ盃(OP)(2歳)								澤田龍哉		ダ1700				1:51.4	1.3		8-8-6-5	31.2-40.1	40.3	479(+1)				80.0															晴		8.0	2.0	2.0	3.3	2.0	5	56.0	良	**	**		バハマフレイバー																																											
2021100626	2024-01-10	浦和		11.0	ニューイヤーC(重賞)								和田譲治		ダ1500				1:39.0	1.7		9-6-8-7	29.6-40.1	41.1	482(+3)																			晴		10.0	2.0	2.0	67.1	9.0	6	56.0	良	**	**		ギガース																																											
2021100626	2024-02-06	船橋		8.0	船橋フューチュリティ(3歳)								和田譲治		ダ1600				1:44.7	0.9		2-2-2-2	37.5-40.5	41.2	486(+4)				75.0															曇		7.0	5.0	5.0	15.8	4.0	4	56.0	不	**	**		バハマフレイバー																																											
2021100626	2024-03-05	船橋		11.0	アクアマリンC(3歳未格)								和田譲治		ダ1700				1:53.1	2.3		3-3-4-5	33.3-37.6	39.2	485(-1)																			雨		6.0	1.0	1.0	29.5	6.0	6	57.0	稍	**	**		シシュフォス																																											
2021100626	2024-03-28	浦和		8.0	若草特別(3歳)								和田譲治		ダ1400				1:32.3	1.0		9-11-8-8	37.4-40.9	40.8	478(-7)				37.5															曇		12.0	3.0	3.0	14.5	6.0	4	57.0	稍	**	**		エドノバンザイ																																											
2021100626	2024-04-17	浦和		11.0	’24アヴニール賞(OP)(3歳)								和田譲治		ダ1400				1:30.7	0.0		9-9-9-7	38.2-39.2	38.3	479(+1)				800.0															晴		10.0	5.0	5.0	22.7	5.0	1	54.0	良	**	**		(クルマトラサン)																																											
2021100626	2024-05-29	船橋		11.0	若潮スプリント(重賞)								和田譲治		ダ1200				1:16.0	1.9		12-12-12	35.5-38.6	38.4	479(0)																			晴		12.0	1.0	1.0	50.6	7.0	9	57.0	重	**	**		ギガース																																											
2021100626	2024-07-10	大井		11.0	優駿スプリント競走(重賞)								澤田龍哉		ダ1200				1:14.7	1.9		14-15	34.9-37.9	37.9	478(-1)																			曇		16.0	2.0	3.0	224.3	14.0	11	56.0	良	**	**		ティントレット																																											
2021100626	2024-10-24	浦和		10.0	マルチフェア特別(B2B3)								臼井健太		ダ1400				1:30.3	0.7		9-10-10-8	36.5-40.0	39.1	487(+9)				40.0															曇		12.0	5.0	5.0	49.4	11.0	5	57.0	良	**	**		タイセイアーメット																																											
2021100626	2024-11-21	浦和		11.0	埼玉県馬事畜産振興協(B1B2)								澤田龍哉		ダ1500				1:37.4	2.4		9-9-10-9	32.4-36.4	37.3	484(-3)																			晴		10.0	8.0	9.0	34.2	5.0	8	55.0	稍	**	**		ラブリアージェ																																											
2021100626	2024-12-09	川崎		11.0	風花特別(B2)								和田譲治		ダ1600				1:47.3	2.8		9-9-10-13	37.0-41.3	42.7	486(+2)																			晴		14.0	7.0	12.0	23.1	9.0	11	56.0	良	**	**		エアセイラン																																											
2021100626	2024-12-19	船橋		10.0	クリスマスローズスプ(B2)								和田譲治		ダ1200				1:15.4	0.5		10-9-10	35.9-39.0	38.4	488(+2)				30.0															晴		11.0	8.0	11.0	10.3	6.0	5	56.0	良	**	**		ヴィシソワーズ																																											
2021100626	2025-01-24	船橋		10.0	房総スプリント(B1B2)								臼井健太		ダ1200				1:16.0	2.2		12-12-12	36.1-37.7	38.1	487(-1)																			晴		12.0	1.0	1.0	189.4	12.0	10	55.0	良	**	**		ストライクオン																																											
2021100626	2025-02-13	船橋		10.0	みずがめ座スプリント(B2)								和田譲治		ダ1200								35.6-38.3		計不																			晴		11.0	1.0	1.0			取	56.0	良	**	**		マスタープラン																																											
2021100626	2025-03-12	船橋		9.0	春疾風スプリント(B2)								臼井健太		ダ1200				1:17.3	3.4		10-10-10	36.6-37.3	38.2	483(-4)																			雨		11.0	7.0	9.0	316.8	11.0	11	56.0	稍	**	**		レーザーショー																																											
2021100626	2025-04-04	船橋		10.0	くじら座スプリント(B1B2)								野畑凌		ダ1200				1:18.1	3.9		10-10-10	35.1-39.1	40.6	490(+7)																			晴		10.0	3.0	3.0	311.5	10.0	10	55.0	重	**	**		サトノムスタング																																											
2021100626	2025-05-24	1新潟7		11.0	大日岳特別(2勝クラス)								永島まな		芝1200				1:12.4	2.6		16-16	34.9-34.9	35.6	484(-6)																			曇		16.0	8.0	15.0	274.1	16.0	16	58.0	良	**	**		セシリエプラージュ																																											
2021100626	2025-05-31	2東京11		10.0	葉山特別(2勝クラス)								小林凌大		芝1600				1:39.0	3.1		16-16	35.5-35.8	37.1	488(+4)																			小雨		16.0	6.0	11.0	242.3	16.0	16	58.0	重	**	**		ウインアイオライト																																											
2021100626	2025-12-13	5阪神3		4.0	障害3歳以上未勝利								石神深一		障2970				3:40.7	16.0		12-12-12-12	105.1-0.0	14.9	498(+10)																			晴		12.0	8.0	11.0	144.8	11.0	12	60.0	良				ロードリベラシオン																																											
2021100626	2026-01-18	1中山7		4.0	障害4歳以上未勝利								江田勇亮		障2880				3:23.1	9.5		12-12-13-13	106.1-0.0	14.1	506(+8)																																																													晴		14.0	5.0	8.0	231.9	12.0	13	60.0	良				アスクオンディープ	202606010704
2021100639	2023-10-22	4東京7		4.0	2歳新馬								藤岡康太		ダ1400				1:28.9	1.6		9-10	37.4-37.1	37.5	496(0)					晴		15.0	8.0	14.0	1.9	1.0	6	56.0	良	**	**		トーアアイギス																																																									
2021100639	2023-11-05	5東京2		1.0	2歳未勝利								小沢大仁		ダ1600				1:39.6	1.9		7-7	35.8-37.2	38.3	500(+4)					曇		13.0	5.0	7.0	17.4	5.0	6	55.0	良	**	**		デビッドテソーロ																																																									
2021100639	2024-01-13	1京都4		3.0	3歳未勝利								団野大成		ダ1400				1:27.7	0.7		9-8	36.7-37.4	37.3	502(+2)				83.0	晴		14.0	8.0	13.0	11.7	3.0	4	57.0	良	**	**		キャピタルサックス																																																									
2021100639	2024-02-03	2京都3		3.0	3歳未勝利								団野大成		ダ1400				1:25.8	0.6		5-4	35.1-37.5	37.7	496(-6)				83.0	曇		14.0	2.0	2.0	6.5	4.0	4	57.0	良	**	**		キングツェッペリン																																																									
2021100639	2024-02-17	2京都7		3.0	3歳未勝利								団野大成		ダ1400				1:26.6	1.0		8-7	34.7-38.7	38.6	490(-6)				55.0	曇		16.0	3.0	5.0	8.9	6.0	5	57.0	稍	**	**		アレ																																																									
2021100639	2024-03-09	1中京1		1.0	3歳未勝利								吉田隼人		ダ1400				1:27.6	0.9		7-7	36.1-37.7	38.0	494(+4)				55.0	晴		16.0	4.0	8.0	4.2	3.0	5	57.0	稍	**	**		スート																																																									
2021100639	2024-03-31	2阪神4		2.0	3歳未勝利								吉田隼人		ダ1400				1:25.8	0.3		2-2	34.2-38.8	38.9	494(0)				220.0	晴		16.0	8.0	15.0	4.2	4.0	2	57.0	良	**	**		クリノキングマン																																																									
2021100639	2024-04-13	2阪神7		2.0	3歳未勝利								団野大成		ダ1200				1:13.8	0.4		8-6	35.8-37.6	36.9	484(-10)				220.0	晴		16.0	5.0	9.0	3.1	1.0	2	57.0	良	**	**		ハリウッドブルース																																																									
2021100639	2024-04-28	3京都4		1.0	3歳未勝利								団野大成		ダ1400				1:26.3	-0.1		3-2	34.8-38.9	38.6	488(+4)				550.0	晴		16.0	7.0	13.0	1.5	1.0	1	57.0	良	**	**		(カーロアヴァンティ)																																																									
2021100639	2024-11-16	6京都5		7.0	3歳以上1勝クラス								坂井瑠星		ダ1400				1:24.6	0.0		4-3	34.4-38.0	37.6	490(+2)				800.0	小雨		16.0	7.0	14.0	18.1	8.0	1	57.0	良	**	**		(クアトロジャック)																																																									
2021100639	2024-12-01	7京都2		8.0	3歳以上2勝クラス								吉田隼人		ダ1400				1:25.1	0.9		10-10	35.7-36.4	36.0	494(+4)					晴		16.0	4.0	7.0	10.4	5.0	6	57.0	良	**	**		ジャーヴィス																																																									
2021100639	2024-12-22	7京都8		8.0	3歳以上2勝クラス								吉田隼人		ダ1400				1:26.1	0.7		5-3	36.0-37.6	37.9	496(+2)					晴		16.0	2.0	4.0	14.4	5.0	8	57.0	良	**	**		スターペスカオリ																																																									
2021100639	2025-03-23	1阪神8		12.0	4歳以上2勝クラス								吉村誠之		ダ1400				1:25.5	1.3		12-12	34.2-37.5	37.4	482(-14)					晴		16.0	8.0	16.0	28.3	9.0	7	56.0	良	**	**		ビダーヤ																																																									
2021100639	2025-10-26	3京都9		12.0	嵯峨野特別(2勝クラス)								吉村誠之		ダ1400				1:23.9	1.1		14-11	34.1-36.7	36.5	500(+18)					曇		16.0	7.0	14.0	182.3	14.0	9	55.0	重	**	**		ピエマンソン																																																									
2021100651	2024-01-20	1京都6		5.0	3歳新馬								田口貫太		芝2000				2:06.3	1.5		11-10-10-10	37.9-36.1	36.7	492(0)																			曇		13.0	6.0	9.0	34.8	9.0	8	55.0	重	**	**		ダノンピレネー																																											
2021100651	2024-05-04	3京都5		5.0	3歳未勝利								和田竜二		芝2200				2:13.3	0.3		3-3-2-2	35.6-34.3	34.5	482(-10)				140.0															晴		16.0	6.0	11.0	76.5	10.0	3	57.0	良	**	**		バッデレイト																																											
2021100651	2024-05-25	3京都11		4.0	3歳未勝利								和田竜二		芝2200				2:13.5	0.7		2-2-2-2	36.3-34.8	35.5	476(-6)																			晴		12.0	5.0	5.0	4.8	3.0	6	57.0	良	**	**		ミッキーストライク																																											
2021100651	2024-08-18	2中京4		6.0	3歳未勝利								和田竜二		芝2000				2:00.2	0.0		14-14-12-11	35.9-35.2	34.4	474(-2)				220.0															晴		18.0	3.0	6.0	5.6	2.0	2	57.0	良	**	**		モズマーヴェリック																																											
2021100651	2024-09-01	2中京8		6.0	3歳未勝利								松山弘平		芝2000				2:00.8	0.1		12-12-15-15	36.3-36.3	35.2	472(-2)				220.0															曇		18.0	7.0	14.0	3.9	1.0	2	57.0	重	**	**		オメガナビゲーター																																											
2021100651	2024-12-07	4中京3		7.0	3歳以上1勝クラス								鮫島克駿		芝2200				2:11.8	-0.1		12-12-10-6	34.3-35.8	35.2	472(0)				800.0															曇		18.0	8.0	17.0	8.9	5.0	1	56.0	良	**	**		(レジェンドシップ)																																											
2021100651	2025-01-13	1中京5		7.0	4歳以上1勝クラス								鮫島克駿		芝2200				2:14.7	0.2		7-7-3-4	35.0-35.7	35.5	474(+2)				120.0															晴		18.0	3.0	6.0	2.7	2.0	4	57.0	良	**	**		ダノンブリザード																																											
2021100651	2025-02-23	1京都8		7.0	4歳以上1勝クラス								高杉吏麒		芝2400				2:28.2	0.4		5-5-9-9	36.8-34.9	34.3	474(0)				320.0															曇		10.0	2.0	2.0	2.3	1.0	2	56.0	良	**	**		アメジストブラック																																											
2021100651	2025-03-15	2中京1		8.0	4歳以上1勝クラス								丸山元気		芝2200				2:15.1	-0.1		7-7-7-7	36.3-35.2	34.5	474(0)				800.0															曇		18.0	5.0	9.0	2.9	2.0	1	57.0	良	**	**		(ディーガレジェンド)																																											
2021100651	2025-05-18	1新潟6		10.0	信濃川特別(2勝クラス)								丸山元気		芝2000				2:01.9	0.5		5-5	36.9-34.8	34.7	484(+10)																			曇		10.0	7.0	8.0	4.0	1.0	6	58.0	良	**	**		ドラゴンヘッド																																											
2021100651	2025-06-14	3阪神3		8.0	三田特別(2勝クラス)								松山弘平		芝2400				2:26.9	0.9		1-1-1-2	38.3-35.2	36.1	478(-6)				624.0															雨		6.0	5.0	5.0	10.8	3.0	2	58.0	重	**	**		ゲルチュタール																																											
2021100651	2025-08-31	4中京4		9.0	美濃特別(2勝クラス)								松山弘平		芝2200				2:13.2	-0.2		2-2-2-2	36.7-33.4	33.2	476(-2)				1567.5															晴		8.0	2.0	2.0	2.3	2.0	1	58.0	良	**	**		(ジュンツバメガエシ)																																											
2021100651	2025-09-21	4阪神7		10.0	ムーンライトH(3勝クラス)								松山弘平		芝2200				2:14.8	-0.2		2-2-2-2	37.7-33.9	33.8	476(0)				1859.6															曇		9.0	8.0	9.0	4.0	2.0	1	56.0	良	**	**		(レミージュ)																																											
2021100651	2025-12-13	5中京3		11.0	中日新聞杯(GIII)								松山弘平		芝2000				1:58.1	0.5		6-6-9-6	35.1-34.1	33.8	478(+2)																			晴		18.0	2.0	4.0	4.6	1.0	7	55.0	良	**	**		シェイクユアハート																																											
2021100651	2026-01-18	1京都7		11.0	日経新春杯(GII)								松山弘平		芝2400				2:25.7	0.0		1-1-1-1	35.9-34.4	34.4	480(+2)				2326.4																																																									晴		13.0	5.0	7.0	25.2	11.0	2	55.0	良	**	**		ゲルチュタール	202608010711
2021100660	2023-09-03	3新潟8		5.0	2歳新馬								吉田豊		芝1800				1:50.8	1.2		10-10	37.0-34.4	34.5	478(0)																																															晴		13.0	3.0	3.0	132.9	11.0	8	55.0	良	**	**		テリオスルル															
2021100660	2023-09-30	4中山8		4.0	2歳未勝利								吉田豊		芝2000				2:04.2	0.8		11-10-13-10	37.3-35.3	34.9	480(+2)																																															曇		14.0	7.0	11.0	49.5	8.0	7	55.0	良	**	**		アバンデル															
2021100660	2023-11-25	5東京7		3.0	2歳未勝利								吉田豊		芝1800				1:48.2	0.8		7-9-9	36.0-34.3	34.2	474(-6)				55.0																																											晴		13.0	4.0	5.0	29.9	7.0	5	56.0	良	**	**		ペッレグリーニ															
2021100660	2023-12-24	5中山8		4.0	2歳未勝利								坂井瑠星		芝2000				2:02.2	0.7		9-7-7-6	36.3-35.6	35.6	466(-8)				140.0																																											曇		16.0	6.0	12.0	11.6	4.0	3	56.0	良	**	**		リアレスト															
2021100660	2024-01-27	1東京1		6.0	3歳未勝利								川田将雅		芝1800				1:47.3	0.0		10-8-8	35.5-34.2	33.8	460(-6)				550.0																																											晴		12.0	5.0	5.0	8.3	4.0	1	57.0	良	**	**		(バランスダンサー)															
2021100660	2024-03-30	3中山3		9.0	山吹賞(1勝クラス)								Ｍ．デム		芝2200				2:15.1	-0.1		12-12-4-2	36.5-35.3	35.1	460(0)				1100.8																																											晴		14.0	8.0	14.0	27.0	10.0	1	57.0	稍	**	**		(マイネルフランツ)															
2021100660	2025-01-12	1中山4		9.0	初咲賞(2勝クラス)								団野大成		芝2200				2:14.5	1.5		8-9-1-1	37.4-35.5	37.0	468(+8)																																															曇		14.0	4.0	5.0	24.7	8.0	7	57.0	良	**	**		ディマイザキッド															
2021100660	2025-06-08	3東京2		9.0	香港ジョッキーCT(2勝クラス)								坂井瑠星		芝2000				2:02.6	1.2		6-5-5	37.2-34.1	35.0	472(+4)																																															晴		12.0	6.0	8.0	43.5	7.0	12	58.0	良	**	**		ウィクトルウェルス															
2021100660	2025-07-06	2福島4		10.0	白河特別(2勝クラス)								和田竜二		芝1800				1:48.4	0.2		13-13-12-11	35.2-37.0	34.9	466(-6)				630.0																																											晴		16.0	7.0	13.0	48.1	10.0	2	58.0	良	**	**		ニシノティアモ															
2021100660	2025-11-15	5東京3		12.0	3歳以上2勝クラス								横山武史		芝1600				1:34.8	1.4		7-7	36.4-33.5	34.3	466(0)																																															晴		13.0	4.0	4.0	50.4	10.0	11	58.0	良	**	**		ダノンセンチュリー															
2021100660	2026-01-05	1中山2		10.0	初日の出賞(2勝クラス)								田辺裕信		芝2000				2:01.9	0.3		9-9-8-8	37.1-34.6	34.2	476(+10)				403.9																																											晴		11.0	3.0	3.0	11.2	6.0	3	58.0	良	**	**		ダンツファイター															
2021100677	2023-11-12	3京都4	曇	4.0	2歳新馬		16.0	5.0	9.0	8.9	3.0	3	坂井瑠星	56.0	ダ1400		稍	**	1:28.6	1.3	**	3-3	35.2-39.5	40.4	430(0)			キタノズエッジ	180.0																																																																							
2021100677	2023-12-10	5阪神4	晴	1.0	2歳未勝利		15.0	7.0	13.0	14.8	5.0	2	坂井瑠星	56.0	ダ1400		良	**	1:26.6	0.2	**	1-1	35.1-38.2	38.4	430(0)			ニホンピロカラット	220.0																																																																							
2021100677	2023-12-23	5阪神7	晴	3.0	2歳未勝利		16.0	4.0	8.0	6.5	3.0	3	坂井瑠星	56.0	ダ1400		良	**	1:25.8	0.1	**	2-2	36.0-37.2	37.1	430(0)			エートラックス	140.0																																																																							
2021100677	2024-01-21	1京都7	曇	3.0	3歳未勝利		12.0	4.0	4.0	3.2	2.0	1	坂井瑠星	57.0	ダ1400		不	**	1:23.4	0.0	**	1-1	35.4-35.8	35.8	430(0)			(リネアグローリア)	550.0																																																																							
2021100677	2024-05-12	2東京8	曇	7.0	3歳1勝クラス		16.0	2.0	3.0	23.7	9.0	14	岩田望来	57.0	ダ1400		良	**	1:26.2	2.2	**	4-4	35.4-36.3	38.2	430(0)			ベルウェザー																																																																								
2021100677	2024-05-26	3京都12	晴	6.0	3歳1勝クラス		12.0	8.0	12.0	4.3	3.0	5	吉村誠之	54.0	ダ1400		良	**	1:25.5	0.4	**	1-1	35.2-37.3	37.7	428(-2)			メイショウヨシノ	78.0																																																																							
2021100677	2024-06-08	4京都3	晴	12.0	3歳以上1勝クラス		15.0	2.0	4.0	34.4	7.0	14	幸英明	55.0	ダ1400		良	**	1:27.0	2.7	**	10-10	34.7-37.4	38.0	430(+2)			カズゴルティス																																																																								
2021100677	2024-12-15	7京都6	晴	7.0	3歳以上1勝クラス		16.0	2.0	4.0	14.1	7.0	11	吉村誠之	55.0	ダ1400		良	**	1:27.5	1.1	**	6-7	35.9-37.7	38.1	436(+6)			ハリウッドブルース																																																																								
2021100677	2025-01-06	1中京2	小雨	7.0	4歳以上1勝クラス		16.0	3.0	5.0	33.3	10.0	2	吉村誠之	55.0	ダ1800		良	**	1:54.3	0.3	**	1-1-2-1	38.9-38.3	38.6	438(+2)			ティンティンデオ	320.0																																																																							
2021100677	2025-01-19	1中京7	晴	7.0	4歳以上1勝クラス		10.0	3.0	3.0	5.3	3.0	1	吉村誠之	55.0	ダ1800		良	**	1:52.8	-0.2	**	1-1-1-1	37.0-38.7	38.7	438(0)			(パカーラン)	800.0																																																																							
2021100677	2025-02-09	1小倉6	晴	10.0	由布院特別(2勝クラス)		16.0	5.0	9.0	19.1	7.0	13	川端海翼	57.0	ダ1700		稍	**	1:46.9	1.9	**	4-5-8-13	29.5-37.6	38.9	438(0)			レシプロシティ																																																																								
2021100677	2025-04-06	2阪神4	晴	7.0	4歳以上2勝クラス		10.0	1.0	1.0	5.6	2.0	6	吉村誠之	56.0	ダ1800		良	**	1:54.8	1.3	**	1-1-1-1	37.4-38.7	40.0	442(+4)			ペンナヴェローチェ																																																																								
2021100677	2025-04-26	2東京1	小雨	12.0	4歳以上2勝クラス		16.0	4.0	8.0	28.4	7.0	15	シュタル	58.0	ダ1600		稍	**	1:40.3	4.1	**	2-2	34.5-37.2	41.2	434(-8)			ターコイズフリンジ																																																																								
2021100677	2025-05-17	2京都7	晴	12.0	4歳以上2勝クラス		10.0	8.0	10.0	12.0	6.0	8	吉村誠之	57.0	ダ1800		不	**	1:52.1	2.2	**	2-2-3-6	35.6-37.0	38.9	438(+4)			ヒロノラメール																																																																								
2021100677	2025-08-02	3中京3	晴	6.0	日進特別(2勝クラス)		12.0	5.0	6.0	9.0	3.0	7	吉村誠之	58.0	ダ1800		良	**	1:54.7	1.2	**	1-1-1-1	36.9-39.8	41.0	438(0)			グラヴィス																																																																								
2021100677	2025-08-24	4中京2	晴	10.0	大府特別(2勝クラス)		16.0	5.0	10.0	24.9	9.0	16	吉村誠之	58.0	ダ1800		良	**	1:57.0	4.1	**	3-3-3-5	37.3-38.9	42.7	434(-4)			パカーラン																																																																								
2021100677	2025-10-19	3京都7	曇	12.0	聚楽第特別(2勝クラス)		14.0	8.0	13.0	115.7	13.0	14	吉村誠之	58.0	ダ1800		良	**	1:54.3	3.4	**	4-4-4-6	34.9-37.4	40.3	434(0)			テスティモーネ																																																																								
2021100677	2025-12-07	5阪神2	晴	9.0	豊中特別(2勝クラス)		13.0	3.0	3.0	99.0	12.0	8	古川吉洋	58.0	ダ1800		良	**	1:53.0	0.9	**	1-1-1-1	35.8-39.0	39.9	434(0)			タマモキャリコ																																																																								
2021100677	2025-12-21	5阪神6	雨	8.0	3歳以上2勝クラス		15.0	8.0	15.0	12.8	5.0	13	田山旺佑	55.0	ダ1800		重	**	1:52.9	2.5	**	1-1-1-2	36.1-37.4	39.9	432(-2)			デルアヴァー																																																																								
2021100734	2024-01-28	1東京2		2.0	3歳新馬								木幡初也		ダ1400				1:29.1	1.0		13-11	37.2-37.6	37.1	518(0)				93.0																																											曇		16.0	3.0	5.0	3.3	1.0	4	57.0	良	**	**		ウンガイソウテン															
2021100734	2024-02-17	2京都7		2.0	3歳未勝利								岩田望来		ダ1800				1:55.2	1.9		7-8-5-5	36.6-37.6	38.9	516(-2)																																															曇		15.0	4.0	6.0	5.8	3.0	6	57.0	稍	**	**		リューデスハイム															
2021100734	2024-04-14	2阪神8		2.0	3歳未勝利								岩田康誠		ダ1400				1:26.9	1.5		13-13	35.0-38.1	37.1	516(0)																																															晴		15.0	4.0	6.0	8.8	4.0	8	57.0	良	**	**		グリーズマン															
2021100734	2024-07-21	3小倉8		6.0	3歳未勝利								岩田康誠		ダ1700				1:45.7	-0.2		16-15-2-1	29.4-38.6	38.6	506(-10)				550.0																																											曇		16.0	1.0	2.0	5.2	2.0	1	57.0	稍	**	**		(カフジテルビウム)															
2021100734	2024-09-15	3中京4		8.0	3歳以上1勝クラス								岩田康誠		ダ1800				1:51.5	1.0		8-9-2-3	37.4-36.8	37.7	506(0)				120.0																																											曇		12.0	7.0	10.0	7.1	3.0	4	55.0	重	**	**		スリリングチェイス															
2021100734	2024-11-24	6京都8		5.0	3歳以上1勝クラス								岩田康誠		ダ1800				1:53.5	0.1		6-5-5-4	35.4-38.7	38.0	512(+6)				320.0																																											曇		15.0	6.0	11.0	3.2	2.0	2	56.0	良	**	**		キングブルー															
2021100734	2024-12-08	7京都4		7.0	3歳以上1勝クラス								デットー		ダ1800				1:54.1	-0.1		7-6-2-1	36.4-39.2	39.1	508(-4)				800.0																																											曇		10.0	7.0	8.0	2.4	1.0	1	57.0	良	**	**		(ジュンラトゥール)															
2021100734	2025-02-02	1京都2		9.0	天ケ瀬特別(2勝クラス)								岩田康誠		ダ1800				1:53.1	-0.3		3-3-3-2	37.0-38.5	38.2	504(-4)				1575.9																																											曇		10.0	6.0	6.0	7.2	4.0	1	57.0	稍	**	**		(ジョータルマエ)															
2021100734	2025-04-13	2阪神6		12.0	梅田S(3勝クラス)								岩田康誠		ダ1800				1:54.1	1.3		4-5-4-4	37.6-37.4	38.3	502(-2)				184.0																																											雨		16.0	8.0	16.0	5.4	2.0	5	58.0	稍	**	**		ネバーモア															
2021100734	2025-05-17	2京都7		10.0	上賀茂S(3勝クラス)								岩田康誠		ダ1800				1:51.1	2.7		11-10-10-7	35.6-36.0	37.5	508(+6)																																															晴		16.0	4.0	8.0	9.1	5.0	12	58.0	不	**	**		グーデンドラーク															
2021100734	2025-08-09	3中京5		7.0	三河S(3勝クラス)								岩田康誠		ダ1800				1:55.5	2.8		14-14-13-16	37.1-38.1	39.3	500(-8)																																															晴		16.0	1.0	2.0	20.6	8.0	14	58.0	良	**	**		ポッドロゴ															
2021100734	2025-10-19	3京都7		10.0	京都開設100周年(3勝クラス)								岩田康誠		ダ1400				1:24.0	0.8		15-14	35.7-35.4	34.9	514(+14)																																															曇		16.0	8.0	16.0	53.9	11.0	6	55.0	良	**	**		グランフォーブル															
2021100734	2025-11-16	5東京4		9.0	銀嶺S(3勝クラス)								横山和生		ダ1400				1:24.7	1.3		9-9	35.2-36.2	36.3	516(+2)																																															晴		14.0	8.0	14.0	11.6	5.0	10	55.0	良	**	**		ダノンフィーゴ															
2021100734	2025-11-30	4京都8		10.0	花園S(3勝クラス)								高杉吏麒		ダ1800				1:51.1	0.4		10-10-9-9	35.3-37.9	37.5	510(-6)				465.0																																											晴		16.0	7.0	13.0	62.2	12.0	3	58.0	良	**	**		ロードラビリンス															
2021100768	2024-01-14	1中山5		3.0	3歳新馬								岩田康誠		ダ1200				1:13.2	-0.1		1-1	35.3-37.9	37.9	464(0)				620.0	晴		16.0	8.0	15.0	4.6	3.0	1	55.0	稍	**	**		(ガビーズシスター)																																																									
2021100768	2024-01-28	2京都2		4.0	3歳1勝クラス								岩田康誠		ダ1400				1:30.6	5.5		1-2	34.7-38.0	43.5	470(+6)					晴		13.0	6.0	9.0	15.6	7.0	13	55.0	良	**	**		モアザンワンス																																																									
2021100768	2024-04-13	2阪神7		6.0	3歳1勝クラス								岩田康誠		ダ1200				1:11.9	-0.2		1-1	34.9-37.0	37.0	478(+8)				780.0	晴		15.0	3.0	5.0	42.7	8.0	1	55.0	良	**	**		(スターターン)																																																									
2021100768	2024-05-05	3京都6		10.0	橘S(L)								柴田裕一		芝1400				1:21.0	0.7		1-1	34.8-34.2	34.9	478(0)				200.0	晴		10.0	7.0	8.0	41.0	9.0	5	55.0	良	**	**		ガロンヌ																																																									
2021100768	2024-05-25	3京都11		11.0	葵S(GIII)								柴田裕一		芝1200				1:08.6	1.5		6-6	33.2-33.9	34.8	478(0)					晴		18.0	4.0	7.0	150.0	18.0	18	55.0	良	**	**		ピューロマジック																																																									
2021100768	2024-07-27	1札幌3		12.0	3歳以上2勝クラス								角田大河		ダ1000				0:58.7	-0.2		1-1	34.4-35.7	35.7	476(-2)				1140.0	曇		12.0	2.0	2.0	3.2	1.0	1	52.0	良	**	**		(カンザシ)																																																									
2021100768	2024-08-15	門別		11.0	北海道スプリントカッ(JpnIII)								岩田康誠		ダ1200				1:13.8	1.2		5-8		38.1	488(+12)				120.0	曇		13.0	1.0	1.0	11.3	4.0	5	54.0	稍	**	**		チカッパ																																																									
2021100768	2024-11-30	7京都1		10.0	姫路S(3勝クラス)								ルメール		ダ1200				1:11.7	0.0		1-1	35.0-36.7	36.7	486(-2)				1873.6	晴		15.0	6.0	12.0	3.1	1.0	1	55.0	稍	**	**		(マルカラピッド)																																																									
2021100768	2024-12-22	7京都8		11.0	りんくうS(OP)								Ｍ．デム		ダ1200				1:14.4	2.9		5-5	34.8-36.7	39.3	482(-4)					晴		16.0	1.0	2.0	14.5	5.0	16	54.0	良	**	**		ドンアミティエ																																																									
2021100768	2025-02-23	1京都8		11.0	大和S(OP)								池添謙一		ダ1200				1:12.2	1.0		1-1	35.4-35.8	36.8	476(-6)					曇		16.0	7.0	14.0	27.6	9.0	9	55.0	良	**	**		ドンアミティエ																																																									
2021100768	2025-06-08	3阪神2		11.0	水無月S(OP)								柴田裕一		ダ1200				1:16.5	5.6		16-16	34.3-36.6	37.0	490(+14)					曇		16.0	4.0	8.0	46.5	13.0	16	53.0	良	**	**		サンライズアムール																																																									
2021100768	2025-09-14	4中山4		11.0	ラジオ日本賞(OP)								内田博幸		ダ1200				1:10.1	0.2		1-1	33.8-36.1	36.3	496(+6)				889.6	曇		16.0	3.0	5.0	54.9	14.0	2	55.0	稍	**	**		ポッドベイダー																																																									
2021100768	2025-10-05	3京都2		10.0	藤森S(OP)								内田博幸		ダ1200				1:10.1	0.7		3-3	34.6-34.8	35.3	504(+8)				330.0	曇		16.0	7.0	14.0	23.0	9.0	4	55.0	重	**	**		タガノミスト																																																									
2021100768	2025-12-07	5阪神2		11.0	りんくうS(OP)								鮫島良太		ダ1200				1:10.7	0.1		2-2	34.9-35.7	35.6	492(-12)				554.9	晴		16.0	8.0	15.0	7.4	4.0	3	54.0	良	**	**		メイショウホウレン																																																									
2021100768	2026-01-18	1中山7		10.0	ジャニュアリーS(OP)								横山武史		ダ1200				1:10.9	0.3		1-1	33.3-37.3	37.6	482(-10)				442.7																																																									晴		16.0	5.0	9.0	17.9	6.0	3	55.0	良	**	**		モンドプリューム	202606010710
2021100873	2023-08-27	3新潟6		5.0	2歳新馬								北村宏司		芝1600				1:39.9	0.7		3-3	38.4-33.9	34.4	500(0)																																															晴		12.0	7.0	10.0	8.6	3.0	9	55.0	良	**	**		ベストオブユー															
2021100873	2023-12-28	5中山9		4.0	2歳未勝利								北村宏司		芝1800				1:50.7	0.6		3-3-3-3	38.5-35.5	35.8	500(0)																																															曇		16.0	1.0	1.0	98.6	9.0	7	56.0	良	**	**		カイトグート															
2021100873	2024-02-24	2中山1		5.0	3歳未勝利								内田博幸		芝2000				2:03.3	0.4		2-2-2-2	36.6-36.6	36.9	494(-6)				83.0																																											晴		16.0	5.0	9.0	13.8	4.0	4	57.0	稍	**	**		サツキノジョウ															
2021100873	2024-03-10	2中山6		5.0	3歳未勝利								内田博幸		芝2000				2:03.9	1.9		3-4-4-2	35.3-36.6	38.2	492(-2)																																															晴		18.0	8.0	18.0	14.5	6.0	11	57.0	稍	**	**		ロードアフェット															
2021100873	2024-06-08	3東京3		6.0	3歳未勝利								北村宏司		ダ1600				1:37.2	0.3		4-4	35.2-37.3	37.1	476(-16)				220.0																																											晴		16.0	7.0	14.0	4.5	3.0	2	57.0	良	**	**		サクラトップリアル															
2021100873	2024-06-22	3東京7		1.0	3歳未勝利								ルメール		ダ1600				1:35.6	-0.5		2-2	34.5-36.8	36.8	478(+2)				550.0																																											晴		16.0	7.0	14.0	1.1	1.0	1	57.0	重	**	**		(ゴールデンオスカー)															
2021100873	2024-10-27	4東京8		7.0	3歳以上1勝クラス								戸崎圭太		ダ1600				1:37.0	0.0		4-4	34.7-36.7	36.0	502(+24)				800.0																																											曇		13.0	5.0	6.0	5.1	3.0	1	56.0	良	**	**		(ソレルビュレット)															
2021100873	2025-02-15	1東京5		8.0	4歳以上2勝クラス								戸崎圭太		ダ1600				1:37.7	1.2		5-5	34.7-37.1	37.7	498(-4)																																															晴		16.0	4.0	7.0	2.5	1.0	9	58.0	良	**	**		ダノンザボルケーノ															
2021100873	2025-03-09	2中山4		12.0	4歳以上2勝クラス								戸崎圭太		ダ1800				1:53.6	0.2		3-3-3-2	36.6-38.8	38.9	490(-8)				170.0																																											晴		15.0	5.0	8.0	5.1	3.0	4	58.0	重	**	**		ブレスワード															
2021100873	2025-03-29	3中山1		12.0	4歳以上2勝クラス								菅原明良		ダ1800				1:53.5	1.8		3-3-3-4	36.9-38.2	38.7	490(0)																																															曇		13.0	6.0	9.0	15.8	7.0	6	58.0	稍	**	**		イデアイゴッソウ															
2021100873	2025-05-24	2東京9		12.0	4歳以上2勝クラス								戸崎圭太		ダ1600				1:37.9	0.5		6-3	35.5-36.3	36.4	486(-4)																																															曇		14.0	7.0	11.0	3.3	1.0	8	58.0	良	**	**		アルゴナヴィス															
2021100873	2026-01-11	1京都4		8.0	4歳以上2勝クラス								北村友一		ダ1400				1:28.5	3.0		4-3	36.0-37.2	39.7	504(+18)																																															小雪		16.0	1.0	1.0	32.5	9.0	16	58.0	良	**	**		ラファル															
2021100899	2023-07-02	2福島2		6.0	2歳新馬								幸英明		芝1200				1:10.2	-1.0		2-2	35.3-34.9	34.9	516(0)				720.0																													晴		10.0	8.0	10.0	1.4	1.0	1	55.0	良	**	**		(メイザーキック)																													
2021100899	2023-09-03	3小倉8		11.0	小倉2歳S(GIII)								幸英明		芝1200				1:08.9	0.3		4-3	33.3-35.3	35.1	518(+2)				470.0																													晴		10.0	7.0	7.0	3.5	1.0	4	55.0	良	**	**		アスクワンタイム																													
2021100899	2023-09-23	4中山6		9.0	カンナS(OP)								幸英明		芝1200				1:09.2	0.3		3-2	33.3-35.6	35.6	520(+2)				403.1																													曇		10.0	7.0	8.0	2.7	1.0	3	55.0	稍	**	**		オーキッドロマンス																													
2021100899	2023-12-16	4中京5		10.0	報知杯中京2歳S(OP)								吉田隼人		芝1200				1:08.7	0.1		4-4	33.8-34.8	34.6	522(+2)				645.8																													曇		9.0	8.0	9.0	3.7	3.0	2	56.0	稍	**	**		クリスアーサー																													
2021100899	2024-01-20	1小倉3		9.0	萌黄賞(1勝クラス)								吉田隼人		芝1200				1:09.9	-0.1		3-2	33.8-36.1	35.9	522(0)				1085.4																													雨		7.0	1.0	1.0	1.8	1.0	1	57.0	稍	**	**		(ロードマイライフ)																													
2021100899	2024-02-25	1阪神2		10.0	マーガレットS(L)								ムルザバ		芝1200				1:11.0	1.6		5-6	34.1-35.3	36.3	524(+2)																																	小雨		11.0	2.0	2.0	4.2	1.0	8	57.0	重	**	**		ナナオ																													
2021100899	2024-07-21	3小倉8		10.0	九州スポーツ杯(2勝クラス)								幸英明		芝1200				1:09.2	0.9		7-6	33.3-35.0	35.1	522(-2)																																	曇		18.0	3.0	6.0	10.0	6.0	9	55.0	良	**	**		ミルテンベルク																													
2021100899	2025-04-13	1福島2		9.0	花見山特別(2勝クラス)								丸山元気		芝1200				1:08.5	0.3		3-3	32.6-35.6	35.6	532(+10)				155.0																													小雨		10.0	4.0	4.0	4.8	3.0	5	58.0	良	**	**		エイムインライフ																													
2021100899	2025-04-26	1福島5		11.0	福島中央テレビ杯(2勝クラス)								丸山元気		芝1200				1:10.0	1.7		2-2	34.1-34.2	35.8	528(-4)																																	晴		15.0	3.0	6.0	6.7	3.0	15	55.0	良	**	**		トールキン																													
2021100899	2025-06-15	1函館2		11.0	函館日刊スポーツ杯(2勝クラス)								小沢大仁		芝1200				1:08.3	0.8		2-3	33.2-34.3	34.9	532(+4)																																	曇		14.0	7.0	11.0	29.6	9.0	9	58.0	良	**	**		ドゥアムール																													
2021100899	2025-07-19	2福島7		10.0	米沢特別(2勝クラス)								田辺裕信		ダ1150				1:09.0	0.1		1-1	32.1-36.8	36.9	530(-2)				394.8																													晴		16.0	3.0	6.0	12.2	5.0	3	58.0	良	**	**		ワークソング																													
2021100899	2025-08-09	2新潟5		10.0	3歳以上2勝クラス								三浦皇成		ダ1200				1:11.1	0.7		2-2	34.3-36.1	36.6	534(+4)				460.0																													晴		15.0	8.0	15.0	12.1	5.0	2	58.0	良	**	**		ドラゴンウェルズ																													
2021100899	2025-09-07	4中山2		9.0	浦安特別(2勝クラス)								ルメール		ダ1200				1:11.1	0.0		4-4	33.8-37.3	36.6	534(0)				630.0																													晴		16.0	7.0	14.0	3.0	1.0	2	58.0	良	**	**		モンドプリューム																													
2021100899	2025-09-27	4中山8		12.0	3歳以上2勝クラス								ルメール		ダ1200				1:11.5	0.1		2-2	34.4-37.0	37.1	536(+2)				375.0																													晴		16.0	8.0	15.0	2.9	1.0	2	58.0	良	**	**		ワンダラー																													
2021100899	2025-11-15	4京都3		9.0	深草特別(2勝クラス)								Ｃ．デム		ダ1200				1:11.0	0.0		3-2	34.6-36.4	35.9	536(0)				629.6																													晴		15.0	6.0	11.0	1.9	1.0	2	58.0	良	**	**		ジェネラーレ																													
2021100899	2025-12-06	5中京1		10.0	中京日経賞(2勝クラス)								丸山元気		ダ1200				1:11.5	0.6		3-3	34.8-36.1	36.6	538(+2)				395.2																													晴		13.0	8.0	13.0	5.4	2.0	3	58.0	良	**	**		ゼットエール																													
2021100899	2026-01-17	1中山6		8.0	4歳以上2勝クラス								戸崎圭太		ダ1200				1:12.6	0.8		1-1	33.8-38.0	38.8	536(-2)																																	晴		16.0	2.0	4.0	4.3	2.0	8	58.0	良				ゴールドハンマー																													
2021100935	2023-11-26	5東京8		5.0	2歳新馬								和田竜二		ダ1600				1:42.8	4.0		3-3	35.5-37.7	41.4	510(0)					曇		16.0	7.0	13.0	14.2	6.0	13	56.0	良	**	**		ブレスワード																																																									
2021100935	2023-12-10	5中山4		3.0	2歳未勝利								菅原明良		ダ1800				1:59.4	2.9		4-5-6-8	38.1-39.7	41.8	514(+4)					晴		11.0	2.0	2.0	60.3	8.0	8	56.0	良	**	**		ミルトパワー																																																									
2021100935	2023-12-16	4中京5		4.0	2歳未勝利								中井裕二		芝2000				2:03.1	2.4		3-3-3-3	36.1-35.8	37.8	510(-4)					曇		14.0	6.0	10.0	371.3	14.0	12	56.0	重	**	**		ソウルアンドジャズ																																																									
2021100935	2024-05-25	2東京11		3.0	3歳未勝利								菅原明良		芝1400				1:22.6	-0.1		17-13	36.2-33.9	33.1	516(+6)				550.0	曇		18.0	8.0	18.0	36.0	8.0	1	57.0	良	**	**		(ソルレース)																																																									
2021100935	2024-08-10	3新潟1		12.0	3歳以上1勝クラス								菅原明良		芝1400				1:21.2	-0.1		5-6	34.2-34.8	34.3	518(+2)				800.0	晴		18.0	3.0	5.0	8.6	5.0	1	55.0	良	**	**		(トモジャシーマ)																																																									
2021100935	2024-11-17	5東京6		12.0	3歳以上2勝クラス								菅原明良		芝1400				1:22.2	1.1		14-13	35.3-34.1	34.3	522(+4)					晴		18.0	3.0	5.0	5.6	3.0	17	57.0	良	**	**		ヴェサリウス																																																									
2021100935	2024-11-30	4中京1		10.0	中京日経賞(2勝クラス)								岩田康誠		芝1600				1:34.2	0.3		8-8-8	35.1-35.6	33.9	516(-6)				155.0	晴		13.0	3.0	3.0	10.2	6.0	5	55.0	良	**	**		メルトユアハート																																																									
2021100935	2024-12-22	5中山8		10.0	オルフェーヴルC(2勝クラス)								菅原明良		芝1600				1:33.8	0.4		6-10-10	34.6-35.6	35.3	516(0)				230.0	晴		16.0	5.0	10.0	23.0	9.0	4	57.0	良	**	**		ピックアチェリー																																																									
2021100935	2025-01-11	1中山3		12.0	4歳以上2勝クラス								菅原明良		芝1600				1:33.9	0.7		5-5-7	35.3-34.8	34.6	518(+2)					晴		10.0	8.0	9.0	6.8	5.0	7	57.0	良	**	**		ウインレイアー																																																									
2021100935	2025-12-21	5中京6		12.0	尾張特別(2勝クラス)								中井裕二		芝1400				1:22.7	0.8		9-8	34.6-35.5	35.2	526(+8)					曇		18.0	5.0	9.0	21.1	10.0	12	56.0	稍	**	**		リチャードバローズ																																																									
2021100935	2026-01-04	1京都1		12.0	4歳以上2勝クラス								佐々木大		芝1400				1:22.0	0.0		8-7	35.9-34.3	33.2	518(-8)				1190.0	曇		12.0	7.0	10.0	31.4	10.0	1	58.0	良	**	**		(ブルクトーア)																																																									
2021100980	2023-11-05	3福島2		6.0	2歳新馬								横山琉人		ダ1700				1:47.4	-2.9		1-1-1-1	31.3-36.8	36.8	438(0)				720.0																													曇		15.0	2.0	2.0	3.6	1.0	1	54.0	良	**	**		(デルマヴェーダ)																													
2021100980	2023-11-25	5東京7		9.0	カトレアS(OP)								石川裕紀		ダ1600				1:38.8	1.3		10-9	35.1-37.4	37.8	442(+4)																																	晴		16.0	5.0	10.0	10.5	5.0	13	55.0	良	**	**		アマンテビアンコ																													
2021100980	2024-04-07	3中山6		6.0	3歳1勝クラス								横山琉人		ダ1800				1:52.1	0.3		2-2-2-1	36.5-38.5	38.8	426(-16)				200.0																													晴		16.0	8.0	16.0	12.1	5.0	3	54.0	重	**	**		カシマエスパーダ																													
2021100980	2024-04-27	1新潟1		9.0	わらび賞(1勝クラス)								横山琉人		ダ1800				1:54.6	1.1		1-1-1-1	36.7-37.5	38.6	428(+2)				439.4																													晴		14.0	3.0	4.0	2.8	1.0	2	55.0	良	**	**		コトホドサヨウニ																													
2021100980	2024-05-25	2東京11		6.0	3歳1勝クラス								横山琉人		ダ1600				1:37.9	1.3		4-4	34.8-36.8	37.7	434(+6)																																	晴		13.0	6.0	8.0	3.3	1.0	8	54.0	良	**	**		トウカイポワール																													
2021100980	2025-04-12	1福島1		7.0	4歳以上1勝クラス								横山琉人		ダ1700				1:48.9	1.9		2-2-2-2	30.2-39.2	41.0	444(+10)																																	曇		14.0	3.0	4.0	2.9	1.0	10	55.0	良	**	**		ファイントパーズ																													
2021100980	2025-04-26	1福島5		12.0	4歳以上1勝クラス								横山琉人		ダ1700				1:47.9	0.8		2-2-2-2	30.8-38.2	39.0	444(0)				120.0																													晴		13.0	4.0	4.0	7.8	4.0	4	55.0	良	**	**		マッスルバック																													
2021100980	2025-06-28	2福島1		12.0	3歳以上1勝クラス								横山琉人		ダ1700				1:44.7	-1.1		1-2-1-1	29.7-37.2	37.2	458(+14)				800.0																													晴		15.0	6.0	11.0	11.3	5.0	1	55.0	良	**	**		(ヘリオトロープ)																													
2021100980	2025-11-09	3福島2		10.0	河北新報杯(2勝クラス)								横山琉人		ダ1700				1:47.9	2.4		13-12-11-13	30.1-37.8	39.1	464(+6)																																	小雨		15.0	1.0	1.0	3.3	1.0	14	56.0	良	**	**		アレナパラシオ																													
2021100980	2026-01-05	1中山2		9.0	初茜賞(2勝クラス)								横山琉人		ダ1800				1:52.7	-0.6		1-1-1-1	37.1-38.7	38.7	464(0)				1610.1																													晴		12.0	3.0	3.0	15.9	6.0	1	56.0	稍	**	**		(サノノワンダー)																													
2021100980	2026-01-17	1中山6		10.0	アレキサンドライトS(3勝クラス)								横山琉人		ダ1800				1:54.8	2.6		1-1-1-1	37.4-37.5	40.1	466(+2)																																	晴		16.0	1.0	2.0	5.6	3.0	16	54.0	良				チュウワクリスエス																													
2021101053	2024-01-28	1東京2		5.0	3歳新馬								大野拓弥		芝1800				1:51.5	1.4		12-12-13	37.4-34.3	34.3	480(0)																																															曇		16.0	4.0	8.0	67.9	12.0	9	55.0	良	**	**		マルコタージュ															
2021101053	2024-02-24	2中山1		5.0	3歳未勝利								菅原明良		芝2000				2:05.6	2.7		11-12-12-13	36.6-36.6	38.1	478(-2)																																															晴		16.0	6.0	12.0	146.5	13.0	14	55.0	稍	**	**		サツキノジョウ															
2021101053	2024-05-11	2東京7		1.0	3歳未勝利								大野拓弥		ダ1600				1:39.4	0.9		13-13	36.0-36.6	36.3	474(-4)																																															晴		16.0	8.0	15.0	230.5	12.0	8	55.0	良	**	**		エーリアル															
2021101053	2024-06-23	3東京8		2.0	3歳未勝利								原優介		ダ1600				1:37.1	1.2		9-7	35.0-36.5	36.7	470(-4)				55.0																																											小雨		16.0	6.0	11.0	13.2	5.0	5	54.0	重	**	**		ピースヒロフェイス															
2021101053	2024-07-13	2福島5		2.0	3歳未勝利								石田拓郎		ダ1700				1:47.1	0.4		8-10-12-9	29.6-38.9	38.2	472(+2)				83.0																																											晴		15.0	4.0	6.0	17.2	5.0	4	52.0	重	**	**		ケープウィッカム															
2021101053	2024-08-11	3新潟2		2.0	3歳未勝利								石田拓郎		ダ1800				1:54.4	0.4		11-11-9-7	37.7-38.0	37.5	472(0)				83.0																																											晴		15.0	2.0	2.0	17.0	8.0	4	52.0	良	**	**		コスモフレディ															
2021101053	2024-08-24	3新潟5		2.0	3歳未勝利								原優介		ダ1800				1:54.9	-0.6		12-11-9-9	36.1-40.4	39.3	472(0)				550.0																																											曇		15.0	5.0	8.0	2.2	1.0	1	54.0	良	**	**		(ライトピラー)															
2021101053	2024-11-03	5東京2		7.0	3歳以上1勝クラス								野中悠太		ダ1600				1:36.7	0.2		10-10	34.7-37.0	35.9	472(0)				320.0																																											晴		16.0	4.0	7.0	14.8	7.0	2	55.0	重	**	**		ベルブリエ															
2021101053	2024-11-16	5東京5		7.0	3歳以上1勝クラス								野中悠太		ダ1600				1:37.9	0.6		15-14	35.1-37.4	36.5	472(0)																																															曇		16.0	3.0	6.0	8.5	4.0	8	55.0	良	**	**		ミラーオブマインド															
2021101053	2025-02-08	1東京3		4.0	4歳以上1勝クラス								菅原明良		ダ1600				1:40.2	0.8		16-16	35.9-38.3	37.3	476(+4)																																															晴		16.0	2.0	3.0	6.2	4.0	6	56.0	良	**	**		アルドール															
2021101053	2025-02-22	1京都7		6.0	4歳以上1勝クラス								富田暁		ダ1800				1:55.1	0.4		10-10-10-9	37.4-38.3	37.6	472(-4)				200.0																																											曇		11.0	4.0	4.0	13.8	6.0	3	55.0	良	**	**		ブルーペクトライト															
2021101053	2025-03-22	2中山7		7.0	4歳以上1勝クラス								原優介		ダ1800				1:55.8	1.4		14-15-15-16	37.0-38.6	38.9	472(0)																																															晴		16.0	5.0	9.0	7.7	4.0	10	56.0	稍	**	**		イデアユウシン															
2021101053	2025-05-10	1新潟3		7.0	4歳以上1勝クラス								石田拓郎		ダ1800				1:54.6	0.7		11-11-11-11	36.7-39.4	39.0	468(-4)				200.0																																											曇		11.0	5.0	5.0	5.9	3.0	3	53.0	稍	**	**		サンセットブライト															
2021101053	2025-05-24	1新潟7		8.0	4歳以上1勝クラス								石田拓郎		ダ1800				1:53.8	0.5		15-15-14-14	36.0-39.0	37.7	472(+4)																																															曇		15.0	5.0	8.0	21.2	7.0	7	53.0	良	**	**		ゴヴェルナーレリコ															
2021101053	2025-06-07	3東京1		8.0	3歳以上1勝クラス								原優介		ダ1600				1:37.0	0.1		15-15	34.9-36.9	35.2	478(+6)				320.0																																											晴		16.0	7.0	13.0	37.1	7.0	2	56.0	良	**	**		バランスダンサー															
2021101053	2025-06-22	3東京6		7.0	3歳以上1勝クラス								江田照男		ダ1600				1:37.8	1.3		14-14	35.1-37.9	36.4	488(+10)																																															晴		16.0	4.0	8.0	13.1	4.0	9	56.0	良	**	**		リュウノタブーク															
2021101053	2025-09-27	4中山8		6.0	3歳以上1勝クラス								宮崎北斗		ダ1800				1:55.7	0.9		11-11-4-5	38.7-37.8	38.5	496(+8)																																															晴		16.0	7.0	14.0	17.2	5.0	7	56.0	良	**	**		レディーフランシス															
2021101053	2025-10-18	4東京6		6.0	3歳以上1勝クラス								菅原明良		ダ1600				1:38.1	0.9		15-14	35.0-37.8	36.2	502(+6)																																															晴		15.0	5.0	8.0	13.2	5.0	6	56.0	良	**	**		ヘリオトロープ															
2021101053	2025-11-23	5東京5		6.0	3歳以上1勝クラス								原優介		ダ1600				1:38.6	0.9		15-15	36.1-36.7	35.7	498(-4)																																															曇		16.0	5.0	10.0	16.9	7.0	7	56.0	良	**	**		カーラデマドレ															
2021101053	2026-01-12	1中山5		7.0	4歳以上1勝クラス								原優介		ダ1800				1:55.0	1.2		14-13-12-10	37.6-38.0	37.8	490(-8)				330.0																																											晴		15.0	3.0	4.0	21.7	7.0	2	56.0	良	**	**		フィールオーサム															
2021101057	2023-10-21	4東京6		6.0	2歳新馬								松岡正海		芝1400				1:23.5	0.8		1-1	36.5-34.0	34.8	448(0)					晴		12.0	5.0	6.0	18.8	5.0	6	56.0	良	**	**		アトリウムチャペル																																																									
2021101057	2023-12-17	5阪神6		3.0	2歳未勝利								津村明秀		芝1400				1:23.8	1.5		2-2	34.3-36.2	37.6	444(-4)					晴		15.0	8.0	15.0	45.4	8.0	13	56.0	稍	**	**		アレンジャー																																																									
2021101057	2024-03-10	1中京2		3.0	3歳未勝利								池添謙一		芝1400				1:25.7	3.2		2-3	34.6-36.0	38.9	452(+8)					晴		18.0	8.0	17.0	35.7	7.0	15	57.0	良	**	**		コーティアスマナー																																																									
2021101057	2024-05-18	1新潟7		3.0	3歳未勝利								小林勝太		ダ1200				1:13.1	1.7		4-5	34.7-36.7	37.8	444(-8)				83.0	晴		15.0	5.0	8.0	34.0	7.0	4	54.0	良	**	**		モリノセピア																																																									
2021101057	2024-06-08	4京都3		2.0	3歳未勝利								幸英明		ダ1200				1:12.2	-0.4		2-2	35.5-36.7	36.5	442(-2)				550.0	晴		16.0	8.0	15.0	23.7	6.0	1	57.0	良	**	**		(レーベンヘルツ)																																																									
2021101057	2024-10-13	5京都4		9.0	3歳以上1勝クラス								池添謙一		ダ1200				1:13.2	1.3		2-2	34.0-37.9	39.1	450(+8)					晴		14.0	5.0	8.0	18.5	7.0	13	57.0	良	**	**		メイショウタイゲイ																																																									
2021101057	2024-10-27	5京都8		8.0	3歳以上1勝クラス								幸英明		ダ1200				1:13.0	1.0		6-6	35.1-36.9	37.2	442(-8)					曇		15.0	2.0	3.0	9.8	6.0	6	57.0	良	**	**		アガシ																																																									
2021101057	2024-12-07	7京都3		8.0	3歳以上1勝クラス								幸英明		ダ1200				1:12.7	0.3		5-5	35.6-36.8	36.5	446(+4)				320.0	晴		12.0	6.0	8.0	31.4	7.0	2	57.0	良	**	**		メイショウヤーキス																																																									
2021101057	2024-12-22	7京都8		7.0	3歳以上1勝クラス								酒井学		ダ1200				1:13.9	1.0		2-2	35.5-37.4	38.4	448(+2)					晴		16.0	5.0	10.0	13.9	6.0	8	57.0	良	**	**		ヤマカツパトリシア																																																									
2021101057	2025-03-08	1阪神3		8.0	4歳以上1勝クラス								幸英明		ダ1200				1:13.2	0.4		4-4	35.4-37.4	37.4	452(+4)				320.0	曇		16.0	4.0	7.0	6.5	3.0	2	58.0	良	**	**		プロテア																																																									
2021101057	2025-03-22	1阪神7		7.0	4歳以上1勝クラス								幸英明		ダ1200				1:13.7	0.8		1-2	35.2-37.7	38.5	450(-2)				120.0	晴		15.0	2.0	3.0	2.7	1.0	4	58.0	良	**	**		スナークシュンソウ																																																									
2021101057	2025-04-12	2阪神5		8.0	4歳以上1勝クラス								幸英明		ダ1200				1:13.4	0.5		6-6	34.7-38.2	38.2	446(-4)					晴		16.0	1.0	2.0	6.8	3.0	6	58.0	良	**	**		シリウス																																																									
2021101057	2025-08-16	3中京7		9.0	3歳以上1勝クラス								松若風馬		ダ1200				1:12.5	1.6		13-13	35.0-35.9	36.0	452(+6)				80.0	晴		16.0	5.0	10.0	24.2	8.0	5	58.0	良	**	**		ヤマニンシュラ																																																									
2021101057	2025-08-31	4中京4		12.0	3歳以上1勝クラス								松若風馬		ダ1200				1:12.4	0.6		1-2	34.6-37.2	37.8	450(-2)				200.0	晴		13.0	8.0	14.0	3.2	2.0	3	58.0	良	**	**		コシュデリ																																																									
2021101057	2025-10-13	3京都5		12.0	3歳以上1勝クラス								松若風馬		ダ1200				1:11.4	0.0		4-4	35.2-36.2	35.9	452(+2)				800.0	晴		16.0	7.0	13.0	10.2	5.0	1	58.0	良	**	**		(ロードヴァルカン)																																																									
2021101121	2023-10-22	2京都7		4.0	2歳新馬								中井裕二		ダ1200				1:12.6	-0.5		1-1	36.1-36.5	36.5	470(0)				720.0	晴		12.0	1.0	1.0	13.8	6.0	1	55.0	良	**	**		(サムデイ)																																																									
2021101121	2023-11-11	5東京3		9.0	オキザリス賞(1勝クラス)								中井裕二		ダ1400				1:25.7	0.6		3-3	34.7-38.1	38.4	470(0)				275.1	曇		16.0	2.0	4.0	35.2	8.0	3	55.0	良	**	**		ノヴァエクスプレス																																																									
2021101121	2023-12-10	5阪神4		11.0	阪神ジュベナイルF(GI)								中井裕二		芝1600				1:36.4	3.8		3-3	34.4-34.4	37.9	468(-2)					晴		18.0	8.0	17.0	313.8	18.0	18	55.0	良	**	**		アスコリピチェーノ																																																									
2021101121	2024-02-25	1阪神2		5.0	3歳1勝クラス								中井裕二		ダ1200				1:11.2	0.0		1-1	35.3-35.9	35.9	470(+2)				310.0	小雨		10.0	7.0	7.0	6.1	2.0	2	55.0	不	**	**		ネグレスコ																																																									
2021101121	2024-03-24	2阪神2		6.0	3歳1勝クラス								中井裕二		ダ1200				1:10.5	-0.6		1-1	34.6-35.9	35.9	466(-4)				780.0	雨		12.0	8.0	12.0	1.8	1.0	1	55.0	不	**	**		(クリノオリーブ)																																																									
2021101121	2024-12-22	5中山8		8.0	冬至特別(2勝クラス)								松山弘平		ダ1200				1:13.8	2.2		1-1	33.6-38.0	40.2	472(+6)					晴		16.0	2.0	3.0	4.0	2.0	16	55.0	良	**	**		ロードフロンティア																																																									
2021101121	2025-01-19	1中京7		10.0	豊川特別(2勝クラス)								岩田望来		ダ1200				1:13.4	2.3		3-3	35.1-36.0	38.1	476(+4)					晴		16.0	6.0	11.0	18.8	6.0	16	56.0	良	**	**		ドゥータップ																																																									
2021101121	2025-02-16	1京都6		12.0	4歳以上2勝クラス								中井裕二		ダ1200				1:13.6	1.4		2-2	35.1-37.1	38.4	478(+2)					曇		16.0	3.0	6.0	16.9	7.0	9	56.0	稍	**	**		タガノミスト																																																									
2021101121	2025-06-01	2京都12		8.0	4歳以上2勝クラス								中井裕二		ダ1200				1:11.9	0.5		15-15	35.1-36.3	35.6	482(+4)				114.0	晴		16.0	6.0	12.0	22.5	11.0	5	56.0	良	**	**		パドマ																																																									
2021101121	2025-06-22	3東京6		9.0	甲州街道特別(2勝クラス)								中井裕二		ダ1400				1:24.0	0.6		11-10	34.8-37.0	36.2	476(-6)				395.7	晴		16.0	2.0	3.0	17.6	7.0	3	56.0	良	**	**		トクシーカイザー																																																									
2021101121	2026-01-18	1京都7		9.0	小倉山特別(2勝クラス)								中井裕二		ダ1400				1:25.7	1.1		15-15	34.6-37.5	37.1	488(+12)																																																													晴		16.0	7.0	14.0	83.7	10.0	11	56.0	良	**	**		トゥロン	202608010709
2021101201	2023-10-29	4東京9		4.0	2歳新馬								岩田康誠		ダ1600				1:40.7	2.0		12-13	35.4-38.2	37.9	464(0)				72.0	曇		16.0	5.0	9.0	22.3	7.0	5	56.0	良	**	**		アースイオス																																																									
2021101201	2023-11-18	5東京5		1.0	2歳未勝利								永野猛蔵		ダ1600				1:37.8	0.5		6-5	34.4-38.3	38.2	466(+2)				83.0	晴		15.0	1.0	1.0	60.0	8.0	4	55.0	重	**	**		セントラルヴァレー																																																									
2021101201	2023-12-03	5中山2		2.0	2歳未勝利								マーカン		ダ1800				1:56.6	1.6		6-4-4-4	37.1-40.1	41.0	476(+10)				55.0	晴		16.0	6.0	11.0	3.2	1.0	5	56.0	良	**	**		モデルハント																																																									
2021101201	2024-03-10	2中山6		3.0	3歳未勝利								永野猛蔵		ダ1800				1:57.2	0.2		2-2-1-1	38.5-40.0	40.2	478(+2)				140.0	晴		16.0	4.0	7.0	7.0	4.0	3	56.0	稍	**	**		エアロソニック																																																									
2021101201	2024-03-31	3中山4		1.0	3歳未勝利								永野猛蔵		ダ1800				1:55.4	0.3		2-2-1-1	36.3-39.5	39.8	478(0)				220.0	晴		13.0	6.0	9.0	3.6	2.0	2	56.0	稍	**	**		ザロック																																																									
2021101201	2024-04-21	1福島6		3.0	3歳未勝利								永野猛蔵		ダ1700				1:47.1	0.3		7-7-7-7	30.1-38.5	38.3	466(-12)				220.0	曇		15.0	5.0	9.0	3.3	1.0	2	56.0	良	**	**		グランドセントラル																																																									
2021101201	2024-05-12	2東京8		2.0	3歳未勝利								戸崎圭太		ダ1600				1:38.7	0.9		7-7	36.2-36.7	37.0	470(+4)				55.0	曇		16.0	4.0	7.0	3.9	2.0	5	57.0	良	**	**		ウェットシーズン																																																									
2021101201	2024-06-02	3東京2		2.0	3歳未勝利								戸崎圭太		ダ2100				2:11.2	0.2		7-6-5-4	30.9-37.6	37.3	476(+6)				140.0	曇		16.0	3.0	6.0	2.9	2.0	3	57.0	重	**	**		ヴァズレーヌ																																																									
2021101201	2024-06-22	3東京7		2.0	3歳未勝利								戸崎圭太		ダ2100				2:12.5	1.4		9-9-7-9	31.1-37.3	37.6	474(-2)					晴		16.0	8.0	16.0	1.6	1.0	8	57.0	重	**	**		ラファールドール																																																									
2021101201	2024-08-03	1札幌5		2.0	3歳未勝利								丹内祐次		ダ1700				1:47.3	-0.1		4-4-4-3	30.8-38.0	37.8	470(-4)				550.0	曇		14.0	5.0	8.0	3.7	2.0	1	57.0	良	**	**		(クレスコサンダー)																																																									
2021101201	2024-08-18	2札幌4		12.0	3歳以上1勝クラス								丹内祐次		ダ1700				1:48.4	0.9		10-8-9-11	30.4-37.7	37.9	486(+16)				80.0	晴		14.0	3.0	3.0	8.4	5.0	5	55.0	良	**	**		オーバーザドリーム																																																									
2021101201	2024-09-08	4中山2		8.0	3歳以上1勝クラス								丹内祐次		ダ1800				1:55.0	1.6		8-8-4-5	36.9-38.8	40.2	472(-14)					晴		16.0	4.0	8.0	4.3	2.0	9	55.0	良	**	**		カンジ																																																									
2021101201	2024-12-22	5中山8		7.0	3歳以上1勝クラス								横山武史		ダ1800				1:58.3	3.2		12-11-9-9	37.7-39.7	42.1	486(+14)					晴		16.0	7.0	14.0	41.5	7.0	10	57.0	良	**	**		ドバイブルース																																																									
2021101201	2025-01-13	1中京5		8.0	4歳以上1勝クラス								戸崎圭太		ダ1900				2:01.0	0.5		10-11-10-10	29.5-40.1	39.3	484(-2)				200.0	晴		16.0	6.0	11.0	35.4	12.0	3	57.0	良	**	**		グラヴィス																																																									
2021101201	2025-02-02	1東京2		2.0	4歳以上1勝クラス								長浜鴻緒		ダ2100				2:14.0	1.7		4-4-6-7	30.7-38.8	39.6	486(+2)					雨		14.0	3.0	4.0	26.4	10.0	9	54.0	稍	**	**		バナマンテソーロ																																																									
2021101201	2025-02-15	1東京5		4.0	4歳以上1勝クラス								長浜鴻緒		ダ2100				2:14.8	1.0		6-6-7-8	31.7-37.0	37.3	488(+2)					晴		16.0	7.0	13.0	27.2	8.0	8	54.0	良	**	**		クロックフォード																																																									
2021101201	2025-03-08	2中山3		8.0	4歳以上1勝クラス								長浜鴻緒		ダ1800				1:54.7	0.6		5-5-4-5	37.6-38.1	38.4	484(-4)				120.0	曇		16.0	5.0	9.0	12.8	7.0	4	55.0	稍	**	**		ホレーショ																																																									
2021101201	2025-03-30	3中山2		7.0	4歳以上1勝クラス								長浜鴻緒		ダ1800				1:55.0	1.4		12-12-11-11	36.9-39.9	39.4	486(+2)					晴		16.0	6.0	11.0	16.3	8.0	6	55.0	稍	**	**		タナサンブラック																																																									
2021101201	2025-04-12	3中山5		8.0	4歳以上1勝クラス								石川裕紀		ダ2400				2:38.5	0.8		13-14-12-12	38.8-39.7	38.4	482(-4)				320.0	晴		14.0	3.0	3.0	18.4	6.0	2	58.0	良	**	**		ラファールドール																																																									
2021101201	2025-09-20	4中山6		6.0	3歳以上1勝クラス								石川裕紀		ダ2400				2:39.0	3.2		10-10-10-8	40.3-36.7	38.9	484(+2)					曇		11.0	7.0	8.0	6.3	4.0	8	58.0	重	**	**		プレシャスデイ																																																									
2021101201	2025-10-19	4新潟2		8.0	3歳以上1勝クラス								吉田隼人		ダ2500				2:43.8	2.0		8-7-5-4	32.1-38.9	39.9	480(-4)					曇		15.0	2.0	2.0	19.8	8.0	7	58.0	重	**	**		リエータメンテ																																																									
2021101201	2026-01-10	1中山3		6.0	4歳以上1勝クラス								丹内祐次		ダ1800				1:55.7	1.4		8-9-12-10	36.9-38.7	39.1	488(+8)					晴		16.0	3.0	5.0	53.3	12.0	9	58.0	良	**	**		ニシノブレイゼスト																																																									
2021101201	2026-01-18	1中山7		6.0	4歳以上1勝クラス								丹内祐次		ダ1800				1:57.2	1.6		8-8-1-1	38.5-38.6	40.2	488(0)																																																													晴		14.0	5.0	7.0	79.2	8.0	11	58.0	良	**	**		リラゲイル	202606010706
2021101219	2024-02-17	1東京7		4.0	3歳新馬								永野猛蔵		ダ1600				1:40.7	0.2		15-15	36.0-39.3	37.4	418(0)				250.0															曇		16.0	3.0	5.0	93.7	14.0	2	54.0	良	**	**		シークレットマター																																											
2021101219	2024-03-09	2中山5		1.0	3歳未勝利								永野猛蔵		ダ1800				1:56.3	0.2		8-8-6-6	37.9-39.6	39.4	414(-4)				83.0															晴		14.0	3.0	4.0	3.9	2.0	4	54.0	重	**	**		エンセリオ																																											
2021101219	2024-05-11	2東京7		1.0	3歳未勝利								永野猛蔵		ダ1600				1:39.2	0.7		13-13	36.0-36.6	36.1	406(-8)				140.0															晴		16.0	7.0	14.0	6.7	2.0	3	54.0	良	**	**		エーリアル																																											
2021101219	2024-06-02	3東京2		1.0	3歳未勝利								坂井瑠星		ダ1600				1:36.6	-0.1		7-7	34.9-37.2	36.3	414(+8)				550.0															曇		16.0	2.0	3.0	3.4	2.0	1	55.0	重	**	**		(ケープウィッカム)																																											
2021101219	2024-08-04	2新潟4		10.0	3歳以上1勝クラス								吉村誠之		芝1600				1:33.7	1.2		3-3	33.9-35.9	34.8	414(0)																			晴		18.0	3.0	6.0	23.4	6.0	14	50.0	良	**	**		シヴァース																																											
2021101219	2024-10-06	4東京2		6.0	3歳以上1勝クラス								岩田望来		ダ1400				1:24.8	1.8		11-10	34.7-35.8	36.4	414(0)																			曇		16.0	6.0	12.0	9.5	3.0	10	54.0	重	**	**		ノットファウンド																																											
2021101219	2024-10-19	4東京5		7.0	3歳以上1勝クラス								原優介		ダ1600				1:39.0	0.7		4-4	35.6-37.1	37.1	416(+2)				80.0															晴		13.0	6.0	9.0	12.6	6.0	5	53.0	良	**	**		セイウンマカロン																																											
2021101219	2024-11-03	5東京2		7.0	3歳以上1勝クラス								原優介		ダ1600				1:40.1	3.6		16-16	34.7-37.0	37.6	420(+4)																			晴		16.0	1.0	2.0	15.2	8.0	14	54.0	重	**	**		ベルブリエ																																											
2021101219	2025-01-05	1中山1		7.0	4歳以上1勝クラス								石神深道		ダ1800				1:55.1	0.1		4-4-4-5	38.4-38.7	38.4	414(-6)				200.0															晴		16.0	4.0	8.0	65.5	13.0	3	52.0	良	**	**		アンブロジアーナ																																											
2021101219	2025-01-25	1中山8		8.0	4歳以上1勝クラス								石神深道		ダ1800				1:56.0	0.9		7-7-9-9	37.8-38.5	38.4	418(+4)																			曇		16.0	5.0	9.0	34.8	10.0	6	52.0	良	**	**		タイセイアディクト																																											
2021101219	2025-03-01	2中山1		4.0	4歳以上1勝クラス								長浜鴻緒		ダ1800				1:55.2	0.0		2-2-2-2	38.1-38.0	37.9	410(-8)				800.0															晴		13.0	4.0	4.0	13.5	5.0	1	53.0	良	**	**		(エーリアル)																																											
2021101219	2025-05-04	1新潟2		9.0	咲花特別(2勝クラス)								長浜鴻緒		ダ1800				1:55.8	2.1		9-9-11-12	37.2-38.0	39.2	410(0)																			晴		14.0	2.0	2.0	39.1	10.0	12	56.0	稍	**	**		メテオールライト																																											
2021101219	2025-05-18	2東京8		9.0	テレ玉杯(2勝クラス)								原優介		芝1600				1:36.4	2.9		6-7	36.0-33.7	35.5	410(0)																			曇		9.0	1.0	1.0	93.8	8.0	9	56.0	良	**	**		ボーモンド																																											
2021101219	2025-08-02	1札幌3		12.0	大倉山特別(2勝クラス)								横山琉人		ダ1700				1:47.0	2.4		7-7-8-9	31.0-36.7	38.3	434(+24)																			晴		14.0	5.0	8.0	124.8	12.0	12	56.0	良	**	**		スマートケープ																																											
2021101219	2025-08-24	2札幌2		10.0	オールスターJ第3戦(2勝クラス)								ゴンサル		ダ1700				1:47.8	2.3		9-8-7-9	31.3-37.4	39.0	430(-4)																			晴		14.0	3.0	4.0	48.3	10.0	10	56.0	良	**	**		ベルギューン																																											
2021101219	2025-09-21	4中山7		12.0	3歳以上2勝クラス								石神深道		ダ1800				1:54.8	1.3		4-4-7-8	36.9-39.0	39.8	422(-8)																			曇		16.0	7.0	14.0	218.9	16.0	10	53.0	良	**	**		サンセットブライト																																											
2021101219	2025-11-08	5東京1		8.0	3歳以上2勝クラス								木幡巧也		芝2000				2:00.2	1.9		7-8-8	36.2-34.2	34.9	418(-4)																			晴		8.0	2.0	2.0	220.9	7.0	8	56.0	良	**	**		エストゥペンダ																																											
2021101219	2025-12-06	5阪神1		8.0	3歳以上2勝クラス								国分優作		ダ1400				1:24.9	1.0		11-10	34.4-37.2	37.2	410(-8)																			晴		16.0	1.0	2.0	401.9	15.0	11	56.0	良	**	**		メイショウツヨキ																																											
2021101219	2026-01-18	1中山7		8.0	4歳以上2勝クラス								長浜鴻緒		ダ1800				1:55.1	1.5		9-9-10-13	36.8-38.9	39.5	420(+10)																																																													晴		16.0	8.0	16.0	137.1	14.0	7	54.0	良	**	**		レディーフランシス	202606010708
2021101226	2023-08-20	3新潟4	晴	5.0	2歳新馬		16.0	8.0	16.0	36.9	9.0	8	木幡巧也	55.0	芝1800		良	**	1:51.1	1.2	**	12-12	36.5-34.8	35.1	496(0)			アドマイヤベル																																																																								
2021101226	2023-09-09	4阪神1	晴	3.0	2歳未勝利		7.0	4.0	4.0	48.2	6.0	7	団野大成	55.0	芝2000		良	**	2:03.1	1.2	**	2-2-6-7	36.8-35.5	36.2	494(-2)			アクアヴァーナル																																																																								
2021101226	2023-09-30	4阪神8	晴	1.0	2歳未勝利		13.0	6.0	8.0	12.7	5.0	2	団野大成	55.0	ダ1800		良	**	1:55.2	0.4	**	8-7-6-5	37.0-39.2	39.1	494(0)			ノットイナフ	220.0																																																																							
2021101226	2023-10-22	2京都7	晴	1.0	2歳未勝利		11.0	6.0	7.0	4.4	2.0	3	団野大成	56.0	ダ1800		良	**	1:55.3	0.3	**	3-2-4-4	38.4-37.9	37.6	486(-8)			テンエースワン	140.0																																																																							
2021101226	2023-11-04	3京都1	晴	2.0	2歳未勝利		11.0	7.0	8.0	3.5	3.0	2	団野大成	56.0	ダ1800		良	**	1:54.8	0.4	**	4-4-4-2	37.8-37.4	37.2	492(+6)			ポッドロゴ	220.0																																																																							
2021101226	2023-11-18	3京都5	曇	2.0	2歳未勝利		16.0	5.0	10.0	3.6	2.0	3	団野大成	56.0	ダ1800		重	**	1:52.8	0.6	**	4-3-2-3	36.0-38.1	38.5	486(-6)			ロードフォアエース	140.0																																																																							
2021101226	2024-02-17	2京都7	曇	2.0	3歳未勝利		15.0	3.0	4.0	3.4	1.0	4	団野大成	57.0	ダ1800		稍	**	1:55.1	1.8	**	3-3-5-4	36.6-37.6	39.0	504(+18)			リューデスハイム	83.0																																																																							
2021101226	2024-03-09	1中京1	晴	4.0	3歳未勝利		11.0	6.0	7.0	1.7	1.0	1	団野大成	57.0	ダ1800		稍	**	1:56.8	-0.3	**	3-3-3-3	38.1-38.9	38.3	496(-8)			(メイショウムカバキ)	550.0																																																																							
2021101226	2024-06-08	4京都3	晴	7.0	3歳以上1勝クラス		16.0	1.0	1.0	17.8	6.0	1	団野大成	55.0	ダ1900		良	**	1:58.7	0.0	**	6-6-5-5	29.5-38.3	37.7	490(-6)			(アンバードール)	800.0																																																																							
2021101226	2024-06-22	4京都7	曇	9.0	京極特別(2勝クラス)		12.0	4.0	4.0	3.7	2.0	7	岩田望来	55.0	ダ1900		稍	**	2:00.3	2.5	**	6-6-8-9	30.4-36.3	38.0	490(0)			ディープリボーン																																																																								
2021101226	2024-10-12	5京都3	晴	9.0	3歳以上2勝クラス		13.0	4.0	5.0	24.1	4.0	5	団野大成	56.0	ダ1800		良	**	1:52.8	1.0	**	3-3-4-3	38.0-36.3	36.9	494(+4)			モンブランミノル	114.0																																																																							
2021101226	2024-10-26	5京都7	曇	12.0	3歳以上2勝クラス		15.0	4.0	6.0	12.2	4.0	2	団野大成	56.0	ダ1800		良	**	1:52.4	0.2	**	12-12-11-9	37.7-37.0	36.2	498(+4)			ヴィンテージボンド	460.0																																																																							
2021101226	2025-02-15	1京都5	晴	12.0	4歳以上2勝クラス		13.0	1.0	1.0	7.7	5.0	5	幸英明	57.0	ダ1900		良	**	2:00.4	1.5	**	5-4-3-5	29.3-37.8	39.1	512(+14)			ジンセイ	114.0																																																																							
2021101226	2025-03-09	1阪神4	晴	8.0	4歳以上2勝クラス		12.0	6.0	8.0	6.5	3.0	10	団野大成	58.0	ダ1800		良	**	1:57.1	1.0	**	7-8-7-7	39.0-38.1	38.5	514(+2)			キャピタルサックス																																																																								
2021101226	2025-03-22	1阪神7	晴	12.0	4歳以上2勝クラス		16.0	5.0	9.0	11.0	6.0	6	和田竜二	58.0	ダ1800		良	**	1:54.8	1.3	**	4-5-6-6	37.7-38.5	39.0	504(-10)			トウカイポワール																																																																								
2021101226	2025-04-06	2阪神4	晴	7.0	4歳以上2勝クラス		10.0	7.0	7.0	11.3	5.0	3	和田竜二	58.0	ダ1800		良	**	1:54.0	0.5	**	4-4-4-5	37.4-38.7	38.7	504(0)			ペンナヴェローチェ	290.0																																																																							
2021101226	2025-04-27	2京都2	晴	12.0	4歳以上2勝クラス		12.0	6.0	7.0	9.2	3.0	3	和田竜二	58.0	ダ1800		良	**	1:52.4	0.4	**	5-5-4-4	37.0-37.2	37.3	498(-6)			スマートリアファル	290.0																																																																							
2021101226	2025-05-10	2京都5	曇	12.0	4歳以上2勝クラス		10.0	2.0	2.0	7.2	3.0	3	和田竜二	58.0	ダ1800		重	**	1:51.4	0.6	**	8-8-8-6	35.8-36.4	36.1	498(0)			リトルハピ	290.0																																																																							
2021101226	2025-05-25	2京都10	曇	12.0	4歳以上2勝クラス		9.0	4.0	4.0	2.6	1.0	6	和田竜二	58.0	ダ1900		重	**	1:58.8	1.2	**	2-2-6-7	31.1-37.3	37.4	492(-6)			アーマルコライト																																																																								
2021101226	2025-10-04	3京都1	曇	12.0	3歳以上2勝クラス		13.0	6.0	9.0	12.0	5.0	4	高杉吏麒	58.0	ダ1800		不	**	1:50.8	0.6	**	11-11-5-3	36.3-36.7	36.8	496(+4)			ヒルノハンブルク	170.0																																																																							
2021101226	2025-10-19	3京都7	曇	12.0	聚楽第特別(2勝クラス)		14.0	1.0	1.0	8.4	5.0	3	岩田望来	58.0	ダ1800		良	**	1:51.4	0.5	**	11-11-9-7	34.9-37.4	36.9	496(0)			テスティモーネ	394.6																																																																							
2021101226	2025-11-01	3京都10	晴	8.0	3歳以上2勝クラス		15.0	1.0	1.0	6.5	3.0	4	岩田望来	58.0	ダ1800		重	**	1:49.9	0.8	**	10-9-9-6	35.4-36.6	36.5	498(+2)			アーロンイメル	170.0																																																																							
2021101226	2025-11-23	4京都6	晴	8.0	3歳以上2勝クラス		14.0	8.0	14.0	14.1	5.0	4	岩田望来	58.0	ダ1800		良	**	1:53.0	0.8	**	14-13-13-13	37.6-36.1	35.7	508(+10)			モックモック	170.0																																																																							
2021101226	2025-12-13	5阪神3	晴	10.0	赤穂特別(2勝クラス)		14.0	8.0	14.0	12.8	5.0	4	岩田望来	58.0	ダ2000		良	**	2:05.6	0.6	**	12-10-10-10	35.5-37.1	36.8	512(+4)			ポルポラジール	230.0																																																																							
2021101226	2026-01-04	1京都1	曇	9.0	天ケ瀬特別(2勝クラス)		13.0	1.0	1.0	17.1	4.0	9	松山弘平	58.0	ダ1800		良	**	1:54.0	1.6	**	8-8-9-8	37.1-37.0	37.3	514(+2)			グランドプラージュ																																																																								
2021101228	2023-12-09	5阪神3	晴	5.0	2歳新馬		12.0	6.0	7.0	11.0	5.0	5	田口貫太	54.0	芝1400		良	**	1:22.8	0.6	**	10-10	34.1-35.9	35.6	462(0)			ノボリショウリュウ	72.0																																																																							
2021101228	2023-12-24	5阪神8	晴	2.0	2歳未勝利		16.0	7.0	14.0	39.8	8.0	4	菱田裕二	56.0	芝1600		良	**	1:35.0	0.2	**	15-12	35.4-34.6	33.5	458(-4)			セシリエプラージュ	83.0																																																																							
2021101228	2024-01-14	1小倉2	晴	7.0	3歳未勝利		16.0	5.0	10.0	5.2	2.0	3	菱田裕二	57.0	芝1800		良	**	1:48.6	0.5	**	15-15-13-7	35.8-35.9	35.5	454(-4)			ドンアレス	140.0																																																																							
2021101228	2024-02-04	1小倉8	曇	2.0	3歳未勝利		12.0	4.0	4.0	3.5	2.0	2	菱田裕二	57.0	芝1800		重	**	1:52.8	0.2	**	10-10-9-7	38.3-36.3	35.4	450(-4)			クイーンズワーフ	220.0																																																																							
2021101228	2024-02-24	2小倉5	晴	5.0	3歳未勝利		18.0	6.0	11.0	3.2	1.0	2	永島まな	54.0	芝2000		重	**	2:02.7	0.2	**	3-3-2-2	36.5-36.2	36.3	440(-10)			ゴージョニーゴー	220.0																																																																							
2021101228	2024-03-17	1中京4	曇	5.0	3歳未勝利		16.0	1.0	2.0	2.8	1.0	1	永島まな	54.0	芝2000		良	**	2:02.2	0.0	**	1-1-1-1	37.0-35.0	35.0	436(-4)			(コンテナワールド)	550.0																																																																							
2021101228	2024-06-29	3小倉1	曇	8.0	3歳以上1勝クラス		12.0	6.0	8.0	10.4	3.0	6	永島まな	53.0	芝1800		良	**	1:48.6	0.7	**	8-8-7-6	35.1-37.0	36.9	448(+12)			カズミクラーシュ																																																																								
2021101228	2024-10-14	4新潟4	晴	6.0	3歳以上1勝クラス		12.0	4.0	4.0	5.7	3.0	3	田口貫太	55.0	芝2000		良	**	2:00.1	0.2	**	9-9	35.5-36.2	34.9	458(+10)			ワイドモヒート	200.0																																																																							
2021101228	2024-10-26	5京都7	曇	7.0	3歳以上1勝クラス		11.0	8.0	11.0	24.6	7.0	8	幸英明	56.0	芝2000		良	**	2:00.6	0.7	**	2-1-1-1	35.9-35.1	35.8	458(0)			ミカエルパシャ																																																																								
2021101228	2024-11-10	5東京4	曇	12.0	3歳以上1勝クラス		16.0	7.0	14.0	35.7	9.0	5	長岡禎仁	56.0	芝1800		良	**	1:47.5	0.2	**	6-7-7	36.1-34.5	33.7	444(-14)			ユキワリザクラ	80.0																																																																							
2021101228	2025-03-09	1阪神4	晴	7.0	4歳以上1勝クラス		9.0	5.0	5.0	14.0	5.0	4	田口貫太	58.0	芝2000		良	**	2:01.2	0.5	**	2-2-2-6	37.0-35.7	35.8	454(+10)			ステラクラウン	120.0																																																																							
2021101228	2025-03-22	2中京3	晴	9.0	金山特別(1勝クラス)		18.0	3.0	6.0	19.5	5.0	2	永島まな	58.0	芝2000		良	**	2:00.2	0.0	**	1-1-1-1	36.2-35.8	35.8	452(-2)			コスモエクスプレス	452.0																																																																							
2021101228	2025-04-06	2阪神4	晴	6.0	4歳以上1勝クラス		11.0	3.0	3.0	6.0	3.0	1	田口貫太	58.0	芝2000		良	**	1:59.9	-0.1	**	1-1-1-1	35.0-35.6	35.6	448(-4)			(ティムール)	800.0																																																																							
2021101228	2025-07-20	2小倉8	晴	9.0	不知火特別(2勝クラス)		8.0	3.0	3.0	5.7	4.0	5	田口貫太	58.0	芝1800		良	**	1:49.0	0.6	**	3-3-2-3	36.6-36.1	36.5	466(+18)			ホルトバージ	155.0																																																																							
2021101228	2025-08-10	3中京6	曇	6.0	浜名湖特別(2勝クラス)		9.0	6.0	6.0	9.1	4.0	8	田口貫太	58.0	芝2000		良	**	1:59.8	1.1	**	3-4-3-2	36.6-34.3	35.1	460(-6)			シャハザマーン																																																																								
2021101228	2025-08-23	4中京1	晴	10.0	有松特別(2勝クラス)		13.0	7.0	11.0	26.1	7.0	11	田口貫太	58.0	芝1600		良	**	1:34.4	0.9	**	6-8-7	36.1-33.9	34.0	460(0)			モンテシート																																																																								
2021101241	2023-11-12	5東京4	曇	4.0	2歳新馬		16.0	5.0	10.0	38.9	10.0	3	丸田恭介	55.0	ダ1300		良	**	1:21.1	0.7	**	11-12	30.3-37.3	36.5	458(0)			キタノソワレ	180.0																																																																							
2021101241	2023-11-26	5東京8	曇	1.0	2歳未勝利		16.0	2.0	4.0	18.0	6.0	4	丸田恭介	55.0	ダ1400		良	**	1:27.4	0.1	**	11-11	36.4-38.1	37.4	462(+4)			キミハスコール	83.0																																																																							
2021101241	2024-04-14	1福島4	晴	1.0	3歳未勝利		16.0	3.0	5.0	4.9	3.0	4	丸田恭介	55.0	ダ1150		良	**	1:10.0	0.6	**	11-10	31.1-38.3	37.0	458(-4)			ランウインディ	83.0																																																																							
2021101241	2024-05-04	2東京5	晴	1.0	3歳未勝利		16.0	6.0	11.0	3.0	2.0	1	丸田恭介	55.0	ダ1400		稍	**	1:25.3	-0.1	**	8-7	35.6-37.5	36.8	454(-4)			(ロンドンライフ)	550.0																																																																							
2021101241	2024-06-01	3東京1	晴	12.0	3歳以上1勝クラス		16.0	6.0	12.0	19.1	6.0	1	丸田恭介	53.0	ダ1400		重	**	1:24.3	-0.2	**	15-13	35.9-35.9	34.8	456(+2)			(ムコウジマランプ)	800.0																																																																							
2021101241	2024-06-22	3東京7	晴	9.0	清里特別(2勝クラス)		16.0	2.0	3.0	15.5	5.0	10	丸田恭介	53.0	ダ1400		重	**	1:24.2	1.4	**	14-14	34.6-36.4	36.0	452(-4)			エストレヤデベレン																																																																								
2021101241	2024-08-25	3新潟6	曇	9.0	岩室温泉特別(2勝クラス)		15.0	8.0	14.0	48.3	10.0	8	柴田善臣	54.0	ダ1200		良	**	1:13.1	1.1	**	14-13	35.1-36.9	36.5	456(+4)			トーアアイギス																																																																								
2021101241	2024-10-06	5京都2	晴	8.0	3歳以上2勝クラス		11.0	6.0	8.0			除	菅原明良	54.0	ダ1400		良	**			**		34.7-36.3		458(+2)			キャプテンネキ																																																																								
2021101241	2025-04-06	3中山4	晴	12.0	4歳以上2勝クラス		15.0	7.0	13.0	30.4	7.0	6	丸田恭介	56.0	ダ1200		稍	**	1:12.5	1.0	**	9-8	35.7-35.8	35.9	462(+6)			ネイト																																																																								
2021101241	2025-09-07	4中山2	晴	9.0	浦安特別(2勝クラス)		16.0	7.0	13.0	66.4	10.0	7	丸田恭介	56.0	ダ1200		良	**	1:12.1	1.0	**	15-14	33.8-37.3	36.0	466(+4)			モンドプリューム																																																																								
2021101241	2025-10-05	3京都2	曇	8.0	3歳以上2勝クラス		16.0	5.0	9.0	115.9	13.0	10	和田陽希	53.0	ダ1400		重	**	1:24.1	1.5	**	14-13	33.8-37.0	36.6	470(+4)			タマモティーカップ																																																																								
2021101241	2025-11-24	5東京6	晴	8.0	3歳以上2勝クラス		15.0	5.0	10.0	134.4	13.0	12	柴田善臣	56.0	ダ1400		良	**	1:25.2	2.0	**	14-14	34.7-36.8	36.2	474(+4)			パラサイコロジー																																																																								
2021101280	2023-12-28	5阪神9		5.0	2歳新馬								団野大成		芝1800				1:48.6	1.1		11-9	36.0-34.1	34.5	494(0)																			晴		14.0	4.0	6.0	43.6	9.0	6	56.0	良	**	**		ベラジオボンド																																											
2021101280	2024-01-21	1小倉4		6.0	3歳未勝利								鮫島克駿		芝2000				2:03.9	0.5		5-5-5-3	35.4-37.7	37.4	492(-2)				83.0															曇		11.0	4.0	4.0	5.5	2.0	4	57.0	重	**	**		コスモヴィーコ																																											
2021101280	2024-02-10	2小倉1		2.0	3歳未勝利								鮫島克駿		芝1800				1:49.6	-0.3		6-6-5-3	37.0-35.4	35.0	480(-12)				550.0															晴		14.0	7.0	12.0	2.0	1.0	1	57.0	稍	**	**		(オレンジダンサー)																																											
2021101280	2024-03-24	1中京6		9.0	大寒桜賞(1勝クラス)								坂井瑠星		芝2200				2:17.9	0.5		3-3-3-3	35.8-35.6	35.9	482(+2)				160.0															小雨		10.0	2.0	2.0	45.7	10.0	4	57.0	重	**	**		シュガークン																																											
2021101280	2024-04-14	2阪神8		6.0	3歳1勝クラス								岩田康誠		芝2000				2:00.9	0.5		4-5-5-5	36.2-35.3	34.9	478(-4)				120.0															晴		7.0	3.0	3.0	5.7	4.0	4	57.0	良	**	**		ログラール																																											
2021101280	2024-05-11	3京都7		9.0	あずさ賞(1勝クラス)								坂井瑠星		芝2000				1:58.9	0.9		1-1-1-1	36.0-33.7	34.6	476(-2)				273.6															晴		11.0	2.0	2.0	24.8	8.0	3	57.0	良	**	**		サブマリーナ																																											
2021101280	2024-07-21	2福島8		9.0	伊達特別(1勝クラス)								戸崎圭太		芝2000				2:01.5	0.9		4-4-5-5	34.7-37.1	36.5	486(+10)																			晴		13.0	2.0	2.0	2.7	1.0	8	55.0	良	**	**		ネビュルーズ																																											
2021101280	2024-11-02	3福島1		9.0	三春駒特別(1勝クラス)								松岡正海		芝2000				2:06.2	3.1		11-11-10-10	35.8-37.7	40.1	486(0)																			雨		14.0	3.0	3.0	11.5	5.0	11	56.0	重	**	**		ディマイザキッド																																											
2021101280	2024-12-01	4中京2		12.0	栄特別(1勝クラス)								岩田望来		芝2200				2:13.8	1.2		8-8-8-8	35.3-35.2	35.7	468(-18)																			晴		16.0	6.0	11.0	40.9	11.0	9	56.0	良	**	**		オルトパラティウム																																											
2021101280	2025-03-23	1阪神8		8.0	4歳以上1勝クラス								松山弘平		ダ1800				1:55.6	2.3		10-10-10-10	37.6-37.1	38.5	482(+14)																			晴		14.0	6.0	9.0	15.8	6.0	7	58.0	良	**	**		リトルハピ																																											
2021101280	2025-04-05	2阪神3		6.0	4歳以上1勝クラス								岩田望来		ダ1800				1:54.4	1.7		6-6-7-7	38.2-37.4	38.1	480(-2)																			晴		7.0	7.0	7.0	17.2	5.0	6	58.0	良	**	**		ワイドブリザード																																											
2021101280	2025-05-24	2京都9		7.0	4歳以上1勝クラス								鮫島克駿		芝2400				2:26.7	0.3		2-2-2-2	36.8-35.8	36.0	490(+10)				200.0															雨		12.0	7.0	10.0	33.4	7.0	3	58.0	稍	**	**		ベトルス																																											
2021101280	2025-06-07	3阪神1		7.0	3歳以上1勝クラス								鮫島克駿		芝2200				2:13.6	0.9		5-6-7-7	36.1-34.7	35.0	486(-4)																			曇		10.0	3.0	3.0	18.4	4.0	6	58.0	良	**	**		ヴァリディシームス																																											
2021101280	2025-12-14	5中京4		9.0	大須特別(1勝クラス)								小沢大仁		ダ1800				1:57.1	2.9		9-9-11-11	37.3-39.8	41.3	494(+8)																			晴		12.0	8.0	12.0	19.7	6.0	10	58.0	稍	**	**		レッドボブ																																											
2021101280	2026-01-18	1京都7		8.0	4歳以上1勝クラス								ハマーハ		芝2400				2:27.3	0.7		1-1-1-1	36.7-36.0	36.7	494(0)				120.0																																																									晴		12.0	3.0	3.0	9.5	6.0	4	58.0	良	**	**		オメガナビゲーター	202608010708
2021101383	2024-06-29	2福島1	晴	7.0	3歳未勝利		16.0	6.0	12.0	46.8	8.0	1	横山琉人	54.0	芝1800		良	**	1:47.5	-0.4	**	11-9-9-8	35.0-36.5	35.8	504(0)			(サトノルチル)	550.0																																																																							
2021101383	2024-07-28	2新潟2	曇	11.0	3歳以上1勝クラス		16.0	5.0	9.0	3.4	1.0	8	横山琉人	52.0	芝1800		良	**	1:46.6	0.8	**	5-6	34.6-34.5	34.7	504(0)			エマロア																																																																								
2021101383	2024-08-17	2札幌3	曇	10.0	富良野特別(1勝クラス)		12.0	8.0	11.0	19.5	7.0	10	斎藤新	53.0	芝2000		良	**	2:02.3	1.7	**	6-6-6-6	36.2-35.5	36.2	508(+4)			コスモブッドレア																																																																								
2021101383	2025-01-13	1中山5	晴	12.0	4歳以上1勝クラス		16.0	4.0	7.0	49.0	12.0	6	横山琉人	54.0	芝1600		良	**	1:34.6	0.7	**	2-3-4	35.2-35.3	35.8	514(+6)			ボーモンド																																																																								
2021101383	2025-03-08	2中山3	小雨	12.0	4歳以上1勝クラス		16.0	7.0	13.0	29.8	9.0	4	横山琉人	55.0	芝1600		良	**	1:34.6	0.2	**	5-7-8	34.6-36.1	35.7	516(+2)			アンドアイラヴハー	120.0																																																																							
2021101383	2025-04-06	3中山4	小雨	8.0	4歳以上1勝クラス		13.0	4.0	4.0	6.7	3.0	10	斎藤新	56.0	芝1800		良	**	1:49.7	1.1	**	4-4-7-7	36.2-35.1	35.1	512(-4)			ビジューブリランテ																																																																								
2021101383	2025-05-17	1新潟5	曇	8.0	4歳以上1勝クラス		16.0	5.0	10.0	10.2	6.0	9	横山琉人	55.0	芝1400		稍	**	1:24.0	0.8	**	9-9	35.4-35.5	35.6	518(+6)			キタサンダムール																																																																								
2021101383	2025-06-14	1函館1	晴	7.0	3歳以上1勝クラス		14.0	2.0	2.0	24.0	9.0	7	斎藤新	56.0	芝1200		良	**	1:08.2	1.0	**	13-12	32.6-34.6	34.0	516(-2)			ラパンチュール																																																																								
2021101383	2025-06-22	1函館4	曇	8.0	3歳以上1勝クラス		11.0	7.0	8.0	22.5	6.0	6	斎藤新	56.0	芝1200		重	**	1:09.8	0.7	**	8-7	34.5-34.6	34.8	520(+4)			カルプスペルシュ																																																																								
2021101383	2025-08-09	1札幌5	晴	12.0	厚岸特別(1勝クラス)		11.0	3.0	3.0	96.4	10.0	4	斎藤新	56.0	芝1500		良	**	1:29.6	0.5	**	1-1-1	30.2-35.1	35.6	526(+6)			ヒシアマン	170.0																																																																							
2021101383	2025-12-07	5中京2	晴	8.0	3歳以上1勝クラス		18.0	1.0	2.0	69.4	12.0	13	岩田康誠	56.0	芝1400		良	**	1:21.1	0.7	**	9-9	34.6-34.4	34.4	526(0)			レーヴジーニアル																																																																								
2021101385	2023-06-22	門別		4.0	JRA認定フレッシュ(新馬)(2歳)								服部茂史		ダ1100				1:10.1	-0.5		2-1		40.1	480(0)				250.0																																											曇		11.0	3.0	3.0	2.8	2.0	1	54.0	良	**	**		(ハリウッドスマイル)															
2021101385	2023-07-11	門別		8.0	スフェーン特別(OP)(2歳)								落合玄太		ダ1200				1:15.5	0.5		6-6		38.5	480(0)				7.0																																											曇		7.0	1.0	1.0	12.7	4.0	5	54.0	稍	**	**		デュアルロンド															
2021101385	2023-07-27	門別		12.0	サッポロクラシックカ(重賞)								多田羅誠		ダ1200				1:17.0	2.8		8-12		40.4	478(-2)																																															晴		12.0	7.0	10.0	17.5	7.0	12	54.0	良	**	**		オスカーブレイン															
2021101385	2023-09-06	門別		12.0	フローラルカップ〔H(重賞)								落合玄太		ダ1600				1:47.8	1.0		4-4-5-5		44.1	480(+2)				28.0																																											曇		10.0	3.0	3.0	61.3	9.0	5	54.0	重	**	**		アメリアハート															
2021101385	2023-10-11	門別		12.0	ブロッサムカップ〔H(重賞)								落合玄太		ダ1700				1:53.8	2.3		4-4-4-10		42.7	482(+2)																																															晴		11.0	2.0	2.0	24.9	8.0	10	55.0	稍	**	**		ヴィヴィアンエイト															
2021101385	2023-11-07	門別		10.0	日高軽種馬青年部連合(OP)(2歳)								岩橋勇二		ダ1200				1:14.8	1.3		9-10		37.7	482(0)																																															曇		10.0	7.0	8.0	25.8	7.0	8	54.0	不	**	**		リュウワンカノア															
2021101385	2024-01-28	1東京2		9.0	セントポーリア賞(1勝クラス)								石橋脩		芝1800				1:49.8	1.0		1-1-1	37.1-33.7	34.7	484(+2)																																															曇		9.0	8.0	9.0	456.1	8.0	8	55.0	良	**	**		ペッレグリーニ															
2021101385	2024-02-17	1東京7		9.0	フリージア賞(1勝クラス)								丸田恭介		芝2000				2:03.4	3.1		9-10-10	36.9-34.1	36.1	478(-6)																																															曇		10.0	5.0	5.0	349.2	10.0	10	55.0	良	**	**		マーシャルポイント															
2021101385	2024-03-03	1阪神4		8.0	アルメリア賞(1勝クラス)								長岡禎仁		芝1800				1:49.7	1.7		4-4	36.3-34.6	35.9	470(-8)																																															晴		7.0	4.0	4.0	272.6	7.0	7	55.0	良	**	**		ギャンブルルーム															
2021101385	2024-03-16	2中山7		6.0	3歳1勝クラス								丸田恭介		芝1600				1:38.6	3.8		6-9-9	35.1-35.3	37.9	474(+4)																																															晴		9.0	2.0	2.0	558.5	9.0	9	55.0	良	**	**		ユキノロイヤル															
2021101385	2024-06-08	3東京3		7.0	3歳以上1勝クラス								丸田恭介		芝1600				1:34.4	1.0		12-12	36.0-34.2	33.6	466(-8)																																															晴		13.0	4.0	4.0	546.0	12.0	9	53.0	良	**	**		ハリケーンリッジ															
2021101385	2024-06-22	1函館5		10.0	渡島特別(2勝クラス)								黛弘人		ダ1700				1:46.9	1.5		9-9-9-9	30.5-37.6	37.7	468(+2)																																															曇		9.0	6.0	6.0	44.4	8.0	6	53.0	良	**	**		レディーシス															
2021101385	2024-07-14	2福島6		9.0	横手特別(2勝クラス)								柴田大知		ダ1700				1:47.5	1.2		8-10-11-11	30.9-37.3	37.4	476(+8)																																															小雨		12.0	2.0	2.0	128.6	11.0	8	53.0	稍	**	**		フェザーモチーフ															
2021101385	2024-08-10	3新潟1		8.0	3歳以上1勝クラス								丸田恭介		ダ1800				1:55.0	2.3		13-13-13-11	36.8-36.9	37.9	480(+4)																																															晴		15.0	3.0	5.0	134.3	10.0	10	53.0	良	**	**		マンマリアーレ															
2021101385	2024-11-03	5東京2		7.0	3歳以上1勝クラス								丸田恭介		ダ1600				1:41.3	4.8		13-14	34.7-37.0	39.1	474(-6)																																															晴		16.0	4.0	8.0	154.9	15.0	16	55.0	重	**	**		ベルブリエ															
2021101385	2024-11-16	3福島5		6.0	3歳以上1勝クラス								松本大輝		ダ1700				1:49.4	3.6		14-14-14-13	29.6-39.2	40.3	470(-4)																																															晴		15.0	8.0	14.0	437.2	15.0	14	53.0	良	**	**		スマートハンター															
2021101385	2024-12-01	4中京2		7.0	3歳以上1勝クラス								鷲頭虎太		ダ1800				1:56.3	4.4		11-11-11-12	36.6-38.1	39.4	466(-4)																																															晴		12.0	5.0	6.0	488.3	12.0	12	51.0	良	**	**		ホークフィールド															
2021101385	2024-12-08	4中京4		9.0	大須特別(1勝クラス)								石神深道		ダ1800				1:56.2	2.6		7-8-9-9	37.1-38.5	39.5	466(0)																																															晴		9.0	6.0	6.0	357.0	9.0	8	55.0	良	**	**		キングオブフジ															
2021101385	2025-02-09	1京都4		7.0	4歳以上1勝クラス								酒井学		ダ1800				1:58.4	3.8		6-6-8-9	37.4-37.9	40.8	470(+4)																																															晴		10.0	4.0	4.0	202.6	10.0	10	55.0	稍	**	**		ギマール															
2021101385	2025-02-15	1京都5		8.0	4歳以上1勝クラス								酒井学		ダ1900				2:10.1	9.8		12-12-12-12	30.2-37.9	44.8	466(-4)																																															晴		12.0	1.0	1.0	262.1	12.0	12	55.0	良	**	**		ダブルジャッジ															
2021101385	2025-09-21	4中山7		6.0	3歳以上1勝クラス								菅原隆一		ダ1200				1:13.4	2.7		13-15	33.4-37.3	38.6	494(+28)																																															晴		16.0	1.0	2.0	364.6	15.0	15	56.0	良	**	**		チャロ															
2021101385	2025-10-11	4東京3		7.0	3歳以上1勝クラス								菅原隆一		芝2000				2:02.1	4.5		9-9-9	35.8-34.8	37.5	496(+2)																																															雨		10.0	4.0	4.0	325.0	10.0	10	56.0	良	**	**		ボウウィンドウ															
2021101385	2025-10-18	4東京6		6.0	3歳以上1勝クラス								菅原隆一		ダ1600				1:40.0	2.8		10-10	35.0-37.8	39.5	496(0)																																															晴		15.0	4.0	6.0	518.7	15.0	14	56.0	良	**	**		ヘリオトロープ															
2021101397	2024-07-07	3小倉4		2.0	3歳未勝利								西塚洸二		芝2000				2:02.2	1.4		2-2-2-2	34.5-36.8	38.0	490(0)																																	晴		18.0	7.0	15.0	42.1	8.0	12	54.0	良	**	**		スナークサファイア																													
2021101397	2024-08-17	2中京3		2.0	3歳未勝利								吉村誠之		ダ1800				1:56.8	1.9		4-3-6-7	37.0-39.7	41.0	488(-2)																																	晴		16.0	3.0	5.0	4.7	2.0	6	52.0	良	**	**		ゼットレジーナ																													
2021101397	2024-10-06	盛岡		3.0	C2十一組								陶文峰		ダ1200				1:12.3	-1.0		2-1		36.9	492(+4)				40.0																													曇		10.0	7.0	7.0	1.4	1.0	1	54.0	良	**	**		(インジケーター)																													
2021101397	2024-10-21	盛岡		6.0	C2五組								阿部英俊		ダ1200				1:13.6	-0.2		1-1		36.8	487(-5)				40.0																													晴		12.0	5.0	5.0	1.2	1.0	1	54.0	稍	**	**		(フィローシャ)																													
2021101397	2025-02-10	1京都3		7.0	4歳以上1勝クラス								吉村誠之		ダ1400				1:26.1	0.2		7-6	35.5-38.2	37.7	476(-11)				120.0																													晴		15.0	4.0	7.0	16.3	6.0	4	54.0	良	**	**		ルミッキ																													
2021101397	2025-03-02	1阪神2		7.0	4歳以上1勝クラス								西村淳也		ダ1400				1:26.1	-0.3		2-2	35.4-38.0	37.7	470(-6)				800.0																													小雨		16.0	1.0	2.0	5.3	2.0	1	56.0	良	**	**		(カネトシフラム)																													
2021101397	2025-03-16	1阪神6		12.0	4歳以上2勝クラス								坂井瑠星		ダ1400				1:24.2	0.1		2-2	34.2-37.9	37.9	472(+2)				460.0																													雨		12.0	5.0	5.0	4.3	2.0	2	56.0	重	**	**		ランスオブサターン																													
2021101397	2025-07-26	3中京1		6.0	四日市特別(2勝クラス)								坂井瑠星		ダ1400				1:24.2	0.8		3-3	34.0-37.5	37.7	472(0)				155.0																													晴		16.0	7.0	14.0	3.6	1.0	5	56.0	良	**	**		ワイワイレジェンド																													
2021101397	2025-08-17	3中京8		6.0	大垣特別(2勝クラス)								高杉吏麒		ダ1400				1:24.2	0.0		1-1	35.4-36.5	36.5	472(0)				629.8																													晴		16.0	7.0	14.0	7.8	5.0	2	56.0	良	**	**		タイセイレスポンス																													
2021101397	2025-10-18	3京都6		9.0	3歳以上2勝クラス								高杉吏麒		ダ1400				1:23.1	-0.4		2-1	34.8-36.2	36.2	476(+4)				1140.0																													曇		12.0	7.0	10.0	2.6	1.0	1	56.0	稍	**	**		(ワイノナオミ)																													
2021101397	2025-11-23	4京都6		10.0	LトレーナーC(3勝クラス)								高杉吏麒		ダ1400				1:23.8	0.1		2-1	34.9-36.6	36.6	476(0)				465.0																													晴		16.0	6.0	11.0	5.0	2.0	3	56.0	良	**	**		フェルヴェンテ																													
2021101397	2026-01-17	1京都6		11.0	羅生門S(3勝クラス)								高杉吏麒		ダ1400				1:25.0	1.1		1-2	35.3-36.2	37.3	480(+4)																																	晴		16.0	7.0	13.0	4.3	2.0	6	56.0	良				エストレヤデベレン																													
2021101399	2023-06-17	3東京5		5.0	2歳新馬								Ｍ．デム		芝1400				1:23.2	0.4		13-10	36.2-34.2	33.8	490(0)				180.0																													晴		16.0	5.0	9.0	12.2	5.0	3	55.0	良	**	**		ノヴァエクスプレス																													
2021101399	2023-07-08	2福島3		2.0	2歳未勝利								Ｍ．デム		芝1800				1:50.7	-0.8		6-5-4-2	36.6-37.2	36.7	488(-2)				550.0																													曇		7.0	5.0	5.0	2.0	1.0	1	55.0	良	**	**		(ミルタンドレス)																													
2021101399	2023-08-27	3新潟6		11.0	新潟2歳S(GIII)								Ｍ．デム		芝1600				1:34.6	0.8		8-8	35.4-34.0	33.7	490(+2)																																	晴		12.0	2.0	2.0	14.6	6.0	6	55.0	良	**	**		アスコリピチェーノ																													
2021101399	2023-11-11	5東京3		9.0	オキザリス賞(1勝クラス)								横山武史		ダ1400				1:26.0	0.9		12-12	34.7-38.1	37.6	492(+2)																																	曇		16.0	8.0	16.0	20.1	6.0	7	56.0	良	**	**		ノヴァエクスプレス																													
2021101399	2024-02-11	2小倉2		9.0	あすなろ賞(1勝クラス)								菱田裕二		芝2000				2:02.3	0.1		6-5-4-4	37.0-34.8	34.6	496(+4)				160.0																													晴		10.0	2.0	2.0	20.1	7.0	4	57.0	良	**	**		サトノシュトラーセ																													
2021101399	2024-04-06	1福島1		9.0	ひめさゆり賞(1勝クラス)								菱田裕二		芝2000				2:00.6	0.5		3-3-4-4	34.4-35.5	35.6	496(0)																																	曇		13.0	5.0	7.0	7.3	3.0	8	57.0	良	**	**		キープカルム																													
2021101399	2024-04-21	3京都2		6.0	3歳1勝クラス								Ｍ．デム		ダ1400				1:25.6	1.0		8-6	34.9-37.4	37.5	496(0)																																	小雨		12.0	5.0	5.0	20.9	6.0	6	57.0	良	**	**		アスクアイルビゼア																													
2021101399	2024-06-30	3小倉2		12.0	3歳以上1勝クラス								国分恭介		ダ1700				1:44.0	0.3		1-1-1-1	30.1-36.6	36.9	496(0)				320.0																													曇		16.0	2.0	4.0	23.8	7.0	2	55.0	重	**	**		カズペトシーン																													
2021101399	2024-07-20	3小倉7		8.0	3歳以上1勝クラス								国分恭介		ダ1700				1:45.5	1.3		13-13-7-5	29.5-37.5	38.2	492(-4)																																	曇		15.0	2.0	2.0	3.8	2.0	7	55.0	重	**	**		メイショウフウドウ																													
2021101399	2024-10-20	4新潟6		9.0	十日町特別(1勝クラス)								国分恭介		芝1400				1:22.4	-0.1		4-4	34.6-35.8	35.5	500(+8)				1154.8																													晴		18.0	4.0	7.0	10.0	5.0	1	56.0	良	**	**		(アイファーバトル)																													
2021101399	2024-11-10	3福島4		10.0	福島放送賞(2勝クラス)								国分恭介		ダ1700				1:47.5	1.6		10-10-8-10	29.7-38.8	39.8	498(-2)																																	晴		15.0	8.0	15.0	16.2	9.0	11	56.0	良	**	**		スズノテレサ																													
2021101399	2024-12-01	7京都2		12.0	3歳以上2勝クラス								高杉吏麒		芝1400				1:22.0	1.1		4-7	36.1-33.9	34.3	504(+6)																																	晴		12.0	8.0	11.0	5.4	4.0	9	55.0	良	**	**		ウルトラソニック																													
2021101399	2025-02-09	1小倉6		10.0	由布院特別(2勝クラス)								国分恭介		ダ1700				1:47.7	2.7		4-3-7-7	29.5-37.6	39.9	510(+6)																																	晴		16.0	3.0	6.0	38.5	10.0	15	57.0	稍	**	**		レシプロシティ																													
2021101399	2025-03-30	3中山2		12.0	4歳以上2勝クラス								北村宏司		芝1200				1:09.1	0.4		4-3	33.9-34.8	34.5	506(-4)				290.0																													晴		13.0	4.0	5.0	5.6	2.0	3	58.0	良	**	**		パクスロマーナ																													
2021101399	2025-04-13	1福島2		9.0	花見山特別(2勝クラス)								佐々木大		芝1200				1:08.2	0.0		7-5	32.6-35.6	34.5	508(+2)				627.0																													小雨		10.0	3.0	3.0	5.5	4.0	2	58.0	良	**	**		エイムインライフ																													
2021101399	2025-06-29	2福島2		9.0	郡山特別(2勝クラス)								戸崎圭太		芝1200				1:08.2	0.1		5-5	33.2-34.9	34.4	504(-4)				626.8																													晴		11.0	3.0	3.0	5.3	3.0	2	58.0	良	**	**		マックアルイーン																													
2021101399	2025-07-20	1函館12		9.0	潮騒特別(2勝クラス)								キング		芝1200				1:08.3	0.4		8-8	33.7-34.2	33.9	500(-4)				230.0																													晴		13.0	8.0	13.0	6.1	3.0	4	58.0	良	**	**		モズナナスター																													
2021101399	2025-08-03	1札幌4		10.0	苫小牧特別(2勝クラス)								佐々木大		芝1200				1:08.7	0.3		5-5	33.5-34.9	34.6	506(+6)																																	晴		13.0	6.0	9.0	4.6	2.0	6	58.0	良	**	**		エヴァンスウィート																													
2021101399	2025-11-08	3福島1		10.0	飯坂温泉特別(2勝クラス)								国分恭介		芝1200				1:08.2	0.1		3-3	32.6-35.5	35.0	510(+4)				632.4																													晴		16.0	3.0	6.0	4.3	1.0	2	58.0	良	**	**		イツモニコニコ																													
2021101399	2025-12-06	5中山1		12.0	3歳以上2勝クラス								マーカン		芝1200				1:07.6	0.1		8-8	33.9-33.6	33.0	512(+2)				460.0																													晴		13.0	2.0	3.0	4.2	2.0	2	58.0	良	**	**		アンドアイラヴハー																													
2021101399	2025-12-27	5中山7		9.0	ベストウィッシュC(2勝クラス)								マーカン		芝1200				1:08.5	0.7		11-11	33.2-34.6	34.2	518(+6)				230.0																													曇		16.0	5.0	9.0	3.1	2.0	4	58.0	良	**	**		アンビバレント																													
2021101399	2026-01-17	1中山6		12.0	4歳以上2勝クラス								戸崎圭太		芝1200				1:08.1	0.1		9-8	34.3-33.7	33.3	512(-6)				480.0																													晴		16.0	5.0	9.0	4.2	1.0	2	58.0	良				カンシン																													
2021101436	2023-07-08	2福島3	曇	5.0	2歳新馬		12.0	7.0	9.0	7.9	2.0	1	Ｍ．デム	55.0	芝1800		良	**	1:51.3	-0.3	**	3-3-3-3	37.3-35.6	35.3	482(0)			(ルシフェル)	720.0																																																																							
2021101436	2023-08-13	2札幌2	曇	8.0	コスモス賞(OP)		8.0	1.0	1.0	2.2	1.0	1	武豊	55.0	芝1800		良	**	1:48.8	-1.0	**	2-2-1-1	37.0-35.6	35.6	478(-4)			(コスモディナー)	1618.9																																																																							
2021101436	2023-12-17	5阪神6	晴	11.0	朝日フューチュリティ(GI)		17.0	1.0	1.0	10.0	4.0	2	武豊	56.0	芝1600		良	**	1:33.9	0.1	**	15-17	34.1-35.4	34.1	492(+14)			ジャンタルマンタル	2834.8																																																																							
2021101436	2024-02-11	1東京6	曇	11.0	共同通信杯(GIII)		10.0	6.0	6.0	5.3	3.0	5	武豊	57.0	芝1800		良	**	1:48.7	0.7	**	2-3-4	37.3-33.1	33.1	496(+4)			ジャスティンミラノ	410.0																																																																							
2021101436	2024-04-14	3中山8	晴	11.0	皐月賞(GI)		17.0	2.0	3.0	40.5	11.0	7	武豊	57.0	芝2000		良	**	1:57.8	0.7	**	16-16-17-16	34.2-35.8	33.9	486(-10)			ジャスティンミラノ																																																																								
2021101436	2024-05-26	2東京12	晴	11.0	東京優駿(GI)		17.0	8.0	18.0	160.0	17.0	8	岩田康誠	57.0	芝2400		良	**	2:25.2	0.9	**	1-1-1-2	36.3-33.8	34.7	486(0)			ダノンデサイル																																																																								
2021101436	2024-09-16	4中山5	曇	11.0	朝日セントライト記念(GII)		14.0	4.0	6.0	6.8	3.0	3	岩田康誠	57.0	芝2200		良	**	2:12.3	0.7	**	1-2-2-2	36.2-34.6	35.0	484(-2)			アーバンシック	1414.0																																																																							
2021101436	2024-10-20	5京都6	晴	11.0	菊花賞(GI)		18.0	7.0	15.0	68.3	12.0	9	岩田康誠	57.0	芝3000		良	**	3:06.3	2.2	**	6-6-11-13	37.0-35.9	37.2	488(+4)			アーバンシック																																																																								
2021101436	2024-12-15	5中山6	晴	11.0	ディセンバーS(L)		16.0	1.0	2.0	2.6	1.0	1	マーカン	56.0	芝1800		良	**	1:45.2	-0.2	**	3-3-3-3	35.8-34.9	34.0	488(0)			(ジューンオレンジ)	2833.6																																																																							
2021101436	2025-03-02	2中山2	晴	11.0	中山記念(GII)		16.0	2.0	4.0	6.9	3.0	2	Ｍ．デム	57.0	芝1800		良	**	1:44.8	0.0	**	2-3-5-3	35.6-34.8	34.2	488(0)			シックスペンス	2732.4																																																																							
2021101436	2025-04-06	2阪神4	晴	11.0	大阪杯(GI)		15.0	8.0	14.0	32.3	10.0	4	Ｍ．デム	58.0	芝2000		良	**	1:56.5	0.3	**	8-8-10-10	34.9-35.1	33.8	492(+4)			ベラジオオペラ	4500.0																																																																							
2021101436	2025-06-08	3東京2	曇	11.0	安田記念(GI)		18.0	4.0	8.0	18.8	7.0	7	Ｍ．デム	58.0	芝1600		良	**	1:33.2	0.5	**	8-8	35.0-34.3	34.2	492(0)			ジャンタルマンタル																																																																								
2021101436	2025-08-17	3中京8	晴	7.0	中京記念(GIII)		12.0	6.0	8.0	3.8	2.0	4	坂井瑠星	57.0	芝1600		良	**	1:32.5	0.2	**	4-4-4	35.4-33.9	33.5	486(-6)			マピュース	620.0																																																																							
2021101436	2025-11-02	4東京11	曇	11.0	天皇賞(秋)(GI)		14.0	6.0	10.0	89.4	13.0	11	三浦皇成	58.0	芝2000		良	**	1:59.2	0.6	**	4-3-3	37.1-32.9	33.3	494(+8)			マスカレードボール																																																																								
2021101436	2025-11-22	3福島5	晴	11.0	福島記念(GIII)		16.0	4.0	8.0	3.4	1.0	2	プーシャ	58.5	芝2000		良	**	2:00.1	0.2	**	4-8-7-7	36.1-34.2	33.8	496(+2)			ニシノティアモ	1716.2																																																																							
2021101449	2023-08-06	2新潟4		6.0	2歳新馬								津村明秀		ダ1800				1:54.8	-1.3		1-1-1-1	38.1-38.0	38.0	532(0)				720.0																																											晴		14.0	3.0	4.0	4.5	2.0	1	55.0	良	**	**		(アリエスキング)															
2021101449	2023-10-14	4東京4		9.0	プラタナス賞(1勝クラス)								津村明秀		ダ1600				1:37.4	0.1		1-1	35.1-37.5	37.6	530(-2)				438.8																																											晴		14.0	4.0	6.0	3.5	2.0	2	56.0	良	**	**		イーグルノワール															
2021101449	2024-06-02	3東京2		8.0	3歳以上1勝クラス								津村明秀		ダ1600				1:36.4	1.8		8-6	35.1-35.6	36.7	528(-2)																																															小雨		16.0	5.0	9.0	3.4	1.0	12	55.0	重	**	**		ターコイズフリンジ															
2021101449	2024-12-14	5中山5		8.0	3歳以上1勝クラス								津村明秀		ダ1800				1:55.3	0.2		4-3-3-3	37.7-39.4	39.3	532(+4)				120.0																																											晴		16.0	6.0	12.0	3.2	1.0	4	57.0	良	**	**		フリーマントル															
2021101449	2025-01-13	1中山5		8.0	4歳以上1勝クラス								津村明秀		ダ1800				1:57.0	2.2		3-3-5-7	37.1-39.6	41.3	530(-2)																																															晴		14.0	2.0	2.0	2.7	1.0	9	57.0	良	**	**		プルナチャンドラ															
2021101449	2025-01-26	1中山9		6.0	4歳以上1勝クラス								津村明秀		ダ1800				1:55.3	-0.1		5-5-5-3	37.1-40.6	39.7	528(-2)				800.0																																											晴		16.0	6.0	11.0	4.1	2.0	1	57.0	良	**	**		(ウインイメル)															
2021101449	2025-03-09	2中山4		12.0	4歳以上2勝クラス								津村明秀		ダ1800				1:53.5	0.1		2-2-2-1	36.6-38.8	38.9	532(+4)				290.0																																											晴		15.0	3.0	4.0	16.1	6.0	3	58.0	重	**	**		ブレスワード															
2021101449	2025-04-05	3中山3		10.0	千葉日報杯(2勝クラス)								津村明秀		ダ1800				1:52.2	0.0		1-1-1-1	36.0-38.1	38.1	532(0)				630.6																																											晴		16.0	8.0	15.0	3.8	1.0	2	58.0	稍	**	**		ルージュアベリア															
2021101449	2025-06-14	3東京3		9.0	日野特別(2勝クラス)								津村明秀		ダ2100				2:10.9	0.1		1-1-1-1	30.8-37.8	37.9	526(-6)				630.4																																											小雨		16.0	5.0	9.0	5.2	2.0	2	58.0	良	**	**		ノットイナフ															
2021101449	2025-06-28	2福島1		10.0	いわき特別(2勝クラス)								津村明秀		ダ1700				1:46.9	2.7		12-12-6-6	30.2-36.8	38.6	526(0)				230.0																																											晴		14.0	1.0	1.0	5.1	2.0	4	58.0	良	**	**		ナルカミ															
2021101449	2025-07-26	2新潟1		6.0	麒麟山特別(2勝クラス)								戸崎圭太		ダ1800				1:53.7	1.3		3-3-3-4	37.8-37.2	38.2	526(0)																																															晴		15.0	7.0	12.0	4.6	4.0	6	58.0	良	**	**		クラウンシエンタ															
2021101449	2025-09-15	4中山5		9.0	鋸山特別(2勝クラス)								津村明秀		ダ1800				1:53.8	1.8		1-1-1-2	36.4-37.6	39.4	534(+8)				230.0																																											曇		11.0	1.0	1.0	10.4	4.0	4	58.0	良	**	**		リアライズカミオン															
2021101449	2025-10-11	4東京3		10.0	東村山特別(2勝クラス)								津村明秀		ダ2100				2:14.0	3.2		13-6-5-3	31.4-37.2	40.0	532(-2)																																															雨		16.0	3.0	5.0	18.0	6.0	14	58.0	稍	**	**		シャンパンポップ															
2021101449	2026-01-05	1中山2		9.0	初茜賞(2勝クラス)								木幡初也		ダ1800				1:54.4	1.7		6-5-5-7	37.1-38.7	40.0	528(-4)																																															晴		12.0	6.0	7.0	21.9	7.0	7	58.0	稍	**	**		オーケーバーディー															
2021101461	2023-11-26	3京都8		4.0	2歳新馬								菅原明良		ダ1800				1:55.6	0.7		7-7-7-5	36.6-38.4	38.4	482(0)				180.0																													晴		15.0	4.0	7.0	8.3	4.0	3	56.0	良	**	**		マッシャーブルム																													
2021101461	2023-12-16	5阪神5		2.0	2歳未勝利								川田将雅		ダ1800				1:56.5	1.1		5-5-4-4	37.4-38.6	39.2	488(+6)				140.0																													曇		13.0	7.0	10.0	2.8	2.0	3	56.0	稍	**	**		ヴィアダクト																													
2021101461	2024-01-07	1京都2		1.0	3歳未勝利								川田将雅		ダ1800				1:55.3	0.0		1-2-2-2	36.0-40.1	40.0	484(-4)				550.0																													晴		16.0	5.0	9.0	6.4	4.0	1	57.0	良	**	**		(ベラジオラオウ)																													
2021101461	2024-02-11	1東京6		7.0	3歳1勝クラス								川田将雅		ダ1600				1:40.9	3.4		5-4	34.8-37.7	40.7	476(-8)																																	晴		15.0	1.0	1.0	17.5	7.0	15	57.0	稍	**	**		ラタフォレスト																													
2021101461	2024-04-20	3京都1		5.0	3歳1勝クラス								角田大河		ダ1800				1:55.5	1.9		3-3-2-2	37.1-37.2	38.9	482(+6)																																	曇		10.0	7.0	8.0	39.6	8.0	10	56.0	良	**	**		ジーサイクロン																													
2021101461	2024-05-12	3京都8		5.0	3歳1勝クラス								小沢大仁		ダ1800				1:54.1	1.8		9-8-13-9	37.2-37.1	37.8	482(0)				120.0																													曇		16.0	1.0	2.0	88.5	15.0	4	56.0	良	**	**		クーアフュルスト																													
2021101461	2024-06-02	4京都2		8.0	3歳以上1勝クラス								小沢大仁		ダ1800				1:54.5	2.7		4-3-3-3	35.5-38.7	41.1	486(+4)																																	曇		11.0	3.0	3.0	48.0	7.0	10	54.0	稍	**	**		ポッドロゴ																													
2021101461	2024-08-24	2中京5		8.0	3歳以上1勝クラス								岩田望来		ダ1800				1:55.6	1.9		8-6-11-10	38.0-36.9	38.0	486(0)																																	晴		13.0	3.0	3.0	12.1	6.0	9	55.0	良	**	**		スリリングチェイス																													
2021101461	2024-09-16	3中京5		7.0	3歳以上1勝クラス								岩田望来		ダ1800				1:53.2	1.6		8-8-8-8	37.2-36.8	37.6	486(0)																																	曇		11.0	6.0	7.0	21.3	8.0	6	55.0	稍	**	**		モンブランミノル																													
2021101461	2024-09-28	3中京8		12.0	3歳以上1勝クラス								岩田康誠		ダ1400				1:24.7	0.6		9-9	34.9-37.2	36.3	486(0)				80.0																													曇		11.0	7.0	9.0	16.7	6.0	5	56.0	良	**	**		シンエン																													
2021101461	2024-10-12	5京都3		7.0	3歳以上1勝クラス								岩田康誠		ダ1400				1:25.1	1.2		12-11	34.5-37.3	37.1	488(+2)																																	晴		16.0	6.0	11.0	32.1	8.0	8	56.0	良	**	**		タガノミスト																													
2021101461	2024-12-07	4中京3		8.0	3歳以上1勝クラス								岩田康誠		ダ1200				1:12.1	-0.1		9-9	35.4-36.7	35.9	492(+4)				800.0																													曇		15.0	3.0	4.0	9.5	4.0	1	57.0	良	**	**		(ヨドノゴールド)																													
2021101461	2025-01-05	1中京1		8.0	4歳以上2勝クラス								岩田望来		ダ1200				1:12.8	0.9		10-8	34.1-37.8	37.3	490(-2)																																	晴		16.0	3.0	5.0	23.5	10.0	10	58.0	良	**	**		ナッカーフェイス																													
2021101461	2025-02-09	1京都4		12.0	4歳以上2勝クラス								岩田康誠		ダ1200				1:15.0	2.4		7-7	34.8-37.8	39.2	492(+2)																																	晴		16.0	2.0	3.0	75.0	12.0	15	58.0	稍	**	**		ネグレスコ																													
2021101461	2025-05-03	2京都3		12.0	4歳以上2勝クラス								角田大和		ダ1200				1:12.6	1.7		10-10	35.0-35.9	36.8	490(-2)																																	晴		16.0	3.0	5.0	262.7	15.0	14	58.0	稍	**	**		アガシ																													
2021101461	2025-05-22	大井		11.0	’25メトロポリタン(A2B1)								笹川翼		ダ1200				1:14.6	1.9		10-9	34.1-38.6	39.5	493(+3)																																	曇		15.0	6.0	10.0	44.3	9.0	14	57.0	良	**	**		モデルハント																													
2021101461	2025-09-21	4阪神7		9.0	北摂特別(2勝クラス)								田口貫太		芝1200				1:09.3	1.1		10-10	34.2-34.0	33.6	498(+5)																																	曇		10.0	1.0	1.0	125.7	10.0	10	58.0	良	**	**		アスティスプマンテ																													
2021101461	2025-09-27	4阪神8		8.0	3歳以上2勝クラス								岩田康誠		芝1600				1:34.6	1.2		3-3	35.9-33.7	34.6	494(-4)																																	晴		13.0	7.0	11.0	328.3	13.0	13	58.0	良	**	**		スライビングロード																													
2021101461	2025-10-12	3京都4		9.0	円山特別(2勝クラス)								岩田康誠		ダ1200				1:12.1	2.0		11-11	34.3-35.8	36.2	494(0)																																	小雨		14.0	1.0	1.0	157.2	13.0	12	58.0	良	**	**		アメリカンビキニ																													
2021101461	2025-12-20	5中京5		10.0	ヤングJSFR中京2(2勝クラス)								佐野遥久		ダ1400				1:25.8	0.5		2-2	35.6-37.7	38.2	498(+4)																																	小雨		16.0	5.0	10.0	79.4	13.0	6	58.0	稍	**	**		トルーマンテソーロ																													
2021101461	2026-01-17	1中山6		8.0	4歳以上2勝クラス								木幡巧也		ダ1200				1:12.4	0.6		6-6	33.8-38.0	37.9	490(-8)				119.0																													晴		16.0	4.0	7.0	225.9	14.0	5	58.0	良				ゴールドハンマー																													
2021101464	2023-12-02	5阪神1		5.0	2歳新馬								藤岡佑介		芝2000				2:03.0	1.6		7-9-8-8	36.7-34.5	35.5	444(0)																																															晴		12.0	2.0	2.0	44.0	9.0	9	56.0	良	**	**		ビザンチンドリーム															
2021101464	2023-12-24	5阪神8		3.0	2歳未勝利								藤岡佑介		芝2000				2:02.4	1.8		4-3-4-6	36.0-35.3	36.8	452(+8)																																															晴		14.0	1.0	1.0	124.1	10.0	11	56.0	良	**	**		メイショウタバル															
2021101464	2024-03-30	2阪神3		1.0	3歳未勝利								富田暁		ダ1800				1:54.4	0.8		1-1-1-1	37.2-37.1	37.9	440(-12)				220.0																																											晴		13.0	3.0	3.0	32.4	6.0	2	57.0	稍	**	**		ジーサイクロン															
2021101464	2024-04-27	3京都3		1.0	3歳未勝利								藤岡佑介		ダ1800				1:56.7	1.4		1-1-1-1	36.8-40.2	41.6	436(-4)				83.0																																											曇		15.0	7.0	12.0	3.0	1.0	4	57.0	良	**	**		グーヴェルナイユ															
2021101464	2024-06-08	1函館1		6.0	3歳未勝利								藤岡佑介		ダ1700				1:46.9	0.9		6-6-2-2	29.9-37.4	38.2	448(+12)				220.0																																											晴		14.0	1.0	1.0	7.1	5.0	2	57.0	良	**	**		セクシーブーケ															
2021101464	2024-06-23	1函館6		2.0	3歳未勝利								藤岡佑介		ダ1700				1:45.5	0.0		1-1-1-1	30.5-37.1	37.1	448(0)				220.0																																											曇		11.0	6.0	6.0	2.7	2.0	2	57.0	良	**	**		リネアグローリア															
2021101464	2025-04-27	2京都2		8.0	4歳以上1勝クラス								高杉吏麒		ダ1800				1:57.7	4.8		1-1-4-5	36.3-38.4	42.5	432(-16)																																															晴		12.0	7.0	10.0	12.1	5.0	12	57.0	良	**	**		メイショウオオコ															
2021101464	2025-08-23	2札幌1		12.0	ニセコ特別(1勝クラス)								本田正重		ダ1700				1:47.5	1.8		2-2-2-2	31.5-37.7	39.3	466(+34)				111.0																																											晴		6.0	3.0	3.0	11.5	5.0	5	58.0	稍	**	**		アーロンイメル															
2021101464	2025-08-31	2札幌4		12.0	3歳以上1勝クラス								池添謙一		ダ1700				1:46.3	0.9		1-1-1-1	30.2-37.7	38.6	454(-12)																																															曇		12.0	4.0	4.0	15.1	6.0	8	58.0	稍	**	**		アイオリア															
2021101464	2025-10-19	3京都7		6.0	3歳以上1勝クラス								田口貫太		ダ1800				1:52.5	0.0		2-2-1-1	36.5-37.8	37.8	440(-14)				800.0																																											曇		12.0	7.0	9.0	170.4	11.0	1	58.0	良	**	**		(ギュルヴィ)															
2021101464	2025-11-09	4京都2		6.0	3歳以上1勝クラス								田口貫太		ダ1800				1:53.4	3.8		2-2-2-7	35.0-37.7	41.2	440(0)																																															雨		16.0	1.0	2.0	14.5	4.0	16	58.0	重	**	**		ブルーワール															
2021101535	2024-02-10	2京都5		4.0	3歳新馬								岩田望来		ダ1200				1:12.7	-0.2		1-1	36.2-36.5	36.5	480(0)				620.0	曇		16.0	3.0	5.0	3.5	2.0	1	55.0	良	**	**		(タミゼ)																																																									
2021101535	2024-03-03	2中山4		4.0	3歳1勝クラス								横山武史		ダ1200				1:12.2	0.7		4-4	34.0-37.5	38.0	482(+2)				120.0	晴		16.0	7.0	14.0	3.9	2.0	4	55.0	稍	**	**		ガビーズシスター																																																									
2021101535	2024-04-14	3中山8		5.0	3歳1勝クラス								横山武史		ダ1200				1:12.2	1.6		11-12	34.3-36.3	36.5	480(-2)					晴		16.0	5.0	10.0	20.6	6.0	7	55.0	良	**	**		インビンシブルパパ																																																									
2021101535	2024-06-23	3東京8		12.0	3歳以上1勝クラス								三浦皇成		ダ1400				1:23.1	0.4		3-3	34.1-37.1	36.1	488(+8)				320.0	曇		16.0	6.0	12.0	6.0	3.0	2	53.0	重	**	**		トーセンサウダージ																																																									
2021101535	2024-07-13	2福島5		7.0	3歳以上1勝クラス								三浦皇成		ダ1150				1:08.1	-0.2		1-1	31.5-36.6	36.6	478(-10)				800.0	晴		16.0	4.0	8.0	6.5	3.0	1	53.0	稍	**	**		(シークレットヴァウ)																																																									
2021101535	2024-09-28	4中山8		12.0	3歳以上2勝クラス								ルメール		ダ1200				1:12.9	2.3		2-3	33.3-37.3	39.4	486(+8)					曇		16.0	7.0	14.0	8.2	5.0	13	54.0	良	**	**		カンパニョーラ																																																									
2021101535	2024-10-13	4東京3		12.0	西湖特別(2勝クラス)								斎藤新		ダ1300				1:18.0	0.4		1-1	29.7-35.9	36.3	480(-6)				155.0	晴		11.0	6.0	6.0	11.4	6.0	5	55.0	良	**	**		ガンウルフ																																																									
2021101535	2024-11-03	6京都2		7.0	3歳以上2勝クラス								岩田望来		ダ1200				1:11.5	-0.4		1-1	34.8-36.7	36.7	482(+2)				1140.0	晴		12.0	1.0	1.0	7.2	4.0	1	55.0	重	**	**		(メイショウタイゲイ)																																																									
2021101535	2024-12-22	5中山8		12.0	フェアウェルS(3勝クラス)								三浦皇成		ダ1200				1:12.5	1.7		1-1	33.3-37.5	39.2	484(+2)					晴		16.0	6.0	12.0	17.5	5.0	11	55.0	良	**	**		ケイアイアニラ																																																									
2021101535	2025-02-01	1小倉3		11.0	巌流島S(3勝クラス)								斎藤新		芝1200				1:13.7	3.7		4-8	33.0-37.0	40.0	484(0)					雨		18.0	6.0	11.0	24.0	13.0	18	53.0	重	**	**		フィオライア																																																									
2021101535	2025-04-13	1福島2		10.0	やまびこS(3勝クラス)								三浦皇成		ダ1150				1:11.9	3.2		5-9	30.4-38.3	40.8	476(-8)					雨		16.0	7.0	14.0	40.1	9.0	16	56.0	良	**	**		シークレットヴァウ																																																									
2021101554	2024-03-30	2阪神3		4.0	3歳未勝利								柴田裕一		芝1400				1:23.8	1.9		15-16	35.0-35.2	35.1	472(0)					晴		18.0	4.0	8.0	425.5	15.0	15	54.0	良	**	**		ガロンヌ																																																									
2021101554	2024-06-16	4京都6		2.0	3歳未勝利								小沢大仁		ダ1800				1:54.3	0.3		4-4-4-4	36.8-37.8	37.9	474(+2)				220.0	晴		16.0	6.0	12.0	141.5	10.0	2	56.0	稍	**	**		メイショウソウタ																																																									
2021101554	2024-06-23	4京都8		2.0	3歳未勝利								松山弘平		ダ1800				1:52.1	0.0		5-5-4-2	36.5-37.1	36.8	476(+2)				385.0	小雨		16.0	8.0	15.0	2.2	1.0	1	57.0	不	**	**		(バトンインディ)																																																									
2021101554	2024-07-14	3小倉6		12.0	3歳以上1勝クラス								柴田裕一		ダ1700				1:45.1	2.1		10-11-12-12	29.4-36.9	37.9	476(0)					雨		16.0	6.0	12.0	7.2	5.0	10	52.0	不	**	**		バガリーロータス																																																									
2021101554	2024-09-08	3中京2		7.0	3歳以上1勝クラス								柴田裕一		ダ1900				2:00.7	1.6		9-9-9-8	31.2-37.2	37.8	472(-4)				120.0	晴		9.0	1.0	1.0	17.7	6.0	4	52.0	良	**	**		リューデスハイム																																																									
2021101554	2024-09-29	3中京9		4.0	3歳以上1勝クラス								柴田裕一		ダ1900				1:59.1	-0.6		3-3-4-4	31.1-37.4	36.9	470(-2)				800.0	曇		9.0	2.0	2.0	5.3	4.0	1	52.0	重	**	**		(マサハヤウォルズ)																																																									
2021101554	2024-12-07	4中京3		10.0	鳴海特別(2勝クラス)								柴田裕一		ダ1800				1:53.2	1.2		7-7-8-8	37.2-36.9	37.3	464(-6)					曇		16.0	4.0	8.0	33.8	8.0	9	57.0	良	**	**		スナークラファエロ																																																									
2021101554	2024-12-22	7京都8		9.0	クリスマスエルフ賞(2勝クラス)								柴田裕一		ダ1800				1:55.7	1.9		9-9-11-10	37.2-38.6	39.0	470(+6)					晴		16.0	3.0	6.0	19.0	7.0	13	57.0	良	**	**		タンゴバイラリン																																																									
2021101554	2025-01-18	1中京6		9.0	濃尾特別(2勝クラス)								難波剛健		ダ1800				1:54.7	0.6		11-11-15-12	37.8-36.7	36.4	468(-2)					晴		16.0	3.0	5.0	138.5	14.0	6	57.0	良	**	**		マーブルマウンテン																																																									
2021101554	2025-05-11	1新潟4		10.0	五泉特別(2勝クラス)								柴田裕一		ダ1800				1:55.0	1.3		10-10-12-12	36.2-39.9	39.8	476(+8)					曇		15.0	7.0	13.0	18.0	7.0	10	54.0	稍	**	**		プレイサーゴールド																																																									
2021101554	2025-07-12	2福島5		9.0	信夫山特別(2勝クラス)								国分恭介		芝2600				2:44.3	1.1		10-10-2-2	38.4-36.4	37.3	480(+4)					曇		12.0	7.0	9.0	41.1	11.0	6	58.0	良	**	**		ロードオールライト																																																									
2021101554	2025-08-17	1札幌8		12.0	阿寒湖特別(2勝クラス)								柴田裕一		芝2600				2:44.4	1.2		6-6-6-8	37.7-36.6	37.2	482(+2)					曇		14.0	6.0	9.0	147.8	11.0	8	58.0	稍	**	**		レクスノヴァス																																																									
2021101554	2025-08-30	2札幌3		11.0	札幌日刊スポーツ杯(2勝クラス)								柴田裕一		芝2000				2:05.7	2.2		3-4-5-8	37.3-36.7	38.4	482(0)					曇		14.0	5.0	8.0	229.7	13.0	11	58.0	稍	**	**		ミラージュナイト																																																									
2021101554	2025-11-01	3京都10		8.0	3歳以上2勝クラス								柴田裕一		ダ1800				1:50.3	1.2		10-9-9-11	35.4-36.6	36.7	480(-2)					晴		15.0	4.0	7.0	51.5	12.0	7	56.0	重	**	**		アーロンイメル																																																									
2021101554	2025-11-23	4京都6		8.0	3歳以上2勝クラス								柴田裕一		ダ1800				1:54.1	1.9		13-13-13-14	37.6-36.1	36.9	480(0)					晴		14.0	6.0	9.0	148.2	10.0	11	56.0	良	**	**		モックモック																																																									
2021101554	2026-01-18	1京都7		10.0	大津特別(2勝クラス)								鮫島克駿		ダ1800				1:54.2	0.6		15-15-14-15	37.5-37.4	36.5	488(+8)																																																													晴		16.0	5.0	10.0	139.4	11.0	7	58.0	良	**	**		バッケンレコード	202608010710
2021101580	2023-11-25	5東京7		5.0	2歳新馬								三浦皇成		芝1600				1:35.3	0.4		5-5	35.9-34.1	34.0	484(0)				72.0																																											曇		18.0	1.0	2.0	10.9	3.0	5	55.0	良	**	**		ゼーゼマン															
2021101580	2023-12-16	5中山5		4.0	2歳未勝利								横山武史		芝1800				1:48.7	-0.2		1-1-1-1	37.2-35.4	35.4	480(-4)				550.0																																											晴		16.0	5.0	10.0	4.3	3.0	1	55.0	良	**	**		(バロネッサ)															
2021101580	2024-01-07	1中山2		11.0	フェアリーS(GIII)								三浦皇成		芝1600				1:34.4	0.4		4-4-4	34.7-35.1	35.2	468(-12)																																															曇		14.0	3.0	4.0	20.4	7.0	10	55.0	良	**	**		イフェイオン															
2021101580	2024-03-10	2中山6		11.0	アネモネS(L)								石橋脩		芝1600				1:34.7	0.1		1-1-1	34.5-36.0	36.1	462(-6)				503.8																																											晴		12.0	5.0	6.0	20.4	9.0	3	55.0	良	**	**		キャットファイト															
2021101580	2024-03-31	3中山4		6.0	3歳1勝クラス								石橋脩		芝1600				1:34.3	0.6		1-1-1	35.5-34.9	35.5	464(+2)																																															晴		11.0	2.0	2.0	3.4	2.0	6	55.0	良	**	**		ケイケイ															
2021101580	2024-06-08	3東京3		7.0	3歳以上1勝クラス								三浦皇成		芝1600				1:33.6	0.2		1-1	36.0-34.2	34.4	466(+2)				120.0																																											晴		13.0	6.0	9.0	3.9	2.0	4	53.0	良	**	**		ハリケーンリッジ															
2021101580	2024-06-30	2福島2		11.0	ラジオNIKKEI賞(GIII)								吉田豊		芝1800				1:45.6	0.3		1-1-1-1	34.5-35.0	35.3	466(0)				620.0																																											雨		12.0	2.0	2.0	25.4	12.0	4	51.0	良	**	**		オフトレイル															
2021101580	2025-01-26	1中山9		12.0	4歳以上1勝クラス								戸崎圭太		芝1600				1:33.8	-0.4		1-1-1	34.7-35.8	35.8	470(+4)				800.0																																											晴		14.0	3.0	4.0	3.5	2.0	1	55.0	良	**	**		(ソルトブリーズ)															
2021101580	2025-04-05	3中山3		8.0	4歳以上2勝クラス								遠藤汰月		芝1600				1:34.0	0.9		2-2-1	34.0-36.1	37.0	468(-2)																																															晴		13.0	4.0	4.0	3.8	2.0	9	53.0	良	**	**		サムハンター															
2021101580	2025-07-27	2新潟2		6.0	豊栄特別(2勝クラス)								吉田豊		芝1600				1:32.1	0.3		2-2	34.1-33.9	33.5	480(+12)				393.4																																											晴		11.0	8.0	10.0	12.3	4.0	3	54.0	良	**	**		コートアリシアン															
2021101580	2025-09-14	4中山4		9.0	御宿特別(2勝クラス)								吉田豊		芝1600				1:33.9	0.4		1-3-2	36.5-33.0	33.1	476(-4)				392.9																																											曇		8.0	4.0	4.0	3.5	2.0	3	56.0	良	**	**		ケイデンシーマーク															
2021101580	2025-10-25	3京都8		8.0	3歳以上2勝クラス								松山弘平		芝1800				1:46.5	0.8		7-8	35.0-34.4	34.5	478(+2)																																															曇		12.0	3.0	3.0	5.0	3.0	9	56.0	良	**	**		ネブラディスク															
2021101580	2025-12-21	5中山6		12.0	3歳以上2勝クラス								横山武史		芝1600				1:36.3	1.8		1-1-2	35.5-35.8	37.6	478(0)																																															雨		16.0	3.0	6.0	5.0	3.0	16	56.0	重	**	**		メタルスピード															
2021101701	2023-07-30	1札幌4		5.0	2歳新馬								松山弘平		芝1800				1:53.7	2.1		4-5-5-4	37.9-34.5	36.2	448(0)																																	曇		12.0	3.0	3.0	9.7	5.0	12	55.0	良	**	**		パワーホール																													
2021101701	2023-08-19	2札幌3		1.0	2歳未勝利								鮫島克駿		芝1800				1:52.2	3.7		8-7-9-9	36.3-35.6	37.9	450(+2)																																	晴		12.0	4.0	4.0	81.1	8.0	11	55.0	良	**	**		セットアップ																													
2021101701	2024-02-17	1東京7		5.0	3歳未勝利								菱田裕二		芝2400				2:28.0	0.2		3-3-2-2	36.5-34.6	34.7	450(0)				140.0																													曇		18.0	5.0	9.0	57.7	10.0	3	57.0	良	**	**		リアルファインド																													
2021101701	2024-04-14	3中山8		4.0	3歳未勝利								モレイラ		芝2200				2:13.8	-0.1		6-6-7-4	36.3-35.8	35.2	446(-4)				550.0																													晴		17.0	6.0	11.0	2.9	1.0	1	57.0	良	**	**		(ブラックバラード)																													
2021101701	2024-07-13	1函館11		7.0	3歳以上1勝クラス								佐々木大		芝2600				2:43.3	0.8		7-7-6-7	38.4-36.4	36.5	456(+10)				200.0																													晴		12.0	7.0	10.0	15.8	7.0	3	55.0	良	**	**		ゴージョニーゴー																													
2021101701	2024-08-10	2札幌1		8.0	3歳以上1勝クラス								佐々木大		芝2600				2:42.0	0.6		3-4-2-3	36.5-36.9	37.2	458(+2)				120.0																													晴		11.0	4.0	4.0	2.8	1.0	4	55.0	良	**	**		ウインネモフィラ																													
2021101701	2024-09-29	4中山9		7.0	3歳以上1勝クラス								モレイラ		芝2200				2:14.6	1.2		16-16-13-9	37.1-34.6	34.9	450(-8)																																	曇		17.0	8.0	16.0	6.0	3.0	7	55.0	良	**	**		コンフェルマ																													
2021101701	2025-03-15	2中京1		8.0	4歳以上1勝クラス								佐々木大		芝2200				2:16.3	1.2		9-10-11-10	36.3-35.2	35.6	438(-12)																																	曇		18.0	6.0	12.0	26.1	7.0	12	57.0	良	**	**		ファミリータイム																													
2021101701	2025-08-17	2新潟8		11.0	3歳以上1勝クラス								大野拓弥		芝2400				2:28.2	2.8		9-9-10-10	35.3-36.2	37.4	454(+16)																																	晴		11.0	3.0	3.0	43.4	9.0	10	58.0	良	**	**		オビドス																													
2021101701	2025-08-31	3新潟4		9.0	瓢湖特別(1勝クラス)								大野拓弥		芝2200				2:14.0	0.4		1-1-1-1	35.6-35.5	35.9	454(0)				170.0																													晴		11.0	6.0	8.0	182.2	10.0	4	58.0	良	**	**		トリプルコーク																													
2021101701	2025-09-27	4中山8		7.0	3歳以上1勝クラス								大野拓弥		芝2200				2:13.1	0.6		11-11-12-9	36.9-34.5	34.3	458(+4)				120.0																													晴		16.0	7.0	14.0	19.1	6.0	4	58.0	良	**	**		サンカシグレ																													
2021101701	2025-11-22	3福島5		9.0	高湯温泉特別(1勝クラス)								荻野極		芝1800				1:48.7	0.2		10-9-7-8	36.4-34.7	34.3	456(-2)																																	晴		16.0	7.0	14.0	25.2	7.0	6	58.0	良	**	**		バルナバ																													
2021101701	2026-01-11	1中山4		8.0	4歳以上1勝クラス								荻野極		芝1600				1:33.7	1.6		12-14-13	33.8-35.3	35.6	454(-2)																																	晴		16.0	5.0	9.0	38.0	8.0	8	58.0	良	**	**		クライスレリアーナ																													
2021101701	2026-01-17	1中山6		7.0	4歳以上1勝クラス								荻野極		芝2200				2:12.0	-0.1		7-6-5-6	36.6-35.6	35.2	450(-4)				820.0																													晴		12.0	6.0	7.0	12.3	6.0	1	58.0	良				(サラスヴァティー)																													
2021101724	2023-06-04	3東京2		5.0	2歳新馬								武豊		芝1600				1:36.8	2.2		5-5	37.1-33.3	34.9	476(0)																																															晴		11.0	6.0	6.0	51.2	8.0	8	55.0	稍	**	**		ボンドガール															
2021101724	2023-08-19	2札幌3		1.0	2歳未勝利								佐々木大		芝1800				1:50.4	1.9		8-7-6-7	36.3-35.6	36.3	472(-4)				83.0																																											晴		12.0	5.0	5.0	62.6	7.0	4	54.0	良	**	**		セットアップ															
2021101724	2023-09-18	4中山5		2.0	2歳未勝利								佐々木大		芝1600				1:35.6	0.2		1-1-1	35.5-35.6	35.8	466(-6)				220.0																																											晴		16.0	3.0	6.0	19.5	7.0	2	54.0	良	**	**		ミエノブラボー															
2021101724	2024-01-20	1中山6		5.0	3歳未勝利								石川裕紀		芝1600				1:34.4	-0.1		2-2-2	35.3-35.1	34.6	468(+2)				550.0																																											曇		16.0	8.0	16.0	13.7	7.0	1	55.0	良	**	**		(ソルレース)															
2021101724	2024-03-10	2中山6		11.0	アネモネS(L)								石川裕紀		芝1600				1:35.2	0.6		2-4-4	34.5-36.0	36.2	466(-2)																																															晴		12.0	8.0	12.0	37.6	10.0	8	55.0	良	**	**		キャットファイト															
2021101724	2024-03-31	3中山4		6.0	3歳1勝クラス								丹内祐次		芝1600				1:34.2	0.5		3-3-5	35.5-34.9	35.1	462(-4)				120.0																																											晴		11.0	6.0	7.0	26.2	8.0	4	55.0	良	**	**		ケイケイ															
2021101724	2024-06-16	1函館4		9.0	八雲特別(1勝クラス)								永野猛蔵		芝1800				1:48.9	0.8		6-6-8-9	35.6-34.9	35.1	468(+6)				55.5																																											雨		10.0	7.0	7.0	16.7	6.0	5	53.0	良	**	**		ジャスティンアース															
2021101724	2024-06-30	1函館8		8.0	3歳以上1勝クラス								永野猛蔵		芝1800				1:48.8	0.0		2-2-2-2	36.4-35.4	35.3	468(0)				800.0																																											曇		15.0	3.0	5.0	23.0	8.0	1	53.0	良	**	**		(ブルーアイドガール)															
2021101724	2024-09-07	4中山1		11.0	紫苑S(GII)								永野猛蔵		芝2000				1:57.6	1.0		10-10-10-10	34.7-34.0	33.9	462(-6)																																															晴		13.0	8.0	13.0	104.5	13.0	9	55.0	良	**	**		クリスマスパレード															
2021101724	2024-09-29	4中山9		10.0	サクラバクシンオーC(2勝クラス)								永野猛蔵		芝1800				1:47.5	0.2		6-9-10-11	36.2-36.2	35.5	466(+4)				628.8																																											曇		14.0	6.0	10.0	8.8	4.0	2	52.0	良	**	**		エレクトリックブギ															
2021101724	2024-12-08	5中山4		9.0	チバテレ杯(2勝クラス)								丹内祐次		芝2000				1:59.9	-0.1		7-7-7-7	36.2-36.0	35.5	476(+10)				1585.0																																											晴		16.0	5.0	9.0	4.4	2.0	1	55.0	良	**	**		(ビターグラッセ)															
2021101724	2025-01-11	1中山3		11.0	迎春S(3勝クラス)								丹内祐次		芝2200				2:13.3	0.3		6-6-5-7	36.2-35.8	35.6	480(+4)				280.0																																											晴		13.0	5.0	6.0	19.1	8.0	4	55.0	良	**	**		ホーエリート															
2021101724	2025-03-02	1小倉12		11.0	関門橋S(3勝クラス)								丹内祐次		芝2000				2:04.6	0.2		6-7-7-9	37.4-36.9	36.6	478(-2)				184.0																																											曇		13.0	3.0	3.0	4.3	1.0	5	56.0	重	**	**		アスクドゥポルテ															
2021101724	2025-04-20	1福島4		11.0	福島牝馬S(GIII)								武藤雅		芝1800				1:47.5	1.3		9-10-11-11	35.2-35.2	35.1	474(-4)																																															曇		16.0	7.0	13.0	37.5	12.0	13	55.0	良	**	**		アドマイヤマツリ															
2021101724	2025-05-24	2京都9		10.0	シドニーT(3勝クラス)								幸英明		芝2000				2:05.1	0.1		2-2-2-2	39.7-34.1	34.1	480(+6)				280.0																																											雨		8.0	6.0	6.0	29.0	7.0	4	56.0	稍	**	**		ランスオブクイーン															
2021101724	2025-06-21	3阪神5		10.0	ストークS(3勝クラス)								幸英明		芝2200				2:12.1	0.1		8-9-8-8	35.3-35.4	34.9	476(-4)				747.4																																											晴		12.0	8.0	11.0	16.6	6.0	2	54.0	良	**	**		ヴェルテンベルク															
2021101724	2025-08-02	1札幌3		11.0	STV賞(3勝クラス)								丹内祐次		芝2000				2:00.6	0.4		8-7-7-8	36.1-35.2	35.1	480(+4)																																															晴		16.0	2.0	3.0	9.7	3.0	10	55.0	良	**	**		エープラス															
2021101724	2025-12-14	5阪神4		9.0	オリオンS(3勝クラス)								横山武史		芝2200				2:12.9	1.3		14-14-14-14	34.8-35.2	34.9	490(+10)																																															晴		15.0	8.0	15.0	12.3	5.0	8	56.0	良	**	**		エコロディノス															
2021101724	2025-12-28	5阪神8		10.0	サンクフルS(3勝クラス)								吉田隼人		芝2000				2:01.1	1.0		5-7-7-7	37.5-34.6	35.0	492(+2)																																															晴		11.0	8.0	10.0	20.4	5.0	10	56.0	良	**	**		ローランドバローズ															
2021101737	2023-07-16	3中京6		5.0	2歳新馬								菱田裕二		芝1600				1:35.3	-0.8		2-2-2	37.3-34.5	34.3	472(0)				720.0	晴		12.0	5.0	6.0	3.0	1.0	1	55.0	良	**	**		(アンモード)																																																									
2021101737	2023-08-27	3新潟6		11.0	新潟2歳S(GIII)								菱田裕二		芝1600				1:34.7	0.9		8-11	35.4-34.0	33.7	480(+8)					晴		12.0	3.0	3.0	4.8	3.0	7	55.0	良	**	**		アスコリピチェーノ																																																									
2021101737	2023-11-11	3京都3		11.0	デイリー杯2歳S(GII)								幸英明		芝1600				1:34.8	0.3		6-6	35.0-35.0	34.9	482(+2)				1511.2	曇		11.0	8.0	10.0	23.5	8.0	2	56.0	稍	**	**		ジャンタルマンタル																																																									
2021101737	2023-12-17	5阪神6		11.0	朝日フューチュリティ(GI)								幸英明		芝1600				1:34.7	0.9		7-8	34.1-35.4	35.6	488(+6)					晴		17.0	8.0	15.0	52.9	8.0	13	56.0	良	**	**		ジャンタルマンタル																																																									
2021101737	2024-02-11	1東京6		11.0	共同通信杯(GIII)								キングス		芝1800				1:49.3	1.3		7-3-2	37.3-33.1	33.9	488(0)					曇		10.0	8.0	10.0	178.6	10.0	9	57.0	良	**	**		ジャスティンミラノ																																																									
2021101737	2024-03-16	1中京3		11.0	中スポ賞ファルコンS(GIII)								菊沢一樹		芝1400				1:20.9	0.7		12-12	33.8-34.7	34.5	488(0)					晴		17.0	6.0	12.0	71.2	13.0	8	57.0	良	**	**		ダノンマッキンリー																																																									
2021101737	2024-04-06	3中山5		11.0	ニュージーランドT(GII)								北村宏司		芝1600				1:35.0	0.6		12-11-9	36.0-35.5	35.2	488(0)					曇		16.0	3.0	6.0	33.0	8.0	9	57.0	稍	**	**		エコロブルーム																																																									
2021101737	2024-05-05	2東京6		11.0	NHKマイルC(GI)								菱田裕二		芝1600				1:33.4	1.0		6-6	34.3-34.1	34.6	490(+2)					晴		18.0	4.0	8.0	498.9	18.0	10	57.0	良	**	**		ジャンタルマンタル																																																									
2021101737	2024-06-22	4京都7		10.0	ストークS(3勝クラス)								幸英明		芝1400				1:20.8	0.4		17-16	34.8-33.9	33.1	490(0)					曇		17.0	8.0	15.0	6.7	3.0	8	54.0	良	**	**		ジョウショーホープ																																																									
2021101737	2024-09-28	4中山8		11.0	秋風S(3勝クラス)								佐々木大		芝1600				1:34.5	1.2		3-5-5	35.3-34.3	35.1	500(+10)					曇		15.0	1.0	2.0	34.9	7.0	12	56.0	良	**	**		トロヴァトーレ																																																									
2021101737	2024-10-14	4東京4		10.0	白秋S(3勝クラス)								鮫島克駿		芝1400				1:21.5	1.3		13-13	34.6-33.9	33.8	502(+2)					晴		14.0	8.0	13.0	32.8	7.0	13	54.0	良	**	**		ソンシ																																																									
2021101737	2024-11-17	5東京6		10.0	秋色S(3勝クラス)								松岡正海		芝1600				1:34.7	2.5		13-13	34.1-34.9	34.3	498(-4)					晴		13.0	4.0	5.0	95.3	11.0	13	54.0	良	**	**		レガトゥス																																																									
2021101737	2024-12-22	5中山8		12.0	フェアウェルS(3勝クラス)								大野拓弥		ダ1200				1:11.6	0.8		15-15	33.3-37.5	36.4	502(+4)				749.6	晴		16.0	7.0	13.0	46.6	9.0	2	57.0	良	**	**		ケイアイアニラ																																																									
2021101737	2025-01-18	1中京6		11.0	遠江S(3勝クラス)								ルメート		ダ1400				1:24.2	0.9		14-14	35.3-35.8	35.5	502(0)					晴		16.0	2.0	3.0	26.1	10.0	7	57.0	良	**	**		モズミギカタアガリ																																																									
2021101737	2025-02-10	1京都3		9.0	橿原S(3勝クラス)								岩田望来		ダ1200				1:12.6	0.4		12-13	35.8-36.4	35.7	506(+4)				464.0	晴		13.0	3.0	3.0	6.5	4.0	3	58.0	良	**	**		ペプチドヤマト																																																									
2021101737	2025-03-23	1阪神8		10.0	鳴門S(3勝クラス)								吉村誠之		ダ1400				1:26.5	1.9		15-15	35.4-36.8	36.9	504(-2)					晴		16.0	5.0	9.0	28.6	7.0	11	58.0	良	**	**		ジャスティンアース																																																									
2021101737	2025-06-15	3阪神4		12.0	リボン賞(3勝クラス)								高杉吏麒		ダ1200				1:10.9	0.5		16-16	33.8-36.6	34.9	510(+6)				184.0	晴		16.0	4.0	7.0	34.2	9.0	5	56.0	重	**	**		ムーヴ																																																									
2021101737	2025-09-28	4中山9		12.0	外房S(3勝クラス)								丹内祐次		ダ1200				1:11.2	0.3		15-16	33.7-37.2	35.5	506(-4)				465.4	晴		16.0	4.0	8.0	20.0	10.0	3	56.0	良	**	**		カズゴルティス																																																									
2021101737	2025-11-09	4京都2		10.0	貴船S(3勝クラス)								北村友一		ダ1200				1:10.4	0.5		6-5	34.1-35.8	35.6	514(+8)					小雨		12.0	8.0	11.0	14.3	4.0	6	58.0	不	**	**		アガシ																																																									
2021101737	2025-12-13	5中山3		10.0	アクアラインS(3勝クラス)								横山琉人		ダ1200				1:11.2	0.3		15-13	34.1-36.8	35.5	514(0)					曇		15.0	7.0	12.0	7.9	3.0	6	56.0	良	**	**		モンドプリューム																																																									
2021101737	2026-01-05	1京都2		10.0	門松S(3勝クラス)								団野大成		ダ1200				1:11.5	0.3		12-12	34.9-36.3	35.2	512(-2)				280.0	晴		16.0	3.0	6.0	29.5	8.0	4	58.0	良	**	**		ヒルノドゴール																																																									
2021101793	2023-10-14	4新潟1		5.0	2歳新馬								藤田菜七		ダ1200				1:14.8	1.4		2-2	35.9-37.5	38.8	428(0)				180.0																													晴		15.0	3.0	4.0	20.5	6.0	3	53.0	良	**	**		トニーテソーロ																													
2021101793	2023-11-11	3福島3		1.0	2歳未勝利								藤田菜七		ダ1150				1:11.3	2.1		11-11	32.2-37.0	38.2	434(+6)																																	曇		16.0	4.0	7.0	29.1	6.0	7	53.0	稍	**	**		パルプフィクション																													
2021101793	2024-01-21	1小倉4		7.0	3歳未勝利								丸山元気		芝1200				1:11.5	0.6		1-1	35.1-35.8	36.4	436(+2)																																	曇		18.0	8.0	17.0	83.4	13.0	6	55.0	重	**	**		ビアフォーナウ																													
2021101793	2024-02-03	1小倉7		3.0	3歳未勝利								丸山元気		ダ1000				1:00.4	1.5		10-9	34.5-36.1	36.6	444(+8)				55.0																													曇		14.0	5.0	7.0	16.1	4.0	5	55.0	良	**	**		ジェネラーレ																													
2021101793	2024-03-02	2中山3		1.0	3歳未勝利								長浜鴻緒		ダ1200				1:12.6	0.2		4-4	34.0-38.4	38.3	442(-2)				220.0																													晴		16.0	2.0	3.0	51.1	8.0	2	52.0	重	**	**		ペイシャニット																													
2021101793	2024-03-16	2中山7		1.0	3歳未勝利								長浜鴻緒		ダ1200				1:12.9	1.3		7-7	33.6-38.0	38.1	440(-2)				140.0																													晴		16.0	3.0	5.0	12.7	4.0	3	52.0	稍	**	**		ホークレア																													
2021101793	2024-04-07	3中山6		1.0	3歳未勝利								長浜鴻緒		ダ1200				1:10.9	-0.4		2-2	33.9-37.0	36.9	442(+2)				550.0																													曇		16.0	5.0	9.0	2.2	1.0	1	52.0	重	**	**		(クミンフレイバー)																													
2021101793	2024-06-09	1函館2		7.0	3歳以上1勝クラス								長浜鴻緒		ダ1000				0:59.6	0.8		5-4	35.2-35.5	36.0	454(+12)				200.0																													小雨		10.0	8.0	10.0	4.5	4.0	3	50.0	良	**	**		レアグリフォン																													
2021101793	2024-06-22	1函館5		8.0	3歳以上1勝クラス								長浜鴻緒		ダ1000								34.6-36.0		450(-4)																																	曇		12.0	5.0	5.0	11.5	6.0	中	50.0	良	**	**		サザンカ																													
2021101793	2024-07-13	1函館11		12.0	3歳以上1勝クラス								長浜鴻緒		芝1200				1:10.5	0.4		5-9	34.6-35.5	35.3	450(0)																																	晴		13.0	1.0	1.0	5.1	2.0	7	50.0	良	**	**		ハートホイップ																													
2021101793	2024-07-28	1札幌4		8.0	3歳以上1勝クラス								長浜鴻緒		芝1200				1:10.7	1.1		1-2	34.2-35.4	36.5	442(-8)																																	曇		14.0	1.0	1.0	6.9	3.0	13	50.0	稍	**	**		ロードトレイル																													
2021101793	2024-08-10	2札幌1		12.0	3歳以上1勝クラス								長浜鴻緒		芝1200				1:09.1	0.5		10-12	32.8-35.8	35.0	452(+10)																																	晴		16.0	3.0	5.0	61.4	12.0	7	51.0	良	**	**		ジョーメッドヴィン																													
2021101793	2024-09-01	2札幌8		6.0	3歳以上1勝クラス								長浜鴻緒		芝1200				1:10.4	0.5		14-12	34.0-35.9	35.3	450(-2)				80.0																													晴		16.0	4.0	7.0	8.5	4.0	5	51.0	稍	**	**		レザンノワール																													
2021101793	2024-11-16	3福島5		8.0	3歳以上1勝クラス								長浜鴻緒		芝1200				1:10.7	1.1		3-2	34.6-35.0	35.7	438(-12)																																	晴		15.0	1.0	1.0	26.5	8.0	14	52.0	良	**	**		ファイツオン																													
2021101793	2024-12-15	4中京6		2.0	3歳以上1勝クラス								丸山元気		ダ1200				1:12.9	1.4		5-5	34.6-36.9	37.6	456(+18)				80.0																													晴		16.0	7.0	14.0	23.3	7.0	5	55.0	良	**	**		メイショウキルギス																													
2021101793	2025-01-06	1中山2		4.0	4歳以上1勝クラス								丸山元気		ダ1200				1:12.8	0.6		10-12	33.8-38.4	38.0	466(+10)																																	曇		16.0	7.0	13.0	12.6	8.0	10	56.0	良	**	**		ホウオウフロイト																													
2021101793	2025-03-22	2中山7		6.0	4歳以上1勝クラス								長浜鴻緒		ダ1200				1:13.3	1.2		11-11	34.7-37.4	37.8	464(-2)																																	晴		16.0	2.0	3.0	38.1	11.0	13	53.0	稍	**	**		オセアエクスプレス																													
2021101793	2025-05-10	1新潟3		12.0	4歳以上1勝クラス								長浜鴻緒		ダ1200				1:13.0	2.1		11-11	34.1-36.8	37.8	460(-4)																																	曇		14.0	8.0	13.0	40.1	10.0	11	54.0	稍	**	**		モリノレッドスター																													
2021101793	2025-07-19	2福島7		12.0	3歳以上1勝クラス								野中悠太		ダ1150				1:09.8	0.0		6-6	32.7-37.1	36.4	460(0)				320.0																													晴		11.0	5.0	5.0	132.3	9.0	2	56.0	良	**	**		グラスブランシュ																													
2021101793	2025-08-03	2新潟4		10.0	3歳以上1勝クラス								野中悠太		ダ1200				1:12.6	0.5		10-10	34.9-37.2	36.8	462(+2)																																	晴		15.0	7.0	12.0	34.9	10.0	6	56.0	良	**	**		サマースイートピー																													
2021101793	2025-09-20	4中山6		3.0	3歳以上1勝クラス								野中悠太		ダ1200				1:11.9	0.4		8-9	33.2-38.3	37.7	464(+2)				120.0																													曇		16.0	4.0	8.0	27.3	8.0	4	56.0	重	**	**		ニシノクードクール																													
2021101793	2025-11-08	3福島1		4.0	3歳以上1勝クラス								野中悠太		ダ1150				1:09.9	1.4		15-14	31.3-37.2	36.6	464(0)																																	晴		16.0	4.0	7.0	14.5	6.0	11	56.0	良	**	**		ハニーローリエ																													
2021101793	2026-01-04	1中山1		8.0	4歳以上1勝クラス								野中悠太		ダ1200				1:12.1	0.0		9-9	33.8-38.3	37.4	476(+12)				330.0																													晴		16.0	6.0	11.0	21.5	10.0	2	56.0	稍	**	**		ラヴァグロウ																													
2021101793	2026-01-17	1中山6		6.0	4歳以上1勝クラス								野中悠太		ダ1200				1:12.9	1.0		11-12	34.3-37.6	37.9	480(+4)																																	晴		16.0	7.0	14.0	13.4	6.0	11	56.0	良				メッエフアパラ																													
2021101928	2023-12-24	5中山8		6.0	2歳新馬								ムーア		芝1600				1:36.6	-0.1		2-2-3	36.8-35.4	35.3	478(0)				720.0	曇		13.0	7.0	12.0	1.5	1.0	1	56.0	良	**	**		(クーリッジテソーロ)																																																									
2021101928	2024-01-06	1中山1		10.0	ジュニアC(L)								佐々木大		芝1600				1:33.9	1.4		4-6-6	34.8-34.6	35.4	476(-2)					晴		10.0	5.0	5.0	21.1	9.0	8	57.0	良	**	**		キャプテンシー																																																									
2021101928	2024-02-25	2中山2		4.0	3歳1勝クラス								キング		ダ1800				1:55.1	1.3		2-2-2-2	38.6-36.9	38.1	472(-4)				120.0	小雨		12.0	5.0	5.0	7.1	5.0	4	57.0	稍	**	**		ラオラシオン																																																									
2021101928	2024-03-10	2中山6		6.0	3歳1勝クラス								岩田康誠		ダ1800				1:57.0	2.9		4-5-7-10	36.8-39.3	41.5	470(-2)					晴		16.0	5.0	9.0	24.5	6.0	11	57.0	稍	**	**		サトノエピック																																																									
2021101928	2024-11-23	5東京7		6.0	3歳以上1勝クラス								ムーア		ダ1600				1:36.9	0.7		3-3	34.7-36.4	36.8	468(-2)				320.0	晴		16.0	7.0	13.0	19.9	7.0	2	57.0	稍	**	**		ダノンザボルケーノ																																																									
2021101928	2024-12-14	5中山5		8.0	3歳以上1勝クラス								ムーア		ダ1800				1:55.2	0.1		2-2-2-2	37.7-39.4	39.4	468(0)				320.0	晴		16.0	2.0	4.0	4.1	2.0	2	57.0	良	**	**		フリーマントル																																																									
2021101928	2024-12-22	5中山8		7.0	3歳以上1勝クラス								ムーア		ダ1800				1:55.5	0.4		3-3-2-2	37.7-39.7	40.0	468(0)				320.0	晴		16.0	6.0	11.0	6.1	5.0	2	57.0	良	**	**		ドバイブルース																																																									
2021101928	2025-02-02	1東京2		7.0	4歳以上1勝クラス								キング		ダ1600				1:37.7	0.2		2-2	34.7-38.4	38.6	458(-10)				320.0	小雨		16.0	5.0	9.0	2.7	1.0	2	58.0	稍	**	**		マスグラバイト																																																									
2021101928	2025-05-31	2東京11		8.0	4歳以上1勝クラス								レーン		ダ1600				1:35.4	0.0		1-1	35.0-35.9	35.9	468(+10)				320.0	小雨		16.0	5.0	10.0	1.5	1.0	2	58.0	不	**	**		サンドオブエテル																																																									
2021101928	2025-06-21	3東京5		12.0	3歳以上1勝クラス								レーン		ダ1600				1:36.6	-0.2		3-3	34.7-37.0	36.6	462(-6)				800.0	晴		16.0	1.0	2.0	2.0	1.0	1	58.0	良	**	**		(キョウエイカンセ)																																																									
2021101928	2025-07-26	2新潟1		6.0	麒麟山特別(2勝クラス)								キング		ダ1800				1:55.7	3.3		2-1-1-2	37.8-37.2	40.5	462(0)					晴		15.0	3.0	4.0	4.3	3.0	15	58.0	良	**	**		クラウンシエンタ																																																									
2021102079	2023-09-30	4阪神8		5.0	2歳新馬								武豊		芝1800				1:48.1	0.9		10-10	35.6-34.9	35.0	500(0)																			晴		12.0	5.0	6.0	7.0	4.0	7	55.0	良	**	**		サイレント																																											
2021102079	2024-02-10	2京都5		1.0	3歳未勝利								武豊		ダ1800				1:55.1	-0.5		1-1-1-1	36.7-39.8	39.8	500(0)				550.0															曇		14.0	3.0	3.0	2.4	1.0	1	55.0	良	**	**		(ミスパープル)																																											
2021102079	2024-03-23	2阪神1		9.0	君子蘭賞(1勝クラス)								武豊		芝1800				1:49.2	0.9		2-2	36.1-35.2	36.0	496(-4)																			小雨		7.0	5.0	5.0	4.8	3.0	6	55.0	重	**	**		ミエスペランサ																																											
2021102079	2024-04-07	2阪神6		5.0	3歳1勝クラス								ムルザバ		ダ1400				1:25.4	1.0		7-8	33.8-38.3	38.4	488(-8)																			晴		16.0	7.0	14.0	6.1	3.0	6	55.0	良	**	**		リジル																																											
2021102079	2024-06-23	4京都8		7.0	3歳以上1勝クラス								坂井瑠星		ダ1800				1:51.8	0.3		2-2-2-2	35.1-38.2	38.4	502(+14)																			雨		15.0	8.0	15.0	3.5	1.0	7	53.0	不	**	**		オーケーカルメン																																											
2021102079	2024-07-14	1函館12		7.0	3歳以上1勝クラス								富田暁		ダ1700				1:45.1	0.4		1-1-1-1	29.3-37.6	38.0	496(-6)				320.0															晴		14.0	1.0	1.0	8.8	4.0	2	53.0	良	**	**		エリカサファイア																																											
2021102079	2024-08-04	1札幌6		7.0	3歳以上1勝クラス								武豊		ダ1700				1:46.9	0.3		2-3-3-2	30.7-38.9	39.0	496(0)				320.0															曇		13.0	8.0	12.0	2.0	1.0	2	53.0	稍	**	**		タマモプルメリア																																											
2021102079	2024-08-24	2札幌5		8.0	3歳以上1勝クラス								武豊		ダ1700				1:46.6	-0.2		1-1-1-1	30.1-39.1	39.1	502(+6)				800.0															晴		12.0	6.0	8.0	1.7	1.0	1	53.0	良	**	**		(メイショウリリー)																																											
2021102079	2024-11-03	6京都2		8.0	3歳以上2勝クラス								西村淳也		ダ1400				1:24.6	1.0		2-2	33.9-37.8	38.6	502(0)				170.0															晴		9.0	5.0	5.0	3.8	2.0	4	55.0	重	**	**		ローズバルサム																																											
2021102079	2024-11-24	6京都8		8.0	3歳以上2勝クラス								藤岡佑介		ダ1400				1:24.3	0.0		1-1	34.7-37.6	37.6	500(-2)				1140.0															曇		16.0	6.0	12.0	2.9	1.0	1	55.0	良	**	**		(セミマル)																																											
2021102079	2025-01-05	1中京1		10.0	門松S(3勝クラス)								松山弘平		ダ1200				1:11.6	0.0		2-2	35.5-36.1	35.9	500(0)				1875.0															晴		16.0	5.0	10.0	4.7	2.0	1	56.0	良	**	**		(スマートアイ)																																											
2021102079	2025-02-09	1京都4		10.0	令月S(OP)								松山弘平		ダ1200				1:12.5	1.3		1-1	35.2-36.0	37.3	506(+6)																			晴		16.0	2.0	4.0	10.3	5.0	11	54.0	稍	**	**		ロードアウォード																																											
2021102079	2025-05-04	1新潟2		11.0	越後S(OP)								高倉稜		ダ1200				1:14.1	3.1		1-2	33.6-37.4	40.5	502(-4)																			晴		15.0	7.0	13.0	27.4	12.0	13	56.0	稍	**	**		ブシン																																											
2021102079	2025-05-18	2京都8		11.0	栗東S(L)								高倉稜		ダ1400				1:24.7	2.3		7-7	34.7-35.8	37.4	498(-4)																			曇		16.0	1.0	2.0	67.8	12.0	16	53.0	稍	**	**		コンティノアール																																											
2021102079	2025-10-26	4新潟4		11.0	ルミエールオータムD(L)								富田暁		芝1000				0:56.6	1.3		1	32.7-33.2	34.5	504(+6)																			雨		17.0	8.0	16.0	11.6	4.0	14	53.0	稍	**	**		イコサン																																											
2021102079	2026-01-18	1中山7		10.0	ジャニュアリーS(OP)								北村宏司		ダ1200				1:11.8	1.2		2-3	33.3-37.3	38.3	504(0)																																																													晴		16.0	8.0	15.0	227.7	16.0	12	55.0	良	**	**		モンドプリューム	202606010710
2021102083	2024-01-06	1京都1		4.0	3歳新馬								幸英明		ダ1800				1:57.5	0.4		3-4-2-2	38.8-37.5	37.8	496(0)				250.0																													晴		16.0	6.0	12.0	11.0	5.0	2	57.0	良	**	**		テーオーパスワード																													
2021102083	2024-01-21	1京都7		1.0	3歳未勝利								幸英明		ダ1900				1:59.6	-0.1		3-3-3-2	30.2-36.6	36.4	490(-6)				550.0																													小雨		10.0	8.0	10.0	3.6	2.0	1	57.0	不	**	**		(カズヴィトシャ)																													
2021102083	2024-03-17	1阪神8		6.0	3歳1勝クラス								武豊		ダ1800				1:54.9	0.4		6-6-4-3	37.6-37.9	37.7	484(-6)				200.0																													雨		15.0	3.0	5.0	10.3	4.0	3	57.0	良	**	**		クロドラバール																													
2021102083	2024-04-06	2阪神5		5.0	3歳1勝クラス								幸英明		ダ1800				1:54.7	2.9		3-3-3-3	37.2-36.4	39.1	484(0)																																	晴		12.0	8.0	12.0	14.6	5.0	8	57.0	稍	**	**		ムルソー																													
2021102083	2024-12-08	4中京4		9.0	大須特別(1勝クラス)								西塚洸二		ダ1800				1:55.2	1.6		1-2-4-4	37.1-38.5	39.8	496(+12)																																	晴		9.0	3.0	3.0	5.7	4.0	6	57.0	良	**	**		キングオブフジ																													
2021102083	2024-12-28	7京都9		8.0	3歳以上1勝クラス								荻野極		ダ1800				1:56.8	3.0		8-8-12-15	36.9-38.7	40.7	498(+2)																																	晴		16.0	5.0	9.0	33.1	10.0	14	57.0	良	**	**		ペンナヴェローチェ																													
2021102083	2025-02-23	1京都8		8.0	4歳以上1勝クラス								富田暁		ダ1800				1:54.3	0.2		2-2-2-1	37.5-38.1	38.2	498(0)				320.0																													曇		12.0	7.0	9.0	10.0	5.0	2	57.0	良	**	**		シャハザマーン																													
2021102083	2025-03-16	1阪神6		8.0	4歳以上1勝クラス								富田暁		ダ1800				1:54.9	0.0		3-3-2-2	37.2-40.1	39.9	492(-6)				800.0																													雨		13.0	6.0	8.0	3.3	1.0	1	58.0	重	**	**		(ワイドブリザード)																													
2021102083	2025-04-27	2京都2		12.0	4歳以上2勝クラス								武豊		ダ1800				1:52.0	0.0		1-1-2-2	37.0-37.2	37.1	492(0)				1140.0																													晴		12.0	5.0	5.0	12.8	6.0	1	58.0	良	**	**		(ワイドブリザード)																													
2021102083	2025-05-17	2京都7		10.0	上賀茂S(3勝クラス)								シュタル		ダ1800				1:53.6	5.2		3-3-10-16	35.6-36.0	39.7	486(-6)																																	晴		16.0	1.0	1.0	15.5	6.0	16	58.0	不	**	**		グーデンドラーク																													
2021102083	2025-09-15	4阪神5		11.0	JRAアニバーサリー(3勝クラス)								和田竜二		ダ1800				1:54.0	2.4		4-4-4-6	36.7-38.5	39.6	500(+14)																																	晴		14.0	8.0	13.0	16.9	6.0	9	56.0	良	**	**		バスタードサフラン																													
2021102083	2025-10-11	3京都3		11.0	御陵S(3勝クラス)								富田暁		ダ1900				2:00.4	2.8		2-2-5-12	30.0-37.7	39.8	492(-8)																																	晴		16.0	2.0	3.0	58.8	11.0	14	55.0	良	**	**		タガノバビロン																													
2021102083	2026-01-17	1京都6		11.0	羅生門S(3勝クラス)								松若風馬		ダ1400				1:25.6	1.7		6-9	35.3-36.2	37.3	498(+6)																																	晴		16.0	5.0	9.0	104.3	12.0	15	58.0	良				エストレヤデベレン																													
2021102106	2023-09-16	4中山3		5.0	2歳新馬								丸山元気		芝1800				1:49.8	0.2		3-4-5-4	38.2-34.7	34.4	484(0)				180.0	晴		9.0	8.0	9.0	2.9	2.0	3	55.0	良	**	**		ミアネーロ																																																									
2021102106	2023-10-08	4東京2		2.0	2歳未勝利								丸山元気		芝1600				1:34.3	0.1		6-6	34.9-35.3	34.8	474(-10)				220.0	曇		14.0	7.0	12.0	4.2	2.0	2	56.0	良	**	**		スパークリシャール																																																									
2021102106	2023-10-29	4東京9		2.0	2歳未勝利								モレイラ		芝1600				1:34.7	0.2		7-6	35.7-34.0	33.5	476(+2)				140.0	曇		12.0	7.0	10.0	1.9	1.0	3	56.0	良	**	**		シトラール																																																									
2021102106	2023-11-26	5東京8		2.0	2歳未勝利								モレイラ		芝1600				1:35.1	0.0		5-6	36.0-34.3	33.7	484(+8)				550.0	曇		18.0	1.0	2.0	2.1	1.0	1	56.0	良	**	**		(ピックアチェリー)																																																									
2021102106	2024-02-18	1東京8		5.0	3歳1勝クラス								石川裕紀		芝1600				1:36.2	0.5		6-4	36.2-34.0	34.3	472(-12)					晴		12.0	8.0	11.0	22.6	6.0	6	57.0	良	**	**		ポッドテオ																																																									
2021102106	2024-03-16	2中山7		6.0	3歳1勝クラス								石川裕紀		芝1600				1:35.3	0.5		6-6-6	35.1-35.3	34.9	476(+4)				120.0	晴		9.0	8.0	9.0	13.2	4.0	4	57.0	良	**	**		ユキノロイヤル																																																									
2021102106	2024-04-06	1福島1		9.0	ひめさゆり賞(1勝クラス)								丸山元気		芝2000				2:00.5	0.4		9-9-11-12	34.4-35.5	35.0	466(-10)					曇		13.0	2.0	2.0	17.2	5.0	6	57.0	良	**	**		キープカルム																																																									
2021102106	2024-06-23	3東京8		7.0	3歳以上1勝クラス								石川裕紀		芝1800				1:47.0	0.9		3-5-4	35.6-34.8	35.0	460(-6)				200.0	曇		13.0	8.0	13.0	22.3	6.0	3	55.0	稍	**	**		アスクカムオンモア																																																									
2021102106	2024-09-22	4中山7		7.0	3歳以上1勝クラス								津村明秀		芝1600				1:32.6	0.0		11-8-7	34.5-35.1	34.2	476(+16)				320.0	曇		16.0	5.0	10.0	6.3	3.0	2	56.0	良	**	**		マンウォル																																																									
2021102106	2024-10-26	4新潟7		9.0	柏崎特別(1勝クラス)								丸山元気		芝1600				1:34.1	-0.3		8-8	35.7-33.8	33.3	474(-2)				1160.4	晴		16.0	7.0	14.0	3.3	2.0	1	56.0	良	**	**		(シルバースペード)																																																									
2021102106	2024-12-22	5中山8		10.0	オルフェーヴルC(2勝クラス)								丸山元気		芝1600				1:33.7	0.3		16-15-15	34.6-35.6	34.2	476(+2)				395.3	晴		16.0	5.0	9.0	7.1	4.0	3	57.0	良	**	**		ピックアチェリー																																																									
2021102106	2025-01-11	1中山3		12.0	4歳以上2勝クラス								丸山元気		芝1600				1:33.6	0.4		7-7-4	35.3-34.8	34.0	474(-2)				290.0	晴		10.0	4.0	4.0	3.2	1.0	3	57.0	良	**	**		ウインレイアー																																																									
2021102106	2025-01-25	1中山8		9.0	東雲賞(2勝クラス)								菅原明良		芝1600				1:35.5	0.4		9-10-10	36.7-34.4	33.9	478(+4)					曇		10.0	8.0	10.0	3.7	2.0	6	57.0	良	**	**		ユキノロイヤル																																																									
2021102106	2025-05-03	1新潟1		10.0	胎内川特別(2勝クラス)								丸山元気		芝1800				1:47.2	0.6		10-10	36.2-34.4	34.2	464(-14)					晴		10.0	2.0	2.0	4.7	3.0	8	57.0	良	**	**		ライラスター																																																									
2021102106	2025-08-30	3新潟3		10.0	赤倉特別(2勝クラス)								嶋田純次		芝1800				1:48.8	0.6		11-11	38.0-32.8	32.5	472(+8)				230.0	晴		13.0	4.0	4.0	34.3	9.0	4	56.0	良	**	**		アスクセクシーモア																																																									
2021102106	2025-09-21	4中山7		9.0	木更津特別(2勝クラス)								嶋田純次		芝1600				1:32.4	0.4		8-8-7	34.2-35.4	34.5	472(0)				230.0	曇		9.0	1.0	1.0	16.2	4.0	4	58.0	良	**	**		ヒシアマン																																																									
2021102106	2025-11-02	4東京11		9.0	国立特別(2勝クラス)								嶋田純次		芝1600				1:33.7	0.6		6-6	36.3-33.1	33.2	470(-2)					曇		10.0	8.0	10.0	52.4	8.0	6	58.0	良	**	**		エンペラーズソード																																																									
2021102106	2025-11-29	5東京7		12.0	3歳以上2勝クラス								嶋田純次		芝1600				1:34.5	0.7		3-4	35.3-33.9	34.3	476(+6)				170.0	晴		9.0	6.0	6.0	42.8	5.0	4	58.0	良	**	**		アンパドゥ																																																									
2021102244	2023-11-04	5東京1	晴	4.0	2歳新馬		16.0	1.0	1.0	5.6	2.0	3	横山武史	56.0	ダ1600		良	**	1:39.3	0.8	**	1-1	35.5-37.4	38.2	528(0)			アッシュルバニパル	180.0																																																																							
2021102244	2023-11-18	3京都5	曇	1.0	2歳未勝利		16.0	6.0	11.0	2.2	1.0	2	川田将雅	56.0	ダ1400		重	**	1:24.9	0.1	**	2-1	35.1-37.3	37.4	518(-10)			フラムリンガム	220.0																																																																							
2021102244	2024-01-21	1京都7	曇	3.0	3歳未勝利		12.0	5.0	6.0	1.4	1.0	3	川田将雅	57.0	ダ1400		不	**	1:23.4	0.0	**	2-2	35.4-35.8	35.7	522(+4)			ヴォルスター	140.0																																																																							
2021102244	2024-01-28	2京都2	晴	1.0	3歳未勝利		15.0	2.0	3.0	1.4	1.0	2	松山弘平	57.0	ダ1200		良	**	1:13.4	0.5	**	2-2	35.1-37.8	38.3	518(-4)			アスタールテニウム	220.0																																																																							
2021102244	2024-03-24	1中京6	曇	1.0	3歳未勝利		16.0	1.0	1.0	1.3	1.0	1	川田将雅	57.0	ダ1200		重	**	1:10.7	-0.4	**	1-1	35.1-35.6	35.6	516(-2)			(ストライクオン)	550.0																																																																							
2021102244	2024-06-08	4京都3	晴	12.0	3歳以上1勝クラス		15.0	7.0	14.0	6.4	3.0	7	吉村誠之	52.0	ダ1400		良	**	1:25.7	1.4	**	9-9	34.7-37.4	36.9	520(+4)			カズゴルティス																																																																								
2021102244	2024-06-30	3小倉2	曇	7.0	3歳以上1勝クラス		14.0	7.0	11.0	1.8	1.0	10	川田将雅	55.0	ダ1000		重	**	0:58.1	1.2	**	10-9	33.1-34.8	34.6	514(-6)			プリンセスカレン																																																																								
2021102244	2024-09-16	3中京5	晴	6.0	3歳以上1勝クラス		15.0	8.0	15.0	2.6	1.0	2	川田将雅	56.0	ダ1400		稍	**	1:24.1	0.2	**	2-3	34.8-37.3	37.4	516(+2)			ライズンシャイン	320.0																																																																							
2021102244	2024-10-14	4東京4	晴	6.0	3歳以上1勝クラス		16.0	5.0	9.0	2.1	1.0	2	川田将雅	56.0	ダ1400		良	**	1:24.7	0.1	**	2-2	36.0-36.3	36.3	516(0)			カリフォルニア	320.0																																																																							
2021102244	2024-11-30	7京都1	晴	8.0	3歳以上1勝クラス		15.0	8.0	15.0	2.7	1.0	3	川田将雅	57.0	ダ1400		稍	**	1:26.3	0.1	**	2-3	35.6-38.1	38.0	516(0)			モズナイスバディー	200.0																																																																							
2021102244	2024-12-21	7京都7	曇	8.0	3歳以上1勝クラス		16.0	2.0	3.0	2.7	1.0	5	川田将雅	57.0	ダ1400		良	**	1:25.8	1.0	**	4-5	35.4-36.9	37.6	516(0)			ビダーヤ	80.0																																																																							
2021102244	2025-01-19	1中京7	晴	8.0	4歳以上1勝クラス		16.0	3.0	6.0	2.6	1.0	1	川田将雅	57.0	ダ1400		良	**	1:24.8	0.0	**	4-3	34.6-38.0	37.3	514(-2)			(マテンロウミラクル)	800.0																																																																							
2021102244	2025-03-23	1阪神8	晴	12.0	4歳以上2勝クラス		16.0	8.0	15.0	6.1	3.0	9	川田将雅	58.0	ダ1400		良	**	1:25.6	1.4	**	8-8	34.2-37.5	38.0	512(-2)			ビダーヤ																																																																								
2021102244	2025-04-06	2阪神4	晴	7.0	4歳以上2勝クラス		10.0	4.0	4.0	11.2	4.0	8	松山弘平	58.0	ダ1800		良	**	1:55.3	1.8	**	9-9-8-7	37.4-38.7	39.8	512(0)			ペンナヴェローチェ																																																																								
2021102244	2025-05-11	1新潟4	曇	10.0	五泉特別(2勝クラス)		15.0	3.0	5.0	19.1	8.0	11	亀田温心	55.0	ダ1800		稍	**	1:55.1	1.4	**	2-2-4-4	36.2-39.9	40.9	522(+10)			プレイサーゴールド																																																																								
2021102244	2025-06-08	3東京2	曇	12.0	小金井特別(2勝クラス)		14.0	6.0	10.0	14.1	6.0	8	佐々木大	58.0	ダ1600		良	**	1:37.6	1.7	**	1-1	34.8-36.5	38.2	514(-8)			ゴールデンオスカー																																																																								
2021102244	2025-08-26	盛岡	曇	10.0	東京カップけやき賞(A)		10.0	1.0	1.0	10.4	5.0	6	高松亮	56.0	ダ1600		良	**	1:39.3	2.7	**	2-7		40.8	518(+4)			グランドセントラル																																																																								
2021102244	2025-09-28	4阪神9	晴	1.0	障害3歳以上未勝利		12.0	8.0	13.0	5.5	3.0	10	中村将之	60.0	障2970		良		3:29.0	4.2		4-4-8-10	105.1-0.0	14.1	526(+8)			フームスムート																																																																								
2021102273	2024-03-23	3中山1		4.0	3歳未勝利								原優介		芝1600				1:37.7	2.9		14-14-15	35.9-35.1	36.2	500(0)																			曇		16.0	7.0	13.0	14.3	6.0	15	56.0	良	**	**		テセラリアン																																											
2021102273	2024-05-19	2東京10		4.0	3歳未勝利								木幡巧也		芝1800				1:48.5	1.3		9-9-9	36.8-34.6	35.0	488(-12)																			曇		14.0	3.0	4.0	32.6	5.0	6	57.0	良	**	**		ヴァイザーブリック																																											
2021102273	2025-01-18	佐賀		1.0	C2ー27組								石川倭		ダ1400				1:31.5	0.0		6-6-4-3		38.2	522(+34)				7.2															晴		10.0	1.0	1.0	4.6	2.0	3	56.0	良	**	**		サイファーシチー																																											
2021102273	2025-02-01	佐賀		2.0	C2ー26組								石川倭		ダ1400				1:34.3	-1.1		7-7-4-1		39.6	511(-11)				40.0															雨		11.0	2.0	2.0	1.6	1.0	1	56.0	稍	**	**		(サンアントニオ)																																											
2021102273	2025-02-16	佐賀		3.0	C2ー19組								山口勲		ダ1400				1:32.9	-0.7		3-2-2-1		39.1	501(-10)				40.0															曇		10.0	8.0	10.0	1.0	1.0	1	56.0	不	**	**		(ヴィライザベル)																																											
2021102273	2025-03-06	佐賀		1.0	C2ー12組								山口勲		ダ1400				1:32.7	-0.6		6-3-4-2		40.2	493(-8)				40.0															曇		12.0	1.0	1.0	1.4	1.0	1	56.0	重	**	**		(ロトプレシャス)																																											
2021102273	2025-03-23	佐賀		1.0	C2ー5組								山口勲		ダ1400				1:31.6	-0.8		4-4-2-1		39.9	489(-4)				40.0															晴		11.0	8.0	10.0	1.3	1.0	1	56.0	良	**	**		(エイルリシュリュー)																																											
2021102273	2025-04-20	佐賀		7.0	UMATENA青木ひ(C1)								山口勲		ダ1400				1:30.9	-0.5		1-2-1-1		38.5	494(+5)				42.0															曇		11.0	8.0	11.0	1.2	1.0	1	56.0	重	**	**		(ダノンクック)																																											
2021102273	2025-10-25	4新潟3		8.0	3歳以上1勝クラス								舟山瑠泉		ダ1800				1:58.8	6.1		4-7-9-11	36.3-38.0	43.1	500(+6)																			晴		14.0	7.0	11.0	83.9	9.0	14	55.0	良	**	**		サンカルミア																																											
2021102273	2025-12-28	5中山8		7.0	3歳以上1勝クラス								佐々木大		ダ1200				1:13.6	1.6		12-12	34.4-37.6	38.2	496(-4)																			晴		16.0	7.0	13.0	163.6	14.0	10	58.0	良	**	**		タイセイルヴァン																																											
2021102273	2026-01-18	1中山7		6.0	4歳以上1勝クラス								佐々木大		ダ1800				1:58.9	3.3		13-14-13-14	38.5-38.6	40.4	492(-4)																																																													晴		14.0	1.0	1.0	310.0	13.0	13	58.0	良	**	**		リラゲイル	202606010706
2021102303	2024-01-07	1京都2		2.0	3歳新馬								永島まな		ダ1800				1:58.0	2.4		5-4-7-8	37.8-38.3	40.0	448(0)																																															晴		14.0	2.0	3.0	11.7	5.0	6	52.0	良	**	**		メイショウタムシバ															
2021102303	2024-01-14	1京都5		1.0	3歳未勝利								池添謙一		ダ1800				1:57.1	1.5		5-3-3-3	36.8-39.4	40.7	444(-4)																																															晴		12.0	7.0	9.0	14.8	5.0	8	55.0	良	**	**		クラヴィコード															
2021102303	2024-02-10	2小倉1		1.0	3歳未勝利								丹内祐次		ダ1700				1:48.4	1.2		10-9-7-4	30.4-37.6	37.9	436(-8)																																															晴		14.0	3.0	4.0	36.8	9.0	7	55.0	稍	**	**		ルフトクス															
2021102303	2024-05-04	3京都5		1.0	3歳未勝利								田口貫太		ダ1400				1:29.0	2.7		14-13	35.2-38.5	39.7	446(+10)																																															晴		16.0	4.0	7.0	123.9	11.0	15	54.0	良	**	**		トウカイポワール															
2021102303	2024-08-24	2札幌5		6.0	3歳未勝利								高杉吏麒		芝1500				1:30.7	2.1		12-8-5	29.7-35.2	36.5	468(+22)																																															晴		14.0	6.0	9.0	357.9	13.0	10	52.0	良	**	**		アドマイヤアストラ															
2021102303	2024-10-23	笠松		2.0	C18組								渡辺竜也		ダ1400				1:29.6	-0.1		3-3-2		38.5	475(+7)				40.0																																											曇		10.0	8.0	10.0	2.0	1.0	1	54.0	稍	**	**		(ボーズマン)															
2021102303	2024-11-15	笠松		10.0	雪待月特別(C)								渡辺竜也		ダ1400				1:30.3	0.7		3-2-2		40.2	473(-2)				10.0																																											曇		10.0	8.0	10.0	1.6	1.0	3	54.0	良	**	**		スカイイズユアーズ															
2021102303	2024-11-27	笠松		6.0	C13組								渡辺竜也		ダ1400				1:30.2	-0.7		3-3-2		39.8	472(-1)				40.0																																											曇		10.0	4.0	4.0	1.3	1.0	1	54.0	重	**	**		(デクランシェ)															
2021102303	2025-03-02	1阪神2		7.0	4歳以上1勝クラス								高杉吏麒		ダ1400				1:27.7	1.6		13-13	35.4-38.0	38.3	456(-16)																																															小雨		16.0	2.0	4.0	103.6	12.0	12	55.0	良	**	**		ヴェロクオーレ															
2021102303	2025-05-11	2京都6		8.0	4歳以上1勝クラス								古川吉洋		ダ1400				1:26.4	0.9		13-13	35.9-37.2	36.6	460(+4)																																															曇		14.0	3.0	4.0	321.9	14.0	7	56.0	稍	**	**		メイショウザンゲツ															
2021102303	2025-06-28	2小倉1		8.0	3歳以上1勝クラス								Ｍ．デム		ダ1700				1:49.2	4.4		14-14-13-15	29.1-37.4	40.0	464(+4)																																															晴		15.0	7.0	13.0	99.5	14.0	13	56.0	良	**	**		レイナデアルシーラ															
2021102303	2025-08-09	1札幌5		8.0	3歳以上1勝クラス								松本大輝		ダ1700				1:47.1	1.6		11-11-10-11	29.9-38.9	37.8	470(+6)																																															晴		11.0	8.0	11.0	300.6	11.0	9	55.0	重	**	**		ナリタヒカリ															
2021102303	2025-08-24	2札幌2		8.0	3歳以上1勝クラス								松本大輝		ダ1700				1:48.0	2.4		7-6-8-9	30.5-38.7	39.1	468(-2)																																															晴		11.0	4.0	4.0	367.8	11.0	10	55.0	良	**	**		エンプレスフレーム															
2021102303	2025-09-06	2札幌5		8.0	3歳以上1勝クラス								松本大輝		ダ1700				1:47.7	2.2		13-14-13-9	29.3-39.6	39.6	470(+2)																																															曇		14.0	5.0	7.0	354.7	13.0	8	55.0	良	**	**		ルージュミラージュ															
2021102303	2025-11-08	4京都1		7.0	3歳以上1勝クラス								古川吉洋		ダ1400				1:25.0	1.1		16-16	34.6-37.4	36.1	464(-6)																																															晴		16.0	3.0	5.0	490.3	16.0	8	56.0	良	**	**		ランスオブセヘル															
2021102303	2025-12-07	5中京2		2.0	3歳以上1勝クラス								松本大輝		ダ1400				1:26.7	1.5		14-12	34.8-37.6	37.7	466(+2)																																															晴		16.0	4.0	8.0	270.9	12.0	13	55.0	良	**	**		マーゴットレーヴ															
2021102336	2023-08-13	3小倉2		6.0	2歳新馬								和田竜二		芝1200				1:10.4	1.3		4-6	34.5-34.6	35.6	452(0)					晴		12.0	6.0	8.0	11.9	6.0	6	55.0	良	**	**		パッシングシャワー																																																									
2021102336	2023-09-03	3小倉8		2.0	2歳未勝利								角田大河		芝1200				1:09.9	0.8		7-8	34.2-34.9	35.1	446(-6)					晴		14.0	1.0	1.0	145.2	13.0	8	54.0	良	**	**		モンシュマン																																																									
2021102336	2024-02-03	2京都3		3.0	3歳未勝利								角田大河		ダ1400				1:26.6	1.4		2-2	35.1-37.5	38.7	456(+10)					曇		14.0	6.0	9.0	36.7	7.0	6	56.0	良	**	**		キングツェッペリン																																																									
2021102336	2024-02-18	2京都8		2.0	3歳未勝利								泉谷楓真		ダ1200				1:13.6	1.0		6-7	35.8-36.8	37.2	450(-6)					曇		15.0	1.0	1.0	32.8	6.0	7	56.0	稍	**	**		プロミシングスター																																																									
2021102336	2024-03-30	2阪神3		2.0	3歳未勝利								柴田裕一		ダ1200				1:14.3	0.9		13-15	35.6-37.8	37.2	456(+6)					晴		16.0	1.0	1.0	12.8	6.0	6	54.0	稍	**	**		カレンマウラー																																																									
2021102336	2024-04-27	1新潟1		3.0	3歳未勝利								柴田裕一		ダ1200				1:13.8	2.4		10-11	33.9-37.5	37.8	454(-2)					晴		15.0	5.0	9.0	35.6	8.0	9	54.0	良	**	**		アメリカンチケット																																																									
2021102336	2024-06-01	4京都1		3.0	3歳未勝利								角田大河		ダ1200				1:13.5	1.2		5-5	35.1-37.2	38.0	452(-2)					晴		16.0	2.0	4.0	73.2	10.0	9	56.0	稍	**	**		イエデゴロゴロ																																																									
2021102336	2024-07-06	3小倉3		3.0	3歳未勝利								永島まな		ダ1000				0:58.3	-0.2		7-4	33.6-35.8	34.9	442(-10)				550.0	晴		14.0	3.0	4.0	47.3	9.0	1	55.0	良	**	**		(ポートカルタヘナ)																																																									
2021102336	2024-09-01	2中京8		12.0	3歳以上1勝クラス								永島まな		ダ1200				1:10.5	1.0		4-6	34.1-35.4	36.0	456(+14)				120.0	曇		16.0	4.0	8.0	10.3	4.0	4	54.0	重	**	**		フィルムアクトレス																																																									
2021102336	2024-09-16	3中京5		12.0	3歳以上1勝クラス								柴田裕一		ダ1200				1:10.8	0.3		3-3	34.1-36.4	36.3	452(-4)				200.0	晴		12.0	7.0	10.0	10.9	5.0	3	53.0	良	**	**		フェンダー																																																									
2021102336	2024-10-14	4新潟4		8.0	3歳以上1勝クラス								柴田裕一		ダ1200				1:11.2	0.0		2-2	34.4-36.8	36.8	452(0)				320.0	晴		8.0	2.0	2.0	2.6	1.0	2	54.0	良	**	**		テイエムヒショウ																																																									
2021102336	2024-12-07	4中京3		8.0	3歳以上1勝クラス								柴田裕一		ダ1200				1:12.3	0.2		7-8	35.4-36.7	36.3	450(-2)				120.0	曇		15.0	3.0	5.0	2.0	1.0	4	54.0	良	**	**		カツラノキサノキ																																																									
2021102336	2024-12-22	7京都8		7.0	3歳以上1勝クラス								岩田望来		ダ1200				1:15.9	3.0		2-4	35.5-37.4	40.4	456(+6)					晴		16.0	1.0	1.0	3.5	1.0	16	57.0	良	**	**		ヤマカツパトリシア																																																									
2021102336	2025-01-12	1中京4		8.0	4歳以上1勝クラス								永島まな		ダ1200				1:12.4	0.2		3-4	36.2-36.0	35.9	456(0)				120.0	曇		16.0	5.0	9.0	10.7	6.0	4	56.0	良	**	**		マイネルフォーコン																																																									
2021102336	2025-02-16	1小倉8		3.0	4歳以上1勝クラス								永島まな		ダ1000				0:59.1	0.9		12-12	33.9-35.9	35.7	452(-4)					曇		14.0	4.0	5.0	5.0	3.0	6	56.0	良	**	**		ジェネラーレ																																																									
2021102336	2025-03-22	2中京3		12.0	4歳以上1勝クラス								角田大和		ダ1200				1:11.4	0.0		2-2	34.8-36.6	36.5	458(+6)				800.0	晴		16.0	8.0	16.0	5.4	3.0	1	58.0	良	**	**		(カネコメファミリー)																																																									
2021102336	2025-04-12	2阪神5		12.0	4歳以上2勝クラス								西塚洸二		ダ1200				1:12.4	0.7		14-11	34.8-36.9	36.4	456(-2)					曇		16.0	7.0	14.0	14.7	6.0	9	57.0	良	**	**		メイショウホウレン																																																									
2021102336	2025-06-14	3阪神3		10.0	安芸特別(2勝クラス)								角田大和		ダ1200				1:11.7	1.9		6-6	34.7-35.1	36.3	462(+6)					雨		16.0	5.0	10.0	22.6	7.0	6	58.0	重	**	**		エコロアゼル																																																									
2021102336	2025-08-30	4中京3		9.0	清洲特別(2勝クラス)								角田大和		ダ1200				1:12.1	1.1		10-9	34.0-37.0	36.5	466(+4)					晴		16.0	8.0	15.0	17.9	6.0	9	58.0	良	**	**		メイショウヤーキス																																																									
2021102336	2025-11-15	4京都3		9.0	深草特別(2勝クラス)								幸英明		ダ1200				1:12.1	1.1		4-4	34.6-36.4	36.8	464(-2)					晴		15.0	8.0	15.0	30.6	9.0	11	58.0	良	**	**		ジェネラーレ																																																									
2021102336	2025-12-14	5阪神4		8.0	3歳以上2勝クラス								池添謙一		ダ1200				1:12.4	1.3		11-11	34.2-36.9	36.1	466(+2)					晴		11.0	3.0	3.0	46.7	9.0	10	58.0	良	**	**		クーデール																																																									
2021102371	2023-08-27	3新潟6		6.0	2歳新馬								岩田康誠		ダ1200				1:17.5	3.8		9-9	35.5-38.2	39.3	482(0)																																															晴		14.0	7.0	12.0	2.1	1.0	9	55.0	良	**	**		セイウンサニー															
2021102371	2023-10-15	4東京5		1.0	2歳未勝利								大野拓弥		ダ1400				1:26.5	1.4		1-1	35.1-37.6	39.0	476(-6)				83.0																																											雨		13.0	8.0	13.0	4.0	3.0	4	55.0	不	**	**		タリスマン															
2021102371	2023-12-16	5中山5		1.0	2歳未勝利								大野拓弥		ダ1200				1:12.4	0.4		8-6	33.8-38.2	37.7	484(+8)				220.0																																											晴		16.0	6.0	12.0	10.0	4.0	2	55.0	稍	**	**		チュウワキャリア															
2021102371	2024-02-24	2中山1		3.0	3歳未勝利								大野拓弥		ダ1200				1:12.4	1.1		13-12	34.5-36.8	36.6	482(-2)				140.0																																											晴		16.0	3.0	5.0	3.5	1.0	3	55.0	稍	**	**		レヴィテーション															
2021102371	2024-03-09	2中山5		4.0	3歳未勝利								大野拓弥		ダ1200				1:11.9	-0.3		7-5	33.8-38.1	37.3	484(+2)				550.0																																											晴		16.0	4.0	7.0	1.8	1.0	1	55.0	重	**	**		(ノーブルシャン)															
2021102371	2024-04-14	3中山8		5.0	3歳1勝クラス								大野拓弥		ダ1200				1:11.9	1.3		11-12	34.3-36.3	36.2	482(-2)				120.0																																											晴		16.0	1.0	1.0	41.3	10.0	4	55.0	良	**	**		インビンシブルパパ															
2021102371	2024-05-26	2東京12		5.0	3歳1勝クラス								大野拓弥		ダ1400				1:25.8	1.1		15-14	35.8-36.5	36.4	484(+2)																																															晴		16.0	6.0	12.0	10.1	6.0	10	55.0	良	**	**		クインズデネブ															
2021102371	2024-07-13	2福島5		7.0	3歳以上1勝クラス								吉田豊		ダ1150				1:08.3	0.2		2-2	31.5-36.6	36.7	480(-4)				200.0																																											晴		16.0	8.0	16.0	8.8	4.0	3	53.0	稍	**	**		ヨーカイディスコ															
2021102371	2024-09-16	4中山5		12.0	3歳以上1勝クラス								吉田豊		ダ1200				1:12.2	0.6		9-9	33.2-38.4	37.2	478(-2)																																															曇		16.0	4.0	8.0	3.8	2.0	6	54.0	良	**	**		ノーブルゲイル															
2021102371	2024-11-16	3福島5		1.0	3歳以上1勝クラス								石田拓郎		ダ1150							15-15	31.2-37.6		474(-4)																																															晴		16.0	7.0	13.0	4.4	1.0	中	52.0	良	**	**		ハクサンアイ															
2021102371	2025-01-18	1中山6		6.0	4歳以上1勝クラス								長浜鴻緒		ダ1200				1:12.2	0.1		15-15	34.2-37.9	36.5	488(+14)				120.0																																											晴		16.0	2.0	3.0	8.4	6.0	4	53.0	良	**	**		クールソル															
2021102371	2025-01-25	1中山8		7.0	4歳以上1勝クラス								長浜鴻緒		ダ1200				1:11.8	0.5		9-9	33.4-37.9	37.4	486(-2)				200.0																																											曇		16.0	7.0	13.0	6.1	4.0	3	53.0	良	**	**		マイレーヌ															
2021102371	2025-03-15	2中山5		8.0	4歳以上1勝クラス								吉田豊		ダ1200				1:12.5	0.4		13-11	34.4-37.7	36.7	490(+4)				120.0																																											曇		16.0	3.0	5.0	4.1	2.0	4	56.0	稍	**	**		ヴェルトラウム															
2021102371	2025-03-30	3中山2		8.0	4歳以上1勝クラス								長浜鴻緒		ダ1200				1:13.0	0.7		14-15	36.0-36.3	35.7	488(-2)																																															晴		16.0	3.0	5.0	6.2	4.0	8	53.0	稍	**	**		セキテイオー															
2021102371	2025-04-20	3中山8		7.0	4歳以上1勝クラス								吉田豊		ダ1200				1:12.9	1.2		11-10	34.8-36.9	36.7	488(0)																																															曇		16.0	7.0	13.0	12.6	5.0	6	56.0	良	**	**		エコロエイト															
2021102371	2025-05-11	2京都6		8.0	4歳以上1勝クラス								シュタル		ダ1400				1:26.9	1.4		5-5	35.9-37.2	37.9	484(-4)																																															曇		14.0	7.0	11.0	8.0	4.0	11	56.0	稍	**	**		メイショウザンゲツ															
2021102371	2025-11-08	3福島1		4.0	3歳以上1勝クラス								上里直汰		ダ1150				1:09.6	1.1		10-13	31.3-37.2	37.0	504(+20)																																															晴		16.0	1.0	1.0	17.7	8.0	8	53.0	良	**	**		ハニーローリエ															
2021102388	2023-05-10	門別		3.0	JRA認定フレッシュ(新馬)(2歳)								服部茂史		ダ1100				1:09.8	0.7		5-3		38.7	462(0)				52.5															晴		8.0	7.0	7.0	20.2	4.0	3	54.0	良	**	**		コールブランド																																											
2021102388	2023-05-25	門別		3.0	JRA認定アタックチ(未勝利)(2歳)								服部茂史		ダ1200				1:14.7	1.0		3-2		39.1	458(-4)				33.6															晴		12.0	8.0	11.0	6.6	3.0	2	54.0	良	**	**		カプセル																																											
2021102388	2023-06-28	門別		2.0	JRA認定アタックチ(未勝利)(2歳)								落合玄太		ダ1200				1:14.7	-1.2		4-3		39.1	458(0)				120.0															曇		9.0	2.0	2.0	3.0	2.0	1	54.0	稍	**	**		(ミシロウェイ)																																											
2021102388	2023-07-27	門別		12.0	サッポロクラシックカ(重賞)								落合玄太		ダ1200				1:15.2	1.0		7-4		38.9	464(+6)				84.0															晴		12.0	3.0	3.0	2.8	1.0	3	54.0	良	**	**		オスカーブレイン																																											
2021102388	2023-08-20	2札幌4		8.0	クローバー賞(OP)								落合玄太		芝1500				1:33.0	0.2		3-3-2	31.3-37.0	37.0	458(-6)				645.6															曇		9.0	7.0	7.0	88.0	7.0	2	55.0	稍	**	**		コスモディナー																																											
2021102388	2023-09-02	2札幌7		11.0	札幌2歳S(GIII)								落合玄太		芝1800				1:53.8	3.3		6-8-8-7	36.8-36.5	38.8	458(0)																			曇		10.0	2.0	2.0	99.9	10.0	8	55.0	稍	**	**		セットアップ																																											
2021102388	2023-10-19	門別		10.0	アンバー特別(OP)(2歳)								落合玄太		ダ1200				1:14.0	-0.6		4-3		37.9	470(+12)				100.0															曇		9.0	6.0	6.0	2.0	1.0	1	56.0	稍	**	**		(エイシントルペード)																																											
2021102388	2023-11-12	盛岡		12.0	南部駒賞(重賞)								笹川翼		ダ1600				1:39.1	1.1		4-2		38.9	464(-6)				104.0															曇		9.0	4.0	4.0	3.6	2.0	4	55.0	不	**	**		フジユージーン																																											
2021102388	2024-01-06	1中山1		7.0	3歳1勝クラス								菅原明良		芝1200				1:08.1	0.5		11-9	32.9-34.7	34.0	452(-12)				120.0															晴		13.0	4.0	4.0	44.0	11.0	4	57.0	良	**	**		スピリットガイド																																											
2021102388	2024-02-10	1東京5		7.0	3歳1勝クラス								菅原明良		芝1400				1:22.5	1.6		11-11	35.3-33.8	33.9	448(-4)																			晴		13.0	8.0	13.0	101.6	10.0	10	57.0	良	**	**		ソンシ																																											
2021102388	2024-04-07	3中山6		7.0	3歳1勝クラス								吉田豊		芝1200				1:10.4	0.7		11-11	34.6-35.1	34.8	446(-2)																			晴		13.0	3.0	3.0	23.3	8.0	8	57.0	重	**	**		タイセイフェスタ																																											
2021102388	2024-04-13	1福島3		9.0	雪うさぎ賞(1勝クラス)								武藤雅		芝1200				1:09.8	1.3		12-13	33.9-34.6	34.7	440(-6)																			晴		16.0	7.0	14.0	48.0	13.0	9	57.0	良	**	**		モズトキキ																																											
2021102388	2024-07-14	1函館12		8.0	3歳以上1勝クラス								永野猛蔵		芝1200				1:09.3	0.3		9-10	33.1-35.9	34.4	456(+16)																			晴		15.0	8.0	14.0	20.8	9.0	9	55.0	良	**	**		アコルダール																																											
2021102388	2024-08-03	1札幌5		9.0	旭川特別(1勝クラス)								永野猛蔵		芝1500				1:29.2	0.7		9-9-11	29.5-35.3	34.7	462(+6)																			晴		14.0	7.0	11.0	63.5	11.0	8	55.0	良	**	**		ブルーミンデザイン																																											
2021102388	2024-10-26	4新潟7		7.0	3歳以上1勝クラス								松本大輝		ダ1800				1:54.3	1.1		8-6-8-8	37.0-38.1	38.4	458(-4)																			晴		13.0	8.0	13.0	28.6	6.0	8	55.0	良	**	**		カゼノランナー																																											
2021102388	2025-01-06	1中山2		12.0	4歳以上1勝クラス								丹内祐次		ダ1800				1:55.8	0.0		6-6-5-6	38.6-39.1	38.7	460(+2)				800.0															小雨		16.0	8.0	15.0	79.1	12.0	1	57.0	良	**	**		(ザロック)																																											
2021102388	2025-01-25	1中山8		10.0	初霞賞(2勝クラス)								大野拓弥		ダ1800				1:54.8	1.1		6-6-5-5	38.2-37.5	38.2	460(0)																			曇		13.0	2.0	2.0	109.2	10.0	7	57.0	良	**	**		アピーリングルック																																											
2021102388	2025-03-23	2中京4		10.0	弥富特別(2勝クラス)								荻野極		ダ1900				2:02.6	3.4		4-3-12-15	30.2-39.5	40.5	462(+2)																			晴		16.0	3.0	5.0	109.6	14.0	15	55.0	良	**	**		アスクデビューモア																																											
2021102388	2025-04-05	3中山3		10.0	千葉日報杯(2勝クラス)								木幡巧也		ダ1800				1:53.7	1.5		7-7-6-6	36.0-38.1	39.0	460(-2)																			晴		16.0	1.0	1.0	138.3	14.0	9	58.0	稍	**	**		ルージュアベリア																																											
2021102388	2025-06-29	2小倉2		1.0	障害3歳以上未勝利								五十嵐雄		障2860				3:12.9	1.3		6-6-8-7	105.1-0.0	13.5	466(+6)				84.0															晴		12.0	3.0	3.0	23.8	7.0	5	60.0	良				オーロイプラータ																																											
2021102388	2025-07-20	2福島8		1.0	障害3歳以上未勝利								五十嵐雄		障2770				3:06.5	0.1		5-4-2-1	108.0-0.0	13.5	460(-6)				340.0															晴		14.0	7.0	11.0	3.7	1.0	2	60.0	良				マイネルメサイア																																											
2021102388	2025-10-18	3京都6		4.0	障害3歳以上未勝利								五十嵐雄		障2910				3:18.7	0.7		2-2-1-2	105.0-0.0	13.7	468(+8)				340.0															雨		11.0	7.0	9.0	8.7	4.0	2	60.0	良				ホウオウプレシャス																																											
2021102388	2026-01-18	1中山7		4.0	障害4歳以上未勝利								五十嵐雄		障2880				3:14.2	0.6		2-2-1-1	106.1-0.0	13.5	474(+6)				210.0																																																									晴		14.0	1.0	1.0	3.4	2.0	3	60.0	良				アスクオンディープ	202606010704
2021102458	2023-07-29	2新潟1		6.0	2歳新馬								佐藤翔馬		ダ1200				1:14.9	2.2		6-6	34.9-37.8	39.2	426(0)																																	晴		12.0	5.0	5.0	70.0	10.0	7	52.0	良	**	**		ウエスタンシーズン																													
2021102458	2023-08-12	3新潟1		1.0	2歳未勝利								佐藤翔馬		ダ1200				1:13.5	1.4		8-6	35.2-36.9	37.7	432(+6)				140.0																													曇		15.0	8.0	15.0	81.7	9.0	3	52.0	良	**	**		レーザーショー																													
2021102458	2023-09-10	4中山2		1.0	2歳未勝利								佐藤翔馬		ダ1200				1:12.2	-0.2		2-2	34.6-37.6	37.5	442(+10)				550.0																													晴		16.0	8.0	16.0	14.5	6.0	1	52.0	稍	**	**		(カラフルメロディー)																													
2021102458	2023-09-30	4阪神8		9.0	ヤマボウシ賞(1勝クラス)								佐藤翔馬		ダ1400				1:27.4	1.6		2-2	34.9-38.6	40.1	440(-2)																																	晴		9.0	8.0	8.0	80.4	8.0	6	55.0	良	**	**		サトノフェニックス																													
2021102458	2023-11-01	門別		11.0	エーデルワイス賞(JpnIII)								永島まな		ダ1200				1:14.2	1.1		5-6		38.9	446(+6)																																	雨		14.0	2.0	2.0	14.1	7.0	8	54.0	重	**	**		モズミギカタアガリ																													
2021102458	2024-02-11	2京都6		4.0	3歳1勝クラス								木幡初也		ダ1400				1:27.3	2.6		5-6	35.1-37.4	39.5	434(-12)																																	晴		9.0	6.0	6.0	153.0	9.0	9	55.0	良	**	**		フラムリンガム																													
2021102458	2024-03-03	2中山4		4.0	3歳1勝クラス								木幡初也		ダ1200				1:13.0	1.5		7-6	34.0-37.5	38.5	436(+2)																																	晴		16.0	5.0	10.0	284.1	15.0	11	55.0	稍	**	**		ガビーズシスター																													
2021102458	2024-03-24	3中山2		6.0	3歳1勝クラス								木幡初也		ダ1200				1:12.8	1.2		9-9	33.9-37.7	38.2	436(0)																																	曇		15.0	7.0	12.0	167.4	14.0	12	55.0	良	**	**		チュウワキャリア																													
2021102458	2024-06-29	2福島1		12.0	3歳以上1勝クラス								津村明秀		ダ1150				1:08.8	0.3		2-2	30.7-37.8	38.1	438(+2)				120.0																													晴		16.0	4.0	7.0	29.8	9.0	4	53.0	良	**	**		ネバレチュゴー																													
2021102458	2024-07-13	1函館11		8.0	3歳以上1勝クラス								川又賢治		ダ1000				1:00.1	1.3		9-8	34.9-35.6	35.8	446(+8)																																	晴		12.0	5.0	5.0	8.2	5.0	6	53.0	良	**	**		スコーピオン																													
2021102458	2024-08-10	2札幌1		7.0	3歳以上1勝クラス								川又賢治		ダ1000				1:00.5	1.1		1-1	34.5-36.5	37.6	442(-4)																																	晴		12.0	2.0	2.0	13.6	5.0	10	54.0	良	**	**		セリエル																													
2021102458	2024-08-25	2札幌6		7.0	3歳以上1勝クラス								川又賢治		ダ1000				0:59.9	0.2		6-5	35.6-36.0	35.5	456(+14)				320.0																													晴		12.0	4.0	4.0	16.7	6.0	2	54.0	良	**	**		ペプチドシュチク																													
2021102458	2024-09-14	4中山3		6.0	3歳以上1勝クラス								津村明秀		ダ1200				1:12.1	0.0		3-3	34.9-37.2	36.8	450(-6)				320.0																													晴		16.0	3.0	5.0	9.9	4.0	2	54.0	良	**	**		オリビアジュテーム																													
2021102458	2025-01-25	1中山8		7.0	4歳以上1勝クラス								木幡初也		ダ1200				1:13.7	2.4		6-6	33.4-37.9	39.7	454(+4)																																	曇		16.0	3.0	5.0	23.8	7.0	13	56.0	良	**	**		マイレーヌ																													
2021102458	2025-04-13	1福島2		8.0	4歳以上1勝クラス								石田拓郎		ダ1150				1:10.3	1.2		10-10	32.0-37.1	37.5	454(0)																																	小雨		16.0	3.0	6.0	10.1	5.0	10	53.0	良	**	**		ニシノクラウン																													
2021102458	2025-06-21	1函館3		8.0	3歳以上1勝クラス								川又賢治		ダ1000				0:59.8	1.0		11-11	34.6-36.0	34.7	458(+4)																																	曇		12.0	7.0	10.0	18.4	7.0	8	56.0	良	**	**		テイエムタリスマ																													
2021102458	2025-07-06	1函館8		12.0	3歳以上1勝クラス								川又賢治		芝1200				1:10.8	1.1		3-3	34.8-34.9	35.6	470(+12)																																	晴		10.0	1.0	1.0	21.0	6.0	8	56.0	稍	**	**		アジュマン																													
2021102458	2025-07-12	1函館9		12.0	3歳以上1勝クラス								丹内祐次		ダ1000				0:59.4	0.7		8-7	34.0-36.0	35.4	470(0)																																	晴		12.0	8.0	12.0	18.8	6.0	6	56.0	良	**	**		ボルセーナ																													
2021102458	2025-12-21	5中京6		7.0	3歳以上1勝クラス								永島まな		ダ1200				1:12.9	1.2		14-15	35.1-36.6	36.6	462(-8)																																	雨		16.0	4.0	7.0	50.3	10.0	8	54.0	稍	**	**		エメラヴィ																													
2021102458	2026-01-17	1中山6		6.0	4歳以上1勝クラス								小林美駒		ダ1200				1:12.3	0.4		1-1	34.3-37.6	38.0	468(+6)				82.0																													晴		16.0	6.0	11.0	40.0	11.0	5	53.0	良				メッエフアパラ																													
2021102461	2023-10-09	2京都3	曇	4.0	2歳新馬		17.0	7.0	14.0	14.7	4.0	1	菅原明良	56.0	芝1400		重	**	1:22.7	0.0	**	8-9	34.6-36.6	35.6	458(0)			(サリュエ)	720.0																																																																							
2021102461	2023-11-04	5東京1	晴	11.0	京王杯2歳S(GII)		12.0	7.0	9.0	15.9	7.0	4	菅原明良	56.0	芝1400		良	**	1:21.2	0.6	**	3-4	34.2-34.9	34.1	460(+2)			コラソンビート	570.0																																																																							
2021102461	2023-12-17	5阪神6	晴	11.0	朝日フューチュリティ(GI)		17.0	5.0	10.0	114.8	12.0	12	池添謙一	56.0	芝1600		良	**	1:34.7	0.9	**	5-4	34.1-35.4	35.7	464(+4)			ジャンタルマンタル																																																																								
2021102461	2024-03-16	1阪神7	晴	6.0	3歳1勝クラス		10.0	2.0	2.0	2.8	1.0	4	鮫島克駿	57.0	芝1200		良	**	1:09.0	0.3	**	7-7	34.2-34.5	34.3	476(+12)			トーラスシャイン	120.0																																																																							
2021102461	2024-04-06	2阪神5	晴	6.0	3歳1勝クラス		10.0	4.0	4.0	2.3	1.0	2	モレイラ	57.0	芝1200		良	**	1:08.8	0.2	**	4-4	34.6-34.0	33.9	474(-2)			モンシュマン	310.0																																																																							
2021102461	2024-06-09	4京都4	曇	12.0	3歳以上1勝クラス		13.0	6.0	9.0	2.1	1.0	1	松山弘平	55.0	芝1200		稍	**	1:08.7	-0.2	**	10-9	33.8-34.9	33.9	470(-4)			(イツモニコニコ)	800.0																																																																							
2021102461	2024-07-21	3小倉8	曇	10.0	九州スポーツ杯(2勝クラス)		18.0	5.0	9.0	6.3	3.0	6	松山弘平	55.0	芝1200		良	**	1:09.1	0.8	**	11-10	33.3-35.0	34.7	478(+8)			ミルテンベルク																																																																								
2021102461	2024-10-12	5京都3	晴	12.0	3歳以上2勝クラス		17.0	4.0	7.0	4.9	3.0	2	ルメール	57.0	芝1200		良	**	1:08.0	0.1	**	17-16	33.4-34.5	32.9	482(+4)			オックスリップ	460.0																																																																							
2021102461	2024-11-23	6京都7	曇	12.0	3歳以上2勝クラス		15.0	8.0	15.0	2.9	1.0	8	Ｃ．デム	57.0	芝1200		良	**	1:08.8	0.6	**	9-10	34.3-33.9	33.4	480(-2)			アンクルクロス																																																																								
2021102461	2025-01-26	1中京9	晴	12.0	4歳以上2勝クラス		13.0	8.0	12.0	4.0	2.0	8	松山弘平	57.0	芝1400		良	**	1:22.1	0.7	**	12-11	34.2-35.6	34.7	478(-2)			マサノカナリア																																																																								
2021102461	2025-03-08	1阪神3	曇	12.0	4歳以上2勝クラス		11.0	4.0	4.0	4.7	3.0	5	鮫島克駿	58.0	芝1200		良	**	1:08.9	0.2	**	11-11	34.2-34.5	33.3	482(+4)			アムールリーベ	114.0																																																																							
2021102461	2025-04-06	2阪神4	晴	8.0	4歳以上2勝クラス		10.0	7.0	8.0	3.8	2.0	1	鮫島克駿	58.0	芝1200		良	**	1:08.6	-0.1	**	8-7	34.6-34.0	33.3	482(0)			(イツモニコニコ)	1140.0																																																																							
2021102461	2025-05-04	2京都4	晴	10.0	淀S(3勝クラス)		13.0	6.0	9.0	15.8	5.0	2	丹内祐次	58.0	芝1200		良	**	1:08.4	0.2	**	10-9	34.3-33.9	33.4	482(0)			ヤマニンアルリフラ	748.4																																																																							
2021102461	2025-06-01	2京都12	晴	12.0	渡月橋S(3勝クラス)		14.0	4.0	6.0	6.9	4.0	9	鮫島克駿	58.0	芝1400		良	**	1:21.4	0.6	**	10-10	35.7-33.6	33.7	486(+4)			ガロンヌ																																																																								
2021102461	2025-08-24	4中京2	晴	11.0	長篠S(3勝クラス)		9.0	6.0	6.0	3.6	2.0	4	角田大和	58.0	芝1200		良	**	1:07.8	0.6	**	6-7	33.7-33.5	33.5	488(+2)			ワンダーキサラ	280.0																																																																							
2021102461	2025-09-27	4阪神8	晴	10.0	道頓堀S(3勝クラス)		16.0	2.0	3.0	10.6	5.0	6	鮫島克駿	58.0	芝1200		良	**	1:08.6	0.3	**	13-12	34.4-33.9	32.9	490(+2)			シュタールヴィント																																																																								
2021102461	2025-11-23	4京都6	晴	12.0	醍醐S(3勝クラス)		16.0	1.0	1.0	19.4	7.0	4	鮫島克駿	58.0	芝1200		良	**	1:08.2	0.2	**	7-5	34.3-33.7	33.3	490(0)			アンクルクロス	280.0																																																																							
2021102461	2025-12-28	5阪神8	晴	12.0	カウントダウンS(3勝クラス)		10.0	2.0	2.0	3.7	1.0	3	岩田望来	58.0	芝1200		良	**	1:08.5	0.1	**	9-8	34.9-33.5	32.8	494(+4)			イツモニコニコ	371.7																																																																							
2021102531	2023-06-17	3阪神5		5.0	2歳新馬								永島まな		ダ1200				1:16.7	3.4		9-9	36.2-37.1	38.8	464(0)																																															晴		13.0	8.0	13.0	101.5	10.0	11	52.0	良	**	**		サトノフェニックス															
2021102531	2023-09-18	4阪神5		2.0	2歳未勝利								富田暁		芝1600				1:34.5	1.2		6-10	34.5-34.7	35.2	470(+6)																																															晴		10.0	3.0	3.0	79.5	9.0	7	55.0	良	**	**		フルレゾン															
2021102531	2023-10-08	2京都2		2.0	2歳未勝利								富田暁		芝1600				1:35.2	0.4		4-3	34.1-36.1	36.3	476(+6)																																															曇		12.0	1.0	1.0	102.3	11.0	6	55.0	良	**	**		スウィープフィート															
2021102531	2023-11-04	3京都1		3.0	2歳未勝利								幸英明		芝1600				1:34.9	1.6		3-3	34.8-34.7	36.1	468(-8)																																															晴		13.0	6.0	9.0	17.2	6.0	7	55.0	良	**	**		イフェイオン															
2021102531	2024-05-04	3京都5		1.0	3歳未勝利								丸山元気		ダ1400				1:29.5	3.2		16-16	35.2-38.5	39.6	480(+12)																																															晴		16.0	7.0	14.0	127.3	12.0	16	55.0	良	**	**		トウカイポワール															
2021102531	2024-06-09	4京都4		4.0	3歳未勝利								和田竜二		芝1600				1:36.0	2.4		11-12	34.6-35.0	36.4	478(-2)																																															曇		18.0	1.0	1.0	170.9	13.0	15	55.0	稍	**	**		フレミングフープ															
2021102531	2024-07-15	名古屋		5.0	3歳11組								岡部誠		ダ1400				1:29.3	-0.9		1-2-1		38.1	487(+9)				50.0																																											曇		12.0	2.0	2.0	2.4	2.0	1	54.0	重	**	**		(イイヒ)															
2021102531	2024-08-06	名古屋		8.0	3歳7組								宮下瞳		ダ1500				1:35.7	0.0		2-1-1		37.5	487(0)				17.5																																											晴		12.0	7.0	10.0	6.8	2.0	2	52.0	良	**	**		ポッドコンティ															
2021102531	2024-09-04	名古屋		5.0	3歳7組								宮下瞳		ダ1400				1:28.4	-0.8		5-3-1		37.3	487(0)				50.0																																											晴		12.0	8.0	12.0	2.0	1.0	1	52.0	良	**	**		(リクサニー)															
2021102531	2024-10-03	名古屋		7.0	C10組								宮下瞳		ダ1500				1:34.7	0.0		2-2-2		37.7	496(+9)				50.0																																											小雨		12.0	6.0	8.0	2.4	2.0	1	52.0	不	**	**		(テイエムエール)															
2021102531	2024-10-21	名古屋		8.0	岩屋堂特別(C)								宮下瞳		ダ1400				1:29.0	-0.5		1-1-1		38.2	505(+9)				75.0																																											晴		12.0	7.0	10.0	2.1	1.0	1	52.0	良	**	**		(クリノスピネル)															
2021102531	2024-11-13	名古屋		8.0	B6組								宮下瞳		ダ1700				1:51.4	0.4		3-3-2		38.5	499(-6)				21.0																																											晴		11.0	8.0	10.0	2.0	2.0	2	52.0	良	**	**		ラジカルバローズ															
2021102531	2025-02-15	1東京5		12.0	4歳以上1勝クラス								丸田恭介		芝1600				1:34.8	1.3		15-16	34.9-35.2	34.7	498(-1)																																															晴		16.0	4.0	8.0	266.8	16.0	13	56.0	良	**	**		シンバーシア															
2021102531	2025-03-08	2中山3		12.0	4歳以上1勝クラス								丸田恭介		芝1600				1:35.4	1.0		15-16-14	34.6-36.1	35.3	488(-10)																																															小雨		16.0	2.0	3.0	222.6	13.0	12	56.0	良	**	**		アンドアイラヴハー															
2021102531	2025-03-29	2中京5		6.0	4歳以上1勝クラス								吉田隼人		芝2000				2:03.1	2.5		12-13-14-14	35.6-36.8	36.9	490(+2)																																															晴		15.0	5.0	8.0	141.0	12.0	11	56.0	重	**	**		ハニーコム															
2021102531	2025-04-19	3中山7		8.0	4歳以上1勝クラス								丸田恭介		ダ1800				1:54.5	0.8		12-13-12-14	36.3-39.6	38.9	488(-2)																																															晴		14.0	7.0	11.0	161.6	12.0	7	56.0	良	**	**		マンダリンボレロ															
2021102531	2025-11-23	5東京5		6.0	3歳以上1勝クラス								柴田善臣		ダ1600				1:39.4	1.7		8-11	36.1-36.7	37.2	498(+10)																																															曇		16.0	6.0	12.0	204.5	13.0	16	56.0	良	**	**		カーラデマドレ															
2021102531	2025-12-14	5阪神4		7.0	3歳以上1勝クラス								秋山稔樹		ダ1800				1:55.4	0.8		12-12-11-11	37.6-38.3	37.6	494(-4)																																															晴		12.0	1.0	1.0	168.3	11.0	7	56.0	良	**	**		マハナ															
2021102531	2026-01-04	1中山1		7.0	4歳以上1勝クラス								丸田恭介		ダ1800				1:54.8	1.0		11-11-13-11	36.7-39.6	39.4	496(+2)																																															晴		16.0	8.0	15.0	140.7	14.0	6	56.0	稍	**	**		バタール															
2021102577	2023-06-07	門別	曇	4.0	JRA認定フレッシュ(新馬)(2歳)		7.0	7.0	7.0	54.9	7.0	2	阿部龍	54.0	ダ1200		稍	**	1:15.7	1.2	**	5-4		39.0	464(0)			サントノーレ	70.0																																																																							
2021102577	2023-06-22	門別	曇	1.0	JRA認定アタックチ(未勝利)(2歳)		8.0	5.0	5.0	4.5	3.0	5	桑村真明	54.0	ダ1700		良	**	1:55.7	1.7	**	6-5-3-2		43.6	470(+6)			フリーパスポート	8.4																																																																							
2021102577	2023-07-06	門別	晴	2.0	2歳未勝利(未勝利)		12.0	7.0	10.0	23.8	5.0	6	桑村真明	54.0	ダ1700		稍	**	1:56.4	0.9	**	2-1-3-1		42.7	466(-4)			プラセボ																																																																								
2021102577	2023-08-02	門別	晴	2.0	びらとり黒豚賞(未勝利)(2歳)		12.0	7.0	9.0	3.7	2.0	2	桑村真明	54.0	ダ1200		良	**	1:16.1	0.2	**	6-4		39.3	474(+8)			プレストライズ	14.0																																																																							
2021102577	2023-08-23	門別	晴	3.0	2歳未勝利(未勝利)		8.0	4.0	4.0	1.2	1.0	1	桑村真明	54.0	ダ1200		稍	**	1:16.9	-0.3	**	5-3		39.9	478(+4)			(エイシンオキクルミ)	50.0																																																																							
2021102577	2023-09-27	門別	曇	9.0	JRA認定ウィナーズ(2歳)		10.0	7.0	8.0	33.1	7.0	5	阿岸潤一	51.0	ダ1700		良	**	1:53.2	1.1	**	10-8-9-9		40.0	480(+2)			キタノヒーロー	17.5																																																																							
2021102577	2023-10-11	門別	晴	5.0	2歳3組		10.0	3.0	3.0	6.7	3.0	4	桑村真明	54.0	ダ1700		稍	**	1:53.3	1.5	**	8-7-8-8		39.9	480(0)			シシュフォス	8.4																																																																							
2021102577	2023-10-25	門別	晴	7.0	JRA認定ウィナーズ(2歳)		10.0	6.0	6.0	23.6	7.0	10	桑村真明	54.0	ダ1700		稍	**	1:53.8	1.8	**	7-7-7-7		41.9	474(-6)			シシュフォス																																																																								
2021102577	2023-12-10	高知	晴	2.0	2歳ー2		9.0	6.0	6.0	55.2	9.0	8	林謙佑	54.0	ダ1300		重	**	1:27.7	2.1	**	7-9-9-8		41.1	463(-11)			ホーリーバローズ																																																																								
2021102577	2024-01-07	高知	晴	5.0	1才おめでとう特別(3歳)		9.0	3.0	3.0	31.0	8.0	5	中島龍也	54.0	ダ1300		稍	**	1:29.7	2.4	**	5-4-6-6		43.3	459(-4)			クレフェノー	6.0																																																																							
2021102577	2024-01-28	高知	晴	3.0	3歳ー1		7.0	5.0	5.0	74.4	6.0	5	中島龍也	54.0	ダ1300		良	**	1:28.6	0.4	**	6-7-6-6		42.2	463(+4)			アヤメイロ	6.0																																																																							
2021102577	2024-02-11	高知	晴	3.0	3歳ー1		6.0	6.0	6.0	11.8	5.0	3	松井伸也	54.0	ダ1600		重	**	1:51.6	1.6	**	5-5-5-4		44.2	460(-3)			ダンスショウ	12.0																																																																							
2021102577	2024-03-03	高知	晴	3.0	3歳ー1		8.0	7.0	7.0	71.6	8.0	3	中島龍也	54.0	ダ1600		重	**	1:50.0	0.5	**	8-8-8-8		42.0	468(+8)			ジョウショーライン	12.0																																																																							
2021102577	2024-03-24	高知	雨	4.0	3歳ー1		11.0	4.0	4.0	14.5	5.0	6	林謙佑	54.0	ダ1600		不	**	1:46.9	1.3	**	8-7-7-6		41.1	474(+6)			テイクノート																																																																								
2021102577	2024-04-13	高知	晴	3.0	3歳ー3		10.0	4.0	4.0	10.1	4.0	2	永森大智	54.0	ダ1300		稍	**	1:26.7	1.0	**	6-6-6-4		40.9	471(-3)			マジックセブン	21.0																																																																							
2021102577	2024-05-11	高知	晴	3.0	のれそれ特別(3歳)		10.0	4.0	4.0	21.0	4.0	1	赤岡修次	54.0	ダ1600		稍	**	1:48.6	-0.3	**	6-6-6-6		41.0	477(+6)			(ウーナグローリア)	60.0																																																																							
2021102577	2024-07-06	高知	晴	8.0	3歳ー1		8.0	5.0	5.0	7.4	3.0	2	赤岡修次	54.0	ダ1600		稍	**	1:48.0	0.5	**	6-6-6-5		40.4	474(-3)			カレンメラメーラ	21.0																																																																							
2021102577	2024-08-04	高知	晴	9.0	黒潮菊花賞(重賞)		12.0	3.0	3.0	36.2	4.0	4	畑中信司	54.0	ダ1900		良	**	2:07.4	2.1	**	8-8-6-5		40.4	475(+1)			プリフロオールイン	120.0																																																																							
2021102577	2024-09-29	佐賀	晴	5.0	ロータスクラウン賞(重賞)		12.0	3.0	3.0	11.8	4.0	1	山口勲	54.0	ダ1860		良	**	2:03.2	-0.1	**	9-6-5-6		37.7	468(-7)			(ラインフォルテ)	800.0																																																																							
2021102577	2024-12-15	5中山6	晴	9.0	香取特別(2勝クラス)		14.0	2.0	2.0	151.7	14.0	5	北村宏司	54.0	ダ2400		良	**	2:36.4	1.4	**	13-13-13-11	37.9-39.2	39.0	460(-8)			ニューバラード	155.0																																																																							
2021102577	2025-01-18	1中山6	晴	7.0	4歳以上2勝クラス		13.0	8.0	12.0	46.4	11.0	11	北村宏司	55.0	ダ1800		良	**	1:55.8	1.1	**	5-5-7-9	38.0-38.8	39.4	468(+8)			メロウヴォイス																																																																								
2021102577	2025-03-15	2中山5	曇	9.0	阿見特別(2勝クラス)		14.0	6.0	10.0	258.2	14.0	9	北村宏司	52.0	ダ2400		稍	**	2:37.5	3.4	**	13-13-12-12	37.2-39.4	41.4	472(+4)			ワンパット																																																																								
2021102577	2025-04-06	3中山4	小雨	9.0	安房特別(2勝クラス)		12.0	8.0	11.0	174.4	12.0	2	内田博幸	52.0	芝2500		良	**	2:33.2	0.7	**	10-10-12-10	30.5-35.1	34.9	468(-4)			レッドテリオス	627.8																																																																							
2021102577	2025-05-03	2東京3	晴	8.0	4歳以上2勝クラス		7.0	5.0	5.0	13.8	4.0	3	内田博幸	56.0	芝2400		良	**	2:28.6	0.3	**	5-5-7-7	37.9-33.0	32.6	470(+2)			カフェグランデ	290.0																																																																							
2021102577	2025-07-06	1函館8	晴	10.0	横津岳特別(2勝クラス)		10.0	8.0	10.0	2.4	1.0	2	佐々木大	54.0	芝2600		稍	**	2:43.6	0.1	**	8-8-8-8	39.2-36.5	36.0	480(+10)			チュウワモーニング	626.6																																																																							
2021102577	2025-07-26	1札幌1	小雨	10.0	ライラック賞(2勝クラス)		13.0	2.0	2.0	3.9	2.0	6	佐々木大	56.0	芝2600		良	**	2:40.6	0.7	**	8-8-8-4	35.9-35.9	35.8	476(-4)			スピードリッチ																																																																								
2021102577	2025-10-11	4東京3	雨	9.0	陣馬特別(2勝クラス)		10.0	6.0	6.0	11.5	6.0	4	内田博幸	56.0	芝2400		良	**	2:28.4	0.1	**	6-7-7-7	38.6-34.0	33.2	482(+6)			ダノンホイットニー	230.0																																																																							
2021102577	2025-11-24	5東京6	晴	9.0	南武特別(2勝クラス)		12.0	5.0	6.0	15.1	5.0	1	内田博幸	56.0	芝2400		良	**	2:23.3	0.0	**	9-9-9-10	37.1-34.6	34.0	484(+2)			(アロンズロッド)	1575.9																																																																							
2021102577	2026-01-10	1中山3	晴	11.0	迎春S(3勝クラス)		17.0	1.0	2.0	15.6	6.0	3	内田博幸	56.0	芝2200		良	**	2:11.0	0.3	**	6-6-7-6	35.1-34.6	34.2	480(-4)			アスクナイスショー	475.2																																																																							
2021102653	2023-07-16	2福島6	晴	5.0	2歳新馬		13.0	3.0	3.0	64.8	12.0	1	松岡正海	55.0	芝1800		良	**	1:51.5	-0.3	**	3-3-3-3	38.5-35.2	34.9	456(0)			(テウメッサ)	720.0																																																																							
2021102653	2023-08-13	2札幌2	曇	8.0	コスモス賞(OP)		8.0	4.0	4.0	2.4	2.0	2	松岡正海	55.0	芝1800		良	**	1:49.8	1.0	**	3-3-3-2	37.0-35.6	36.1	466(+10)			エコロヴァルツ	645.4																																																																							
2021102653	2023-08-20	2札幌4	曇	8.0	クローバー賞(OP)		9.0	8.0	8.0	8.0	4.0	1	松岡正海	55.0	芝1500		稍	**	1:32.8	-0.2	**	6-5-2	31.3-37.0	36.6	468(+2)			(カイコウ)	1619.6																																																																							
2021102653	2023-12-10	5阪神4	晴	11.0	阪神ジュベナイルF(GI)		18.0	1.0	1.0	78.4	14.0	9	松岡正海	55.0	芝1600		良	**	1:33.6	1.0	**	13-13	34.4-34.4	34.3	446(-22)			アスコリピチェーノ																																																																								
2021102653	2024-02-10	1東京5	晴	11.0	デイリー杯クイーンC(GIII)		13.0	5.0	7.0	23.4	7.0	8	松岡正海	55.0	芝1600		良	**	1:34.0	0.9	**	8-8	35.4-34.4	34.5	462(+16)			クイーンズウォーク																																																																								
2021102653	2024-03-10	2中山6	晴	11.0	アネモネS(L)		12.0	7.0	9.0	16.6	7.0	9	松岡正海	55.0	芝1600		良	**	1:35.2	0.6	**	6-6-7	34.5-36.0	35.9	458(-4)			キャットファイト																																																																								
2021102653	2024-04-21	2東京2	曇	11.0	サンスポ賞フローラS(GII)		14.0	5.0	7.0	77.4	11.0	11	松岡正海	55.0	芝2000		良	**	1:59.8	0.8	**	9-10-11	35.6-35.0	34.5	458(0)			アドマイヤベル																																																																								
2021102653	2024-08-10	2札幌1	晴	10.0	日高特別(2勝クラス)		12.0	7.0	10.0	4.1	1.0	9	丹内祐次	53.0	芝1500		良	**	1:28.6	0.6	**	12-12-12	29.5-35.0	34.6	462(+4)			オーサムストローク																																																																								
2021102653	2024-08-25	2札幌6	晴	12.0	オールスターJ第4戦(2勝クラス)		14.0	1.0	1.0	16.7	9.0	6	ティータ	54.0	芝1800		良	**	1:48.2	0.2	**	9-7-6-7	36.2-35.6	35.2	470(+8)			エゾダイモン																																																																								
2021102653	2024-09-14	4中山3	晴	10.0	御宿特別(2勝クラス)		13.0	6.0	9.0	32.2	8.0	12	丸山元気	54.0	芝1600		良	**	1:33.7	1.1	**	10-13-13	35.2-34.0	33.8	466(-4)			ポルカリズム																																																																								
2021102653	2024-09-29	4中山9	曇	10.0	サクラバクシンオーC(2勝クラス)		14.0	8.0	14.0	53.3	11.0	8	木幡巧也	51.0	芝1800		良	**	1:47.9	0.6	**	11-9-9-7	36.2-36.2	36.0	468(+2)			エレクトリックブギ																																																																								
2021102653	2024-10-27	4東京8	曇	9.0	国立特別(2勝クラス)		9.0	2.0	2.0	95.3	8.0	6	松岡正海	52.0	芝1600		良	**	1:34.0	0.5	**	3-3	35.8-33.7	33.8	472(+4)			ミエスペランサ																																																																								
2021102653	2024-11-23	5東京7	晴	12.0	3歳以上2勝クラス		14.0	8.0	14.0	103.8	10.0	11	松岡正海	55.0	芝1600		良	**	1:34.5	0.8	**	2-2	35.4-34.5	35.2	472(0)			ミラビリスマジック																																																																								
2021102653	2024-12-21	7京都7	曇	12.0	3歳以上2勝クラス		13.0	6.0	9.0	120.1	11.0	10	松岡正海	55.0	芝1800		良	**	1:48.0	1.3	**	8-8	35.5-33.9	34.6	468(-4)			サフィラ																																																																								
2021102653	2025-03-16	2中京2	曇	9.0	岡崎特別(2勝クラス)		13.0	7.0	11.0	22.9	8.0	9	黛弘人	53.0	芝1400		重	**	1:23.9	1.7	**	9-9	34.3-36.1	36.3	464(-4)			ヤマニンアストロン																																																																								
2021102653	2025-04-06	2阪神4	晴	8.0	4歳以上2勝クラス		10.0	8.0	9.0	102.2	10.0	7	丹内祐次	56.0	芝1200		良	**	1:09.2	0.6	**	10-10	34.6-34.0	33.6	462(-2)			バンドシェル																																																																								
2021102653	2025-04-27	2東京2	晴	8.0	4歳以上2勝クラス		14.0	7.0	12.0	44.1	10.0	11	石川裕紀	56.0	芝1400		良	**	1:21.0	0.6	**	13-13	35.1-33.5	33.1	478(+16)			シンバーシア																																																																								
2021102653	2025-05-24	2東京9	曇	10.0	高尾特別(2勝クラス)		12.0	8.0	12.0	64.4	10.0	7	松岡正海	56.0	芝1400		良	**	1:21.6	0.6	**	6-6	35.4-33.8	33.8	476(-2)			ペリファーニア																																																																								
2021102653	2025-06-21	3東京5	晴	10.0	相模湖特別(2勝クラス)		14.0	7.0	12.0	139.3	11.0	9	横山琉人	56.0	芝1400		良	**	1:21.8	0.7	**	12-12	34.7-35.0	34.0	474(-2)			トラペジスト																																																																								
2021102653	2025-07-19	1函館11	晴	10.0	かもめ島特別(2勝クラス)		14.0	4.0	6.0	78.1	12.0	8	松岡正海	56.0	芝1800		良	**	1:47.5	0.8	**	9-7-8-7	36.1-34.6	34.8	472(-2)			ジョイフルニュース																																																																								
2021102653	2025-08-10	1札幌6	曇	10.0	摩周湖特別(2勝クラス)		14.0	7.0	11.0	79.1	12.0	8	松岡正海	56.0	芝1500		良	**	1:29.8	1.1	**	9-6-8	28.9-35.6	35.1	470(-2)			フォルテム																																																																								
2021102654	2023-11-26	3京都8		4.0	2歳新馬								国分恭介		ダ1800				2:01.1	6.2		1-1-7-9	36.6-38.4	43.8	472(0)																			晴		15.0	2.0	2.0	61.0	11.0	11	55.0	良	**	**		マッシャーブルム																																											
2021102654	2024-01-17	名古屋		10.0	名古屋CCアップル賞(3歳)								田口貫太		ダ1500				1:36.6	-0.1		1-1-2		39.6	463(-9)				110.0															晴		12.0	5.0	6.0	13.1	5.0	1	52.0	良	**	**		(ベアサクシード)																																											
2021102654	2024-04-07	2阪神6		5.0	3歳1勝クラス								酒井学		ダ1400				1:26.7	2.3		10-11	33.8-38.3	39.4	464(+1)																			晴		16.0	4.0	8.0	351.3	16.0	12	55.0	良	**	**		リジル																																											
2021102654	2024-04-28	3京都4		5.0	3歳1勝クラス								田口貫太		ダ1400				1:26.5	3.0		12-11	34.0-37.5	38.1	464(0)																			晴		12.0	6.0	8.0	327.1	11.0	9	54.0	良	**	**		テイエムリステット																																											
2021102654	2024-06-09	1函館2		12.0	3歳以上1勝クラス								古川吉洋		ダ1700				1:46.2	2.0		9-9-10-10	29.1-38.5	38.8	474(+10)																			小雨		12.0	3.0	3.0	164.5	11.0	7	53.0	良	**	**		メリタテス																																											
2021102654	2024-06-22	1函館5		12.0	3歳以上1勝クラス								古川吉洋		ダ1700				1:48.0	2.9		8-8-8-8	28.5-40.1	39.6	466(-8)				80.0															曇		8.0	3.0	3.0	160.5	8.0	5	53.0	良	**	**		アセレラシオン																																											
2021102654	2024-07-06	1函館9		8.0	3歳以上1勝クラス								小林勝太		ダ1700				1:48.1	2.4		8-9-10-10	29.5-37.7	39.2	470(+4)																			曇		10.0	7.0	7.0	108.9	10.0	10	50.0	稍	**	**		パフ																																											
2021102654	2024-07-27	1札幌3		8.0	3歳以上1勝クラス								古川吉洋		ダ1700				1:49.5	3.4		13-12-14-14	30.4-37.9	39.2	484(+14)																			曇		14.0	4.0	6.0	209.4	13.0	14	53.0	良	**	**		オルゴーリオ																																											
2021102654	2025-02-01	1小倉3		4.0	障害4歳以上未勝利								小野寺祐		障2860				3:15.1	5.1		8-8-8-8	106.0-0.0	13.6	476(-8)																			小雨		12.0	2.0	2.0	149.2	10.0	6	57.0	良				ラエール																																											
2021102654	2025-02-22	1小倉9		5.0	障害4歳以上未勝利								小野寺祐		障2860				3:17.0	0.6		7-9-9-8	108.1-0.0	13.8	478(+2)																			晴		11.0	1.0	1.0	26.4	7.0	6	57.0	良				タロントゥーズ																																											
2021102654	2025-03-30	2阪神2		4.0	障害4歳以上未勝利								井上敏樹		障2970				3:30.2	4.2		13-13-11-11	109.0-0.0	14.2	488(+10)																			晴		14.0	5.0	7.0	63.0	10.0	9	57.0	良				ザスリーサーティ																																											
2021102654	2025-04-27	2京都2		4.0	障害4歳以上未勝利								小野寺祐		障2910				3:23.0	1.7		6-6-6-6	107.1-0.0	14.0	488(0)				84.0															晴		12.0	2.0	2.0	76.6	11.0	5	57.0	良				アルマーザアミール																																											
2021102654	2025-07-13	2小倉6		1.0	障害3歳以上未勝利								草野太郎		障2860				3:17.2	2.6		10-10-10-10	106.0-0.0	13.8	482(-6)																			曇		12.0	5.0	5.0	35.6	9.0	7	58.0	良				ポリトナリティー																																											
2021102654	2025-08-02	3中京3		11.0	3歳以上1勝クラス								田口貫太		芝2000				2:04.1	3.0		3-3-3-7	37.8-34.4	36.9	482(0)																			晴		13.0	6.0	9.0	270.5	13.0	13	56.0	良	**	**		セナスタイル																																											
2021102654	2025-09-07	4中山2		1.0	障害3歳以上未勝利								小野寺祐		障2880				3:20.0	0.8		8-9-4-4	108.0-0.0	13.9	498(+16)				210.0															晴		13.0	5.0	6.0	63.0	10.0	3	58.0	良				ウィズユアドリーム																																											
2021102654	2025-09-21	4阪神7		1.0	障害3歳以上未勝利								小野寺祐		障2970				3:26.5	4.7		5-5-5-5	106.0-0.0	13.9	492(-6)				84.0															晴		8.0	6.0	6.0	7.6	4.0	5	58.0	良				コパノニコルソン																																											
2021102654	2025-11-02	3京都11		4.0	障害3歳以上未勝利								小野寺祐		障2910				3:24.0	0.8		6-5-5-4	108.0-0.0	14.0	494(+2)				130.0															晴		10.0	5.0	5.0	29.1	8.0	4	58.0	良				ゲインサポート																																											
2021102654	2025-12-14	5中山4		4.0	障害3歳以上未勝利								小野寺祐		障2880				3:24.0	6.0		9-9-10-9	109.1-0.0	14.2	492(-2)																			雨		14.0	7.0	11.0	18.7	6.0	10	58.0	稍				ゴールデンスロープ																																											
2021102654	2026-01-18	1中山7		4.0	障害4歳以上未勝利								小野寺祐		障2880				3:16.1	2.5		5-5-6-7	106.1-0.0	13.6	492(0)																																																													晴		14.0	6.0	9.0	83.4	10.0	7	58.0	良				アスクオンディープ	202606010704
2021102707	2023-10-21	4東京6		5.0	2歳新馬								永野猛蔵		芝2000				2:02.6	1.0		12-12-11	37.1-34.1	33.9	536(0)																			晴		16.0	5.0	10.0	29.0	7.0	7	55.0	良	**	**		アフィリオン																																											
2021102707	2023-11-04	5東京1		3.0	2歳未勝利								永野猛蔵		芝2000				2:03.1	1.2		10-9-7	36.5-34.7	35.4	532(-4)																			晴		14.0	3.0	3.0	7.4	4.0	11	55.0	良	**	**		プレリュードシチー																																											
2021102707	2024-05-19	2東京10		2.0	3歳未勝利								長浜鴻緒		ダ1600				1:39.6	2.2		12-14	35.1-38.1	38.2	534(+2)																			曇		16.0	5.0	9.0	17.4	7.0	9	54.0	良	**	**		レオスパーク																																											
2021102707	2024-06-15	1函館3		2.0	3歳未勝利								長浜鴻緒		ダ1700				1:50.1	3.7		3-4-8-9	29.9-39.1	41.4	534(0)																			晴		14.0	7.0	12.0	33.3	7.0	12	54.0	良	**	**		ヨリナエスポワール																																											
2021102707	2024-10-08	門別		1.0	3歳以上C4ー3								石川倭		ダ1800				1:59.9	0.9		2-2-2-1		40.9	542(+8)				11.2															晴		11.0	2.0	2.0	4.0	3.0	2	57.0	稍	**	**		パルティーダ																																											
2021102707	2024-10-22	門別		8.0	3歳以上C4ー3								石川倭		ダ1700				1:52.9	0.3		4-4-6-3		41.4	544(+2)				11.2															曇		10.0	7.0	7.0	1.8	1.0	2	57.0	稍	**	**		プラウドヒストリー																																											
2021102707	2024-10-31	門別		8.0	シュウカイドウ特別(C2)								松井伸也		ダ1800				2:00.7	2.7		7-7-7-5		42.4	544(0)																			晴		12.0	6.0	8.0	18.5	6.0	9	57.0	良	**	**		スピンザブラッド																																											
2021102707	2024-12-18	名古屋		4.0	C29組								塚本征吾		ダ1400				1:30.3	-0.5		2-2-2		38.0	535(-9)				50.0															晴		11.0	4.0	4.0	2.8	2.0	1	56.0	良	**	**		(ラブリーメイク)																																											
2021102707	2025-01-04	名古屋		4.0	C17組								塚本征吾		ダ1500				1:37.0	-0.7		2-2-1		39.1	542(+7)				50.0															晴		10.0	1.0	1.0	1.3	1.0	1	56.0	良	**	**		(ジュンフィレンツェ)																																											
2021102707	2025-01-20	名古屋		11.0	七里の渡し特別(C)								塚本征吾		ダ2000				2:13.4	0.7		2-2-1		41.1	539(-3)				26.3															晴		10.0	7.0	8.0	3.8	2.0	2	56.0	稍	**	**		シトロンヴェール																																											
2021102707	2025-01-31	名古屋		3.0	C6組								塚本征吾		ダ920				0:57.7	0.4		7		36.6	537(-2)				10.0															曇		10.0	5.0	5.0	1.6	1.0	3	56.0	良	**	**		ハスノミ																																											
2021102707	2025-02-14	名古屋		4.0	C5組								塚本征吾		ダ1400				1:30.9	-0.7		3-3-1		38.7	537(0)				50.0															晴		10.0	7.0	8.0	1.1	1.0	1	56.0	良	**	**		(ウィンサム)																																											
2021102707	2025-10-12	4東京4		7.0	3歳以上1勝クラス								原田和真		ダ1600				1:39.1	0.8		5-4	36.5-36.8	37.3	542(+5)																			曇		16.0	3.0	5.0	150.5	13.0	8	58.0	良	**	**		アデランテ																																											
2021102707	2026-01-18	1中山7		6.0	4歳以上1勝クラス								原田和真		ダ1800				1:56.9	1.3		3-3-4-4	38.5-38.6	39.6	536(-6)																																																													晴		14.0	5.0	8.0	59.7	7.0	6	58.0	良	**	**		リラゲイル	202606010706
2021102718	2023-12-09	5阪神3		5.0	2歳新馬								角田大河		芝1400				1:22.2	-0.1		2-2	34.1-35.9	35.8	456(0)				720.0																													晴		12.0	3.0	3.0	12.4	6.0	1	55.0	良	**	**		(シャインズオンユー)																													
2021102718	2024-01-08	1京都3		11.0	日刊スポシンザン記念(GIII)								角田大河		芝1600				1:35.9	1.4		17-16	34.3-36.1	36.4	458(+2)																																	晴		18.0	1.0	2.0	94.7	15.0	14	57.0	良	**	**		ノーブルロジャー																													
2021102718	2024-03-31	2阪神4		5.0	3歳1勝クラス								角田大河		芝1600				1:36.4	2.0		2-2	35.6-34.0	35.8	456(-2)																																	曇		9.0	8.0	8.0	47.1	7.0	9	56.0	良	**	**		テラメリタ																													
2021102718	2024-04-28	3京都4		6.0	3歳1勝クラス								幸英明		芝1400				1:21.8	1.6		9-10	35.0-33.9	34.6	452(-4)																																	晴		11.0	5.0	5.0	105.8	11.0	10	57.0	良	**	**		クランフォード																													
2021102718	2024-06-16	1函館4		8.0	3歳以上1勝クラス								角田大河		芝1200				1:09.7	0.9		9-9	33.9-34.9	35.1	456(+4)																																	曇		14.0	2.0	2.0	53.6	11.0	11	54.0	良	**	**		スイミーユニバンス																													
2021102718	2024-06-30	1函館8		12.0	3歳以上1勝クラス								高杉吏麒		ダ1000				0:59.5	0.7		6-4	34.6-35.8	35.9	458(+2)				120.0																													雨		10.0	4.0	4.0	8.0	3.0	4	52.0	良	**	**		フーコサンライズ																													
2021102718	2024-07-21	1札幌2		7.0	3歳以上1勝クラス								川端海翼		ダ1000				0:59.3	-0.1		1-1	35.0-35.7	35.7	456(-2)				800.0																													晴		9.0	6.0	6.0	3.9	3.0	1	52.0	良	**	**		(スノーホルンロード)																													
2021102718	2024-07-27	1札幌3		12.0	3歳以上2勝クラス								川端海翼		ダ1000				0:59.3	0.6		10-7	34.4-35.7	35.4	454(-2)				170.0																													曇		12.0	1.0	1.0	20.7	7.0	4	52.0	良	**	**		ジョーローリット																													
2021102718	2024-12-08	7京都4		8.0	3歳以上2勝クラス								岩田望来		ダ1200				1:13.5	1.3		11-11	34.7-37.5	37.5	462(+8)																																	曇		15.0	1.0	1.0	40.4	10.0	11	57.0	良	**	**		メイショウタイゲイ																													
2021102718	2025-03-02	1阪神2		12.0	4歳以上2勝クラス								菱田裕二		ダ1200				1:11.8	0.1		10-10	34.7-37.0	35.9	460(-2)				460.0																													曇		16.0	7.0	13.0	109.4	13.0	2	58.0	良	**	**		キタノズエッジ																													
2021102718	2025-03-30	2阪神2		12.0	4歳以上2勝クラス								浜中俊		ダ1200				1:11.9	-0.1		3-2	35.6-36.3	35.8	464(+4)				1140.0																													曇		14.0	8.0	13.0	4.1	1.0	1	58.0	良	**	**		(アスクアイルビゼア)																													
2021102718	2025-04-20	2阪神8		10.0	天満橋S(3勝クラス)								浜中俊		ダ1400				1:24.5	0.1		12-11	34.5-37.4	36.5	466(+2)				750.2																													曇		16.0	2.0	4.0	8.4	5.0	2	55.0	良	**	**		ローズスター																													
2021102718	2025-06-15	3阪神4		12.0	リボン賞(3勝クラス)								武豊		ダ1200				1:10.9	0.5		8-6	33.8-36.6	36.0	468(+2)				280.0																													晴		16.0	8.0	16.0	4.4	1.0	4	56.0	重	**	**		ムーヴ																													
2021102718	2025-09-07	4阪神2		10.0	オークランドTRT(3勝クラス)								高杉吏麒		ダ1200				1:11.5	1.0		4-4	35.0-35.5	36.2	464(-4)				463.7																													晴		12.0	1.0	1.0	12.9	5.0	3	58.0	良	**	**		テーオーエルビス																													
2021102718	2025-10-04	3京都1		10.0	大山崎S(3勝クラス)								高杉吏麒		ダ1200				1:09.7	0.6		9-8	33.6-35.5	34.9	464(0)				464.9																													小雨		16.0	8.0	16.0	7.8	3.0	3	58.0	不	**	**		メイショウホウレン																													
2021102718	2025-10-19	3京都7		10.0	京都開設100周年(3勝クラス)								武豊		ダ1400				1:24.7	1.5		13-12	35.7-35.4	36.0	464(0)																																	曇		16.0	2.0	4.0	8.7	3.0	13	56.0	良	**	**		グランフォーブル																													
2021102718	2026-01-17	1京都6		11.0	羅生門S(3勝クラス)								浜中俊		ダ1400				1:24.6	0.7		15-16	35.3-36.2	35.4	466(+2)				474.8																													晴		16.0	2.0	4.0	16.5	6.0	3	58.0	良				エストレヤデベレン																													
2021102754	2024-03-02	1阪神3		1.0	3歳未勝利								ルメール		ダ1800				1:56.9	1.1		5-5-5-5	38.1-38.8	39.4	486(0)																			晴		12.0	2.0	2.0	7.5	5.0	8	55.0	重	**	**		アキミューミュー																																											
2021102754	2024-03-17	1中京4		2.0	3歳未勝利								藤岡佑介		ダ1400				1:25.4	0.1		1-1	35.6-37.2	37.3	482(-4)				220.0															曇		16.0	6.0	12.0	30.8	8.0	2	55.0	良	**	**		サトノアインス																																											
2021102754	2024-04-14	2阪神8		1.0	3歳未勝利								池添謙一		ダ1200				1:13.5	0.1		1-1	35.0-38.4	38.5	476(-6)				220.0															晴		16.0	6.0	12.0	2.7	1.0	2	55.0	良	**	**		エブライト																																											
2021102754	2024-05-04	3京都5		1.0	3歳未勝利								藤岡佑介		ダ1400				1:26.6	0.3		1-1	35.2-38.5	38.8	484(+8)				220.0															晴		16.0	8.0	16.0	3.3	1.0	2	55.0	良	**	**		トウカイポワール																																											
2021102754	2024-06-01	4京都1		1.0	3歳未勝利								モレイラ		ダ1400				1:25.2	-0.2		1-1	34.9-38.0	38.0	486(+2)				550.0															晴		16.0	4.0	8.0	3.1	1.0	1	55.0	稍	**	**		(タミゼ)																																											
2021102754	2024-12-01	7京都2		7.0	3歳以上1勝クラス								戸崎圭太		ダ1200				1:13.4	0.7		1-1	35.8-36.9	37.6	496(+10)				80.0															晴		14.0	4.0	6.0	3.9	1.0	5	55.0	良	**	**		モイラ																																											
2021102754	2024-12-21	7京都7		8.0	3歳以上1勝クラス								ルメール		ダ1400				1:26.5	1.7		1-1	35.4-36.9	38.6	492(-4)																			曇		16.0	6.0	12.0	8.1	4.0	11	55.0	良	**	**		ビダーヤ																																											
2021102754	2025-03-23	2中京4		6.0	4歳以上1勝クラス								団野大成		ダ1400				1:24.9	0.1		1-1	34.5-38.3	38.4	482(-10)				320.0															晴		16.0	8.0	16.0	9.2	4.0	2	56.0	良	**	**		ベルダイナフェロー																																											
2021102754	2025-03-29	2中京5		12.0	4歳以上1勝クラス								和田陽希		ダ1200				1:12.7	0.5		2-2	34.6-37.6	38.1	478(-4)				200.0															晴		16.0	5.0	9.0	3.5	2.0	3	53.0	稍	**	**		ダズリングダンス																																											
2021102754	2025-05-10	1新潟3		8.0	4歳以上1勝クラス								和田陽希		ダ1200				1:12.4	0.5		3-2	35.0-36.9	37.2	472(-6)				200.0															曇		13.0	8.0	12.0	2.8	1.0	3	53.0	稍	**	**		イナフセド																																											
2021102754	2025-05-31	2京都11		6.0	4歳以上1勝クラス								吉村誠之		ダ1400				1:23.8	0.2		2-2	33.9-37.7	37.9	482(+10)				200.0															曇		16.0	5.0	10.0	11.7	6.0	3	55.0	良	**	**		ウィップスティッチ																																											
2021102754	2025-11-08	4京都1		7.0	3歳以上1勝クラス								団野大成		ダ1400				1:23.9	0.0		2-3	34.6-37.4	37.1	492(+10)				800.0															晴		16.0	6.0	12.0	5.2	3.0	1	56.0	良	**	**		(ルクスデイジー)																																											
2021102754	2025-11-22	4京都5		8.0	3歳以上2勝クラス								ルメール		ダ1400				1:24.2	0.1		2-1	34.1-37.8	37.8	494(+2)				114.0															晴		16.0	6.0	12.0	3.8	2.0	5	56.0	良	**	**		リネアグローリア																																											
2021102754	2026-01-18	1京都7		9.0	小倉山特別(2勝クラス)								松山弘平		ダ1400				1:27.5	2.9		1-2	34.6-37.5	40.4	498(+4)																																																													晴		16.0	2.0	4.0	18.4	9.0	15	56.0	良	**	**		トゥロン	202608010709
2021102845	2023-09-09	4阪神1		4.0	2歳新馬								角田大和		ダ1800				1:58.3	1.1		3-5-4-4	38.7-40.0	40.7	488(0)																																															晴		11.0	1.0	1.0	9.6	3.0	6	54.0	良	**	**		メイショウキルギス															
2021102845	2023-10-07	2京都1		1.0	2歳未勝利								角田大和		ダ1400				1:26.1	-0.1		3-3	34.8-39.0	38.7	484(-4)				550.0																																											晴		13.0	8.0	12.0	13.7	6.0	1	55.0	良	**	**		(ヒルノドゴール)															
2021102845	2023-10-22	2京都7		8.0	なでしこ賞(1勝クラス)								坂井瑠星		ダ1400				1:27.3	2.6		5-6	34.6-37.7	39.8	482(-2)																																															晴		8.0	7.0	7.0	23.9	7.0	8	56.0	良	**	**		ナスティウェザー															
2021102845	2024-04-07	2阪神6		5.0	3歳1勝クラス								今村聖奈		ダ1400				1:26.3	1.9		12-13	33.8-38.3	38.8	486(+4)																																															晴		16.0	5.0	10.0	204.4	15.0	8	54.0	良	**	**		リジル															
2021102845	2024-04-28	2東京4		6.0	3歳1勝クラス								横山和生		ダ1400				1:27.9	3.4		4-4	34.7-37.5	40.1	486(0)																																															晴		14.0	4.0	5.0	53.0	9.0	13	57.0	良	**	**		ヴァンドーム															
2021102845	2024-05-18	3京都9		6.0	3歳1勝クラス								Ｍ．デム		ダ1400				1:25.2	0.8		14-13	34.8-37.5	36.5	484(-2)				78.0																																											晴		15.0	5.0	8.0	160.1	12.0	5	57.0	良	**	**		アレ															
2021102845	2024-10-12	5京都3		7.0	3歳以上1勝クラス								Ｍ．デム		ダ1400				1:24.3	0.4		6-6	34.5-37.3	36.9	490(+6)				320.0																																											晴		16.0	5.0	10.0	37.8	11.0	2	56.0	良	**	**		タガノミスト															
2021102845	2024-11-30	7京都1		8.0	3歳以上1勝クラス								Ｍ．デム		ダ1400				1:26.2	-0.1		7-7	35.6-38.1	37.4	500(+10)				800.0																																											晴		15.0	2.0	3.0	6.1	3.0	1	57.0	稍	**	**		(グランデスフィーダ)															
2021102845	2024-12-28	7京都9		9.0	春待月賞(2勝クラス)								Ｍ．デム		ダ1400				1:26.4	1.9		14-15	35.5-36.7	37.2	502(+2)																																															晴		16.0	4.0	7.0	12.7	6.0	13	57.0	良	**	**		ニシキギミッチー															
2021102845	2025-05-24	2京都9		12.0	オーストラリアT(2勝クラス)								Ｍ．デム		ダ1400				1:22.6	0.8		6-6	34.8-35.2	35.2	494(-8)				394.0																																											雨		13.0	5.0	7.0	22.8	6.0	3	58.0	稍	**	**		プロミシングスター															
2021102845	2025-06-08	3東京2		10.0	八王子特別(2勝クラス)								Ｍ．デム		ダ1400				1:24.8	1.1		16-14	35.4-36.4	36.3	494(0)																																															晴		16.0	8.0	15.0	7.7	3.0	12	58.0	良	**	**		スティールブルー															
2021102845	2025-10-05	3京都2		8.0	3歳以上2勝クラス								和田竜二		ダ1400				1:23.8	1.2		7-8	33.8-37.0	37.0	492(-2)																																															曇		16.0	6.0	12.0	40.5	10.0	7	58.0	重	**	**		タマモティーカップ															
2021102845	2025-12-27	5阪神7		8.0	3歳以上2勝クラス								和田陽希		ダ1400				1:24.9	1.2		10-11	33.8-37.8	38.5	498(+6)																																															晴		16.0	6.0	12.0	97.1	12.0	10	55.0	稍	**	**		ベルジュロネット															
2021102895	2023-06-10	3阪神3	曇	5.0	2歳新馬		10.0	3.0	3.0	7.4	4.0	2	和田竜二	55.0	芝1600		良	**	1:36.9	0.3	**	3-4	37.0-34.0	34.0	490(0)			ヒヒーン	290.0																																																																							
2021102895	2023-06-24	3阪神7	曇	1.0	2歳未勝利		9.0	8.0	9.0	1.8	1.0	4	和田竜二	55.0	芝1600		良	**	1:36.5	1.4	**	2-2	34.9-37.2	38.0	486(-4)			フェンダー	83.0																																																																							
2021102895	2023-09-24	4阪神7	晴	2.0	2歳未勝利		9.0	8.0	9.0	3.5	2.0	1	和田竜二	55.0	芝1600		良	**	1:34.7	-0.6	**	5-3	35.3-33.9	33.6	502(+16)			(エヴァンスウィート)	550.0																																																																							
2021102895	2023-11-11	3京都3	曇	11.0	デイリー杯2歳S(GII)		11.0	8.0	11.0	8.5	5.0	4	浜中俊	56.0	芝1600		稍	**	1:35.0	0.5	**	9-6	35.0-35.0	34.9	496(-6)			ジャンタルマンタル	570.0																																																																							
2021102895	2024-01-07	1京都2	晴	6.0	3歳1勝クラス		9.0	8.0	9.0	3.7	3.0	2	和田竜二	57.0	芝2000		良	**	2:03.2	0.4	**	7-6-8-6	36.8-34.5	34.3	506(+10)			アドマイヤテラ	310.0																																																																							
2021102895	2024-02-04	2京都4	晴	11.0	きさらぎ賞(GIII)		12.0	5.0	6.0	25.0	9.0	10	和田竜二	57.0	芝1800		良	**	1:47.5	0.7	**	4-3	35.6-34.4	34.9	504(-2)			ビザンチンドリーム																																																																								
2021102895	2024-05-12	3京都8	曇	5.0	3歳1勝クラス		16.0	7.0	14.0	3.3	1.0	3	和田竜二	57.0	ダ1800		良	**	1:53.5	1.2	**	9-8-8-4	37.2-37.1	37.6	502(-2)			クーアフュルスト	200.0																																																																							
2021102895	2024-06-02	4京都2	曇	8.0	3歳以上1勝クラス		11.0	8.0	10.0	4.8	3.0	8	和田竜二	55.0	ダ1800		稍	**	1:54.2	2.4	**	4-5-5-6	35.5-38.7	40.5	498(-4)			ポッドロゴ																																																																								
2021102895	2024-06-23	4京都8	雨	8.0	木屋町特別(1勝クラス)		8.0	6.0	6.0	5.3	4.0	3	松山弘平	55.0	芝2000		重	**	2:03.4	0.3	**	4-4-3-3	37.5-34.1	34.2	504(+6)			バッデレイト	282.4																																																																							
2021102895	2024-10-12	4新潟3	晴	10.0	粟島特別(1勝クラス)		12.0	8.0	12.0	3.6	1.0	1	横山武史	56.0	芝1800		良	**	1:49.0	-0.4	**	1-1	37.4-33.2	33.2	502(-2)			(コスモレオナルド)	1150.6																																																																							
2021102895	2024-10-27	4東京8	曇	9.0	国立特別(2勝クラス)		9.0	3.0	3.0	5.5	3.0	3	横山武史	55.0	芝1600		良	**	1:33.6	0.1	**	2-2	35.8-33.7	33.7	502(0)			ミエスペランサ	393.3																																																																							
2021102895	2025-01-06	1中京2	雨	12.0	4歳以上2勝クラス		16.0	2.0	4.0	5.6	2.0	1	松山弘平	57.0	芝1600		重	**	1:37.2	-0.1	**	1-1-1	35.3-36.9	36.9	516(+14)			(スカイハイ)	1140.0																																																																							
2021102895	2025-03-15	1阪神5	小雨	10.0	難波S(3勝クラス)		15.0	2.0	2.0	13.4	6.0	4	松山弘平	58.0	芝1800		良	**	1:45.5	0.3	**	3-4	34.8-34.3	34.3	520(+4)			サブマリーナ	280.0																																																																							
2021102895	2025-04-06	2阪神4	晴	10.0	夢洲S(3勝クラス)		14.0	1.0	1.0	3.3	1.0	3	松山弘平	58.0	芝1600		良	**	1:32.6	0.3	**	1-1	35.4-33.7	34.0	514(-6)			シヴァース	464.7																																																																							
2021102895	2025-05-18	1新潟6	曇	11.0	弥彦S(3勝クラス)		16.0	5.0	9.0	5.7	2.0	1	吉田隼人	58.0	芝1800		良	**	1:47.5	-0.1	**	2-2	35.5-35.1	35.0	508(-6)			(マルチャン)	1877.1																																																																							
2021102895	2025-07-20	2小倉8	晴	11.0	小倉記念(GIII)		16.0	5.0	10.0	14.9	8.0	8	松山弘平	55.0	芝2000		良	**	2:00.7	0.8	**	3-5-5-5	35.0-37.4	36.9	516(+8)			イングランドアイズ																																																																								
2021102895	2025-08-31	3新潟4	晴	11.0	新潟記念(GIII)		16.0	2.0	4.0	108.2	11.0	8	吉田隼人	57.0	芝2000		良	**	1:58.3	0.3	**	2-2	35.6-33.2	33.3	518(+2)			シランケド																																																																								
2021102895	2025-10-25	3京都8	曇	11.0	カシオペアS(L)		10.0	3.0	3.0	5.2	4.0	2	吉田隼人	57.0	芝1800		良	**	1:45.0	0.0	**	3-3	34.9-35.4	34.2	518(0)			オーロラエックス	1106.4																																																																							
2021102895	2025-12-06	5阪神1	晴	11.0	鳴尾記念(GIII)		14.0	5.0	8.0	10.1	5.0	9	吉田隼人	57.0	芝1800		良	**	1:44.7	1.0	**	2-2	33.9-34.7	35.3	524(+6)			デビットバローズ																																																																								
2021102900	2024-03-17	1中京4		1.0	3歳未勝利								古川吉洋		ダ1800				1:58.0	4.1		13-13-14-14	37.7-38.0	39.8	430(0)																			曇		15.0	4.0	7.0	94.8	12.0	12	55.0	良	**	**		サトノアイオライト																																											
2021102900	2024-04-13	2阪神7		5.0	3歳未勝利								田中健		芝2000				2:04.0	4.0		3-3-5-12	36.1-35.1	38.0	426(-4)																			晴		16.0	5.0	9.0	378.9	15.0	15	55.0	良	**	**		チェレスタ																																											
2021102900	2024-05-31	名古屋		2.0	3歳11組								友森翔太		ダ1500				1:37.0	-0.5		4-3-2		39.7	448(+22)				54.0															曇		12.0	6.0	7.0	5.2	4.0	1	54.0	不	**	**		(ブルパーチェ)																																											
2021102900	2024-06-25	名古屋		7.0	3歳7組								友森翔太		ダ1500				1:36.9	-0.7		1-1-1		39.1	440(-8)				54.0															曇		12.0	2.0	2.0	1.7	1.0	1	54.0	重	**	**		(コーストガード)																																											
2021102900	2024-07-24	名古屋		5.0	3歳4組								友森翔太		ダ1500				1:36.3	-0.2		2-2-2		40.0	448(+8)				50.0															曇		12.0	5.0	5.0	1.9	1.0	1	54.0	良	**	**		(テリオスボス)																																											
2021102900	2024-08-20	名古屋		8.0	3歳2組								友森翔太		ダ1500				1:37.2	0.3		1-1-1		38.9	449(+1)				17.5															曇		11.0	6.0	8.0	1.6	1.0	2	54.0	不	**	**		ギースバッハ																																											
2021102900	2024-09-18	浦和		1.0	ランチタイムチャレン(3歳)								笹川翼		ダ1400				1:29.6	-1.0		1-1-1-1	38.0-38.5	38.5	440(-9)				160.0															晴		12.0	1.0	1.0	1.8	1.0	1	54.0	良	**	**		(マチルダ)																																											
2021102900	2024-10-22	浦和		8.0	緑と清流のまちときが(C2)								笹川翼		ダ1500				1:38.3	1.0		2-2-1-1	32.0-38.9	39.9	451(+11)				40.0															曇		11.0	2.0	2.0	1.5	1.0	2	54.0	良	**	**		アルヴァレス																																											
2021102900	2024-11-18	浦和		8.0	浦和エイトチャレンジ(C2四)								笹川翼		ダ1400				1:39.2	8.2		3-3-4-12	36.9-40.9	49.1	457(+6)																			晴		12.0	6.0	8.0	5.2	2.0	12	54.0	良	**	**		タロサンダー																																											
2021102900	2025-03-21	浦和		12.0	内田利雄騎手引退特別(C2)								矢野貴之		ダ2000								39.9-39.5		計不																			晴		11.0	7.0	10.0			取	54.0	稍	**	**		ランディー																																											
2021102900	2025-06-23	浦和		9.0	深谷市誕生20周年記(C2四)								本田正重		ダ1500				1:36.5	0.0		3-3-2-2	31.1-38.9	38.8	460(+3)				40.0															曇		7.0	7.0	7.0	11.2	4.0	2	54.0	良	**	**		ハナチルサト																																											
2021102900	2025-07-24	浦和		10.0	夏木立特別(C2)								本田正重		ダ2000				2:12.4	1.6		2-2-2-2	39.0-39.3	40.4	457(-3)				37.5															晴		9.0	7.0	7.0	1.5	1.0	3	54.0	良	**	**		シャトルトウショウ																																											
2021102900	2025-08-19	浦和		10.0	雁来月特別(C2)								本田正重		ダ1500				1:35.8	0.0		2-2-2-2	31.3-38.5	38.4	456(-1)				60.0															晴		11.0	8.0	10.0	3.5	2.0	2	54.0	稍	**	**		チカチャン																																											
2021102900	2025-09-08	川崎		10.0	マイアミ賞(C2)								本田正重		ダ1400				1:34.0	1.5		3-4-3-5	39.5-41.0	41.7	453(-3)																			晴		10.0	8.0	11.0	2.1	1.0	7	54.0	稍	**	**		ベリーク																																											
2021102900	2025-11-22	3福島5		8.0	3歳以上1勝クラス								水沼元輝		芝2000				2:01.6	3.3		15-16-16-16	34.7-35.3	36.2	452(-1)																			晴		16.0	4.0	7.0	325.0	16.0	16	53.0	良	**	**		ヨヒーン																																											
2021102900	2025-12-06	5中京1		7.0	3歳以上1勝クラス								水沼元輝		ダ1800				1:56.6	2.9		11-13-14-15	36.8-38.2	39.7	446(-6)																			晴		16.0	4.0	7.0	331.4	15.0	11	53.0	良	**	**		ストーンズ																																											
2021102900	2025-12-21	5中京6		3.0	3歳以上1勝クラス								上里直汰		ダ1800				1:56.2	3.1		11-12-14-15	37.0-38.4	39.9	452(+6)																			雨		16.0	8.0	15.0	558.5	16.0	13	53.0	稍	**	**		ゼンエスポワール																																											
2021102900	2026-01-18	1中山7		6.0	4歳以上1勝クラス								水沼元輝		ダ1800				1:57.7	2.1		12-12-13-12	38.5-38.6	39.2	456(+4)																																																													晴		14.0	3.0	4.0	524.9	14.0	12	53.0	良	**	**		リラゲイル	202606010706
2021102905	2023-07-16	3中京6		5.0	2歳新馬								今村聖奈		芝1600				1:36.5	1.2		8-9-10	37.3-34.5	34.3	470(0)																																															晴		12.0	6.0	8.0	22.8	6.0	7	52.0	良	**	**		エンヤラヴフェイス															
2021102905	2023-07-30	2新潟2		2.0	2歳未勝利								今村聖奈		芝1800				1:47.4	0.0		5-5	35.5-34.8	34.4	466(-4)				550.0																																											晴		9.0	7.0	8.0	12.1	5.0	1	52.0	良	**	**		(ウインアクトゥール)															
2021102905	2023-08-27	3新潟6		11.0	新潟2歳S(GIII)								岩田康誠		芝1600				1:35.9	2.1		8-5	35.4-34.0	35.0	472(+6)																																															晴		12.0	1.0	1.0	46.0	8.0	11	55.0	良	**	**		アスコリピチェーノ															
2021102905	2023-10-14	2京都4		8.0	紫菊賞(1勝クラス)								岩田望来		芝1800				1:47.9	0.7		3-3	37.0-34.0	34.4	466(-6)				160.0																																											曇		5.0	1.0	1.0	14.1	5.0	4	56.0	良	**	**		ジュンゴールド															
2021102905	2023-10-28	2京都8		8.0	萩S(L)								Ｍ．デム		芝1800				1:48.4	0.5		3-3	36.0-34.3	34.5	466(0)				170.0																																											晴		6.0	6.0	6.0	28.1	6.0	5	56.0	良	**	**		ルシフェル															
2021102905	2023-12-28	5中山9		11.0	ホープフルS(GI)								今村聖奈		芝2000				2:01.8	1.6		16-16-15-15	35.4-35.9	36.3	470(+4)																																															晴		16.0	7.0	14.0	322.7	16.0	11	56.0	良	**	**		レガレイラ															
2021102905	2024-01-08	1京都3		4.0	3歳1勝クラス								今村聖奈		ダ1800				1:54.3	0.2		10-10-7-7	36.0-39.6	38.9	470(0)				310.0																																											晴		10.0	5.0	5.0	17.1	7.0	2	54.0	良	**	**		ノットイナフ															
2021102905	2024-02-18	1東京8		9.0	ヒヤシンスS(L)								岩田望来		ダ1600				1:37.7	1.4		6-5	34.6-37.2	38.0	468(-2)																																															晴		11.0	7.0	8.0	18.2	7.0	8	57.0	良	**	**		ラムジェット															
2021102905	2024-03-02	1阪神3		6.0	3歳1勝クラス								今村聖奈		ダ1800				1:54.3	1.8		6-6-6-6	36.6-38.4	39.1	468(0)				120.0																																											曇		6.0	1.0	1.0	9.6	4.0	4	54.0	稍	**	**		ハビレ															
2021102905	2024-04-14	2阪神8		6.0	3歳1勝クラス								今村聖奈		芝2000				2:00.9	0.5		7-7-6-6	36.2-35.3	34.7	470(+2)				78.0																																											晴		7.0	2.0	2.0	20.5	6.0	5	54.0	良	**	**		ログラール															
2021102905	2024-06-02	4京都2		7.0	3歳以上1勝クラス								今村聖奈		芝1800				1:48.5	0.7		7-8	36.4-34.2	34.2	468(-2)																																															曇		9.0	6.0	6.0	14.8	5.0	7	52.0	良	**	**		サロニコス															
2021102905	2024-06-08	4京都3		9.0	一乗寺特別(1勝クラス)								岩田望来		芝2000				2:00.1	0.6		8-8-7-7	36.1-34.5	34.4	470(+2)																																															曇		9.0	3.0	3.0	23.9	6.0	6	55.0	良	**	**		メルトユアハート															
2021102905	2024-07-13	3小倉5		8.0	3歳以上1勝クラス								西塚洸二		芝2000				2:01.9	0.5		8-7-11-7	36.8-36.4	35.6	460(-10)				320.0																																											曇		14.0	2.0	2.0	33.2	8.0	2	54.0	良	**	**		インテグレイト															
2021102905	2024-07-27	2新潟1		8.0	3歳以上1勝クラス								西塚洸二		ダ1800				1:52.9	1.0		11-11-10-8	36.6-37.3	37.4	462(+2)				320.0																																											曇		15.0	2.0	3.0	40.2	10.0	2	54.0	良	**	**		ダノンピレネー															
2021102905	2024-08-11	2中京2		8.0	3歳以上1勝クラス								西塚洸二		ダ1800				1:53.4	0.3		10-9-9-7	37.1-38.2	37.7	462(0)				200.0																																											晴		13.0	5.0	6.0	7.0	3.0	3	54.0	良	**	**		グーヴェルナイユ															
2021102905	2024-09-08	3中京2		7.0	3歳以上1勝クラス								西塚洸二		ダ1900				2:00.9	1.8		7-7-3-5	31.2-37.2	38.7	468(+6)																																															晴		9.0	2.0	2.0	3.7	2.0	6	54.0	良	**	**		リューデスハイム															
2021102905	2024-09-21	4中山6		7.0	3歳以上1勝クラス								今村聖奈		ダ1800				1:55.1	0.9		12-12-14-12	37.2-37.8	37.1	464(-4)																																															曇		14.0	7.0	11.0	7.4	3.0	7	52.0	良	**	**		イモータルバード															
2021102905	2024-11-09	6京都3		6.0	3歳以上1勝クラス								武豊		ダ1800				1:51.9	0.3		13-13-9-6	35.9-37.8	37.0	474(+10)				320.0																																											晴		15.0	8.0	14.0	3.6	1.0	2	56.0	良	**	**		ルシュヴァルドール															
2021102905	2024-11-23	6京都7		8.0	3歳以上1勝クラス								武豊		ダ1900				2:00.6	-0.4		4-3-2-3	30.5-38.2	37.9	474(0)				800.0																																											曇		9.0	4.0	4.0	2.7	2.0	1	56.0	良	**	**		(ジュンラトゥール)															
2021102905	2025-01-25	1中京8		10.0	刈谷特別(2勝クラス)								西村淳也		ダ1800				1:54.0	0.5		9-9-4-3	38.3-37.3	37.5	478(+4)				230.0																																											晴		13.0	4.0	5.0	4.5	2.0	4	57.0	良	**	**		ホークフィールド															
2021102905	2025-02-15	1京都5		12.0	4歳以上2勝クラス								武豊		ダ1900				2:00.0	1.1		7-6-3-2	29.3-37.8	38.6	478(0)				460.0																																											晴		13.0	4.0	5.0	2.8	1.0	2	57.0	良	**	**		ジンセイ															
2021102905	2025-03-15	1阪神5		12.0	4歳以上2勝クラス								武豊		ダ1800				1:55.8	0.2		5-6-4-4	39.3-36.4	36.2	478(0)				290.0																																											小雨		10.0	8.0	10.0	2.9	2.0	3	58.0	良	**	**		シャンデルナゴル															
2021102905	2025-03-29	2阪神1		12.0	4歳以上2勝クラス								武豊		ダ2000				2:07.8	0.3		4-4-3-3	36.8-37.4	37.3	474(-4)				290.0																																											曇		9.0	7.0	7.0	2.3	1.0	3	58.0	稍	**	**		オペラプラージュ															
2021102905	2025-05-04	2京都4		9.0	須知特別(2勝クラス)								武豊		ダ1900				2:00.1	0.6		3-3-3-4	31.7-36.8	37.1	478(+4)				230.0																																											晴		10.0	1.0	1.0	3.5	2.0	4	58.0	良	**	**		カネトシゴウト															
2021102905	2025-05-17	2京都7		12.0	4歳以上2勝クラス								シュタル		ダ1800				1:50.3	0.4		6-6-7-6	35.6-37.0	36.9	470(-8)				460.0																																											晴		10.0	1.0	1.0	6.0	3.0	2	58.0	不	**	**		ヒロノラメール															
2021102905	2025-06-01	2京都12		9.0	與杼特別(2勝クラス)								松若風馬		ダ1800				1:52.1	0.3		13-13-11-10	35.5-38.3	37.6	474(+4)				155.0																																											晴		14.0	7.0	11.0	3.7	1.0	5	58.0	良	**	**		メイショウソウタ															
2021102905	2025-07-20	2小倉8		9.0	不知火特別(2勝クラス)								川田将雅		芝1800				1:48.4	-0.2		5-4-4-4	36.6-36.1	35.7	466(-8)				1569.6																																											晴		8.0	5.0	5.0	5.7	5.0	1	58.0	良	**	**		(ビヨンドザドリーム)															
2021102905	2025-08-09	3中京5		7.0	三河S(3勝クラス)								小崎綾也		ダ1800				1:52.9	0.2		10-11-10-8	37.1-38.1	37.0	466(0)				184.0																																											晴		16.0	1.0	1.0	31.3	10.0	5	58.0	良	**	**		ポッドロゴ															
2021102905	2025-10-11	3京都3		11.0	御陵S(3勝クラス)								西村淳也		ダ1900				1:58.4	0.8		5-5-5-5	30.0-37.7	38.0	478(+12)																																															晴		16.0	3.0	6.0	18.6	7.0	7	56.0	良	**	**		タガノバビロン															
2021102905	2025-11-01	3京都10		10.0	ハロウィンS(3勝クラス)								川田将雅		ダ1800								36.4-34.9		472(-6)																																															晴		13.0	7.0	12.0			除	58.0	重	**	**		テーオーグランビル															
2021102905	2025-11-30	4京都8		10.0	花園S(3勝クラス)								小崎綾也		ダ1800				1:52.5	1.8		9-8-8-9	35.3-37.9	39.2	478(0)																																															晴		16.0	2.0	4.0	42.4	10.0	12	58.0	良	**	**		ロードラビリンス															
2021102988	2024-04-13	2阪神7		5.0	3歳未勝利								角田大河		芝2000				2:01.0	1.0		14-15-13-10	36.1-35.1	34.8	470(0)																																															晴		16.0	3.0	5.0	59.4	10.0	6	54.0	良	**	**		チェレスタ															
2021102988	2024-05-18	3京都9		5.0	3歳未勝利								和田竜二		芝2000				2:00.6	0.2		6-6-6-7	35.9-34.4	34.1	468(-2)				83.0																																											晴		14.0	1.0	1.0	10.7	5.0	4	55.0	良	**	**		スターリングアップ															
2021102988	2024-06-22	4京都7		6.0	3歳未勝利								和田竜二		芝1800				1:46.5	0.4		12-13	34.5-34.7	34.1	466(-2)				83.0																																											曇		17.0	3.0	5.0	4.6	2.0	4	55.0	良	**	**		ブリックワーク															
2021102988	2024-07-07	3小倉4		2.0	3歳未勝利								松山弘平		芝2000				2:01.0	0.2		6-7-7-6	34.5-36.8	36.3	462(-4)				55.0																																											晴		18.0	2.0	4.0	3.3	2.0	5	55.0	良	**	**		スナークサファイア															
2021102988	2024-08-24	2中京5		7.0	3歳未勝利								和田竜二		芝2000				2:00.0	0.4		8-8-9-8	36.0-35.4	34.9	466(+4)				140.0																																											晴		18.0	6.0	11.0	3.6	3.0	3	55.0	良	**	**		エコテーラー															
2021102988	2024-09-01	2中京8		6.0	3歳未勝利								団野大成		芝2000				2:01.3	0.6		10-11-9-7	36.3-36.3	36.2	470(+4)				55.0																																											曇		18.0	2.0	3.0	7.0	3.0	5	55.0	重	**	**		オメガナビゲーター															
2021102988	2024-12-08	4中京4		7.0	3歳以上1勝クラス								川須栄彦		芝2000				2:01.4	-0.1		4-5-6-6	36.1-35.2	34.7	478(+8)				800.0																																											晴		18.0	4.0	7.0	16.1	4.0	1	55.0	良	**	**		(オリーボーレン)															
2021102988	2025-02-02	1小倉4		7.0	4歳以上1勝クラス								川須栄彦		芝2000				2:02.7	0.6		13-14-12-12	35.9-37.7	36.8	470(-8)																																															晴		18.0	8.0	16.0	7.2	3.0	6	55.0	重	**	**		ファミリーツリー															
2021102988	2025-03-29	2中京5		6.0	4歳以上1勝クラス								川須栄彦		芝2000				2:01.3	0.7		14-14-12-11	35.6-36.8	36.1	470(0)				80.0																																											晴		15.0	6.0	11.0	4.8	2.0	5	56.0	重	**	**		ハニーコム															
2021102988	2025-04-19	1福島3		10.0	桑折特別(1勝クラス)								斎藤新		芝2000				1:59.9	0.3		8-8-10-9	35.6-35.6	35.2	468(-2)				170.0																																											晴		16.0	6.0	11.0	4.9	2.0	4	56.0	良	**	**		ミスティア															
2021102988	2025-05-24	1新潟7		10.0	石打特別(1勝クラス)								斎藤新		芝2000				2:01.7	0.8		7-7	36.7-34.3	34.7	468(0)																																															小雨		16.0	8.0	16.0	4.1	1.0	8	56.0	良	**	**		アレナリア															
2021102988	2025-08-02	3中京3		11.0	3歳以上1勝クラス								川又賢治		芝2000				2:01.3	0.2		11-11-11-11	37.8-34.4	33.9	474(+6)				120.0																																											晴		13.0	8.0	13.0	13.3	7.0	4	56.0	良	**	**		セナスタイル															
2021102988	2025-08-23	4中京1		9.0	長良川特別(1勝クラス)								川田将雅		芝2200				2:12.9	0.4		5-5-6-6	36.6-34.2	34.1	470(-4)				170.0																																											晴		6.0	3.0	3.0	2.4	1.0	4	56.0	良	**	**		パフュームセント															
2021103017	2024-02-04	1東京4		5.0	3歳新馬								武士沢友		芝1800				1:51.3	1.8		3-5-5	37.8-34.0	35.3	484(0)					曇		16.0	4.0	8.0	229.4	15.0	12	57.0	良	**	**		スーパーバイザー																																																									
2021103017	2024-02-25	2中山2		6.0	3歳未勝利								武士沢友		芝2200				2:19.6	2.6		10-11-10-10	36.9-36.3	37.9	488(+4)					小雨		16.0	3.0	6.0	348.1	15.0	13	57.0	稍	**	**		ラスカンブレス																																																									
2021103017	2024-03-02	2中山3		5.0	3歳未勝利								武士沢友		芝2200				2:19.8	3.3		17-17-16-16	37.6-35.4	36.7	484(-4)					曇		18.0	4.0	7.0	440.3	13.0	16	57.0	稍	**	**		デュアルウィルダー																																																									
2021103017	2024-03-16	1阪神7		4.0	3歳未勝利								原田和真		ダ2000				2:10.2	0.7		6-6-5-7	36.5-38.8	38.9	482(-2)				55.0	晴		11.0	2.0	2.0	193.0	9.0	5	57.0	良	**	**		メイショウモモタ																																																									
2021103017	2024-04-07	3中山6		2.0	3歳未勝利								勝浦正樹		ダ1800				1:54.1	-0.2		4-5-4-3	37.1-38.8	38.4	490(+8)				550.0	曇		14.0	7.0	11.0	7.1	4.0	1	57.0	重	**	**		(ジェンマ)																																																									
2021103017	2024-05-05	2東京6		5.0	3歳1勝クラス								原田和真		ダ2100				2:13.3	2.2		6-6-6-5	30.2-37.3	39.2	486(-4)				120.0	晴		16.0	1.0	1.0	255.5	14.0	4	57.0	良	**	**		サンライズソレイユ																																																									
2021103017	2024-05-25	3京都11		9.0	鳳雛S(L)								Ｍ．デム		ダ1800				1:53.8	2.7		9-9-7-7	35.9-37.7	39.2	484(-2)					晴		11.0	3.0	3.0	100.1	11.0	6	57.0	良	**	**		カシマエスパーダ																																																									
2021103017	2024-12-22	5中山8		7.0	3歳以上1勝クラス								原田和真		ダ1800				1:56.9	1.8		11-11-14-12	37.7-39.7	40.3	500(+16)					晴		16.0	2.0	3.0	135.1	11.0	6	57.0	良	**	**		ドバイブルース																																																									
2021103017	2025-01-05	1中山1		4.0	4歳以上1勝クラス								原田和真		ダ2400				2:36.9	0.9		10-10-8-7	38.0-39.3	39.3	500(0)				80.0	晴		16.0	5.0	10.0	25.6	8.0	5	57.0	良	**	**		ロードブレイズ																																																									
2021103017	2025-01-19	1中山7		7.0	4歳以上1勝クラス								木幡育也		ダ1800				1:54.7	0.2		6-6-3-3	38.2-38.5	38.5	496(-4)				320.0	曇		13.0	5.0	6.0	27.2	7.0	2	57.0	良	**	**		ソレルビュレット																																																									
2021103017	2025-02-02	1京都2		7.0	4歳以上1勝クラス								木幡初也		ダ1800				1:54.6	0.3		3-3-7-8	38.0-39.0	38.7	496(0)				320.0	曇		13.0	4.0	5.0	11.3	5.0	2	57.0	稍	**	**		メイショウトム																																																									
2021103017	2025-02-16	1京都6		7.0	4歳以上1勝クラス								木幡初也		ダ1800				1:54.4	0.2		5-5-3-4	37.0-38.2	38.1	492(-4)				120.0	曇		13.0	4.0	4.0	3.5	2.0	4	57.0	稍	**	**		アリエスキング																																																									
2021103017	2025-03-02	2中山2		8.0	4歳以上1勝クラス								木幡育也		ダ1800				1:54.6	0.3		8-9-3-3	36.3-39.4	39.5	496(+4)				200.0	晴		16.0	6.0	12.0	6.3	4.0	3	58.0	良	**	**		アースイオス																																																									
2021103017	2025-03-16	2中山6		8.0	4歳以上1勝クラス								木幡育也		ダ2400				2:33.5	0.0		4-3-1-1	36.4-39.1	39.1	496(0)				320.0	雨		16.0	6.0	11.0	6.6	4.0	2	57.0	不	**	**		エアロソニック																																																									
2021103017	2025-03-30	3中山2		7.0	4歳以上1勝クラス								木幡育也		ダ1800				1:53.7	0.1		4-3-3-3	36.9-39.9	39.0	498(+2)				320.0	晴		16.0	1.0	2.0	3.1	1.0	2	58.0	稍	**	**		タナサンブラック																																																									
2021103017	2025-11-01	4東京10		7.0	3歳以上1勝クラス								木幡育也		ダ2100				2:10.8	1.1		7-9-8-9	30.2-37.4	37.4	504(+6)					曇		16.0	2.0	4.0	9.3	5.0	9	58.0	重	**	**		ロングウェイホーム																																																									
2021103017	2025-11-23	5東京5		7.0	3歳以上1勝クラス								木幡育也		ダ2100				2:13.1	0.5		2-2-2-2	31.2-37.0	37.3	502(-2)				320.0	曇		16.0	7.0	14.0	4.3	2.0	2	58.0	良	**	**		タイキインドラ																																																									
2021103017	2025-12-14	5中山4		8.0	3歳以上1勝クラス								木幡育也		ダ2500				2:44.7	1.5		6-7-2-1	30.2-39.5	41.0	496(-6)					曇		14.0	3.0	4.0	7.6	4.0	6	58.0	稍	**	**		ダカラフェスティヴ																																																									
2021103033	2023-11-18	5東京5	晴	5.0	2歳新馬		14.0	8.0	14.0	132.8	12.0	6	北村宏司	56.0	芝2000		良	**	2:02.9	0.9	**	5-4-6	37.8-33.5	33.9	430(0)			ジャスティンミラノ																																																																								
2021103033	2023-12-10	5中山4	晴	6.0	2歳未勝利		18.0	7.0	13.0	49.4	8.0	7	佐々木大	55.0	芝2000		良	**	2:02.4	1.7	**	14-14-11-7	35.4-35.9	36.5	430(0)			エコロレイズ																																																																								
2021103033	2024-01-06	1中山1	晴	5.0	3歳未勝利		17.0	8.0	16.0	306.7	11.0	5	北村宏司	57.0	芝2000		良	**	2:00.4	0.6	**	6-7-7-6	35.7-35.5	35.4	430(0)			ミッキーラッキー	55.0																																																																							
2021103033	2024-03-10	2中山6	晴	5.0	3歳未勝利		18.0	4.0	7.0	10.4	5.0	2	杉原誠人	57.0	芝2000		稍	**	2:02.8	0.8	**	3-4-4-6	35.3-36.6	37.1	436(+6)			ロードアフェット	220.0																																																																							
2021103033	2024-03-31	3中山4	晴	5.0	3歳未勝利		16.0	6.0	11.0	8.5	4.0	2	丹内祐次	57.0	芝2200		良	**	2:15.2	0.2	**	7-9-2-2	36.7-34.9	35.1	430(-6)			エラン	220.0																																																																							
2021103033	2024-04-28	1新潟2	晴	5.0	3歳未勝利		15.0	8.0	14.0	2.9	1.0	1	丹内祐次	57.0	芝2400		良	**	2:30.2	-0.1	**	6-5-2-1	34.5-35.8	35.8	432(+2)			(ベルノレイズ)	550.0																																																																							
2021103033	2024-06-29	2福島1	晴	9.0	開成山特別(1勝クラス)		8.0	8.0	8.0	3.4	2.0	2	杉原誠人	54.0	芝2600		良	**	2:38.9	0.2	**	5-5-4-4	36.9-35.1	34.5	436(+4)			レイデラルース	445.0																																																																							
2021103033	2024-07-21	2福島8	晴	12.0	3歳以上1勝クラス		12.0	5.0	5.0	2.1	1.0	6	菅原明良	55.0	芝2600		良	**	2:42.1	1.0	**	6-6-6-5	37.1-36.3	36.6	436(0)			オリエンタルナイト																																																																								
2021103033	2024-08-17	3新潟3	晴	8.0	3歳以上1勝クラス		12.0	6.0	8.0	13.7	3.0	6	杉原誠人	55.0	芝2400		良	**	2:26.3	1.6	**	10-9-9-8	35.0-35.6	35.8	436(0)			スティンガーグラス																																																																								
2021103033	2024-11-09	3福島3	晴	8.0	3歳以上1勝クラス		15.0	5.0	9.0	4.0	1.0	1	丹内祐次	56.0	芝2600		良	**	2:42.6	-0.2	**	8-8-2-1	38.1-36.9	36.8	444(+8)			(カエルム)	800.0																																																																							
2021103033	2024-12-22	5中山8	晴	9.0	グッドラックH(2勝クラス)		16.0	8.0	15.0	82.5	14.0	4	北村宏司	54.0	芝2500		良	**	2:33.4	1.2	**	5-6-9-11	30.6-36.4	36.5	452(+8)			スティンガーグラス	230.0																																																																							
2021103033	2025-01-12	1中山4	曇	9.0	初咲賞(2勝クラス)		14.0	8.0	13.0	71.5	12.0	3	北村宏司	57.0	芝2200		良	**	2:14.0	1.0	**	14-14-14-14	37.4-35.5	35.0	452(0)			ディマイザキッド	395.0																																																																							
2021103033	2025-04-06	3中山4	小雨	9.0	安房特別(2勝クラス)		12.0	4.0	4.0	5.3	2.0	4	北村宏司	56.0	芝2500		良	**	2:33.5	1.0	**	6-6-7-3	30.5-35.1	35.6	444(-8)			レッドテリオス	230.0																																																																							
2021103033	2025-04-20	1福島4	曇	10.0	奥の細道特別(2勝クラス)		15.0	4.0	7.0	4.3	1.0	9	田辺裕信	58.0	芝2600		良	**	2:42.5	0.8	**	3-3-3-3	39.1-35.6	36.2	448(+4)			キットハナガサク																																																																								
2021103033	2025-07-06	1函館8	晴	10.0	横津岳特別(2勝クラス)		10.0	2.0	2.0	3.6	2.0	3	丹内祐次	56.0	芝2600		稍	**	2:43.6	0.1	**	10-10-3-2	39.2-36.5	36.4	450(+2)			チュウワモーニング	393.3																																																																							
2021103033	2025-07-26	1札幌1	小雨	10.0	ライラック賞(2勝クラス)		13.0	5.0	7.0	11.9	6.0	7	丹内祐次	58.0	芝2600		良	**	2:41.2	1.3	**	13-13-13-10	35.9-35.9	35.8	446(-4)			スピードリッチ																																																																								
2021103033	2025-08-24	2札幌2	晴	12.0	オールスターJ第4戦(2勝クラス)		14.0	4.0	5.0	29.3	11.0	13	坂井瑠星	58.0	芝1800		良	**	1:49.9	1.2	**	14-14-12-14	36.2-35.7	35.9	446(0)			ピンクジン																																																																								
2021103033	2025-11-16	3福島4	晴	10.0	三陸特別(2勝クラス)		16.0	2.0	4.0	36.2	9.0	9	角田大和	58.0	芝2600		良	**	2:42.3	0.9	**	14-12-13-16	37.0-35.1	35.0	450(+4)			ローザサンリヴァル																																																																								
2021103033	2025-12-07	5中山2	晴	7.0	3歳以上2勝クラス		11.0	6.0	6.0	110.0	10.0	7	北村宏司	58.0	芝2500		良	**	2:32.2	1.7	**	3-3-4-4	30.9-34.1	35.6	454(+4)			ミクニインスパイア																																																																								
2021103061	2023-06-17	1函館3	曇	5.0	2歳新馬		14.0	3.0	3.0	92.6	12.0	13	鷲頭虎太	52.0	芝1200		良	**	1:13.1	2.1	**	13-13	34.6-36.4	36.4	440(0)			コルルディ																																																																								
2021103061	2023-09-17	4中山4	曇	1.0	2歳未勝利		14.0	4.0	6.0	16.8	6.0	1	藤田菜七	53.0	ダ1200		良	**	1:13.2	-0.1	**	1-1	34.6-38.6	38.6	436(-4)			(シリウス)	550.0																																																																							
2021103061	2023-11-01	門別	雨	11.0	エーデルワイス賞(JpnIII)		14.0	7.0	11.0	15.0	8.0	5	藤田菜七	54.0	ダ1200		重	**	1:13.6	0.5	**	2-2		38.9	454(+18)			モズミギカタアガリ	140.0																																																																							
2021103061	2023-12-23	5中山7	晴	7.0	2歳1勝クラス		15.0	7.0	12.0	62.5	11.0	15	藤田菜七	53.0	ダ1200		良	**	1:15.2	3.6	**	11-14	33.9-37.7	40.2	444(-10)			チカッパ																																																																								
2021103061	2024-01-14	1京都5	晴	4.0	3歳1勝クラス		11.0	2.0	2.0	281.9	11.0	3	川又賢治	55.0	ダ1200		良	**	1:13.0	0.4	**	3-3	34.1-38.5	38.6	448(+4)			ロードフロンティア	200.0																																																																							
2021103061	2024-01-27	2京都1	曇	6.0	3歳1勝クラス		7.0	3.0	3.0	4.9	4.0	3	川又賢治	55.0	ダ1200		良	**	1:12.8	1.3	**	2-3	35.8-35.7	36.8	448(0)			メイショウホウレン	200.0																																																																							
2021103061	2024-03-24	2阪神2	雨	6.0	3歳1勝クラス		12.0	6.0	8.0	33.4	9.0	4	川又賢治	55.0	ダ1200		不	**	1:11.6	1.1	**	4-4	34.6-35.9	36.8	448(0)			ミライテーラー	120.0																																																																							
2021103061	2024-05-04	3京都5	晴	6.0	3歳1勝クラス		14.0	6.0	10.0	23.2	9.0	8	川又賢治	55.0	ダ1200		良	**	1:13.7	1.0	**	3-3	34.8-37.9	38.6	452(+4)			プロミシングスター																																																																								
2021103061	2024-06-08	1函館1	晴	8.0	3歳以上1勝クラス		11.0	1.0	1.0	6.4	4.0	4	川又賢治	53.0	ダ1000		良	**	0:59.2	0.6	**	2-4	34.5-35.9	36.3	454(+2)			パルプフィクション	120.0																																																																							
2021103061	2024-07-27	1札幌3	曇	6.0	3歳以上1勝クラス		12.0	7.0	10.0	4.7	3.0	1	鮫島克駿	53.0	ダ1000		良	**	0:58.7	-0.7	**	2-2	34.6-35.5	35.5	454(0)			(セリエル)	800.0																																																																							
2021103061	2024-09-28	4中山8	曇	12.0	3歳以上2勝クラス		16.0	8.0	16.0	18.9	7.0	6	小林勝太	52.0	ダ1200		良	**	1:11.4	0.8	**	2-3	33.3-37.3	37.9	462(+8)			カンパニョーラ																																																																								
2021103061	2024-11-17	6京都6	曇	8.0	3歳以上2勝クラス		16.0	1.0	1.0	49.2	9.0	6	西村淳也	55.0	ダ1200		良	**	1:12.0	0.9	**	4-3	34.6-36.5	37.0	462(0)			ツークフォーゲル																																																																								
2021103061	2024-12-14	7京都5	曇	9.0	深草特別(2勝クラス)		16.0	5.0	10.0	31.6	8.0	2	川又賢治	55.0	ダ1200		良	**	1:12.4	0.2	**	3-2	36.1-36.1	36.2	464(+2)			ルクスメテオール	630.6																																																																							
2021103061	2025-01-05	1中山1	晴	12.0	4歳以上2勝クラス		16.0	3.0	5.0	7.3	4.0	1	川又賢治	56.0	ダ1200		良	**	1:11.0	0.0	**	1-1	34.5-36.5	36.5	456(-8)			(シャカシャカシー)	1140.0																																																																							
2021103061	2025-03-01	2中山1	晴	10.0	春風S(3勝クラス)		16.0	1.0	1.0	17.3	6.0	11	藤懸貴志	53.0	ダ1200		良	**	1:12.5	1.5	**	2-2	33.8-37.2	38.7	462(+6)			ニットウバジル																																																																								
2021103061	2025-04-06	2阪神4	晴	12.0	陽春S(3勝クラス)		11.0	5.0	5.0	6.5	3.0	3	川又賢治	56.0	ダ1200		良	**	1:11.6	0.2	**	4-4	34.3-37.1	36.9	462(0)			エコロガイア	463.7																																																																							
2021103061	2025-05-04	2京都4	晴	12.0	巨椋池S(3勝クラス)		16.0	7.0	14.0	12.4	5.0	4	川又賢治	53.0	ダ1200		良	**	1:10.3	0.1	**	2-2	33.9-36.3	36.3	466(+4)			キタノズエッジ	280.0																																																																							
2021103061	2025-07-12	2小倉5	晴	11.0	釜山S(3勝クラス)		10.0	5.0	5.0	2.7	1.0	4	川又賢治	56.0	ダ1000		良	**	0:59.2	0.2	**	2-2	33.9-36.4	36.5	464(-2)			スマートアイ	280.0																																																																							
2021103061	2025-09-07	4阪神2	晴	10.0	オークランドTRT(3勝クラス)		12.0	6.0	7.0	10.1	3.0	12	吉村誠之	56.0	ダ1200		良	**	1:13.2	2.7	**	4-6	35.0-35.5	37.7	472(+8)			テーオーエルビス																																																																								
2021103061	2025-11-09	4京都2	小雨	10.0	貴船S(3勝クラス)		12.0	8.0	12.0	19.2	7.0	11	川又賢治	56.0	ダ1200		不	**	1:11.3	1.4	**	2-2	34.1-35.8	37.0	478(+6)			アガシ																																																																								
2021103061	2025-12-28	5中山8	晴	10.0	フェアウェルS(3勝クラス)		16.0	8.0	16.0	17.0	7.0	7	川又賢治	56.0	ダ1200		良	**	1:11.6	0.7	**	4-4	33.4-37.5	38.0	472(-6)			カンパニョーラ																																																																								
2021103073	2023-07-01	3中京1		5.0	2歳新馬								国分恭介		芝1200				1:11.3	0.8		3-3	36.0-34.5	34.8	434(0)				180.0	曇		7.0	3.0	3.0	36.9	7.0	3	55.0	重	**	**		クリノハレルヤ																																																									
2021103073	2023-10-08	2京都2		1.0	2歳未勝利								国分恭介		芝1200				1:10.1	1.0		8-10	33.6-35.5	34.9	438(+4)					曇		12.0	5.0	5.0	14.0	5.0	9	56.0	良	**	**		クリスアーサー																																																									
2021103073	2023-10-28	2京都8		2.0	2歳未勝利								川須栄彦		ダ1200				1:13.7	0.6		7-7	36.0-37.1	37.2	438(0)				220.0	晴		12.0	5.0	5.0	13.2	5.0	2	56.0	良	**	**		トッピゴー																																																									
2021103073	2023-11-18	3京都5		1.0	2歳未勝利								川須栄彦		ダ1400				1:25.4	0.6		7-5	35.1-37.3	37.3	440(+2)				83.0	曇		16.0	5.0	9.0	11.4	4.0	4	56.0	重	**	**		フラムリンガム																																																									
2021103073	2023-12-10	5阪神4		1.0	2歳未勝利								川須栄彦		ダ1400				1:26.6	0.2		6-2	35.1-38.2	37.8	440(0)				140.0	晴		15.0	5.0	8.0	6.4	3.0	3	56.0	良	**	**		ニホンピロカラット																																																									
2021103073	2024-02-04	2京都4		2.0	3歳未勝利								田口貫太		ダ1200				1:12.1	0.2		3-2	35.8-36.1	36.0	446(+6)				220.0	曇		11.0	6.0	6.0	1.7	1.0	2	56.0	良	**	**		テンドウ																																																									
2021103073	2024-02-18	2京都8		2.0	3歳未勝利								田口貫太		ダ1200				1:12.6	-0.4		2-2	35.8-36.8	36.6	446(0)				550.0	曇		15.0	8.0	14.0	1.2	1.0	1	56.0	稍	**	**		(イーサンハンター)																																																									
2021103073	2024-03-03	2中山4		4.0	3歳1勝クラス								戸崎圭太		ダ1200				1:11.7	0.2		11-10	34.0-37.5	36.9	444(-2)				310.0	晴		16.0	1.0	2.0	11.7	5.0	2	57.0	稍	**	**		ガビーズシスター																																																									
2021103073	2024-05-04	3京都5		6.0	3歳1勝クラス								川田将雅		ダ1200				1:12.7	0.0		8-7	34.8-37.9	37.0	438(-6)				780.0	晴		14.0	8.0	13.0	1.8	1.0	1	57.0	良	**	**		(サムデイ)																																																									
2021103073	2024-09-29	3中京9		12.0	3歳以上2勝クラス								和田竜二		ダ1400				1:24.0	0.6		5-5	35.0-36.4	36.6	448(+10)					曇		16.0	4.0	7.0	25.9	9.0	6	56.0	稍	**	**		リンドラゴ																																																									
2021103073	2024-11-10	6京都4		8.0	3歳以上2勝クラス								川田将雅		ダ1400				1:24.1	0.1		3-3	34.3-37.9	37.5	454(+6)				290.0	晴		13.0	8.0	12.0	4.6	2.0	3	57.0	良	**	**		ヘルモーズ																																																									
2021103073	2024-12-22	7京都8		8.0	3歳以上2勝クラス								岩田望来		ダ1400				1:25.5	0.1		8-9	36.0-37.6	36.8	456(+2)				460.0	晴		16.0	4.0	7.0	4.7	2.0	2	57.0	良	**	**		スターペスカオリ																																																									
2021103073	2024-12-28	7京都9		9.0	春待月賞(2勝クラス)								鮫島克駿		ダ1400				1:25.2	0.7		11-10	35.5-36.7	36.6	454(-2)				230.0	晴		16.0	2.0	4.0	4.8	2.0	4	57.0	良	**	**		ニシキギミッチー																																																									
2021103073	2025-02-23	1東京8		12.0	大島特別(2勝クラス)								戸崎圭太		ダ1400				1:25.1	0.6		6-6	35.7-36.7	36.7	464(+10)				230.0	曇		14.0	4.0	5.0	5.8	4.0	4	58.0	良	**	**		ヴァンドーム																																																									
2021103073	2025-03-09	1阪神4		12.0	4歳以上2勝クラス								団野大成		ダ1400				1:24.5	0.0		6-6	34.6-37.5	36.9	454(-10)				460.0	晴		14.0	8.0	14.0	3.3	1.0	2	58.0	良	**	**		レイズカイザー																																																									
2021103073	2025-05-24	2京都9		12.0	オーストラリアT(2勝クラス)								団野大成		ダ1400				1:21.8	-0.5		3-3	34.8-35.2	34.9	460(+6)				1578.0	雨		13.0	7.0	10.0	3.6	2.0	1	58.0	稍	**	**		(フェンダー)																																																									
2021103073	2025-06-07	3東京1		11.0	麦秋S(3勝クラス)								荻野極		ダ1400				1:23.4	0.7		7-7	34.8-35.9	36.1	454(-6)				184.0	曇		16.0	5.0	10.0	4.5	2.0	5	56.0	良	**	**		サフランヒーロー																																																									
2021103073	2025-09-20	4阪神6		11.0	大阪スポーツ杯(3勝クラス)								川田将雅		ダ1400				1:25.1	0.8		4-5	35.6-36.6	37.0	460(+6)					曇		13.0	1.0	1.0	3.3	1.0	12	58.0	良	**	**		スターペスカオリ																																																									
2021103073	2025-10-19	3京都7		10.0	京都開設100周年(3勝クラス)								団野大成		ダ1400				1:23.6	0.4		8-7	35.7-35.4	35.2	454(-6)				184.0	曇		16.0	3.0	5.0	7.9	2.0	5	56.0	良	**	**		グランフォーブル																																																									
2021103073	2025-11-23	4京都6		10.0	LトレーナーC(3勝クラス)								団野大成		ダ1400				1:24.0	0.3		8-10	34.9-36.6	36.3	460(+6)				184.0	晴		16.0	4.0	7.0	5.8	3.0	5	58.0	良	**	**		フェルヴェンテ																																																									
2021103073	2025-12-21	5阪神6		9.0	御影S(3勝クラス)								川田将雅		ダ1400				1:23.5	1.0		2-2	34.0-36.8	37.7	458(-2)					雨		16.0	3.0	5.0	5.9	2.0	11	58.0	重	**	**		トリリオンボーイ																																																									
2021103095	2024-06-15	3東京5		1.0	3歳未勝利								原優介		ダ1400				1:27.6	3.2		13-12	35.7-36.6	38.1	486(0)																			晴		16.0	3.0	5.0	37.1	7.0	12	54.0	良	**	**		アルーリングタイム																																											
2021103095	2024-08-25	3新潟6		4.0	3歳未勝利								石橋脩		ダ1200				1:11.8	-0.7		2-2	34.7-37.1	37.0	470(-16)				550.0															曇		15.0	7.0	12.0	4.1	2.0	1	55.0	良	**	**		(バルサミコ)																																											
2021103095	2024-09-07	4中山1		6.0	3歳以上1勝クラス								石橋脩		ダ1200				1:11.5	-0.1		2-2	34.0-37.5	37.4	472(+2)				800.0															晴		16.0	7.0	14.0	2.3	1.0	1	54.0	良	**	**		(チェルシー)																																											
2021103095	2025-03-16	2中山6		12.0	4歳以上2勝クラス								石橋脩		ダ1200				1:11.0	0.1		2-2	33.1-37.8	37.8	478(+6)				460.0															小雨		16.0	6.0	11.0	6.9	3.0	2	56.0	不	**	**		ショウナンアビアス																																											
2021103095	2025-04-12	3中山5		12.0	4歳以上2勝クラス								石橋脩		ダ1200				1:10.9	-0.2		1-1	34.4-36.5	36.5	474(-4)				1140.0															晴		16.0	2.0	4.0	1.9	1.0	1	56.0	良	**	**		(フレイミングパイ)																																											
2021103095	2025-07-05	2福島3		11.0	TUF杯(3勝クラス)								石橋脩		ダ1150				1:07.7	-0.3		2-2	31.6-36.1	36.1	470(-4)				1874.3															晴		16.0	8.0	15.0	7.2	3.0	1	56.0	良	**	**		(ルディック)																																											
2021103095	2025-07-20	2福島8		11.0	福島テレビ賞(OP)								石橋脩		ダ1150				1:07.7	0.4		2-3	31.2-36.1	36.3	474(+4)				888.4															晴		13.0	7.0	11.0	2.7	1.0	2	55.0	良	**	**		シアージスト																																											
2021103095	2026-01-18	1中山7		10.0	ジャニュアリーS(OP)								石橋脩		ダ1200				1:12.8	2.2		6-9	33.3-37.3	39.1	488(+14)																																																													晴		16.0	1.0	2.0	25.7	9.0	15	55.0	良	**	**		モンドプリューム	202606010710
2021103140	2023-07-08	2福島3		5.0	2歳新馬								丸田恭介		芝1800				1:53.0	1.7		8-8-8-7	37.3-35.6	36.5	486(0)																																															曇		12.0	7.0	10.0	123.9	8.0	8	55.0	良	**	**		エコロヴァルツ															
2021103140	2023-09-30	4中山8		3.0	2歳未勝利								丸田恭介		ダ1800				1:57.2	1.5		10-9-6-6	38.4-38.4	39.4	500(+14)																																															曇		16.0	5.0	10.0	47.6	8.0	7	55.0	良	**	**		ロードブレイズ															
2021103140	2023-10-22	4東京7		1.0	2歳未勝利								吉田豊		ダ1600				1:39.4	-0.2		10-8	35.6-38.2	37.2	504(+4)				550.0																																											晴		16.0	3.0	5.0	58.2	10.0	1	56.0	良	**	**		(ユイノコミチ)															
2021103140	2023-11-26	5東京8		8.0	ベゴニア賞(1勝クラス)								吉田豊		芝1600				1:38.2	1.2		5-5	37.7-33.5	34.1	512(+8)																																															曇		8.0	2.0	2.0	117.4	6.0	6	56.0	良	**	**		オーサムストローク															
2021103140	2023-12-10	5中山4		7.0	2歳1勝クラス								丸田恭介		ダ1800				1:54.0	1.5		11-11-11-10	37.1-37.9	38.2	510(-2)				200.0																																											晴		16.0	1.0	1.0	95.0	14.0	3	56.0	良	**	**		ミッキーファイト															
2021103140	2024-01-27	1東京1		4.0	3歳1勝クラス								松岡正海		ダ1600				1:38.8	0.8		12-12	34.6-39.1	38.3	504(-6)																																															晴		14.0	4.0	5.0	45.6	8.0	7	57.0	良	**	**		ソニックスター															
2021103140	2024-02-18	2京都8		6.0	3歳1勝クラス								古川吉洋		ダ1900				1:59.6	0.4		5-5-3-3	29.6-37.9	38.0	510(+6)				200.0																																											曇		11.0	4.0	4.0	9.4	5.0	3	57.0	良	**	**		ハーバーライト															
2021103140	2024-03-10	2中山6		6.0	3歳1勝クラス								丸田恭介		ダ1800				1:54.3	0.2		11-11-7-2	36.8-39.3	38.7	502(-8)				310.0																																											晴		16.0	1.0	1.0	13.0	5.0	2	57.0	稍	**	**		サトノエピック															
2021103140	2024-03-31	3中山4		7.0	3歳1勝クラス								松岡正海		ダ1800				1:53.7	0.4		13-9-2-2	36.9-38.1	38.3	502(0)				200.0																																											晴		16.0	8.0	15.0	3.3	1.0	3	57.0	稍	**	**		ピュアキアン															
2021103140	2024-04-20	2東京1		6.0	3歳1勝クラス								丸田恭介		ダ1600				1:38.3	1.1		15-13	35.1-37.2	36.7	504(+2)																																															晴		16.0	1.0	1.0	5.3	3.0	6	57.0	良	**	**		ブシン															
2021103140	2024-06-08	3東京3		8.0	3歳以上1勝クラス								丸田恭介		ダ2100				2:11.4	-0.8		7-7-7-5	31.5-37.9	37.2	506(+2)				800.0																																											晴		16.0	4.0	7.0	2.4	1.0	1	55.0	良	**	**		(クロックフォード)															
2021103140	2024-09-14	4中山3		9.0	松戸特別(2勝クラス)								丸田恭介		ダ2400				2:37.3	0.4		4-5-3-2	39.1-38.2	38.3	508(+2)				630.2																																											晴		16.0	4.0	7.0	3.3	2.0	2	55.0	良	**	**		ロードマゼラン															
2021103140	2024-10-13	4東京3		8.0	3歳以上2勝クラス								丸田恭介		ダ2100				2:12.9	2.4		8-8-10-9	31.4-36.5	37.9	516(+8)																																															晴		16.0	5.0	9.0	3.0	1.0	15	56.0	良	**	**		リアレスト															
2021103140	2024-11-16	6京都5		10.0	近江特別(2勝クラス)								渡辺竜也		ダ1900				1:58.9	-0.4		10-10-8-6	30.5-38.1	37.4	502(-14)				1587.1																																											小雨		16.0	6.0	11.0	19.3	8.0	1	56.0	良	**	**		(カズタンジャー)															
2021103140	2024-12-21	7京都7		10.0	御陵S(3勝クラス)								渡辺竜也		ダ1800				1:52.9	0.5		11-11-11-11	36.4-36.6	36.1	506(+4)				280.0																																											曇		16.0	3.0	5.0	14.5	5.0	4	55.0	良	**	**		モンブランミノル															
2021103140	2025-05-31	2京都11		10.0	桃山S(3勝クラス)								丸田恭介		ダ1900				1:59.2	1.5		13-14-15-14	30.8-35.8	36.2	506(0)																																															曇		16.0	7.0	14.0	19.3	7.0	12	56.0	良	**	**		ソーニーイシュー															
2021103140	2025-12-07	5中山2		10.0	市川S(3勝クラス)								丸田恭介		ダ1800				1:54.0	1.7		13-12-12-8	36.7-37.6	38.4	518(+12)																																															晴		16.0	7.0	13.0	40.2	11.0	12	56.0	良	**	**		クラウンシエンタ															
2021103140	2025-12-20	5中京5		11.0	尾頭橋S(3勝クラス)								丸田恭介		ダ1800				1:53.4	0.9		11-11-11-11	36.8-37.1	37.0	516(-2)																																															小雨		11.0	3.0	3.0	93.5	10.0	7	58.0	稍	**	**		メイショウズイウン															
2021103154	2024-01-13	1京都4		4.0	3歳新馬								角田大河		ダ1800				1:55.4	0.2		1-1-1-1	37.5-36.8	37.0	460(0)				250.0															晴		16.0	2.0	3.0	45.6	10.0	2	56.0	良	**	**		ダノンケイツー																																											
2021103154	2024-02-04	2京都4		4.0	3歳未勝利								角田大河		ダ1800				1:53.8	-0.7		1-1-1-1	37.0-38.4	38.4	456(-4)				550.0															曇		9.0	5.0	5.0	1.5	1.0	1	56.0	良	**	**		(フラッシング)																																											
2021103154	2024-03-02	1阪神3		6.0	3歳1勝クラス								角田大河		ダ1800				1:54.9	2.4		2-2-2-2	36.6-38.4	40.4	452(-4)				78.0															曇		6.0	4.0	4.0	3.1	2.0	5	56.0	稍	**	**		ハビレ																																											
2021103154	2024-05-18	2東京9		6.0	3歳1勝クラス								角田大和		ダ1600				1:38.0	1.8		3-2	35.5-35.6	37.3	456(+4)				78.0															晴		10.0	7.0	8.0	11.7	2.0	5	56.0	良	**	**		アッシュルバニパル																																											
2021103154	2024-06-08	4京都3		7.0	3歳以上1勝クラス								角田大和		ダ1900				2:00.6	1.9		2-2-2-2	29.5-38.3	40.0	448(-8)																			晴		16.0	6.0	12.0	6.1	3.0	6	54.0	良	**	**		クリノフィガロ																																											
2021103154	2024-08-24	2中京5		8.0	3歳以上1勝クラス								角田大和		ダ1800				1:56.4	2.7		5-3-5-7	38.0-36.9	39.3	446(-2)																			晴		13.0	5.0	6.0	9.9	5.0	12	54.0	良	**	**		スリリングチェイス																																											
2021103154	2024-09-16	3中京5		7.0	3歳以上1勝クラス								角田大和		ダ1800				1:52.4	0.8		1-1-1-1	37.2-36.8	37.6	444(-2)				200.0															曇		11.0	8.0	11.0	12.9	4.0	3	54.0	稍	**	**		モンブランミノル																																											
2021103154	2024-10-06	5京都2		6.0	3歳以上1勝クラス								角田大和		ダ1800				1:53.2	0.8		1-1-1-1	37.9-36.9	37.7	436(-8)				200.0															晴		8.0	7.0	7.0	36.2	6.0	3	56.0	良	**	**		ソーニーイシュー																																											
2021103154	2024-10-20	4新潟6		6.0	3歳以上1勝クラス								角田大和		ダ1800				1:52.4	0.0		2-2-1-1	36.1-38.4	38.4	450(+14)				320.0															晴		10.0	5.0	5.0	2.3	1.0	2	56.0	稍	**	**		アッティラ																																											
2021103154	2024-11-10	5東京4		6.0	3歳以上1勝クラス								角田大和		ダ1600				1:38.2	1.0		2-3	35.8-36.2	37.0	452(+2)				80.0															曇		16.0	5.0	10.0	3.3	2.0	5	57.0	良	**	**		ホウキボシ																																											
2021103154	2025-02-01	1小倉3		3.0	4歳以上1勝クラス								角田大和		ダ1700				1:47.5	0.6		3-3-4-4	30.5-37.6	38.0	456(+4)																			小雨		16.0	1.0	2.0	2.0	1.0	10	57.0	良	**	**		フラッシング																																											
2021103154	2025-02-09	1京都4		7.0	4歳以上1勝クラス								ルメート		ダ1800				1:55.7	1.1		8-8-5-7	37.4-37.9	38.2	452(-4)																			晴		10.0	1.0	1.0	3.7	2.0	6	57.0	稍	**	**		ギマール																																											
2021103154	2025-02-23	1京都8		8.0	4歳以上1勝クラス								岩田康誠		ダ1800				1:54.7	0.6		6-4-5-4	37.5-38.1	38.2	454(+2)				200.0															曇		12.0	1.0	1.0	6.2	4.0	3	57.0	良	**	**		シャハザマーン																																											
2021103154	2025-05-18	2京都8		7.0	4歳以上1勝クラス								岩田康誠		ダ1900				1:59.1	-0.2		2-2-2-2	31.1-36.3	36.2	454(0)				800.0															晴		10.0	7.0	7.0	4.1	2.0	1	58.0	重	**	**		(ブルーワール)																																											
2021103154	2025-06-01	2京都12		9.0	與杼特別(2勝クラス)								角田大和		ダ1800				1:52.7	0.9		10-10-13-13	35.5-38.3	37.9	456(+2)																			晴		14.0	8.0	14.0	21.3	10.0	8	58.0	良	**	**		メイショウソウタ																																											
2021103154	2025-07-19	2小倉7		10.0	熊本城特別(2勝クラス)								岩田康誠		ダ1700				1:44.7	1.5		11-11-9-9	29.7-36.7	37.4	452(-4)																			曇		16.0	3.0	6.0	15.5	7.0	6	58.0	重	**	**		レイナデアルシーラ																																											
2021103154	2025-08-26	盛岡		10.0	東京カップけやき賞(A)								角田大和		ダ1600				1:37.3	0.7		3-2		38.7	444(-8)				50.0															曇		10.0	3.0	3.0	9.0	4.0	3	56.0	良	**	**		グランドセントラル																																											
2021103154	2025-09-06	4阪神1		9.0	出石特別(2勝クラス)								角田大和		ダ1800				1:54.5	2.6		4-6-6-5	37.6-36.6	38.6	440(-4)																			晴		9.0	8.0	9.0	25.8	6.0	7	58.0	稍	**	**		トリポリタニア																																											
2021103154	2025-11-16	4京都4		7.0	3歳以上2勝クラス								岩田康誠		ダ1800				1:51.3	0.5		8-9-9-7	35.3-38.0	37.6	454(+14)				290.0															晴		16.0	6.0	11.0	42.8	7.0	3	58.0	良	**	**		ゴールデンクラウド																																											
2021103154	2025-12-07	5阪神2		9.0	豊中特別(2勝クラス)								酒井学		ダ1800				1:52.1	0.0		9-9-8-8	35.8-39.0	37.4	454(0)				629.2															晴		13.0	1.0	1.0	15.4	6.0	2	58.0	良	**	**		タマモキャリコ																																											
2021103154	2025-12-28	5阪神8		8.0	3歳以上2勝クラス								岩田康誠		ダ1800				1:53.0	0.1		4-4-3-3	36.7-38.3	37.9	452(-2)				290.0															晴		13.0	6.0	9.0	3.6	1.0	3	58.0	良	**	**		ゴールドダイアー																																											
2021103154	2026-01-18	1京都7		10.0	大津特別(2勝クラス)								岩田康誠		ダ1800				1:54.1	0.5		6-6-3-4	37.5-37.4	37.5	452(0)				158.0																																																									晴		16.0	7.0	14.0	7.4	5.0	5	58.0	良	**	**		バッケンレコード	202608010710
2021103177	2023-12-23	5中山7		5.0	2歳新馬								菊沢一樹		芝1800				1:51.7	0.2		11-10-10-10	38.2-35.5	34.9	482(0)				110.0																																											晴		16.0	7.0	13.0	53.7	11.0	4	56.0	良	**	**		ニシノフィアンス															
2021103177	2024-01-21	1中山7		5.0	3歳未勝利								横山和生		芝2200				2:21.7	2.7		15-14-12-13	37.1-38.3	39.8	488(+6)																																															雨		17.0	3.0	5.0	13.8	5.0	12	57.0	不	**	**		カムフライ															
2021103177	2024-03-16	1中京3		4.0	3歳未勝利								菊沢一樹		芝2000				2:01.5	1.9		10-10-9-9	36.1-35.5	36.4	478(-10)																																															晴		12.0	8.0	11.0	34.0	9.0	6	57.0	良	**	**		コルレオニス															
2021103177	2024-08-10	2札幌1		6.0	3歳未勝利								小林勝太		芝2000				2:01.7	1.0		14-15-11-7	35.5-36.2	36.2	482(+4)				55.0																																											晴		16.0	3.0	5.0	43.5	10.0	5	55.0	良	**	**		スピードリッチ															
2021103177	2024-08-31	2札幌7		3.0	3歳未勝利								小林勝太		芝2000				2:04.9	2.3		15-15-15-13	35.8-37.0	37.6	478(-4)																																															曇		16.0	6.0	11.0	44.3	10.0	11	55.0	重	**	**		アラタマフェーヴル															
2021103177	2024-11-12	園田		7.0	C2二								鴨宮祥行		ダ1400				1:33.8	1.4		10-10-9-8		40.2	486(+8)				14.0																																											晴		10.0	5.0	5.0	15.0	5.0	3	56.0	良	**	**		デイムサンライズ															
2021103177	2024-11-28	園田		7.0	C2一								鴨宮祥行		ダ1400				1:32.7	0.3		9-9-7-5		39.2	480(-6)				24.5																																											晴		10.0	6.0	6.0	5.6	3.0	2	56.0	重	**	**		サニーウェザー															
2021103177	2024-12-11	園田		8.0	C2一								鴨宮祥行		ダ1400				1:32.2	0.6		9-9-7-6		38.5	483(+3)				10.5																																											曇		12.0	7.0	10.0	4.1	2.0	4	56.0	良	**	**		ヨシイチ															
2021103177	2024-12-29	園田		7.0	C2一								鴨宮祥行		ダ1400				1:32.9	-1.2		10-10-10-7		38.9	478(-5)				70.0																																											晴		10.0	6.0	6.0	3.9	2.0	1	56.0	良	**	**		(バスターウルフ)															
2021103177	2025-01-15	園田		8.0	C1二								山本咲希		ダ1400				1:33.4	0.1		10-10-10-6		39.3	485(+7)				38.5																																											晴		11.0	3.0	3.0	5.9	2.0	2	56.0	稍	**	**		ドーンコーラス															
2021103177	2025-01-30	姫路		12.0	ありがとう!夕刊フジ(C1)								山本咲希		ダ1400				1:33.8	0.2		12-12-12-10		39.5	483(-2)				38.5																																											晴		12.0	6.0	8.0	2.5	1.0	2	56.0	良	**	**		マリノマジカル															
2021103177	2025-03-13	園田		9.0	C1								小牧太		ダ1700				1:55.9	0.2		5-5-5-4		38.5	484(+1)				38.5																																											曇		10.0	4.0	4.0	2.8	2.0	2	56.0	稍	**	**		メイショウギシオー															
2021103177	2025-04-09	園田		12.0	C1								小牧太		ダ1700				1:53.9	0.3		8-8-4-3		39.6	482(-2)				27.5																																											晴		12.0	8.0	11.0	1.6	1.0	3	57.0	良	**	**		エナアニマル															
2021103177	2025-04-24	園田		10.0	C1								田野豊三		ダ1870				2:05.0	0.1		9-9-7-4		38.8	478(-4)				44.0																																											晴		10.0	8.0	10.0	3.0	2.0	2	57.0	稍	**	**		ジグラート															
2021103177	2025-05-05	園田		12.0	C1								田野豊三		ダ1700				1:54.5	0.2		9-9-5-2		38.5	474(-4)				44.0																																											晴		12.0	5.0	6.0	2.9	2.0	2	57.0	良	**	**		ラキアレクサンダー															
2021103177	2025-05-21	園田		8.0	C1								鴨宮祥行		ダ1870				2:06.8	0.0		5-5-4-4		38.7	479(+5)				44.0																																											曇		6.0	2.0	2.0	1.4	1.0	2	57.0	良	**	**		ライトピラー															
2021103177	2025-07-02	園田		10.0	C1								鴨宮祥行		ダ1700				1:54.0	-0.1		10-10-6-3		39.3	473(-6)				110.0																																											曇		12.0	3.0	3.0	3.0	1.0	1	57.0	良	**	**		(ファッシネイトパイ)															
2021103177	2025-07-24	園田		10.0	B2								鴨宮祥行		ダ1400				1:30.7	0.1		8-8-6-5		39.2	480(+7)				32.5																																											晴		12.0	4.0	4.0	4.2	3.0	3	57.0	良	**	**		マジーク															
2021103177	2025-09-10	園田		11.0	白露特別B2								鴨宮祥行		ダ1400				1:32.1	-0.1		11-11-11-9		39.1	489(+9)				130.0																																											曇		12.0	5.0	6.0	4.7	2.0	1	57.0	良	**	**		(インテンシーヴォ)															
2021103177	2025-10-10	園田		11.0	スポニチなにわ賞B1(B1B2)								鴨宮祥行		ダ1700										計不																																															晴		9.0	2.0	2.0			取	57.0	良	**	**		ジグラート															
2021103203	2023-08-12	3新潟1		6.0	2歳新馬								菱田裕二		芝1400				1:22.6	0.1		4-4	34.5-35.7	35.3	446(0)				290.0	曇		14.0	7.0	11.0	77.6	12.0	2	55.0	良	**	**		キャプテンネキ																																																									
2021103203	2023-09-09	4阪神1		2.0	2歳未勝利								鮫島克駿		芝1400				1:21.6	0.0		2-2	35.1-34.5	34.3	444(-2)				220.0	晴		9.0	2.0	2.0	3.1	2.0	2	55.0	良	**	**		バウンシーステップ																																																									
2021103203	2023-10-01	4阪神9		2.0	2歳未勝利								鮫島克駿		芝1400				1:23.3	0.2		6-4	35.8-34.9	34.7	442(-2)				220.0	曇		11.0	8.0	11.0	1.9	1.0	2	55.0	重	**	**		アスティスプマンテ																																																									
2021103203	2023-11-12	3京都4		2.0	2歳未勝利								ルメール		芝1400				1:22.0	-0.2		6-6	34.4-35.9	35.4	448(+6)				550.0	曇		17.0	4.0	8.0	1.5	1.0	1	55.0	良	**	**		(コネッシオーネ)																																																									
2021103203	2023-12-23	5阪神7		9.0	万両賞(1勝クラス)								鮫島克駿		芝1400				1:20.7	-0.1		8-7	33.8-35.5	34.5	444(-4)				1098.7	晴		13.0	5.0	7.0	7.2	5.0	1	55.0	良	**	**		(ソンシ)																																																									
2021103203	2024-01-13	1京都4		10.0	紅梅S(L)								団野大成		芝1400				1:23.9	0.5		4-3	36.1-34.8	35.1	444(0)				300.0	曇		9.0	8.0	8.0	3.3	1.0	4	55.0	良	**	**		ワイドラトゥール																																																									
2021103203	2024-03-10	1阪神6		11.0	フィリーズレビュー(GII)								団野大成		芝1400				1:20.7	0.6		8-8	33.8-35.1	35.2	452(+8)					晴		14.0	2.0	2.0	15.4	5.0	6	55.0	良	**	**		エトヴプレ																																																									
2021103203	2024-08-11	3新潟2		9.0	三面川特別(2勝クラス)								松山弘平		芝1800				1:48.0	2.2		5-5	35.6-34.1	35.6	452(0)					晴		13.0	4.0	4.0	10.1	4.0	12	53.0	良	**	**		テウメッサ																																																									
2021103203	2024-09-16	3中京5		10.0	桑名特別(2勝クラス)								松山弘平		芝1400				1:22.0	1.3		7-8	35.1-33.9	34.3	442(-10)					曇		13.0	8.0	12.0	17.0	5.0	9	54.0	良	**	**		ソンシ																																																									
2021103203	2024-10-06	4東京2		8.0	3歳以上2勝クラス								岩田望来		芝1400				1:20.4	0.7		8-8	33.8-34.5	34.2	446(+4)					曇		13.0	3.0	3.0	7.5	3.0	6	54.0	良	**	**		サトミノキラリ																																																									
2021103203	2024-12-22	7京都8		12.0	ジングルベル賞(2勝クラス)								岩田望来		芝1400				1:22.3	1.1		17-13	35.4-34.2	34.1	452(+6)					晴		17.0	1.0	1.0	20.9	7.0	13	53.0	良	**	**		ヤマニンアルリフラ																																																									
2021103203	2025-07-20	2小倉8		9.0	不知火特別(2勝クラス)								亀田温心		芝1800				1:49.5	1.1		6-6-6-5	36.6-36.1	36.4	460(+8)					晴		8.0	2.0	2.0	31.2	7.0	6	56.0	良	**	**		ホルトバージ																																																									
2021103227	2023-12-17	5阪神6		5.0	2歳新馬								岩田望来		芝1800				1:49.1	0.1		5-6	35.2-35.8	35.2	476(0)				180.0																													晴		10.0	7.0	8.0	9.6	4.0	3	56.0	稍	**	**		トップオブザロック																													
2021103227	2024-01-06	1京都1		5.0	3歳未勝利								岩田望来		芝1800				1:49.7	1.3		15-13	34.9-35.3	35.6	478(+2)																																	曇		17.0	8.0	17.0	16.4	7.0	9	57.0	良	**	**		エラトー																													
2021103227	2024-03-17	1中京4		4.0	3歳未勝利								斎藤新		芝1600				1:35.8	0.1		3-4-4	36.8-34.4	34.2	468(-10)				220.0																													曇		16.0	2.0	4.0	5.2	3.0	2	57.0	良	**	**		ピックアチェリー																													
2021103227	2024-04-13	2阪神7		4.0	3歳未勝利								西村淳也		芝1600				1:34.6	0.4		7-7	35.7-33.7	33.6	474(+6)				83.0																													晴		18.0	1.0	1.0	4.6	2.0	4	57.0	良	**	**		フォーチュンタイム																													
2021103227	2024-05-05	3京都6		4.0	3歳未勝利								浜中俊		芝1600				1:32.6	-0.5		6-5	33.8-35.7	35.1	476(+2)				550.0																													晴		15.0	4.0	7.0	3.0	1.0	1	57.0	良	**	**		(エリカマルゲリータ)																													
2021103227	2024-08-11	2中京2		9.0	鞍ケ池特別(1勝クラス)								浜中俊		芝1600				1:33.0	0.6		9-9-9	34.2-35.4	34.8	478(+2)																																	晴		10.0	7.0	8.0	3.8	2.0	7	55.0	良	**	**		ベラジオボンド																													
2021103227	2024-10-05	4新潟1		10.0	聖籠特別(1勝クラス)								西塚洸二		芝1600				1:34.7	0.6		15-15	36.0-34.0	33.7	482(+4)																																	晴		18.0	1.0	1.0	10.6	5.0	8	56.0	良	**	**		エコロマーズ																													
2021103227	2024-11-03	6京都2		12.0	3歳以上1勝クラス								浜中俊		芝1600								34.2-35.9		計不																																	晴		15.0	4.0	8.0			取	57.0	稍	**	**		ビップジーニー																													
2021103227	2025-01-19	1中京7		12.0	4歳以上1勝クラス								浜中俊		芝1600				1:34.9	0.7		11-7-7	35.5-35.3	35.0	476(-6)																																	晴		16.0	7.0	13.0	5.9	3.0	8	57.0	良	**	**		オトコギアンパン																													
2021103227	2025-02-16	1京都6		8.0	4歳以上1勝クラス								浜中俊		芝1600				1:35.7	0.1		14-13	34.9-36.4	35.2	480(+4)				120.0																													曇		18.0	7.0	15.0	11.6	4.0	4	58.0	稍	**	**		ロストシークレット																													
2021103227	2025-03-16	1阪神6		7.0	4歳以上1勝クラス								浜中俊		芝1600				1:35.1	0.8		7-7	35.0-35.3	35.7	480(0)																																	雨		16.0	6.0	12.0	6.7	2.0	8	58.0	稍	**	**		ファーヴェント																													
2021103227	2025-05-04	2京都4		7.0	4歳以上1勝クラス								浜中俊		芝1600				1:35.0	1.0		8-7	35.7-34.2	33.3	476(-4)				200.0																													晴		9.0	8.0	8.0	3.4	2.0	3	58.0	良	**	**		ミッキースターダム																													
2021103227	2025-06-01	2東京12		6.0	4歳以上1勝クラス								浜中俊		芝1800				1:46.8	1.0		7-7-7	35.9-34.1	34.4	476(0)																																	晴		16.0	5.0	9.0	11.2	5.0	6	58.0	稍	**	**		ニシノティアモ																													
2021103227	2025-10-26	4新潟4		9.0	柏崎特別(1勝クラス)								吉田隼人		芝1600				1:34.8	-0.1		4-4	35.2-35.2	34.9	482(+6)				1147.8																													雨		14.0	6.0	9.0	6.3	4.0	1	58.0	稍	**	**		(ベストシーン)																													
2021103227	2025-11-23	4京都6		9.0	花見小路特別(2勝クラス)								レーン		芝1600				1:34.0	0.5		9-9	35.6-33.6	33.6	480(-2)				155.0																													晴		13.0	7.0	10.0	9.2	4.0	5	55.0	良	**	**		ダノンフェアレディ																													
2021103227	2026-01-17	1京都6		12.0	4歳以上2勝クラス								坂井瑠星		芝1600				1:33.8	0.3		8-8	35.2-34.5	34.1	476(-4)				180.0																													晴		18.0	6.0	11.0	5.2	3.0	4	58.0	良				カズミクラーシュ																													
2021103242	2024-04-13	2阪神7		3.0	3歳未勝利								坂井瑠星		ダ2000				2:09.2	0.2		8-7-7-6	35.5-39.0	38.6	460(0)				140.0																													晴		16.0	7.0	14.0	9.6	6.0	3	57.0	良	**	**		オクヤマ																													
2021103242	2024-04-27	3京都3		3.0	3歳未勝利								坂井瑠星		ダ1900				2:02.5	-0.1		4-4-3-1	30.3-39.3	39.2	460(0)				550.0																													曇		11.0	8.0	10.0	2.1	1.0	1	57.0	良	**	**		(レイドデザート)																													
2021103242	2024-07-14	3小倉6		12.0	3歳以上1勝クラス								坂井瑠星		ダ1700				1:43.3	0.3		4-3-4-3	29.4-36.9	36.8	452(-8)				320.0																													雨		16.0	4.0	7.0	6.0	4.0	2	55.0	不	**	**		バガリーロータス																													
2021103242	2024-07-27	2新潟1		8.0	3歳以上1勝クラス								坂井瑠星		ダ1800				1:55.7	3.8		2-2-3-4	36.6-37.3	40.8	456(+4)																																	曇		15.0	4.0	7.0	4.5	2.0	10	55.0	良	**	**		ダノンピレネー																													
2021103242	2024-10-27	5京都8		7.0	3歳以上1勝クラス								鮫島克駿		ダ1900				2:05.3	4.5		2-2-2-2	30.6-39.1	43.5	456(0)																																	曇		11.0	5.0	5.0	4.6	3.0	11	56.0	良	**	**		マサハヤウォルズ																													
2021103242	2024-11-02	5東京1		7.0	3歳以上1勝クラス								吉田豊		ダ1600				1:37.3	1.9		7-6	34.9-36.4	37.5	454(-2)																																	小雨		13.0	7.0	12.0	6.9	5.0	8	57.0	重	**	**		サクラトップリアル																													
2021103242	2024-12-14	4中京5		6.0	3歳以上1勝クラス								古川奈穂		ダ1400				1:25.1	1.0		13-14	33.8-38.1	37.0	466(+12)																																	晴		16.0	7.0	13.0	17.2	9.0	7	54.0	良	**	**		ミッドナイトラスタ																													
2021103242	2025-01-11	1中京3		7.0	4歳以上1勝クラス								古川奈穂		ダ1800				1:54.5	1.2		5-7-10-8	37.8-38.8	39.0	468(+2)																																	晴		16.0	7.0	13.0	48.2	10.0	8	54.0	良	**	**		メイショウコナン																													
2021103242	2025-03-16	1阪神6		8.0	4歳以上1勝クラス								坂井瑠星		ダ1800				1:58.0	3.1		2-2-2-2	37.2-40.1	43.1	462(-6)																																	雨		13.0	8.0	13.0	4.4	3.0	10	58.0	重	**	**		スマートリアファル																													
2021103242	2025-03-29	2中京5		12.0	4歳以上1勝クラス								鮫島克駿		ダ1200				1:12.7	0.5		10-10	34.6-37.6	37.2	454(-8)				120.0																													晴		16.0	6.0	11.0	15.5	6.0	4	58.0	稍	**	**		ダズリングダンス																													
2021103242	2025-05-24	1新潟7		12.0	4歳以上1勝クラス								古川奈穂		ダ1200				1:11.7	-0.1		5-5	35.2-36.5	36.0	452(-2)				800.0																													曇		14.0	7.0	13.0	11.1	4.0	1	55.0	良	**	**		(ゲーベル)																													
2021103242	2025-06-01	2京都12		8.0	4歳以上2勝クラス								古川奈穂		ダ1200				1:12.1	0.7		8-8	35.1-36.3	36.5	460(+8)																																	晴		16.0	1.0	2.0	20.7	9.0	9	55.0	良	**	**		パドマ																													
2021103242	2025-07-13	1函館10		10.0	噴火湾特別(2勝クラス)								松岡正海		ダ1000				0:59.4	0.5		7-6	34.4-36.0	35.9	450(-10)				155.0																													晴		12.0	6.0	8.0	11.6	4.0	5	58.0	良	**	**		テイエムタリスマ																													
2021103242	2025-08-03	1札幌4		9.0	3歳以上2勝クラス								古川奈穂		ダ1000				0:59.2	0.6		7-6	34.5-35.7	35.5	454(+4)				460.0																													晴		10.0	3.0	3.0	17.1	8.0	2	55.0	良	**	**		メイショウキルギス																													
2021103242	2025-08-17	1札幌8		10.0	大通公園特別(2勝クラス)								古川奈穂		ダ1000				0:59.1	0.4		8-8	34.2-35.9	35.1	452(-2)				393.4																													曇		11.0	8.0	10.0	14.9	7.0	3	58.0	稍	**	**		カウスリップ																													
2021103242	2025-11-30	5東京8		10.0	アプローズ賞(2勝クラス)								坂井瑠星		ダ1400				1:25.4	1.3		7-7	35.3-36.7	37.1	462(+10)																																	晴		16.0	1.0	1.0	58.2	13.0	8	58.0	良	**	**		シャパリュ																													
2021103242	2025-12-13	5中山3		12.0	3歳以上2勝クラス								マーカン		ダ1200				1:12.0	0.8		6-6	34.3-36.9	37.1	462(0)				170.0																													曇		13.0	8.0	13.0	7.6	4.0	4	58.0	良	**	**		シュヴァルボヌール																													
2021103242	2026-01-17	1中山6		8.0	4歳以上2勝クラス								津村明秀		ダ1200				1:12.5	0.7		5-3	33.8-38.0	38.2	462(0)																																	晴		16.0	8.0	16.0	29.5	7.0	6	58.0	良				ゴールドハンマー																													
2021103266	2023-06-21	門別		5.0	JRA認定フレッシュ(新馬)(2歳)								岩橋勇二		ダ1200				1:16.1	-0.8		5-3		39.2	482(0)				250.0																																											晴		11.0	2.0	2.0	9.8	4.0	1	54.0	良	**	**		(エスケンドリーム)															
2021103266	2023-07-12	門別		7.0	JRA認定ターフチャ(OP)(2歳)								服部茂史		ダ1800				2:00.8	3.0		3-3-3-4		41.5	482(0)				52.5																																											雨		5.0	4.0	4.0	4.1	2.0	3	54.0	重	**	**		ルクスシールズ															
2021103266	2023-09-07	門別		8.0	クンツァイト特別(OP)(2歳)								服部茂史		ダ1700										計不																																															晴		6.0	4.0	4.0			取	54.0	稍	**	**		パッションクライ															
2021103266	2023-09-27	門別		10.0	赤黒の勇者特別(OP)(2歳)								服部茂史		ダ1200				1:16.2	2.0		5-4		39.2	488(+6)				7.0																																											曇		7.0	3.0	3.0	9.9	4.0	5	55.0	良	**	**		スティールマジック															
2021103266	2023-10-26	門別		9.0	ソーダライト特別(OP)(2歳)								服部茂史		ダ1700				1:55.1	1.9		6-6-6-5		41.3	488(0)																																															晴		7.0	1.0	1.0	13.9	4.0	6	55.0	稍	**	**		キタサンヒコボシ															
2021103266	2024-03-21	園田		10.0	3歳AB								下原理		ダ1400				1:34.1	0.9		9-9-6-8		41.7	490(+2)																																															雨		12.0	8.0	12.0	4.2	2.0	8	55.0	稍	**	**		メロディメーカー															
2021103266	2024-04-03	園田		11.0	菊水賞(重賞)								杉浦健太		ダ1700				1:56.9	2.4		5-6-6-8		40.0	486(-4)																																															雨		12.0	6.0	8.0	75.4	9.0	10	56.0	重	**	**		オーシンロクゼロ															
2021103266	2024-04-23	園田		10.0	3歳AB								下原理		ダ1700				1:56.5	0.9		6-6-7-5		42.0	488(+2)				45.5																																											曇		8.0	1.0	1.0	22.3	4.0	2	55.0	重	**	**		ウインディーパレス															
2021103266	2024-05-17	園田		6.0	3歳AB								鴨宮祥行		ダ1870				2:07.1	0.8		4-5-5-5		41.6	490(+2)				26.0																																											晴		8.0	2.0	2.0	23.1	5.0	3	55.0	良	**	**		レイアンドダンス															
2021103266	2024-06-14	園田		9.0	3歳AB								下原理		ダ1700				1:54.0	1.0		5-5-4-3		40.8	488(-2)				45.5																																											晴		9.0	6.0	6.0	11.2	4.0	2	55.0	良	**	**		クラウドノイズ															
2021103266	2024-07-12	園田		12.0	C1								下原理		ダ1700				1:56.8	1.8		4-4-4-3		44.4	494(+6)																																															曇		12.0	2.0	2.0	6.1	4.0	6	55.0	不	**	**		マイネルイージス															
2021103266	2025-03-02	2中山2		8.0	4歳以上1勝クラス								荻野極		ダ1800				2:00.3	6.0		7-7-13-14	36.3-39.4	44.4	516(+22)																																															晴		16.0	3.0	6.0	349.6	14.0	16	58.0	良	**	**		アースイオス															
2021103266	2025-04-13	1福島2		12.0	4歳以上1勝クラス								水沼元輝		ダ1700				1:49.6	2.0		11-11-11-12	30.5-38.7	39.8	520(+4)																																															雨		15.0	7.0	12.0	158.9	14.0	12	55.0	良	**	**		タカサンフェイス															
2021103266	2025-05-04	1新潟2		6.0	4歳以上1勝クラス								水沼元輝		ダ1800				1:58.6	4.9		9-7-11-12	36.5-39.3	42.3	518(-2)																																															晴		12.0	2.0	2.0	308.1	12.0	12	55.0	稍	**	**		ウインアルドーレ															
2021103266	2025-07-06	2福島4		8.0	3歳以上1勝クラス								水沼元輝		芝1800				1:50.3	1.6		10-12-11-10	35.1-37.0	36.8	526(+8)																																															晴		14.0	5.0	8.0	196.5	13.0	12	55.0	良	**	**		コスモアンソロジー															
2021103478	2023-10-09	4東京3		5.0	2歳新馬								横山武史		芝1600				1:36.9	-0.1		5-4	36.5-34.3	33.9	500(0)				720.0	雨		13.0	8.0	12.0	8.8	4.0	1	56.0	稍	**	**		(アンドアイラヴハー)																																																									
2021103478	2024-01-08	1中山3		6.0	3歳1勝クラス								横山武史		芝2000				1:59.8	-0.1		9-9-8-6	35.9-35.7	35.0	498(-2)				780.0	晴		11.0	7.0	9.0	5.6	3.0	1	57.0	良	**	**		(コスモキュランダ)																																																									
2021103478	2024-03-03	2中山4		11.0	報知弥生ディープ記念(GII)								横山武史		芝2000				2:01.0	1.2		6-6-7-8	35.2-35.1	35.6	502(+4)					晴		11.0	8.0	10.0	6.8	4.0	9	57.0	良	**	**		コスモキュランダ																																																									
2021103478	2024-05-04	2東京5		11.0	プリンシパルS(L)								横山武史		芝2000				2:00.0	0.4		12-2-3	36.9-34.2	34.0	502(0)				200.0	晴		13.0	7.0	11.0	5.8	3.0	5	57.0	良	**	**		ダノンエアズロック																																																									
2021103478	2024-06-08	3東京3		9.0	芦ノ湖特別(2勝クラス)								菅原明良		芝1600				1:32.8	0.3		6-6	34.8-35.0	34.2	500(-2)				627.4	晴		12.0	5.0	6.0	3.1	2.0	2	54.0	良	**	**		トロヴァトーレ																																																									
2021103478	2024-10-14	4東京4		12.0	3歳以上2勝クラス								横山武史		芝1600				1:33.5	0.5		7-6	35.4-34.0	34.0	508(+8)					晴		12.0	7.0	10.0	4.0	2.0	7	56.0	良	**	**		ニュージーズ																																																									
2021103478	2024-12-22	7京都8		12.0	ジングルベル賞(2勝クラス)								西村淳也		芝1400				1:22.2	1.0		9-8	35.4-34.2	34.5	506(-2)					晴		17.0	8.0	15.0	5.6	3.0	11	56.0	良	**	**		ヤマニンアルリフラ																																																									
2021103478	2025-06-15	3東京4		9.0	芦ノ湖特別(2勝クラス)								菅原明良		芝1600				1:35.0	0.5		4-4	35.3-35.6	35.7	496(-10)				230.0	曇		10.0	3.0	3.0	10.4	4.0	4	58.0	稍	**	**		グーテンベルク																																																									
2021103478	2025-07-13	2福島6		12.0	彦星賞(2勝クラス)								菅原明良		芝1200				1:10.6	0.3		4-3	35.2-35.1	34.9	496(0)				392.7	晴		9.0	8.0	8.0	5.0	2.0	3	58.0	良	**	**		エコロマーズ																																																									
2021103478	2025-09-27	4中山8		10.0	勝浦特別(2勝クラス)								原優介		芝1200				1:07.9	0.3		16-14	33.8-33.8	32.3	502(+6)				230.0	晴		16.0	4.0	8.0	15.1	6.0	4	58.0	良	**	**		ソーダーンライト																																																									
2021103478	2025-12-06	5中山1		12.0	3歳以上2勝クラス								横山和生		芝1200				1:08.2	0.7		12-12	33.9-33.6	33.0	508(+6)					晴		13.0	1.0	1.0	3.4	1.0	11	58.0	良	**	**		アンドアイラヴハー																																																									
2021103513	2024-02-04	1東京4		3.0	3歳新馬								坂井瑠星		ダ1600				1:42.4	1.7		5-5	36.0-38.9	40.0	460(0)																																	曇		16.0	7.0	14.0	7.2	4.0	8	55.0	良	**	**		キタノライジン																													
2021103513	2024-04-13	1福島3		1.0	3歳未勝利								斎藤新		ダ1150				1:09.4	0.0		4-4	31.6-37.8	37.4	458(-2)				550.0																													晴		16.0	8.0	15.0	48.3	10.0	1	55.0	良	**	**		(ミスエル)																													
2021103513	2024-05-04	2東京5		6.0	3歳1勝クラス								オシェア		芝1400				1:21.4	0.6		5-5	35.1-33.9	33.6	460(+2)				78.0																													晴		10.0	7.0	8.0	37.0	8.0	5	55.0	良	**	**		ニコラウス																													
2021103513	2024-08-10	3新潟1		12.0	3歳以上1勝クラス								石川裕紀		芝1400				1:21.7	0.5		3-3	34.2-34.8	35.0	466(+6)				120.0																													晴		18.0	3.0	6.0	12.4	8.0	4	53.0	良	**	**		ララマセラシオン																													
2021103513	2024-09-07	4中山1		6.0	3歳以上1勝クラス								石川裕紀		ダ1200				1:12.0	0.5		12-12	34.0-37.5	37.0	462(-4)																																	晴		16.0	3.0	5.0	8.3	4.0	7	54.0	良	**	**		オーブルクール																													
2021103513	2024-10-26	4東京7		7.0	3歳以上1勝クラス								横山武史		ダ1400				1:26.5	0.6		12-12	36.4-36.5	36.1	460(-2)																																	曇		15.0	8.0	14.0	25.5	6.0	7	54.0	良	**	**		フクノブルジュ																													
2021103513	2024-12-21	5中山7		8.0	3歳以上1勝クラス								戸崎圭太		ダ1200				1:13.8	1.1		5-7	34.7-38.0	38.3	462(+2)																																	晴		16.0	4.0	7.0	13.6	7.0	7	55.0	良	**	**		レッドセニョール																													
2021103513	2025-02-01	1京都1		8.0	4歳以上1勝クラス								北村友一		ダ1400				1:27.6	2.8		7-7	35.9-36.7	38.8	452(-10)																																	曇		15.0	2.0	4.0	50.7	10.0	13	56.0	良	**	**		ヒルノドゴール																													
2021103513	2025-04-13	1福島2		8.0	4歳以上1勝クラス								斎藤新		ダ1150				1:10.0	0.9		7-7	32.0-37.1	37.4	450(-2)				80.0																													小雨		16.0	2.0	4.0	52.8	10.0	5	56.0	良	**	**		ニシノクラウン																													
2021103513	2025-04-26	1福島5		8.0	4歳以上1勝クラス								斎藤新		ダ1150				1:10.3	1.1		4-5	31.9-37.3	38.0	448(-2)																																	晴		16.0	5.0	9.0	21.7	6.0	9	56.0	良	**	**		ニホンピロトッティ																													
2021103513	2025-05-17	2東京7		12.0	4歳以上1勝クラス								斎藤新		ダ1600				1:37.9	1.6		9-11	34.4-37.1	37.8	446(-2)																																	曇		14.0	8.0	13.0	62.7	11.0	12	56.0	不	**	**		プチボヌール																													
2021103513	2025-09-06	4中山1		12.0	3歳以上1勝クラス								団野大成		ダ1200				1:12.8	1.4		14-13	35.4-36.0	36.5	464(+18)																																	晴		16.0	2.0	3.0	84.4	13.0	9	56.0	稍	**	**		ドナカルナバル																													
2021103513	2025-11-08	5東京1		7.0	3歳以上1勝クラス								岩田康誠		ダ1300				1:18.9	1.0		4-4	29.5-36.5	37.1	462(-2)				80.0																													晴		16.0	1.0	1.0	102.1	12.0	5	56.0	良	**	**		ドントゥザムーン																													
2021103513	2025-11-24	3福島6		7.0	3歳以上1勝クラス								吉村誠之		ダ1150				1:08.7	-0.1		1-1	32.1-36.6	36.6	462(0)				800.0																													曇		16.0	6.0	11.0	41.3	8.0	1	55.0	良	**	**		(ヒラボクカレラ)																													
2021103513	2026-01-17	1中山6		8.0	4歳以上2勝クラス								舟山瑠泉		ダ1200				1:13.8	2.0		2-3	33.8-38.0	39.8	458(-4)																																	晴		16.0	1.0	1.0	75.0	8.0	16	53.0	良				ゴールドハンマー																													
2021103520	2023-09-16	4阪神3	晴	5.0	2歳新馬		8.0	2.0	2.0	11.5	5.0	1	坂井瑠星	55.0	芝1600		良	**	1:34.5	0.0	**	3-4	36.3-34.1	33.9	400(0)			(バレルターン)	720.0																																																																							
2021103520	2023-10-28	2京都8	晴	8.0	萩S(L)		6.0	1.0	1.0	4.8	3.0	4	坂井瑠星	56.0	芝1800		良	**	1:48.4	0.5	**	3-3	36.0-34.3	34.5	400(0)			ルシフェル	260.0																																																																							
2021103520	2023-11-19	3京都6	晴	9.0	秋明菊賞(1勝クラス)		8.0	5.0	5.0	27.3	7.0	3	坂井瑠星	56.0	芝1400		良	**	1:21.2	0.5	**	6-7	34.8-34.7	34.3	402(+2)			ダノンマッキンリー	272.7																																																																							
2021103520	2023-12-23	5阪神7	晴	9.0	万両賞(1勝クラス)		13.0	8.0	12.0	7.2	4.0	3	坂井瑠星	56.0	芝1400		良	**	1:21.0	0.3	**	10-9	33.8-35.5	34.6	404(+2)			ロゼフレア	274.1																																																																							
2021103520	2024-01-08	1京都3	晴	11.0	日刊スポシンザン記念(GIII)		18.0	2.0	4.0	43.2	12.0	17	坂井瑠星	57.0	芝1600		良	**	1:36.3	1.8	**	13-13	34.3-36.1	37.0	404(0)			ノーブルロジャー																																																																								
2021103520	2024-04-28	3京都4	晴	6.0	3歳1勝クラス		11.0	4.0	4.0	6.7	3.0	4	武豊	57.0	芝1400		良	**	1:21.2	1.0	**	9-9	35.0-33.9	34.1	408(+4)			クランフォード	120.0																																																																							
2021103520	2024-05-18	3京都9	晴	9.0	メルボルンT(1勝クラス)		13.0	6.0	10.0	31.8	9.0	4	岩田望来	57.0	芝1600		良	**	1:33.3	0.4	**	8-7	35.3-34.1	33.6	408(0)			スマートワイス	160.0																																																																							
2021103520	2024-06-02	4京都2	雨	12.0	3歳以上1勝クラス		16.0	2.0	4.0	4.7	2.0	8	鮫島克駿	55.0	芝1400		稍	**	1:24.2	1.5	**	4-4	35.5-35.6	36.7	406(-2)			メイショウコギク																																																																								
2021103520	2024-06-22	4京都7	小雨	12.0	3歳以上1勝クラス		15.0	3.0	4.0	63.8	11.0	8	吉村誠之	52.0	芝1600		良	**	1:33.6	0.7	**	13-13	34.8-34.3	33.8	402(-4)			フォーチュンタイム																																																																								
2021103520	2024-09-14	3中京3	晴	6.0	3歳以上1勝クラス		16.0	5.0	10.0	57.0	11.0	5	三浦皇成	56.0	芝1600		良	**	1:32.8	0.4	**	13-15-14	34.3-35.2	34.5	408(+6)			レディントン	80.0																																																																							
2021103520	2024-09-29	3中京9	曇	7.0	3歳以上1勝クラス		16.0	4.0	8.0	16.2	7.0	8	三浦皇成	56.0	芝1600		重	**	1:36.3	1.3	**	12-13-13	35.8-35.5	35.0	412(+4)			ヨウシタンレイ																																																																								
2021103520	2024-11-24	6京都8	曇	7.0	3歳以上1勝クラス		18.0	2.0	4.0	45.9	12.0	4	ドイル	56.0	芝1800		良	**	1:47.1	0.2	**	13-13	35.3-34.6	33.8	414(+2)			キュクヌス	120.0																																																																							
2021103520	2024-12-08	4中京4	晴	12.0	3歳以上1勝クラス		16.0	6.0	12.0	10.4	4.0	6	古川奈穂	54.0	芝1600		良	**	1:35.6	0.6	**	14-15-13	35.3-35.8	35.2	412(-2)			アルトゥーム																																																																								
2021103520	2025-03-09	1阪神4	晴	7.0	4歳以上1勝クラス		9.0	3.0	3.0	14.8	6.0	2	西村淳也	58.0	芝2000		良	**	2:00.9	0.2	**	7-7-8-6	37.0-35.7	35.5	416(+4)			ステラクラウン	320.0																																																																							
2021103520	2025-03-22	2中京3	晴	9.0	金山特別(1勝クラス)		18.0	7.0	14.0	15.1	4.0	13	北村友一	58.0	芝2000		良	**	2:01.6	1.4	**	16-16-16-16	36.2-35.8	35.7	414(-2)			コスモエクスプレス																																																																								
2021103520	2025-04-06	2阪神4	晴	6.0	4歳以上1勝クラス		11.0	1.0	1.0	20.3	7.0	6	シュタル	58.0	芝2000		良	**	2:00.4	0.5	**	7-6-6-7	35.0-35.6	35.4	414(0)			クリノアドバンス																																																																								
2021103520	2025-04-27	2京都2	晴	7.0	4歳以上1勝クラス		10.0	5.0	5.0	6.8	4.0	3	吉村誠之	57.0	芝1800		良	**	1:46.8	0.2	**	8-7	36.2-34.5	34.0	418(+4)			ジーティームソウ	200.0																																																																							
2021103520	2025-05-18	2京都8	曇	8.0	4歳以上1勝クラス		10.0	7.0	7.0	6.1	3.0	5	吉村誠之	57.0	芝1800		稍	**	1:48.0	0.5	**	9-8	36.1-34.3	34.0	416(-2)			ジーティームソウ	80.0																																																																							
2021103520	2025-07-20	2小倉8	晴	7.0	3歳以上1勝クラス		10.0	4.0	4.0	7.3	4.0	3	吉村誠之	57.0	芝1800		良	**	1:49.7	0.2	**	8-7-7-5	37.5-36.1	35.3	414(-2)			キーウェーブ	200.0																																																																							
2021103520	2025-08-09	3中京5	晴	8.0	香嵐渓特別(1勝クラス)		7.0	3.0	3.0	17.5	6.0	3	吉村誠之	58.0	芝2000		良	**	1:59.3	0.4	**	7-7-5-5	36.6-34.9	34.0	412(-2)			キタサンハナビラ	282.3																																																																							
2021103520	2025-10-05	3京都2	小雨	7.0	3歳以上1勝クラス		12.0	7.0	9.0	6.4	2.0	3	吉村誠之	57.0	芝2000		稍	**	2:00.2	0.1	**	11-11-8-7	35.0-35.0	34.4	418(+6)			フォーキャンドルズ	200.0																																																																							
2021103520	2025-10-25	3京都8	雨	12.0	3歳以上1勝クラス		10.0	3.0	3.0	14.2	8.0	5	吉村誠之	57.0	芝1800		良	**	1:47.9	0.3	**	8-8	36.4-34.3	34.1	420(+2)			マイネルフルムーン	80.0																																																																							
2021103520	2025-11-08	4京都1	晴	12.0	3歳以上1勝クラス		14.0	1.0	1.0	17.7	7.0	5	吉村誠之	57.0	芝2000		良	**	2:01.4	0.5	**	12-12-13-13	36.7-34.4	33.9	414(-6)			ノーランサンライズ	80.0																																																																							
2021103520	2025-11-23	4京都6	晴	7.0	3歳以上1勝クラス		18.0	5.0	10.0	16.5	6.0	8	吉村誠之	57.0	芝2400		良	**	2:24.8	0.9	**	13-13-13-15	34.4-34.5	34.3	416(+2)			ウインデイジー																																																																								
2021103555	2024-02-24	2中山1		4.0	3歳未勝利								大野拓弥		ダ1800				1:58.5	2.3		15-15-14-14	38.2-39.3	39.5	494(0)																			晴		16.0	1.0	1.0	62.3	10.0	11	55.0	稍	**	**		ジュレブランシュ																																											
2021103555	2024-03-10	1中京2		5.0	3歳未勝利								菊沢一樹		芝2200				2:18.1	1.0		4-4-5-5	36.8-34.7	35.3	484(-10)																			晴		11.0	5.0	5.0	146.0	10.0	7	55.0	良	**	**		オールセインツ																																											
2021103555	2024-05-25	2東京11		2.0	3歳未勝利								菅原明良		芝2400				2:29.0	1.0		2-3-3-4	37.3-34.4	34.9	478(-6)				83.0															曇		9.0	3.0	3.0	53.8	5.0	4	55.0	良	**	**		ルーベンス																																											
2021103555	2024-06-23	3東京8		3.0	3歳未勝利								原優介		芝2400				2:28.8	0.6		6-7-8-8	37.5-36.2	36.2	482(+4)				55.0															小雨		17.0	1.0	2.0	19.8	6.0	5	54.0	稍	**	**		トラストボス																																											
2021103555	2024-07-14	2福島6		3.0	3歳未勝利								田辺裕信		芝2600				2:44.0	1.1		12-11-11-10	37.6-35.4	35.8	482(0)				55.0															晴		16.0	6.0	12.0	5.8	3.0	5	55.0	良	**	**		シドニーライト																																											
2021103555	2024-08-10	3新潟1		3.0	3歳未勝利								田辺裕信		芝2400				2:25.8	0.1		12-12-9-7	35.0-36.2	35.8	482(0)				220.0															晴		18.0	6.0	11.0	49.3	7.0	2	55.0	良	**	**		ラルンエベール																																											
2021103555	2024-08-24	3新潟5		4.0	3歳未勝利								田辺裕信		芝2000				2:00.7	-0.1		7-6-5-5	35.2-36.1	35.6	480(-2)				550.0															晴		18.0	7.0	13.0	3.6	1.0	1	55.0	良	**	**		(アンドローゼス)																																											
2021103555	2024-10-19	4新潟5		9.0	岩船特別(1勝クラス)								横山琉人		芝2200				2:19.3	0.3		6-6-4-4	38.6-35.5	35.5	478(-2)				170.0															雨		10.0	7.0	8.0	12.7	7.0	4	53.0	稍	**	**		ドゥレイクパセージ																																											
2021103555	2024-11-17	3福島6		9.0	磐梯山特別(1勝クラス)								鮫島克駿		芝2600				2:42.5	0.5		10-5-4-3	37.0-36.7	36.8	470(-8)				170.0															晴		15.0	2.0	3.0	8.2	4.0	4	54.0	良	**	**		スピーディブレイク																																											
2021103555	2025-03-23	2中山8		7.0	4歳以上1勝クラス								佐々木大		芝2500				2:35.0	2.1		8-8-11-10	30.8-36.1	37.3	488(+18)																			晴		16.0	7.0	13.0	8.9	5.0	12	55.0	良	**	**		イクリール																																											
2021103555	2025-04-12	1福島1		8.0	4歳以上1勝クラス								横山琉人		芝2600				2:41.5	1.9		4-5-6-10	37.4-36.6	37.2	480(-8)																			曇		16.0	8.0	15.0	24.8	8.0	13	55.0	良	**	**		カエルム																																											
2021103555	2025-05-10	1新潟3		10.0	荒川峡特別(1勝クラス)								横山琉人		芝2200				2:16.0	0.7		14-14-13-13	35.7-37.2	36.8	478(-2)																			曇		15.0	5.0	9.0	33.0	11.0	9	56.0	稍	**	**		マイネルシーマー																																											
2021103555	2025-05-24	1新潟7		10.0	石打特別(1勝クラス)								松本大輝		芝2000				2:03.0	2.1		1-1	36.7-34.3	36.4	482(+4)																			小雨		16.0	3.0	5.0	74.1	13.0	14	56.0	良	**	**		アレナリア																																											
2021103555	2025-08-31	3新潟4		8.0	3歳以上1勝クラス								田辺裕信		芝2000				2:00.1	3.0		5-5	35.3-34.1	36.2	484(+2)																			晴		9.0	2.0	2.0	83.7	6.0	8	56.0	良	**	**		マカナ																																											
2021103555	2025-09-27	4中山8		1.0	障害3歳以上未勝利								金子光希		障2880				3:18.2	1.1		8-7-6-5	107.1-0.0	13.8	490(+6)				130.0															曇		11.0	6.0	6.0	29.5	7.0	4	58.0	良				ヴラディア																																											
2021103555	2025-12-14	5中山4		4.0	障害3歳以上未勝利								金子光希		障2880				3:20.6	2.6		10-9-6-6	109.1-0.0	13.9	494(+4)																			雨		14.0	6.0	9.0	6.8	3.0	6	58.0	稍				ゴールデンスロープ																																											
2021103555	2026-01-18	1中山7		4.0	障害4歳以上未勝利								金子光希		障2880				3:14.0	0.4		5-5-3-4	106.1-0.0	13.5	496(+2)				340.0																																																									晴		14.0	7.0	12.0	50.4	8.0	2	58.0	良				アスクオンディープ	202606010704
2021103557	2024-01-14	1小倉2		5.0	3歳新馬								藤岡康太		芝2000				2:02.1	0.5		3-3-2-4	35.4-36.1	36.2	510(0)				93.0	晴		14.0	7.0	11.0	5.3	3.0	4	57.0	良	**	**		インテグレイト																																																									
2021103557	2024-02-04	1小倉8		7.0	3歳未勝利								藤岡康太		芝2000				2:04.9	0.0		9-9-7-4	36.4-38.2	37.8	506(-4)				220.0	曇		10.0	2.0	2.0	7.1	4.0	2	57.0	重	**	**		ペンナヴェローチェ																																																									
2021103557	2024-03-31	2阪神4		4.0	3歳未勝利								藤岡康太		芝2400				2:27.9	0.0		5-5-3-2	36.8-34.6	34.5	516(+10)				550.0	晴		10.0	8.0	10.0	3.0	2.0	1	57.0	良	**	**		(メイクユーマイン)																																																									
2021103557	2024-04-27	2東京3		11.0	テレビ東京杯青葉賞(GII)								原優介		芝2400				2:25.1	0.9		9-8-9-9	35.6-36.2	34.6	502(-14)					曇		17.0	1.0	2.0	120.5	14.0	12	57.0	良	**	**		シュガークン																																																									
2021103557	2024-05-12	3京都8		5.0	3歳1勝クラス								高杉吏麒		ダ1800				1:54.7	2.4		5-4-3-4	37.2-37.1	39.1	510(+8)					曇		16.0	8.0	15.0	15.3	6.0	11	54.0	良	**	**		クーアフュルスト																																																									
2021103557	2024-07-06	3小倉3		10.0	西部スポニチ賞(2勝クラス)								坂井瑠星		芝2600				2:38.5	0.7		3-3-2-1	36.5-35.9	36.6	508(-2)				625.8	晴		9.0	4.0	4.0	3.7	2.0	2	52.0	良	**	**		メリオーレム																																																									
2021103557	2024-08-17	3新潟3		8.0	3歳以上1勝クラス								戸崎圭太		芝2400				2:25.5	0.8		5-5-6-6	35.0-35.6	35.7	510(+2)				320.0	晴		12.0	6.0	7.0	3.6	2.0	2	55.0	良	**	**		スティンガーグラス																																																									
2021103557	2024-09-28	3中京8		7.0	3歳以上1勝クラス								松山弘平		芝2200				2:13.3	0.9		10-9-9-11	34.4-36.4	36.2	512(+2)					曇		14.0	4.0	6.0	4.0	2.0	7	55.0	良	**	**		シャイニングソード																																																									
2021103557	2024-10-19	5京都5		6.0	3歳以上1勝クラス								武豊		芝2400				2:28.1	-0.3		3-3-2-2	36.0-35.2	35.1	520(+8)				800.0	小雨		6.0	1.0	1.0	3.0	2.0	1	55.0	稍	**	**		(ベトルス)																																																									
2021103557	2024-12-07	7京都3		12.0	3歳以上2勝クラス								武豊		芝2400				2:25.3	0.6		4-4-6-6	34.6-36.3	35.0	522(+2)				460.0	晴		10.0	6.0	6.0	3.1	2.0	2	56.0	良	**	**		ギャンブルルーム																																																									
2021103557	2024-12-22	5中山8		9.0	グッドラックH(2勝クラス)								菅原明良		芝2500				2:34.5	2.3		1-1-2-2	30.6-36.4	38.6	520(-2)					晴		16.0	1.0	2.0	10.9	5.0	11	55.0	良	**	**		スティンガーグラス																																																									
2021103557	2025-01-26	1小倉2		10.0	海の中道特別(2勝クラス)								佐々木大		芝2600				2:39.7	0.0		11-10-9-8	37.0-35.7	34.9	524(+4)				1585.7	晴		16.0	2.0	3.0	7.0	3.0	1	57.0	良	**	**		(ヴォランテ)																																																									
2021103557	2025-03-01	1阪神1		10.0	阪神リニューアル記念(3勝クラス)								武豊		芝3000				3:05.6	2.7		9-9-9-9	35.7-35.7	37.4	526(+2)					晴		10.0	7.0	7.0	6.7	3.0	8	55.0	良	**	**		ハヤテノフクノスケ																																																									
2021103557	2025-03-16	1阪神6		10.0	甲南S(3勝クラス)								幸英明		ダ2000				2:08.2	1.7		11-11-9-8	37.0-36.7	37.6	526(0)					雨		15.0	4.0	7.0	37.4	11.0	12	55.0	重	**	**		タイトニット																																																									
2021103557	2025-05-17	2東京7		11.0	六社S(3勝クラス)								西塚洸二		芝2400				2:28.7	2.4		9-9-10-9	36.6-36.9	38.3	520(-6)					曇		12.0	5.0	5.0	35.3	8.0	10	58.0	稍	**	**		ラスカンブレス																																																									
2021103557	2025-07-05	2小倉3		11.0	マレーシアC(3勝クラス)								小崎綾也		芝1800				1:47.0	0.0		2-2-2-1	35.7-36.1	36.0	512(-8)				1864.5	晴		11.0	7.0	9.0	99.5	11.0	1	55.0	良	**	**		(ワンダイレクト)																																																									
2021103588	2023-12-03	5中山2		4.0	2歳新馬								大野拓弥		ダ1200				1:13.0	-0.1		6-5	34.5-38.5	37.1	458(0)				720.0															晴		16.0	3.0	6.0	12.1	6.0	1	55.0	良	**	**		(スマイルアクセス)																																											
2021103588	2023-12-23	5中山7		7.0	2歳1勝クラス								大野拓弥		ダ1200				1:12.3	0.7		15-13	33.9-37.7	36.7	458(0)				120.0															晴		15.0	5.0	8.0	36.1	10.0	4	55.0	良	**	**		チカッパ																																											
2021103588	2024-02-17	1東京7		2.0	3歳1勝クラス								大野拓弥		ダ1400				1:28.6	3.1		14-14	35.7-37.6	39.0	458(0)																			曇		16.0	3.0	5.0	14.0	5.0	14	55.0	良	**	**		ジョージテソーロ																																											
2021103588	2024-08-18	3新潟4		8.0	3歳以上1勝クラス								石橋脩		ダ1200				1:13.4	1.6		12-12	35.1-36.7	36.7	460(+2)																			晴		15.0	8.0	14.0	13.8	5.0	8	54.0	良	**	**		アイズ																																											
2021103588	2024-09-16	4中山5		12.0	3歳以上1勝クラス								木幡巧也		ダ1200				1:12.3	0.7		11-12	33.2-38.4	37.1	450(-10)																			曇		16.0	1.0	2.0	31.4	9.0	8	54.0	良	**	**		ノーブルゲイル																																											
2021103588	2024-10-06	4東京2		6.0	3歳以上1勝クラス								木幡巧也		ダ1400				1:25.8	2.8		11-10	34.7-35.8	37.3	454(+4)																			曇		16.0	5.0	9.0	40.1	10.0	13	54.0	重	**	**		ノットファウンド																																											
2021103588	2025-01-12	1中山4		6.0	4歳以上1勝クラス								大野拓弥		ダ1200				1:12.5	0.6		15-15	34.0-37.9	36.5	462(+8)																			曇		16.0	5.0	9.0	37.1	11.0	6	56.0	良	**	**		ケープアグラス																																											
2021103588	2025-03-22	2中山7		6.0	4歳以上1勝クラス								大野拓弥		ダ1200				1:12.3	0.2		16-16	34.7-37.4	35.8	470(+8)				200.0															晴		16.0	4.0	7.0	23.3	8.0	3	56.0	稍	**	**		オセアエクスプレス																																											
2021103588	2025-04-13	3中山6		12.0	4歳以上1勝クラス								大野拓弥		ダ1200				1:11.6	0.6		14-13	34.1-36.9	36.1	464(-6)				320.0															雨		16.0	6.0	12.0	10.0	4.0	2	56.0	稍	**	**		ソーニャシュニク																																											
2021103588	2025-05-10	2東京5		7.0	4歳以上1勝クラス								大野拓弥		ダ1300				1:18.3	1.3		11-11	30.0-34.7	35.2	466(+2)																			曇		16.0	6.0	11.0	7.1	3.0	10	56.0	重	**	**		トルーマンテソーロ																																											
2021103588	2025-07-19	2福島7		12.0	3歳以上1勝クラス								大野拓弥		ダ1150				1:09.8	0.0		10-10	32.7-37.1	35.6	454(-12)				800.0															晴		11.0	8.0	10.0	10.3	3.0	1	56.0	良	**	**		(オオゾラヒバリ)																																											
2021103588	2025-09-27	4中山8		12.0	3歳以上2勝クラス								大野拓弥		ダ1200				1:12.4	1.0		15-15	34.4-37.0	35.8	468(+14)																			晴		16.0	4.0	8.0	40.1	8.0	11	56.0	良	**	**		ワンダラー																																											
2021103588	2025-11-02	3京都11		8.0	3歳以上2勝クラス								小沢大仁		ダ1200				1:12.2	1.0		15-15	35.2-36.0	34.6	460(-8)																			晴		15.0	4.0	7.0	70.5	10.0	7	56.0	稍	**	**		ゲッティヴィラ																																											
2021103588	2025-11-29	4京都7		8.0	3歳以上2勝クラス								小沢大仁		ダ1200				1:12.8	0.9		16-16	35.3-36.6	35.5	466(+6)																			晴		16.0	5.0	9.0	47.3	11.0	12	56.0	良	**	**		トリリオンボーイ																																											
2021103588	2026-01-18	1京都7		9.0	小倉山特別(2勝クラス)								鮫島克駿		ダ1400				1:26.4	1.8		16-16	34.6-37.5	36.9	466(0)																																																													晴		16.0	6.0	12.0	272.3	15.0	14	56.0	良	**	**		トゥロン	202608010709
2021103706	2023-06-17	1函館3		6.0	2歳新馬								横山武史		ダ1000				1:00.3	0.4		1-1	35.5-36.3	36.7	462(0)				180.0																													曇		12.0	8.0	12.0	6.0	4.0	3	55.0	良	**	**		ゼルトザーム																													
2021103706	2023-07-09	2函館4		1.0	2歳未勝利								横山武史		ダ1000				1:00.1	0.5		2-2	34.8-36.4	36.6	466(+4)				83.0																													晴		12.0	6.0	8.0	8.2	4.0	4	55.0	良	**	**		ブシン																													
2021103706	2023-07-23	1札幌2		1.0	2歳未勝利								小林凌大		ダ1000				1:00.1	-0.4		1-1	35.9-36.1	36.1	468(+2)				550.0																													晴		8.0	4.0	4.0	6.9	3.0	1	53.0	良	**	**		(ワイワイレジェンド)																													
2021103706	2023-12-03	5中山2		6.0	2歳1勝クラス								小林凌大		ダ1200				1:12.9	1.9		10-11	34.2-36.8	37.5	468(0)																																	晴		13.0	4.0	4.0	91.6	11.0	9	53.0	良	**	**		グランオルカ																													
2021103706	2024-03-03	2中山4		4.0	3歳1勝クラス								永野猛蔵		ダ1200				1:12.3	0.8		14-14	34.0-37.5	37.0	468(0)				78.0																													晴		16.0	7.0	13.0	384.0	16.0	5	54.0	稍	**	**		ガビーズシスター																													
2021103706	2024-03-17	2中山8		4.0	3歳1勝クラス								永野猛蔵		ダ1200				1:13.3	0.4		10-10	34.9-38.0	37.1	456(-12)				200.0																													晴		16.0	1.0	1.0	116.8	11.0	3	54.0	良	**	**		オウバイトウリ																													
2021103706	2024-04-21	2東京2		6.0	3歳1勝クラス								大野拓弥		ダ1400				1:25.8	0.8		11-10	35.4-37.2	37.0	456(0)				200.0																													晴		16.0	3.0	5.0	49.6	10.0	3	55.0	良	**	**		エストレヤデベレン																													
2021103706	2024-04-28	2東京4		6.0	3歳1勝クラス								永野猛蔵		ダ1400				1:24.7	0.2		8-6	34.7-37.5	36.7	448(-8)				310.0																													晴		14.0	5.0	8.0	5.3	3.0	2	54.0	良	**	**		ヴァンドーム																													
2021103706	2024-05-26	2東京12		5.0	3歳1勝クラス								永野猛蔵		ダ1400				1:24.8	0.1		9-8	35.8-36.5	35.9	458(+10)				120.0																													晴		16.0	1.0	2.0	5.2	2.0	4	54.0	良	**	**		クインズデネブ																													
2021103706	2024-06-08	3東京3		12.0	3歳以上1勝クラス								戸崎圭太		ダ1400				1:24.4	-0.1		5-5	34.5-38.3	37.1	462(+4)				800.0																													晴		16.0	8.0	15.0	2.3	1.0	1	53.0	良	**	**		(マーゴットレーヴ)																													
2021103706	2024-10-05	4東京1		12.0	3歳以上2勝クラス								永野猛蔵		ダ1400				1:23.6	0.4		6-6	35.7-35.0	35.1	468(+6)																																	小雨		16.0	1.0	1.0	23.7	8.0	6	54.0	重	**	**		ベルウェザー																													
2021103706	2025-01-25	1中京8		8.0	4歳以上2勝クラス								Ｍ．デム		ダ1400				1:25.6	1.7		8-9	34.8-36.8	37.7	464(-4)																																	晴		16.0	7.0	13.0	31.9	7.0	14	55.0	良	**	**		リジル																													
2021103706	2025-02-16	1京都6		12.0	4歳以上2勝クラス								西村淳也		ダ1200				1:13.1	0.9		16-16	35.1-37.1	36.1	460(-4)																																	曇		16.0	2.0	4.0	32.1	10.0	7	56.0	稍	**	**		タガノミスト																													
2021103706	2025-04-12	3中山5		12.0	4歳以上2勝クラス								木幡巧也		ダ1200				1:11.3	0.4		6-6	34.4-36.5	36.3	462(+2)																																	晴		16.0	5.0	9.0	53.2	11.0	6	56.0	良	**	**		オーブルクール																													
2021103706	2025-05-10	2東京5		12.0	4歳以上2勝クラス								木幡巧也		ダ1400				1:23.0	0.7		7-7	34.6-35.9	36.0	462(0)																																	晴		16.0	4.0	8.0	10.7	6.0	6	56.0	重	**	**		イノセントキャット																													
2021103706	2025-05-24	2京都9		12.0	オーストラリアT(2勝クラス)								幸英明		ダ1400				1:23.0	1.2		7-6	34.8-35.2	35.5	460(-2)																																	雨		13.0	6.0	9.0	52.4	10.0	8	56.0	稍	**	**		プロミシングスター																													
2021103706	2025-07-27	2新潟2		8.0	出雲崎特別(2勝クラス)								木幡巧也		ダ1200				1:11.8	0.3		8-6	33.5-38.0	37.4	470(+10)				230.0																													晴		15.0	4.0	7.0	13.6	6.0	4	56.0	良	**	**		ノットファウンド																													
2021103706	2025-08-09	2新潟5		10.0	3歳以上2勝クラス								木幡巧也		ダ1200				1:12.6	2.2		8-9	34.3-36.1	37.3	466(-4)																																	晴		15.0	5.0	9.0	14.0	7.0	9	56.0	良	**	**		ドラゴンウェルズ																													
2021103706	2025-09-27	4中山8		12.0	3歳以上2勝クラス								木幡巧也		ダ1200				1:11.9	0.5		5-4	34.4-37.0	36.9	470(+4)				114.0																													晴		16.0	5.0	9.0	69.9	10.0	5	56.0	良	**	**		ワンダラー																													
2021103706	2025-10-25	4東京8		12.0	3歳以上2勝クラス								木幡巧也		ダ1400				1:25.2	1.1		9-10	36.4-35.4	35.8	480(+10)																																	雨		13.0	5.0	6.0	26.4	7.0	10	56.0	稍	**	**		フウセツ																													
2021103706	2025-11-22	4京都5		8.0	3歳以上2勝クラス								マーカン		ダ1400				1:25.2	1.1		7-8	34.1-37.8	38.2	468(-12)																																	晴		16.0	8.0	15.0	113.4	11.0	11	56.0	良	**	**		リネアグローリア																													
2021103706	2026-01-17	1中山6		8.0	4歳以上2勝クラス								佐藤翔馬		ダ1200				1:12.7	0.9		10-10	33.8-38.0	37.3	468(0)																																	晴		16.0	8.0	15.0	99.9	10.0	11	53.0	良				ゴールドハンマー																													
2021103708	2024-02-17	2京都7		3.0	3歳未勝利								坂井瑠星		ダ1400				1:25.7	0.1		10-9	34.7-38.7	37.4	484(0)				220.0															曇		16.0	2.0	4.0	6.4	3.0	2	57.0	稍	**	**		アレ																																											
2021103708	2024-03-03	1阪神4		3.0	3歳未勝利								坂井瑠星		ダ1400				1:25.5	0.0		2-2	35.1-37.9	37.8	480(-4)				550.0															晴		16.0	3.0	6.0	1.3	1.0	1	57.0	稍	**	**		(グリーズマン)																																											
2021103708	2025-03-30	2中京6		9.0	4歳以上1勝クラス								坂井瑠星		ダ1400				1:25.4	0.1		9-9	35.2-37.8	36.6	488(+8)				320.0															晴		13.0	7.0	11.0	4.3	4.0	2	58.0	良	**	**		グラティアスミノル																																											
2021103708	2025-04-19	2阪神7		12.0	4歳以上1勝クラス								坂井瑠星		ダ1400				1:25.0	-0.5		11-7	34.7-38.3	37.0	480(-8)				800.0															晴		15.0	6.0	11.0	1.9	1.0	1	58.0	良	**	**		(ニホンピロカラット)																																											
2021103708	2025-05-24	2京都9		12.0	オーストラリアT(2勝クラス)								坂井瑠星		ダ1400				1:22.8	1.0		4-4	34.8-35.2	35.7	488(+8)				155.0															雨		13.0	5.0	6.0	2.2	1.0	5	58.0	稍	**	**		プロミシングスター																																											
2021103708	2025-08-17	3中京8		6.0	大垣特別(2勝クラス)								菅原明良		ダ1400				1:25.0	0.8		3-4	35.4-36.5	37.0	492(+4)																			晴		16.0	4.0	8.0	4.2	2.0	7	58.0	良	**	**		タイセイレスポンス																																											
2021103708	2025-10-05	3京都2		8.0	3歳以上2勝クラス								坂井瑠星		ダ1400				1:24.8	2.2		11-11	33.8-37.0	37.6	490(-2)																			曇		16.0	5.0	10.0	8.8	4.0	15	58.0	重	**	**		タマモティーカップ																																											
2021103708	2025-12-27	5阪神7		8.0	3歳以上2勝クラス								ルメール		ダ1400				1:24.7	1.0		8-5	33.8-37.8	38.5	496(+6)																			晴		16.0	5.0	10.0	12.3	6.0	8	58.0	稍	**	**		ベルジュロネット																																											
2021103708	2026-01-18	1京都7		10.0	大津特別(2勝クラス)								岩田望来		ダ1800				1:53.8	0.2		2-2-2-2	37.5-37.4	37.4	494(-2)				640.0																																																									晴		16.0	7.0	13.0	14.9	7.0	2	58.0	良	**	**		バッケンレコード	202608010710
2021103725	2023-07-16	3中京6		5.0	2歳新馬								酒井学		芝1600				1:37.4	2.1		11-9-8	37.3-34.5	35.4	474(0)																																	晴		12.0	7.0	10.0	68.3	11.0	9	55.0	良	**	**		エンヤラヴフェイス																													
2021103725	2023-11-18	3京都5		1.0	2歳未勝利								和田竜二		ダ1400				1:25.2	0.4		13-12	35.1-37.3	36.4	476(+2)				140.0																													曇		16.0	3.0	6.0	40.2	8.0	3	56.0	重	**	**		フラムリンガム																													
2021103725	2023-12-02	4中京1		1.0	2歳未勝利								酒井学		ダ1400				1:25.9	-0.1		4-2	35.8-37.3	37.0	464(-12)				550.0																													晴		16.0	1.0	1.0	3.9	1.0	1	56.0	良	**	**		(サトノアインス)																													
2021103725	2024-01-08	1京都3		11.0	日刊スポシンザン記念(GIII)								酒井学		芝1600				1:35.1	0.6		6-7	34.3-36.1	36.3	466(+2)																																	晴		18.0	1.0	1.0	202.5	16.0	6	57.0	良	**	**		ノーブルロジャー																													
2021103725	2024-02-04	2京都4		11.0	きさらぎ賞(GIII)								酒井学		芝1800				1:47.4	0.6		2-1	35.6-34.4	35.0	472(+6)																																	晴		12.0	8.0	11.0	142.9	11.0	9	57.0	良	**	**		ビザンチンドリーム																													
2021103725	2024-04-28	3京都4		5.0	3歳1勝クラス								酒井学		ダ1400				1:23.5	-0.7		2-2	34.0-37.5	37.4	472(0)				780.0																													晴		12.0	7.0	9.0	3.3	2.0	1	57.0	良	**	**		(スターターン)																													
2021103725	2024-06-08	4京都3		10.0	長浜特別(2勝クラス)								酒井学		ダ1400				1:24.3	-0.2		1-1	35.5-36.8	36.8	468(-4)				1573.1																													曇		11.0	4.0	4.0	1.5	1.0	1	55.0	良	**	**		(カッティングジェム)																													
2021103725	2024-09-01	2中京8		10.0	桶狭間S(3勝クラス)								酒井学		ダ1400				1:21.7	0.0		2-2	34.2-35.8	35.7	474(+6)				749.8																													曇		16.0	5.0	9.0	1.8	1.0	2	55.0	重	**	**		アドバンスファラオ																													
2021103725	2024-09-21	3中京6		11.0	伊賀S(3勝クラス)								酒井学		ダ1400				1:23.7	0.5		1-1	34.4-36.9	37.4	474(0)				184.0																													曇		15.0	1.0	1.0	1.6	1.0	5	56.0	良	**	**		エミサキホコル																													
2021103725	2024-10-20	5京都6		12.0	桂川S(3勝クラス)								酒井学		ダ1400				1:24.4	-0.6		2-2	35.3-37.1	36.9	476(+2)				1868.7																													晴		12.0	8.0	12.0	1.8	1.0	1	56.0	稍	**	**		(フェルヴェンテ)																													
2021103725	2024-12-01	7京都2		11.0	ギャラクシーS(OP)								酒井学		ダ1400				1:24.5	0.5		1-1	34.9-37.0	37.5	478(+2)																																	晴		15.0	1.0	2.0	3.1	2.0	6	55.0	良	**	**		アルファマム																													
2021103725	2025-02-16	1東京6		10.0	バレンタインS(OP)								酒井学		ダ1400				1:25.0	1.1		3-4	35.7-36.3	37.0	482(+4)																																	曇		16.0	2.0	3.0	15.8	5.0	10	58.0	良	**	**		ロードエクレール																													
2021103725	2025-03-15	1阪神5		11.0	コーラルS(L)								武豊		ダ1400				1:24.3	0.1		2-2	35.7-36.2	36.2	476(-6)				967.4																													小雨		11.0	5.0	5.0	6.3	4.0	2	57.0	良	**	**		アドバンスファラオ																													
2021103725	2025-04-05	2阪神3		10.0	ポラリスS(OP)								浜中俊		ダ1400				1:24.6	0.5		11-11	34.5-37.5	36.8	476(0)																																	晴		16.0	6.0	11.0	10.9	5.0	6	56.0	良	**	**		サンライズフレイム																													
2021103725	2025-06-21	3阪神5		11.0	天保山S(OP)								川須栄彦		ダ1400				1:25.1	1.5		3-3	33.8-37.8	39.0	476(0)																																	晴		16.0	6.0	11.0	18.5	10.0	16	57.0	良	**	**		コンクイスタ																													
2021103725	2025-08-10	3中京6		7.0	CBC賞(GIII)								川須栄彦		芝1200				1:08.1	0.7		14-16	34.0-33.4	32.9	478(+2)																																	曇		17.0	1.0	2.0	61.5	16.0	14	56.0	良	**	**		インビンシブルパパ																													
2021103725	2025-10-04	4東京1		11.0	グリーンチャンネルC(L)								太宰啓介		ダ1600				1:37.4	1.9		1-1	34.8-36.3	38.2	478(0)																																	曇		16.0	1.0	2.0	85.1	15.0	13	57.0	良	**	**		オメガギネス																													
2021103725	2025-11-30	4京都8		11.0	オータムリーフS(OP)								酒井学		ダ1400				1:24.6	1.4		2-2	34.1-36.9	38.1	482(+4)																																	晴		16.0	5.0	10.0	20.0	7.0	9	57.0	良	**	**		ハッピーマン																													
2021103725	2026-01-17	1中山6		11.0	カーバンクルS(OP)								石橋脩		芝1200				1:07.7	0.3		1-1	33.7-33.7	34.0	476(-6)																																	晴		16.0	4.0	7.0	7.0	4.0	6	55.0	良				ウイングレイテスト																													
2021103727	2023-11-12	3京都4	曇	5.0	2歳新馬		8.0	2.0	2.0	10.3	5.0	3	坂井瑠星	56.0	芝2000		良	**	2:05.6	0.2	**	3-5-5-4	38.0-35.0	34.9	456(0)			アドミラルシップ	180.0																																																																							
2021103727	2023-12-03	4中京2	晴	6.0	2歳未勝利		12.0	7.0	9.0	4.9	2.0	7	坂井瑠星	56.0	芝2000		良	**	2:02.9	0.9	**	4-5-8-8	37.7-35.7	35.9	458(+2)			コスモレオナルド																																																																								
2021103727	2024-02-04	1小倉8	曇	2.0	3歳未勝利		12.0	8.0	11.0	3.4	1.0	3	藤岡康太	57.0	芝1800		重	**	1:52.8	0.2	**	4-4-3-2	38.3-36.3	36.4	466(+8)			クイーンズワーフ	140.0																																																																							
2021103727	2024-03-03	2小倉8	曇	2.0	3歳未勝利		14.0	8.0	14.0	2.7	1.0	1	藤岡康太	57.0	芝1800		稍	**	1:50.9	-0.1	**	7-8-5-4	37.5-36.6	36.2	458(-8)			(ヴィダル)	550.0																																																																							
2021103727	2025-02-23	1小倉10	曇	9.0	高千穂特別(1勝クラス)		14.0	5.0	7.0	16.7	6.0	9	石田拓郎	57.0	芝1800		良	**	1:48.6	0.6	**	10-10-9-10	36.4-35.0	34.7	484(+26)			ヴェルテンベルク																																																																								
2021103727	2025-04-06	2阪神4	晴	6.0	4歳以上1勝クラス		11.0	6.0	7.0	17.7	6.0	5	鮫島克駿	58.0	芝2000		良	**	2:00.3	0.4	**	9-8-4-4	35.0-35.6	35.6	474(-10)			クリノアドバンス	80.0																																																																							
2021103727	2025-05-10	1新潟3	曇	10.0	荒川峡特別(1勝クラス)		15.0	2.0	2.0	5.9	3.0	11	亀田温心	58.0	芝2200		稍	**	2:16.8	1.5	**	5-4-3-3	35.7-37.2	38.4	484(+10)			マイネルシーマー																																																																								
2021103727	2025-06-29	2小倉2	晴	9.0	青島特別(1勝クラス)		8.0	3.0	3.0	25.3	6.0	4	亀田温心	58.0	芝1800		良	**	1:47.8	0.3	**	6-6-4-5	36.3-35.6	35.2	476(-8)			レディーミコノス	170.0																																																																							
2021103727	2025-07-20	2小倉8	晴	7.0	3歳以上1勝クラス		10.0	7.0	8.0	7.0	3.0	6	松山弘平	58.0	芝1800		良	**	1:50.5	1.0	**	10-10-10-8	37.5-36.1	35.3	472(-4)			キーウェーブ																																																																								
2021103727	2025-09-13	4阪神3	曇	12.0	3歳以上1勝クラス		14.0	3.0	4.0	7.0	3.0	1	鮫島克駿	58.0	ダ1800		良	**	1:51.8	-0.3	**	2-2-2-2	37.0-37.9	37.8	466(-6)			(メイショウヤシマ)	800.0																																																																							
2021103727	2025-11-23	4京都6	晴	8.0	3歳以上2勝クラス		14.0	5.0	8.0	5.6	3.0	3	鮫島克駿	58.0	ダ1800		良	**	1:52.8	0.6	**	7-7-5-6	37.6-36.1	36.1	476(+10)			モックモック	290.0																																																																							
2021103727	2026-01-11	1京都4	晴	9.0	五条坂特別(2勝クラス)		10.0	8.0	9.0	5.7	3.0	1	鮫島克駿	58.0	ダ1900		良	**	1:59.2	-0.2	**	4-4-5-3	29.6-38.8	37.2	480(+4)			(エイカイソウル)	1604.5																																																																							
2021103799	2023-10-09	4東京3		5.0	2歳新馬								大野拓弥		芝1600				1:38.4	1.5		5-4	36.5-34.3	35.4	454(0)					雨		13.0	4.0	4.0	168.1	11.0	9	56.0	稍	**	**		ファビュラススター																																																									
2021103799	2023-10-21	4東京6		3.0	2歳未勝利								大野拓弥		芝1400				1:23.5	0.9		10-10	36.0-33.8	34.0	452(-2)				55.0	晴		10.0	2.0	2.0	179.2	9.0	5	56.0	良	**	**		スピリットガイド																																																									
2021103799	2023-11-11	5東京3		2.0	2歳未勝利								木幡巧也		芝1600				1:35.5	0.7		2-2	36.9-33.6	34.1	458(+6)				220.0	曇		8.0	4.0	4.0	61.6	6.0	2	56.0	良	**	**		エコロブルーム																																																									
2021103799	2023-12-02	5中山1		3.0	2歳未勝利								大野拓弥		芝1600				1:34.0	0.5		7-8-8	35.1-34.7	34.5	460(+2)				55.0	晴		15.0	4.0	8.0	66.0	8.0	5	56.0	良	**	**		エリカエスティーム																																																									
2021103799	2023-12-23	5中山7		3.0	2歳未勝利								木幡巧也		芝1600				1:34.5	0.1		5-4-3	35.0-35.6	35.5	462(+2)				220.0	晴		16.0	5.0	9.0	6.6	4.0	2	56.0	良	**	**		モリノレッドスター																																																									
2021103799	2024-01-14	1中山5		5.0	3歳未勝利								木幡巧也		芝1600				1:34.9	1.2		8-9-13	35.1-35.4	35.3	464(+2)					晴		16.0	1.0	1.0	6.5	3.0	8	57.0	稍	**	**		アンドアイラヴハー																																																									
2021103799	2024-03-09	1中京1		5.0	3歳未勝利								吉田隼人		芝1600				1:35.3	0.0		4-2-3	35.6-35.3	35.1	460(-4)				550.0	晴		15.0	2.0	3.0	4.6	2.0	1	57.0	良	**	**		(ブリックワーク)																																																									
2021103799	2024-03-31	3中山4		6.0	3歳1勝クラス								大野拓弥		芝1600				1:33.7	-0.1		8-8-5	35.5-34.9	34.3	464(+4)				780.0	晴		11.0	4.0	4.0	16.9	7.0	1	57.0	良	**	**		(エコロマーズ)																																																									
2021103799	2024-04-13	2阪神7		11.0	アーリントンC(GIII)								岩田康誠		芝1600				1:35.3	1.2		5-5	35.8-33.2	33.7	456(-8)					晴		16.0	7.0	14.0	71.9	10.0	11	57.0	良	**	**		ディスペランツァ																																																									
2021103799	2024-09-22	4中山7		9.0	木更津特別(2勝クラス)								大野拓弥		芝1600				1:33.9	1.5		12-12-11	35.3-33.9	34.5	458(+2)					曇		13.0	8.0	12.0	61.3	8.0	8	56.0	良	**	**		キープカルム																																																									
2021103799	2024-12-08	5中山4		12.0	3歳以上2勝クラス								大野拓弥		芝1600				1:33.9	0.2		10-9-11	33.9-36.3	35.2	476(+18)				290.0	晴		16.0	6.0	12.0	25.6	7.0	3	57.0	良	**	**		マルチャン																																																									
2021103799	2024-12-22	5中山8		10.0	オルフェーヴルC(2勝クラス)								松山弘平		芝1600				1:34.0	0.6		10-11-12	34.6-35.6	35.3	468(-8)					晴		16.0	1.0	2.0	11.9	5.0	8	57.0	良	**	**		ピックアチェリー																																																									
2021103799	2025-01-19	1中山7		8.0	4歳以上2勝クラス								大野拓弥		芝1800				1:49.1	0.8		12-11-8-7	37.3-34.7	34.8	476(+8)					曇		14.0	6.0	10.0	32.6	11.0	9	57.0	良	**	**		キュクヌス																																																									
2021103799	2025-02-16	1東京6		8.0	4歳以上2勝クラス								大野拓弥		芝1600				1:34.4	0.5		5-5	36.2-34.2	34.1	476(0)				170.0	晴		13.0	3.0	3.0	24.2	7.0	4	58.0	良	**	**		キョウエイブリッサ																																																									
2021103799	2025-03-09	2中山4		8.0	4歳以上2勝クラス								大野拓弥		芝1600				1:35.2	1.0		16-15-13	34.3-36.9	36.0	476(0)					晴		16.0	7.0	13.0	24.1	9.0	9	58.0	稍	**	**		レッドアトレーヴ																																																									
2021103799	2025-03-23	2中山8		9.0	鎌ケ谷特別(2勝クラス)								木幡巧也		芝1600				1:33.7	0.6		6-6-5	34.4-35.3	35.5	468(-8)				393.7	晴		11.0	6.0	7.0	39.6	7.0	3	58.0	良	**	**		ダイシンヤマト																																																									
2021103799	2025-05-31	2東京11		10.0	葉山特別(2勝クラス)								大野拓弥		芝1600				1:37.6	1.7		4-4	35.5-35.8	37.1	470(+2)					小雨		16.0	8.0	15.0	50.5	12.0	13	58.0	重	**	**		ウインアイオライト																																																									
2021103799	2025-09-21	4中山7		9.0	木更津特別(2勝クラス)								大野拓弥		芝1600				1:32.5	0.5		2-4-4	34.2-35.4	35.1	470(0)				155.0	曇		9.0	5.0	5.0	57.1	8.0	5	58.0	良	**	**		ヒシアマン																																																									
2021103799	2025-11-15	5東京3		12.0	3歳以上2勝クラス								木幡巧也		芝1600				1:34.2	0.8		7-7	36.4-33.5	33.7	480(+10)					晴		13.0	5.0	7.0	92.1	11.0	7	58.0	良	**	**		ダノンセンチュリー																																																									
2021103799	2025-11-29	5東京7		12.0	3歳以上2勝クラス								木幡巧也		芝1600				1:34.3	0.5		5-4	35.3-33.9	34.1	482(+2)				290.0	晴		9.0	8.0	9.0	88.2	6.0	3	58.0	良	**	**		アンパドゥ																																																									
2021103799	2025-12-21	5中山6		12.0	3歳以上2勝クラス								木幡巧也		芝1600				1:35.2	0.7		13-13-12	35.5-35.8	35.3	482(0)					雨		16.0	6.0	11.0	20.7	8.0	7	58.0	重	**	**		メタルスピード																																																									
2021103812	2023-06-17	1函館3	曇	6.0	2歳新馬		12.0	5.0	6.0	8.9	5.0	2	古川奈穂	51.0	ダ1000		良	**	1:00.1	0.2	**	5-5	35.5-36.3	35.7	436(0)			ゼルトザーム	290.0																																																																							
2021103812	2023-07-09	2函館4	晴	1.0	2歳未勝利		12.0	2.0	2.0	3.7	2.0	2	古川奈穂	51.0	ダ1000		良	**	0:59.6	0.0	**	2-2	34.8-36.4	36.1	438(+2)			ブシン	220.0																																																																							
2021103812	2023-07-23	1札幌2	晴	1.0	2歳未勝利		8.0	6.0	6.0	1.3	1.0	2	古川奈穂	51.0	ダ1000		良	**	1:00.5	0.4	**	2-2	35.9-36.1	36.2	440(+2)			アルジェンタージョ	220.0																																																																							
2021103812	2023-08-13	2札幌2	曇	1.0	2歳未勝利		7.0	6.0	6.0	4.7	3.0	5	古川奈穂	51.0	芝1200		良	**	1:10.8	1.0	**	2-2	34.8-35.0	36.0	442(+2)			レイニングキャット	55.0																																																																							
2021103812	2023-11-04	3福島1	晴	1.0	2歳未勝利		15.0	5.0	8.0	4.7	3.0	1	古川奈穂	52.0	ダ1700		良	**	1:46.9	-0.5	**	1-1-1-1	29.1-39.1	39.1	460(+18)			(コトホドサヨウニ)	550.0																																																																							
2021103812	2023-11-26	5東京8	曇	8.0	ベゴニア賞(1勝クラス)		8.0	1.0	1.0	36.3	5.0	5	佐々木大	56.0	芝1600		良	**	1:37.9	0.9	**	1-1	37.7-33.5	34.4	462(+2)			オーサムストローク	107.0																																																																							
2021103812	2024-01-08	1京都3	晴	4.0	3歳1勝クラス		10.0	2.0	2.0	12.2	5.0	3	田口貫太	55.0	ダ1800		良	**	1:54.8	0.7	**	1-1-1-1	36.0-39.6	40.3	464(+2)			ノットイナフ	200.0																																																																							
2021103812	2024-01-20	1京都6	曇	4.0	3歳1勝クラス		7.0	3.0	3.0	5.5	5.0	1	田口貫太	55.0	ダ1400		稍	**	1:23.4	-0.3	**	2-2	34.8-36.6	36.5	456(-8)			(エートラックス)	780.0																																																																							
2021103812	2024-02-18	1東京8	晴	9.0	ヒヤシンスS(L)		11.0	7.0	9.0	7.6	4.0	7	吉田豊	57.0	ダ1600		良	**	1:37.6	1.3	**	1-1	34.6-37.2	38.5	464(+8)			ラムジェット																																																																								
2021103812	2024-07-21	1札幌2	晴	10.0	大倉山特別(2勝クラス)		8.0	5.0	5.0	4.0	2.0	6	荻野琢真	55.0	ダ1700		良	**	1:48.4	2.3	**	1-1-1-1	31.3-37.9	40.2	480(+16)			セクシーブーケ																																																																								
2021103812	2024-08-18	2札幌4	晴	9.0	大通公園特別(2勝クラス)		14.0	5.0	7.0	7.1	3.0	12	荻野琢真	55.0	ダ1700		良	**	1:48.0	1.8	**	4-5-5-8	30.4-38.5	39.9	472(-8)			リフレクトザムーン																																																																								
2021103812	2024-08-25	2札幌6	晴	10.0	オールスターJ第3戦(2勝クラス)		13.0	7.0	11.0	17.3	7.0	9	ティータ	56.0	ダ1700		良	**	1:47.8	1.2	**	1-1-1-1	30.4-38.3	39.5	472(0)			ティアップリオン																																																																								
2021103812	2024-11-03	5東京2	晴	8.0	3歳以上2勝クラス		12.0	6.0	7.0	4.1	3.0	11	古川奈穂	53.0	ダ1300		重	**	1:20.0	2.7	**	2-2	29.0-36.3	38.9	490(+18)			ハッピーロンドン																																																																								
2021103812	2024-12-14	4中京5	晴	10.0	ヤングJSFR中京2(2勝クラス)		16.0	4.0	8.0	4.4	2.0	12	室陽一朗	57.0	ダ1400		良	**	1:26.3	1.3	**	2-1	34.2-39.0	40.3	478(-12)			アイファースキャン																																																																								
2021103812	2025-01-13	1中京5	晴	12.0	4歳以上2勝クラス		14.0	1.0	1.0	19.7	7.0	13	古川奈穂	55.0	芝1200		良	**	1:10.8	0.7	**	1-1	34.6-35.5	36.2	478(0)			ロードトレイル																																																																								
2021103812	2025-04-06	2阪神4	晴	8.0	4歳以上2勝クラス		10.0	2.0	2.0	46.9	8.0	8	古川奈穂	55.0	芝1200		良	**	1:09.2	0.6	**	3-3	34.6-34.0	34.3	488(+10)			バンドシェル																																																																								
2021103812	2025-04-26	2東京1	小雨	12.0	4歳以上2勝クラス		16.0	3.0	5.0	82.9	9.0	10	佐々木大	58.0	ダ1600		稍	**	1:38.6	2.4	**	1-1	34.5-37.2	39.6	482(-6)			ターコイズフリンジ																																																																								
2021103812	2025-05-03	2京都3	晴	10.0	御池特別(2勝クラス)		8.0	1.0	1.0	86.5	8.0	8	荻野琢真	58.0	芝1400		良	**	1:22.9	2.0	**	4-4	35.2-34.9	35.9	484(+2)			グロリアラウス																																																																								
2021103812	2025-05-18	2京都8	曇	12.0	4歳以上2勝クラス		16.0	4.0	8.0	17.2	9.0	7	高杉吏麒	57.0	ダ1200		稍	**	1:11.1	0.8	**	6-7	34.9-35.4	35.7	486(+2)			イミュータブル																																																																								
2021103812	2025-07-26	3中京1	晴	6.0	四日市特別(2勝クラス)		16.0	8.0	15.0	13.3	7.0	1	高杉吏麒	58.0	ダ1400		良	**	1:23.4	-0.5	**	1-1	34.0-37.5	37.5	486(0)			(タイガースパーク)	1586.4																																																																							
2021103812	2025-08-23	4中京1	晴	11.0	伊賀S(3勝クラス)		16.0	6.0	12.0	9.3	4.0	3	高杉吏麒	56.0	ダ1400		良	**	1:23.7	0.2	**	2-2	34.0-37.4	37.5	484(-2)			プロトポロス	465.1																																																																							
2021103812	2025-10-12	4東京4	曇	10.0	テレビ静岡賞(3勝クラス)		16.0	7.0	14.0	4.5	2.0	1	松山弘平	58.0	ダ1400		良	**	1:23.9	-0.6	**	1-1	36.0-36.3	36.3	488(+4)			(ペプチドタイガー)	1873.6																																																																							
2021103812	2025-11-23	5東京5	晴	11.0	霜月S(OP)		16.0	8.0	15.0	11.0	4.0	2	横山和生	57.0	ダ1400		良	**	1:23.6	0.3	**	1-1	35.0-36.4	36.7	488(0)			ウェイワードアクト	889.8																																																																							
2021103812	2025-12-21	5中京6	曇	11.0	コールドムーンS(OP)		16.0	4.0	8.0	7.2	4.0	16	高杉吏麒	58.0	ダ1400		稍	**	1:25.8	3.3	**	2-2	34.1-36.4	39.7	498(+10)			ダノンフィーゴ																																																																								
2021103812	2025-12-28	5阪神8	晴	11.0	ギャラクシーS(OP)		16.0	7.0	13.0	7.8	5.0	12	高杉吏麒	57.0	ダ1400		良	**	1:25.0	1.6	**	3-2	33.9-37.6	38.9	494(-4)			ノーブルロジャー																																																																								
2021103842	2023-11-04	3京都1		5.0	2歳新馬								田口貫太		芝1600				1:37.5	0.9		5-7	36.8-34.6	34.8	494(0)					晴		10.0	7.0	8.0	2.5	1.0	6	54.0	良	**	**		キーパフォーマー																																																									
2021103842	2023-11-18	3京都5		3.0	2歳未勝利								田口貫太		芝1600				1:36.9	0.6		2-2	36.8-34.4	34.9	490(-4)					曇		12.0	8.0	11.0	22.2	8.0	6	54.0	稍	**	**		タガノデュード																																																									
2021103842	2023-12-10	5阪神4		1.0	2歳未勝利								田口貫太		ダ1400				1:26.4	-0.2		2-2	35.1-38.2	38.0	496(+6)				550.0	晴		15.0	3.0	5.0	9.7	4.0	1	54.0	良	**	**		(ヴォルスター)																																																									
2021103842	2024-03-10	1阪神6		6.0	3歳1勝クラス								田口貫太		ダ1400				1:25.1	0.3		2-2	35.2-37.4	37.5	500(+4)				310.0	晴		14.0	5.0	8.0	10.9	5.0	2	56.0	良	**	**		ロードフォアエース																																																									
2021103842	2024-03-31	2阪神4		9.0	バイオレットS(OP)								田口貫太		ダ1400				1:24.8	0.3		2-3	34.2-38.1	38.1	496(-4)				270.0	曇		11.0	8.0	10.0	17.1	5.0	4	57.0	良	**	**		エートラックス																																																									
2021103842	2024-04-21	3京都2		6.0	3歳1勝クラス								田口貫太		ダ1400				1:25.3	0.7		3-3	34.9-37.4	37.8	500(+4)				78.0	小雨		12.0	7.0	10.0	2.7	1.0	5	56.0	良	**	**		アスクアイルビゼア																																																									
2021103842	2024-08-18	2中京4		8.0	3歳以上1勝クラス								酒井学		ダ1400				1:24.8	1.0		2-2	34.1-37.9	38.9	506(+6)				120.0	晴		16.0	4.0	8.0	3.8	2.0	4	55.0	良	**	**		ヘルモーズ																																																									
2021103842	2024-08-31	2中京7		12.0	3歳以上1勝クラス								和田竜二		ダ1400				1:25.1	1.6		2-2	34.3-37.2	38.7	498(-8)					小雨		13.0	2.0	2.0	5.0	3.0	11	55.0	不	**	**		メイショウミシガン																																																									
2021103842	2024-09-15	3中京4		7.0	3歳以上1勝クラス								和田竜二		ダ1200				1:10.7	0.9		4-4	34.1-35.7	36.3	504(+6)					曇		13.0	8.0	13.0	2.9	2.0	7	56.0	重	**	**		ライジン																																																									
2021103842	2024-12-22	7京都8		7.0	3歳以上1勝クラス								田口貫太		ダ1200				1:14.2	1.3		2-1	35.5-37.4	38.7	526(+22)					晴		16.0	4.0	8.0	4.2	3.0	11	56.0	良	**	**		ヤマカツパトリシア																																																									
2021103842	2025-04-19	2阪神7		12.0	4歳以上1勝クラス								田口貫太		ダ1400				1:25.5	0.5		2-2	34.7-38.3	38.7	514(-12)				320.0	晴		15.0	7.0	14.0	4.8	2.0	2	58.0	良	**	**		マイティマイティー																																																									
2021103842	2025-05-03	2京都3		8.0	4歳以上1勝クラス								田口貫太		ダ1200				1:11.6	0.0		5-3	35.0-36.6	35.8	514(0)				320.0	晴		14.0	4.0	5.0	4.2	1.0	2	58.0	重	**	**		プリンスノット																																																									
2021103842	2025-05-31	2京都11		6.0	4歳以上1勝クラス								田口貫太		ダ1400				1:23.8	0.2		5-5	33.9-37.7	37.4	518(+4)				320.0	曇		16.0	4.0	7.0	4.4	1.0	2	58.0	良	**	**		ウィップスティッチ																																																									
2021103842	2025-11-23	4京都6		6.0	3歳以上1勝クラス								田口貫太		ダ1400				1:25.3	1.2		2-2	34.9-37.1	38.1	526(+8)					晴		16.0	6.0	12.0	4.2	2.0	11	58.0	良	**	**		ポッドドンナー																																																									
2021103845	2023-11-05	3京都2		5.0	2歳新馬								田口貫太		芝2000				2:04.4	2.4		6-7-7-7	37.7-34.4	35.8	450(0)																																															晴		8.0	6.0	6.0	18.3	4.0	7	54.0	良	**	**		ミスタージーティー															
2021103845	2023-11-18	3京都5		2.0	2歳未勝利								角田大河		ダ1800				1:55.0	2.8		13-14-13-11	36.0-38.1	38.8	454(+4)																																															曇		16.0	7.0	14.0	194.2	10.0	9	55.0	重	**	**		ロードフォアエース															
2021103845	2023-12-02	5阪神1		2.0	2歳未勝利								太宰啓介		ダ1800				1:56.7	0.9		6-5-4-4	39.0-38.1	38.5	454(0)				83.0																																											晴		8.0	2.0	2.0	199.5	8.0	4	56.0	良	**	**		デトネイション															
2021103845	2023-12-28	5阪神9		1.0	2歳未勝利								太宰啓介		ダ1800				1:56.9	0.9		15-15-13-12	36.8-40.1	38.6	460(+6)																																															晴		16.0	1.0	2.0	28.0	7.0	8	56.0	良	**	**		クロダブシ															
2021103845	2024-01-13	1京都4		2.0	3歳未勝利								田口貫太		ダ1800				1:57.2	1.4		10-10-13-12	35.8-39.8	39.9	456(-4)				55.0																																											晴		14.0	3.0	3.0	22.5	7.0	5	55.0	良	**	**		ハッピーマインド															
2021103845	2024-04-07	1福島2		1.0	3歳未勝利								田口貫太		ダ1700				1:49.6	2.1		2-3-4-8	29.9-39.8	41.4	454(-2)																																															晴		15.0	7.0	12.0	20.4	7.0	13	56.0	良	**	**		アメリカンチーフ															
2021103845	2024-04-21	3京都2		3.0	3歳未勝利								太宰啓介		ダ1900				2:03.5	1.8		16-16-15-14	30.2-39.1	38.9	456(+2)																																															曇		16.0	5.0	9.0	86.0	11.0	6	57.0	良	**	**		デルマアートマン															
2021103845	2024-05-11	3京都7		3.0	3歳未勝利								幸英明		ダ1900				2:02.2	-0.3		11-11-9-5	30.0-40.2	39.2	460(+4)				550.0																																											晴		13.0	6.0	8.0	11.6	5.0	1	57.0	良	**	**		(ソルトロング)															
2021103845	2024-06-08	4京都3		7.0	3歳以上1勝クラス								幸英明		ダ1900				2:01.2	2.5		15-15-14-10	29.5-38.3	38.9	454(-6)																																															晴		16.0	2.0	3.0	43.1	10.0	9	55.0	良	**	**		クリノフィガロ															
2021103845	2024-09-14	3中京3		4.0	3歳以上1勝クラス								菱田裕二		ダ1900				2:01.2	1.0		11-12-2-2	30.4-37.8	38.8	452(-2)																																															晴		13.0	1.0	1.0	96.6	13.0	6	55.0	良	**	**		ラミアストラーダ															
2021103845	2024-09-29	3中京9		4.0	3歳以上1勝クラス								三浦皇成		ダ1900				2:00.6	1.5		9-9-7-6	31.1-37.4	37.9	456(+4)																																															曇		9.0	5.0	5.0	35.9	7.0	7	55.0	重	**	**		アルベリック															
2021103845	2024-10-27	5京都8		7.0	3歳以上1勝クラス								太宰啓介		ダ1900				2:02.6	1.8		9-9-4-4	30.6-39.1	40.6	460(+4)																																															曇		11.0	7.0	8.0	58.1	9.0	8	56.0	良	**	**		マサハヤウォルズ															
2021103845	2025-06-15	3阪神4		6.0	3歳以上1勝クラス								幸英明		ダ1800				1:53.8	2.4		15-15-15-13	36.1-38.5	38.9	456(-4)																																															曇		16.0	5.0	9.0	274.6	15.0	13	58.0	重	**	**		シャルクハフト															
2021103845	2025-06-28	2小倉1		9.0	八代特別(1勝クラス)								田口貫太		芝2000				2:01.6	1.5		8-8-8-8	34.9-36.2	36.6	454(-2)																																															晴		8.0	7.0	7.0	74.5	8.0	6	58.0	良	**	**		ハッピーアズラリー															
2021103845	2025-07-12	2小倉5		9.0	英彦山特別(1勝クラス)								田口貫太		芝2600				2:44.5	1.0		10-10-11-11	37.7-36.3	36.4	456(+2)																																															晴		11.0	2.0	2.0	90.8	10.0	8	58.0	良	**	**		ジョイボーイ															
2021103845	2025-10-05	3京都2		7.0	3歳以上1勝クラス								田口貫太		芝2000				2:00.8	0.7		10-9-11-11	35.0-35.0	34.7	460(+4)				80.0																																											小雨		12.0	8.0	12.0	153.5	11.0	5	58.0	稍	**	**		フォーキャンドルズ															
2021103845	2025-11-02	3京都11		7.0	3歳以上1勝クラス								国分優作		芝2200				2:13.7	0.4		11-11-12-14	36.2-34.4	34.0	468(+8)																																															晴		16.0	8.0	15.0	171.6	12.0	7	58.0	良	**	**		スカイサーベイ															
2021103845	2025-11-15	3福島3		8.0	3歳以上1勝クラス								石川裕紀		芝2600				2:40.6	0.0		14-14-12-9	36.7-37.3	35.8	466(-2)				320.0																																											晴		16.0	6.0	11.0	35.7	9.0	2	58.0	良	**	**		ブリヤディアマンテ															
2021103845	2025-12-13	5中京3		7.0	3歳以上1勝クラス								鮫島克駿		芝2200				2:12.1	1.1		6-7-9-9	34.8-34.7	34.5	470(+4)																																															曇		18.0	3.0	5.0	55.3	10.0	7	58.0	良	**	**		パフュームセント															
2021103916	2023-09-17	4中山4	晴	4.0	2歳新馬		16.0	4.0	8.0	39.2	8.0	14	杉原誠人	55.0	芝1200		良	**	1:14.1	3.6	**	13-14	35.8-34.7	35.8	482(0)			マリンバンカー																																																																								
2021103916	2024-02-04	1東京4	小雨	1.0	3歳未勝利		16.0	4.0	8.0	215.1	13.0	9	杉原誠人	57.0	ダ1400		良	**	1:27.9	1.9	**	10-10	36.4-37.1	37.7	474(-8)			イサチルカゼニタツ																																																																								
2021103916	2024-03-03	2中山4	晴	3.0	3歳未勝利		15.0	8.0	15.0	205.7	11.0	5	杉原誠人	57.0	ダ1800		稍	**	1:55.9	0.6	**	3-3-2-2	37.1-39.2	39.7	468(-6)			メジャーレーベル	55.0																																																																							
2021103916	2024-03-16	2中山7	晴	2.0	3歳未勝利		16.0	4.0	7.0	15.8	5.0	6	杉原誠人	57.0	ダ1800		稍	**	1:58.3	2.2	**	7-5-6-6	36.9-40.7	42.2	470(+2)			ミツカネジェミニ																																																																								
2021103916	2024-04-06	3中山5	曇	4.0	3歳未勝利		16.0	4.0	7.0	32.8	10.0	4	石川裕紀	57.0	ダ1200		稍	**	1:12.3	0.7	**	9-8	33.6-38.0	37.7	468(-2)			ヨッコサン	83.0																																																																							
2021103916	2024-05-04	2東京5	晴	3.0	3歳未勝利		16.0	8.0	16.0	15.8	6.0	9	石川裕紀	57.0	ダ1300		稍	**	1:20.2	1.9	**	14-14	29.7-36.5	36.6	468(0)			サンリコリス																																																																								
2021103916	2024-05-18	2東京9	晴	4.0	3歳未勝利		18.0	7.0	13.0	160.8	10.0	18	石川裕紀	57.0	芝1600		良	**	1:36.0	2.0	**	4-3	36.1-34.2	35.9	464(-4)			ロジプラヤ																																																																								
2021103916	2024-07-13	1函館11	晴	6.0	3歳未勝利		14.0	3.0	4.0	102.8	9.0	10	松岡正海	57.0	ダ1700		良	**	1:49.4	4.8	**	10-10-10-11	29.1-37.5	40.6	472(+8)			サンライズシア																																																																								
2021103916	2024-09-01	盛岡	曇	5.0	レッドローズ賞(3歳C2)		8.0	2.0	2.0	1.5	1.0	1	高橋悠里	56.0	ダ1200		稍	**	1:14.6	-0.5	**	1-1		38.7	485(+13)			(グエムル)	45.0																																																																							
2021103916	2024-09-24	水沢	晴	7.0	3歳C1一組		10.0	6.0	6.0	8.0	4.0	2	坂口裕一	56.0	ダ1400		稍	**	1:28.9	0.9	**	5-5-5-3		39.0	484(-1)			ヤマニントゥルシー	19.3																																																																							
2021103916	2024-10-14	盛岡	晴	9.0	オッズパーク賞(C1)		12.0	6.0	8.0	3.1	3.0	1	坂口裕一	56.0	ダ1400		良	**	1:27.5	-0.5	**	3-2		38.1	482(-2)			(プリンセスナイト)	45.0																																																																							
2021103916	2024-10-29	盛岡	晴	11.0	YJSトライアルラウ(C1)		12.0	3.0	3.0	2.4	1.0	3	宮内勇樹	56.0	ダ1600		稍	**	1:42.3	0.2	**	5-2		40.2	482(0)			マイネルシュラーク	12.0																																																																							
2021103916	2024-11-12	盛岡	曇	9.0	C1一組		11.0	8.0	11.0	3.3	2.0	3	坂口裕一	56.0	ダ1600		良	**	1:42.3	0.7	**	2-2		40.1	486(+4)			ポジティブスピン	9.0																																																																							
2021103916	2024-11-25	水沢	晴	10.0	ダーレージャパン特別(C1)		12.0	1.0	1.0	8.6	4.0	5	山本政聡	56.0	ダ1600		稍	**	1:45.4	1.4	**	8-8-7-6		40.2	491(+5)			ウインダークローズ	3.2																																																																							
2021103916	2025-03-01	2中山1	晴	8.0	4歳以上1勝クラス		16.0	7.0	13.0	314.1	16.0	13	石川裕紀	58.0	ダ1200		良	**	1:14.5	2.0	**	15-15	34.4-38.1	37.8	480(-11)			トロピカルヒーロー																																																																								
2021103916	2025-03-13	船橋	晴	9.0	フレンドリービット特(B2B3)		13.0	7.0	11.0	76.1	11.0	7	舟山瑠泉	54.0	ダ1600		重	**	1:45.0	1.8	**	5-5-7-7	38.0-39.3	40.2	484(+4)			ローリーグローリー																																																																								
2021103916	2025-04-06	3中山4	小雨	8.0	4歳以上1勝クラス		13.0	7.0	10.0	432.9	13.0	12	石神深道	55.0	芝1800		良	**	1:50.6	2.0	**	4-4-7-9	36.2-35.1	36.0	484(0)			ビジューブリランテ																																																																								
2021103916	2025-04-27	2東京2	晴	7.0	4歳以上1勝クラス		14.0	1.0	1.0	363.4	13.0	14	西塚洸二	57.0	ダ1600		稍	**	1:39.7	1.8	**	14-14	35.2-37.0	37.2	488(+4)			ロードブライト																																																																								
2021103916	2025-08-17	2新潟8	晴	1.0	障害3歳以上未勝利		13.0	6.0	9.0	297.7	13.0	12	坂口智康	57.0	障2850		良		3:15.1	7.2		12-12-12-12	105.0-0.0	13.7	480(-8)			アルデドゥオーモ																																																																								
2021103916	2025-09-14	4中山4	曇	1.0	障害3歳以上未勝利		9.0	2.0	2.0	100.4	7.0	7	坂口智康	57.0	障2880		良		3:20.0	1.5		5-5-5-6	110.1-0.0	13.9	482(+2)			フェーングロッテン																																																																								
2021103916	2025-09-27	4中山8	曇	1.0	障害3歳以上未勝利		11.0	8.0	10.0	41.3	9.0	8	坂口智康	57.0	障2880		良		3:19.2	2.1		3-4-4-5	107.1-0.0	13.8	480(-2)			ヴラディア																																																																								
2021103916	2025-11-16	3福島4	晴	4.0	障害3歳以上未勝利		10.0	7.0	8.0	31.8	7.0	5	坂口智康	57.0	障2750		良		3:03.5	3.0		6-6-4-4	103.1-0.0	13.3	484(+4)			ウォーターリーダー	84.0																																																																							
2021103916	2025-12-07	5中山2	晴	4.0	障害3歳以上未勝利		11.0	7.0	8.0	104.2	8.0	10	坂口智康	57.0	障2880		良		3:24.3	4.0		10-8-6-8	107.1-0.0	14.2	498(+14)			テーオーリカード																																																																								
2021103918	2024-04-27	2東京3		2.0	3歳未勝利								丸田恭介		ダ1600				1:40.6	2.7		14-15	35.5-37.1	38.0	508(0)																																	曇		15.0	1.0	1.0	40.6	5.0	12	57.0	稍	**	**		ライクファーザー																													
2021103918	2024-06-02	3東京2		2.0	3歳未勝利								内田博幸		ダ2100				2:13.7	2.7		13-13-11-11	30.9-37.6	39.3	500(-8)																																	曇		16.0	2.0	4.0	73.2	10.0	13	57.0	重	**	**		ヴァズレーヌ																													
2021103918	2024-07-21	1札幌2		4.0	3歳未勝利								亀田温心		ダ1700				1:52.1	4.6		6-6-8-10	29.8-39.8	43.5	516(+16)																																	晴		13.0	1.0	1.0	84.1	12.0	13	57.0	良	**	**		トモジャシャトー																													
2021103918	2024-09-03	盛岡		1.0	大船渡市観光物産協会(3歳C2)								関本淳		ダ1200				1:12.9	-1.0		1-1		37.9	511(-5)				45.0																													曇		11.0	4.0	4.0	48.8	7.0	1	56.0	重	**	**		(パリッドキャリア)																													
2021103918	2024-09-24	水沢		6.0	3歳C1二組								鈴木祐		ダ1400				1:28.6	-1.0		1-1-1-1		38.7	518(+7)				55.0																													晴		9.0	6.0	6.0	2.0	1.0	1	56.0	稍	**	**		(タイセイシップ)																													
2021103918	2024-10-22	盛岡		4.0	C2一組								鈴木祐		ダ1400				1:27.3	0.1		2-2		38.3	513(-5)				14.0																													晴		9.0	8.0	8.0	1.7	1.0	2	56.0	稍	**	**		タイセイシップ																													
2021103918	2024-11-10	盛岡		8.0	C1七組								鈴木祐		ダ1400				1:27.7	-0.4		2-2		38.0	516(+3)				45.0																													晴		11.0	6.0	7.0	1.6	1.0	1	56.0	良	**	**		(メイショウニコニコ)																													
2021103918	2024-12-11	水沢		6.0	C1								鈴木祐		ダ1400				1:28.7	-0.1		2-2-1-1		39.0	502(-14)				45.0																													曇		12.0	5.0	5.0	1.0	1.0	1	56.0	不	**	**		(グローサーベア)																													
2021103918	2025-03-01	2中山1		8.0	4歳以上1勝クラス								小林凌大		ダ1200				1:13.4	0.9		10-10	34.4-38.1	38.0	512(+10)																																	晴		16.0	7.0	14.0	50.4	11.0	8	58.0	良	**	**		トロピカルヒーロー																													
2021103918	2025-03-30	3中山2		8.0	4歳以上1勝クラス								小林凌大		ダ1200				1:12.8	0.5		7-6	36.0-36.3	36.2	510(-2)				80.0																													晴		16.0	1.0	2.0	50.1	11.0	5	58.0	稍	**	**		セキテイオー																													
2021103918	2025-04-20	3中山8		7.0	4歳以上1勝クラス								小林凌大		ダ1200				1:13.1	1.4		5-5	34.8-36.9	37.6	512(+2)																																	曇		16.0	1.0	1.0	85.0	12.0	8	58.0	良	**	**		エコロエイト																													
2021103918	2025-08-09	2新潟5		5.0	3歳以上1勝クラス								小林凌大		ダ1200				1:12.3	0.2		7-6	33.8-38.3	37.3	502(-10)				80.0																													晴		15.0	8.0	14.0	24.6	10.0	5	58.0	良	**	**		サンダーアリュール																													
2021103918	2025-08-30	3新潟3		12.0	3歳以上1勝クラス								小林凌大		ダ1200				1:12.7	0.7		7-8	34.6-37.4	37.4	510(+8)				120.0																													晴		15.0	6.0	11.0	18.2	7.0	4	58.0	良	**	**		ミスエル																													
2021103918	2025-09-21	4中山7		6.0	3歳以上1勝クラス								小林凌大		ダ1200				1:11.8	1.1		13-12	33.4-37.3	36.9	502(-8)				80.0																													晴		16.0	4.0	7.0	17.4	6.0	5	58.0	良	**	**		チャロ																													
2021103918	2025-10-18	4新潟1		8.0	3歳以上1勝クラス								小林凌大		ダ1200				1:12.0	0.3		5-5	33.8-37.9	37.5	512(+10)				200.0																													曇		15.0	8.0	15.0	7.7	5.0	3	58.0	良	**	**		ミッキーマカパ																													
2021103918	2025-11-15	5東京3		7.0	3歳以上1勝クラス								横山和生		ダ1400				1:26.3	1.6		14-15	36.1-36.8	36.0	512(0)																																	晴		16.0	5.0	10.0	26.1	7.0	12	58.0	良	**	**		エリカマユーリ																													
2021103918	2025-12-20	5中山5		8.0	3歳以上1勝クラス								小林凌大		ダ1200				1:11.6	1.1		7-5	33.6-36.9	37.0	514(+2)				200.0																													曇		16.0	6.0	12.0	18.0	5.0	3	58.0	良	**	**		ダンケルド																													
2021103918	2026-01-17	1中山6		6.0	4歳以上1勝クラス								小林凌大		ダ1200				1:12.0	0.1		2-2	34.3-37.6	37.5	514(0)				330.0																													晴		16.0	4.0	8.0	4.7	2.0	2	58.0	良				メッエフアパラ																													
2021103943	2024-01-20	1京都6		3.0	3歳新馬								岩田望来		ダ1200				1:13.4	0.8		11-10	35.0-37.6	36.7	476(0)				62.0																																											小雨		16.0	4.0	7.0	5.8	4.0	5	55.0	稍	**	**		ネグレスコ															
2021103943	2024-02-10	2京都5		3.0	3歳未勝利								岩田望来		ダ1400				1:26.1	-0.1		5-4	35.2-38.3	37.7	468(-8)				550.0																																											曇		16.0	8.0	16.0	3.3	2.0	1	55.0	良	**	**		(ランランガール)															
2021103943	2024-03-03	1阪神4		5.0	3歳1勝クラス								岩田望来		ダ1400				1:27.3	1.7		7-7	34.4-39.0	39.4	464(-4)																																															晴		11.0	7.0	8.0	8.1	4.0	7	55.0	稍	**	**		ラヴオントップ															
2021103943	2024-08-25	2中京6		6.0	3歳以上1勝クラス								岩田望来		ダ1400				1:26.1	1.2		3-3	34.3-38.2	38.9	476(+12)																																															曇		15.0	3.0	6.0	28.0	9.0	8	53.0	良	**	**		ブループリマドンナ															
2021103943	2024-10-12	4新潟3		12.0	3歳以上1勝クラス								西塚洸二		ダ1200				1:13.9	2.0		8-10	34.6-37.3	38.4	466(-10)																																															晴		14.0	5.0	7.0	26.0	9.0	13	54.0	良	**	**		クリニエールグラス															
2021103943	2025-01-05	1中京1		6.0	4歳以上1勝クラス								河原田菜		ダ1800				1:54.7	1.7		3-4-3-3	38.0-36.4	37.9	466(0)																																															晴		16.0	6.0	12.0	57.1	8.0	6	51.0	良	**	**		サクソンジェンヌ															
2021103943	2025-03-23	2中京4		6.0	4歳以上1勝クラス								川端海翼		ダ1400				1:24.9	0.1		9-7	34.5-38.3	37.2	466(0)				200.0																																											晴		16.0	7.0	14.0	17.9	7.0	3	53.0	良	**	**		ベルダイナフェロー															
2021103943	2025-04-05	2阪神3		7.0	4歳以上1勝クラス								川端海翼		ダ1400				1:25.5	0.3		10-10	34.0-38.8	38.0	462(-4)				80.0																																											晴		16.0	2.0	3.0	16.5	6.0	5	53.0	良	**	**		サンダーバース															
2021103943	2025-06-28	2小倉1		8.0	3歳以上1勝クラス								河原田菜		ダ1700				1:46.4	1.6		8-10-11-11	29.1-37.4	37.6	472(+10)																																															晴		15.0	5.0	9.0	20.3	8.0	7	52.0	良	**	**		レイナデアルシーラ															
2021103943	2025-07-13	2小倉6		7.0	3歳以上1勝クラス								西塚洸二		ダ1700				1:48.5	1.5		2-2-2-2	29.6-39.5	40.9	468(-4)																																															曇		16.0	6.0	11.0	36.4	11.0	9	55.0	良	**	**		マキシマムビスタ															
2021103943	2025-11-08	4京都1		7.0	3歳以上1勝クラス								岩田望来		ダ1400				1:25.1	1.2		11-11	34.6-37.4	37.4	494(+26)																																															晴		16.0	7.0	14.0	13.6	4.0	9	56.0	良	**	**		ランスオブセヘル															
2021103943	2025-12-20	5中京5		2.0	3歳以上1勝クラス								松本大輝		ダ1400				1:27.1	1.3		11-10	36.1-37.2	37.7	486(-8)																																															小雨		16.0	2.0	3.0	23.8	9.0	13	55.0	稍	**	**		モリノアミーゴ															
2021104006	2023-07-30	2新潟2	晴	6.0	2歳新馬		12.0	5.0	5.0	7.8	4.0	10	河原田菜	51.0	芝1400		良	**	1:24.3	1.1	**	7-5	35.9-35.3	35.7	508(0)			ロアノークテソーロ																																																																								
2021104006	2023-10-08	2京都2	曇	1.0	2歳未勝利		12.0	7.0	9.0	5.7	3.0	1	河原田菜	52.0	芝1200		良	**	1:09.1	-0.3	**	2-1	33.6-35.5	35.5	514(+6)			(ステイチューンド)	550.0																																																																							
2021104006	2023-11-12	3福島4	曇	9.0	福島2歳S(OP)		15.0	3.0	5.0	7.9	5.0	2	河原田菜	56.0	芝1200		良	**	1:10.4	0.0	**	4-2	33.8-36.6	36.3	510(-4)			エトヴプレ	650.2																																																																							
2021104006	2023-12-16	4中京5	曇	10.0	報知杯中京2歳S(OP)		9.0	5.0	5.0	5.9	4.0	1	河原田菜	56.0	芝1200		稍	**	1:08.6	-0.1	**	3-3	33.8-34.8	34.6	512(+2)			(ビッグドリーム)	1620.3																																																																							
2021104006	2024-02-25	1阪神2	小雨	10.0	マーガレットS(L)		11.0	1.0	1.0	8.8	5.0	6	河原田菜	57.0	芝1200		重	**	1:10.5	1.1	**	5-4	34.1-35.3	36.0	512(0)			ナナオ																																																																								
2021104006	2024-03-16	1中京3	晴	11.0	中スポ賞ファルコンS(GIII)		17.0	2.0	4.0	29.9	8.0	16	幸英明	57.0	芝1400		良	**	1:21.6	1.4	**	2-2	33.8-34.7	35.9	504(-8)			ダノンマッキンリー																																																																								
2021104006	2024-05-25	3京都11	晴	11.0	葵S(GIII)		18.0	7.0	15.0	54.2	15.0	17	幸英明	57.0	芝1200		良	**	1:08.4	1.3	**	4-4	33.2-33.9	34.8	514(+10)			ピューロマジック																																																																								
2021104006	2024-11-30	5中山1	晴	12.0	3歳以上2勝クラス		15.0	2.0	2.0	12.0	6.0	7	河原田菜	53.0	芝1200		良	**	1:08.1	0.6	**	2-2	32.9-34.6	35.1	516(+2)			ステークホルダー																																																																								
2021104006	2025-01-13	1中京5	晴	12.0	4歳以上2勝クラス		14.0	4.0	6.0	3.3	1.0	2	河原田菜	54.0	芝1200		良	**	1:10.2	0.1	**	3-3	34.6-35.5	35.4	530(+14)			ロードトレイル	460.0																																																																							
2021104006	2025-02-09	1京都4	晴	8.0	4歳以上2勝クラス		13.0	4.0	5.0	6.4	4.0	12	河原田菜	54.0	芝1200		稍	**	1:10.7	1.6	**	2-2	34.3-34.8	36.3	530(0)			マキアージュ																																																																								
2021104006	2025-04-06	2阪神4	晴	8.0	4歳以上2勝クラス		10.0	3.0	3.0	8.2	6.0	10	和田竜二	58.0	芝1200		良	**	1:10.3	1.7	**	2-2	34.6-34.0	35.6	530(0)			バンドシェル																																																																								
2021104092	2023-07-23	3中京8	晴	5.0	2歳新馬		11.0	5.0	5.0	8.5	4.0	2	岩田望来	55.0	芝2000		良	**	2:05.4	0.1	**	4-4-5-5	37.5-35.8	35.4	478(0)			マテンロウゴールド	290.0																																																																							
2021104092	2023-08-13	3小倉2	晴	1.0	2歳未勝利		10.0	1.0	1.0	2.3	1.0	3	岩田望来	55.0	芝1800		良	**	1:50.3	0.3	**	3-3-3-3	36.8-36.1	36.1	482(+4)			ホウオウプロサンゲ	140.0																																																																							
2021104092	2023-09-09	4阪神1	晴	3.0	2歳未勝利		7.0	5.0	5.0	1.3	1.0	2	川田将雅	55.0	芝2000		良	**	2:01.9	0.0	**	6-5-5-3	36.8-35.5	35.2	492(+10)			アクアヴァーナル	220.0																																																																							
2021104092	2023-12-16	5阪神5	雨	7.0	2歳未勝利		8.0	3.0	3.0	1.7	1.0	3	川田将雅	56.0	芝2000		稍	**	2:03.8	0.1	**	3-3-4-6	37.4-36.1	35.9	486(-6)			ウォーターリヒト	140.0																																																																							
2021104092	2024-01-13	1小倉1	晴	2.0	3歳未勝利		12.0	1.0	1.0	1.4	1.0	2	川田将雅	57.0	芝2000		良	**	2:00.8	0.1	**	6-6-2-1	35.3-36.2	36.1	492(+6)			ノーブルスカイ	220.0																																																																							
2021104092	2024-02-04	1小倉8	曇	7.0	3歳未勝利		10.0	1.0	1.0	1.9	1.0	1	佐々木大	56.0	芝2000		重	**	2:04.9	0.0	**	3-2-1-1	36.4-38.2	38.2	492(0)			(グランアルティスタ)	550.0																																																																							
2021104092	2024-04-14	2阪神8	晴	6.0	3歳1勝クラス		7.0	1.0	1.0	3.3	2.0	3	岩田望来	57.0	芝2000		良	**	2:00.7	0.3	**	2-3-3-3	36.2-35.3	35.0	482(-10)			ログラール	200.0																																																																							
2021104092	2024-05-11	3京都7	晴	9.0	あずさ賞(1勝クラス)		11.0	6.0	6.0	9.1	4.0	7	岩田望来	57.0	芝2000		良	**	1:59.4	1.4	**	3-2-2-2	36.0-33.7	35.0	482(0)			サブマリーナ																																																																								
2021104092	2024-06-01	3東京1	晴	9.0	稲城特別(1勝クラス)		10.0	1.0	1.0	11.8	4.0	6	佐々木大	54.0	芝2400		良	**	2:26.8	0.7	**	3-3-4-3	37.3-33.8	34.1	480(-2)			カフェグランデ																																																																								
2021104092	2024-11-17	6京都6	曇	7.0	3歳以上1勝クラス		15.0	6.0	10.0	5.9	3.0	3	ムーア	56.0	ダ1800		良	**	1:54.4	0.5	**	4-3-7-8	36.2-38.5	38.0	486(+6)			オペラプラージュ	200.0																																																																							
2021104092	2024-12-01	4中京2	晴	3.0	3歳以上1勝クラス		9.0	7.0	7.0	2.3	2.0	2	ムーア	56.0	ダ1900		良	**	1:59.9	0.2	**	5-4-4-4	30.0-38.4	38.1	496(+10)			セレクティオ	320.0																																																																							
2021104092	2024-12-15	4中京6	晴	3.0	3歳以上1勝クラス		15.0	6.0	12.0	3.0	2.0	2	佐々木大	57.0	ダ1800		良	**	1:53.1	0.0	**	6-6-5-3	37.8-37.9	37.5	496(0)			ボックスオフィス	320.0																																																																							
2021104092	2024-12-28	7京都9	晴	8.0	3歳以上1勝クラス		16.0	2.0	4.0	4.0	2.0	1	岩田望来	57.0	ダ1800		良	**	1:53.8	-0.2	**	3-3-3-2	36.9-38.7	38.4	502(+6)			(アンバードール)	800.0																																																																							
2021104092	2025-01-12	1中京4	曇	9.0	天白川特別(2勝クラス)		16.0	4.0	7.0	4.7	2.0	2	川田将雅	57.0	ダ1900		良	**	2:00.0	0.1	**	7-7-10-8	30.8-38.0	36.9	500(-2)			ミッキークレスト	632.0																																																																							
2021104092	2025-04-06	2阪神4	晴	7.0	4歳以上2勝クラス		10.0	3.0	3.0	1.6	1.0	1	岩田望来	58.0	ダ1800		良	**	1:53.5	-0.2	**	2-2-2-2	37.4-38.7	38.6	498(-2)			(ワンダースティング)	1140.0																																																																							
2021104092	2025-04-26	2京都1	晴	10.0	観月橋S(3勝クラス)		12.0	6.0	7.0	12.0	5.0	5	岩田望来	58.0	ダ1900		良	**	1:58.7	0.7	**	6-6-5-6	29.5-36.4	36.6	498(0)			ジンセイ	184.0																																																																							
2021104092	2025-05-25	2東京10	曇	12.0	丹沢S(3勝クラス)		16.0	2.0	4.0	4.5	2.0	4	ルメール	56.0	ダ2100		重	**	2:08.1	0.9	**	7-8-8-8	30.3-35.9	36.2	500(+2)			カズタンジャー	232.0																																																																							
2021104092	2025-08-09	3中京5	晴	7.0	三河S(3勝クラス)		16.0	5.0	10.0	4.0	1.0	2	川田将雅	58.0	ダ1800		良	**	1:52.7	0.0	**	12-11-10-11	37.1-38.1	36.8	498(-2)			ポッドロゴ	749.8																																																																							
2021104092	2025-09-15	4阪神5	晴	11.0	JRAアニバーサリー(3勝クラス)		14.0	8.0	14.0	2.8	1.0	3	川田将雅	57.0	ダ1800		良	**	1:52.0	0.4	**	9-9-9-8	36.7-38.5	36.9	490(-8)			バスタードサフラン	464.2																																																																							
2021104092	2025-10-11	3京都3	晴	11.0	御陵S(3勝クラス)		16.0	8.0	16.0	6.6	3.0	3	川田将雅	57.0	ダ1900		良	**	1:57.9	0.3	**	5-8-5-7	30.0-37.7	37.3	496(+6)			タガノバビロン	464.9																																																																							
2021104092	2025-11-30	4京都8	晴	10.0	花園S(3勝クラス)		16.0	5.0	9.0	6.1	3.0	2	団野大成	58.0	ダ1800		良	**	1:50.7	0.0	**	8-8-6-5	35.3-37.9	37.4	498(+2)			ロードラビリンス	750.0																																																																							
2021104092	2025-12-20	5中京5	小雨	11.0	尾頭橋S(3勝クラス)		11.0	7.0	8.0	3.4	2.0	3	丸山元気	58.0	ダ1800		稍	**	1:52.7	0.2	**	7-7-4-4	36.8-37.1	37.1	498(0)			メイショウズイウン	464.4																																																																							
2021104092	2026-01-12	1京都5	晴	10.0	雅S(3勝クラス)		16.0	2.0	3.0	5.2	4.0	5	川田将雅	57.0	ダ1800		良	**	1:52.3	0.6	**	10-10-3-3	36.5-36.6	36.8	500(+2)			モックモック	187.0																																																																							
2021104131	2023-09-24	4阪神7		4.0	2歳新馬								和田竜二		ダ1800				1:57.1	0.6		4-3-3-3	38.6-38.0	38.4	470(0)				290.0																																											晴		8.0	8.0	8.0	22.2	6.0	2	55.0	良	**	**		ソニックスター															
2021104131	2023-10-14	2京都4		2.0	2歳未勝利								和田竜二		ダ1800				1:55.3	-0.1		3-3-2-2	36.5-39.8	39.5	474(+4)				550.0																																											曇		8.0	1.0	1.0	2.0	1.0	1	56.0	良	**	**		(ブーヤカ)															
2021104131	2023-11-05	3京都2		9.0	もちの木賞(1勝クラス)								和田竜二		ダ1800				1:53.2	0.2		7-7-6-6	36.5-39.2	38.8	470(-4)				160.0																																											晴		11.0	5.0	5.0	21.5	7.0	4	56.0	良	**	**		アンモシエラ															
2021104131	2023-12-09	5阪神3		9.0	エリカ賞(1勝クラス)								坂井瑠星		芝2000				2:00.4	0.1		2-2-2-2	36.4-35.5	35.5	470(0)				436.2																																											晴		10.0	5.0	5.0	38.5	10.0	2	56.0	良	**	**		メリオーレム															
2021104131	2024-05-19	3京都10		6.0	3歳1勝クラス								和田竜二		ダ1800				1:53.4	0.8		2-3-3-2	35.9-37.7	38.2	476(+6)																																															小雨		12.0	5.0	7.0	4.7	3.0	7	57.0	良	**	**		デトネイション															
2021104131	2024-06-08	4京都3		7.0	3歳以上1勝クラス								和田竜二		ダ1900				1:59.3	0.6		3-3-3-3	29.5-38.3	38.5	474(-2)				200.0																																											晴		16.0	4.0	8.0	3.5	2.0	3	55.0	良	**	**		クリノフィガロ															
2021104131	2024-06-30	3小倉2		12.0	3歳以上1勝クラス								和田竜二		ダ1700				1:44.2	0.5		4-4-5-5	30.1-36.6	36.7	476(+2)				120.0																																											曇		16.0	3.0	6.0	3.8	1.0	4	55.0	重	**	**		カズペトシーン															
2021104131	2024-07-21	3小倉8		12.0	3歳以上1勝クラス								和田竜二		ダ1700				1:45.6	0.9		5-6-2-2	29.2-37.8	38.5	474(-2)				80.0																																											晴		15.0	7.0	12.0	4.2	2.0	5	55.0	稍	**	**		モズアカボス															
2021104131	2024-08-10	2中京1		8.0	3歳以上1勝クラス								和田竜二		ダ1800				1:53.6	1.1		3-3-3-3	37.0-38.3	39.1	468(-6)				80.0																																											晴		15.0	6.0	11.0	6.3	3.0	5	55.0	良	**	**		デルマアートマン															
2021104131	2024-09-07	3中京1		7.0	3歳以上1勝クラス								吉村誠之		ダ1800				1:52.1	0.3		1-1-1-1	37.0-37.0	37.3	466(-2)				320.0																																											晴		11.0	2.0	2.0	2.6	2.0	2	52.0	良	**	**		アルゴナヴィス															
2021104131	2024-10-06	5京都2		6.0	3歳以上1勝クラス								吉村誠之		ダ1800				1:53.8	1.4		3-3-5-4	37.9-36.9	37.4	472(+6)				120.0																																											晴		8.0	3.0	3.0	5.2	4.0	4	53.0	良	**	**		ソーニーイシュー															
2021104131	2024-11-02	6京都1		7.0	3歳以上1勝クラス								西村淳也		ダ1800				1:52.8	0.9		2-3-3-2	36.6-36.9	37.6	478(+6)				320.0																																											雨		8.0	2.0	2.0	2.3	1.0	2	56.0	不	**	**		エアサンサーラ															
2021104131	2024-12-07	4中京3		6.0	3歳以上1勝クラス								西村淳也		ダ1900				2:01.7	2.3		2-2-1-1	30.2-38.3	40.6	478(0)																																															曇		16.0	8.0	16.0	3.0	1.0	11	57.0	良	**	**		ジャスパーワールド															
2021104131	2025-01-06	1中京2		7.0	4歳以上1勝クラス								西村淳也		ダ1800				1:54.4	0.4		4-4-4-4	38.9-38.3	38.5	484(+6)				80.0																																											小雨		16.0	8.0	15.0	6.9	2.0	5	57.0	良	**	**		ティンティンデオ															
2021104131	2025-01-25	1中京8		7.0	4歳以上1勝クラス								西村淳也		ダ1800				1:53.1	-0.3		1-1-1-1	37.0-38.1	38.1	488(+4)				800.0																																											晴		15.0	2.0	3.0	3.4	2.0	1	57.0	良	**	**		(アルゴナヴィス)															
2021104131	2025-05-17	2京都7		12.0	4歳以上2勝クラス								松山弘平		ダ1800				1:49.9	-0.4		9-10-2-2	35.6-37.0	36.9	486(-2)				1140.0																																											晴		10.0	6.0	6.0	8.0	4.0	1	58.0	不	**	**		(ホルトバージ)															
2021104131	2025-06-22	3阪神6		10.0	姫路S(3勝クラス)								ルメール		ダ1800				1:53.1	0.6		4-4-4-6	37.1-37.5	37.8	482(-4)				184.0																																											晴		16.0	2.0	3.0	12.1	4.0	5	58.0	良	**	**		ルシュヴァルドール															
2021104131	2025-09-28	4阪神9		10.0	堺S(3勝クラス)								西村淳也		ダ1800				1:53.0	0.5		5-6-4-4	37.4-37.2	37.4	492(+10)				465.0																																											曇		16.0	7.0	13.0	5.4	3.0	3	58.0	良	**	**		シュラザック															
2021104131	2025-11-01	3京都10		10.0	ハロウィンS(3勝クラス)								西村淳也		ダ1800				1:50.7	1.3		3-3-3-2	36.4-34.9	36.0	492(0)																																															晴		13.0	6.0	10.0	3.8	2.0	7	58.0	重	**	**		テーオーグランビル															
2021104131	2025-12-14	5阪神4		9.0	オリオンS(3勝クラス)								西村淳也		芝2200				2:13.1	1.5		6-6-7-6	34.8-35.2	36.2	500(+8)																																															晴		15.0	5.0	8.0	26.5	8.0	11	58.0	良	**	**		エコロディノス															
2021104167	2023-07-24	船橋		4.0	リアトリスデビュー(2歳)								本田正重		ダ1500				1:40.4	2.6		5-4-3-3	32.7-39.5	41.2	430(0)				60.0	晴		6.0	2.0	2.0	15.1	5.0	4	54.0	良	**	**		ミスカッレーラ																																																									
2021104167	2023-08-06	船橋		2.0	2歳三　特選								本田正重		ダ1200				1:16.3	-1.4		1-1-1	36.0-40.3	40.3	430(0)				280.0	晴		11.0	3.0	3.0	7.4	4.0	1	54.0	良	**	**		(ブナシメジ)																																																									
2021104167	2023-09-26	船橋		8.0	トーシンブリザード・(2歳)								張田昂		ダ1600				1:45.8	1.3		7-8-9-9	39.0-39.4	38.6	438(+8)					曇		9.0	5.0	5.0	24.3	5.0	7	54.0	良	**	**		バハマフレイバー																																																									
2021104167	2023-11-29	船橋		4.0	ジュニアスプリント(2歳)								山本聡哉		ダ1200				1:14.7	-0.1		8-7-8	36.0-38.7	37.4	443(+5)				310.0	晴		9.0	3.0	3.0	26.7	6.0	1	55.0	良	**	**		(ギガース)																																																									
2021104167	2024-01-06	1中山1		10.0	ジュニアC(L)								本田正重		芝1600				1:33.3	0.8		10-10-10	34.8-34.6	33.5	434(-9)					晴		10.0	8.0	9.0	268.5	10.0	6	57.0	良	**	**		キャプテンシー																																																									
2021104167	2024-01-27	1東京1		10.0	クロッカスS(L)								本田正重		芝1400				1:21.0	0.1		8-8	35.2-33.8	33.0	430(-4)				300.0	晴		10.0	3.0	3.0	119.5	9.0	4	57.0	良	**	**		ロジリオン																																																									
2021104167	2024-03-16	1中京3		11.0	中スポ賞ファルコンS(GIII)								本田正重		芝1400				1:21.5	1.3		15-14	33.8-34.7	34.9	430(0)					晴		17.0	7.0	13.0	44.7	9.0	14	57.0	良	**	**		ダノンマッキンリー																																																									
2021104167	2024-04-06	3中山5		11.0	ニュージーランドT(GII)								森泰斗		芝1600				1:34.9	0.5		9-11-9	36.0-35.5	35.0	428(-2)					曇		16.0	5.0	10.0	158.2	15.0	7	57.0	稍	**	**		エコロブルーム																																																									
2021104167	2024-05-29	船橋		11.0	若潮スプリント(重賞)								吉原寛人		ダ1200				1:15.7	1.6		11-11-10	35.5-38.6	38.5	438(+10)					晴		12.0	3.0	3.0	4.2	3.0	7	56.0	重	**	**		ギガース																																																									
2021104167	2024-11-10	6京都4		12.0	ドンカスターC(2勝クラス)								酒井学		芝1400				1:21.1	0.4		5-6	35.0-34.4	34.4	452(+14)				230.0	曇		14.0	5.0	8.0	24.5	9.0	4	57.0	良	**	**		フルメタルボディー																																																									
2021104167	2024-11-23	5東京7		12.0	3歳以上2勝クラス								マーカン		芝1600				1:34.2	0.5		5-5	35.4-34.5	34.3	444(-8)					晴		14.0	3.0	3.0	11.8	6.0	7	57.0	良	**	**		ミラビリスマジック																																																									
2021104167	2024-12-22	7京都8		12.0	ジングルベル賞(2勝クラス)								高杉吏麒		芝1400				1:22.3	1.1		9-13	35.4-34.2	34.3	444(0)					晴		17.0	6.0	11.0	21.7	8.0	15	55.0	良	**	**		ヤマニンアルリフラ																																																									
2021104167	2025-01-06	1中京2		12.0	4歳以上2勝クラス								三浦皇成		芝1600				1:37.8	0.6		16-15-14	35.3-36.9	36.3	446(+2)					雨		16.0	5.0	9.0	133.3	13.0	6	57.0	重	**	**		ナムラエイハブ																																																									
2021104167	2025-02-16	1東京6		8.0	4歳以上2勝クラス								三浦皇成		芝1600				1:34.8	0.9		13-12	36.2-34.2	33.7	438(-8)					晴		13.0	5.0	7.0	14.6	5.0	8	58.0	良	**	**		キョウエイブリッサ																																																									
2021104167	2025-03-29	3中山1		8.0	4歳以上2勝クラス								三浦皇成		芝1800				1:50.8	0.7		12-12-11-10	37.7-36.4	36.1	440(+2)					雨		12.0	2.0	2.0	26.3	8.0	7	58.0	稍	**	**		マイネルブリックス																																																									
2021104167	2025-04-05	2阪神3		8.0	4歳以上2勝クラス								団野大成		芝1800				1:46.2	1.0		6-6	36.2-33.4	34.0	432(-8)					晴		8.0	8.0	8.0	43.8	6.0	6	58.0	良	**	**		ファーヴェント																																																									
2021104167	2025-05-04	2東京4		8.0	4歳以上2勝クラス								佐々木大		芝1600				1:33.5	0.5		8-8	36.6-33.1	33.0	436(+4)				460.0	晴		9.0	8.0	8.0	18.9	4.0	2	58.0	良	**	**		カニキュル																																																									
2021104167	2025-05-18	2東京8		9.0	テレ玉杯(2勝クラス)								三浦皇成		芝1600				1:34.4	0.9		9-8	36.0-33.7	33.3	440(+4)					曇		9.0	2.0	2.0	10.1	6.0	7	58.0	良	**	**		ボーモンド																																																									
2021104167	2025-05-31	2東京11		10.0	葉山特別(2勝クラス)								北村宏司		芝1600				1:37.5	1.6		14-13	35.5-35.8	36.4	438(-2)					小雨		16.0	8.0	16.0	89.7	14.0	12	58.0	重	**	**		ウインアイオライト																																																									
2021104167	2025-07-27	2新潟2		6.0	豊栄特別(2勝クラス)								キング		芝1600				1:32.9	1.1		9-8	34.1-33.9	33.2	434(-4)					晴		11.0	7.0	9.0	32.7	8.0	10	55.0	良	**	**		コートアリシアン																																																									
2021104167	2025-09-07	2札幌6		10.0	HTB賞(2勝クラス)								小林美駒		芝1800				1:50.4	0.8		14-13-12-13	36.2-36.9	36.7	446(+12)					晴		14.0	6.0	10.0	64.1	11.0	10	58.0	稍	**	**		タイキラフター																																																									
2021104167	2025-09-27	4阪神8		8.0	3歳以上2勝クラス								酒井学		芝1600				1:34.0	0.6		9-8	35.9-33.7	33.7	436(-10)					晴		13.0	6.0	9.0	194.5	10.0	6	58.0	良	**	**		スライビングロード																																																									
2021104167	2025-10-11	3京都3		10.0	宇治川特別(2勝クラス)								酒井学		芝1400				1:20.7	0.4		13-9	35.2-34.0	33.4	438(+2)					晴		13.0	8.0	12.0	71.4	11.0	11	58.0	良	**	**		ミストレス																																																									
2021104167	2025-12-07	5阪神2		12.0	3歳以上2勝クラス								酒井学		芝1400				1:20.1	0.2		14-15	33.9-35.0	33.8	438(0)				170.0	晴		17.0	6.0	11.0	152.7	16.0	4	58.0	良	**	**		チューラワンサ																																																									
2021104167	2025-12-28	5阪神8		9.0	フォーチュンC(2勝クラス)								酒井学		芝1600				1:34.3	0.3		11-11	35.6-34.8	32.8	438(0)					晴		12.0	8.0	12.0	22.6	7.0	6	55.0	良	**	**		マイエレメント																																																									
2021104176	2024-02-04	1東京4		5.0	3歳新馬								藤岡佑介		芝1800				1:49.7	0.2		4-3-3	37.8-34.0	33.9	482(0)				250.0															曇		16.0	1.0	1.0	9.4	4.0	2	57.0	良	**	**		スーパーバイザー																																											
2021104176	2024-03-30	2阪神3		3.0	3歳未勝利								藤岡佑介		芝1800				1:48.0	1.7		8-8	35.1-36.7	36.9	488(+6)																			晴		18.0	7.0	13.0	3.6	1.0	10	57.0	良	**	**		エマロア																																											
2021104176	2024-06-23	4京都8		4.0	3歳未勝利								幸英明		芝1600				1:36.8	1.4		9-7	34.8-35.8	36.6	480(-8)																			小雨		18.0	2.0	3.0	17.8	8.0	10	57.0	重	**	**		プリズマジコ																																											
2021104176	2024-07-20	1札幌1		6.0	3歳未勝利								菱田裕二		芝1800				1:49.6	0.9		6-5-6-7	36.8-35.4	35.8	480(0)																			晴		14.0	5.0	7.0	21.0	8.0	8	57.0	良	**	**		オメガインペリアル																																											
2021104176	2024-08-11	2札幌2		3.0	3歳未勝利								藤岡佑介		ダ1700				1:46.1	-0.5		3-3-2-1	29.7-39.0	39.0	486(+6)				550.0															晴		14.0	5.0	7.0	6.3	4.0	1	57.0	良	**	**		(アイウィル)																																											
2021104176	2024-08-31	2札幌7		7.0	3歳以上1勝クラス								藤岡佑介		ダ1700				1:44.9	0.8		7-7-7-6	30.0-37.4	37.4	488(+2)				80.0															曇		14.0	5.0	7.0	3.7	3.0	5	55.0	重	**	**		ルージュシュエット																																											
2021104176	2024-11-24	6京都8		5.0	3歳以上1勝クラス								藤岡佑介		ダ1800				1:53.4	-0.1		4-4-4-3	35.4-38.7	38.2	490(+2)				800.0															曇		15.0	5.0	9.0	3.2	1.0	1	56.0	良	**	**		(レーウィン)																																											
2021104176	2025-03-22	1阪神7		12.0	4歳以上2勝クラス								富田暁		ダ1800				1:54.6	1.1		15-13-3-2	37.7-38.5	39.5	488(-2)				114.0															晴		16.0	2.0	3.0	5.3	3.0	5	58.0	良	**	**		トウカイポワール																																											
2021104176	2025-08-24	4中京2		10.0	大府特別(2勝クラス)								川田将雅		ダ1800				1:54.0	1.1		8-8-8-8	37.3-38.9	37.4	496(+8)																			晴		16.0	4.0	7.0	4.2	2.0	6	58.0	良	**	**		パカーラン																																											
2021104176	2025-09-13	4阪神3		10.0	鳥取特別(2勝クラス)								藤岡佑介		ダ1800				1:51.9	0.3		6-5-5-5	36.8-37.7	37.4	488(-8)				230.0															曇		9.0	7.0	7.0	10.2	6.0	4	58.0	良	**	**		マイノワール																																											
2021104176	2025-12-13	5中京3		10.0	鳴海特別(2勝クラス)								藤岡佑介		ダ1800				1:53.4	0.1		8-8-5-5	37.7-37.0	36.8	490(+2)				631.6															曇		16.0	7.0	13.0	9.7	4.0	2	58.0	良	**	**		アラレタバシル																																											
2021104176	2026-01-18	1京都7		10.0	大津特別(2勝クラス)								藤岡佑介		ダ1800				1:54.1	0.5		13-13-14-13	37.5-37.4	36.6	486(-4)				240.0																																																									晴		16.0	1.0	1.0	8.5	6.0	4	58.0	良	**	**		バッケンレコード	202608010710
2021104242	2023-11-05	3京都2		4.0	2歳新馬								Ｍ．デム		芝1600				1:34.6	0.3		1-1	35.6-34.5	34.8	414(0)				110.0	晴		17.0	2.0	3.0	35.0	9.0	4	55.0	良	**	**		ラブディーヴァ																																																									
2021104242	2023-12-02	5阪神1		3.0	2歳未勝利								Ｍ．デム		芝1600				1:34.4	0.2		5-5	35.1-34.4	34.0	418(+4)				220.0	晴		10.0	2.0	2.0	36.9	6.0	2	55.0	良	**	**		ルミッキ																																																									
2021104242	2023-12-17	4中京6		4.0	2歳未勝利								西村淳也		芝1400				1:22.6	0.0		8-7	34.3-36.3	35.2	416(-2)				550.0	晴		16.0	6.0	12.0	4.3	2.0	1	55.0	良	**	**		(ジョウゲンノツキ)																																																									
2021104242	2024-05-18	3京都9		9.0	メルボルンT(1勝クラス)								田口貫太		芝1600				1:33.2	0.3		5-5	35.3-34.1	33.8	418(+2)				274.6	晴		13.0	4.0	6.0	29.9	8.0	3	55.0	良	**	**		スマートワイス																																																									
2021104242	2024-06-09	4京都4		8.0	3歳以上1勝クラス								田口貫太		芝1600				1:35.3	0.4		5-6	35.9-34.3	34.3	420(+2)					曇		12.0	2.0	2.0	5.0	3.0	6	52.0	稍	**	**		マイネルティグレ																																																									
2021104242	2024-08-11	2札幌2		7.0	3歳以上1勝クラス								高杉吏麒		芝1500				1:28.0	0.5		3-2-5	28.6-35.2	35.3	422(+2)				80.0	晴		14.0	3.0	4.0	8.1	5.0	5	50.0	良	**	**		ラーンザロープス																																																									
2021104242	2024-08-25	2札幌6		8.0	3歳以上1勝クラス								佐々木大		芝1500				1:29.7	1.7		5-3-3	28.8-35.8	37.2	418(-4)					晴		14.0	6.0	10.0	3.3	1.0	14	53.0	良	**	**		チュウワダンス																																																									
2021104242	2024-11-03	6京都2		12.0	3歳以上1勝クラス								田口貫太		芝1600				1:33.8	0.2		5-5	34.2-35.9	35.4	418(0)				120.0	晴		15.0	3.0	5.0	27.6	9.0	4	54.0	稍	**	**		ビップジーニー																																																									
2021104242	2024-12-22	7京都8		12.0	ジングルベル賞(2勝クラス)								田口貫太		芝1400				1:21.6	0.4		3-3	35.4-34.2	34.4	430(+12)				632.4	晴		17.0	2.0	4.0	23.7	9.0	2	51.0	良	**	**		ヤマニンアルリフラ																																																									
2021104242	2025-01-12	1中京4		12.0	4歳以上1勝クラス								田口貫太		芝1400				1:22.7	0.8		3-3	34.6-35.0	35.4	432(+2)				80.0	曇		18.0	7.0	13.0	5.0	2.0	5	54.0	良	**	**		トラペジスト																																																									
2021104242	2025-02-02	1京都2		12.0	4歳以上1勝クラス								田口貫太		芝1400				1:23.2	0.2		3-3	36.1-35.0	34.9	430(-2)				120.0	曇		17.0	8.0	17.0	5.4	2.0	4	55.0	稍	**	**		フライングブレード																																																									
2021104242	2025-04-26	2京都1		9.0	4歳以上1勝クラス								田口貫太		芝1400				1:21.1	0.3		5-5	34.6-34.5	34.3	438(+8)					晴		12.0	4.0	4.0	6.5	5.0	7	56.0	良	**	**		サダメ																																																									
2021104242	2025-05-25	2京都10		9.0	4歳以上1勝クラス								岩田康誠		芝1400				1:22.7	0.4		17-13	36.0-34.3	33.9	424(-14)				120.0	曇		18.0	8.0	17.0	11.7	5.0	4	56.0	重	**	**		エールトゥヘヴン																																																									
2021104242	2025-06-08	3阪神2		12.0	3歳以上1勝クラス								斎藤新		芝1400				1:21.5	1.2		13-14	33.2-35.7	35.8	426(+2)					曇		16.0	5.0	10.0	15.2	6.0	12	56.0	良	**	**		チューラワンサ																																																									
2021104242	2025-08-03	3中京4		12.0	3歳以上1勝クラス								田山旺佑		芝1400				1:20.3	0.5		3-2	34.0-34.4	34.8	424(-2)					晴		18.0	7.0	14.0	19.3	9.0	8	53.0	良	**	**		エクストラバック																																																									
2021104242	2025-09-13	4阪神3		9.0	3歳以上1勝クラス								岩田康誠		芝1400				1:20.8	0.5		13-14	33.7-35.2	34.6	426(+2)					曇		18.0	7.0	13.0	34.4	9.0	9	56.0	良	**	**		ブルクトーア																																																									
2021104242	2025-10-18	3京都6		12.0	3歳以上1勝クラス								岩田康誠		芝1400				1:20.9	0.4		12-11	34.7-34.5	33.3	418(-8)					曇		15.0	6.0	10.0	16.9	8.0	7	56.0	良	**	**		リアライズ																																																									
2021104242	2025-12-21	5中京6		6.0	3歳以上1勝クラス								永島まな		芝1600				1:36.3	0.2		16-16-14	35.5-35.7	34.4	424(+6)				200.0	雨		16.0	3.0	5.0	35.4	11.0	3	54.0	稍	**	**		ノクナレア																																																									
2021104242	2026-01-05	1京都2		12.0	4歳以上1勝クラス								荻野極		芝1600				1:35.3	0.6		7-5	35.6-34.1	34.4	424(0)					晴		15.0	8.0	15.0	23.9	8.0	7	56.0	良	**	**		サンタンカ																																																									
2021104314	2024-01-13	1中山4		4.0	3歳新馬								菅原明良		ダ1800								38.4-38.7		計不					晴		15.0	2.0	4.0			取	57.0	良	**	**		ブリスフル																																																									
2021104314	2024-03-24	3中山2		3.0	3歳未勝利								丹内祐次		ダ1800				1:55.2	0.7		16-16-14-8	37.1-39.3	38.5	488(0)				220.0	曇		16.0	2.0	3.0	19.9	7.0	2	57.0	良	**	**		スプレーフォール																																																									
2021104314	2024-04-13	3中山7		2.0	3歳未勝利								菅原明良		ダ1800				1:56.4	0.0		7-7-7-7	39.3-38.6	37.9	488(0)				220.0	晴		12.0	8.0	12.0	1.3	1.0	2	57.0	良	**	**		アムレートゥム																																																									
2021104314	2024-05-04	2東京5		5.0	3歳未勝利								モレイラ		ダ1600				1:36.9	-0.3		3-3	35.4-36.9	36.5	484(-4)				550.0	晴		12.0	1.0	1.0	1.8	1.0	1	57.0	稍	**	**		(ホウオウフェイント)																																																									
2021104314	2024-09-07	4中山1		8.0	3歳以上1勝クラス								佐々木大		ダ1800				1:52.8	0.2		2-2-2-2	36.7-38.1	38.2	490(+6)				320.0	晴		15.0	7.0	13.0	4.3	2.0	2	55.0	良	**	**		ウンガイソウテン																																																									
2021104314	2024-09-29	4中山9		4.0	3歳以上1勝クラス								佐々木大		ダ1800				1:54.7	0.3		3-3-2-1	38.3-38.3	38.6	492(+2)				200.0	曇		16.0	6.0	12.0	1.8	1.0	3	55.0	良	**	**		コスモオピニオン																																																									
2021104314	2024-12-22	5中山8		7.0	3歳以上1勝クラス								川田将雅		ダ1800				1:57.2	2.1		3-3-3-4	37.7-39.7	41.5	486(-6)					晴		16.0	2.0	4.0	3.4	1.0	7	57.0	良	**	**		ドバイブルース																																																									
2021104314	2025-03-02	2中山2		8.0	4歳以上1勝クラス								横山武史		ダ1800				1:57.1	2.8		2-2-1-2	36.3-39.4	42.2	484(-2)					晴		16.0	4.0	8.0	3.9	2.0	10	58.0	良	**	**		アースイオス																																																									
2021104314	2025-11-09	5東京2		7.0	3歳以上1勝クラス								プーシャ		ダ1600				1:38.6	0.7		8-9	35.4-36.8	36.7	498(+14)				200.0	小雨		16.0	4.0	7.0	24.1	7.0	3	58.0	稍	**	**		ディーズゴールド																																																									
2021104314	2025-11-29	5東京7		6.0	3歳以上1勝クラス								マーカン		ダ1600				1:38.3	0.6		5-6	35.7-36.3	36.3	496(-2)					晴		16.0	8.0	15.0	12.4	5.0	6	58.0	良	**	**		コーカサスゴールド																																																									
2021104325	2024-02-18	2京都8		4.0	3歳新馬								団野大成		ダ1400				1:28.2	1.9		14-12	35.3-38.7	37.9	462(0)																																	曇		15.0	2.0	3.0	34.0	9.0	10	55.0	稍	**	**		キングヴァージル																													
2021104325	2024-04-07	3中山6		3.0	3歳未勝利								団野大成		ダ1200				1:13.2	2.2		9-10	34.5-36.5	37.8	446(-16)																																	曇		16.0	7.0	14.0	19.0	5.0	10	55.0	重	**	**		ストライクオン																													
2021104325	2024-06-02	3東京2		4.0	3歳未勝利								斎藤新		ダ1400				1:24.8	0.2		3-2	36.4-35.0	35.2	454(+8)				140.0																													曇		16.0	6.0	11.0	114.6	10.0	3	55.0	重	**	**		フクチャントウメイ																													
2021104325	2024-06-23	3東京8		6.0	3歳未勝利								津村明秀		ダ1400				1:24.2	0.6		1-1	35.8-35.7	36.3	452(-2)				83.0																													曇		16.0	6.0	11.0	9.6	4.0	4	55.0	重	**	**		ミスヨシゼン																													
2021104325	2024-07-14	2福島6		4.0	3歳未勝利								菅原明良		ダ1150				1:08.9	0.0		5-6	31.9-37.0	36.6	452(0)				220.0																													晴		16.0	7.0	13.0	3.8	2.0	2	55.0	稍	**	**		ペイシャスウィフト																													
2021104325	2024-08-10	3新潟1		2.0	3歳未勝利								菅原明良		ダ1200				1:12.2	-0.2		2-2	35.4-36.8	36.7	456(+4)				550.0																													晴		15.0	6.0	10.0	2.7	2.0	1	55.0	良	**	**		(サラフォーコン)																													
2021104325	2024-10-27	4新潟8		6.0	3歳以上1勝クラス								斎藤新		ダ1200				1:12.1	1.2		4-5	34.5-36.4	37.2	458(+2)																																	晴		13.0	7.0	10.0	2.4	1.0	6	55.0	良	**	**		イノセントキャット																													
2021104325	2024-12-01	4中京2		6.0	3歳以上1勝クラス								岩田望来		ダ1200				1:12.6	0.2		1-1	35.9-36.5	36.7	466(+8)				320.0																													晴		16.0	1.0	1.0	7.9	4.0	2	55.0	良	**	**		ズバットマサムネ																													
2021104325	2024-12-28	5中山9		8.0	3歳以上1勝クラス								菅原明良		ダ1200				1:12.8	0.3		4-5	34.7-37.8	37.7	466(0)				80.0																													晴		16.0	1.0	1.0	7.5	4.0	5	55.0	良	**	**		サンレイマリー																													
2021104325	2025-01-18	1中山6		6.0	4歳以上1勝クラス								菅原明良		ダ1200				1:12.1	0.0		2-3	34.2-37.9	37.7	464(-2)				800.0																													晴		16.0	5.0	9.0	7.5	5.0	1	56.0	良	**	**		(ソーニャシュニク)																													
2021104325	2025-03-02	1阪神2		12.0	4歳以上2勝クラス								武豊		ダ1200				1:13.5	1.8		14-13	34.7-37.0	37.3	460(-4)																																	曇		16.0	3.0	5.0	18.7	8.0	14	56.0	良	**	**		キタノズエッジ																													
2021104325	2025-05-04	2東京4		12.0	4歳以上2勝クラス								佐々木大		ダ1300				1:21.9	5.0		6-7	29.4-35.9	39.5	462(+2)																																	晴		16.0	2.0	4.0	118.1	13.0	16	56.0	稍	**	**		キュムロンニンバス																													
2021104325	2025-11-16	5東京4		7.0	3歳以上2勝クラス								石橋脩		ダ1400				1:26.8	2.6		13-13	35.6-36.7	37.5	462(0)																																	晴		16.0	5.0	9.0	350.8	15.0	14	56.0	良	**	**		メイショウハチロー																													
2021104325	2026-01-17	1中山6		8.0	4歳以上2勝クラス								丹内祐次		ダ1200				1:13.2	1.4		7-7	33.8-38.0	38.2	460(-2)																																	晴		16.0	1.0	2.0	204.0	13.0	15	56.0	良				ゴールドハンマー																													
2021104326	2023-10-28	4東京8		5.0	2歳新馬								石橋脩		芝1600				1:35.0	0.3		2-2	36.1-34.1	34.3	442(0)				145.0	晴		13.0	5.0	7.0	134.3	12.0	3	56.0	良	**	**		ショウナンラピダス																																																									
2021104326	2023-11-26	5東京8		2.0	2歳未勝利								石橋脩		芝1600				1:35.3	0.2		1-1	36.0-34.3	34.5	448(+6)				83.0	曇		18.0	3.0	6.0	20.2	6.0	4	56.0	良	**	**		ツルマウカタチ																																																									
2021104326	2023-12-16	5中山5		8.0	2歳未勝利								石橋脩		芝1600				1:34.4	0.0		2-3-3	34.7-35.8	35.2	444(-4)				550.0	晴		16.0	3.0	5.0	7.5	3.0	1	56.0	良	**	**		(アンドアイラヴハー)																																																									
2021104326	2024-02-18	1東京8		5.0	3歳1勝クラス								石橋脩		芝1600				1:36.5	0.8		3-2	36.2-34.0	34.7	444(0)					晴		12.0	7.0	9.0	28.3	7.0	10	57.0	良	**	**		ポッドテオ																																																									
2021104326	2024-03-16	2中山7		6.0	3歳1勝クラス								石橋脩		芝1600				1:34.8	-0.1		1-2-2	35.1-35.3	35.0	444(0)				780.0	晴		9.0	1.0	1.0	18.0	6.0	1	57.0	良	**	**		(レガーロデルシエロ)																																																									
2021104326	2024-04-06	3中山5		11.0	ニュージーランドT(GII)								石橋脩		芝1600				1:34.5	0.1		1-1-1	36.0-35.5	35.6	444(0)				1416.0	曇		16.0	2.0	4.0	37.5	9.0	3	57.0	稍	**	**		エコロブルーム																																																									
2021104326	2024-05-05	2東京6		11.0	NHKマイルC(GI)								石橋脩		芝1600				1:33.5	1.1		15-14	34.3-34.1	34.1	446(+2)					晴		18.0	8.0	17.0	258.4	17.0	11	57.0	良	**	**		ジャンタルマンタル																																																									
2021104326	2024-12-22	5中山8		10.0	オルフェーヴルC(2勝クラス)								石橋脩		芝1600				1:33.8	0.4		6-5-7	34.6-35.6	35.5	456(+10)				155.0	晴		16.0	4.0	8.0	6.6	3.0	5	57.0	良	**	**		ピックアチェリー																																																									
2021104326	2025-01-11	1中山3		12.0	4歳以上2勝クラス								石橋脩		芝1600				1:33.3	0.1		3-3-3	35.3-34.8	34.4	458(+2)				460.0	晴		10.0	1.0	1.0	3.7	2.0	2	57.0	良	**	**		ウインレイアー																																																									
2021104326	2025-01-25	1中山8		9.0	東雲賞(2勝クラス)								石橋脩		芝1600				1:35.1	-0.1		2-2-1	36.7-34.4	34.3	458(0)				1573.8	曇		10.0	6.0	6.0	2.4	1.0	1	57.0	良	**	**		(ノーダブルディップ)																																																									
2021104326	2025-03-15	2中山5		10.0	幕張S(3勝クラス)								石橋脩		芝1600				1:33.8	0.4		4-3-3	34.8-35.6	35.6	454(-4)					曇		13.0	5.0	7.0	15.1	7.0	8	56.0	良	**	**		キョウエイブリッサ																																																									
2021104326	2025-04-12	3中山5		10.0	あけぼのS(3勝クラス)								石橋脩		芝1600				1:32.9	0.3		2-3-3	35.2-34.9	34.8	454(0)				464.4	晴		14.0	5.0	8.0	28.4	9.0	3	58.0	良	**	**		ダイシンヤマト																																																									
2021104326	2025-05-10	2東京5		9.0	分倍河原S(3勝クラス)								石橋脩		芝1600				1:35.0	0.3		5-5	36.2-33.8	33.6	456(+2)					曇		15.0	3.0	4.0	30.9	11.0	7	58.0	稍	**	**		アルセナール																																																									
2021104326	2025-07-19	2福島7		11.0	阿武隈S(3勝クラス)								石橋脩		芝1800				1:49.7	0.1		4-4-3-4	36.5-36.1	36.0	460(+4)				463.4	晴		10.0	6.0	7.0	5.5	3.0	3	56.0	良	**	**		アンリーロード																																																									
2021104326	2025-09-27	4中山8		11.0	秋風S(3勝クラス)								石橋脩		芝1600				1:34.6	1.7		6-3-5	35.2-34.6	35.9	456(-4)					晴		16.0	8.0	15.0	52.2	14.0	15	58.0	良	**	**		ピースワンデュック																																																									
2021104326	2025-12-13	5中山3		11.0	常総S(3勝クラス)								石橋脩		芝1800				1:47.5	0.2		2-2-2-2	36.7-34.3	34.4	452(-4)				280.0	曇		16.0	4.0	7.0	10.3	5.0	4	58.0	良	**	**		マイネルオーシャン																																																									
2021104326	2026-01-18	1中山7		9.0	若潮S(3勝クラス)								石橋脩		芝1600				1:32.8	1.1		4-7-8	34.1-34.9	35.1	458(+6)																																																													晴		15.0	5.0	9.0	37.9	9.0	12	58.0	良	**	**		ポルカリズム	202606010709
2021104365	2023-10-07	4東京1		6.0	2歳新馬								松岡正海		芝1600				1:35.8	0.8		9-9	35.7-35.0	34.9	434(0)																			晴		18.0	5.0	10.0	56.8	9.0	6	55.0	良	**	**		ミエノジュピター																																											
2021104365	2023-11-05	5東京2		2.0	2歳未勝利								北村宏司		芝1600				1:36.2	1.2		12-12	36.1-34.3	34.2	430(-4)																			晴		13.0	7.0	10.0	21.1	5.0	7	55.0	良	**	**		ニシノティアモ																																											
2021104365	2023-11-19	5東京6		2.0	2歳未勝利								松岡正海		芝1800				1:49.0	1.0		7-7-8	36.3-35.0	35.2	428(-2)																			晴		16.0	3.0	5.0	39.6	6.0	6	55.0	良	**	**		フォーザボーイズ																																											
2021104365	2024-06-08	3東京3		4.0	3歳未勝利								藤田菜七		芝1800				1:48.7	0.7		14-13-15	36.7-34.0	33.3	436(+8)				55.0															晴		18.0	3.0	6.0	51.7	8.0	5	53.0	良	**	**		アドマイヤマツリ																																											
2021104365	2024-06-22	3東京7		4.0	3歳未勝利								藤田菜七		芝1600				1:35.5	1.1		6-6	35.9-34.4	34.9	436(0)																			晴		16.0	8.0	15.0	23.6	7.0	9	53.0	稍	**	**		リヤンドゥミラクル																																											
2021104365	2024-07-20	2福島7		3.0	3歳未勝利								江田照男		芝2000				2:02.6	0.8		15-15-9-9	36.0-35.4	35.3	428(-8)																			曇		16.0	8.0	15.0	12.0	6.0	9	55.0	良	**	**		ドルフィンスルー																																											
2021104365	2024-09-02	盛岡		5.0	3歳C2四組								塚本涼人		ダ1200				1:16.1	0.6		7-2		39.4	436(+8)				5.9															雨		11.0	4.0	4.0	1.6	1.0	4	54.0	稍	**	**		イロイロ																																											
2021104365	2024-09-29	水沢		6.0	3歳C2一組								村上忍		ダ1300				1:23.0	-0.3		1-1-1-1		39.5	447(+11)				45.0															晴		9.0	2.0	2.0	2.9	1.0	1	54.0	良	**	**		(マウリノ)																																											
2021104365	2024-10-15	盛岡		1.0	C2四組								塚本涼人		ダ1400				1:28.1	0.1		3-2		38.6	444(-3)				14.0															曇		8.0	7.0	7.0	2.2	2.0	2	54.0	良	**	**		シンボリノエル																																											
2021104365	2024-10-29	盛岡		2.0	C2三組								村上忍		ダ1400				1:27.8	0.3		3-3		39.0	445(+1)				14.0															晴		9.0	8.0	8.0	4.2	3.0	2	54.0	稍	**	**		インジケーター																																											
2021104365	2024-11-10	盛岡		7.0	C1八組								村上忍		ダ1400				1:26.2	-1.0		1-1		37.7	450(+5)				45.0															晴		10.0	8.0	9.0	1.2	1.0	1	54.0	良	**	**		(ダンガリー)																																											
2021104365	2024-12-11	水沢		9.0	C1三組								村上忍		ダ1600				1:42.6	-0.8		1-1-1-1		39.0	462(+12)				45.0															曇		11.0	1.0	1.0	1.3	1.0	1	54.0	不	**	**		(ライヴヨーゼフ)																																											
2021104365	2025-01-24	船橋		7.0	馬い!山武たがやす倶(C2)								山本聡哉		ダ1200				1:15.8	0.5		5-3-3	37.0-38.3	38.2	459(-3)				15.0															晴		12.0	4.0	4.0	2.6	1.0	4	54.0	良	**	**		ホウオウミニスター																																											
2021104365	2025-02-14	船橋		6.0	C2十一　十二								矢野貴之		ダ1500				1:36.4	-0.1		1-1-1-1	32.1-38.6	38.6	459(0)				100.0															晴		12.0	8.0	12.0	2.5	2.0	1	54.0	良	**	**		(ケニルワース)																																											
2021104365	2025-03-11	船橋		3.0	C2四　五								山本聡哉		ダ1500				1:37.4	-0.8		2-2-2-2	32.2-39.4	39.2	453(-6)				100.0															曇		10.0	8.0	11.0	1.3	1.0	1	54.0	良	**	**		(ロイドール)																																											
2021104365	2025-03-31	船橋		6.0	馬い!津田沼サンサン(C2)								矢野貴之		ダ1600				1:42.0	-1.7		1-1-1-1	37.8-38.8	38.8	457(+4)				150.0															曇		6.0	1.0	1.0	1.8	2.0	1	54.0	良	**	**		(ドレアンティア)																																											
2021104365	2025-06-22	3東京6		7.0	3歳以上1勝クラス								嶋田純次		ダ1600				1:36.5	-0.1		1-1	35.1-37.9	37.9	440(-17)				800.0															晴		16.0	1.0	1.0	34.0	9.0	1	56.0	良	**	**		(タマモカンパネラ)																																											
2021104365	2025-10-05	4東京2		12.0	3歳以上2勝クラス								嶋田純次		ダ1600				1:38.7	1.2		2-2	35.9-36.7	37.8	442(+2)																			曇		16.0	6.0	12.0	17.2	5.0	10	56.0	良	**	**		ファリーザ																																											
2021104365	2025-10-18	4東京6		12.0	3歳以上2勝クラス								山本聡哉		ダ1400				1:26.7	2.0		4-5	35.5-36.8	38.4	440(-2)																			曇		14.0	8.0	14.0	22.6	9.0	11	56.0	良	**	**		コシュデリ																																											
2021104365	2026-01-18	1中山7		8.0	4歳以上2勝クラス								嶋田純次		ダ1800				1:56.6	3.0		3-3-4-8	36.8-38.9	41.5	450(+10)																																																													晴		16.0	5.0	9.0	111.6	13.0	15	56.0	良	**	**		レディーフランシス	202606010708
2021104399	2023-06-17	1函館3		5.0	2歳新馬								横山武史		芝1200				1:11.3	0.3		6-6	34.6-36.4	36.1	480(0)				110.0															曇		14.0	6.0	10.0	4.4	2.0	4	55.0	良	**	**		コルルディ																																											
2021104399	2023-07-01	2函館1		1.0	2歳未勝利								横山武史		芝1200				1:11.6	0.5		3-3	34.9-36.2	36.0	484(+4)				220.0															曇		9.0	1.0	1.0	5.7	4.0	2	55.0	稍	**	**		ナナオ																																											
2021104399	2023-07-16	2函館6		1.0	2歳未勝利								横山武史		芝1200				1:12.4	0.2		3-3	35.9-36.3	36.2	488(+4)				220.0															曇		16.0	8.0	15.0	4.0	2.0	2	55.0	稍	**	**		ピコサン																																											
2021104399	2023-11-12	3京都4		1.0	2歳未勝利								ルメール		ダ1200				1:12.7	-1.8		1-1	35.6-37.1	37.1	482(-6)				550.0															曇		13.0	1.0	1.0	1.7	1.0	1	55.0	稍	**	**		(ペプチドシュチク)																																											
2021104399	2023-12-10	5阪神4		6.0	2歳1勝クラス								ルメール		ダ1200				1:12.3	0.2		1-1	35.1-37.0	37.2	478(-4)				310.0															晴		7.0	3.0	3.0	1.2	1.0	2	55.0	良	**	**		エコロガイア																																											
2021104399	2024-03-03	1阪神4		5.0	3歳1勝クラス								坂井瑠星		ダ1400				1:25.6	-0.7		2-1	34.4-39.0	39.0	488(+10)				780.0															晴		11.0	2.0	2.0	1.7	1.0	1	55.0	稍	**	**		(クリノオリーブ)																																											
2021104399	2024-03-31	2阪神4		9.0	バイオレットS(OP)								横山武史		ダ1400				1:26.8	2.3		7-11	34.2-38.1	38.9	482(-6)																			曇		11.0	8.0	11.0	6.5	3.0	10	55.0	良	**	**		エートラックス																																											
2021104399	2024-06-08	4京都3		10.0	長浜特別(2勝クラス)								坂井瑠星		ダ1400				1:28.5	4.2		11-11	35.5-36.8	37.5	478(-4)																			曇		11.0	7.0	9.0	6.9	3.0	11	53.0	良	**	**		テイエムリステット																																											
2021104399	2024-12-14	7京都5		10.0	出町特別(2勝クラス)								池添謙一		ダ1800				1:54.5	2.5		1-1-1-1	36.0-37.6	40.1	490(+12)																			曇		12.0	6.0	7.0	19.3	6.0	12	55.0	良	**	**		ネバーモア																																											
2021104399	2025-01-25	1中京8		10.0	刈谷特別(2勝クラス)								高倉稜		ダ1800				1:53.5	0.0		1-1-1-1	38.3-37.3	37.3	488(-2)				628.4															晴		13.0	7.0	11.0	47.7	8.0	2	55.0	良	**	**		ホークフィールド																																											
2021104399	2025-03-23	2中山8		12.0	4歳以上2勝クラス								杉原誠人		ダ1800				1:55.2	0.4		14-14-15-15	37.6-39.6	38.2	488(0)																			晴		15.0	8.0	15.0	4.9	3.0	6	56.0	良	**	**		グレノークス																																											
2021104399	2025-04-13	2阪神6		8.0	天神橋特別(2勝クラス)								高倉稜		ダ1800				1:55.6	3.0		1-1-1-1	36.5-39.0	42.0	488(0)																			雨		12.0	6.0	8.0	10.5	5.0	12	56.0	稍	**	**		ダブルジョーク																																											
2021104399	2025-08-24	4中京2		10.0	大府特別(2勝クラス)								亀田温心		ダ1800				1:53.7	0.8		15-15-12-12	37.3-38.9	36.5	494(+6)				230.0															晴		16.0	5.0	9.0	15.6	7.0	4	56.0	良	**	**		パカーラン																																											
2021104399	2025-09-13	4阪神3		10.0	鳥取特別(2勝クラス)								亀田温心		ダ1800				1:53.3	1.7		5-5-6-5	36.8-37.7	38.7	496(+2)																			曇		9.0	2.0	2.0	27.7	8.0	8	56.0	良	**	**		マイノワール																																											
2021104399	2025-10-18	3京都6		9.0	3歳以上2勝クラス								西村淳也		ダ1400				1:25.7	2.6		5-10	34.8-36.2	38.3	492(-4)																			曇		12.0	4.0	4.0	5.9	3.0	9	56.0	稍	**	**		ヴェロクオーレ																																											
2021104399	2026-01-18	1京都7		9.0	小倉山特別(2勝クラス)								亀田温心		ダ1400				1:24.7	0.1		14-14	34.6-37.5	36.1	494(+2)				640.8																																																									晴		16.0	5.0	10.0	144.0	13.0	2	56.0	良	**	**		トゥロン	202608010709
2021104411	2023-12-23	5阪神7		5.0	2歳新馬								Ｍ．デム		芝2000				2:05.1	1.4		10-11-12-12	37.3-35.2	35.8	466(0)																																															晴		14.0	5.0	8.0	23.0	7.0	9	56.0	良	**	**		オーロラエックス															
2021104411	2024-01-08	1京都3		6.0	3歳未勝利								武豊		芝2200				2:15.8	0.3		12-12-12-11	35.3-37.3	36.5	464(-2)				55.0																																											晴		18.0	6.0	12.0	113.1	12.0	5	57.0	良	**	**		ウィープディライト															
2021104411	2024-01-28	1小倉6		6.0	3歳未勝利								北村友一		芝2000				2:03.1	0.0		3-5-5-4	36.2-35.4	35.1	468(+4)				220.0																																											小雨		15.0	3.0	5.0	4.4	2.0	2	57.0	良	**	**		グラヴィス															
2021104411	2024-02-18	2小倉4		5.0	3歳未勝利								鮫島克駿		芝2000				2:00.7	0.0		6-6-7-3	35.6-36.7	36.2	468(0)				385.0																																											晴		17.0	7.0	13.0	3.3	2.0	1	57.0	良	**	**		(ラブカ)															
2021104411	2024-06-29	1函館7		7.0	3歳以上1勝クラス								武豊		芝2000				2:00.6	-0.2		10-10-9-7	34.7-36.6	35.8	484(+16)				800.0																																											晴		11.0	6.0	6.0	6.0	4.0	1	55.0	良	**	**		(モンブランミノル)															
2021104411	2024-07-20	1札幌1		10.0	釧路湿原特別(2勝クラス)								武豊		芝2000				2:00.0	0.4		11-11-10-8	35.3-36.8	35.3	478(-6)																																															晴		13.0	2.0	2.0	3.1	1.0	7	55.0	良	**	**		ナックイルシーブ															
2021104411	2024-08-11	2札幌2		10.0	藻岩山特別(2勝クラス)								武豊		芝2000				2:00.8	1.2		10-10-10-10	35.6-36.4	35.5	478(0)																																															晴		12.0	7.0	10.0	12.3	5.0	7	55.0	良	**	**		パトリックハンサム															
2021104411	2024-09-01	2札幌8		10.0	フィリピンT(2勝クラス)								武豊		芝2000				2:04.7	1.7		13-13-12-11	36.2-36.7	37.4	472(-6)																																															晴		15.0	7.0	13.0	13.0	6.0	14	55.0	稍	**	**		ソリダリティ															
2021104411	2024-12-07	7京都3		12.0	3歳以上2勝クラス								北村友一		芝2400				2:25.7	1.0		4-4-6-3	34.6-36.3	35.6	472(0)				170.0																																											晴		10.0	2.0	2.0	15.8	6.0	4	56.0	良	**	**		ギャンブルルーム															
2021104411	2025-01-05	1中京1		9.0	鶴舞特別(2勝クラス)								武豊		芝2200				2:12.8	0.7		9-9-9-9	35.2-35.5	35.2	464(-8)				628.6																																											晴		11.0	3.0	3.0	24.2	6.0	2	57.0	良	**	**		ハヤテノフクノスケ															
2021104411	2025-02-01	1京都1		10.0	許波多特別(2勝クラス)								岩田望来		芝2400				2:27.0	2.1		6-6-6-6	35.6-36.5	37.1	464(0)																																															曇		10.0	4.0	4.0	8.1	4.0	8	56.0	良	**	**		ウィープディライト															
2021104411	2025-06-14	1函館1		10.0	松前特別(2勝クラス)								武豊		芝1800				1:46.7	0.4		16-16-15-15	34.6-34.9	34.1	474(+10)				155.0																																											晴		16.0	2.0	4.0	21.0	9.0	5	58.0	良	**	**		パレハ															
2021104411	2025-06-28	1函館5		10.0	洞爺湖特別(2勝クラス)								武豊		芝2000				2:00.4	1.0		10-10-10-11	35.8-35.2	35.4	478(+4)																																															晴		16.0	8.0	15.0	6.1	3.0	14	58.0	良	**	**		カネラフィーナ															
2021104411	2025-07-26	1札幌1		12.0	桑園特別(2勝クラス)								武豊		ダ1700				1:45.7	0.5		13-14-10-7	30.8-36.5	35.9	474(-4)				394.4																																											小雨		14.0	8.0	14.0	8.5	3.0	3	58.0	良	**	**		ワイドブリザード															
2021104411	2025-09-13	4阪神3		10.0	鳥取特別(2勝クラス)								武豊		ダ1800				1:51.6	0.0		9-9-8-8	36.8-37.7	36.8	470(-4)				1573.1																																											曇		9.0	5.0	5.0	6.8	5.0	1	58.0	良	**	**		(タガノマカシヤ)															
2021104421	2023-12-17	5阪神6		5.0	2歳新馬								横山武史		芝1800				1:49.8	0.8		1-1	35.2-35.8	36.6	450(0)				72.0																																											晴		10.0	6.0	6.0	15.4	5.0	5	55.0	稍	**	**		トップオブザロック															
2021104421	2024-01-14	1中山5		5.0	3歳未勝利								横山武史		芝1600				1:35.0	1.3		8-8-7	35.1-35.4	35.6	446(-4)																																															晴		16.0	8.0	16.0	83.4	10.0	10	55.0	稍	**	**		アンドアイラヴハー															
2021104421	2024-03-02	1阪神3		4.0	3歳未勝利								団野大成		芝1800				1:48.2	0.2		8-7	35.8-35.8	35.6	438(-8)				83.0																																											曇		18.0	1.0	1.0	52.5	9.0	4	55.0	稍	**	**		ラウダブル															
2021104421	2024-03-30	3中山3		5.0	3歳未勝利								Ｍ．デム		芝2000				2:02.5	1.5		2-2-2-4	36.4-35.6	37.1	440(+2)																																															晴		18.0	5.0	10.0	12.5	6.0	7	55.0	重	**	**		アンゴラブラック															
2021104421	2024-05-26	2東京12		4.0	3歳未勝利								横山武史		芝1600				1:34.2	0.6		7-6	34.9-34.7	34.5	452(+12)				83.0																																											晴		18.0	4.0	8.0	6.7	3.0	4	55.0	良	**	**		アンパドゥ															
2021104421	2024-06-16	3東京6		4.0	3歳未勝利								団野大成		芝1600				1:33.8	-0.1		8-8	35.5-34.7	33.8	454(+2)				550.0																																											曇		16.0	5.0	10.0	6.1	4.0	1	55.0	良	**	**		(ロンフォン)															
2021104421	2024-08-24	3新潟5		9.0	中郷特別(1勝クラス)								斎藤新		芝1800				1:46.6	0.7		9-9	35.0-34.9	33.9	468(+14)																																															晴		16.0	5.0	10.0	18.0	5.0	6	53.0	良	**	**		チャンネルトンネル															
2021104421	2024-09-14	4中山3		12.0	3歳以上1勝クラス								横山武史		芝1800				1:47.8	0.6		10-11-11-10	36.3-34.1	33.7	468(0)				120.0																																											晴		15.0	5.0	9.0	9.8	4.0	4	53.0	良	**	**		ガールズレジェンド															
2021104421	2024-10-27	4新潟8		7.0	3歳以上1勝クラス								斎藤新		芝1800				1:46.2	-0.1		4-3	34.7-34.6	34.3	458(-10)				800.0																																											晴		18.0	6.0	11.0	3.6	2.0	1	54.0	良	**	**		(フルレゾン)															
2021104421	2024-11-17	3福島6		10.0	五色沼特別(2勝クラス)								斎藤新		芝1800				1:49.7	0.4		11-12-13-10	36.7-35.0	34.7	454(-4)				155.0																																											晴		16.0	8.0	15.0	7.8	4.0	5	54.0	良	**	**		ラファドゥラ															
2021104421	2025-01-19	1中山7		8.0	4歳以上2勝クラス								斎藤新		芝1800				1:49.4	1.1		14-14-11-12	37.3-34.7	34.8	460(+6)																																															曇		14.0	5.0	8.0	20.0	8.0	11	55.0	良	**	**		キュクヌス															
2021104421	2025-02-09	1東京4		7.0	4歳以上2勝クラス								津村明秀		芝1800				1:46.9	0.1		6-4-4	36.3-34.9	34.6	462(+2)																																															晴		11.0	3.0	3.0	31.8	8.0	7	55.0	良	**	**		ハイエスティーム															
2021104421	2025-03-02	2中山2		9.0	富里特別(2勝クラス)								団野大成		芝1800				1:49.0	0.2		7-6-7-7	37.7-34.3	33.7	460(-2)																																															晴		11.0	5.0	5.0	50.7	8.0	7	56.0	良	**	**		ヴルカーノ															
2021104421	2025-05-03	1新潟1		10.0	胎内川特別(2勝クラス)								斎藤新		芝1800				1:46.8	0.2		6-6	36.2-34.4	34.1	460(0)				393.3																																											晴		10.0	7.0	8.0	9.6	5.0	3	53.0	良	**	**		ライラスター															
2021104421	2025-05-17	2東京7		9.0	国分寺特別(2勝クラス)								斎藤新		芝1800				1:49.2	1.6		6-7-7	36.1-34.7	35.2	460(0)																																															雨		9.0	4.0	4.0	41.3	8.0	7	56.0	稍	**	**		ラーンザロープス															
2021104421	2025-06-15	3東京4		9.0	芦ノ湖特別(2勝クラス)								団野大成		芝1600				1:35.2	0.7		6-6	35.3-35.6	35.6	466(+6)																																															曇		10.0	1.0	1.0	46.4	10.0	6	56.0	稍	**	**		グーテンベルク															
2021104421	2025-08-30	3新潟3		10.0	赤倉特別(2勝クラス)								横山琉人		芝1800				1:48.9	0.7		10-8	38.0-32.8	32.9	472(+6)																																															晴		13.0	2.0	2.0	33.1	7.0	6	53.0	良	**	**		アスクセクシーモア															
2021104421	2025-10-26	4東京9		10.0	山中湖特別(2勝クラス)								津村明秀		芝1800				1:48.1	0.6		7-7-7	35.8-33.7	33.9	470(-2)																																															曇		11.0	6.0	7.0	15.9	8.0	6	56.0	稍	**	**		クリニクラウン															
2021104421	2025-12-28	5阪神8		9.0	フォーチュンC(2勝クラス)								斎藤新		芝1600				1:34.5	0.5		7-7	35.6-34.8	33.5	460(-10)																																															晴		12.0	7.0	10.0	32.9	10.0	9	53.0	良	**	**		マイエレメント															
2021104422	2023-12-09	5阪神3		5.0	2歳新馬								池添謙一		芝1400				1:22.6	0.4		4-5	34.1-35.9	35.9	470(0)				110.0																													晴		12.0	2.0	2.0	26.0	10.0	4	56.0	良	**	**		ノボリショウリュウ																													
2021104422	2023-12-23	5阪神7		3.0	2歳未勝利								池添謙一		ダ1400				1:27.2	1.5		4-3	36.0-37.2	38.4	468(-2)				55.0																													晴		16.0	1.0	1.0	46.7	10.0	5	56.0	良	**	**		エートラックス																													
2021104422	2024-01-13	1京都4		3.0	3歳未勝利								池添謙一		ダ1400				1:27.7	0.7		4-4	36.7-37.4	37.8	464(-4)				140.0																													晴		14.0	4.0	6.0	46.2	8.0	3	57.0	良	**	**		キャピタルサックス																													
2021104422	2024-02-03	2京都3		3.0	3歳未勝利								池添謙一		ダ1400				1:25.9	0.7		2-4	35.1-37.5	38.0	468(+4)				55.0																													曇		14.0	1.0	1.0	10.0	5.0	5	57.0	良	**	**		キングツェッペリン																													
2021104422	2024-04-06	2阪神5		2.0	3歳未勝利								池添謙一		ダ1400				1:26.2	0.8		5-4	34.8-38.1	38.5	464(-4)				83.0																													晴		16.0	8.0	15.0	7.0	4.0	4	57.0	稍	**	**		ドッビアーコ																													
2021104422	2024-04-21	1福島6		3.0	3歳未勝利								秋山稔樹		ダ1700				1:46.8	-0.3		1-1-1-1	30.1-38.5	38.5	462(-2)				550.0																													曇		15.0	2.0	2.0	4.8	3.0	1	56.0	良	**	**		(ロードインフェルノ)																													
2021104422	2024-05-12	3京都8		5.0	3歳1勝クラス								酒井学		ダ1800				1:54.3	2.0		1-1-1-2	37.2-37.1	39.1	464(+2)																																	曇		16.0	3.0	5.0	27.0	11.0	7	57.0	良	**	**		クーアフュルスト																													
2021104422	2024-08-11	2中京2		8.0	3歳以上1勝クラス								和田竜二		ダ1800				1:53.7	0.6		4-3-3-4	37.1-38.2	38.5	462(-2)				120.0																													晴		13.0	3.0	3.0	21.5	5.0	4	55.0	良	**	**		グーヴェルナイユ																													
2021104422	2024-08-24	2中京5		8.0	3歳以上1勝クラス								和田竜二		ダ1800				1:55.1	1.4		6-6-2-4	38.0-36.9	38.2	464(+2)																																	晴		13.0	7.0	10.0	9.5	4.0	7	55.0	良	**	**		スリリングチェイス																													
2021104422	2024-09-15	3中京4		8.0	3歳以上1勝クラス								和田竜二		ダ1800				1:50.9	0.4		2-2-2-2	37.4-36.8	37.1	466(+2)				200.0																													曇		12.0	8.0	12.0	17.8	5.0	3	55.0	重	**	**		スリリングチェイス																													
2021104422	2024-11-03	3福島2		3.0	3歳以上1勝クラス								小林凌大		ダ1700				1:45.1	0.2		7-8-5-6	29.4-37.9	37.7	468(+2)				320.0																													晴		15.0	5.0	8.0	4.1	2.0	2	56.0	重	**	**		ツインビスケッツ																													
2021104422	2024-11-17	3福島6		3.0	3歳以上1勝クラス								亀田温心		ダ1700				1:46.6	0.1		10-8-8-5	30.1-38.8	38.1	468(0)				200.0																													晴		15.0	2.0	2.0	3.6	1.0	3	56.0	良	**	**		ポワンキュルミナン																													
2021104422	2025-02-15	1小倉7		12.0	4歳以上1勝クラス								秋山稔樹		ダ1700				1:45.7	-0.5		3-3-3-3	30.3-38.4	38.1	460(-8)				800.0																													曇		12.0	1.0	1.0	3.7	2.0	1	57.0	良	**	**		(アレナパラシオ)																													
2021104422	2025-03-01	1小倉11		11.0	早鞆特別(2勝クラス)								秋山稔樹		ダ1700				1:45.6	0.2		5-4-6-6	30.7-36.6	36.4	466(+6)				394.9																													曇		15.0	5.0	9.0	7.7	4.0	3	55.0	良	**	**		コブラ																													
2021104422	2025-06-22	1函館4		10.0	檜山特別(2勝クラス)								秋山稔樹		ダ1700				1:44.9	0.6		3-2-4-5	30.0-37.0	37.3	478(+12)																																	曇		14.0	1.0	1.0	7.7	3.0	7	58.0	重	**	**		バギーウィップ																													
2021104422	2025-07-20	1函館12		10.0	駒場特別(2勝クラス)								池添謙一		ダ1700				1:47.1	1.5		5-5-6-6	30.4-37.7	38.7	480(+2)																																	晴		12.0	8.0	11.0	7.4	4.0	9	58.0	良	**	**		グレイテストソング																													
2021104422	2025-08-26	盛岡		10.0	東京カップけやき賞(A)								秋山稔樹		ダ1600				1:36.6	-0.6		5-3		37.6	473(-7)				250.0																													曇		10.0	6.0	6.0	4.9	2.0	1	56.0	良	**	**		(シンヨモギネス)																													
2021104422	2025-12-27	5阪神7		10.0	摩耶S(3勝クラス)								秋山稔樹		ダ1800				1:54.9	2.1		11-9-9-11	36.2-38.4	39.9	466(-7)																																	晴		16.0	7.0	13.0	279.4	15.0	14	58.0	稍	**	**		ハナウマビーチ																													
2021104422	2026-01-17	1京都6		11.0	羅生門S(3勝クラス)								秋山稔樹		ダ1400				1:25.3	1.4		6-7	35.3-36.2	37.1	468(+2)																																	晴		16.0	1.0	1.0	271.8	15.0	11	58.0	良				エストレヤデベレン																													
2021104424	2023-10-22	4新潟4		5.0	2歳新馬								永島まな		ダ1800				1:58.1	1.2		15-14-13-13	37.9-39.1	39.0	490(0)				72.0															曇		15.0	3.0	5.0	34.5	10.0	5	53.0	重	**	**		カーマンライン																																											
2021104424	2023-11-12	3福島4		1.0	2歳未勝利								永島まな		ダ1700				1:49.1	0.3		11-10-11-8	30.7-39.5	38.4	492(+2)				55.0															曇		15.0	4.0	6.0	11.4	5.0	5	53.0	良	**	**		アルデドゥオーモ																																											
2021104424	2023-11-25	3京都7		1.0	2歳未勝利								永島まな		ダ1800				1:55.8	1.4		15-15-13-8	37.0-37.6	38.1	490(-2)				55.0															晴		16.0	3.0	5.0	14.8	6.0	5	53.0	良	**	**		ローザサンリヴァル																																											
2021104424	2024-01-13	1小倉1		1.0	3歳未勝利								永島まな		ダ1700				1:48.9	0.5		14-14-5-2	29.8-39.0	39.0	496(+6)				220.0															晴		14.0	5.0	7.0	8.2	4.0	2	54.0	良	**	**		クロドラバール																																											
2021104424	2024-01-27	1小倉5		1.0	3歳未勝利								永島まな		ダ1700				1:47.8	-0.5		9-9-1-1	29.4-39.2	39.2	496(0)				550.0															晴		12.0	8.0	11.0	3.3	2.0	1	54.0	良	**	**		(ケイアイアルタイル)																																											
2021104424	2024-02-25	2小倉6		9.0	ネモフィラ賞(1勝クラス)								永島まな		ダ1700				1:46.0	1.1		12-12-12-8	28.6-38.4	38.1	492(-4)																			晴		12.0	4.0	4.0	11.9	5.0	10	57.0	稍	**	**		エートラックス																																											
2021104424	2024-03-09	1中京1		6.0	3歳1勝クラス								荻野極		ダ1800				1:56.7	2.7		13-10-11-11	37.0-39.4	39.8	496(+4)																			晴		14.0	4.0	6.0	147.6	14.0	7	57.0	稍	**	**		スナークラファエロ																																											
2021104424	2024-06-15	4京都5		8.0	3歳以上1勝クラス								永島まな		ダ1800				1:55.1	2.2		12-12-14-14	37.3-38.4	38.9	508(+12)																			曇		14.0	2.0	2.0	117.0	12.0	9	53.0	良	**	**		ミッキークレスト																																											
2021104424	2024-09-08	3中京2		12.0	3歳以上1勝クラス								幸英明		ダ1400				1:25.0	0.8		13-11	34.6-37.7	36.9	512(+4)				120.0															晴		13.0	4.0	4.0	68.4	10.0	4	56.0	良	**	**		ストレングス																																											
2021104424	2024-09-28	3中京8		12.0	3歳以上1勝クラス								幸英明		ダ1400				1:25.1	1.0		6-6	34.9-37.2	37.3	514(+2)																			曇		11.0	7.0	8.0	15.6	5.0	8	56.0	良	**	**		シンエン																																											
2021104424	2024-10-05	5京都1		6.0	3歳以上1勝クラス								幸英明		ダ1400				1:26.4	0.5		8-9	35.0-37.9	37.8	508(-6)																			晴		14.0	5.0	7.0	33.9	8.0	9	56.0	稍	**	**		ジャーヴィス																																											
2021104424	2025-03-16	2中京2		12.0	4歳以上1勝クラス								秋山稔樹		ダ1400				1:24.1	0.7		10-12	34.5-36.8	36.2	506(-2)				80.0															小雨		16.0	3.0	5.0	47.4	9.0	5	58.0	重	**	**		クレイヴィンオナー																																											
2021104424	2025-03-30	2中京6		9.0	4歳以上1勝クラス								幸英明		ダ1400				1:25.3	-0.1		4-3	35.2-37.8	37.4	498(-8)				800.0															晴		13.0	3.0	3.0	33.6	8.0	1	58.0	良	**	**		(マイティマイティー)																																											
2021104424	2025-04-19	2阪神7		9.0	吹田特別(2勝クラス)								幸英明		ダ1400				1:26.2	1.2		5-2	35.1-37.5	38.3	496(-2)																			晴		16.0	7.0	14.0	28.6	8.0	10	58.0	良	**	**		ルディック																																											
2021104424	2025-07-26	3中京1		6.0	四日市特別(2勝クラス)								高倉稜		ダ1400				1:26.2	2.8		13-15	34.0-37.5	38.4	504(+8)																			晴		16.0	7.0	13.0	69.4	13.0	15	58.0	良	**	**		ワイワイレジェンド																																											
2021104424	2025-10-12	4東京4		12.0	3歳以上2勝クラス								亀田温心		ダ1300				1:19.5	1.8		10-10	28.9-36.8	37.1	488(-16)																			曇		16.0	6.0	11.0	240.0	15.0	13	58.0	良	**	**		マーズオデッセイ																																											
2021104424	2025-11-22	4京都5		8.0	3歳以上2勝クラス								亀田温心		ダ1400				1:25.1	1.0		12-11	34.1-37.8	37.7	500(+12)																			晴		16.0	1.0	2.0	425.1	15.0	9	58.0	良	**	**		リネアグローリア																																											
2021104424	2026-01-18	1京都7		10.0	大津特別(2勝クラス)								亀田温心		ダ1800				1:55.1	1.5		12-12-12-13	37.5-37.4	37.8	504(+4)																																																													晴		16.0	5.0	9.0	387.3	15.0	15	58.0	良	**	**		バッケンレコード	202608010710
2021104490	2023-09-09	4中山1		5.0	2歳新馬								菅原明良		芝2000				2:03.3	0.6		1-1-1-1	36.6-34.7	35.3	462(0)				290.0																													曇		10.0	8.0	10.0	22.6	6.0	2	55.0	稍	**	**		フォルラニーニ																													
2021104490	2023-09-30	4中山8		4.0	2歳未勝利								菅原明良		芝2000				2:04.1	0.7		1-1-1-1	37.3-35.3	36.0	464(+2)				55.0																													曇		14.0	5.0	8.0	8.8	4.0	5	55.0	良	**	**		アバンデル																													
2021104490	2023-11-12	3福島4		2.0	2歳未勝利								大野拓弥		芝2000				2:04.0	0.9		1-1-1-1	34.5-38.3	39.2	462(-2)				55.0																													曇		16.0	4.0	8.0	5.8	3.0	5	56.0	良	**	**		マイネルレグルス																													
2021104490	2023-12-03	5中山2		2.0	2歳未勝利								大野拓弥		ダ1800				1:57.5	2.5		4-4-4-4	37.1-40.1	41.9	464(+2)																																	晴		16.0	8.0	15.0	6.8	4.0	6	56.0	良	**	**		モデルハント																													
2021104490	2024-02-10	2小倉1		2.0	3歳未勝利								丹内祐次		芝1800				1:50.2	0.6		3-3-2-2	37.0-35.4	35.9	470(+6)																																	晴		14.0	5.0	7.0	6.1	2.0	6	57.0	稍	**	**		ジェロニモス																													
2021104490	2024-02-24	2小倉5		5.0	3歳未勝利								丹内祐次		芝2000				2:04.6	2.1		11-8-9-5	36.5-36.2	37.7	474(+4)																																	晴		18.0	3.0	5.0	12.4	6.0	7	57.0	重	**	**		ゴージョニーゴー																													
2021104490	2024-06-30	2福島2		3.0	3歳未勝利								菊沢一樹		芝1200				1:09.0	-0.3		4-4	34.5-34.5	34.3	462(-12)				550.0																													曇		16.0	1.0	1.0	8.1	4.0	1	57.0	良	**	**		(ダイシンネイビー)																													
2021104490	2024-09-21	4中山6		4.0	3歳以上1勝クラス								菊沢一樹		芝1200				1:07.8	0.6		13-11	34.0-33.2	32.7	468(+6)				80.0																													曇		15.0	4.0	7.0	18.4	6.0	5	56.0	良	**	**		ステークホルダー																													
2021104490	2024-11-03	3福島2		8.0	3歳以上1勝クラス								菊沢一樹		芝1200				1:11.2	0.4		11-11	34.5-36.3	35.9	472(+4)				120.0																													晴		16.0	6.0	12.0	5.4	2.0	4	57.0	稍	**	**		ディージェーサン																													
2021104490	2024-11-17	3福島6		12.0	3歳以上1勝クラス								丹内祐次		芝1200				1:10.1	0.3		4-4	34.8-35.0	34.8	472(0)																																	晴		16.0	3.0	5.0	5.4	2.0	7	57.0	良	**	**		マサノカナリア																													
2021104490	2025-02-02	1小倉4		12.0	4歳以上1勝クラス								丹内祐次		芝1200				1:10.2	0.3		9-10	34.1-35.8	35.4	486(+14)				40.0																													曇		18.0	7.0	14.0	11.1	5.0	5	58.0	稍	**	**		スマートジェイナ																													
2021104490	2025-03-02	1小倉12		7.0	4歳以上1勝クラス								丹内祐次		芝1200				1:10.5	0.1		10-10	34.2-36.2	35.3	486(0)				320.0																													雨		17.0	7.0	13.0	7.6	2.0	2	58.0	重	**	**		パクスロマーナ																													
2021104490	2025-04-19	1福島3		12.0	4歳以上1勝クラス								菊沢一樹		芝1200				1:08.5	-0.1		6-5	33.8-34.7	34.0	478(-8)				800.0																													晴		16.0	2.0	4.0	3.4	1.0	1	58.0	良	**	**		(ルージュレベッカ)																													
2021104490	2025-05-31	2京都11		12.0	4歳以上2勝クラス								菊沢一樹		芝1400				1:22.2	1.6		2-2	34.3-35.1	36.6	476(-2)																																	曇		13.0	4.0	5.0	23.9	8.0	11	58.0	良	**	**		キタサンダムール																													
2021104490	2025-06-29	2福島2		9.0	郡山特別(2勝クラス)								菊沢一樹		芝1200				1:09.0	0.9		3-2	33.2-34.9	35.4	478(+2)																																	晴		11.0	4.0	4.0	29.8	7.0	8	58.0	良	**	**		マックアルイーン																													
2021104490	2025-09-27	4中山8		10.0	勝浦特別(2勝クラス)								丸田恭介		芝1200				1:08.6	1.0		10-10	33.8-33.8	33.9	468(-10)																																	晴		16.0	5.0	10.0	192.9	15.0	14	58.0	良	**	**		ソーダーンライト																													
2021104490	2025-11-16	4京都4		8.0	3歳以上2勝クラス								津村明秀		芝1400				1:21.5	0.8		13-12	35.0-34.4	34.4	476(+8)																																	晴		15.0	7.0	13.0	336.0	15.0	14	58.0	良	**	**		アンダースコア																													
2021104490	2026-01-17	1中山6		12.0	4歳以上2勝クラス								津村明秀		芝1200				1:08.6	0.6		13-12	34.3-33.7	33.5	486(+10)																																	晴		16.0	5.0	10.0	174.6	14.0	11	58.0	良				カンシン																													
2021104510	2023-10-08	2京都2		5.0	2歳新馬								藤岡佑介		芝1800				1:48.1	0.7		4-5	35.6-34.9	35.2	452(0)				180.0																																											曇		12.0	8.0	12.0	6.1	4.0	3	55.0	良	**	**		ジャンタルマンタル															
2021104510	2024-02-25	2小倉6		2.0	3歳未勝利								藤岡佑介		芝1800				1:51.5	1.7		13-14-14-11	35.9-37.0	36.4	472(+20)																																															曇		16.0	6.0	11.0	2.7	1.0	7	55.0	稍	**	**		サクソンジェンヌ															
2021104510	2024-03-24	1中京6		2.0	3歳未勝利								藤岡佑介		芝2000				2:06.8	4.1		6-5-2-4	37.1-35.8	39.6	462(-10)																																															小雨		18.0	7.0	15.0	26.6	8.0	18	55.0	重	**	**		モアナフリューゲル															
2021104510	2024-04-06	2阪神5		1.0	3歳未勝利								坂井瑠星		ダ1800				1:53.1	-0.7		1-1-1-1	37.2-38.4	38.4	458(-4)				550.0																																											晴		16.0	6.0	12.0	16.5	5.0	1	55.0	稍	**	**		(ネバーモア)															
2021104510	2024-08-11	2札幌2		12.0	3歳以上1勝クラス								横山武史		ダ1700				1:46.7	0.8		1-1-1-1	29.7-39.2	40.0	480(+22)				320.0																																											晴		12.0	1.0	1.0	3.9	2.0	2	53.0	良	**	**		タイセイミッション															
2021104510	2024-09-01	2札幌8		8.0	3歳以上1勝クラス								横山武史		ダ1700				1:46.1	1.3		4-5-5-2	30.3-37.0	37.8	484(+4)				120.0																																											晴		14.0	8.0	14.0	2.9	1.0	4	53.0	重	**	**		メジャーデビュー															
2021104510	2024-09-22	3中京7		6.0	3歳以上1勝クラス								坂井瑠星		ダ1800				1:54.0	-0.7		2-2-2-2	37.9-38.4	38.1	464(-20)				800.0																																											雨		9.0	3.0	3.0	2.3	2.0	1	53.0	良	**	**		(ヒヒーン)															
2021104510	2025-02-15	1京都5		12.0	4歳以上2勝クラス								吉村誠之		ダ1900				2:01.6	2.7		8-8-9-8	29.3-37.8	39.5	478(+14)																																															晴		13.0	7.0	10.0	11.5	6.0	9	53.0	良	**	**		ジンセイ															
2021104510	2025-03-01	1阪神1		10.0	阪神リニューアル記念(3勝クラス)								酒井学		芝3000				3:10.9	8.0		2-2-2-10	35.7-35.7	43.0	472(-6)																																															晴		10.0	2.0	2.0	33.9	7.0	10	50.0	良	**	**		ハヤテノフクノスケ															
2021104510	2025-04-20	2阪神8		12.0	4歳以上2勝クラス								酒井学		ダ1800				1:58.6	4.8		1-1-1-9	36.5-39.9	44.7	472(0)																																															晴		16.0	1.0	2.0	46.8	9.0	16	56.0	良	**	**		タガノチョコラータ															
2021104510	2025-06-15	3阪神4		8.0	逆瀬川特別(2勝クラス)								高倉稜		ダ1800				1:51.7	-0.1		4-4-3-2	36.3-38.0	37.7	484(+12)				1583.6																																											曇		16.0	5.0	9.0	57.3	11.0	1	56.0	重	**	**		(パルクリチュード)															
2021104510	2025-08-02	2新潟3		7.0	柳都S(3勝クラス)								高倉稜		ダ1800				1:51.5	-0.3		1-1-1-1	36.6-37.5	37.5	486(+2)				1874.3																																											晴		14.0	7.0	13.0	19.1	6.0	1	53.0	良	**	**		(デコラシオン)															
2021104510	2025-08-30	4中京3		11.0	名古屋城S(OP)								高倉稜		ダ1800				1:54.1	2.3		1-1-1-1	37.5-37.5	39.8	480(-6)																																															晴		16.0	5.0	9.0	9.7	4.0	14	53.0	良	**	**		テーオーパスワード															
2021104510	2025-10-07	大井		11.0	レディスプレリュード(JpnII)								高倉稜		ダ1800				1:54.8	1.9		1-1-1-3	36.8-38.8	40.7	488(+8)																																															曇		12.0	4.0	4.0	22.8	6.0	8	55.0	良	**	**		ビヨンドザヴァレー															
2021104510	2025-12-21	5阪神6		10.0	ベテルギウスS(L)								和田竜二		ダ1800				1:52.2	2.9		2-2-2-2	35.6-36.4	39.2	488(0)																																															雨		16.0	6.0	11.0	52.7	11.0	16	55.0	重	**	**		ルシュヴァルドール															
2021104510	2026-01-10	1京都3		11.0	すばるS(L)								高倉稜		ダ1400				1:25.5	1.9		11-14	35.1-36.4	37.1	490(+2)																																															晴		16.0	7.0	13.0	108.9	13.0	13	55.0	良	**	**		キタノズエッジ															
2021104590	2023-08-26	3小倉5		5.0	2歳新馬								団野大成		芝2000				2:04.0	0.3		3-3-3-3	37.1-35.3	35.5	452(0)				290.0																																											晴		12.0	8.0	11.0	20.5	7.0	2	55.0	良	**	**		メイショウゴーフル															
2021104590	2023-09-16	4阪神3		3.0	2歳未勝利								団野大成		芝1800				1:48.8	0.5		4-4	35.6-33.8	33.9	450(-2)				83.0																																											晴		9.0	3.0	3.0	9.1	3.0	4	55.0	良	**	**		ナムラフッカー															
2021104590	2023-10-09	2京都3		3.0	2歳未勝利								団野大成		芝1800				1:49.3	0.6		3-4	35.8-36.6	36.9	450(0)				83.0																																											曇		9.0	5.0	5.0	4.3	3.0	4	56.0	重	**	**		ストラクチャー															
2021104590	2023-11-25	3京都7		3.0	2歳未勝利								モレイラ		芝1800				1:49.6	1.2		11-8	35.6-34.6	35.2	452(+2)																																															晴		14.0	7.0	11.0	8.9	4.0	9	56.0	良	**	**		ジャスティンアース															
2021104590	2023-12-28	5阪神9		3.0	2歳未勝利								団野大成		芝1800				1:49.8	1.8		9-10	35.8-34.6	35.8	456(+4)																																															晴		14.0	8.0	13.0	22.2	7.0	12	56.0	良	**	**		ジンセイ															
2021104590	2024-03-17	1中京4		5.0	3歳未勝利								高杉吏麒		芝2000				2:04.3	2.1		7-5-10-13	37.0-35.0	36.0	452(-4)																																															曇		16.0	7.0	13.0	40.4	7.0	13	54.0	良	**	**		クリノアドバンス															
2021104590	2024-04-07	3中山6		2.0	3歳未勝利								団野大成		ダ1800				1:55.0	0.9		4-3-4-3	37.1-38.8	39.3	450(-2)																																															曇		14.0	4.0	5.0	9.4	6.0	6	57.0	重	**	**		オウケンシルヴァー															
2021104590	2024-06-30	3小倉2		3.0	3歳未勝利								団野大成		ダ1700				1:47.1	1.2		7-9-8-7	30.0-38.7	39.3	448(-2)				55.0																																											曇		15.0	6.0	11.0	15.9	6.0	5	57.0	重	**	**		トーレ															
2021104590	2024-07-28	2新潟2		9.0	3歳未勝利								団野大成		ダ1800				1:55.9	-0.3		3-3-2-2	38.1-39.6	39.5	452(+4)				550.0																																											曇		15.0	6.0	11.0	8.2	4.0	1	57.0	稍	**	**		(ブルズアイ)															
2021104590	2024-09-28	3中京8		6.0	3歳以上1勝クラス								団野大成		ダ1800				1:53.2	1.1		3-3-4-4	36.9-37.9	38.7	454(+2)				80.0																																											曇		10.0	8.0	9.0	35.7	8.0	5	55.0	良	**	**		レッドリベルタ															
2021104590	2024-10-14	4新潟4		7.0	3歳以上1勝クラス								団野大成		ダ1800				1:53.8	1.4		7-6-6-6	36.0-37.8	38.6	456(+2)				200.0																																											晴		10.0	8.0	9.0	7.6	4.0	3	56.0	良	**	**		マーブルマウンテン															
2021104590	2024-12-15	4中京6		3.0	3歳以上1勝クラス								団野大成		ダ1800				1:54.4	1.3		3-2-4-3	37.8-37.9	38.9	466(+10)																																															晴		15.0	3.0	5.0	19.4	4.0	10	57.0	良	**	**		ボックスオフィス															
2021104590	2025-01-25	1小倉1		4.0	障害4歳以上未勝利								森一馬		障2860				3:15.5	5.6		8-8-9-9	102.1-0.0	13.7	468(+2)																																															晴		10.0	3.0	3.0	11.3	4.0	9	59.0	良				ドゥラモンド															
2021104590	2025-02-08	1小倉5		4.0	障害4歳以上未勝利								森一馬		障2860				3:15.2	2.0		2-2-4-5	109.1-0.0	13.7	468(0)				210.0																																											晴		10.0	7.0	8.0	16.8	6.0	3	59.0	稍				グルーヴビート															
2021104590	2025-02-23	1小倉10		4.0	障害4歳以上未勝利								森一馬		障2860				3:13.5	0.3		2-2-2-3	108.0-0.0	13.5	470(+2)				340.0																																											曇		12.0	6.0	8.0	6.5	3.0	2	59.0	良				サンデーヒーロー															
2021104590	2025-04-27	2京都2		4.0	障害4歳以上未勝利								森一馬		障2910				3:21.9	0.6		2-2-4-3	107.1-0.0	13.9	452(-18)				210.0																																											晴		12.0	6.0	8.0	2.1	1.0	3	59.0	良				アルマーザアミール															
2021104590	2025-05-31	2東京11		4.0	障害4歳以上未勝利								森一馬		障3000				3:32.7	3.4		2-2-2-3	110.0-0.0	14.2	444(-8)																																															雨		14.0	1.0	1.0	5.7	3.0	7	59.0	稍				スズカハービン															
2021104590	2025-07-13	2小倉6		1.0	障害3歳以上未勝利								森一馬		障2860				3:15.1	0.5		2-2-2-3	106.0-0.0	13.6	444(0)				210.0																																											曇		12.0	8.0	11.0	6.3	2.0	3	60.0	良				ポリトナリティー															
2021104590	2025-10-18	3京都6		4.0	障害3歳以上未勝利								森一馬		障2910				3:19.2	1.2		5-5-5-5	105.0-0.0	13.7	458(+14)				130.0																																											雨		11.0	6.0	7.0	5.6	3.0	4	60.0	良				ホウオウプレシャス															
2021104590	2025-11-02	3京都11		4.0	障害3歳以上未勝利								森一馬		障2910				3:23.2	-0.3		2-2-2-2	108.0-0.0	14.0	456(-2)				840.0																																											晴		10.0	8.0	9.0	2.7	1.0	1	60.0	良				(オステリア)															
2021104590	2025-12-20	5阪神5		4.0	障害3歳以上OP								森一馬		障3110				3:34.5	1.0		4-4-6-6	106.0-0.0	13.8	458(+2)																																															晴		14.0	4.0	6.0	12.5	6.0	6	60.0	良				テイエムマジック															
2021104635	2023-11-19	3福島6	晴	5.0	2歳新馬		16.0	4.0	8.0	38.9	9.0	11	木幡巧也	55.0	芝1800		良	**	1:53.5	2.3	**	12-13-13-13	37.1-35.9	36.8	460(0)			スター																																																																								
2021104635	2023-12-10	5中山4	晴	6.0	2歳未勝利		18.0	3.0	5.0	246.7	12.0	13	幸英明	55.0	芝2000		良	**	2:03.0	2.3	**	10-10-11-13	35.4-35.9	37.1	460(0)			エコロレイズ																																																																								
2021104635	2024-01-14	1小倉2	晴	7.0	3歳未勝利		16.0	2.0	3.0	193.1	12.0	12	河原田菜	51.0	芝1800		良	**	1:49.6	1.5	**	12-12-13-16	35.8-35.9	36.4	444(-16)			ドンアレス																																																																								
2021104635	2024-01-28	1小倉6	小雨	6.0	3歳未勝利		15.0	8.0	15.0	317.2	14.0	5	河原田菜	51.0	芝2000		良	**	2:04.2	1.1	**	2-2-2-2	36.2-35.4	36.5	454(+10)			グラヴィス	55.0																																																																							
2021104635	2024-02-03	1小倉7	曇	2.0	3歳未勝利		14.0	7.0	11.0	56.4	9.0	5	斎藤新	55.0	芝2000		良	**	2:04.5	0.8	**	2-2-2-2	36.3-36.8	37.6	452(-2)			レッセパッセ	55.0																																																																							
2021104635	2024-02-18	2小倉4	晴	5.0	3歳未勝利		17.0	2.0	3.0	63.2	9.0	7	小林美駒	51.0	芝2000		良	**	2:01.5	0.8	**	5-3-1-1	35.6-36.7	37.5	458(+6)			ラブカ																																																																								
2021104635	2024-04-14	1福島4	晴	3.0	3歳未勝利		14.0	7.0	12.0	17.2	6.0	1	小林美駒	51.0	ダ1700		良	**	1:47.6	-0.1	**	5-5-4-2	30.6-37.4	37.2	444(-14)			(イラーナ)	550.0																																																																							
2021104635	2024-07-07	2福島4	晴	8.0	3歳以上1勝クラス		15.0	3.0	4.0	8.6	6.0	10	藤田菜七	51.0	ダ1700		良	**	1:47.8	1.8	**	4-5-9-9	29.9-38.4	39.5	458(+14)			ユイノマチブセ																																																																								
2021104635	2024-07-20	1札幌1	晴	8.0	3歳以上1勝クラス		9.0	8.0	8.0	6.8	4.0	1	小林勝太	50.0	ダ1700		良	**	1:46.5	-0.3	**	2-3-2-1	30.2-39.2	39.1	446(-12)			(フェルンマンボ)	800.0																																																																							
2021104635	2024-08-18	2札幌4	晴	9.0	大通公園特別(2勝クラス)		14.0	2.0	2.0	35.8	10.0	1	小林勝太	53.0	ダ1700		良	**	1:46.2	0.0	**	2-2-2-1	30.4-38.5	38.5	462(+16)			(アーレンダール)	1580.1																																																																							
2021104635	2024-11-09	3福島3	晴	11.0	奥羽S(3勝クラス)		15.0	7.0	12.0	8.8	6.0	15	吉田隼人	54.0	ダ1700		良	**	1:47.5	2.0	**	3-4-3-4	30.0-37.5	39.3	462(0)			アイファーテイオー																																																																								
2021104635	2024-12-01	5中山2	晴	10.0	市川S(3勝クラス)		16.0	5.0	9.0	96.1	13.0	15	木幡巧也	52.0	ダ1800		良	**	1:54.1	2.0	**	6-6-9-10	36.2-38.5	39.8	458(-4)			クインズミモザ																																																																								
2021104635	2025-02-08	1東京3	晴	11.0	早春S(3勝クラス)		14.0	4.0	5.0	83.7	12.0	14	木幡巧也	52.0	芝2400		良	**	2:27.9	2.8	**	1-1-1-1	36.0-35.0	37.8	464(+6)			マイネルカンパーナ																																																																								
2021104635	2025-02-22	1東京7	晴	10.0	金蹄S(3勝クラス)		12.0	8.0	12.0	211.9	11.0	12	長浜鴻緒	55.0	ダ2100		良	**	2:17.0	3.5	**	1-1-1-1	31.8-37.0	40.5	460(-4)			サクラトップリアル																																																																								
2021104635	2025-04-06	3中山4	晴	10.0	アリエスS(3勝クラス)		16.0	5.0	10.0	175.2	16.0	15	小林美駒	56.0	ダ1800		稍	**	1:54.6	2.7	**	2-2-2-2	36.0-37.8	40.4	454(-6)			マンマリアーレ																																																																								
2021104635	2025-05-11	2東京6	晴	12.0	立夏S(3勝クラス)		16.0	1.0	2.0	257.5	16.0	14	小林凌大	51.0	ダ1600		稍	**	1:36.1	2.1	**	11-13	34.3-36.0	36.7	456(+2)			ウェットシーズン																																																																								
2021104635	2025-08-16	1札幌7	晴	11.0	報知杯大雪H(3勝クラス)		14.0	6.0	10.0	60.2	13.0	12	小林美駒	51.0	ダ1700		良	**	1:46.3	2.0	**	6-8-10-12	29.1-38.3	39.2	468(+12)			コトホドサヨウニ																																																																								
2021104635	2025-08-23	2札幌1	晴	11.0	オールスターJ第2戦(3勝クラス)		14.0	1.0	1.0	111.0	14.0	13	横山典弘	56.0	芝2000		良	**	2:04.7	2.6	**	12-12-14-14	36.6-36.9	38.3	468(0)			パトリックハンサム																																																																								
2021104635	2026-01-13	大井	晴	11.0	ジャニュアリー賞競走(A2B1)		10.0	2.0	2.0	11.6	4.0	9	笹川翼	53.0	ダ1800		良		1:57.0	1.8		5-4-4-5	38.6-37.6	39.2	471(+3)			リベイクフルシティ																																																																								
2021104665	2023-12-02	5中山1		5.0	2歳新馬								マーカン		芝1200				1:09.0	-0.2		9-10	33.8-35.2	33.9	468(0)				720.0																													晴		15.0	3.0	5.0	5.2	2.0	1	56.0	良	**	**		(キングズブレス)																													
2021104665	2024-01-06	1中山1		7.0	3歳1勝クラス								横山武史		芝1200				1:08.4	0.8		9-9	32.9-34.7	34.5	474(+6)																																	晴		13.0	5.0	6.0	3.2	2.0	9	57.0	良	**	**		スピリットガイド																													
2021104665	2024-03-10	2中山6		7.0	3歳1勝クラス								内田博幸		芝1200				1:09.6	0.8		9-9	33.9-34.9	34.8	460(-14)				78.0																													晴		11.0	6.0	6.0	7.9	3.0	5	57.0	稍	**	**		アララララ																													
2021104665	2024-04-07	3中山6		7.0	3歳1勝クラス								内田博幸		芝1200				1:10.6	0.9		10-8	34.6-35.1	35.2	466(+6)																																	晴		13.0	4.0	4.0	7.0	3.0	10	57.0	重	**	**		タイセイフェスタ																													
2021104665	2024-06-30	2福島2		12.0	3歳以上1勝クラス								菊沢一樹		芝1200				1:08.6	0.0		8-7	34.0-34.6	34.1	462(-4)				320.0																													雨		16.0	1.0	2.0	12.3	7.0	2	55.0	良	**	**		テセラリアン																													
2021104665	2024-07-20	2福島7		9.0	南相馬特別(1勝クラス)								菊沢一樹		芝1200				1:09.3	0.6		9-9	34.2-34.5	34.3	460(-2)				111.0																													曇		14.0	8.0	14.0	6.9	4.0	5	55.0	良	**	**		クオレス																													
2021104665	2024-08-10	2札幌1		12.0	3歳以上1勝クラス								永野猛蔵		芝1200				1:08.9	0.3		10-8	32.8-35.8	34.7	466(+6)				120.0																													晴		16.0	1.0	2.0	9.1	3.0	4	56.0	良	**	**		ジョーメッドヴィン																													
2021104665	2024-09-01	2札幌8		6.0	3歳以上1勝クラス								永野猛蔵		芝1200				1:09.9	-0.2		4-3	34.0-35.9	35.6	462(-4)				800.0																													晴		16.0	1.0	1.0	6.8	3.0	1	56.0	稍	**	**		(シルバーダイヤ)																													
2021104665	2024-09-28	4中山8		10.0	茨城新聞杯(2勝クラス)								永野猛蔵		芝1200				1:08.0	0.1		7-7	32.9-35.0	34.0	460(-2)				628.6																													曇		14.0	4.0	6.0	13.1	5.0	2	56.0	良	**	**		ハピネスアゲン																													
2021104665	2024-11-30	5中山1		12.0	3歳以上2勝クラス								横山武史		芝1200				1:08.8	1.3		14-14	32.9-34.6	34.6	456(-4)																																	晴		15.0	7.0	13.0	5.4	3.0	12	57.0	良	**	**		ステークホルダー																													
2021104665	2025-09-27	4中山8		10.0	勝浦特別(2勝クラス)								菊沢一樹		芝1200				1:08.1	0.5		9-8	33.8-33.8	33.6	460(+4)																																	晴		16.0	3.0	6.0	62.4	12.0	8	58.0	良	**	**		ソーダーンライト																													
2021104665	2025-11-09	5東京2		12.0	3歳以上2勝クラス								吉田豊		芝1400				1:21.8	0.4		14-14	35.6-33.6	33.0	466(+6)																																	曇		18.0	6.0	11.0	66.0	11.0	6	58.0	良	**	**		タイセイカレント																													
2021104665	2025-12-07	5阪神2		12.0	3歳以上2勝クラス								小崎綾也		芝1400				1:20.4	0.5		5-5	33.9-35.0	35.2	468(+2)																																	晴		17.0	8.0	16.0	28.4	12.0	8	58.0	良	**	**		チューラワンサ																													
2021104665	2026-01-17	1中山6		12.0	4歳以上2勝クラス								丹内祐次		芝1200				1:08.4	0.4		4-2	34.3-33.7	33.9	474(+6)																																	晴		16.0	7.0	13.0	14.3	7.0	7	58.0	良				カンシン																													
2021104751	2023-07-16	2函館6		5.0	2歳新馬								佐々木大		芝1800				1:52.2	1.2		13-13-10-7	36.6-36.2	36.6	512(0)					曇		14.0	4.0	6.0	29.3	8.0	6	53.0	稍	**	**		マーゴットソラーレ																																																									
2021104751	2023-08-26	2札幌5		2.0	2歳未勝利								佐々木大		芝1800				1:53.4	0.0		4-3-3-2	39.8-34.8	34.6	516(+4)				220.0	晴		5.0	3.0	3.0	28.4	5.0	2	54.0	良	**	**		ヴィクトリアドール																																																									
2021104751	2023-09-23	4阪神6		3.0	2歳未勝利								岩田望来		芝2000				2:02.0	0.7		4-4-5-4	36.7-36.1	36.2	514(-2)					曇		10.0	4.0	4.0	4.1	2.0	6	55.0	良	**	**		ミラキュラスドラマ																																																									
2021104751	2023-10-15	4新潟2		3.0	2歳未勝利								佐々木大		芝2000				2:02.7	0.3		7-7-6-6	35.7-36.2	36.1	516(+2)				140.0	小雨		11.0	3.0	3.0	6.0	3.0	3	55.0	良	**	**		ガルデルクラージュ																																																									
2021104751	2023-12-09	4中京3		4.0	2歳未勝利								佐々木大		芝2000				2:03.3	0.8		8-8-8-8	35.9-35.5	35.7	524(+8)				55.0	晴		16.0	4.0	8.0	6.2	3.0	5	55.0	良	**	**		レイワサンサン																																																									
2021104751	2023-12-24	5阪神8		1.0	2歳未勝利								幸英明		ダ1800				1:59.6	3.3		15-15-14-11	37.3-39.9	41.8	522(-2)					晴		16.0	6.0	12.0	5.9	3.0	12	56.0	良	**	**		メイショウトム																																																									
2021104751	2024-01-08	1京都3		6.0	3歳未勝利								岩田望来		芝2200				2:15.5	0.0		11-11-8-7	35.3-37.3	36.7	522(0)				220.0	晴		18.0	7.0	14.0	30.1	8.0	2	57.0	良	**	**		ウィープディライト																																																									
2021104751	2024-02-17	2京都7		5.0	3歳未勝利								岩田望来		芝2400				2:27.8	0.1		14-14-13-10	36.1-36.5	35.4	520(-2)				140.0	曇		14.0	7.0	12.0	5.5	3.0	3	57.0	良	**	**		ベトルス																																																									
2021104751	2024-03-03	2小倉8		5.0	3歳未勝利								浜中俊		芝2000				2:05.1	0.7		9-10-3-2	37.4-35.7	36.2	518(-2)				140.0	晴		12.0	6.0	7.0	1.8	1.0	3	57.0	稍	**	**		ホウオウリムジン																																																									
2021104751	2024-04-28	1新潟2		5.0	3歳未勝利								今村聖奈		芝2400				2:30.4	0.2		12-10-3-2	34.5-35.8	35.8	522(+4)				55.0	晴		15.0	2.0	2.0	3.5	3.0	5	54.0	良	**	**		ハイラント																																																									
2021104751	2024-05-19	1新潟8		5.0	3歳未勝利								小崎綾也		芝2200				2:16.8	0.0		9-8-7-5	36.5-37.2	36.8	518(-4)				550.0	晴		16.0	8.0	16.0	5.4	2.0	1	57.0	良	**	**		(パンジャ)																																																									
2021104751	2024-07-21	2福島8		12.0	3歳以上1勝クラス								戸崎圭太		芝2600				2:41.1	-0.1		5-5-3-2	37.1-36.3	36.0	518(0)				800.0	晴		12.0	8.0	12.0	5.4	2.0	1	55.0	良	**	**		(マグマオーシャン)																																																									
2021104751	2024-08-18	3新潟4		10.0	阿賀野川特別(2勝クラス)								津村明秀		芝2200				2:14.7	2.8		3-3-5-6	35.4-35.3	37.2	514(-4)					晴		13.0	7.0	12.0	19.6	5.0	9	55.0	良	**	**		ピースワンデュック																																																									
2021104751	2024-11-02	3福島1		10.0	三陸特別(2勝クラス)								西塚洸二		芝2600				2:51.9	5.9		3-2-5-16	39.2-37.9	43.4	520(+6)					雨		16.0	8.0	16.0	16.7	8.0	16	54.0	重	**	**		ヴェルミセル																																																									
2021104751	2024-12-22	5中山8		9.0	グッドラックH(2勝クラス)								戸崎圭太		芝2500				2:35.0	2.8		14-14-13-12	30.6-36.4	37.7	528(+8)					晴		16.0	7.0	14.0	124.6	16.0	12	54.0	良	**	**		スティンガーグラス																																																									
2021104751	2025-02-22	1小倉9		10.0	皿倉山特別(2勝クラス)								小崎綾也		芝2600				2:41.1	2.2		12-11-10-11	36.3-35.2	36.7	522(-6)					晴		13.0	6.0	9.0	73.5	13.0	11	57.0	良	**	**		ヴォランテ																																																									
2021104751	2025-05-10	1新潟3		1.0	障害4歳以上未勝利								森一馬		障2890				3:17.2	5.8		13-12-12-12	105.1-0.0	13.6	526(+4)					曇		14.0	6.0	10.0	21.1	5.0	9	59.0	稍				コスモチプリア																																																									
2021104751	2025-05-24	1新潟7		4.0	障害4歳以上未勝利								森一馬		障2890								105.1-0.0		528(+2)					曇		13.0	2.0	2.0	32.2	8.0	中	59.0	良				サクセスバラード																																																									
2021104751	2025-09-28	4阪神9		9.0	兵庫特別(2勝クラス)								川又賢治		芝2400				2:27.4	1.6		5-6-6-6	38.3-33.7	34.7	530(+2)					曇		12.0	2.0	2.0	214.4	11.0	10	54.0	良	**	**		ダノンシーマ																																																									
2021104751	2025-12-07	5阪神2		8.0	3歳以上2勝クラス								小崎綾也		芝1800				1:47.8	2.7		3-2	36.3-33.8	36.4	530(0)					晴		8.0	1.0	1.0	135.3	7.0	8	58.0	良	**	**		ジーティームソウ																																																									
2021104752	2023-07-30	1札幌4		5.0	2歳新馬								菅原明良		芝1800				1:53.2	1.6		8-9-11-11	37.9-34.5	35.3	502(0)																																															曇		12.0	6.0	8.0	25.6	8.0	8	55.0	良	**	**		パワーホール															
2021104752	2024-03-02	1阪神3		4.0	3歳未勝利								西村淳也		芝1800				1:48.0	0.0		1-1	35.8-35.8	35.8	510(+8)				550.0																																											曇		18.0	3.0	5.0	47.6	8.0	1	57.0	稍	**	**		(エボルヴィング)															
2021104752	2024-05-18	3京都9		9.0	メルボルンT(1勝クラス)								松山弘平		芝1600				1:34.1	1.2		8-9	35.3-34.1	34.4	510(0)																																															晴		13.0	6.0	9.0	49.7	11.0	10	57.0	良	**	**		スマートワイス															
2021104752	2024-06-08	4京都3		9.0	一乗寺特別(1勝クラス)								西村淳也		芝2000				1:59.9	0.4		1-1-1-1	36.1-34.5	34.9	512(+2)				111.0																																											曇		9.0	4.0	4.0	12.0	4.0	5	55.0	良	**	**		メルトユアハート															
2021104752	2024-09-01	2中京8		7.0	3歳以上1勝クラス								水口優也		ダ1800				1:52.8	1.5		1-1-1-1	37.8-36.6	38.1	508(-4)																																															曇		11.0	6.0	7.0	2.9	2.0	9	55.0	不	**	**		キュピドン															
2021104752	2024-09-22	3中京7		7.0	3歳以上1勝クラス								水口優也		ダ1400				1:26.2	1.6		10-10	35.3-37.2	37.8	510(+2)																																															雨		12.0	3.0	3.0	17.8	5.0	6	56.0	良	**	**		レッドダンルース															
2021104752	2024-11-30	4中京1		6.0	3歳以上1勝クラス								ドイル		ダ1400				1:27.0	2.4		7-7	35.1-37.4	39.0	522(+12)																																															晴		16.0	8.0	15.0	30.8	8.0	13	57.0	良	**	**		アンシール															
2021104752	2025-03-30	2中京6		6.0	4歳以上1勝クラス								小沢大仁		芝2200				2:16.4	1.1		2-2-2-2	36.1-34.8	35.8	510(-12)																																															晴		11.0	5.0	6.0	57.0	8.0	7	57.0	良	**	**		インビジブルセルフ															
2021104752	2025-04-20	1福島4		7.0	4歳以上1勝クラス								荻野極		芝1800				1:49.4	2.6		8-8-8-13	35.5-35.7	37.5	512(+2)																																															曇		16.0	6.0	11.0	67.5	12.0	15	58.0	良	**	**		アラタマフェーヴル															
2021104752	2025-07-19	1函館11		9.0	湯浜特別(1勝クラス)								鮫島克駿		芝1800				1:47.9	1.5		8-7-7-7	35.8-34.1	35.1	514(+2)																																															晴		14.0	6.0	10.0	116.8	12.0	7	58.0	良	**	**		サクラファレル															
2021104752	2025-08-10	1札幌6		9.0	3歳以上1勝クラス								鷲頭虎太		芝2000				2:04.0	3.0		3-3-4-7	36.2-34.9	37.7	524(+10)																																															曇		9.0	2.0	2.0	119.3	8.0	9	56.0	良	**	**		ミラージュナイト															
2021104752	2025-12-14	5中京4		8.0	3歳以上1勝クラス								小沢大仁		ダ1400				1:27.5	2.4		10-11	35.2-37.6	39.0	516(-8)																																															晴		16.0	2.0	4.0	58.5	12.0	15	58.0	稍	**	**		キョウエイカンセ															
2021104754	2023-09-02	2札幌7		5.0	2歳新馬								松岡正海		芝1500				1:32.9	0.9		7-7-7	31.1-36.1	36.3	514(0)				180.0	晴		13.0	8.0	13.0	8.7	4.0	3	55.0	稍	**	**		スプリングノヴァ																																																									
2021104754	2023-09-24	4中山7		1.0	2歳未勝利								松岡正海		ダ1800				1:57.5	-0.1		6-6-4-3	38.7-39.5	39.2	508(-6)				550.0	晴		10.0	5.0	5.0	2.4	1.0	1	55.0	重	**	**		(ローゼンナイツ)																																																									
2021104754	2023-10-14	4東京4		9.0	プラタナス賞(1勝クラス)								松岡正海		ダ1600				1:38.6	1.3		14-14	35.1-37.5	37.5	510(+2)				107.0	晴		14.0	5.0	7.0	190.9	14.0	5	55.0	良	**	**		イーグルノワール																																																									
2021104754	2023-12-10	5中山4		7.0	2歳1勝クラス								石川裕紀		ダ1800				1:54.6	2.1		11-12-11-11	37.1-37.9	38.9	512(+2)					晴		16.0	3.0	6.0	27.2	8.0	6	55.0	良	**	**		ミッキーファイト																																																									
2021104754	2024-02-11	1東京6		7.0	3歳1勝クラス								松岡正海		ダ1600				1:39.4	1.9		10-10	34.8-37.7	38.3	516(+4)					晴		15.0	7.0	13.0	28.0	9.0	11	55.0	稍	**	**		ラタフォレスト																																																									
2021104754	2024-05-25	2東京11		6.0	3歳1勝クラス								松岡正海		ダ1600				1:37.8	1.2		12-11	34.8-36.8	37.0	518(+2)					晴		13.0	7.0	11.0	27.6	8.0	6	55.0	良	**	**		トウカイポワール																																																									
2021104754	2024-06-16	3東京6		8.0	3歳以上1勝クラス								菅原明良		ダ1600				1:38.3	1.8		7-4	35.5-36.7	37.8	520(+2)				80.0	晴		13.0	7.0	11.0	24.8	4.0	5	53.0	良	**	**		アピーリングルック																																																									
2021104754	2024-09-14	4中山3		8.0	3歳以上1勝クラス								松岡正海		ダ1800				1:55.9	2.3		10-9-9-9	37.4-38.2	39.6	510(-10)					晴		15.0	7.0	12.0	11.9	6.0	12	53.0	良	**	**		シグムンド																																																									
2021104754	2024-10-06	4東京2		7.0	3歳以上1勝クラス								松岡正海		ダ1600				1:38.1	3.0		3-3	34.0-37.3	40.0	512(+2)					曇		16.0	6.0	12.0	254.2	15.0	15	54.0	重	**	**		サトノアインス																																																									
2021104754	2024-12-01	5中山2		7.0	3歳以上1勝クラス								松岡正海		ダ1800				1:53.8	0.7		5-5-5-5	37.1-37.7	38.0	512(0)				120.0	晴		12.0	6.0	8.0	26.2	9.0	4	54.0	良	**	**		サツキノジョウ																																																									
2021104754	2024-12-22	5中山8		7.0	3歳以上1勝クラス								丸田恭介		ダ1800				1:56.5	1.4		13-13-9-6	37.7-39.7	40.2	516(+4)				120.0	晴		16.0	5.0	9.0	99.2	10.0	4	55.0	良	**	**		ドバイブルース																																																									
2021104754	2025-02-22	1東京7		12.0	4歳以上1勝クラス								松岡正海		ダ1600				1:38.6	0.4		7-7	35.6-37.7	37.5	514(-2)				320.0	晴		16.0	8.0	16.0	16.3	5.0	2	56.0	良	**	**		ホウオウフェイント																																																									
2021104754	2025-03-22	2中山7		7.0	4歳以上1勝クラス								遠藤汰月		ダ1800				1:55.3	0.9		8-8-9-7	37.0-38.6	38.9	512(-2)					晴		16.0	1.0	2.0	9.6	5.0	7	53.0	稍	**	**		イデアユウシン																																																									
2021104754	2025-03-29	3中山1		7.0	4歳以上1勝クラス								遠藤汰月		ダ1800				1:55.3	0.2		10-9-4-3	38.0-40.0	39.7	512(0)				200.0	雨		11.0	5.0	5.0	6.9	3.0	3	53.0	稍	**	**		エーリアル																																																									
2021104754	2025-05-17	2東京7		12.0	4歳以上1勝クラス								松岡正海		ダ1600				1:37.5	1.2		11-10	34.4-37.1	37.5	510(-2)					曇		14.0	4.0	5.0	6.1	3.0	9	56.0	不	**	**		プチボヌール																																																									
2021104754	2025-06-07	3東京1		8.0	3歳以上1勝クラス								遠藤汰月		ダ1600				1:38.5	1.6		9-9	34.9-36.9	37.5	518(+8)					晴		16.0	7.0	14.0	17.5	5.0	13	53.0	良	**	**		バランスダンサー																																																									
2021104754	2025-08-23	2札幌1		8.0	3歳以上1勝クラス								松岡正海		ダ2400				2:39.4	4.8		3-3-8-8	39.1-38.3	41.9	510(-8)					晴		9.0	6.0	6.0	40.7	8.0	9	56.0	稍	**	**		ビッグベルーガ																																																									
2021104754	2025-11-16	3福島4		2.0	3歳以上1勝クラス								丸田恭介		ダ1700				1:47.3	1.1		13-12-9-8	29.4-38.9	39.0	514(+4)					晴		15.0	5.0	8.0	91.8	13.0	6	56.0	良	**	**		シェリルファミーユ																																																									
2021104754	2025-12-13	5中京3		6.0	3歳以上1勝クラス								丸田恭介		ダ1800				1:54.1	0.3		16-16-14-14	37.3-37.5	36.3	510(-4)				120.0	曇		16.0	7.0	14.0	29.8	8.0	4	56.0	良	**	**		カロローザ																																																									
2021104762	2023-11-25	5東京7		5.0	2歳新馬								ビュイッ		芝1600				1:35.1	0.2		5-5	35.9-34.1	33.9	474(0)				180.0	曇		18.0	6.0	12.0	15.9	5.0	3	56.0	良	**	**		ゼーゼマン																																																									
2021104762	2024-02-18	1東京8		1.0	3歳未勝利								ルメール		ダ1400				1:26.1	0.0		3-3	35.8-38.0	37.6	466(-8)				220.0	晴		16.0	6.0	11.0	2.2	1.0	2	57.0	良	**	**		ローリーグローリー																																																									
2021104762	2024-08-04	2新潟4		4.0	3歳未勝利								ルメール		ダ1800				1:54.4	0.1		1-1-2-2	37.4-37.9	38.0	472(+6)				220.0	晴		15.0	3.0	4.0	2.2	1.0	2	57.0	良	**	**		アンドゥーラ																																																									
2021104762	2024-09-01	3新潟8		3.0	3歳未勝利								ルメール		ダ1800				1:53.2	-1.4		1-1-1-1	36.1-38.9	38.9	468(-4)				550.0	晴		15.0	8.0	14.0	1.4	1.0	1	57.0	良	**	**		(ポップスター)																																																									
2021104762	2024-12-22	5中山8		7.0	3歳以上1勝クラス								ルメール		ダ1800				1:57.4	2.3		2-2-1-2	37.7-39.7	42.0	456(-12)					晴		16.0	3.0	6.0	4.3	3.0	9	57.0	良	**	**		ドバイブルース																																																									
2021104762	2025-05-17	2東京7		8.0	4歳以上1勝クラス								ルメール		ダ1600				1:35.7	-1.1		2-1	36.1-35.9	35.9	462(+6)				800.0	雨		13.0	8.0	13.0	1.9	1.0	1	58.0	不	**	**		(ソニックライン)																																																									
2021104762	2025-11-30	5東京8		10.0	アプローズ賞(2勝クラス)								ルメール		ダ1400				1:26.0	1.9		4-6	35.3-36.7	37.9	458(-4)					晴		16.0	8.0	16.0	2.0	1.0	10	58.0	良	**	**		シャパリュ																																																									
2021104770	2023-06-11	1函館2		5.0	2歳新馬								吉田隼人		芝1200				1:10.8	0.6		2-2	34.6-35.6	36.1	512(0)				72.0																													曇		11.0	7.0	8.0	14.2	6.0	5	55.0	良	**	**		ロータスワンド																													
2021104770	2023-07-16	2函館6		1.0	2歳未勝利								吉田隼人		芝1200				1:12.5	0.3		3-4	35.9-36.3	36.3	512(0)				140.0																													曇		16.0	3.0	6.0	12.9	7.0	3	55.0	稍	**	**		ピコサン																													
2021104770	2023-08-06	1札幌6		1.0	2歳未勝利								吉田隼人		芝1500				1:34.1	1.0		2-2-2	29.6-38.6	39.5	516(+4)				55.0																													雨		14.0	5.0	7.0	6.4	3.0	5	55.0	重	**	**		レーヴジーニアル																													
2021104770	2023-08-19	2札幌3		2.0	2歳未勝利								吉田隼人		ダ1700				1:48.3	0.0		1-1-1-1	30.4-38.8	38.8	518(+2)				550.0																													晴		14.0	3.0	4.0	7.2	4.0	1	55.0	良	**	**		(アンジュグルーヴ)																													
2021104770	2023-10-14	4東京4		9.0	プラタナス賞(1勝クラス)								戸崎圭太		ダ1600				1:39.2	1.9		2-2	35.1-37.5	39.2	526(+8)																																	晴		14.0	7.0	11.0	57.6	9.0	10	56.0	良	**	**		イーグルノワール																													
2021104770	2023-11-03	門別		11.0	JBC2歳優駿(JpnIII)								吉田隼人		ダ1800				2:00.0	5.7		1-1-1-4		45.0	528(+2)																																	晴		12.0	6.0	7.0	27.9	6.0	8	55.0	稍	**	**		フォーエバーヤング																													
2021104770	2024-02-25	2小倉6		9.0	ネモフィラ賞(1勝クラス)								秋山真一		ダ1700				1:45.9	1.0		6-6-4-4	28.6-38.4	39.0	528(0)																																	晴		12.0	5.0	5.0	18.1	8.0	8	57.0	稍	**	**		エートラックス																													
2021104770	2024-03-10	1阪神6		6.0	3歳1勝クラス								鮫島克駿		ダ1400				1:26.0	1.2		10-10	35.2-37.4	37.2	526(-2)																																	晴		14.0	1.0	1.0	85.3	10.0	6	57.0	良	**	**		ロードフォアエース																													
2021104770	2024-03-24	2阪神2		6.0	3歳1勝クラス								菱田裕二		ダ1200				1:12.1	1.6		8-7	34.6-35.9	36.7	520(-6)																																	雨		12.0	5.0	6.0	9.1	4.0	10	57.0	不	**	**		ミライテーラー																													
2021104770	2024-04-07	3中山6		7.0	3歳1勝クラス								田辺裕信		芝1200				1:10.3	0.6		7-8	34.6-35.1	35.0	512(-8)				78.0																													晴		13.0	2.0	2.0	13.6	6.0	5	57.0	重	**	**		タイセイフェスタ																													
2021104770	2024-06-16	4京都6		8.0	3歳以上1勝クラス								荻野極		芝1400				1:22.1	0.8		10-9	35.3-34.1	34.3	512(0)																																	晴		15.0	6.0	10.0	126.3	11.0	11	55.0	良	**	**		リチャードバローズ																													
2021104770	2024-06-29	3小倉1		8.0	3歳以上1勝クラス								中井裕二		芝1800				1:50.7	2.8		5-5-7-8	35.1-37.0	39.0	506(-6)																																	曇		12.0	5.0	5.0	142.5	10.0	10	55.0	良	**	**		カズミクラーシュ																													
2021104770	2024-09-07	4中山1		8.0	3歳以上1勝クラス								菅原明良		ダ1800				1:55.2	2.6		6-6-6-7	36.7-38.1	40.3	526(+20)																																	晴		15.0	3.0	5.0	56.4	9.0	14	55.0	良	**	**		ウンガイソウテン																													
2021104770	2024-10-06	4東京2		7.0	3歳以上1勝クラス								北村宏司		ダ1600				1:36.6	1.5		9-10	34.0-37.3	37.9	520(-6)																																	曇		16.0	1.0	1.0	254.2	15.0	10	56.0	重	**	**		サトノアインス																													
2021104770	2025-02-01	1小倉3		4.0	障害4歳以上未勝利								石神深一		障2860				3:14.2	4.2		5-5-5-5	106.0-0.0	13.6	532(+12)				84.0																													小雨		12.0	6.0	7.0	80.5	7.0	5	59.0	良				ラエール																													
2021104770	2025-02-23	1小倉10		4.0	障害4歳以上未勝利								石神深一		障2860				3:14.3	1.1		1-1-1-1	108.0-0.0	13.6	530(-2)																																	曇		12.0	7.0	10.0	9.6	4.0	6	59.0	良				サンデーヒーロー																													
2021104770	2025-05-24	1新潟7		4.0	障害4歳以上未勝利								石神深一		障2890				3:18.2	5.7		2-2-5-6	105.1-0.0	13.7	540(+10)																																	曇		13.0	7.0	10.0	12.2	4.0	9	59.0	良				サクセスバラード																													
2021104770	2025-09-14	4中山4		1.0	障害3歳以上未勝利								石神深一		障2880				3:19.1	0.6		1-1-1-1	110.1-0.0	13.8	542(+2)				130.0																													曇		9.0	7.0	7.0	9.5	4.0	4	60.0	良				フェーングロッテン																													
2021104770	2025-10-12	3京都4		4.0	障害3歳以上未勝利								石神深一		障2910				3:19.3	1.2		1-1-1-2	105.1-0.0	13.7	538(-4)				340.0																													曇		12.0	5.0	5.0	4.6	2.0	2	60.0	良				ヴィアルークス																													
2021104770	2026-01-17	1中山6		4.0	障害4歳以上未勝利								石神深一		障2880				3:17.9	3.0		1-2-3-3	106.1-0.0	13.7	538(0)																																	晴		12.0	8.0	11.0	4.5	2.0	8	60.0	良				コレクテイニア																													
2021104780	2024-04-21	3京都2		4.0	3歳未勝利								北村友一		芝1600				1:35.3	1.9		15-15	33.8-35.7	34.8	506(0)																																															小雨		18.0	7.0	13.0	19.7	8.0	12	55.0	良	**	**		ブラックサンライズ															
2021104780	2024-05-05	2東京6		3.0	3歳未勝利								北村友一		芝2300				2:24.0	1.7		4-6-7-7	31.9-34.5	35.2	494(-12)																																															晴		14.0	6.0	10.0	40.0	9.0	8	55.0	良	**	**		モルトマエストーソ															
2021104780	2024-06-08	4京都3		6.0	3歳未勝利								藤懸貴志		芝2400				2:26.9	2.4		16-17-12-14	34.2-34.7	35.5	492(-2)																																															晴		18.0	8.0	18.0	201.7	16.0	14	55.0	良	**	**		シャイニングソード															
2021104780	2024-06-30	1函館8		2.0	3歳未勝利								佐々木大		ダ1700				1:47.2	-0.1		11-10-1-1	29.0-39.5	39.5	488(-4)				550.0																																											晴		14.0	7.0	12.0	15.6	7.0	1	55.0	良	**	**		(ブーケドグレイス)															
2021104780	2024-08-17	2札幌3		12.0	3歳以上1勝クラス								佐々木大		ダ1700				1:48.0	1.2		8-7-3-3	31.1-37.3	38.3	490(+2)				120.0																																											曇		9.0	4.0	4.0	7.5	3.0	4	53.0	良	**	**		クラヴィコード															
2021104780	2024-12-21	7京都7		7.0	3歳以上1勝クラス								古川奈穂		ダ1800				1:54.5	0.9		10-11-7-5	36.9-38.5	38.4	494(+4)																																															曇		15.0	8.0	14.0	48.5	10.0	6	52.0	良	**	**		コーラルハート															
2021104780	2025-04-12	2阪神5		7.0	4歳以上1勝クラス								坂井瑠星		ダ1800				1:56.4	0.4		1-1-1-1	39.0-38.2	38.6	490(-4)				80.0																																											晴		9.0	1.0	1.0	4.7	3.0	5	56.0	良	**	**		ハリウッドパーク															
2021104780	2025-10-25	4新潟3		8.0	3歳以上1勝クラス								古川奈穂		ダ1800				1:55.8	3.1		2-2-6-8	36.3-38.0	40.6	522(+32)																																															晴		14.0	5.0	8.0	29.1	8.0	13	53.0	良	**	**		サンカルミア															
2021104780	2025-11-15	3福島3		6.0	3歳以上1勝クラス								古川奈穂		ダ2400				2:36.4	1.8		1-1-2-3	38.8-40.0	41.6	510(-12)																																															晴		16.0	4.0	7.0	76.3	15.0	8	53.0	良	**	**		オオタチ															
2021104832	2023-06-10	3阪神3		5.0	2歳新馬								松山弘平		芝1600				1:39.1	2.5		10-10	37.0-34.0	35.1	486(0)																																	曇		10.0	4.0	4.0	6.2	3.0	9	55.0	良	**	**		ヒヒーン																													
2021104832	2023-06-24	3阪神7		1.0	2歳未勝利								岩田望来		芝1600				1:35.8	0.7		2-2	34.9-37.2	37.4	480(-6)				220.0																													曇		9.0	8.0	8.0	38.2	6.0	2	55.0	良	**	**		フェンダー																													
2021104832	2023-08-20	3小倉4		2.0	2歳未勝利								団野大成		芝1800				1:51.0	-0.1		5-4-4-4	35.7-37.0	36.8	478(-2)				550.0																													晴		5.0	5.0	5.0	3.7	2.0	1	55.0	良	**	**		(ナムラエデン)																													
2021104832	2023-09-23	4阪神6		8.0	野路菊S(OP)								坂井瑠星		芝1800				1:46.9	0.9		2-2	35.5-35.2	36.1	478(0)																																	晴		7.0	6.0	6.0	34.6	7.0	6	55.0	良	**	**		ヴェロキラプトル																													
2021104832	2023-10-14	2京都4		8.0	紫菊賞(1勝クラス)								団野大成		芝1800				1:48.0	0.8		2-2	37.0-34.0	34.7	478(0)				107.0																													曇		5.0	2.0	2.0	10.7	4.0	5	56.0	良	**	**		ジュンゴールド																													
2021104832	2023-11-03	門別		11.0	JBC2歳優駿(JpnIII)								團野大成		ダ1800				2:01.1	6.8		5-8-8-9		44.8	486(+8)																																	晴		12.0	5.0	6.0	29.7	7.0	11	55.0	稍	**	**		フォーエバーヤング																													
2021104832	2024-02-03	2京都3		6.0	3歳1勝クラス								団野大成		ダ1800				1:55.6	2.9		6-6-7-8	37.6-37.9	39.8	476(-10)																																	晴		9.0	7.0	7.0	80.1	9.0	8	57.0	良	**	**		マルチャレアル																													
2021104832	2024-02-17	2京都7		6.0	3歳1勝クラス								ルメート		芝1400				1:22.4	0.8		4-5	35.4-34.4	34.9	478(+2)																																	晴		10.0	8.0	11.0	58.9	9.0	9	57.0	良	**	**		ナムラアトム																													
2021104832	2024-03-10	1阪神6		5.0	3歳1勝クラス								和田竜二		芝1600				1:34.0	0.6		8-7	35.4-34.2	34.1	480(+2)																																	晴		11.0	8.0	11.0	208.7	10.0	10	57.0	良	**	**		ディスペランツァ																													
2021104832	2024-08-18	2中京4		8.0	3歳以上1勝クラス								杉原誠人		ダ1400				1:25.9	2.1		1-1	34.1-37.9	40.0	490(+10)																																	晴		16.0	3.0	5.0	155.2	12.0	10	55.0	良	**	**		ヘルモーズ																													
2021104832	2024-09-16	3中京5		6.0	3歳以上1勝クラス								高杉吏麒		ダ1400				1:24.8	0.9		7-7	34.8-37.3	37.4	484(-6)																																	晴		15.0	2.0	2.0	15.5	8.0	7	53.0	稍	**	**		ライズンシャイン																													
2021104832	2024-10-05	4新潟1		10.0	聖籠特別(1勝クラス)								杉原誠人		芝1600				1:34.7	0.6		5-5	36.0-34.0	34.2	484(0)																																	晴		18.0	8.0	16.0	36.0	10.0	9	56.0	良	**	**		エコロマーズ																													
2021104832	2024-12-14	4中京5		6.0	3歳以上1勝クラス								杉原誠人		ダ1400				1:25.2	1.1		10-10	33.8-38.1	37.6	494(+10)																																	晴		16.0	8.0	16.0	15.0	7.0	9	57.0	良	**	**		ミッドナイトラスタ																													
2021104832	2025-03-15	1阪神5		7.0	4歳以上1勝クラス								幸英明		ダ1400				1:27.7	2.4		14-15	34.8-38.3	39.3	504(+10)																																	小雨		16.0	7.0	14.0	66.2	12.0	14	58.0	良	**	**		リネアグローリア																													
2021104832	2025-03-30	2中京6		6.0	4歳以上1勝クラス								角田大和		芝2200				2:16.0	0.7		4-5-5-5	36.1-34.8	35.1	502(-2)																																	晴		11.0	1.0	1.0	74.7	9.0	6	57.0	良	**	**		インビジブルセルフ																													
2021104832	2025-05-25	1新潟8		9.0	二王子特別(1勝クラス)								菊沢一樹		芝1800				1:51.3	1.3		3-3	36.9-35.5	36.5	500(-2)																																	曇		15.0	8.0	16.0	10.4	5.0	12	58.0	稍	**	**		ルトゥール																													
2021104832	2025-06-07	3阪神1		7.0	3歳以上1勝クラス								角田大和		芝2200				2:14.0	1.3		3-4-4-4	36.1-34.7	35.8	494(-6)																																	曇		10.0	4.0	4.0	117.0	9.0	8	58.0	良	**	**		ヴァリディシームス																													
2021104832	2025-08-02	1札幌3		7.0	3歳以上1勝クラス								森田誠也		芝1800				1:47.4	0.8		3-3-3-4	36.1-34.9	35.4	492(-2)				80.0																													晴		10.0	5.0	5.0	77.6	8.0	5	55.0	良	**	**		ハートメテオ																													
2021104832	2025-08-09	1札幌5		9.0	3歳以上1勝クラス								森田誠也		芝1800				1:49.3	1.4		5-5-3-4	36.1-35.3	36.2	492(0)				80.0																													晴		10.0	5.0	5.0	55.8	5.0	5	55.0	稍	**	**		キングスコール																													
2021104832	2025-08-31	2札幌4		7.0	3歳以上1勝クラス								森田誠也		芝1800				1:49.7	0.3		4-4-4-3	35.5-37.2	36.9	500(+8)																																	曇		13.0	7.0	10.0	53.0	8.0	6	55.0	稍	**	**		マイネルフーガ																													
2021104832	2025-12-20	5中京5		8.0	ヤングJSFR中京1(1勝クラス)								古川奈穂		芝2000				2:00.1	-0.1		1-2-1-1	36.2-35.9	35.9	510(+10)				1148.5																													小雨		16.0	8.0	15.0	9.1	6.0	1	58.0	稍	**	**		(タマモランプ)																													
2021104832	2026-01-05	1京都2		9.0	逢坂山特別(2勝クラス)								古川奈穂		芝1800				1:47.8	1.0		1-1	35.3-36.0	37.0	508(-2)																																	晴		11.0	8.0	10.0	64.2	10.0	8	58.0	良	**	**		チェルノボーグ																													
2021104832	2026-01-17	1京都6		12.0	4歳以上2勝クラス								古川奈穂		芝1600				1:33.7	0.2		1-1	35.2-34.5	34.7	504(-4)				480.0																													晴		18.0	8.0	17.0	37.0	11.0	2	55.0	良				カズミクラーシュ																													
2021104839	2023-12-23	5阪神7		6.0	2歳新馬								松山弘平		芝1400				1:21.6	0.6		9-8	34.8-34.8	34.3	426(0)				110.0																																											晴		17.0	7.0	13.0	8.3	3.0	4	55.0	良	**	**		マーシーラン															
2021104839	2024-01-13	1京都4		5.0	3歳未勝利								松山弘平		芝1600				1:36.8	2.1		9-14	34.0-36.3	37.6	426(0)																																															曇		18.0	8.0	18.0	7.0	5.0	13	55.0	良	**	**		ソルトクィーン															
2021104839	2024-04-13	1福島3		5.0	3歳未勝利								西塚洸二		芝1200				1:09.3	0.3		3-3	33.8-35.2	35.3	432(+6)				83.0																																											晴		16.0	7.0	14.0	6.6	3.0	4	53.0	良	**	**		カリーシ															
2021104839	2024-05-11	1新潟5		3.0	3歳未勝利								西塚洸二		芝1400				1:22.8	0.3		2-2	34.3-36.4	36.5	434(+2)				220.0																																											晴		16.0	3.0	6.0	7.3	4.0	2	53.0	良	**	**		ヤブサメ															
2021104839	2024-06-08	1函館1		1.0	3歳未勝利								丹内祐次		芝1200				1:08.4	0.5		2-2	33.7-34.2	34.5	430(-4)				220.0																																											晴		16.0	1.0	2.0	3.4	2.0	2	55.0	良	**	**		ナムラローズマリー															
2021104839	2024-06-23	1函館6		1.0	3歳未勝利								丹内祐次		芝1200				1:08.9	-0.4		1-1	33.8-35.1	35.1	436(+6)				550.0																																											曇		16.0	1.0	2.0	1.7	1.0	1	55.0	良	**	**		(ラーリア)															
2021104839	2024-08-10	2札幌1		12.0	3歳以上1勝クラス								丹内祐次		芝1200				1:09.6	1.0		3-2	32.8-35.8	36.3	440(+4)																																															晴		16.0	4.0	7.0	3.2	1.0	12	54.0	良	**	**		ジョーメッドヴィン															
2021104839	2024-09-01	2札幌8		6.0	3歳以上1勝クラス								丹内祐次		芝1200				1:10.8	0.9		7-10	34.0-35.9	36.2	442(+2)																																															晴		16.0	8.0	16.0	3.9	1.0	11	54.0	稍	**	**		レザンノワール															
2021104839	2024-11-09	3福島3		12.0	3歳以上1勝クラス								西塚洸二		芝1200				1:12.7	2.9		6-6	34.4-35.4	37.8	426(-16)																																															晴		16.0	4.0	7.0	22.8	9.0	15	54.0	良	**	**		レオテミス															
2021104839	2025-02-02	1小倉4		3.0	4歳以上1勝クラス								丹内祐次		ダ1000				0:57.5	0.3		7-7	33.1-35.2	34.7	442(+16)				80.0																																											曇		14.0	6.0	10.0	26.5	9.0	5	56.0	不	**	**		ジェイエルバルカー															
2021104839	2025-02-22	1小倉9		3.0	4歳以上1勝クラス								丹内祐次		ダ1000								35.2-35.9		440(-2)																																															晴		13.0	8.0	14.0			除	56.0	良	**	**		パレフォーコン															
2021104839	2025-04-13	1福島2		8.0	4歳以上1勝クラス								丹内祐次		ダ1150				1:10.0	0.9		11-10	32.0-37.1	37.1	442(0)																																															小雨		16.0	6.0	12.0	7.8	4.0	7	56.0	良	**	**		ニシノクラウン															
2021104839	2025-05-24	1新潟7		12.0	4歳以上1勝クラス								丹内祐次		ダ1200				1:11.9	0.2		3-4	35.2-36.5	36.4	448(+6)				200.0																																											曇		14.0	7.0	12.0	26.0	9.0	3	56.0	良	**	**		ジーベック															
2021104839	2025-06-14	3阪神3		7.0	3歳以上1勝クラス								高杉吏麒		ダ1200				1:12.4	-0.1		4-4	35.3-37.1	36.7	446(-2)				800.0																																											小雨		16.0	1.0	2.0	16.7	6.0	1	55.0	重	**	**		(アーデルリーベ)															
2021104839	2025-08-23	3新潟1		9.0	岩室温泉特別(2勝クラス)								津村明秀		ダ1200				1:10.7	0.4		6-6	33.4-36.9	36.5	444(-2)				230.0																																											晴		15.0	5.0	8.0	43.2	9.0	4	56.0	良	**	**		サトノガレオン															
2021104839	2025-09-15	4阪神5		9.0	新涼特別(2勝クラス)								松山弘平		ダ1200				1:11.5	0.3		6-5	34.6-36.6	36.2	444(0)				628.0																																											晴		13.0	8.0	12.0	12.8	4.0	2	56.0	良	**	**		ヤマニンシュラ															
2021104839	2025-10-12	3京都4		9.0	円山特別(2勝クラス)								鮫島克駿		ダ1200				1:11.3	1.2		7-7	34.3-35.8	35.8	446(+2)																																															小雨		14.0	4.0	5.0	11.3	5.0	8	56.0	良	**	**		アメリカンビキニ															
2021104839	2026-01-05	1京都2		8.0	4歳以上2勝クラス								田山旺佑		ダ1200				1:12.9	0.4		8-7	35.8-36.7	36.4	450(+4)				119.0																																											晴		15.0	5.0	9.0	8.2	5.0	5	53.0	良	**	**		イリフィ															
2021104842	2023-07-08	2福島3	曇	5.0	2歳新馬		12.0	8.0	11.0	8.9	4.0	9	吉田豊	55.0	芝1800		良	**	1:54.1	2.8	**	5-5-5-7	37.3-35.6	37.8	480(0)			エコロヴァルツ																																																																								
2021104842	2023-08-26	3新潟5	晴	1.0	2歳未勝利		18.0	8.0	16.0	71.9	10.0	14	吉田豊	55.0	芝1600		良	**	1:36.3	2.0	**	7-6	35.1-34.9	36.2	484(+4)			セブンマイスター																																																																								
2021104842	2023-12-28	5中山9	曇	3.0	2歳未勝利		16.0	6.0	11.0	69.2	9.0	10	吉田豊	56.0	芝1600		良	**	1:36.8	1.2	**	12-11-12	34.8-36.2	36.2	494(+10)			ゴヴェルナーレリコ																																																																								
2021104842	2024-01-20	1中山6	曇	2.0	3歳未勝利		16.0	4.0	7.0	8.0	3.0	14	吉田豊	57.0	ダ1800		良	**	2:00.5	3.0	**	9-9-7-12	38.8-39.3	41.6	492(-2)			ロクシアス																																																																								
2021104842	2024-02-24	2中山1	晴	6.0	3歳未勝利		16.0	6.0	11.0	65.7	9.0	10	吉田豊	57.0	ダ1800		稍	**	1:58.3	3.8	**	15-14-15-15	37.4-39.2	40.8	486(-6)			トーセンレスター																																																																								
2021104842	2024-08-11	3新潟2	曇	1.0	障害3歳以上未勝利		11.0	7.0	8.0	53.1	8.0	10	草野太郎	58.0	障2850		良		3:12.6	7.4		10-10-10-10	103.0-0.0	13.5	472(-14)			ヴァトレニ																																																																								
2021104842	2024-10-06	4新潟2	晴	4.0	障害3歳以上未勝利		10.0	7.0	7.0	34.1	8.0	6	草野太郎	58.0	障2850		良		3:08.9	1.1		4-4-4-5	103.1-0.0	13.3	484(+12)			クリノサンシャイン																																																																								
2021104842	2024-10-27	4新潟8	晴	4.0	障害3歳以上未勝利		11.0	7.0	9.0	48.7	7.0	4	草野太郎	58.0	障2850		良		3:11.4	1.3		6-6-4-4	104.0-0.0	13.4	480(-4)			テクネチウム	120.0																																																																							
2021104842	2024-11-17	3福島6	晴	4.0	障害3歳以上未勝利		14.0	4.0	6.0	41.3	9.0	3	草野太郎	58.0	障2770		良		3:03.2	0.0		5-4-3-3	107.0-0.0	13.2	478(-2)			パープルアドミラル	200.0																																																																							
2021104842	2025-01-13	1中山5	晴	4.0	障害4歳以上未勝利		9.0	3.0	3.0	6.4	3.0	2	草野太郎	59.0	障2880		良		3:16.8	1.6		1-2-2-2	107.1-0.0	13.7	490(+12)			フォージドブリック	340.0																																																																							
2021104842	2025-03-09	2中山4	晴	4.0	障害4歳以上未勝利		11.0	6.0	7.0	7.5	3.0	4	草野太郎	59.0	障2880		稍		3:19.2	1.9		4-4-4-4	110.1-0.0	13.8	498(+8)			テンメジャーガール	130.0																																																																							
2021104842	2025-04-06	3中山4	曇	4.0	障害4歳以上未勝利		12.0	5.0	6.0	4.4	3.0	5	草野太郎	59.0	障2880		良		3:18.8	0.6		4-4-3-4	109.1-0.0	13.8	494(-4)			メイショウカズサ	84.0																																																																							
2021104842	2025-09-06	4中山1	晴	1.0	障害3歳以上未勝利		9.0	7.0	8.0	4.6	2.0	3	草野太郎	60.0	障2880		稍		3:17.1	0.4		3-3-2-2	107.0-0.0	13.7	492(-2)			ネロコルヴィーノ	210.0																																																																							
2021104846	2023-10-09	2京都3		5.0	2歳新馬								北村友一		芝2000				2:05.5	-0.3		1-1-1-1	38.1-34.4	34.4	518(0)				720.0															曇		10.0	3.0	3.0	3.5	2.0	1	56.0	重	**	**		(プレリュードシチー)																																											
2021104846	2023-11-25	3京都7		11.0	ラジオN杯京都2歳S(GIII)								北村友一		芝2000				2:00.4	0.6		2-2-2-2	35.0-35.9	36.3	516(-2)																			晴		14.0	1.0	1.0	10.2	6.0	7	56.0	良	**	**		シンエンペラー																																											
2021104846	2024-02-11	2小倉2		9.0	あすなろ賞(1勝クラス)								北村友一		芝2000				2:02.3	0.1		3-4-4-4	37.0-34.8	34.5	522(+6)				273.1															晴		10.0	3.0	3.0	4.1	2.0	3	57.0	良	**	**		サトノシュトラーセ																																											
2021104846	2024-03-24	1中京6		9.0	大寒桜賞(1勝クラス)								ムルザバ		芝2200				2:17.7	0.3		6-6-7-6	35.8-35.6	35.4	512(-10)				436.4															小雨		10.0	1.0	1.0	4.8	3.0	2	57.0	重	**	**		シュガークン																																											
2021104846	2024-06-23	1函館6		7.0	3歳以上1勝クラス								北村友一		芝2600				2:39.8	-0.6		3-3-2-1	36.9-38.0	36.8	514(+2)				800.0															曇		10.0	2.0	2.0	1.6	1.0	1	54.0	良	**	**		(ペリプルス)																																											
2021104846	2024-07-07	1函館10		10.0	横津岳特別(2勝クラス)								北村友一		芝2600				2:45.7	1.5		6-6-6-4	39.0-36.7	37.2	514(0)				230.0															曇		10.0	2.0	2.0	1.5	1.0	4	55.0	稍	**	**		シリアルノヴェル																																											
2021104846	2024-10-13	5京都4		7.0	3歳以上2勝クラス								北村友一		芝1800				1:45.3	-0.3		5-5	35.3-34.5	33.7	524(+10)				1140.0															晴		8.0	3.0	3.0	3.9	2.0	1	56.0	良	**	**		(リラボニート)																																											
2021104846	2024-12-01	7京都2		10.0	嵯峨野S(3勝クラス)								北村友一		芝1800				1:45.9	-0.1		3-3	35.5-33.6	33.4	526(+2)				1867.3															晴		13.0	2.0	2.0	5.4	3.0	1	56.0	良	**	**		(タガノエルピーダ)																																											
2021104846	2025-02-09	1東京4		11.0	東京新聞杯(GIII)								北村友一		芝1600				1:33.3	0.7		4-5	34.6-34.9	34.4	532(+6)																			晴		16.0	3.0	6.0	9.2	5.0	9	57.0	良	**	**		ウォーターリヒト																																											
2021104846	2025-03-09	1阪神4		11.0	大阪城S(L)								北村友一		芝1800				1:45.1	0.5		9-10	35.3-33.6	33.5	528(-4)				704.3															晴		14.0	6.0	9.0	3.8	2.0	3	57.0	良	**	**		デビットバローズ																																											
2021104846	2025-05-17	1新潟5		11.0	新潟大賞典(GIII)								北村友一		芝2000				2:01.2	0.7		3-4	36.4-34.6	34.9	524(-4)																			曇		16.0	4.0	7.0	7.5	4.0	6	56.0	稍	**	**		シリウスコルト																																											
2021104846	2025-09-13	4阪神3		11.0	チャレンジC(GIII)								モレイラ		芝2000				1:58.0	-0.1		11-9-10-9	36.0-35.7	34.5	524(0)				4352.5															曇		15.0	6.0	11.0	4.7	2.0	1	56.0	良	**	**		(グランヴィノス)																																											
2021104846	2025-12-06	5阪神1		11.0	鳴尾記念(GIII)								北村友一		芝1800				1:44.7	1.0		11-7	33.9-34.7	34.6	538(+14)																			晴		14.0	8.0	14.0	8.1	4.0	10	58.0	良	**	**		デビットバローズ																																											
2021104846	2026-01-18	1京都7		11.0	日経新春杯(GII)								西村淳也		芝2400				2:27.2	1.5		7-8-8-8	35.9-34.4	34.9	532(-6)																																																													晴		13.0	4.0	4.0	15.5	7.0	13	57.5	良	**	**		ゲルチュタール	202608010711
2021104856	2023-07-16	2福島6		5.0	2歳新馬								石橋脩		芝1800				1:52.6	1.1		2-2-2-2	38.5-35.2	36.3	500(0)				110.0															晴		13.0	8.0	12.0	24.7	8.0	4	55.0	良	**	**		コスモディナー																																											
2021104856	2023-12-02	5中山1		3.0	2歳未勝利								北村宏司		芝1600				1:34.4	0.9		2-5-5	35.1-34.7	35.2	502(+2)																			晴		15.0	8.0	15.0	75.5	9.0	10	55.0	良	**	**		エリカエスティーム																																											
2021104856	2024-01-21	1中山7		2.0	3歳未勝利								ピーヒュ		ダ1800				1:54.3	0.7		4-4-4-4	37.1-38.5	38.9	498(-4)				220.0															雨		15.0	6.0	11.0	6.7	5.0	2	55.0	不	**	**		カフェアローロ																																											
2021104856	2024-03-02	2中山3		4.0	3歳未勝利								戸崎圭太		ダ1800				1:55.9	0.2		1-1-1-1	37.8-39.5	39.7	492(-6)				220.0															曇		16.0	1.0	1.0	1.9	1.0	2	55.0	重	**	**		レシェルドランジュ																																											
2021104856	2024-05-11	2東京7		1.0	3歳未勝利								戸崎圭太		ダ1600				1:38.5	-0.5		4-4	36.0-36.6	36.3	498(+6)				550.0															晴		16.0	8.0	16.0	1.7	1.0	1	55.0	良	**	**		(ルルフィーユ)																																											
2021104856	2024-07-14	1函館12		7.0	3歳以上1勝クラス								横山武史		ダ1700				1:46.4	1.7		4-4-3-4	29.3-37.6	38.9	502(+4)																			晴		14.0	6.0	9.0	16.7	6.0	6	53.0	良	**	**		エリカサファイア																																											
2021104856	2024-09-08	4中山2		4.0	3歳以上1勝クラス								北村宏司		ダ1800				1:54.7	1.0		8-8-9-7	35.3-39.4	39.9	492(-10)																			晴		16.0	8.0	16.0	12.2	3.0	8	53.0	良	**	**		アムールドパリ																																											
2021104856	2024-10-06	4東京2		7.0	3歳以上1勝クラス								杉原誠人		ダ1600				1:35.9	0.8		8-8	34.0-37.3	37.4	500(+8)																			曇		16.0	6.0	11.0	45.4	9.0	8	54.0	重	**	**		サトノアインス																																											
2021104856	2024-12-14	4中京5		2.0	3歳以上1勝クラス								杉原誠人		ダ1800				1:53.7	0.8		3-5-5-6	37.4-38.2	38.1	498(-2)				120.0															晴		16.0	3.0	5.0	4.3	3.0	4	55.0	良	**	**		サイモンブーケ																																											
2021104856	2025-01-11	1中山3		6.0	4歳以上1勝クラス								杉原誠人		ダ1800				1:55.4	0.3		4-4-4-4	38.0-40.4	40.2	502(+4)				320.0															晴		13.0	3.0	3.0	9.3	5.0	2	55.0	稍	**	**		カフェアローロ																																											
2021104856	2025-03-01	2中山1		4.0	4歳以上1勝クラス								杉原誠人		ダ1800				1:55.2	0.0		1-1-1-1	38.1-38.0	38.0	510(+8)				320.0															晴		13.0	1.0	1.0	3.5	2.0	2	56.0	良	**	**		マフィン																																											
2021104856	2025-03-29	3中山1		7.0	4歳以上1勝クラス								杉原誠人		ダ1800				1:55.1	0.0		1-1-1-1	38.0-40.0	40.0	508(-2)				800.0															雨		11.0	7.0	9.0	1.7	1.0	1	56.0	稍	**	**		(ムーランブルー)																																											
2021104856	2025-05-25	2東京10		8.0	三峰山特別(2勝クラス)								ルメール		ダ1600				1:36.0	0.3		8-8	35.1-36.0	35.6	512(+4)				394.8															曇		16.0	1.0	1.0	2.6	1.0	3	56.0	不	**	**		エンセリオ																																											
2021104856	2025-06-15	3阪神4		8.0	逆瀬川特別(2勝クラス)								ルメール		ダ1800				1:52.6	0.9		6-6-4-4	36.3-38.0	38.4	508(-4)				155.0															曇		16.0	6.0	11.0	4.2	2.0	5	56.0	重	**	**		タクシンイメル																																											
2021104856	2026-01-18	1中山7		8.0	4歳以上2勝クラス								ルメール		ダ1800				1:55.0	1.4		2-2-2-2	36.8-38.9	40.2	522(+14)				119.0																																																									晴		16.0	6.0	11.0	5.3	2.0	5	56.0	良	**	**		レディーフランシス	202606010708
2021104861	2024-02-04	1東京4		5.0	3歳新馬								石川裕紀		芝1800				1:50.5	1.0		4-5-5	37.8-34.0	34.5	510(0)																																															曇		16.0	6.0	12.0	38.8	8.0	9	57.0	良	**	**		スーパーバイザー															
2021104861	2024-04-28	2東京4		5.0	3歳未勝利								北村宏司		芝2000				2:01.1	0.8		4-4-3	36.1-33.8	34.3	510(0)				220.0																																											晴		12.0	4.0	4.0	20.9	6.0	2	57.0	良	**	**		ピースワンデュック															
2021104861	2024-05-25	2東京11		5.0	3歳未勝利								北村宏司		芝2000				2:02.2	0.1		3-4-3	37.8-34.9	34.6	510(0)				180.0																																											曇		11.0	3.0	3.0	3.2	2.0	2	57.0	良	**	**		パーセルペーパー															
2021104861	2024-06-16	3東京6		6.0	3歳未勝利								北村宏司		芝1800				1:48.0	0.6		4-4-5	35.7-34.7	34.8	512(+2)																																															晴		16.0	3.0	5.0	3.0	2.0	9	57.0	良	**	**		ロードレイナード															
2021104861	2024-07-27	1札幌3		3.0	3歳未勝利								佐々木大		芝2000				2:03.0	0.9		3-5-4-8	36.3-35.8	36.4	510(-2)																																															曇		16.0	1.0	2.0	5.9	3.0	11	57.0	良	**	**		サルヴィアーノ															
2021104861	2024-08-24	2札幌5		7.0	3歳以上1勝クラス								横山和生		芝1800				1:49.9	1.6		12-12-11-11	36.0-35.9	36.7	506(-4)																																															晴		14.0	7.0	12.0	29.2	8.0	11	55.0	良	**	**		ウインアクトゥール															
2021104861	2025-02-02	1小倉4		4.0	障害4歳以上未勝利								上野翔		障2860				3:13.1	1.7		6-6-4-3	109.0-0.0	13.5	510(+4)				130.0																																											晴		12.0	6.0	7.0	15.2	7.0	4	59.0	重				コンテナワールド															
2021104861	2025-03-01	1小倉11		4.0	障害4歳以上未勝利								上野翔		障2860				3:15.5	-0.1		1-1-1-2	106.1-0.0	13.7	514(+4)				840.0																																											曇		12.0	6.0	8.0	3.7	2.0	1	59.0	良				(テイエムマジック)															
2021104861	2025-11-15	5東京3		8.0	秋陽ジャンプS(OP)								上野翔		障3110				3:27.9	1.6		3-3-2-2	103.1-0.0	13.4	518(+4)				175.0																																											晴		12.0	6.0	8.0	37.6	8.0	5	59.0	良				プラチナトレジャー															
2021104874	2024-02-11	1東京6		3.0	3歳未勝利								武藤雅		ダ1600				1:40.5	0.6		13-12	35.9-38.1	37.4	442(0)				83.0																																											晴		16.0	4.0	7.0	56.1	9.0	4	55.0	稍	**	**		ウエヲムイテゴラン															
2021104874	2024-04-06	3中山5		1.0	3歳未勝利								武藤雅		ダ1800				1:56.9	1.2		4-4-4-4	37.7-40.0	40.8	440(-2)																																															曇		14.0	3.0	4.0	2.6	2.0	8	55.0	稍	**	**		ショーヴァロンス															
2021104874	2024-04-28	2東京4		1.0	3歳未勝利								津村明秀		ダ1600				1:40.5	1.5		10-10	35.9-37.6	38.1	454(+14)																																															晴		16.0	3.0	6.0	7.7	4.0	8	55.0	良	**	**		アルドール															
2021104874	2024-05-19	2東京10		1.0	3歳未勝利								武藤雅		ダ1400				1:26.6	1.0		16-12	36.0-36.8	36.5	460(+6)																																															曇		16.0	1.0	1.0	26.4	7.0	6	55.0	良	**	**		エイシンホイップ															
2021104874	2024-06-16	3東京6		3.0	3歳未勝利								武藤雅		ダ1400				1:26.3	2.1		13-12	34.8-37.4	37.2	454(-6)																																															曇		16.0	3.0	6.0	54.2	7.0	9	55.0	良	**	**		オオタニサーン															
2021104874	2024-07-27	1札幌3		4.0	3歳未勝利								武藤雅		ダ1700				1:48.5	1.8		6-8-8-8	29.7-39.1	39.7	454(0)																																															曇		14.0	1.0	1.0	38.6	8.0	6	55.0	良	**	**		ダイタジャスティス															
2021104874	2024-08-24	2札幌5		4.0	3歳未勝利								大野拓弥		ダ1700				1:48.9	1.8		6-6-3-4	29.8-39.1	40.5	458(+4)																																															曇		14.0	4.0	6.0	68.4	8.0	6	55.0	良	**	**		アイウィル															
2021104874	2024-11-30	佐賀		6.0	C2ー21組								山田義貴		ダ1300				1:25.0	-0.5		2-2-2-1		38.8	457(-1)				40.0																																											晴		12.0	7.0	9.0	1.2	1.0	1	54.0	重	**	**		(グレナマディー)															
2021104874	2024-12-15	佐賀		8.0	KYUSHUDREA(C2)								山田義貴		ダ1400				1:30.6	-0.9		9-9-3-1		37.8	454(-3)				40.0																																											曇		10.0	7.0	7.0	1.3	1.0	1	54.0	良	**	**		(スペースソニック)															
2021104874	2025-06-07	3東京1		8.0	3歳以上1勝クラス								内田博幸		ダ1600				1:37.9	1.0		3-4	34.9-36.9	37.4	476(+22)																																															晴		16.0	5.0	10.0	41.3	8.0	11	56.0	良	**	**		バランスダンサー															
2021104874	2025-08-17	2新潟8		9.0	3歳以上1勝クラス								内田博幸		ダ1200				1:11.9	0.8		6-8	33.8-37.3	37.2	464(-12)				80.0																																											晴		15.0	4.0	7.0	42.9	7.0	5	56.0	良	**	**		マーズオデッセイ															
2021104874	2025-09-13	4中山3		8.0	3歳以上1勝クラス								内田博幸		ダ1200				1:11.7	1.5		9-9	34.3-35.9	36.3	462(-2)																																															曇		15.0	8.0	16.0	10.7	4.0	8	56.0	不	**	**		アシャカトベ															
2021104874	2026-01-04	1中山1		8.0	4歳以上1勝クラス								石神深道		ダ1200				1:12.2	0.1		9-9	33.8-38.3	37.5	466(+4)				120.0																																											晴		16.0	1.0	2.0	16.7	9.0	4	53.0	稍	**	**		ラヴァグロウ															
2021104905	2023-10-22	2京都7		5.0	2歳新馬								川田将雅		芝2000				2:02.6	1.2		4-3-3-2	36.3-35.2	36.0	476(0)				110.0																													晴		8.0	2.0	2.0	1.7	1.0	4	55.0	良	**	**		サンライズアース																													
2021104905	2023-11-19	3京都6		3.0	2歳未勝利								川田将雅		芝1800				1:49.4	0.4		3-4	36.0-35.6	35.8	466(-10)				83.0																													晴		12.0	7.0	9.0	3.1	1.0	4	55.0	稍	**	**		サンセットビュー																													
2021104905	2024-05-04	1新潟3		5.0	3歳未勝利								佐々木大		芝1800				1:48.3	-0.1		8-10	35.6-35.6	34.8	466(0)				550.0																													晴		16.0	8.0	16.0	3.0	1.0	1	54.0	良	**	**		(クスクス)																													
2021104905	2024-09-15	3中京4		11.0	関西TVローズS(GII)								和田竜二		芝2000				2:01.9	2.0		9-10-10-11	36.1-35.6	35.1	474(+8)																																	曇		15.0	7.0	12.0	111.3	15.0	14	55.0	稍	**	**		クイーンズウォーク																													
2021104905	2024-10-14	4新潟4		12.0	3歳以上1勝クラス								田口貫太		芝1800				1:47.2	0.7		9-12	34.0-35.0	35.1	472(-2)																																	晴		16.0	5.0	9.0	9.9	5.0	7	53.0	良	**	**		ムガ																													
2021104905	2024-11-10	5東京4		12.0	3歳以上1勝クラス								原優介		芝1800				1:47.9	0.6		15-15-15	36.1-34.5	33.0	468(-4)																																	曇		16.0	5.0	10.0	19.5	6.0	10	53.0	良	**	**		ユキワリザクラ																													
2021104905	2024-11-30	4中京1		3.0	3歳以上1勝クラス								鮫島克駿		ダ1800				1:54.2	-0.2		2-2-2-2	37.4-38.1	37.9	470(+2)				800.0																													曇		13.0	6.0	8.0	3.0	1.0	1	54.0	良	**	**		(サイモンブーケ)																													
2021104905	2025-07-12	2小倉5		10.0	八女特別(2勝クラス)								坂井瑠星		ダ1700				1:51.3	3.9		6-6-6-7	30.0-39.5	42.9	478(+8)																																	晴		13.0	4.0	5.0	4.1	2.0	13	56.0	良	**	**		ルフトクス																													
2021104905	2026-01-05	1京都2		9.0	逢坂山特別(2勝クラス)								鮫島克駿		芝1800				1:47.5	0.7		2-2	35.3-36.0	36.3	478(0)																																	晴		11.0	2.0	2.0	37.5	9.0	6	56.0	良	**	**		チェルノボーグ																													
2021104905	2026-01-17	1京都6		12.0	4歳以上2勝クラス								鮫島克駿		芝1600				1:34.7	1.2		11-11	35.2-34.5	34.7	474(-4)																																	晴		18.0	7.0	15.0	55.6	12.0	10	56.0	良				カズミクラーシュ																													
2021104910	2023-06-25	1函館6		5.0	2歳新馬								丸山元気		芝1200				1:12.7	1.2		4-3	36.1-35.4	36.2	462(0)				72.0																													晴		6.0	5.0	5.0	5.4	3.0	5	55.0	良	**	**		クールベイビー																													
2021104910	2023-07-08	2函館3		1.0	2歳未勝利								佐々木大		芝1200				1:10.6	0.9		4-4	34.5-35.2	35.7	460(-2)				83.0																													曇		7.0	6.0	6.0	10.9	3.0	4	53.0	良	**	**		セントキルダ																													
2021104910	2023-07-16	2函館6		1.0	2歳未勝利								北村友一		芝1200				1:12.9	0.7		6-6	35.9-36.3	36.4	464(+4)				55.0																													曇		16.0	6.0	11.0	52.3	8.0	5	55.0	稍	**	**		ピコサン																													
2021104910	2023-11-04	3京都1		1.0	2歳未勝利								北村友一		ダ1400				1:26.2	0.2		1-1	34.7-38.7	38.9	484(+20)				220.0																													晴		16.0	1.0	1.0	18.1	7.0	2	56.0	良	**	**		スターターン																													
2021104910	2023-11-18	3京都5		1.0	2歳未勝利								坂井瑠星		ダ1400				1:24.8	-0.1		1-2	35.1-37.3	37.3	484(0)				550.0																													曇		16.0	5.0	10.0	3.6	2.0	1	56.0	重	**	**		(テーオードラッカー)																													
2021104910	2024-01-20	1京都6		4.0	3歳1勝クラス								坂井瑠星		ダ1400				1:24.7	1.3		3-3	34.8-36.6	37.6	484(0)				78.0																													曇		7.0	5.0	5.0	3.6	1.0	5	57.0	稍	**	**		ワイワイレジェンド																													
2021104910	2024-02-11	2京都6		4.0	3歳1勝クラス								団野大成		ダ1400				1:24.7	-1.2		2-1	35.1-37.4	37.4	490(+6)				780.0																													晴		9.0	2.0	2.0	7.2	5.0	1	57.0	良	**	**		(ネグレスコ)																													
2021104910	2024-03-10	1中京2		10.0	昇竜S(OP)								川田将雅		ダ1400				1:26.1	0.7		5-5	35.9-37.1	37.4	492(+2)				180.0																													晴		9.0	8.0	9.0	2.8	1.0	5	57.0	良	**	**		チカッパ																													
2021104910	2024-06-08	4京都3		10.0	長浜特別(2勝クラス)								団野大成		ダ1400				1:24.7	0.4		3-3	35.5-36.8	36.9	484(-8)				393.3																													曇		11.0	8.0	11.0	11.2	5.0	3	55.0	良	**	**		テイエムリステット																													
2021104910	2024-06-29	3小倉1		10.0	熊本城特別(2勝クラス)								団野大成		ダ1700				1:45.4	1.9		4-4-3-3	30.1-37.4	39.1	484(0)																																	曇		16.0	7.0	14.0	2.3	1.0	9	55.0	稍	**	**		メイショウホマレ																													
2021104910	2025-04-05	2阪神3		12.0	4歳以上2勝クラス								北村友一		ダ1400				1:24.7	-0.1		2-2	35.5-36.7	36.6	484(0)				1140.0																													曇		16.0	6.0	11.0	18.8	8.0	1	58.0	良	**	**		(ワーズワース)																													
2021104910	2025-05-25	2京都10		10.0	高瀬川S(3勝クラス)								浜中俊		ダ1400				1:23.5	1.3		3-4	34.2-36.3	37.2	484(0)																																	曇		16.0	8.0	15.0	5.0	2.0	13	58.0	重	**	**		キャプテンネキ																													
2021104910	2025-08-23	4中京1		11.0	伊賀S(3勝クラス)								小沢大仁		ダ1400				1:25.1	1.6		3-3	34.0-37.4	38.8	482(-2)																																	晴		16.0	4.0	7.0	31.3	10.0	16	56.0	良	**	**		プロトポロス																													
2021104910	2025-11-16	5東京4		9.0	銀嶺S(3勝クラス)								木幡巧也		ダ1400				1:25.5	2.1		3-3	35.2-36.2	38.0	484(+2)																																	晴		14.0	4.0	6.0	63.0	9.0	12	55.0	良	**	**		ダノンフィーゴ																													
2021104910	2026-01-17	1中山6		10.0	アレキサンドライトS(3勝クラス)								木幡巧也		ダ1800				1:53.8	1.6		5-5-6-7	37.4-37.5	38.2	490(+6)																																	晴		16.0	4.0	8.0	87.5	12.0	9	54.0	良				チュウワクリスエス																													
2021104914	2024-02-10	1東京5	晴	2.0	3歳新馬		16.0	3.0	5.0	16.6	5.0	2	松山弘平	55.0	ダ1400		稍	**	1:25.3	0.1	**	4-4	35.4-37.3	37.1	464(0)			カフェニクス	250.0																																																																							
2021104914	2024-04-27	2東京3	曇	1.0	3歳未勝利		16.0	3.0	6.0	1.3	1.0	1	モレイラ	55.0	ダ1400		稍	**	1:24.0	-1.3	**	1-1	36.1-35.4	35.4	464(0)			(エクサビット)	550.0																																																																							
2021104914	2024-06-16	3東京6	晴	8.0	3歳以上1勝クラス		13.0	4.0	5.0	1.5	1.0	1	戸崎圭太	53.0	ダ1600		良	**	1:36.5	-0.7	**	2-2	35.5-36.7	36.5	464(0)			(ゴールドアローン)	800.0																																																																							
2021104914	2024-10-06	4東京2	曇	12.0	3歳以上2勝クラス		16.0	4.0	7.0	3.5	2.0	2	戸崎圭太	54.0	ダ1600		重	**	1:35.1	0.5	**	5-4	35.0-34.5	34.8	468(+4)			ボールドゾーン	460.0																																																																							
2021104914	2024-11-17	5東京6	晴	9.0	3歳以上2勝クラス		16.0	5.0	10.0	1.5	1.0	3	北村宏司	55.0	ダ1600		良	**	1:36.3	0.3	**	5-4	34.3-37.4	37.4	472(+4)			ラフエイジアン	290.0																																																																							
2021104914	2025-01-25	1中山8	曇	10.0	初霞賞(2勝クラス)		13.0	6.0	9.0	3.3	2.0	1	戸崎圭太	55.0	ダ1800		良	**	1:53.7	-0.4	**	2-2-2-2	38.2-37.5	37.4	472(0)			(ピコニ)	1583.6																																																																							
2021104914	2025-04-06	3中山4	晴	10.0	アリエスS(3勝クラス)		16.0	4.0	8.0	3.0	1.0	4	大野拓弥	56.0	ダ1800		稍	**	1:52.8	0.9	**	7-8-7-7	36.0-37.8	38.1	478(+6)			マンマリアーレ	280.0																																																																							
2021104914	2025-05-03	1新潟1	晴	11.0	三条S(3勝クラス)		15.0	6.0	10.0	3.6	1.0	1	佐々木大	56.0	ダ1800		稍	**	1:52.3	-0.2	**	3-3-6-6	37.9-37.3	36.6	478(0)			(メイショウホマレ)	1872.2																																																																							
2021104914	2025-07-06	2福島4	晴	11.0	ジュライS(OP)		15.0	5.0	9.0	4.3	1.0	8	大野拓弥	53.0	ダ1700		良	**	1:45.0	1.6	**	6-7-6-6	29.5-37.3	38.2	482(+4)			シゲルショウグン																																																																								
2021104914	2025-09-20	4中山6	小雨	11.0	イサ殿下御来場記念(OP)		15.0	8.0	15.0	22.9	8.0	8	佐々木大	55.0	ダ1800		重	**	1:52.6	1.3	**	5-7-5-7	36.9-37.7	38.5	478(-4)			ムルソー																																																																								
2021104914	2025-10-19	4東京7	小雨	11.0	ブラジルC(L)		12.0	2.0	2.0	28.9	9.0	1	大野拓弥	53.0	ダ2100		良	**	2:10.2	-0.1	**	6-6-6-6	29.3-37.1	36.7	482(+4)			(クールミラボー)	2425.9																																																																							
2021104914	2025-12-24	名古屋	小雨	10.0	名古屋大賞典(JpnIII)		9.0	1.0	1.0	9.8	5.0	1	松山弘平	54.0	ダ2000		不	**	2:06.2	-0.1	**	2-3-1		38.2	483(+1)			(カズタンジャー)	3000.0																																																																							
2021104929	2024-02-11	2京都6		5.0	3歳未勝利								ルメート		芝1600				1:36.9	0.7		10-10	35.6-35.3	35.3	468(0)				55.0																																											曇		14.0	5.0	7.0	7.9	5.0	5	55.0	良	**	**		ハワイアンティアレ															
2021104929	2024-04-27	2東京3		5.0	3歳未勝利								津村明秀		芝1800				1:48.4	0.0		2-2-2	36.8-34.6	34.4	462(-6)				550.0																																											曇		15.0	7.0	12.0	4.6	3.0	1	55.0	良	**	**		(フェスティヴカレン)															
2021104929	2024-07-21	3小倉8		7.0	3歳以上1勝クラス								西村淳也		芝1800				1:48.4	0.9		6-6-6-6	35.7-36.4	36.6	472(+10)				200.0																																											曇		12.0	4.0	4.0	4.7	3.0	3	53.0	良	**	**		テーオーダグラス															
2021104929	2024-10-14	4新潟4		12.0	3歳以上1勝クラス								中井裕二		芝1800				1:46.6	0.1		12-10	34.0-35.0	34.7	478(+6)				200.0																																											晴		16.0	7.0	14.0	10.2	6.0	3	54.0	良	**	**		ムガ															
2021104929	2024-11-10	3福島4		8.0	3歳以上1勝クラス								津村明秀		芝1800				1:50.3	1.6		10-11-11-12	35.9-36.6	37.1	472(-6)																																															晴		16.0	4.0	7.0	4.3	3.0	11	54.0	良	**	**		レッセパッセ															
2021104929	2025-02-16	1小倉8		6.0	4歳以上1勝クラス								荻野極		芝1800				1:48.5	1.3		10-10-10-10	35.0-36.2	36.0	478(+6)																																															曇		16.0	2.0	3.0	10.2	7.0	13	55.0	良	**	**		エルフストラック															
2021104929	2025-03-22	2中京3		7.0	4歳以上1勝クラス								中井裕二		芝1600				1:34.4	0.3		8-7-8	35.6-35.3	34.8	480(+2)				200.0																																											晴		16.0	7.0	14.0	59.7	15.0	3	56.0	良	**	**		アドマイヤアストラ															
2021104929	2025-05-25	1新潟8		9.0	二王子特別(1勝クラス)								佐々木大		芝1800				1:50.0	0.0		7-6	36.9-35.5	35.0	486(+6)				1154.1																																											曇		15.0	5.0	9.0	4.2	1.0	1	56.0	稍	**	**		(トゥルーサクセサー)															
2021104929	2025-08-09	2新潟5		6.0	三面川特別(2勝クラス)								内田博幸		芝1800				1:45.2	0.6		12-11	35.3-34.4	33.9	480(-6)																																															晴		16.0	3.0	6.0	13.9	5.0	6	56.0	良	**	**		エバーハピネス															
2021104929	2025-08-30	3新潟3		10.0	赤倉特別(2勝クラス)								内田博幸		芝1800				1:49.0	0.8		3-3	38.0-32.8	33.3	480(0)																																															晴		13.0	7.0	11.0	11.2	5.0	8	53.0	良	**	**		アスクセクシーモア															
2021104929	2025-11-24	3福島6		10.0	五色沼特別(2勝クラス)								中井裕二		芝1800				1:47.8	0.3		9-7-7-9	36.2-35.0	34.9	472(-8)																																															曇		16.0	7.0	14.0	29.9	9.0	11	56.0	良	**	**		ノーランサンライズ															
2021104929	2026-01-10	1京都3		9.0	出町特別(2勝クラス)								中井裕二		ダ1800				1:54.1	1.6		3-3-3-2	36.4-37.5	38.8	486(+14)																																															晴		8.0	5.0	5.0	9.1	3.0	7	56.0	良	**	**		モズカトレア															
2021104947	2023-11-12	5東京4	曇	5.0	2歳新馬		11.0	1.0	1.0	5.4	3.0	2	横山和生	56.0	芝1600		良	**	1:37.1	0.3	**	1-1	38.1-33.4	33.7	420(0)			ノーブルロジャー	290.0																																																																							
2021104947	2023-12-09	5中山3	晴	4.0	2歳未勝利		16.0	1.0	1.0	4.5	2.0	4	横山和生	56.0	芝1800		良	**	1:48.5	0.5	**	1-1-1-1	36.4-35.2	35.7	422(+2)			ヤマニンアドホック	83.0																																																																							
2021104947	2024-04-20	2東京1	晴	5.0	3歳未勝利		18.0	6.0	11.0	2.8	1.0	1	戸崎圭太	57.0	芝1600		良	**	1:33.6	-0.4	**	1-1	34.9-35.0	35.0	428(+6)			(ロジプラヤ)	550.0																																																																							
2021104947	2024-06-01	3東京1	晴	7.0	3歳以上1勝クラス		18.0	7.0	13.0	7.4	5.0	14	戸崎圭太	55.0	芝1400		良	**	1:21.3	1.0	**	9-8	34.2-34.2	34.6	420(-8)			サクセスカラー																																																																								
2021104947	2024-09-08	4中山2	晴	7.0	3歳以上1勝クラス		16.0	7.0	13.0	24.2	9.0	5	武豊	56.0	芝1600		良	**	1:33.3	0.5	**	1-2-2	35.5-33.3	33.7	400(-20)			ピックアチェリー	80.0																																																																							
2021104947	2024-11-02	3福島1	雨	7.0	3歳以上1勝クラス		15.0	6.0	10.0	14.6	7.0	3	亀田温心	56.0	芝1800		稍	**	1:49.9	0.9	**	4-4-5-5	35.0-37.2	36.5	402(+2)			ソルトブリーズ	200.0																																																																							
2021104947	2024-11-16	3福島5	曇	9.0	高湯温泉特別(1勝クラス)		16.0	5.0	10.0	11.7	6.0	2	亀田温心	56.0	芝1800		良	**	1:49.0	0.0	**	3-3-3-2	36.5-35.1	34.5	402(0)			アイキャンドウイッ	454.6																																																																							
2021104947	2025-01-25	1小倉1	晴	12.0	4歳以上1勝クラス		16.0	2.0	3.0	7.5	3.0	6	佐々木大	57.0	芝1800		良	**	1:48.0	0.5	**	6-6-7-7	36.9-35.3	34.8	404(+2)			ミッキースピネル																																																																								
2021104947	2025-02-01	1小倉3	雨	8.0	4歳以上1勝クラス		16.0	6.0	12.0	3.8	1.0	15	斎藤新	57.0	芝1800		稍	**	1:51.1	2.7	**	5-8-9-12	36.2-36.3	38.2	404(0)			ナムララジベラ																																																																								
2021104947	2025-04-06	3中山4	小雨	8.0	4歳以上1勝クラス		13.0	3.0	3.0	5.8	2.0	3	舟山瑠泉	55.0	芝1800		良	**	1:48.9	0.3	**	2-2-4-3	36.2-35.1	34.6	408(+4)			ビジューブリランテ	200.0																																																																							
2021104947	2025-04-20	1福島4	曇	7.0	4歳以上1勝クラス		16.0	8.0	16.0	12.0	5.0	11	舟山瑠泉	55.0	芝1800		良	**	1:47.8	1.0	**	2-2-2-2	35.5-35.7	36.6	406(-2)			アラタマフェーヴル																																																																								
2021104947	2025-07-06	2福島4	晴	8.0	3歳以上1勝クラス		14.0	7.0	12.0	15.9	7.0	9	原優介	58.0	芝1800		良	**	1:50.0	1.3	**	3-3-3-2	35.1-37.0	37.6	408(+2)			コスモアンソロジー																																																																								
2021104947	2025-08-14	大井	晴	11.0	東京記念トライアル競(OP)(3上)		8.0	3.0	3.0	54.6	7.0	8	東原悠善	53.0	ダ2400		良	**	2:40.8	4.3	**	7-7-7-7	38.8-37.9	41.5	408(0)			グリューヴルム																																																																								
2021104947	2025-09-04	大井	曇	10.0	アガリスピード賞競走(B2B3)		11.0	2.0	2.0	40.5	9.0	9	東原悠善	57.0	ダ2000		良	**	2:11.5	2.0	**	11-11-11-11	36.6-39.3	39.9	405(-3)			ポンドボーイ																																																																								
2021104947	2025-09-18	大井	曇	12.0	ペルセウス賞競走(B2B3)		8.0	3.0	3.0	71.8	8.0	8	東原悠善	57.0	ダ1650		良	**	1:48.7	3.1	**	6-6-6-8	27.9-39.5	42.1	406(+1)			エルモサミオ																																																																								
2021104947	2025-10-09	大井	曇	10.0	アオイライコー賞競走(B2)		13.0	5.0	6.0	308.9	13.0	13	東原悠善	56.0	ダ1800		良	**	1:58.2	3.1	**	13-13-12-12	39.5-39.0	40.3	404(-2)			フジマサテイオー																																																																								
2021104947	2025-10-24	大井	雨	11.0	山茶花賞競走(B2)		10.0	8.0	9.0	224.7	10.0	10	東原悠善	56.0	ダ1600		重	**	1:43.9	2.9	**	8-8-10-10	36.8-38.8	40.2	409(+5)			エルツ																																																																								
2021104947	2025-11-13	大井	曇	7.0	B2　以下		11.0	7.0	8.0	314.4	11.0	11	東原悠善	57.0	ダ1800		稍	**	2:00.1	4.7	**	6-5-10-10	39.2-38.5	41.9	403(-6)			タケノシンセイ																																																																								
2021104947	2025-12-04	大井	晴	12.0	タンザナイト賞競走(B2B3)		12.0	8.0	12.0	268.5	12.0	12	小野俊斗	54.0	ダ1650		良	**	1:47.3	2.6	**	10-10-11-11	28.0-38.8	39.6	406(+3)			フィエレッツァ																																																																								
2021104947	2025-12-24	大井	雨	9.0	KRAトロフィー競走(B1B2)		12.0	5.0	5.0	536.8	12.0	10	東原悠善	55.0	ダ1650		重	**	1:49.3	5.0	**	10-11-11-11	27.8-39.2	42.2	402(-4)			フジマサテイオー																																																																								
2021104991	2023-07-15	3中京5		6.0	2歳新馬								団野大成		芝1200				1:09.6	0.9		6-5	34.2-34.5	34.3	468(0)				72.0	晴		9.0	8.0	9.0	5.6	3.0	5	55.0	良	**	**		キャンシーエンゼル																																																									
2021104991	2023-10-14	2京都4		3.0	2歳未勝利								武豊		芝1600				1:35.3	0.8		3-2	35.1-35.1	35.7	478(+10)					曇		11.0	7.0	8.0	8.5	4.0	6	56.0	良	**	**		バレルターン																																																									
2021104991	2023-11-04	3京都1		1.0	2歳未勝利								松山弘平		ダ1400				1:26.0	-0.2		3-4	34.7-38.7	38.4	468(-10)				550.0	晴		16.0	6.0	11.0	5.3	3.0	1	56.0	良	**	**		(フラムリンガム)																																																									
2021104991	2023-11-25	5東京7		9.0	カトレアS(OP)								北村宏司		ダ1600				1:37.8	0.3		3-4	35.1-37.4	37.2	466(-2)				240.0	晴		16.0	2.0	4.0	49.3	10.0	4	56.0	良	**	**		アマンテビアンコ																																																									
2021104991	2024-04-13	2阪神7		6.0	3歳1勝クラス								モレイラ		ダ1200				1:12.1	0.2		2-2	34.9-37.0	37.0	476(+10)				310.0	晴		15.0	7.0	13.0	2.7	1.0	2	57.0	良	**	**		ジョーローリット																																																									
2021104991	2024-04-28	3京都4		5.0	3歳1勝クラス								モレイラ		ダ1400				1:24.2	0.7		3-3	34.0-37.5	37.9	464(-12)				310.0	晴		12.0	1.0	1.0	1.6	1.0	2	57.0	良	**	**		テイエムリステット																																																									
2021104991	2024-06-22	4京都7		8.0	3歳以上1勝クラス								坂井瑠星		ダ1400				1:23.5	0.1		2-2	34.6-36.5	36.5	464(0)				320.0	曇		16.0	8.0	16.0	1.5	1.0	2	55.0	稍	**	**		クリノキングマン																																																									
2021104991	2024-08-25	2中京6		12.0	3歳以上1勝クラス								幸英明		ダ1200				1:11.6	-0.4		6-4	34.5-37.1	36.5	478(+14)				800.0	曇		15.0	5.0	8.0	1.6	1.0	1	56.0	良	**	**		(ライジン)																																																									
2021104991	2024-09-07	3中京1		12.0	3歳以上2勝クラス								坂井瑠星		ダ1200				1:10.7	-0.4		7-7	34.1-36.6	35.5	476(-2)				1140.0	晴		11.0	6.0	6.0	1.6	1.0	1	56.0	良	**	**		(タカネノハナコサン)																																																									
2021104991	2024-10-05	5京都1		10.0	大山崎S(3勝クラス)								幸英明		ダ1200				1:11.4	-0.3		6-6	34.0-37.4	36.8	496(+20)				1874.3	晴		16.0	4.0	7.0	2.2	1.0	1	57.0	稍	**	**		(エコロガイア)																																																									
2021104991	2024-12-22	7京都8		11.0	りんくうS(OP)								丹内祐次		ダ1200				1:11.8	0.3		13-14	34.8-36.7	35.9	508(+12)				889.6	晴		16.0	4.0	8.0	2.4	1.0	2	56.0	良	**	**		ドンアミティエ																																																									
2021104991	2025-01-19	1中山7		10.0	ジャニュアリーS(OP)								戸崎圭太		ダ1200				1:10.3	0.1		7-5	33.3-36.9	36.2	502(-6)				890.4	曇		16.0	8.0	16.0	2.3	1.0	2	57.0	良	**	**		ジャスパーゴールド																																																									
2021104991	2025-02-23	1京都8		11.0	大和S(OP)								ルメート		ダ1200				1:11.7	0.5		3-3	35.4-35.8	35.9	506(+4)				330.0	曇		16.0	5.0	10.0	2.3	1.0	4	57.0	良	**	**		ドンアミティエ																																																									
2021104991	2025-04-20	3中山8		10.0	京葉S(L)								戸崎圭太		ダ1200				1:11.5	0.4		5-5	34.7-36.4	35.9	492(-14)				360.0	曇		16.0	3.0	6.0	3.6	2.0	4	57.0	良	**	**		インビンシブルパパ																																																									
2021104991	2025-06-08	3阪神2		11.0	水無月S(OP)								酒井学		ダ1200				1:11.6	0.7		11-10	34.3-36.6	36.1	490(-2)					曇		16.0	1.0	1.0	8.1	5.0	9	56.0	良	**	**		サンライズアムール																																																									
2021104991	2025-10-05	3京都2		10.0	藤森S(OP)								川田将雅		ダ1200				1:09.9	0.5		5-5	34.6-34.8	34.9	500(+10)				555.3	曇		16.0	2.0	4.0	7.0	2.0	3	57.0	重	**	**		タガノミスト																																																									
2021104991	2025-11-08	4京都1		11.0	室町S(OP)								川田将雅		ダ1200				1:10.5	0.2		5-6	34.2-36.1	35.9	500(0)				442.4	晴		16.0	2.0	4.0	2.7	1.0	3	56.0	良	**	**		ペプチドヤマト																																																									
2021104991	2025-12-21	5中京6		11.0	コールドムーンS(OP)								団野大成		ダ1400				1:22.9	0.4		9-9	34.1-36.4	36.0	496(-4)				330.0	曇		16.0	6.0	12.0	5.8	3.0	4	58.0	稍	**	**		ダノンフィーゴ																																																									
2021104991	2026-01-10	1京都3		11.0	すばるS(L)								川田将雅		ダ1400				1:24.2	0.6		4-4	35.1-36.4	36.5	504(+8)				240.0	晴		16.0	7.0	14.0	4.7	2.0	5	57.0	良	**	**		キタノズエッジ																																																									
2021104992	2023-06-03	3阪神1		5.0	2歳新馬								武豊		芝1600				1:38.5	2.0		2-2	37.0-34.3	36.2	472(0)				72.0	晴		5.0	4.0	4.0	4.5	3.0	5	55.0	稍	**	**		テラメリタ																																																									
2021104992	2023-08-05	1札幌5		1.0	2歳未勝利								横山武史		ダ1700				1:50.0	3.5		13-14-14-14	29.3-39.4	38.9	474(+2)					曇		14.0	1.0	1.0	12.4	4.0	11	55.0	不	**	**		バルミーウェザー																																																									
2021104992	2023-12-24	5阪神8		1.0	2歳未勝利								荻野琢真		ダ1800				1:56.9	0.6		16-16-16-14	37.3-39.9	38.5	486(+12)					晴		16.0	5.0	10.0	21.0	7.0	7	56.0	良	**	**		メイショウトム																																																									
2021104992	2024-04-21	3京都2		3.0	3歳未勝利								荻野琢真		ダ1900				2:01.7	-0.9		1-1-1-1	30.2-39.1	39.1	478(-8)				550.0	曇		16.0	5.0	10.0	8.4	6.0	1	57.0	良	**	**		(ジュンラトゥール)																																																									
2021104992	2024-05-19	3京都10		6.0	3歳1勝クラス								荻野琢真		ダ1800								35.9-37.7		474(-4)					小雨		12.0	7.0	11.0			除	57.0	良	**	**		デトネイション																																																									
2021104992	2024-07-20	3小倉7		8.0	3歳以上1勝クラス								小崎綾也		ダ1700				1:44.6	0.4		3-3-3-3	29.5-37.5	37.7	476(-2)				120.0	曇		15.0	7.0	13.0	7.4	4.0	4	55.0	重	**	**		メイショウフウドウ																																																									
2021104992	2024-08-10	2中京1		8.0	3歳以上1勝クラス								小崎綾也		ダ1800				1:52.5	-0.5		2-2-2-2	37.0-38.3	38.2	472(-4)				800.0	晴		15.0	5.0	9.0	8.3	4.0	1	55.0	良	**	**		(ジョータルマエ)																																																									
2021104992	2024-09-08	3中京2		9.0	天竜川特別(2勝クラス)								小崎綾也		ダ1800				1:53.7	2.1		3-3-2-2	36.8-37.1	39.2	470(-2)					晴		14.0	6.0	10.0	6.1	2.0	9	55.0	良	**	**		ムルソー																																																									
2021104992	2024-09-29	4中山9		8.0	3歳以上2勝クラス								西村淳也		ダ1800				1:57.3	4.1		4-4-6-11	37.6-37.5	41.0	476(+6)					曇		13.0	8.0	13.0	7.1	4.0	12	55.0	良	**	**		ウンガイソウテン																																																									
2021104992	2024-12-22	7京都8		9.0	クリスマスエルフ賞(2勝クラス)								小沢大仁		ダ1800				2:00.9	7.1		12-14-16-16	37.2-38.6	40.8	500(+24)					晴		16.0	4.0	7.0	44.6	13.0	16	57.0	良	**	**		タンゴバイラリン																																																									
2021104992	2025-03-29	2阪神1		12.0	4歳以上2勝クラス								吉村誠之		ダ2000				2:09.0	1.5		6-6-9-9	36.8-37.4	37.1	488(-12)					曇		9.0	5.0	5.0	30.6	7.0	8	56.0	稍	**	**		オペラプラージュ																																																									
2021104992	2025-04-05	2阪神3		8.0	4歳以上2勝クラス								鷲頭虎太		芝1800				1:46.7	1.5		8-8	36.2-33.4	34.2	488(0)					晴		8.0	7.0	7.0	127.1	7.0	8	55.0	良	**	**		ファーヴェント																																																									
2021104992	2025-05-18	高知		1.0	C1ー7								妹尾浩一		ダ1300				1:22.6	1.8		9-8-9-9		38.0	487(-1)					曇		10.0	1.0	1.0	3.4	3.0	6	57.0	不	**	**		モリデンアロー																																																									
2021104992	2025-06-01	高知		3.0	C1ー7								永森大智		ダ1400				1:30.8	-0.2		6-5-5-5		39.0	488(+1)				90.0	晴		9.0	4.0	4.0	4.0	3.0	1	57.0	稍	**	**		(アポロビビ)																																																									
2021104992	2025-07-13	高知		11.0	安芸の野良時計特別(C1)								妹尾浩一		ダ1600										計不					曇		7.0	1.0	1.0			取	57.0	不	**	**		デルマアズラエル																																																									
2021104992	2025-07-26	高知		5.0	C1ー4								吉原寛人		ダ1400				1:31.1	0.3		9-9-7-6		39.6	489(+1)				36.0	曇		12.0	3.0	3.0	2.6	1.0	2	57.0	重	**	**		メイショウオキビ																																																									
2021104992	2025-09-07	高知		3.0	C1ー3								妹尾浩一		ダ1600				1:47.1	1.5		10-10-10-7		40.0	494(+5)				13.5	晴		10.0	3.0	3.0	4.2	2.0	4	57.0	重	**	**		メイショウエレジー																																																									
2021104992	2025-09-23	高知		9.0	C1ー2								妹尾浩一		ダ1400				1:32.7	0.8		10-10-11-10		39.7	495(+1)				13.5	曇		11.0	5.0	5.0	10.4	4.0	4	57.0	良	**	**		サーブルミラージュ																																																									
2021104992	2025-10-21	金沢		12.0	金沢競馬B1プレミア								吉原寛人		ダ1500				1:35.9	-0.7		6-6-2-2		37.6	493(-2)				80.0	曇		8.0	2.0	2.0	1.8	1.0	1	57.0	良	**	**		(ビスクウィザード)																																																									
2021104992	2025-11-05	金沢		11.0	ポイントで馬券を買お(A2)								加藤翔馬		ダ1700				1:51.5	2.2		10-10-10-10		39.6	492(-1)					曇		10.0	1.0	1.0	2.6	2.0	8	57.0	稍	**	**		ペガサスターボ																																																									
2021104992	2025-11-17	金沢		11.0	片町クリスマスツリー(A2)								吉原寛人		ダ1700										488(-4)					雨		11.0	2.0	2.0			除	57.0	稍	**	**		ゼローソ																																																									
2021104992	2025-12-27	金沢		11.0	金沢競馬は楽天競馬で(A2)								中島龍也		ダ1700				1:50.9	3.3		5-5-7-7		40.6	497(+5)					雨		9.0	6.0	6.0	15.9	4.0	8	57.0	不	**	**		リトルサムシング																																																									
2021105002	2024-01-28	2京都2		5.0	3歳新馬								岩田望来		芝2000				2:04.1	0.5		7-8-5-6	37.6-35.6	35.6	436(0)				93.0																																											晴		13.0	1.0	1.0	9.4	4.0	4	57.0	良	**	**		パシフィックルート															
2021105002	2024-02-24	1阪神1		5.0	3歳未勝利								岩田望来		芝2000				2:03.0	0.2		5-5-4-5	36.0-34.7	34.6	438(+2)				220.0																																											晴		13.0	8.0	12.0	12.3	4.0	2	57.0	稍	**	**		シュガークン															
2021105002	2024-04-14	2阪神8		4.0	3歳未勝利								岩田望来		芝2200				2:13.4	0.3		9-8-6-6	35.6-35.7	35.5	442(+4)				140.0																																											晴		15.0	6.0	11.0	3.4	3.0	3	57.0	良	**	**		ライフセービング															
2021105002	2024-04-28	3京都4		4.0	3歳未勝利								岩田望来		芝2000				2:01.4	0.4		6-6-3-5	35.8-34.4	34.4	442(0)				220.0																																											晴		10.0	8.0	10.0	2.9	2.0	2	57.0	良	**	**		ランスオブクイーン															
2021105002	2024-06-09	1函館2		6.0	3歳未勝利								横山武史		芝2000				2:02.1	0.2		7-8-8-7	34.7-36.4	35.8	440(-2)				140.0																																											小雨		14.0	5.0	8.0	1.9	1.0	3	57.0	良	**	**		ロードオールライト															
2021105002	2024-06-30	1函館8		6.0	3歳未勝利								横山武史		芝2000				2:01.7	-0.2		10-9-7-4	35.5-36.4	35.9	440(0)				550.0																																											曇		16.0	3.0	5.0	1.9	1.0	1	57.0	良	**	**		(レディマキシマ)															
2021105002	2024-07-21	1札幌2		8.0	3歳以上1勝クラス								横山武史		芝2000				2:00.3	0.2		2-2-3-2	36.6-35.1	35.0	432(-8)				120.0																																											晴		10.0	7.0	8.0	7.2	4.0	4	55.0	良	**	**		ナイトスラッガー															
2021105002	2024-10-19	4東京5		12.0	3歳以上1勝クラス								横山武史		芝1800				1:47.4	1.0		9-9-8	36.1-33.6	34.0	432(0)																																															曇		12.0	5.0	5.0	39.3	9.0	8	56.0	良	**	**		アドマイヤマツリ															
2021105002	2024-12-01	4中京2		12.0	栄特別(1勝クラス)								横山武史		芝2200				2:13.8	1.2		13-13-13-13	35.3-35.2	34.9	434(+2)																																															晴		16.0	8.0	15.0	25.4	7.0	8	56.0	良	**	**		オルトパラティウム															
2021105002	2025-01-25	1小倉1		7.0	4歳以上1勝クラス								永島まな		芝2600				2:39.3	0.0		1-1-1-1	37.2-36.1	36.1	430(-4)				320.0																																											晴		16.0	3.0	5.0	12.1	7.0	2	55.0	良	**	**		セイウンパシュート															
2021105002	2025-02-16	1小倉8		7.0	4歳以上1勝クラス								永島まな		芝2600				2:40.6	-0.1		2-2-2-2	37.2-37.4	37.1	436(+6)				800.0																																											曇		16.0	4.0	8.0	3.8	2.0	1	55.0	良	**	**		(ローザサンリヴァル)															
2021105002	2025-07-06	2小倉4		10.0	九州スポーツ杯(2勝クラス)								坂井瑠星		芝2600				2:40.4	0.9		3-3-2-2	36.3-36.8	37.0	448(+12)				624.4																																											晴		7.0	1.0	1.0	4.7	3.0	2	58.0	良	**	**		ベトルス															
2021105035	2023-12-03	5中山2		5.0	2歳新馬								津村明秀		芝2000				2:01.4	0.7		12-12-12-11	36.0-35.9	35.3	430(0)																																															晴		16.0	6.0	11.0	17.9	7.0	6	55.0	良	**	**		クリスマスパレード															
2021105035	2024-02-25	2中山2		6.0	3歳未勝利								キング		芝2200				2:17.3	0.3		3-3-3-5	36.9-36.3	36.2	432(+2)				140.0																																											小雨		16.0	4.0	8.0	4.3	3.0	3	55.0	稍	**	**		ラスカンブレス															
2021105035	2024-03-16	2中山7		5.0	3歳未勝利								津村明秀		芝2200				2:15.9	0.5		3-3-3-2	36.5-35.3	35.7	430(-2)				83.0																																											晴		17.0	8.0	16.0	4.3	2.0	4	55.0	良	**	**		ベンサレム															
2021105035	2024-05-11	2東京7		4.0	3歳未勝利								戸崎圭太		芝2000				2:01.8	0.3		3-4-4	36.6-34.4	34.2	432(+2)				140.0																																											晴		17.0	6.0	12.0	4.4	4.0	3	55.0	良	**	**		トライデントスピア															
2021105035	2024-06-01	3東京1		4.0	3歳未勝利								戸崎圭太		芝2000				1:59.6	-0.2		5-4-3	35.8-35.3	34.9	430(-2)				550.0																																											晴		15.0	8.0	15.0	2.6	1.0	1	55.0	良	**	**		(アオイラン)															
2021105035	2024-09-21	4中山6		6.0	3歳以上1勝クラス								津村明秀		芝2000				1:59.7	0.1		2-2-2-2	35.5-34.3	34.3	430(0)				80.0																																											曇		13.0	8.0	12.0	7.1	3.0	5	53.0	良	**	**		ホウオウムサシ															
2021105035	2024-10-20	4新潟6		7.0	3歳以上1勝クラス								佐々木大		芝2000				2:01.5	1.2		7-7	35.2-35.2	35.1	430(0)																																															晴		15.0	8.0	15.0	3.8	1.0	9	54.0	良	**	**		ピクシレーション															
2021105035	2025-01-12	1中山4		7.0	4歳以上1勝クラス								戸崎圭太		芝2200				2:13.3	0.1		3-3-4-3	36.5-35.9	35.3	436(+6)				320.0																																											曇		18.0	3.0	6.0	9.9	3.0	2	55.0	良	**	**		レッドテリオス															
2021105035	2025-02-16	1東京6		6.0	4歳以上1勝クラス								横山武史		芝2400				2:27.6	0.6		2-3-5-4	37.6-34.2	34.5	436(0)																																															晴		16.0	3.0	5.0	18.0	7.0	8	55.0	良	**	**		イクリール															
2021105035	2025-04-19	3中山7		7.0	4歳以上1勝クラス								横山武史		芝2000				1:59.1	0.7		2-2-2-2	36.5-34.1	34.7	444(+8)																																															晴		15.0	5.0	9.0	11.6	4.0	8	56.0	良	**	**		エラン															
2021105035	2025-06-01	2東京12		6.0	4歳以上1勝クラス								北村友一		芝1800				1:46.4	0.6		6-8-8	35.9-34.1	33.9	448(+4)				120.0																																											晴		16.0	3.0	6.0	13.1	6.0	4	56.0	稍	**	**		ニシノティアモ															
2021105035	2025-06-21	3東京5		8.0	3歳以上1勝クラス								三浦皇成		芝1800				1:47.2	0.8		8-8-8	35.3-34.7	34.9	448(0)																																															晴		16.0	4.0	7.0	38.5	8.0	8	56.0	良	**	**		ブルーマエストロ															
2021105035	2025-08-16	2新潟7		6.0	中郷特別(1勝クラス)								菊沢一樹		芝1800				1:46.3	1.5		7-6	34.8-33.5	34.2	448(0)																																															晴		11.0	7.0	9.0	104.6	10.0	6	56.0	良	**	**		エストゥペンダ															
2021105035	2025-09-06	4中山1		9.0	古作特別(1勝クラス)								菊沢一樹		芝1800				1:47.6	0.2		2-2-2-2	36.4-33.9	33.9	440(-8)				170.0																																											晴		11.0	7.0	9.0	17.7	6.0	4	56.0	良	**	**		シャドウメテオ															
2021105035	2025-12-07	5中京2		8.0	3歳以上1勝クラス								亀田温心		芝1400				1:21.2	0.8		13-16	34.6-34.4	34.0	440(0)																																															晴		18.0	6.0	12.0	57.0	11.0	14	56.0	良	**	**		レーヴジーニアル															
2021105066	2024-01-21	1中山7	小雨	6.0	3歳新馬		17.0	8.0	17.0	9.6	5.0	1	三浦皇成	57.0	芝2000		不	**	2:07.9	-0.3	**	5-7-2-3	38.3-37.8	37.7	466(0)			(スピノザ)	620.0																																																																							
2021105066	2024-03-03	2中山4	晴	11.0	報知弥生ディープ記念(GII)		11.0	2.0	2.0	94.0	10.0	11	津村明秀	57.0	芝2000		良	**	2:01.6	1.8	**	10-10-10-10	35.2-35.1	35.8	466(0)			コスモキュランダ																																																																								
2021105066	2024-04-13	3中山7	晴	9.0	山藤賞(1勝クラス)		6.0	6.0	6.0	30.3	5.0	3	三浦皇成	57.0	芝2000		良	**	2:01.5	0.4	**	6-6-6-6	37.3-34.7	34.4	466(0)			ヤマニンアドホック	272.3																																																																							
2021105066	2024-06-23	3東京8	曇	7.0	3歳以上1勝クラス		13.0	1.0	1.0	7.8	4.0	10	三浦皇成	55.0	芝1800		稍	**	1:48.1	2.0	**	10-9-9	35.6-34.8	35.7	466(0)			アスクカムオンモア																																																																								
2021105066	2024-07-21	2福島8	晴	9.0	伊達特別(1勝クラス)		13.0	7.0	10.0	13.3	6.0	2	原優介	55.0	芝2000		良	**	2:00.7	0.1	**	10-10-10-10	34.7-37.1	35.0	470(+4)			ネビュルーズ	449.8																																																																							
2021105066	2024-09-07	4中山1	晴	7.0	3歳以上1勝クラス		10.0	5.0	5.0	2.8	1.0	2	原優介	54.0	芝2000		良	**	1:57.9	0.3	**	5-4-4-4	35.0-35.3	33.4	468(-2)			フナデ	320.0																																																																							
2021105066	2024-09-29	4中山9	曇	7.0	3歳以上1勝クラス		17.0	2.0	4.0	3.7	2.0	8	原優介	54.0	芝2200		良	**	2:14.6	1.2	**	10-10-11-11	37.1-34.6	35.0	472(+4)			コンフェルマ																																																																								
2021105066	2024-12-21	5中山7	晴	9.0	ノエル賞(1勝クラス)		18.0	4.0	8.0	4.2	2.0	2	マーカン	56.0	芝2200		良	**	2:11.9	0.2	**	10-10-9-3	34.7-35.7	34.2	472(0)			キャントウェイト	450.8																																																																							
2021105066	2025-01-12	1中山4	曇	7.0	4歳以上1勝クラス		18.0	2.0	4.0	2.0	1.0	1	マーカン	57.0	芝2200		良	**	2:13.2	-0.1	**	13-13-13-13	36.5-35.9	34.4	480(+8)			(イージーブリージー)	800.0																																																																							
2021105066	2025-03-08	2中山3	曇	9.0	潮来特別(2勝クラス)		10.0	8.0	9.0	2.8	2.0	3	戸崎圭太	57.0	芝2500		良	**	2:37.2	0.3	**	3-3-2-2	32.7-34.8	35.0	482(+2)			サンライズソレイユ	393.2																																																																							
2021105066	2025-04-06	3中山4	小雨	9.0	安房特別(2勝クラス)		12.0	7.0	9.0	1.9	1.0	1	佐々木大	57.0	芝2500		良	**	2:32.5	-0.7	**	8-8-6-3	30.5-35.1	34.7	478(-4)			(バレンタインガール)	1577.3																																																																							
2021105066	2025-11-22	4京都5	晴	10.0	比叡S(3勝クラス)		16.0	5.0	10.0	12.3	4.0	6	マーカン	58.0	芝2400		良	**	2:25.4	0.5	**	6-6-8-9	35.2-34.4	34.4	480(+2)			ダノンシーマ																																																																								
2021105066	2025-12-27	5中山7	曇	12.0	グレイトフルS(3勝クラス)		14.0	4.0	6.0	4.0	2.0	6	マーカン	58.0	芝2500		良	**	2:36.0	0.5	**	7-9-7-4	30.9-34.4	34.4	490(+10)			ミクニインスパイア																																																																								
2021105072	2023-07-16	3中京6	晴	5.0	2歳新馬		12.0	2.0	2.0	5.1	3.0	5	坂井瑠星	55.0	芝1600		良	**	1:36.4	1.1	**	4-4-3	37.3-34.5	35.1	458(0)			エンヤラヴフェイス	72.0																																																																							
2021105072	2024-01-28	1小倉6	小雨	6.0	3歳未勝利		15.0	7.0	13.0	9.2	5.0	3	西塚洸二	54.0	芝2000		良	**	2:03.7	0.6	**	1-1-1-1	36.2-35.4	36.0	460(+2)			グラヴィス	140.0																																																																							
2021105072	2024-02-24	1阪神1	晴	5.0	3歳未勝利		13.0	3.0	3.0	13.5	6.0	3	松山弘平	57.0	芝2000		稍	**	2:03.4	0.6	**	2-2-2-1	36.0-34.7	35.2	458(-2)			シュガークン	140.0																																																																							
2021105072	2024-03-17	1中京4	曇	5.0	3歳未勝利		16.0	5.0	9.0	3.8	2.0	3	西塚洸二	55.0	芝2000		良	**	2:02.5	0.3	**	5-5-7-6	37.0-35.0	34.7	464(+6)			クリノアドバンス	140.0																																																																							
2021105072	2024-05-05	1新潟4	晴	5.0	3歳未勝利		16.0	5.0	9.0	4.4	3.0	3	荻野極	57.0	芝1800		良	**	1:48.6	0.2	**	6-6	36.4-35.7	34.4	448(-16)			ハイディージェン	140.0																																																																							
2021105072	2024-05-26	3京都12	晴	5.0	3歳未勝利		14.0	3.0	3.0	2.8	1.0	1	菱田裕二	57.0	芝2000		良	**	2:00.8	0.0	**	3-3-4-4	36.2-34.8	34.4	452(+4)			(モズマーヴェリック)	550.0																																																																							
2021105072	2024-09-28	3中京8	曇	7.0	3歳以上1勝クラス		14.0	3.0	3.0	17.2	5.0	4	シュタル	55.0	芝2200		良	**	2:12.7	0.3	**	3-3-4-3	34.4-36.4	36.2	464(+12)			シャイニングソード	120.0																																																																							
2021105072	2024-10-19	4新潟5	雨	9.0	岩船特別(1勝クラス)		10.0	5.0	5.0	4.3	2.0	10	小沢大仁	55.0	芝2200		稍	**	2:20.7	1.7	**	8-9-7-7	38.6-35.5	36.6	458(-6)			ドゥレイクパセージ																																																																								
2021105072	2024-12-07	4中京3	曇	7.0	3歳以上1勝クラス		18.0	5.0	10.0	9.4	6.0	15	西塚洸二	55.0	芝2200		良	**	2:13.4	1.6	**	4-4-5-6	34.3-35.8	36.9	468(+10)			ファミリータイム																																																																								
2021105072	2025-03-15	2中京1	曇	8.0	4歳以上1勝クラス		18.0	6.0	11.0	11.5	4.0	2	西塚洸二	56.0	芝2200		良	**	2:15.2	0.1	**	4-4-3-3	36.3-35.2	34.9	468(0)			ファミリータイム	320.0																																																																							
2021105072	2025-04-06	2阪神4	晴	6.0	4歳以上1勝クラス		11.0	6.0	6.0	12.7	5.0	4	西塚洸二	57.0	芝2000		良	**	2:00.2	0.3	**	2-2-2-2	35.0-35.6	35.8	464(-4)			クリノアドバンス	120.0																																																																							
2021105072	2025-05-18	1新潟6	曇	7.0	4歳以上1勝クラス		13.0	6.0	9.0	2.6	1.0	1	西塚洸二	57.0	芝1800		良	**	1:48.9	0.0	**	2-2	37.0-35.2	35.1	460(-4)			(シンドリームシン)	800.0																																																																							
2021105072	2025-06-08	3阪神2	小雨	9.0	三木特別(2勝クラス)		8.0	3.0	3.0	4.1	2.0	3	西塚洸二	58.0	芝1800		良	**	1:46.7	0.3	**	2-3	36.2-33.8	33.9	466(+6)			テーオーダグラス	392.7																																																																							
2021105072	2025-10-26	4新潟4	雨	10.0	村上特別(2勝クラス)		16.0	6.0	11.0	9.0	5.0	4	西塚洸二	58.0	芝2000		稍	**	2:01.1	0.7	**	2-2	36.0-35.6	36.1	470(+4)			マイネルオーシャン	230.0																																																																							
2021105072	2026-01-17	1京都6		9.0	稲荷特別(2勝クラス)								西塚洸二		芝2000				2:01.4	0.4		2-2-2-2	36.0-34.5	34.8	476(+6)				240.0																													晴		10.0	4.0	4.0	6.2	4.0	4	58.0	良				ジェットマグナム																													
2021105074	2024-01-20	1京都6		5.0	3歳新馬								浜中俊		芝2000				2:06.4	1.6		12-12-11-10	37.9-36.1	36.8	466(0)																																															曇		13.0	5.0	7.0	159.5	12.0	9	57.0	重	**	**		ダノンピレネー															
2021105074	2024-04-14	1福島4		2.0	3歳未勝利								角田大和		芝2000				2:01.7	1.0		10-9-11-10	34.0-36.3	36.1	458(-8)																																															晴		16.0	2.0	3.0	307.9	15.0	8	56.0	良	**	**		ウインボレロ															
2021105074	2024-06-30	3小倉2		4.0	3歳未勝利								角田大和		芝2000				2:06.4	4.1		18-18-18-15	35.1-37.5	39.9	452(-6)																																															曇		18.0	7.0	13.0	212.5	17.0	13	56.0	稍	**	**		クルミナーレ															
2021105074	2024-08-10	2札幌1		6.0	3歳未勝利								高杉吏麒		芝2000				2:03.3	2.6		8-7-11-12	35.5-36.2	37.8	448(-4)																																															晴		16.0	4.0	8.0	424.5	16.0	13	54.0	良	**	**		スピードリッチ															
2021105074	2024-10-29	名古屋		3.0	C28組								丸野勝虎		ダ1500				1:35.8	-0.1		3-3-2		38.7	471(+23)				50.0																																											雨		11.0	7.0	9.0	4.4	3.0	1	56.0	重	**	**		(シスコスター)															
2021105074	2024-11-12	名古屋		7.0	C17組								丸野勝虎		ダ1500				1:37.1	-0.1		7-3-1		38.9	474(+3)				50.0																																											晴		12.0	1.0	1.0	1.9	1.0	1	56.0	良	**	**		(ワカミヤノミコト)															
2021105074	2025-01-26	1中山9		6.0	4歳以上1勝クラス								横山琉人		ダ1800				1:56.6	1.3		15-15-14-15	37.1-40.6	38.9	470(-4)																																															晴		16.0	2.0	3.0	182.5	15.0	10	56.0	良	**	**		ライジンマル															
2021105074	2025-02-15	1東京5		4.0	4歳以上1勝クラス								菅原明良		ダ2100				2:21.2	7.4		1-1-2-2	31.7-37.0	44.2	468(-2)																																															晴		16.0	5.0	10.0	158.7	15.0	16	57.0	良	**	**		クロックフォード															
2021105074	2025-04-20	1福島4		8.0	4歳以上1勝クラス								荻野極		ダ1700				1:48.1	1.1		4-4-5-5	30.2-37.8	38.4	458(-10)				80.0																																											曇		15.0	3.0	5.0	143.3	14.0	5	58.0	良	**	**		パープルナイト															
2021105074	2025-09-21	4中山7		7.0	3歳以上1勝クラス								鮫島克駿		ダ1800				1:58.7	5.8		4-4-6-12	36.7-37.9	43.0	472(+14)																																															曇		16.0	6.0	12.0	347.1	14.0	15	58.0	良	**	**		メリークリスマス															
2021105074	2025-10-25	4新潟3		8.0	3歳以上1勝クラス								菊沢一樹		ダ1800				1:54.8	2.1		8-9-9-8	36.3-38.0	39.1	464(-8)																																															晴		14.0	3.0	4.0	183.6	14.0	8	58.0	良	**	**		サンカルミア															
2021105074	2025-11-23	5東京5		7.0	3歳以上1勝クラス								舟山瑠泉		ダ2100				2:14.1	1.5		15-15-16-16	31.2-37.0	37.0	472(+8)																																															曇		16.0	7.0	13.0	238.2	15.0	9	55.0	良	**	**		タイキインドラ															
2021105074	2026-01-11	1中山4		7.0	4歳以上1勝クラス								菊沢一樹		ダ1800				1:57.0	1.9		9-9-8-10	38.2-38.8	39.8	476(+4)																																															晴		16.0	5.0	10.0	280.2	12.0	10	58.0	良	**	**		サトミノエンジェル															
2021105077	2024-01-27	1東京1	晴	5.0	3歳新馬		16.0	8.0	15.0	3.3	1.0	3	横山武史	55.0	芝1600		良	**	1:35.0	0.3	**	7-8	35.1-35.1	34.1	416(0)			リメリック	160.0																																																																							
2021105077	2024-04-06	3中山5	曇	5.0	3歳未勝利		18.0	3.0	5.0	4.2	2.0	1	横山武史	55.0	芝2000		稍	**	2:02.7	-0.1	**	9-9-8-8	36.4-36.1	35.3	422(+6)			(マイネルオーシャン)	550.0																																																																							
2021105077	2024-06-02	3東京2	小雨	7.0	3歳以上1勝クラス		9.0	8.0	9.0	3.4	2.0	6	横山武史	53.0	芝2000		稍	**	2:03.1	1.0	**	8-8-8	37.8-33.7	33.5	422(0)			フォーザボーイズ																																																																								
2021105077	2024-07-27	1札幌3	曇	7.0	3歳以上1勝クラス		9.0	6.0	6.0	3.3	2.0	2	横山武史	53.0	芝2000		良	**	2:00.2	0.1	**	5-5-2-2	35.2-35.1	34.6	420(-2)			タンゴバイラリン	320.0																																																																							
2021105077	2024-09-07	4中山1	晴	11.0	紫苑S(GII)		13.0	6.0	9.0	25.3	8.0	4	佐々木大	55.0	芝2000		良	**	1:56.8	0.2	**	3-3-3-3	34.7-34.0	33.8	416(-4)			クリスマスパレード	780.0																																																																							
2021105077	2024-11-09	3福島3	晴	9.0	二本松特別(1勝クラス)		13.0	7.0	10.0	1.8	1.0	6	丹内祐次	54.0	芝2000		良	**	2:02.5	0.6	**	3-3-2-2	36.1-35.8	36.2	416(0)			エコロレイズ																																																																								
2021105077	2025-02-01	1東京1	曇	12.0	4歳以上1勝クラス		16.0	4.0	7.0	4.1	2.0	3	田辺裕信	55.0	芝1800		良	**	1:47.1	0.4	**	4-4-5	36.2-34.1	34.0	420(+4)			ショウナンラピダス	200.0																																																																							
2021105077	2025-04-06	3中山4	小雨	8.0	4歳以上1勝クラス		13.0	7.0	11.0	1.6	1.0	4	佐々木大	56.0	芝1800		良	**	1:49.0	0.4	**	6-6-4-3	36.2-35.1	34.7	426(+6)			ビジューブリランテ	120.0																																																																							
2021105077	2025-04-20	1福島4	曇	7.0	4歳以上1勝クラス		16.0	2.0	3.0	3.2	1.0	6	田辺裕信	56.0	芝1800		良	**	1:47.4	0.6	**	9-9-8-7	35.5-35.7	35.5	422(-4)			アラタマフェーヴル																																																																								
2021105077	2025-05-24	2東京9	曇	7.0	4歳以上1勝クラス		13.0	4.0	5.0	4.5	2.0	2	レーン	56.0	芝1600		良	**	1:34.6	0.1	**	5-6	35.7-33.9	33.3	416(-6)			アームテイル	320.0																																																																							
2021105077	2025-06-22	3東京6	晴	8.0	3歳以上1勝クラス		15.0	3.0	4.0	4.7	3.0	9	レーン	56.0	芝1600		良	**	1:34.5	0.6	**	7-5	34.5-36.1	36.0	416(0)			マイネルフォルツァ																																																																								
2021105077	2025-09-14	4中山4	曇	12.0	3歳以上1勝クラス		16.0	7.0	14.0	8.9	4.0	2	横山和生	56.0	芝1600		良	**	1:32.9	0.4	**	2-3-3	34.9-34.7	34.8	422(+6)			エンペラーズソード	320.0																																																																							
2021105077	2025-10-05	4東京2	晴	7.0	3歳以上1勝クラス		18.0	1.0	1.0	3.6	1.0	1	佐々木大	56.0	芝1400		良	**	1:20.1	-0.1	**	6-6	34.6-34.1	33.5	420(-2)			(バンブルビー)	800.0																																																																							
2021105077	2025-11-23	5東京5	曇	12.0	3歳以上2勝クラス		18.0	4.0	7.0	5.2	3.0	4	佐々木大	56.0	芝1400		良	**	1:20.7	0.2	**	8-8	35.0-33.8	33.3	416(-4)			アニトラ	170.0																																																																							
2021105077	2025-12-20	5阪神5	曇	12.0	3歳以上2勝クラス		16.0	3.0	6.0	4.7	3.0	3	坂井瑠星	56.0	芝1200		良	**	1:08.3	0.1	**	11-9	33.3-34.9	33.8	408(-8)			ブルーアイドガール	290.0																																																																							
2021105104	2024-01-21	1京都7		2.0	3歳新馬								川田将雅		ダ1800				1:53.7	-0.3		8-8-6-5	36.9-37.6	37.0	512(0)				620.0	曇		16.0	2.0	4.0	2.6	1.0	1	57.0	不	**	**		(ジーティースピード)																																																									
2021105104	2024-02-04	1東京4		9.0	ゆりかもめ賞(1勝クラス)								横山武史		芝2400				2:27.6	0.7		3-5-5-5	36.8-33.9	34.2	508(-4)				160.0	曇		9.0	4.0	4.0	23.2	7.0	4	57.0	良	**	**		ウインマクシマム																																																									
2021105104	2024-03-09	1中京1		6.0	3歳1勝クラス								藤岡康太		ダ1800				1:54.4	0.4		3-4-3-3	37.0-39.4	38.5	508(0)				310.0	晴		14.0	7.0	12.0	5.0	2.0	2	57.0	稍	**	**		スナークラファエロ																																																									
2021105104	2024-03-23	3中山1		10.0	伏竜S(OP)								田辺裕信		ダ1800				1:54.5	0.4		4-5-5-5	37.7-37.9	37.9	504(-4)				180.0	小雨		11.0	6.0	7.0	9.5	5.0	5	57.0	良	**	**		テーオーパスワード																																																									
2021105104	2024-04-27	3京都3		11.0	ユニコーンS(GIII)								田口貫太		ダ1900				1:59.6	1.0		14-14-12-11	29.5-38.1	38.1	506(+2)				560.0	曇		16.0	3.0	6.0	127.2	12.0	4	57.0	良	**	**		ラムジェット																																																									
2021105104	2024-05-05	2東京6		5.0	3歳1勝クラス								川田将雅		ダ2100				2:11.1	-0.1		6-6-5-4	30.2-37.3	37.1	502(-4)				780.0	晴		16.0	6.0	11.0	2.4	1.0	1	57.0	良	**	**		(アムールドパリ)																																																									
2021105104	2024-08-04	2新潟4		7.0	レパードS(GIII)								ルメール		ダ1800				1:53.9	2.7		11-12-12-14	35.7-37.8	38.8	506(+4)					晴		15.0	7.0	12.0	8.4	4.0	12	57.0	良	**	**		ミッキーファイト																																																									
2021105104	2024-11-02	5東京1		9.0	神奈川新聞杯(2勝クラス)								田辺裕信		ダ2100				2:10.9	1.1		10-9-10-9	31.4-35.8	36.1	514(+8)					小雨		16.0	6.0	12.0	3.4	1.0	11	56.0	重	**	**		グロバーテソーロ																																																									
2021105104	2024-11-16	5東京5		9.0	南武特別(2勝クラス)								マーカン		芝2400				2:27.4	0.4		8-8-7-7	38.4-34.7	34.4	512(-2)				230.0	曇		11.0	6.0	7.0	9.0	4.0	4	56.0	良	**	**		ラスカンブレス																																																									
2021105104	2024-11-30	5中山1		11.0	ステイヤーズS(GII)								菅原明良		芝3600				3:47.1	0.4		11-10-6-4	38.7-35.3	35.4	512(0)					晴		14.0	7.0	12.0	38.3	10.0	6	55.0	良	**	**		シュヴァリエローズ																																																									
2021105104	2024-12-22	5中山8		9.0	グッドラックH(2勝クラス)								坂井瑠星		芝2500				2:32.5	0.3		10-10-4-2	30.6-36.4	36.3	516(+4)				630.6	晴		16.0	3.0	5.0	6.6	3.0	2	55.0	良	**	**		スティンガーグラス																																																									
2021105104	2025-01-06	1中京2		11.0	万葉S(OP)								坂井瑠星		芝3000				3:10.5	0.3		8-6-4-5	37.2-40.0	38.0	526(+10)				970.6	雨		17.0	2.0	3.0	3.9	2.0	2	52.0	稍	**	**		ゴールデンスナップ																																																									
2021105104	2025-03-01	1阪神1		10.0	阪神リニューアル記念(3勝クラス)								坂井瑠星		芝3000				3:03.8	0.9		5-5-6-2	35.7-35.7	36.2	526(0)				463.2	晴		10.0	8.0	9.0	2.7	2.0	3	56.0	良	**	**		ハヤテノフクノスケ																																																									
2021105104	2025-03-08	2中山3		9.0	潮来特別(2勝クラス)								横山武史		芝2500				2:36.9	-0.3		6-6-1-1	32.7-34.8	34.8	518(-8)				1572.4	曇		10.0	7.0	7.0	2.1	1.0	1	57.0	良	**	**		(カフェグランデ)																																																									
2021105104	2025-05-11	2京都6		9.0	烏丸S(3勝クラス)								坂井瑠星		芝2400				2:24.3	-0.1		8-8-5-6	34.0-35.1	34.6	524(+6)				1872.2	曇		14.0	4.0	5.0	4.1	2.0	1	57.0	良	**	**		(シャイニングソード)																																																									
2021105104	2025-06-01	2東京12		12.0	目黒記念(GII)								坂井瑠星		芝2500				2:33.8	0.9		15-14-13-12	31.4-34.8	34.9	524(0)					曇		18.0	1.0	1.0	7.0	3.0	9	56.0	良	**	**		アドマイヤテラ																																																									
2021105104	2025-09-07	2札幌6		11.0	丹頂S(OP)								荻野琢真		芝2600				2:46.2	1.4		7-7-4-5	38.1-36.4	36.7	522(-2)					晴		12.0	8.0	11.0	11.0	5.0	10	56.0	稍	**	**		ミステリーウェイ																																																									
2021105104	2025-10-05	3京都2		11.0	京都大賞典(GII)								坂井瑠星		芝2400				2:24.5	0.6		4-3-3-3	35.3-34.9	35.2	522(0)					曇		18.0	1.0	1.0	37.8	10.0	9	57.0	稍	**	**		ディープモンスター																																																									
2021105121	2023-06-04	3東京2		6.0	2歳新馬								横山武史		芝1400				1:22.3	0.0		3-3	34.8-36.0	35.5	400(0)				290.0	晴		9.0	7.0	7.0	9.2	4.0	2	55.0	稍	**	**		バスターコール																																																									
2021105121	2023-10-07	4東京1		3.0	2歳未勝利								横山武史		芝1400				1:22.2	0.5		15-16	35.6-33.9	33.0	424(+24)				55.0	晴		16.0	4.0	7.0	3.9	3.0	5	55.0	良	**	**		アグラード																																																									
2021105121	2023-11-26	5東京8		2.0	2歳未勝利								戸崎圭太		芝1600				1:35.1	0.0		2-2	36.0-34.3	34.1	430(+6)				220.0	曇		18.0	4.0	7.0	5.1	3.0	2	55.0	良	**	**		ツルマウカタチ																																																									
2021105121	2023-12-23	5中山7		3.0	2歳未勝利								戸崎圭太		芝1600				1:34.6	0.2		2-4-3	35.0-35.6	35.5	438(+8)				140.0	晴		16.0	1.0	1.0	2.7	1.0	3	55.0	良	**	**		モリノレッドスター																																																									
2021105121	2024-03-17	1中京4		4.0	3歳未勝利								吉田隼人		芝1600				1:35.7	-0.1		6-5-4	36.8-34.4	34.1	426(-12)				550.0	曇		16.0	7.0	14.0	2.7	1.0	1	55.0	良	**	**		(ジャズ)																																																									
2021105121	2024-09-08	4中山2		7.0	3歳以上1勝クラス								佐々木大		芝1600				1:32.8	0.0		15-12-11	35.5-33.3	32.5	436(+10)				800.0	晴		16.0	2.0	3.0	4.9	2.0	1	54.0	良	**	**		(レッドロスタム)																																																									
2021105121	2024-11-09	5東京3		12.0	3歳以上2勝クラス								佐々木大		芝1600				1:35.0	0.2		11-11	36.6-33.6	32.7	442(+6)				114.0	晴		12.0	5.0	6.0	3.0	1.0	5	55.0	良	**	**		セフィロ																																																									
2021105121	2024-12-22	5中山8		10.0	オルフェーヴルC(2勝クラス)								横山武史		芝1600				1:33.4	-0.2		10-11-10	34.6-35.6	34.7	440(-2)				1587.1	晴		16.0	7.0	14.0	3.1	1.0	1	55.0	良	**	**		(ウインレイアー)																																																									
2021105121	2025-03-15	2中山5		10.0	幕張S(3勝クラス)								横山武史		芝1600				1:33.9	0.5		4-8-8	34.8-35.6	35.2	440(0)					曇		13.0	4.0	5.0	3.9	1.0	9	55.0	良	**	**		キョウエイブリッサ																																																									
2021105121	2025-05-10	2東京5		9.0	分倍河原S(3勝クラス)								レーン		芝1600				1:34.9	0.2		9-8	36.2-33.8	33.3	440(0)					曇		15.0	5.0	8.0	11.0	6.0	6	56.0	稍	**	**		アルセナール																																																									
2021105121	2025-06-22	3東京6		10.0	多摩川S(3勝クラス)								大野拓弥		芝1400				1:21.8	0.6		16-16	35.5-34.3	33.5	434(-6)					晴		16.0	2.0	3.0	22.1	5.0	7	56.0	良	**	**		セフィロ																																																									
2021105121	2025-09-27	4中山8		11.0	秋風S(3勝クラス)								佐々木大		芝1600				1:33.2	0.3		14-15-13	35.2-34.6	33.7	442(+8)				184.0	晴		16.0	2.0	3.0	19.3	7.0	5	56.0	良	**	**		ピースワンデュック																																																									
2021105121	2025-12-28	5中山8		12.0	2025ファイナルS(3勝クラス)								坂井瑠星		芝1600				1:35.1	1.5		13-14-15	35.6-34.0	34.3	446(+4)					晴		16.0	4.0	7.0	22.5	7.0	14	55.0	良	**	**		ジョイフルニュース																																																									
2021105138	2023-07-23	2福島8		5.0	2歳新馬								武藤雅		芝2000				2:04.0	0.3		7-8-6-4	36.5-37.1	36.8	468(0)				180.0																																											晴		10.0	8.0	9.0	10.3	5.0	3	55.0	良	**	**		インビジブルセルフ															
2021105138	2023-10-22	4東京7		3.0	2歳未勝利								武藤雅		芝2000				2:01.7	-0.4		2-3-2	36.6-35.4	35.0	482(+14)				550.0																																											晴		8.0	5.0	5.0	3.6	2.0	1	55.0	良	**	**		(ユイノチョウシンキ)															
2021105138	2024-01-08	1中山3		6.0	3歳1勝クラス								武藤雅		芝2000				2:00.4	0.6		2-2-2-2	35.9-35.7	36.2	474(-8)				78.0																																											晴		11.0	8.0	10.0	30.0	9.0	5	55.0	良	**	**		ファビュラススター															
2021105138	2024-03-24	3中山2		8.0	ミモザ賞(1勝クラス)								武藤雅		芝2000				2:00.4	-0.2		5-6-7-7	35.9-35.6	35.1	464(-10)				1086.8																																											曇		7.0	6.0	6.0	5.9	3.0	1	55.0	良	**	**		(ニシノティアモ)															
2021105138	2024-05-19	2東京10		11.0	優駿牝馬(GI)								武藤雅		芝2400				2:24.9	0.9		13-14-16-16	34.7-35.1	34.5	468(+4)																																															曇		18.0	2.0	3.0	78.0	11.0	8	55.0	良	**	**		チェルヴィニア															
2021105138	2024-10-14	4東京4		7.0	3歳以上2勝クラス								武藤雅		芝2500				2:34.4	0.1		3-3-3-3	31.6-33.9	33.7	484(+16)				460.0																																											晴		7.0	2.0	2.0	2.3	1.0	2	53.0	良	**	**		リンフレスカンテ															
2021105138	2024-11-16	5東京5		9.0	南武特別(2勝クラス)								戸崎圭太		芝2400				2:27.0	0.0		4-4-4-4	38.4-34.7	34.2	480(-4)				626.6																																											曇		11.0	1.0	1.0	2.3	1.0	2	54.0	良	**	**		ラスカンブレス															
2021105138	2025-02-15	1東京5		9.0	箱根特別(2勝クラス)								ルメール		芝2400				2:25.1	0.1		2-2-1-1	37.3-34.3	34.4	478(-2)				627.6																																											晴		11.0	6.0	7.0	3.3	2.0	2	55.0	良	**	**		シャイニングソード															
2021105138	2025-03-22	2中山7		9.0	館山特別(2勝クラス)								武藤雅		芝2000				1:59.5	-0.3		4-4-3-3	34.5-36.0	35.7	468(-10)				1580.1																																											晴		13.0	2.0	2.0	2.6	1.0	1	56.0	良	**	**		(ブラックヴァール)															
2021105138	2025-06-07	3阪神1		11.0	垂水S(3勝クラス)								武藤雅		芝2000				2:02.5	3.9		3-2-3-4	35.4-35.6	39.3	464(-4)																																															曇		15.0	8.0	15.0	4.9	2.0	15	56.0	良	**	**		シェイクユアハート															
2021105138	2025-11-09	5東京2		10.0	イクイノックスM(3勝クラス)								武藤雅		芝2000				1:59.2	0.6		5-6-6	36.1-33.9	34.2	488(+24)				280.0																																											小雨		12.0	1.0	1.0	8.0	2.0	4	56.0	良	**	**		ウィクトルウェルス															
2021105138	2025-11-30	5東京8		11.0	ウェルカムS(3勝クラス)								武藤雅		芝2000				1:58.1	0.5		3-3-3	35.6-34.4	34.7	486(-2)				280.0																																											晴		15.0	2.0	3.0	13.6	6.0	4	56.0	良	**	**		ヴィレム															
2021105141	2023-07-29	1札幌3		5.0	2歳新馬								吉田隼人		芝1500				1:31.1	0.2		7-8-9	30.5-35.7	35.3	446(0)				110.0																																											晴		14.0	4.0	6.0	2.4	1.0	4	55.0	良	**	**		ギヴイットアゴー															
2021105141	2023-09-18	4阪神5		2.0	2歳未勝利								鮫島克駿		芝1600				1:33.8	0.5		4-3	34.5-34.7	34.9	450(+4)				83.0																																											晴		10.0	8.0	10.0	4.9	3.0	4	55.0	良	**	**		フルレゾン															
2021105141	2023-10-09	2京都3		3.0	2歳未勝利								松山弘平		芝1800				1:48.9	0.2		2-2	35.8-36.6	36.7	446(-4)				140.0																																											曇		9.0	7.0	7.0	3.5	1.0	3	55.0	重	**	**		ストラクチャー															
2021105141	2023-12-02	5阪神1		3.0	2歳未勝利								松山弘平		芝1600				1:34.5	0.3		3-3	35.1-34.4	34.4	452(+6)				83.0																																											晴		10.0	7.0	7.0	11.9	4.0	4	55.0	良	**	**		ルミッキ															
2021105141	2023-12-17	5阪神6		2.0	2歳未勝利								松山弘平		芝1800				1:49.2	1.1		11-12	35.0-35.3	35.5	450(-2)																																															晴		16.0	8.0	15.0	5.6	2.0	6	55.0	稍	**	**		ラビットアイ															
2021105141	2024-01-06	1京都1		5.0	3歳未勝利								鮫島克駿		芝1800				1:48.7	0.3		5-4	34.9-35.3	35.4	450(0)				140.0																																											曇		17.0	1.0	1.0	13.8	6.0	3	55.0	良	**	**		エラトー															
2021105141	2024-02-25	2小倉6		2.0	3歳未勝利								鮫島克駿		芝1800				1:50.1	0.3		3-3-3-3	35.9-37.0	36.3	448(-2)				220.0																																											曇		16.0	7.0	14.0	3.0	2.0	2	55.0	稍	**	**		サクソンジェンヌ															
2021105141	2024-03-24	2阪神2		5.0	3歳未勝利								鮫島克駿		芝1600				1:34.6	-0.5		6-6	35.0-35.6	35.2	448(0)				550.0																																											雨		18.0	7.0	14.0	3.8	3.0	1	55.0	重	**	**		(ヤマニンアルリフラ)															
2021105141	2024-05-04	3京都5		7.0	3歳1勝クラス								鮫島克駿		芝1600				1:33.0	0.7		5-3	34.0-34.4	34.6	454(+6)				120.0																																											晴		8.0	1.0	1.0	7.2	3.0	4	55.0	良	**	**		ワールズエンド															
2021105141	2024-05-19	2東京10		5.0	3歳1勝クラス								川田将雅		芝1600				1:34.8	0.4		2-2	36.6-33.8	34.1	448(-6)				120.0																																											曇		11.0	2.0	2.0	9.3	5.0	4	55.0	良	**	**		レガーロデルシエロ															
2021105141	2024-09-14	3中京3		6.0	3歳以上1勝クラス								川田将雅		芝1600				1:33.2	0.8		1-1-1	34.3-35.2	36.0	460(+12)																																															晴		16.0	1.0	1.0	6.8	4.0	11	54.0	良	**	**		レディントン															
2021105141	2024-10-06	5京都2		7.0	3歳以上1勝クラス								松山弘平		芝1800				1:46.1	0.1		4-3	34.9-34.6	34.4	460(0)				320.0																																											晴		16.0	1.0	2.0	5.3	2.0	2	54.0	良	**	**		ブエナオンダ															
2021105141	2024-11-03	6京都2		12.0	3歳以上1勝クラス								松山弘平		芝1600				1:34.1	0.5		5-5	34.2-35.9	35.5	456(-4)																																															晴		15.0	1.0	1.0	3.0	1.0	9	55.0	稍	**	**		ビップジーニー															
2021105141	2025-02-16	1京都6		8.0	4歳以上1勝クラス								松山弘平		芝1600				1:35.6	0.0		4-4	34.9-36.4	35.9	464(+8)				200.0																																											曇		18.0	5.0	10.0	7.1	3.0	3	56.0	稍	**	**		ロストシークレット															
2021105141	2025-03-02	1阪神2		8.0	4歳以上1勝クラス								松山弘平		芝1600				1:33.3	0.3		2-3	35.1-34.1	34.1	462(-2)				120.0																																											小雨		14.0	5.0	7.0	3.0	2.0	4	56.0	良	**	**		ブリックワーク															
2021105141	2025-03-29	2中京5		8.0	4歳以上1勝クラス								佐々木大		芝1600				1:35.2	0.9		1-1-1	35.1-35.3	36.2	458(-4)																																															晴		16.0	3.0	5.0	2.5	1.0	10	56.0	稍	**	**		エーデルサンライズ															
2021105141	2025-04-27	2京都2		7.0	4歳以上1勝クラス								鮫島克駿		芝1800				1:48.1	1.5		2-2	36.2-34.5	35.9	462(+4)																																															晴		10.0	8.0	10.0	3.2	1.0	10	56.0	良	**	**		ジーティームソウ															
2021105141	2025-08-24	4中京2		9.0	賢島特別(1勝クラス)								吉村誠之		芝1400				1:20.7	1.3		9-7	34.3-33.5	34.2	466(+4)																																															晴		14.0	8.0	14.0	23.5	7.0	10	56.0	良	**	**		ホーリーブラッサム															
2021105141	2025-09-14	4阪神4		7.0	3歳以上1勝クラス								鮫島克駿		芝1600				1:35.2	0.7		14-14	36.5-33.4	32.8	462(-4)																																															曇		14.0	5.0	7.0	25.8	6.0	9	56.0	良	**	**		ロンドボス															
2021105141	2025-09-28	4阪神9		8.0	3歳以上1勝クラス								藤岡佑介		芝1800				1:47.3	1.9		18-18	35.2-34.9	34.6	474(+12)																																															曇		18.0	2.0	3.0	53.2	10.0	16	56.0	良	**	**		ローランドバローズ															
2021105141	2025-10-13	3京都5		4.0	3歳以上1勝クラス								吉村誠之		ダ1800				1:54.1	1.9		4-5-3-3	37.0-37.5	39.0	472(-2)																																															晴		13.0	7.0	10.0	13.3	6.0	7	55.0	良	**	**		プリンセッサ															
2021105141	2025-12-14	5阪神4		7.0	3歳以上1勝クラス								吉村誠之		ダ1800				1:55.8	1.2		4-4-6-6	37.6-38.3	39.0	476(+4)																																															晴		12.0	6.0	7.0	9.4	4.0	10	55.0	良	**	**		マハナ															
2021105143	2023-10-09	4東京3		5.0	2歳新馬								横山典弘		芝1600				1:37.7	0.8		10-10	36.5-34.3	34.1	504(0)				110.0	雨		13.0	2.0	2.0	8.3	3.0	4	56.0	稍	**	**		ファビュラススター																																																									
2021105143	2023-10-28	2京都8		3.0	2歳未勝利								横山典弘		芝1800				1:47.9	-0.2		2-2	35.6-35.1	35.0	508(+4)				550.0	晴		10.0	6.0	6.0	11.3	5.0	1	56.0	良	**	**		(シルヴァリームーン)																																																									
2021105143	2023-11-25	3京都7		11.0	ラジオN杯京都2歳S(GIII)								横山典弘		芝2000				1:59.9	0.1		11-10-9-10	35.0-35.9	35.2	502(-6)				500.0	晴		14.0	3.0	4.0	43.0	11.0	4	56.0	良	**	**		シンエンペラー																																																									
2021105143	2024-01-14	1中山5		11.0	京成杯(GIII)								横山典弘		芝2000				2:00.5	-0.1		4-5-5-5	35.6-34.8	34.1	506(+4)				4153.2	晴		14.0	8.0	14.0	11.5	5.0	1	57.0	良	**	**		(アーバンシック)																																																									
2021105143	2024-04-14	3中山8		11.0	皐月賞(GI)								横山典弘		芝2000								34.2-35.8		504(-2)					晴		17.0	8.0	16.0			除	57.0	良	**	**		ジャスティンミラノ																																																									
2021105143	2024-05-26	2東京12		11.0	東京優駿(GI)								横山典弘		芝2400				2:24.3	-0.4		4-3-6-4	36.3-33.8	33.5	504(-2)				32886.8	晴		17.0	3.0	5.0	46.6	9.0	1	57.0	良	**	**		(ジャスティンミラノ)																																																									
2021105143	2024-10-20	5京都6		11.0	菊花賞(GI)								横山典弘		芝3000				3:04.8	0.7		8-9-14-15	37.0-35.9	35.5	522(+18)					晴		18.0	2.0	4.0	2.9	1.0	6	57.0	良	**	**		アーバンシック																																																									
2021105143	2024-12-22	5中山8		11.0	有馬記念(GI)								横山典弘		芝2500				2:32.0	0.2		1-1-1-1	31.4-35.2	35.4	520(-2)				13048.6	晴		15.0	1.0	1.0	4.0	2.0	3	56.0	良	**	**		レガレイラ																																																									
2021105143	2025-01-26	1中山9		11.0	アメリカジョッキーC(GII)								戸崎圭太		芝2200				2:12.1	-0.1		7-7-7-5	36.5-36.6	36.0	516(-4)				6328.8	晴		18.0	4.0	8.0	2.6	1.0	1	58.0	良	**	**		(マテンロウレオ)																																																									
2021105143	2025-04-05	メイダン			ドバイシーマクラシッ(GI)								戸崎圭太		芝2410				2:27.05						計不							9.0		6.0	5.7	4.0	1	57.0	良				()																																																									
2021105143	2025-08-20	ヨーク			英インターナショナル(GI)								戸崎圭太		芝2050										計不					晴		6.0		2.0	3.6	3.0	5	61.0	良																																																													
2021105143	2025-11-30	5東京8		12.0	ジャパンC(GI)								戸崎圭太		芝2400				2:20.8	0.5		8-8-10-9	34.5-34.6	33.8	508(0)				13054.0	晴		17.0	7.0	14.0	5.0	3.0	3	58.0	良	**	**		カランダガン																																																									
2021105143	2025-12-28	5中山8		11.0	有馬記念(GI)								戸崎圭太		芝2500				2:31.6	0.1		9-9-8-7	29.7-35.6	35.0	514(+6)				13050.4	晴		16.0	5.0	9.0	3.8	2.0	3	58.0	良	**	**		ミュージアムマイル																																																									
2021105160	2023-09-10	4阪神2		5.0	2歳新馬								横山典弘		芝1800				1:48.9	0.6		3-3	36.9-34.5	34.7	476(0)				110.0																																											晴		7.0	2.0	2.0	6.1	4.0	4	55.0	良	**	**		サークルオブジョイ															
2021105160	2023-10-08	4東京2		3.0	2歳未勝利								横山典弘		芝2000				2:02.9	0.2		4-4-3	37.3-34.4	34.3	474(-2)				140.0																																											曇		9.0	8.0	8.0	3.6	2.0	3	56.0	良	**	**		マイネルフランツ															
2021105160	2023-10-22	4新潟4		1.0	2歳未勝利								斎藤新		芝1800				1:49.8	-0.2		3-4	37.2-35.0	34.8	476(+2)				550.0																																											曇		9.0	8.0	8.0	4.3	2.0	1	56.0	重	**	**		(ロードアフェット)															
2021105160	2024-01-07	1京都2		6.0	3歳1勝クラス								Ｍ．デム		芝2000				2:03.4	0.6		2-2-3-3	36.8-34.5	34.8	466(-10)				200.0																																											晴		9.0	4.0	4.0	16.3	5.0	3	57.0	良	**	**		アドマイヤテラ															
2021105160	2024-01-27	2京都1		8.0	白梅賞(1勝クラス)								武豊		芝1600				1:34.5	0.2		5-6	34.5-36.2	35.7	470(+4)				434.4																																											晴		6.0	3.0	3.0	2.8	1.0	2	57.0	良	**	**		スマートスピア															
2021105160	2024-02-10	2京都5		9.0	こぶし賞(1勝クラス)								武豊		芝1600				1:35.8	0.9		9-9	36.1-34.3	34.4	476(+6)																																															曇		9.0	8.0	9.0	3.1	1.0	6	57.0	良	**	**		オフトレイル															
2021105160	2024-05-18	3京都9		9.0	メルボルンT(1勝クラス)								斎藤新		芝1600				1:33.5	0.6		10-10	35.3-34.1	33.4	476(0)																																															晴		13.0	2.0	2.0	23.1	7.0	7	57.0	良	**	**		スマートワイス															
2021105160	2024-06-30	1函館8		8.0	3歳以上1勝クラス								藤岡佑介		芝1800				1:49.5	0.7		13-13-13-13	36.4-35.4	35.0	470(-6)																																															曇		15.0	2.0	2.0	9.2	4.0	7	55.0	良	**	**		ガジュノリ															
2021105160	2024-07-21	1札幌2		8.0	3歳以上1勝クラス								藤岡佑介		芝2000				2:00.3	0.2		10-10-6-7	36.6-35.1	34.8	462(-8)				80.0																																											晴		10.0	6.0	6.0	31.1	7.0	5	55.0	良	**	**		ナイトスラッガー															
2021105160	2024-07-27	1札幌3		7.0	3歳以上1勝クラス								藤岡佑介		芝2000				2:00.3	0.2		8-8-5-3	35.2-35.1	34.5	458(-4)				120.0																																											曇		9.0	8.0	8.0	4.2	3.0	4	55.0	良	**	**		タンゴバイラリン															
2021105160	2024-10-19	4新潟5		7.0	3歳以上1勝クラス								古川吉洋		芝1800				1:47.4	1.0		7-7	35.1-35.4	35.2	470(+12)																																															小雨		10.0	1.0	1.0	6.0	3.0	6	56.0	良	**	**		ヴァイザーブリック															
2021105160	2024-11-09	3福島3		8.0	3歳以上1勝クラス								ドイル		芝2600				2:42.8	0.2		12-10-12-9	38.1-36.9	36.3	468(-2)				320.0																																											晴		15.0	1.0	1.0	4.2	2.0	2	56.0	良	**	**		ハイラント															
2021105160	2025-02-08	1小倉5		9.0	足立山特別(1勝クラス)								岩田康誠		芝2600				2:44.2	0.0		7-8-11-6	36.4-36.5	35.8	478(+10)				450.6																																											曇		14.0	8.0	14.0	2.9	1.0	2	57.0	稍	**	**		サークルオブジョイ															
2021105160	2025-02-23	1京都8		7.0	4歳以上1勝クラス								北村宏司		芝2400				2:28.7	0.9		7-7-7-8	36.8-34.9	35.0	484(+6)																																															曇		10.0	4.0	4.0	3.4	2.0	6	57.0	良	**	**		アメジストブラック															
2021105160	2025-03-23	1阪神8		7.0	4歳以上1勝クラス								川田将雅		芝2400				2:26.9	0.5		6-6-6-6	38.0-34.2	33.5	480(-4)				80.0																																											晴		9.0	1.0	1.0	2.5	2.0	5	57.0	良	**	**		スピードリッチ															
2021105160	2025-04-12	1福島1		8.0	4歳以上1勝クラス								斎藤新		芝2600				2:39.6	-0.2		4-3-5-4	37.4-36.6	35.4	478(-2)				800.0																																											曇		16.0	4.0	7.0	3.9	2.0	1	58.0	良	**	**		(ウインリュクス)															
2021105160	2025-09-28	4阪神9		9.0	兵庫特別(2勝クラス)								鮫島克駿		芝2400				2:26.7	0.9		4-4-4-4	38.3-33.7	34.2	478(0)				393.8																																											曇		12.0	6.0	7.0	10.6	3.0	3	55.0	良	**	**		ダノンシーマ															
2021105160	2025-10-18	3京都6		10.0	清滝特別(2勝クラス)								鮫島克駿		芝2200				2:14.4	0.7		6-6-5-5	37.7-33.8	33.9	478(0)				155.0																																											曇		9.0	7.0	8.0	8.0	4.0	5	58.0	良	**	**		ジョイボーイ															
2021105160	2025-11-16	3福島4		10.0	三陸特別(2勝クラス)								松本大輝		芝2600				2:42.2	0.8		9-9-13-10	37.0-35.1	35.0	468(-10)																																															晴		16.0	3.0	6.0	8.4	5.0	6	58.0	良	**	**		ローザサンリヴァル															
2021105164	2024-02-17	2京都7	曇	4.0	3歳新馬		16.0	4.0	8.0	22.0	8.0	11	国分優作	57.0	ダ1800		稍	**	1:58.7	4.1	**	11-11-10-10	37.5-38.3	41.3	556(0)			ミッキークレスト																																																																								
2021105164	2024-03-03	1阪神4	晴	2.0	3歳未勝利		15.0	5.0	9.0	233.1	13.0	11	国分優作	57.0	ダ1800		稍	**	1:58.5	3.5	**	10-12-9-8	37.5-39.2	41.2	542(-14)			タキ																																																																								
2021105164	2024-05-09	笠松	晴	9.0	鵜沼宿特別(3歳)		10.0	7.0	8.0	19.5	5.0	4	河原田菜	52.0	ダ1400		良	**	1:29.6	1.1	**	7-6-5		38.9	531(-11)			ナムラルッコラ	7.0																																																																							
2021105164	2024-05-19	3京都10	小雨	2.0	3歳未勝利		15.0	2.0	2.0	123.4	11.0	7	国分優作	57.0	ダ1900		良	**	2:03.3	2.4	**	11-13-11-11	29.8-39.0	39.6	530(-1)			アーマルコライト																																																																								
2021105164	2024-07-18	笠松	晴	9.0	大井宿特別(3歳)		8.0	8.0	8.0	6.0	3.0	5	河原田菜	52.0	ダ1400		良	**	1:29.3	2.3	**	8-7-7		37.9	527(-3)			ピエナクレスコ	3.5																																																																							
2021105164	2024-08-25	2中京6	晴	3.0	3歳未勝利		18.0	7.0	13.0	452.5	18.0	10	国分優作	57.0	芝2200		良	**	2:14.0	0.8	**	13-13-15-15	35.0-36.1	35.5	522(-5)			アラナコア																																																																								
2021105164	2024-12-15	4中京6	晴	10.0	一宮特別(2勝クラス)		10.0	5.0	5.0	125.8	9.0	10	ドイル	56.0	芝2200		良	**	2:16.9	3.3	**	2-4-7-8	37.6-35.5	37.8	542(+20)			ブロッケンボウ																																																																								
2021105164	2025-01-11	1中京3	晴	9.0	渥美特別(2勝クラス)		13.0	1.0	1.0	399.6	13.0	13	国分優作	57.0	芝2000		良	**	2:03.9	2.2	**	13-13-12-11	36.8-35.2	36.6	540(-2)			パワーホール																																																																								
2021105164	2025-04-06	3中山4	小雨	8.0	4歳以上1勝クラス		13.0	5.0	7.0	314.7	12.0	13	上里直汰	55.0	芝1800		良	**	1:51.5	2.9	**	13-13-13-13	36.2-35.1	35.8	546(+6)			ビジューブリランテ																																																																								
2021105164	2025-04-19	2阪神7	晴	7.0	4歳以上1勝クラス		10.0	5.0	5.0	306.4	10.0	9	橋木太希	55.0	芝2400		良	**	2:27.2	2.6	**	8-8-8-9	37.3-34.2	35.7	534(-12)			アクアヴァーナル																																																																								
2021105164	2025-05-20	名古屋	晴	1.0	C21組		12.0	5.0	5.0	1.1	1.0	1	岡部誠	57.0	ダ1400		稍	**	1:31.8	-2.8	**	2-1-1		39.6	540(+6)			(フィーユポワソン)	55.0																																																																							
2021105164	2025-06-04	名古屋	晴	8.0	逢妻川特別(C)		12.0	6.0	7.0	1.3	1.0	4	塚本征吾	57.0	ダ1700		稍	**	1:55.3	1.4	**	1-1-1		43.4	543(+3)			サトノスフィア	10.5																																																																							
2021105164	2025-06-13	名古屋	晴	9.0	C14組		12.0	7.0	9.0	1.5	1.0	1	塚本征吾	57.0	ダ1500		稍	**	1:37.8	-0.3	**	4-3-2		38.9	537(-6)			(アブストゥルース)	55.0																																																																							
2021105164	2025-06-27	名古屋	晴	9.0	煮え渕ポットホール特(C)		12.0	3.0	3.0	4.0	3.0	2	塚本征吾	57.0	ダ1700		稍	**	1:52.1	0.2	**	6-7-6		39.3	548(+11)			スティルザワン	29.8																																																																							
2021105164	2025-07-11	名古屋	晴	4.0	C4組		11.0	2.0	2.0	1.7	1.0	1	塚本征吾	57.0	ダ1500		良	**	1:37.1	-0.3	**	5-3-1		40.1	542(-6)			(ローザキアーロ)	55.0																																																																							
2021105164	2025-07-25	名古屋	晴	12.0	アジア・アジアパラ応(B)		12.0	2.0	2.0	2.0	1.0	6	塚本征吾	57.0	ダ1500		良	**	1:36.9	1.8	**	8-7-7		39.9	543(+1)			ココナツキュート																																																																								
2021105164	2025-09-05	名古屋	晴	9.0	B8組		12.0	5.0	6.0	5.2	3.0	3	塚本征吾	57.0	ダ1500		重	**	1:39.0	0.4	**	5-4-2		41.1	546(+3)			マサハヤヴァンス	13.0																																																																							
2021105164	2025-09-19	名古屋	曇	12.0	アジア・アジアパラ応(B)		10.0	5.0	5.0	2.5	1.0	4	塚本征吾	57.0	ダ1700		良	**	1:54.2	0.7	**	8-7-4		41.7	551(+5)			レイグレース	9.8																																																																							
2021105182	2023-09-18	4中山5		6.0	2歳新馬								岩田望来		芝2000				2:03.1	1.5		1-1-1-1	37.2-34.7	36.2	494(0)					晴		8.0	3.0	3.0	16.7	5.0	6	55.0	良	**	**		トロヴァトーレ																																																									
2021105182	2023-11-19	5東京6		3.0	2歳未勝利								吉田豊		芝2000				2:00.2	0.7		3-2-2	35.5-35.5	36.0	492(-2)				140.0	晴		15.0	3.0	4.0	26.9	7.0	3	56.0	良	**	**		カニキュル																																																									
2021105182	2023-12-17	5中山6		7.0	2歳未勝利								吉田豊		芝2000				2:03.6	1.4		6-7-4-2	36.5-36.5	37.7	492(0)					晴		18.0	8.0	18.0	10.7	6.0	13	56.0	良	**	**		アスクナイスショー																																																									
2021105182	2024-02-25	2中山2		1.0	3歳未勝利								キング		ダ1800				1:55.5	-0.4		2-3-3-2	37.3-39.6	39.4	500(+8)				550.0	小雨		16.0	1.0	2.0	13.2	7.0	1	57.0	稍	**	**		(アメリカンランナー)																																																									
2021105182	2024-05-04	2東京5		11.0	プリンシパルS(L)								大野拓弥		芝2000				2:00.5	0.9		4-7-5	36.9-34.2	34.2	494(-6)					晴		13.0	2.0	2.0	254.0	13.0	11	57.0	良	**	**		ダノンエアズロック																																																									
2021105182	2024-09-16	4中山5		7.0	3歳以上1勝クラス								津村明秀		ダ1800				1:55.1	1.0		4-6-5-4	36.9-39.8	40.0	504(+10)				200.0	曇		11.0	8.0	11.0	4.2	3.0	3	55.0	良	**	**		バロネッサ																																																									
2021105182	2024-12-07	5中山3		8.0	3歳以上1勝クラス								戸崎圭太		ダ1800				1:53.9	0.1		2-3-2-2	38.3-37.8	37.7	508(+4)				320.0	晴		16.0	5.0	10.0	7.0	3.0	2	57.0	良	**	**		エッグスラット																																																									
2021105182	2024-12-22	5中山8		7.0	3歳以上1勝クラス								Ｃ．デム		ダ1800				1:55.1	-0.4		5-5-3-1	37.7-39.7	39.4	512(+4)				800.0	晴		16.0	4.0	8.0	4.2	2.0	1	57.0	良	**	**		(チザルピーノ)																																																									
2021105182	2025-03-09	2中山4		12.0	4歳以上2勝クラス								ルメール		ダ1800				1:53.4	0.0		6-6-4-3	36.6-38.8	38.4	512(0)				460.0	晴		15.0	2.0	3.0	4.0	2.0	2	58.0	重	**	**		ブレスワード																																																									
2021105182	2025-03-29	3中山1		12.0	4歳以上2勝クラス								ルメール		ダ1800				1:52.8	1.1		7-7-7-7	36.9-38.2	37.5	508(-4)				290.0	曇		13.0	5.0	6.0	2.3	1.0	3	58.0	稍	**	**		イデアイゴッソウ																																																									
2021105182	2025-04-20	3中山8		8.0	利根川特別(2勝クラス)								モレイラ		ダ1800				1:54.1	0.2		5-4-5-4	37.2-38.1	37.8	508(0)				630.4	曇		16.0	2.0	3.0	2.6	2.0	2	58.0	良	**	**		ソレルビュレット																																																									
2021105182	2025-07-05	1函館7		10.0	竜飛崎特別(2勝クラス)								横山武史		ダ1700				1:42.8	-0.2		2-2-2-2	29.3-37.3	37.2	500(-8)				1581.5	晴		14.0	8.0	14.0	9.2	4.0	1	58.0	重	**	**		(マンダリンボレロ)																																																									
2021105182	2025-07-27	1札幌2		10.0	ポプラS(3勝クラス)								横山武史		ダ1700				1:43.3	0.5		3-3-3-3	30.7-35.8	36.1	500(0)				745.0	晴		8.0	3.0	3.0	3.0	1.0	2	58.0	重	**	**		ラタフォレスト																																																									
2021105182	2025-11-24	3福島6		11.0	奥羽S(3勝クラス)								横山武史		ダ1700				1:46.8	0.6		7-7-6-5	30.8-37.7	37.9	504(+4)					曇		15.0	3.0	4.0	2.1	1.0	7	58.0	良	**	**		シェットランド																																																									
2021105182	2025-12-21	5中山6		10.0	北総S(3勝クラス)								佐々木大		ダ1800				1:52.1	1.0		13-13-8-8	36.4-36.9	37.1	508(+4)					曇		15.0	5.0	9.0	4.1	2.0	8	58.0	重	**	**		イムホテプ																																																									
2021105228	2023-10-29	2京都9		6.0	2歳新馬								藤岡康太		芝1400				1:22.8	0.4		4-5	35.2-35.1	34.9	442(0)				110.0																																											晴		10.0	3.0	3.0	5.5	3.0	4	55.0	良	**	**		ビップジーニー															
2021105228	2024-01-13	1京都4		5.0	3歳未勝利								角田大河		芝1600				1:35.6	0.9		6-5	34.0-36.3	36.8	440(-2)				83.0																																											曇		18.0	4.0	8.0	40.2	11.0	4	54.0	良	**	**		ソルトクィーン															
2021105228	2024-02-10	2京都5		5.0	3歳未勝利								角田大河		芝2000				2:02.5	0.0		2-2-2-2	37.3-35.3	35.2	438(-2)				220.0																																											曇		12.0	4.0	4.0	9.1	5.0	2	54.0	良	**	**		テーオーダグラス															
2021105228	2024-08-11	2中京2		3.0	3歳未勝利								永島まな		芝2000				1:58.6	-0.4		1-1-1-1	34.9-35.7	35.7	442(+4)				550.0																																											晴		18.0	3.0	5.0	4.0	2.0	1	53.0	良	**	**		(アクイローネ)															
2021105228	2024-09-15	3中京4		11.0	関西TVローズS(GII)								永島まな		芝2000				2:00.3	0.4		2-2-2-2	36.1-35.6	34.6	442(0)																																															曇		15.0	4.0	6.0	45.3	9.0	6	55.0	稍	**	**		クイーンズウォーク															
2021105228	2025-05-10	2京都5		7.0	4歳以上1勝クラス								武豊		芝2000				2:01.6	-0.5		1-1-1-1	35.9-34.8	34.8	464(+22)				800.0																																											曇		11.0	1.0	1.0	3.5	1.0	1	56.0	稍	**	**		(トリオンファルマン)															
2021105228	2025-08-16	3中京7		8.0	長久手特別(2勝クラス)								団野大成		芝2000				1:59.7	-0.2		2-2-2-2	37.0-34.1	34.0	464(0)				1566.8																																											晴		8.0	8.0	8.0	3.8	2.0	1	56.0	良	**	**		(タガノアビー)															
2021105228	2025-10-05	3京都2		9.0	大原S(3勝クラス)								団野大成		芝2000				1:59.4	-0.2		2-2-2-1	36.1-34.3	34.2	454(-10)				1858.9																																											曇		9.0	1.0	1.0	2.9	2.0	1	56.0	稍	**	**		(アイスグリーン)															
2021105247	2024-01-13	1京都4		4.0	3歳新馬								坂井瑠星		ダ1800				1:57.6	2.4		7-7-7-7	37.5-36.8	38.4	502(0)																			晴		16.0	5.0	9.0	2.5	1.0	7	57.0	良	**	**		ダノンケイツー																																											
2021105247	2024-03-10	1阪神6		3.0	3歳未勝利								ムルザバ		ダ1800				1:57.3	0.6		8-7-5-4	38.1-39.8	39.8	496(-6)				83.0															晴		13.0	4.0	4.0	6.1	4.0	4	57.0	良	**	**		ゼンダンスカイ																																											
2021105247	2024-03-23	2阪神1		5.0	3歳未勝利								ムルザバ		ダ1800				1:54.0	1.9		10-10-8-6	36.2-37.9	38.3	496(0)																			雨		13.0	5.0	6.0	14.0	4.0	6	57.0	不	**	**		トモジャザーン																																											
2021105247	2024-04-14	3中山8		3.0	3歳未勝利								坂井瑠星		ダ1800				1:56.3	2.1		7-7-5-4	35.9-39.4	41.0	490(-6)				55.0															晴		15.0	2.0	3.0	24.9	6.0	5	57.0	良	**	**		テリフィックプラン																																											
2021105247	2024-06-08	4京都3		3.0	3歳未勝利								岩田望来		ダ1800				1:56.9	4.3		6-7-4-7	37.3-37.8	41.4	492(+2)																			晴		16.0	5.0	10.0	12.5	5.0	12	57.0	良	**	**		メイショウマドロス																																											
2021105247	2024-07-07	3小倉4		7.0	3歳未勝利								岩田康誠		芝1800				1:48.5	1.4		15-15-15-15	34.9-36.5	36.0	480(-12)																			晴		16.0	8.0	16.0	59.2	13.0	6	57.0	良	**	**		ダノンアトラス																																											
2021105247	2024-08-25	2中京6		3.0	3歳未勝利								岩田望来		芝2200				2:13.4	0.2		14-14-13-13	35.0-36.1	35.1	488(+8)				140.0															晴		18.0	8.0	18.0	57.4	11.0	3	57.0	良	**	**		アラナコア																																											
2021105247	2024-09-01	2中京8		6.0	3歳未勝利								岩田康誠		芝2000				2:00.7	-0.1		7-10-11-7	36.3-36.3	35.6	484(-4)				550.0															曇		18.0	4.0	8.0	10.8	6.0	1	57.0	重	**	**		(ファミリータイム)																																											
2021105247	2024-12-07	4中京3		7.0	3歳以上1勝クラス								岩田康誠		芝2200				2:12.2	0.4		6-6-5-6	34.3-35.8	35.6	500(+16)				120.0															曇		18.0	2.0	4.0	8.0	4.0	4	56.0	良	**	**		ファミリータイム																																											
2021105247	2025-08-03	3中京4		11.0	3歳以上1勝クラス								岩田康誠		芝2200				2:12.9	0.3		4-4-3-2	37.1-34.4	34.6	484(-16)				200.0															晴		8.0	4.0	4.0	3.5	2.0	3	58.0	良	**	**		サトノソティラス																																											
2021105247	2025-11-02	3京都11		7.0	3歳以上1勝クラス								鮫島克駿		芝2200				2:13.6	0.3		9-9-12-10	36.2-34.4	34.1	496(+12)																			晴		16.0	4.0	8.0	15.0	8.0	6	58.0	良	**	**		スカイサーベイ																																											
2021105247	2025-11-24	3福島6		9.0	磐梯山特別(1勝クラス)								松本大輝		芝2600				2:41.0	1.2		6-7-8-8	37.8-35.5	36.3	484(-12)																			曇		16.0	4.0	7.0	6.8	3.0	13	58.0	良	**	**		カーミングライツ																																											
2021105247	2026-01-18	1京都7		8.0	4歳以上1勝クラス								鮫島克駿		芝2400				2:26.6	0.0		3-4-5-4	36.7-36.0	35.3	496(+12)				820.0																																																									晴		12.0	6.0	7.0	9.0	4.0	1	58.0	良	**	**		(アスクコモンタレヴ)	202608010708
2021105253	2023-12-10	5阪神4		4.0	2歳新馬								Ｍ．デム		芝1600				1:37.9	0.8		2-5	37.7-34.1	34.6	496(0)																			晴		17.0	5.0	9.0	2.1	1.0	12	55.0	良	**	**		チルカーノ																																											
2021105253	2023-12-24	5阪神8		2.0	2歳未勝利								Ｍ．デム		芝1600				1:36.4	1.6		3-3	35.4-34.6	35.9	494(-2)																			晴		16.0	3.0	6.0	8.9	5.0	13	55.0	良	**	**		セシリエプラージュ																																											
2021105253	2024-03-23	1中京5		2.0	3歳未勝利								富田暁		芝1400				1:24.7	1.1		1-1	36.1-35.2	36.3	486(-8)																			雨		18.0	5.0	10.0	12.1	6.0	8	55.0	重	**	**		ストレイトアスク																																											
2021105253	2024-04-14	2阪神8		1.0	3歳未勝利								北村友一		ダ1200				1:14.0	0.6		2-2	35.0-38.4	38.9	476(-10)																			晴		16.0	7.0	14.0	15.1	6.0	6	55.0	良	**	**		エブライト																																											
2021105253	2024-05-18	3京都9		2.0	3歳未勝利								和田竜二		ダ1200				1:13.7	1.1		4-4	35.7-36.9	37.5	480(+4)				83.0															晴		16.0	6.0	11.0	15.8	7.0	4	55.0	良	**	**		アメリカンマーチ																																											
2021105253	2024-06-16	4京都6		1.0	3歳未勝利								和田竜二		ダ1200				1:13.2	2.1		6-4	35.4-35.7	37.1	498(+18)				140.0															曇		14.0	5.0	9.0	7.1	3.0	3	55.0	稍	**	**		ミルミナーヴァ																																											
2021105253	2024-08-07	川崎		7.0	ペリドットフラワー賞(3歳C1)								森泰斗		ダ1400				1:31.7	-0.1		2-2-1-1	38.3-41.6	41.6	499(+1)				250.0															曇		11.0	7.0	9.0	2.5	1.0	1	54.0	良	**	**		(フェレザ)																																											
2021105253	2024-10-19	5京都5		8.0	3歳以上1勝クラス								北村友一		ダ1400				1:25.0	0.2		2-2	35.1-37.7	37.7	500(+1)				200.0															雨		15.0	4.0	7.0	6.2	3.0	3	54.0	稍	**	**		ナッカーフェイス																																											
2021105253	2024-11-17	6京都6		6.0	3歳以上1勝クラス								北村友一		ダ1400				1:25.2	0.4		4-4	34.6-38.1	38.0	500(0)																			曇		16.0	2.0	3.0	4.9	2.0	7	55.0	良	**	**		ジョニール																																											
2021105253	2025-05-31	2京都11		6.0	4歳以上1勝クラス								北村友一		ダ1400				1:23.6	-0.2		3-3	33.9-37.7	37.4	500(0)				800.0															曇		16.0	1.0	2.0	7.0	4.0	1	56.0	良	**	**		(ニホンピロカラット)																																											
2021105253	2025-06-22	3東京6		9.0	甲州街道特別(2勝クラス)								戸崎圭太		ダ1400				1:26.0	2.6		4-5	34.8-37.0	38.8	494(-6)																			晴		16.0	4.0	7.0	3.2	1.0	12	56.0	良	**	**		トクシーカイザー																																											
2021105253	2026-01-18	1京都7		9.0	小倉山特別(2勝クラス)								松若風馬		ダ1400				1:25.4	0.8		4-4	34.6-37.5	37.9	504(+10)																																																													晴		16.0	4.0	7.0	17.5	7.0	9	56.0	良	**	**		トゥロン	202608010709
2021105260	2024-03-09	1中京1		5.0	3歳未勝利								永島まな		芝1600				1:37.7	2.4		7-14-14	35.6-35.3	36.1	460(0)																																	晴		15.0	5.0	9.0	31.2	9.0	14	52.0	良	**	**		ケイケイ																													
2021105260	2024-05-11	1新潟5		1.0	3歳未勝利								菊沢一樹		ダ1200				1:12.6	0.0		3-3	34.9-37.7	37.5	450(-10)				220.0																													晴		15.0	5.0	9.0	17.3	4.0	2	55.0	良	**	**		エンジェルスノー																													
2021105260	2024-06-01	3東京1		2.0	3歳未勝利								菊沢一樹		ダ1400				1:26.5	2.4		2-3	35.5-36.2	38.3	454(+4)																																	晴		16.0	3.0	6.0	4.6	3.0	11	55.0	重	**	**		アルプスオジョー																													
2021105260	2024-07-14	1函館12		4.0	3歳未勝利								小林勝太		ダ1000				1:00.3	1.0		10-10	34.7-36.0	36.2	444(-10)																																	晴		12.0	4.0	4.0	9.3	6.0	6	52.0	良	**	**		ペレグリン																													
2021105260	2024-08-29	船橋		2.0	今日は肉の日千葉の牛(3歳)								川島正太		ダ1200				1:14.9	-0.9		1-1-1	37.0-37.9	37.9	455(+11)				130.0																													曇		12.0	5.0	5.0	4.6	2.0	1	54.0	良	**	**		(ドナミント)																													
2021105260	2024-09-25	船橋		5.0	コキアスプリント(3歳)								川島正太		ダ1200				1:16.0	-0.2		2-2-1	37.6-38.4	38.2	451(-4)				200.0																													曇		12.0	8.0	11.0	1.3	1.0	1	54.0	良	**	**		(セレナエフォール)																													
2021105260	2024-11-09	3福島3		7.0	3歳以上1勝クラス								吉田隼人		ダ1150				1:09.2	0.9		6-3	31.7-36.6	37.1	444(-7)																																	晴		16.0	2.0	4.0	71.9	12.0	6	55.0	良	**	**		シャカシャカシー																													
2021105260	2024-11-30	4中京1		2.0	3歳以上1勝クラス								吉田隼人		ダ1200				1:13.3	1.0		9-7	34.6-37.7	37.7	444(0)																																	曇		16.0	2.0	3.0	50.8	12.0	9	55.0	良	**	**		イミュータブル																													
2021105260	2025-02-08	1小倉5		3.0	4歳以上1勝クラス								佐々木大		ダ1000				0:59.0	1.3		6-7	33.5-35.3	35.7	454(+10)																																	晴		14.0	6.0	9.0	71.1	11.0	7	56.0	稍	**	**		タイセイアレス																													
2021105260	2025-04-05	3中山3		12.0	4歳以上1勝クラス								木幡巧也		ダ1200				1:12.5	2.0		7-9	34.1-36.4	37.7	452(-2)																																	晴		16.0	8.0	15.0	263.0	14.0	12	56.0	稍	**	**		ロサンゼルス																													
2021105260	2025-04-27	1福島6		7.0	4歳以上1勝クラス								佐藤翔馬		芝1200				1:09.3	0.3		3-3	34.3-34.7	34.7	450(-2)				80.0																													晴		14.0	5.0	7.0	111.1	12.0	5	53.0	良	**	**		ライクアフラワー																													
2021105260	2025-06-14	1函館1		7.0	3歳以上1勝クラス								佐々木大		芝1200				1:08.2	1.0		3-3	32.6-34.6	35.3	446(-4)																																	晴		14.0	5.0	7.0	31.8	10.0	8	56.0	良	**	**		ラパンチュール																													
2021105260	2025-06-28	1函館5		9.0	長万部特別(1勝クラス)								木幡巧也		芝1200				1:09.0	0.4		4-4	34.2-34.4	34.3	450(+4)				111.0																													晴		8.0	5.0	5.0	28.4	5.0	5	56.0	良	**	**		エルサトアナ																													
2021105260	2025-07-19	1函館11		12.0	3歳以上1勝クラス								佐々木大		芝1200				1:08.6	0.2		5-5	33.4-35.0	34.6	456(+6)				320.0																													晴		16.0	1.0	2.0	10.9	5.0	2	56.0	良	**	**		マジカルフェアリー																													
2021105260	2025-07-26	1札幌1		7.0	3歳以上1勝クラス								佐々木大		芝1200				1:08.7	-0.2		4-4	33.7-35.0	34.0	446(-10)				800.0																													曇		8.0	1.0	1.0	2.8	1.0	1	56.0	良	**	**		(ハイファイスピード)																													
2021105260	2025-09-06	2札幌5		10.0	札幌スポニチ賞(2勝クラス)								浜中俊		芝1200				1:10.9	1.6		9-10	34.3-35.0	35.8	456(+10)																																	曇		16.0	6.0	11.0	23.7	9.0	16	56.0	良	**	**		サウンドモリアーナ																													
2021105260	2025-11-09	5東京2		12.0	3歳以上2勝クラス								木幡巧也		芝1400				1:22.1	0.7		10-10	35.6-33.6	33.6	450(-6)																																	曇		18.0	5.0	10.0	218.0	15.0	9	56.0	良	**	**		タイセイカレント																													
2021105260	2026-01-17	1中山6		12.0	4歳以上2勝クラス								木幡巧也		芝1200				1:09.1	1.1		13-15	34.3-33.7	34.0	462(+12)																																	晴		16.0	8.0	15.0	214.8	16.0	15	56.0	良				カンシン																													
2021105271	2023-10-21	4東京6		5.0	2歳新馬								戸崎圭太		芝2000				2:02.2	0.6		7-6-6	37.1-34.1	34.2	520(0)				180.0															晴		16.0	1.0	2.0	4.2	3.0	3	56.0	良	**	**		アフィリオン																																											
2021105271	2023-12-03	5中山2		3.0	2歳未勝利								戸崎圭太		芝2000				2:00.9	0.2		11-8-8-6	35.7-35.0	34.5	526(+6)				220.0															晴		18.0	6.0	12.0	5.6	2.0	2	56.0	良	**	**		ウインマクシマム																																											
2021105271	2024-01-13	1中山4		6.0	3歳未勝利								戸崎圭太		芝2000				2:00.8	0.6		1-1-4-5	36.1-34.6	35.0	526(0)				83.0															晴		17.0	2.0	3.0	2.4	2.0	4	57.0	良	**	**		ヘデントール																																											
2021105271	2024-02-04	1東京4		2.0	3歳未勝利								戸崎圭太		ダ2100				2:16.1	-0.7		1-1-1-1	32.2-36.9	36.9	524(-2)				550.0															曇		16.0	2.0	4.0	1.6	1.0	1	57.0	良	**	**		(リアルビギニング)																																											
2021105271	2024-03-10	2中山6		6.0	3歳1勝クラス								横山和生		ダ1800				1:54.1	-0.2		7-6-5-5	36.8-39.3	38.9	524(0)				780.0															晴		16.0	6.0	11.0	4.0	2.0	1	57.0	稍	**	**		(メイプルタピット)																																											
2021105271	2024-04-27	3京都3		11.0	ユニコーンS(GIII)								横山和生		ダ1900				1:59.0	0.4		6-7-7-6	29.5-38.1	38.0	522(-2)				1516.6															曇		16.0	5.0	9.0	10.6	5.0	2	57.0	良	**	**		ラムジェット																																											
2021105271	2024-06-05	大井		11.0	東京ダービー競走(JpnI)								横山和生		ダ2000				2:07.3	1.2		2-2-2-2	37.5-37.7	38.9	527(+5)				3500.0															晴		16.0	5.0	10.0	3.2	2.0	2	57.0	稍	**	**		ラムジェット																																											
2021105271	2024-10-02	大井		11.0	ジャパンダートクラシ(JpnI)								横山和生		ダ2000				2:09.5	5.4		5-5-6-6	35.7-38.2	43.2	539(+12)																			晴		15.0	5.0	9.0	56.4	7.0	13	57.0	良	**	**		フォーエバーヤング																																											
2021105271	2024-11-16	6京都5		11.0	アンドロメダS(L)								藤岡佑介		芝2000				2:00.7	2.1		5-5-8-8	35.9-35.3	36.1	526(-13)																			曇		15.0	4.0	7.0	33.3	9.0	14	55.0	良	**	**		デシエルト																																											
2021105271	2025-01-26	1中京9		11.0	プロキオンS(GII)								国分優作		ダ1800				1:52.2	1.6		10-11-9-8	37.2-37.3	38.0	528(+2)																			晴		16.0	8.0	16.0	53.9	10.0	13	56.0	良	**	**		サンデーファンデー																																											
2021105271	2025-05-04	2東京4		10.0	ブリリアントS(L)								ディー		ダ2100				2:09.4	1.2		4-3-2-3	30.4-36.5	37.4	536(+8)				240.0															晴		16.0	1.0	1.0	25.5	7.0	5	57.0	稍	**	**		ディープリボーン																																											
2021105271	2025-06-21	3東京5		11.0	スレイプニルS(OP)								ディー		ダ2100				2:10.4	1.6		4-4-4-4	30.2-38.2	39.3	534(-2)																			晴		11.0	3.0	3.0	18.2	8.0	8	58.0	良	**	**		クールミラボー																																											
2021105271	2025-10-19	4東京7		11.0	ブラジルC(L)								原優介		ダ2100				2:15.5	5.3		2-2-2-2	29.3-37.1	42.3	532(-2)																			小雨		12.0	1.0	1.0	36.5	10.0	12	56.0	良	**	**		アピーリングルック																																											
2021105271	2026-01-18	1中山7		4.0	障害4歳以上未勝利								上野翔		障2880				3:15.3	1.7		8-7-6-6	106.1-0.0	13.6	538(+6)																																																													晴		14.0	3.0	4.0	9.9	5.0	6	60.0	良				アスクオンディープ	202606010704
2021105272	2023-11-18	5東京5		5.0	2歳新馬								田辺裕信		芝2000				2:02.6	0.6		10-10-11	37.8-33.5	33.1	506(0)				180.0	晴		14.0	6.0	9.0	20.6	6.0	3	56.0	良	**	**		ジャスティンミラノ																																																									
2021105272	2023-12-10	5中山4		6.0	2歳未勝利								田辺裕信		芝2000				2:00.7	0.0		11-10-8-4	35.4-35.9	35.1	512(+6)				220.0	晴		18.0	6.0	12.0	3.1	1.0	2	56.0	良	**	**		エコロレイズ																																																									
2021105272	2024-02-11	1東京6		5.0	3歳未勝利								田辺裕信		芝1800				1:47.3	1.1		7-9-9	35.8-34.4	34.1	514(+2)				140.0	晴		16.0	6.0	11.0	2.1	2.0	3	57.0	良	**	**		バロネッサ																																																									
2021105272	2024-03-02	2中山3		5.0	3歳未勝利								岩田望来		芝2200				2:17.7	1.2		5-5-5-5	37.6-35.4	36.2	516(+2)					曇		18.0	6.0	11.0	2.9	2.0	6	57.0	稍	**	**		デュアルウィルダー																																																									
2021105272	2024-04-21	2東京2		2.0	3歳未勝利								田辺裕信		ダ1600				1:39.2	0.1		11-9	35.6-38.4	36.7	508(-8)				140.0	晴		16.0	1.0	2.0	3.4	2.0	3	57.0	良	**	**		ロサンゼルス																																																									
2021105272	2024-05-12	2東京8		2.0	3歳未勝利								田辺裕信		ダ1600				1:37.9	0.1		4-3	36.2-36.7	36.5	514(+6)				220.0	曇		16.0	2.0	4.0	2.2	1.0	2	57.0	良	**	**		ウェットシーズン																																																									
2021105272	2024-05-26	2東京12		3.0	3歳未勝利								田辺裕信		ダ1600				1:36.9	-0.1		7-6	34.7-37.6	36.9	514(0)				550.0	曇		16.0	4.0	8.0	1.6	1.0	1	57.0	良	**	**		(ホウオウフェイント)																																																									
2021105272	2024-07-27	1札幌3		7.0	3歳以上1勝クラス								横山和生		芝2000				2:00.1	-0.1		4-4-2-1	35.2-35.1	34.5	506(-8)				800.0	曇		9.0	1.0	1.0	2.8	1.0	1	55.0	良	**	**		(レイククレセント)																																																									
2021105272	2024-08-11	2札幌2		10.0	藻岩山特別(2勝クラス)								大野拓弥		芝2000				1:59.7	0.1		6-6-6-4	35.6-36.4	35.8	506(0)				393.7	晴		12.0	7.0	9.0	8.7	4.0	3	55.0	良	**	**		パトリックハンサム																																																									
2021105272	2024-09-16	4中山5		11.0	朝日セントライト記念(GII)								菅原明良		芝2200				2:13.1	1.5		3-2-3-5	36.2-34.6	35.6	506(0)					曇		14.0	8.0	14.0	75.7	9.0	7	57.0	良	**	**		アーバンシック																																																									
2021105272	2024-11-30	5中山1		10.0	鹿島特別(2勝クラス)								田辺裕信		ダ1800				1:53.2	0.4		13-13-13-13	35.8-37.6	37.3	512(+6)				230.0	晴		15.0	4.0	6.0	4.9	3.0	4	56.0	稍	**	**		サクラトップリアル																																																									
2021105272	2024-12-22	7京都8		9.0	クリスマスエルフ賞(2勝クラス)								田辺裕信		ダ1800				1:53.8	-0.1		9-9-9-8	37.2-38.6	37.3	510(-2)				1586.4	晴		16.0	7.0	13.0	2.9	1.0	1	57.0	良	**	**		(ジョータルマエ)																																																									
2021105272	2025-02-16	1京都6		10.0	北山S(3勝クラス)								北村友一		ダ1800				1:52.5	0.8		11-11-10-10	36.3-37.5	37.0	514(+4)					曇		13.0	6.0	9.0	22.1	7.0	6	57.0	稍	**	**		コンティノアール																																																									
2021105272	2025-03-16	1阪神6		10.0	甲南S(3勝クラス)								高杉吏麒		ダ2000				2:07.2	0.7		6-6-8-9	37.0-36.7	36.7	514(0)				184.0	雨		15.0	2.0	2.0	6.8	3.0	5	55.0	重	**	**		タイトニット																																																									
2021105272	2025-04-19	3中山7		10.0	下総S(3勝クラス)								田辺裕信		ダ1800				1:53.4	0.8		14-14-13-12	35.5-38.5	38.0	518(+4)				280.0	晴		16.0	1.0	1.0	17.1	6.0	4	58.0	良	**	**		ジョージテソーロ																																																									
2021105272	2025-05-25	2東京10		12.0	丹沢S(3勝クラス)								田辺裕信		ダ2100				2:08.3	1.1		12-12-12-13	30.3-35.9	36.0	518(0)					曇		16.0	5.0	9.0	8.3	4.0	8	55.0	重	**	**		カズタンジャー																																																									
2021105272	2025-07-27	1札幌2		10.0	ポプラS(3勝クラス)								横山典弘		ダ1700				1:43.6	0.8		5-5-5-6	30.7-35.8	36.0	526(+8)				280.0	晴		8.0	5.0	5.0	13.4	5.0	4	58.0	重	**	**		ラタフォレスト																																																									
2021105272	2025-10-11	3京都3		11.0	御陵S(3勝クラス)								吉村誠之		ダ1900				1:59.5	1.9		14-13-13-12	30.0-37.7	38.4	528(+2)					晴		16.0	5.0	9.0	29.5	9.0	12	55.0	良	**	**		タガノバビロン																																																									
2021105272	2026-01-04	1中山1		9.0	招福S(3勝クラス)								菅原明良		ダ1800				1:54.0	0.9		7-7-7-6	37.6-38.2	38.7	518(-10)					晴		11.0	6.0	7.0	16.5	6.0	7	58.0	稍	**	**		アスクデビューモア																																																									
2021105295	2023-07-16	2函館6		5.0	2歳新馬								武豊		芝1800				1:53.0	2.0		2-2-2-2	36.6-36.2	38.2	472(0)																																	曇		14.0	6.0	9.0	2.7	1.0	9	55.0	稍	**	**		マーゴットソラーレ																													
2021105295	2023-08-06	1札幌6		1.0	2歳未勝利								武豊		芝1500				1:33.1	-0.1		1-1-1	29.6-38.6	38.6	474(+2)				550.0																													雨		14.0	4.0	5.0	5.1	2.0	1	55.0	重	**	**		(カレンナオトメ)																													
2021105295	2023-10-07	4東京1		11.0	サウジアラビアRC(GIII)								横山和生		芝1600				1:33.8	0.4		1-1	34.9-34.2	34.6	476(+2)				500.0																													晴		9.0	7.0	7.0	36.0	4.0	4	56.0	良	**	**		ゴンバデカーブース																													
2021105295	2023-11-19	3京都6		9.0	秋明菊賞(1勝クラス)								横山和生		芝1400				1:21.3	0.6		1-2	34.8-34.7	35.2	472(-4)				160.0																													晴		8.0	2.0	2.0	4.8	3.0	4	56.0	良	**	**		ダノンマッキンリー																													
2021105295	2024-08-25	2札幌6		8.0	3歳以上1勝クラス								横山典弘		芝1500				1:28.4	0.4		1-1-1	28.8-35.8	36.2	490(+18)				200.0																													晴		14.0	2.0	2.0	3.9	2.0	3	55.0	良	**	**		チュウワダンス																													
2021105295	2024-09-21	3中京6		10.0	賢島特別(2勝クラス)								横山典弘		芝1200				1:09.9	1.5		16-16	34.2-34.2	33.5	484(-6)																																	晴		16.0	7.0	14.0	12.2	6.0	16	53.0	良	**	**		フィオライア																													
2021105295	2024-10-27	4東京8		6.0	3歳以上1勝クラス								横山典弘		芝1400				1:21.2	0.1		5-6	34.9-34.0	33.7	486(+2)				80.0																													曇		18.0	8.0	16.0	10.0	7.0	5	56.0	良	**	**		エヴァンスウィート																													
2021105295	2025-12-07	5中京2		8.0	3歳以上1勝クラス								吉田隼人		芝1400				1:20.4	-0.1		4-4	34.6-34.4	34.0	488(+2)				800.0																													晴		18.0	7.0	15.0	22.6	7.0	1	58.0	良	**	**		(エイヘンハールト)																													
2021105295	2025-12-21	5中京6		12.0	尾張特別(2勝クラス)								国分優作		芝1400				1:22.2	0.3		6-6	34.6-35.5	35.0	486(-2)				155.0																													曇		18.0	6.0	12.0	5.3	1.0	5	56.0	稍	**	**		リチャードバローズ																													
2021105295	2026-01-17	1京都6		12.0	4歳以上2勝クラス								国分優作		芝1600				1:34.0	0.5		5-5	35.2-34.5	34.5	490(+4)				119.0																													晴		18.0	5.0	10.0	9.6	6.0	5	58.0	良				カズミクラーシュ																													
2021105374	2023-06-25	3阪神8	曇	5.0	2歳新馬		7.0	3.0	3.0	3.1	2.0	6	川田将雅	55.0	芝1800		良	**	1:50.5	1.7	**	2-2	36.1-34.2	35.8	496(0)			ギャンブルルーム																																																																								
2021105374	2023-08-27	2札幌6	曇	1.0	2歳未勝利		9.0	3.0	3.0	2.2	1.0	1	川田将雅	55.0	芝1500		良	**	1:29.9	-0.4	**	3-1-1	30.3-35.5	35.5	488(-8)			(サクセスカノン)	550.0																																																																							
2021105374	2023-09-16	4阪神3	晴	9.0	ききょうS(OP)		6.0	4.0	4.0	3.5	2.0	1	川田将雅	55.0	芝1400		良	**	1:21.5	-0.1	**	3-3	34.9-34.9	34.4	480(-8)			(セントメモリーズ)	1614.7																																																																							
2021105374	2023-11-04	3京都1	曇	11.0	KBSファンタジーS(GIII)		18.0	3.0	5.0	7.1	4.0	7	西村淳也	55.0	芝1400		良	**	1:20.9	0.5	**	12-11	34.1-35.2	34.0	478(-2)			カルチャーデイ																																																																								
2021105374	2023-12-10	5阪神4	晴	11.0	阪神ジュベナイルF(GI)		18.0	1.0	2.0	34.9	10.0	13	モリス	55.0	芝1600		良	**	1:33.7	1.1	**	7-7	34.4-34.4	34.9	480(+2)			アスコリピチェーノ																																																																								
2021105374	2024-07-13	3小倉5	曇	10.0	不知火特別(2勝クラス)		15.0	6.0	11.0	13.1	6.0	9	酒井学	53.0	芝1800		良	**	1:48.3	0.7	**	10-10-11-10	36.3-35.4	35.4	484(+4)			マイネルティグレ																																																																								
2021105374	2024-12-01	7京都2	晴	12.0	3歳以上2勝クラス		12.0	7.0	9.0	4.7	2.0	4	田口貫太	54.0	芝1400		良	**	1:21.3	0.4	**	4-6	36.1-33.9	33.7	494(+10)			ウルトラソニック	170.0																																																																							
2021105374	2024-12-22	7京都8	晴	12.0	ジングルベル賞(2勝クラス)		17.0	8.0	16.0	8.4	5.0	16	佐々木大	54.0	芝1400		良	**	1:22.4	1.2	**	3-4	35.4-34.2	35.2	490(-4)			ヤマニンアルリフラ																																																																								
2021105374	2025-01-26	1中京9	晴	12.0	4歳以上2勝クラス		13.0	7.0	11.0	21.9	7.0	13	Ｍ．デム	55.0	芝1400		良	**	1:23.6	2.2	**	12-13	34.2-35.6	35.8	492(+2)			マサノカナリア																																																																								
2021105374	2025-03-22	2中京3	晴	10.0	熱田特別(2勝クラス)		17.0	8.0	17.0	173.7	15.0	4	永島まな	56.0	芝1400		良	**	1:21.2	0.2	**	6-6	33.9-35.3	34.8	494(+2)			ソルトクィーン	230.0																																																																							
2021105374	2025-04-06	2阪神4	晴	8.0	4歳以上2勝クラス		10.0	8.0	10.0	7.1	4.0	4	柴田裕一	53.0	芝1200		良	**	1:08.9	0.3	**	6-8	34.6-34.0	33.5	492(-2)			バンドシェル	170.0																																																																							
2021105374	2025-04-19	2阪神7	晴	10.0	丹波特別(2勝クラス)		14.0	1.0	1.0	6.8	4.0	5	川田将雅	54.0	芝1400		良	**	1:20.4	0.4	**	3-3	34.3-34.2	34.3	490(-2)			レディマリオン	155.0																																																																							
2021105374	2025-06-21	3東京5	晴	10.0	相模湖特別(2勝クラス)		14.0	6.0	9.0	25.4	8.0	8	横山典弘	56.0	芝1400		良	**	1:21.7	0.6	**	11-10	34.7-35.0	34.2	492(+2)			トラペジスト																																																																								
2021105374	2025-08-30	4中京3	晴	10.0	桑名特別(2勝クラス)		11.0	4.0	4.0	14.3	7.0	11	酒井学	56.0	芝1400		良	**	1:21.5	1.1	**	11-11	35.1-33.6	33.7	500(+8)			コト																																																																								
2021105374	2025-09-15	4阪神5	晴	10.0	Mモーリス(2勝クラス)		9.0	6.0	6.0	25.1	5.0	5	酒井学	56.0	芝1400		良	**	1:21.5	0.8	**	6-6	34.7-34.3	34.8	502(+2)			ケーブパール	155.0																																																																							
2021105374	2025-10-11	3京都3	晴	10.0	宇治川特別(2勝クラス)		13.0	7.0	10.0	57.2	9.0	5	田口貫太	56.0	芝1400		良	**	1:20.4	0.1	**	4-3	35.2-34.0	33.9	498(-4)			ミストレス	155.0																																																																							
2021105374	2025-12-07	5阪神2	晴	12.0	3歳以上2勝クラス		17.0	4.0	7.0	25.5	11.0	7	田口貫太	56.0	芝1400		良	**	1:20.4	0.5	**	8-9	33.9-35.0	34.9	498(0)			チューラワンサ																																																																								
2021105374	2025-12-28	5阪神8	晴	9.0	フォーチュンC(2勝クラス)		12.0	1.0	1.0	27.4	8.0	11	菱田裕二	53.0	芝1600		良	**	1:34.6	0.6	**	8-9	35.6-34.8	33.2	498(0)			マイエレメント																																																																								
2021105374	2026-01-04	1京都1	曇	12.0	4歳以上2勝クラス		12.0	5.0	5.0	40.1	12.0	6	田口貫太	56.0	芝1400		良	**	1:22.3	0.3	**	5-5	35.9-34.3	33.9	496(-2)			ララマセラシオン																																																																								
2021105379	2023-07-08	2福島3		5.0	2歳新馬								菅原明良		芝1800				1:51.6	0.3		9-9-9-7	37.3-35.6	35.0	476(0)				290.0																																											曇		12.0	2.0	2.0	1.3	1.0	2	55.0	良	**	**		エコロヴァルツ															
2021105379	2023-09-02	3小倉7		1.0	2歳未勝利								団野大成		芝2000				2:05.2	-0.7		8-8-2-1	37.6-36.0	36.0	482(+6)				550.0																																											曇		9.0	2.0	2.0	1.1	1.0	1	55.0	稍	**	**		(チョメチョメ)															
2021105379	2023-10-28	2京都8		8.0	萩S(L)								川田将雅		芝1800				1:47.9	-0.2		5-3	36.0-34.3	34.0	488(+6)				1714.7																																											晴		6.0	5.0	5.0	1.8	1.0	1	55.0	良	**	**		(ビーグラッド)															
2021105379	2023-12-10	5阪神4		11.0	阪神ジュベナイルF(GI)								ムルザバ		芝1600				1:33.4	0.8		13-13	34.4-34.4	34.1	484(-4)																																															晴		18.0	8.0	16.0	9.0	6.0	6	55.0	良	**	**		アスコリピチェーノ															
2021105379	2024-03-23	2阪神1		11.0	毎日杯(GIII)								ムルザバ		芝1800				1:47.7	1.7		4-4	35.2-34.4	35.7	484(0)																																															曇		10.0	2.0	2.0	10.1	6.0	7	55.0	重	**	**		メイショウタバル															
2021105379	2024-09-07	3中京1		10.0	ムーンライトH(3勝クラス)								団野大成		芝2200				2:11.2	0.1		7-7-6-6	34.2-35.0	34.3	500(+16)				464.9																																											晴		16.0	8.0	16.0	4.9	1.0	3	52.0	良	**	**		ケイアイサンデラ															
2021105379	2024-11-09	6京都3		9.0	修学院S(3勝クラス)								Ｃ．デム		芝2000				1:58.2	0.4		2-2-2-2	35.6-35.8	35.8	506(+6)				184.0																																											晴		14.0	6.0	10.0	1.9	1.0	5	54.0	良	**	**		ショウナンアデイブ															
2021105379	2025-01-06	1中京2		10.0	寿S(3勝クラス)								ルメート		芝2000				2:03.5	1.5		6-5-5-5	36.4-36.1	37.0	502(-4)																																															雨		18.0	4.0	7.0	13.2	6.0	8	55.0	稍	**	**		グランドカリナン															
2021105379	2025-03-15	1阪神5		10.0	難波S(3勝クラス)								団野大成		芝1800				1:45.8	0.6		9-10	34.8-34.3	34.2	496(-6)																																															小雨		15.0	7.0	12.0	19.0	7.0	9	56.0	良	**	**		サブマリーナ															
2021105379	2025-09-06	4阪神1		10.0	西宮S(3勝クラス)								北村友一		芝1800				1:45.1	0.6		4-4	34.6-34.5	34.4	524(+28)																																															晴		12.0	2.0	2.0	11.3	6.0	8	56.0	良	**	**		オーロラエックス															
2021105379	2025-11-16	5東京4		10.0	ユートピアS(3勝クラス)								吉村誠之		芝1800				1:47.3	0.8		3-4-4	37.2-33.7	34.1	512(-12)																																															晴		11.0	5.0	5.0	10.2	6.0	8	56.0	良	**	**		フレミングフープ															
2021105423	2023-11-19	3京都6	晴	4.0	2歳新馬		13.0	1.0	1.0	2.1	1.0	1	ルメール	56.0	芝1600		稍	**	1:38.0	0.0	**	7-6	37.2-34.5	33.8	442(0)			(ナイトスラッガー)	720.0																																																																							
2021105423	2024-02-04	2京都4	晴	11.0	きさらぎ賞(GIII)		12.0	5.0	5.0	19.3	8.0	3	Ｍ．デム	57.0	芝1800		良	**	1:46.8	0.0	**	1-2	35.6-34.4	34.4	438(-4)			ビザンチンドリーム	1006.0																																																																							
2021105423	2024-04-13	2阪神7	晴	11.0	アーリントンC(GIII)		16.0	3.0	5.0	4.6	3.0	9	川田将雅	57.0	芝1600		良	**	1:34.8	0.7	**	5-5	35.8-33.2	33.3	440(+2)			ディスペランツァ																																																																								
2021105423	2024-08-04	2新潟4	晴	10.0	3歳以上1勝クラス		18.0	4.0	8.0	3.5	2.0	1	Ｍ．デム	55.0	芝1600		良	**	1:32.5	-0.1	**	7-5	33.9-35.9	33.4	448(+8)			(ホウオウシェリー)	800.0																																																																							
2021105423	2024-09-01	2中京8	曇	9.0	有松特別(2勝クラス)		8.0	5.0	5.0	3.3	2.0	3	Ｍ．デム	55.0	芝1600		重	**	1:34.8	0.4	**	6-5-5	36.0-34.5	34.2	444(-4)			フォーチュンタイム	392.7																																																																							
2021105423	2024-10-05	4東京1	小雨	9.0	tvk賞(2勝クラス)		7.0	1.0	1.0	6.0	3.0	3	戸崎圭太	56.0	芝2000		稍	**	2:00.5	0.2	**	3-4-4	37.7-33.8	33.4	448(+4)			アスクカムオンモア	392.5																																																																							
2021105423	2024-11-10	5東京4	曇	8.0	3歳以上2勝クラス		10.0	4.0	4.0	2.8	2.0	1	Ｍ．デム	56.0	芝1800		良	**	1:46.4	-0.3	**	2-2-2	35.7-34.0	33.7	446(-2)			(カニキュル)	1140.0																																																																							
2021105423	2025-02-23	1東京8	晴	10.0	アメジストS(3勝クラス)		12.0	4.0	4.0	4.2	3.0	9	Ｍ．デム	55.0	芝2000		良	**	1:59.2	0.6	**	2-1-1	35.2-34.8	35.4	452(+6)			ディマイザキッド																																																																								
2021105423	2025-04-06	2阪神4	晴	10.0	夢洲S(3勝クラス)		14.0	3.0	3.0	5.2	3.0	1	Ｍ．デム	58.0	芝1600		良	**	1:32.3	-0.2	**	3-3	35.4-33.7	33.4	452(0)			(ムーンリットナイト)	1872.9																																																																							
2021105423	2025-06-22	3阪神6	晴	11.0	しらさぎS(GIII)		14.0	5.0	8.0	5.1	4.0	10	Ｍ．デム	57.0	芝1600		良	**	1:33.7	0.7	**	2-2	35.1-33.9	34.6	458(+6)			キープカルム																																																																								
2021105423	2025-07-27	2新潟2	晴	7.0	関屋記念(GIII)		18.0	4.0	8.0	8.6	4.0	5	内田博幸	56.0	芝1600		良	**	1:31.2	0.2	**	3-3	33.9-34.1	33.5	458(0)			カナテープ	410.0																																																																							
2021105423	2025-09-06	4中山1	晴	11.0	京成杯オータムH(GIII)		16.0	4.0	8.0	11.2	5.0	7	内田博幸	56.0	芝1600		良	**	1:31.6	0.3	**	8-8-8	34.6-33.9	33.6	460(+2)			ホウオウラスカーズ																																																																								
2021105423	2025-11-29	5東京7	晴	11.0	キャピタルS(L)		18.0	1.0	1.0	5.1	2.0	2	バルザロ	57.0	芝1600		良	**	1:31.9	0.0	**	3-3	34.3-34.7	34.1	456(-4)			ミッキーゴージャス	1111.2																																																																							
2021105423	2025-12-13	5阪神3	晴	11.0	リゲルS(L)		13.0	7.0	11.0	5.7	3.0	4	川田将雅	57.0	芝1600		良	**	1:32.0	0.2	**	9-9	35.0-33.9	32.7	462(+6)			ランスオブカオス	410.0																																																																							
2021105431	2023-07-09	2福島4		5.0	2歳新馬								団野大成		芝2000				2:04.4	0.0		2-2-2-1	36.0-36.4	36.4	500(0)				720.0																													晴		11.0	4.0	4.0	3.5	2.0	1	55.0	良	**	**		(マイファミリー)																													
2021105431	2023-09-23	4阪神6		8.0	野路菊S(OP)								団野大成		芝1800				1:46.2	0.2		6-5	35.5-35.2	35.0	506(+6)				402.2																													晴		7.0	1.0	1.0	13.7	6.0	3	55.0	良	**	**		ヴェロキラプトル																													
2021105431	2023-11-12	3京都4		9.0	黄菊賞(1勝クラス)								ムーア		芝2000				2:02.2	0.4		3-5-3-4	36.5-35.4	35.5	506(0)																																	曇		7.0	6.0	6.0	2.3	1.0	6	56.0	良	**	**		センチュリボンド																													
2021105431	2023-12-02	5中山1		9.0	葉牡丹賞(1勝クラス)								津村明秀		芝2000				2:01.2	0.8		6-7-7-8	36.2-34.4	34.3	498(-8)																																	晴		9.0	2.0	2.0	37.6	7.0	8	56.0	良	**	**		トロヴァトーレ																													
2021105431	2024-01-28	1小倉6		9.0	くすのき賞(1勝クラス)								鮫島克駿		ダ1700				1:47.1	0.1		10-5-1-1	30.4-38.2	38.3	516(+18)				436.4																													小雨		10.0	1.0	1.0	6.8	4.0	2	57.0	良	**	**		シークレットキー																													
2021105431	2024-03-02	1阪神3		6.0	3歳1勝クラス								ムルザバ		ダ1800				1:55.4	2.9		4-3-3-3	36.6-38.4	40.8	506(-10)																																	曇		6.0	2.0	2.0	5.8	3.0	6	57.0	稍	**	**		ハビレ																													
2021105431	2024-05-19	3京都10		6.0	3歳1勝クラス								北村友一		ダ1800								35.9-37.7		計不																																	小雨		12.0	8.0	14.0			取	57.0	良	**	**		デトネイション																													
2021105431	2024-07-06	3小倉3		12.0	3歳以上1勝クラス								吉村誠之		ダ1700				1:45.9	0.4		2-3-3-2	29.9-38.1	38.4	502(-4)				200.0																													晴		16.0	3.0	5.0	11.2	6.0	3	52.0	良	**	**		キタノズエッジ																													
2021105431	2024-08-18	2中京4		8.0	3歳以上1勝クラス								吉村誠之		ダ1400				1:23.8	-0.6		14-12	34.1-37.9	36.5	504(+2)				800.0																													晴		16.0	6.0	11.0	10.7	5.0	1	52.0	良	**	**		(メイショウミシガン)																													
2021105431	2024-09-29	3中京9		12.0	3歳以上2勝クラス								吉村誠之		ダ1400				1:23.4	0.0		3-3	35.0-36.4	36.1	504(0)				460.0																													曇		16.0	5.0	10.0	3.4	1.0	2	53.0	稍	**	**		リンドラゴ																													
2021105431	2024-11-10	6京都4		8.0	3歳以上2勝クラス								Ｃ．デム		ダ1400				1:24.0	0.0		5-4	34.3-37.9	37.1	512(+8)				1140.0																													晴		13.0	5.0	7.0	1.9	1.0	1	57.0	良	**	**		(マイド)																													
2021105431	2025-01-18	1中京6		11.0	遠江S(3勝クラス)								Ｍ．デム		ダ1400				1:24.9	1.6		9-10	35.3-35.8	36.6	512(0)																																	晴		16.0	6.0	11.0	16.0	6.0	11	57.0	良	**	**		モズミギカタアガリ																													
2021105431	2025-03-15	2中京1		11.0	中京スポーツ杯(3勝クラス)								シュタル		ダ1400				1:25.4	0.9		5-5	35.8-36.3	36.9	516(+4)																																	小雨		16.0	8.0	16.0	19.9	6.0	10	58.0	良	**	**		リジル																													
2021105431	2025-04-20	2阪神8		10.0	天満橋S(3勝クラス)								吉村誠之		ダ1400				1:24.6	0.2		3-2	34.5-37.4	37.2	514(-2)				465.1																													曇		16.0	5.0	10.0	16.4	8.0	3	54.0	良	**	**		ローズスター																													
2021105431	2025-05-25	2京都10		10.0	高瀬川S(3勝クラス)								吉村誠之		ダ1400				1:22.6	0.4		11-11	34.2-36.3	35.6	516(+2)				465.1																													曇		16.0	1.0	2.0	10.1	5.0	3	58.0	重	**	**		キャプテンネキ																													
2021105431	2025-06-07	3東京1		11.0	麦秋S(3勝クラス)								レーン		ダ1400				1:24.7	2.0		15-15	34.8-35.9	36.4	514(-2)																																	曇		16.0	6.0	12.0	4.6	3.0	13	56.0	良	**	**		サフランヒーロー																													
2021105431	2025-11-23	4京都6		10.0	LトレーナーC(3勝クラス)								北村友一		ダ1400				1:24.3	0.6		15-12	34.9-36.6	36.3	524(+10)																																	晴		16.0	5.0	10.0	53.9	13.0	9	58.0	良	**	**		フェルヴェンテ																													
2021105431	2026-01-17	1京都6		11.0	羅生門S(3勝クラス)								北村友一		ダ1400				1:25.1	1.2		6-6	35.3-36.2	36.8	524(0)																																	晴		16.0	7.0	14.0	57.9	10.0	8	58.0	良				エストレヤデベレン																													
2021105434	2023-10-29	4東京9		5.0	2歳新馬								モレイラ		芝2000				2:02.7	0.4		11-9-9	38.4-33.9	33.7	504(0)				290.0																																											曇		11.0	2.0	2.0	4.5	2.0	2	56.0	良	**	**		ジオセントリック															
2021105434	2023-11-18	3京都5		6.0	2歳未勝利								川田将雅		芝2000				2:02.4	0.8		8-9-7-5	35.7-35.4	35.7	502(-2)				220.0																																											曇		10.0	1.0	1.0	1.5	1.0	2	56.0	稍	**	**		ハヤテノフクノスケ															
2021105434	2023-12-16	4中京5		4.0	2歳未勝利								吉田隼人		芝2000								36.1-35.8		計不																																															曇		14.0	8.0	14.0			取	56.0	重	**	**		ソウルアンドジャズ															
2021105434	2024-01-08	1京都3		6.0	3歳未勝利								モリス		芝2200				2:17.3	1.8		3-4-3-6	35.3-37.3	38.7	506(+4)																																															晴		18.0	7.0	13.0	7.7	5.0	12	57.0	良	**	**		ウィープディライト															
2021105434	2024-05-25	3京都11		4.0	3歳未勝利								池添謙一		芝2200				2:14.8	2.0		4-3-4-4	36.3-34.8	36.5	508(+2)																																															晴		12.0	8.0	11.0	5.7	4.0	11	57.0	良	**	**		ミッキーストライク															
2021105434	2024-06-15	4京都5		6.0	3歳未勝利								永島まな		ダ1900				2:02.8	2.6		13-13-12-11	30.0-38.6	39.2	506(-2)																																															晴		15.0	4.0	8.0	29.8	7.0	10	55.0	良	**	**		カズタンジャー															
2021105434	2024-08-04	1札幌6		6.0	3歳未勝利								池添謙一		芝2600				2:43.9	0.1		12-12-11-8	37.0-37.2	36.4	508(+2)				140.0																																											曇		14.0	4.0	5.0	31.5	7.0	3	57.0	稍	**	**		テイキットイージー															
2021105434	2024-08-18	2札幌4		4.0	3歳未勝利								池添謙一		芝2600				2:40.7	-0.8		9-8-7-3	36.5-37.3	36.5	504(-4)				550.0																																											曇		14.0	3.0	3.0	3.4	1.0	1	57.0	良	**	**		(アークドール)															
2021105434	2024-11-10	6京都4		6.0	3歳以上1勝クラス								池添謙一		芝2200				2:13.0	0.6		11-12-12-11	36.5-34.6	34.3	500(-4)				80.0																																											晴		15.0	7.0	12.0	26.1	9.0	5	56.0	良	**	**		ジンセイ															
2021105434	2024-12-07	4中京3		7.0	3歳以上1勝クラス								池添謙一		芝2200				2:12.6	0.8		15-15-16-15	34.3-35.8	35.5	506(+6)																																															曇		18.0	3.0	5.0	4.3	1.0	6	56.0	良	**	**		ファミリータイム															
2021105434	2024-12-14	4中京5		8.0	ヤングJSFR中京1(1勝クラス)								加藤翔馬		芝2000				2:02.8	1.6		7-6-6-5	37.8-35.2	35.1	506(0)				111.0																																											晴		16.0	7.0	13.0	7.2	3.0	5	57.0	良	**	**		タガノデュード															
2021105434	2024-12-28	7京都9		7.0	3歳以上1勝クラス								Ｍ．デム		芝1800				1:47.6	-0.1		2-2	35.3-34.8	34.7	502(-4)				800.0																																											晴		17.0	3.0	6.0	16.3	9.0	1	57.0	良	**	**		(テンクウハット)															
2021105434	2025-01-12	1中山4		9.0	初咲賞(2勝クラス)								マーカン		芝2200				2:16.5	3.5		11-11-4-5	37.4-35.5	38.6	504(+2)																																															曇		14.0	8.0	14.0	21.7	7.0	12	57.0	良	**	**		ディマイザキッド															
2021105434	2025-02-22	1小倉9		10.0	皿倉山特別(2勝クラス)								佐々木大		芝2600				2:39.8	0.9		8-8-9-9	36.3-35.2	35.5	502(-2)				394.1																																											晴		13.0	8.0	13.0	10.0	4.0	3	57.0	良	**	**		ヴォランテ															
2021105434	2025-03-15	2中京1		10.0	恋路ケ浜特別(2勝クラス)								佐々木大		芝2000				2:01.5	0.6		8-5-8-8	37.2-35.2	35.1	496(-6)																																															小雨		13.0	1.0	1.0	13.6	7.0	7	58.0	良	**	**		ヴィレム															
2021105434	2025-11-22	4京都5		12.0	3歳以上2勝クラス								池添謙一		芝2000				2:01.3	2.1		15-15-15-15	36.7-34.5	35.3	506(+10)																																															晴		15.0	5.0	8.0	83.2	10.0	12	58.0	良	**	**		ミッキーゴールド															
2021105434	2025-12-07	5阪神2		8.0	3歳以上2勝クラス								田口貫太		芝1800				1:45.9	0.8		6-4	36.3-33.8	34.4	506(0)				114.0																																											晴		8.0	2.0	2.0	16.3	5.0	5	58.0	良	**	**		ジーティームソウ															
2021105434	2025-12-28	5中山8		9.0	グッドラックH(2勝クラス)								池添謙一		芝2500				2:34.2	0.6		11-11-12-12	31.3-36.1	35.7	504(-2)																																															晴		14.0	7.0	11.0	89.2	10.0	8	55.0	良	**	**		コーチェラバレー															
2021105434	2026-01-12	1京都5		9.0	琵琶湖特別(2勝クラス)								北村友一		芝2400				2:25.1	0.4		6-6-5-7	35.0-35.1	35.0	502(-2)				158.0																																											晴		12.0	8.0	11.0	50.3	10.0	5	58.0	良	**	**		アロンディ															
2021105436	2023-08-13	2札幌2		5.0	2歳新馬								横山武史		芝1800				1:53.1	0.0		4-5-4-4	39.0-34.5	34.2	512(0)				720.0	曇		10.0	6.0	6.0	2.3	1.0	1	55.0	良	**	**		(ヴィクトリアドール)																																																									
2021105436	2023-11-05	5東京2		9.0	百日草特別(1勝クラス)								横山武史		芝2000				1:59.4	-0.1		9-7-7	36.4-34.5	33.2	512(0)				1089.6	晴		9.0	4.0	4.0	4.1	3.0	1	56.0	良	**	**		(マーゴットソラーレ)																																																									
2021105436	2024-01-14	1中山5		11.0	京成杯(GIII)								横山武史		芝2000				2:00.6	0.1		12-11-8-10	35.6-34.8	33.9	516(+4)				1615.2	晴		14.0	4.0	6.0	3.0	2.0	2	57.0	良	**	**		ダノンデサイル																																																									
2021105436	2024-04-14	3中山8		11.0	皐月賞(GI)								横山武史		芝2000				1:57.5	0.4		13-13-13-10	34.2-35.8	34.1	510(-6)				3000.0	晴		17.0	5.0	9.0	14.2	6.0	4	57.0	良	**	**		ジャスティンミラノ																																																									
2021105436	2024-05-26	2東京12		11.0	東京優駿(GI)								横山武史		芝2400				2:25.4	1.1		14-13-14-15	36.3-33.8	33.5	512(+2)					晴		17.0	4.0	8.0	8.3	4.0	11	57.0	良	**	**		ダノンデサイル																																																									
2021105436	2024-09-16	4中山5		11.0	朝日セントライト記念(GII)								ルメール		芝2200				2:11.6	-0.3		9-6-5-7	36.2-34.6	34.0	510(-2)				5498.0	曇		14.0	1.0	1.0	3.1	2.0	1	57.0	良	**	**		(コスモキュランダ)																																																									
2021105436	2024-10-20	5京都6		11.0	菊花賞(GI)								ルメール		芝3000				3:04.1	-0.4		8-8-5-3	37.0-35.9	35.6	510(0)				23122.0	晴		18.0	7.0	13.0	3.7	2.0	1	57.0	良	**	**		(ヘデントール)																																																									
2021105436	2024-12-22	5中山8		11.0	有馬記念(GI)								ルメール		芝2500				2:32.3	0.5		7-8-11-8	31.4-35.2	35.1	516(+6)					晴		15.0	2.0	3.0	2.8	1.0	6	56.0	良	**	**		レガレイラ																																																									
2021105436	2025-03-29	3中山1		11.0	日経賞(GII)								ルメール		芝2500				2:36.2	0.1		9-10-8-7	31.1-37.2	36.6	514(-2)				1716.4	曇		15.0	4.0	7.0	1.7	1.0	3	58.0	稍	**	**		マイネルエンペラー																																																									
2021105436	2025-06-15	3阪神4		11.0	宝塚記念(GI)								ルメール		芝2200				2:13.5	2.4		14-14-12-10	34.8-36.0	37.3	512(-2)					晴		17.0	7.0	13.0	10.6	6.0	14	58.0	稍	**	**		メイショウタバル																																																									
2021105436	2025-11-02	4東京11		11.0	天皇賞(秋)(GI)								プーシャ		芝2000				1:58.8	0.2		12-11-11	37.1-32.9	32.2	514(+2)				3000.0	曇		14.0	2.0	2.0	28.2	11.0	5	58.0	良	**	**		マスカレードボール																																																									
2021105436	2025-12-14	シャティン		4.0	香港ヴァーズ(GI)								ルメール		芝2400										517									6.0	3.8	2.0	10	57.0	良																																																													
2021105442	2023-07-02	3中京2		5.0	2歳新馬								松山弘平		芝1600				1:37.3	0.6		4-3-3	36.7-34.7	34.9	486(0)				110.0	晴		8.0	4.0	4.0	2.6	1.0	4	55.0	良	**	**		ルージュスタニング																																																									
2021105442	2023-11-19	3京都6		3.0	2歳未勝利								モレイラ		芝1800				1:49.2	0.2		7-6	36.0-35.6	35.4	486(0)				140.0	晴		12.0	4.0	4.0	3.9	2.0	3	55.0	稍	**	**		サンセットビュー																																																									
2021105442	2023-12-09	5阪神3		7.0	2歳未勝利								松山弘平		芝2000				2:00.5	0.1		1-1-1-1	35.0-35.7	35.8	482(-4)				220.0	晴		10.0	2.0	2.0	7.2	3.0	2	55.0	良	**	**		ヴィレム																																																									
2021105442	2024-01-06	1京都1		5.0	3歳未勝利								ルメート		芝1800				1:48.4	-0.1		1-1	34.9-35.3	35.3	480(-2)				550.0	曇		17.0	1.0	2.0	6.4	4.0	1	55.0	良	**	**		(カズミクラーシュ)																																																									
2021105442	2024-03-02	1阪神3		11.0	チューリップ賞(GII)								ムルザバ		芝1600				1:33.9	0.8		2-2	34.5-35.4	36.1	482(+2)					曇		16.0	7.0	13.0	30.7	8.0	9	55.0	稍	**	**		スウィープフィート																																																									
2021105442	2024-06-09	1函館2		9.0	遊楽部特別(1勝クラス)								横山和生		芝1800				1:47.9	-0.5		1-1-1-1	36.3-34.4	34.4	490(+8)				1129.6	小雨		9.0	7.0	7.0	3.7	2.0	1	53.0	良	**	**		(エイシンジェンマ)																																																									
2021105442	2024-06-29	1函館7		10.0	北海ハンデキャップ(2勝クラス)								横山和生		芝1800				1:47.3	-0.3		2-2-2-2	35.5-35.1	34.9	492(+2)				1575.9	晴		11.0	3.0	3.0	1.9	1.0	1	52.0	良	**	**		(タイキラフター)																																																									
2021105442	2024-09-07	4中山1		11.0	紫苑S(GII)								横山和生		芝2000				1:57.2	0.6		6-7-5-5	34.7-34.0	34.0	488(-4)					晴		13.0	5.0	7.0	5.2	2.0	8	55.0	良	**	**		クリスマスパレード																																																									
2021105442	2024-12-22	7京都8		10.0	サンタクロースS(3勝クラス)								西村淳也		芝2000				2:02.4	1.5		9-5-5-7	37.8-34.1	35.2	494(+6)					晴		14.0	6.0	9.0	5.1	3.0	12	55.0	良	**	**		ホウオウプロサンゲ																																																									
2021105442	2025-01-26	1小倉2		11.0	壇之浦S(3勝クラス)								佐々木大		芝1800				1:48.0	1.1		3-6-6-5	36.4-34.9	35.6	486(-8)					晴		12.0	6.0	8.0	10.2	6.0	9	55.0	良	**	**		セキトバイースト																																																									
2021105442	2025-07-12	1函館9		11.0	五稜郭S(3勝クラス)								横山和生		芝1800				1:46.3	0.0		2-2-2-2	35.3-35.5	35.4	498(+12)				748.6	晴		14.0	4.0	6.0	5.3	3.0	2	56.0	良	**	**		パレハ																																																									
2021105442	2025-08-02	1札幌3		11.0	STV賞(3勝クラス)								キング		芝2000				2:00.5	0.3		3-3-4-3	36.1-35.2	35.2	502(+4)					晴		16.0	1.0	2.0	5.6	2.0	8	55.0	良	**	**		エープラス																																																									
2021105455	2023-07-08	3中京3	曇	5.0	2歳新馬		9.0	8.0	8.0	6.1	4.0	8	団野大成	55.0	芝1400		良	**	1:24.7	1.0	**	6-6	36.2-35.2	35.7	464(0)			ジューンテイク																																																																								
2021105455	2023-12-03	4中京2	晴	6.0	2歳未勝利		12.0	5.0	6.0	51.1	9.0	12	ビュイッ	56.0	芝2000		良	**	2:06.3	4.3	**	10-10-11-12	37.7-35.7	38.5	476(+12)			コスモレオナルド																																																																								
2021105455	2023-12-23	5阪神7	晴	4.0	2歳未勝利		14.0	6.0	10.0	587.8	14.0	10	団野大成	56.0	芝1800		良	**	1:49.8	1.5	**	10-12	35.4-34.4	34.4	480(+4)			クイーンズウォーク																																																																								
2021105455	2024-02-17	2京都7	曇	5.0	3歳未勝利		14.0	5.0	7.0	207.6	13.0	5	団野大成	57.0	芝2400		良	**	2:28.1	0.4	**	12-11-9-9	36.1-36.5	36.2	480(0)			ベトルス	55.0																																																																							
2021105455	2024-03-02	1阪神3	曇	5.0	3歳未勝利		12.0	8.0	12.0	34.1	5.0	12	団野大成	57.0	芝2200		稍	**	2:18.7	2.6	**	3-4-4-6	35.5-37.1	39.3	480(0)			ヴィスマール																																																																								
2021105455	2024-04-20	3京都1	晴	4.0	3歳未勝利		11.0	2.0	2.0	99.4	9.0	7	団野大成	57.0	芝2400		良	**	2:27.3	0.9	**	3-3-2-3	36.0-34.4	35.1	476(-4)			メイクユーマイン																																																																								
2021105455	2024-06-16	4京都6	晴	4.0	3歳未勝利		16.0	7.0	14.0	87.2	13.0	11	幸英明	57.0	芝2000		稍	**	2:02.1	0.9	**	10-6-2-2	36.6-34.6	35.4	480(+4)			ワンダーフェロー																																																																								
2021105455	2024-08-11	2中京2	晴	4.0	3歳未勝利		16.0	2.0	4.0	36.0	7.0	3	団野大成	57.0	ダ1900		良	**	2:00.7	0.0	**	8-8-5-4	29.7-39.6	38.9	482(+2)			ミグラテール	140.0																																																																							
2021105455	2024-08-24	2中京5	晴	6.0	3歳未勝利		16.0	7.0	14.0	3.8	2.0	8	団野大成	57.0	ダ1800		良	**	1:55.7	1.3	**	3-2-2-4	38.4-38.8	40.0	482(0)			ボックスオフィス																																																																								
2021105455	2024-10-31	名古屋	曇	1.0	C14組		12.0	8.0	12.0	1.5	1.0	1	丸野勝虎	56.0	ダ1400		重	**	1:29.4	-0.4	**	8-4-2		38.9	500(+18)			(ニホンピロケイ)	50.0																																																																							
2021105455	2024-11-14	名古屋	曇	4.0	C6組		12.0	4.0	4.0	1.9	1.0	1	岡部誠	56.0	ダ1400		良	**	1:30.0	-0.1	**	1-1-1		38.4	496(-4)			(レイヌドサーブル)	50.0																																																																							
2021105455	2025-02-02	1京都2	曇	7.0	4歳以上1勝クラス		13.0	6.0	8.0	47.4	8.0	9	団野大成	57.0	ダ1800		稍	**	1:56.6	2.3	**	10-10-7-6	38.0-39.0	40.6	486(-10)			メイショウトム																																																																								
2021105455	2025-02-23	1小倉10	曇	8.0	4歳以上1勝クラス		14.0	1.0	1.0	81.6	12.0	9	丸山元気	57.0	ダ2400		良	**	2:36.4	2.2	**	3-4-4-4	38.4-38.3	39.9	486(0)			コスモジンバック																																																																								
2021105455	2025-04-06	3中山4	曇	4.0	障害4歳以上未勝利		12.0	6.0	8.0	41.0	9.0	9	小牧加矢	59.0	障2880		良		3:21.0	2.8		8-9-9-9	109.1-0.0	14.0	486(0)			メイショウカズサ																																																																								
2021105455	2025-04-27	2京都2	晴	4.0	障害4歳以上未勝利		12.0	7.0	9.0	15.5	6.0	1	小牧加矢	59.0	障2910		良		3:21.3	-0.2		4-4-2-2	107.1-0.0	13.8	486(0)			(トゥラッタッタ)	840.0																																																																							
2021105455	2025-06-21	3阪神5	晴	1.0	障害3歳以上OP		12.0	4.0	4.0	13.0	4.0	10	小牧加矢	60.0	障3110		良		3:33.5	4.3		5-6-8-10	105.0-0.0	13.7	498(+12)			マテンロウジョイ																																																																								
2021105455	2025-09-13	4中山3	曇	4.0	清秋ジャンプS(OP)		13.0	6.0	8.0	57.4	12.0	11	小牧加矢	59.0	障3210		稍		3:45.1	3.8		11-11-12-12	107.1-0.0	14.0	504(+6)			フェーレンベルク																																																																								
2021105455	2025-10-11	3京都3	曇	4.0	障害3歳以上OP		10.0	4.0	4.0	50.8	7.0	4	小牧加矢	60.0	障3170		良		3:37.6	2.1		5-5-7-7	102.0-0.0	13.7	502(-2)			ディナースタ	210.0																																																																							
2021105455	2025-11-02	3京都11	晴	10.0	古都S(3勝クラス)		13.0	8.0	12.0	87.8	12.0	12	亀田温心	51.0	芝3000		良	**	3:07.2	3.4	**	13-13-13-13	37.7-34.7	36.6	502(0)			ヴォランテ																																																																								
2021105475	2023-07-02	2福島2		5.0	2歳新馬								Ｍ．デム		芝1800				1:54.0	2.4		9-9-7-7	37.8-35.6	37.5	472(0)																			晴		16.0	8.0	16.0	3.6	1.0	12	55.0	良	**	**		トレミニョン																																											
2021105475	2023-08-20	3新潟4		2.0	2歳未勝利								北村宏司		芝1800				1:47.5	0.3		2-1	35.6-35.5	35.8	476(+4)				140.0															晴		9.0	8.0	8.0	17.2	5.0	3	55.0	良	**	**		マイネルブリックス																																											
2021105475	2023-09-17	4中山4		2.0	2歳未勝利								北村宏司		芝2000				2:01.6	-0.1		4-4-3-3	35.1-37.2	36.5	478(+2)				550.0															曇		10.0	1.0	1.0	2.1	1.0	1	55.0	良	**	**		(エコロレイズ)																																											
2021105475	2023-12-02	5中山1		9.0	葉牡丹賞(1勝クラス)								北村宏司		芝2000				2:00.8	0.4		2-2-2-2	36.2-34.4	34.7	488(+10)				273.1															晴		9.0	7.0	7.0	20.0	4.0	3	56.0	良	**	**		トロヴァトーレ																																											
2021105475	2024-01-14	1中山5		11.0	京成杯(GIII)								石橋脩		芝2000				2:01.9	1.4		12-13-13-13	35.6-34.8	34.8	486(-2)																			晴		14.0	2.0	3.0	47.0	9.0	11	57.0	良	**	**		ダノンデサイル																																											
2021105475	2024-03-30	3中山3		9.0	山吹賞(1勝クラス)								北村宏司		芝2200				2:15.6	0.5		3-5-6-6	36.5-35.3	35.4	492(+6)																			晴		14.0	3.0	3.0	23.6	9.0	9	57.0	稍	**	**		ダイシンアポロン																																											
2021105475	2024-04-20	2東京1		9.0	新緑賞(1勝クラス)								津村明秀		芝2300				2:19.4	0.6		8-8-2-2	30.4-35.8	36.2	486(-6)																			晴		11.0	7.0	8.0	28.0	9.0	6	57.0	良	**	**		リアレスト																																											
2021105475	2024-06-29	2福島1		9.0	開成山特別(1勝クラス)								津村明秀		芝2600				2:38.7	-0.2		1-1-1-1	36.9-35.1	35.1	486(0)				1127.5															晴		8.0	7.0	7.0	3.8	3.0	1	54.0	良	**	**		(ハイラント)																																											
2021105475	2024-07-28	1札幌4		9.0	阿寒湖特別(2勝クラス)								横山武史		芝2600				2:41.9	1.0		4-4-4-3	36.2-36.5	37.1	496(+10)																			曇		12.0	3.0	3.0	7.6	3.0	7	55.0	稍	**	**		アスターブジエ																																											
2021105475	2024-09-21	4中山6		10.0	九十九里特別(2勝クラス)								津村明秀		芝2500				2:31.0	0.4		5-5-4-4	30.2-34.9	35.0	486(-10)				230.0															曇		11.0	1.0	1.0	4.6	3.0	4	55.0	良	**	**		アドマイヤサジー																																											
2021105475	2024-12-01	5中山2		8.0	3歳以上2勝クラス								津村明秀		芝2500				2:30.8	0.6		3-3-3-3	30.7-35.9	36.2	486(0)				290.0															晴		11.0	8.0	11.0	9.2	4.0	3	56.0	良	**	**		ホウオウムサシ																																											
2021105475	2026-01-18	1中山7		7.0	4歳以上2勝クラス								北村宏司		芝2200				2:15.6	1.1		11-11-2-2	37.7-34.0	35.0	478(-8)																																																													晴		16.0	4.0	7.0	84.5	7.0	9	58.0	良	**	**		フィーリウス	202606010707
2021105499	2023-07-02	2福島2		5.0	2歳新馬								戸崎圭太		芝1800				1:53.6	2.0		14-15-15-15	37.8-35.6	36.3	430(0)					晴		16.0	8.0	15.0	12.0	7.0	10	55.0	良	**	**		トレミニョン																																																									
2021105499	2023-09-10	4中山2		2.0	2歳未勝利								佐々木大		芝2000				2:00.6	0.0		10-10-10-7	36.4-35.1	33.9	434(+4)				220.0	晴		10.0	8.0	10.0	33.4	6.0	2	54.0	良	**	**		コイヌール																																																									
2021105499	2023-09-30	4中山8		4.0	2歳未勝利								佐々木大		芝2000				2:03.4	-0.1		6-5-5-4	37.3-35.3	34.9	434(0)				550.0	曇		14.0	7.0	12.0	2.2	1.0	1	54.0	良	**	**		(コスモキュランダ)																																																									
2021105499	2024-01-08	1中山3		6.0	3歳1勝クラス								佐々木大		芝2000				2:00.7	0.9		8-8-9-9	35.9-35.7	35.8	448(+14)					晴		11.0	7.0	8.0	8.3	6.0	7	56.0	良	**	**		ファビュラススター																																																									
2021105499	2024-02-17	1東京7		9.0	フリージア賞(1勝クラス)								石橋脩		芝2000				2:00.4	0.1		10-9-8	36.9-34.1	33.5	446(-2)				160.0	曇		10.0	8.0	10.0	60.1	9.0	4	57.0	良	**	**		マーシャルポイント																																																									
2021105499	2024-04-27	2東京3		11.0	テレビ東京杯青葉賞(GII)								石橋脩		芝2400				2:24.8	0.6		17-17-17-17	35.6-36.2	33.5	436(-10)					曇		17.0	6.0	12.0	58.1	12.0	9	57.0	良	**	**		シュガークン																																																									
2021105499	2024-06-01	3東京1		9.0	稲城特別(1勝クラス)								石橋脩		芝2400				2:26.6	0.5		6-6-7-5	37.3-33.8	33.7	438(+2)				170.0	晴		10.0	8.0	9.0	3.3	3.0	4	54.0	良	**	**		カフェグランデ																																																									
2021105499	2024-10-13	4東京3		7.0	3歳以上1勝クラス								シュタル		芝2400				2:25.7	0.0		4-3-3-3	37.7-33.8	33.5	444(+6)				800.0	晴		8.0	1.0	1.0	3.5	2.0	1	55.0	良	**	**		(イクリール)																																																									
2021105499	2024-11-16	5東京5		9.0	南武特別(2勝クラス)								松山弘平		芝2400				2:27.3	0.3		9-8-1-1	38.4-34.7	35.0	446(+2)				393.3	曇		11.0	7.0	9.0	5.2	3.0	3	56.0	良	**	**		ラスカンブレス																																																									
2021105499	2024-12-22	5中山8		9.0	グッドラックH(2勝クラス)								松山弘平		芝2500				2:32.6	0.4		10-11-11-10	30.6-36.4	35.5	448(+2)				395.3	晴		16.0	2.0	3.0	6.9	4.0	3	55.0	良	**	**		スティンガーグラス																																																									
2021105499	2025-01-12	1中山4		9.0	初咲賞(2勝クラス)								戸崎圭太		芝2200				2:13.8	0.8		11-11-10-8	37.4-35.5	35.5	448(0)				630.0	曇		14.0	6.0	9.0	5.6	3.0	2	57.0	良	**	**		ディマイザキッド																																																									
2021105499	2025-02-15	1東京5		9.0	箱根特別(2勝クラス)								戸崎圭太		芝2400				2:25.5	0.5		9-9-8-8	37.3-34.3	34.2	448(0)				393.8	晴		11.0	4.0	4.0	5.9	4.0	3	56.0	良	**	**		シャイニングソード																																																									
2021105499	2025-06-01	2東京12		8.0	青嵐賞(2勝クラス)								武豊		芝2400				2:24.3	0.5		13-13-13-13	35.7-34.9	34.3	446(-2)				155.0	晴		16.0	6.0	11.0	16.7	6.0	5	58.0	稍	**	**		デュアルウィルダー																																																									
2021105508	2023-10-29	2京都9		6.0	2歳新馬								松若風馬		芝1400				1:22.4	0.0		2-2	35.2-35.1	34.9	498(0)				290.0																																											晴		10.0	4.0	4.0	10.3	6.0	2	56.0	良	**	**		ビップジーニー															
2021105508	2023-12-10	5阪神4		1.0	2歳未勝利								ムルザバ		ダ1400				1:27.3	0.9		7-4	35.1-38.2	38.2	508(+10)				83.0																																											晴		15.0	3.0	4.0	1.7	1.0	4	56.0	良	**	**		ニホンピロカラット															
2021105508	2024-02-17	2京都7		2.0	3歳未勝利								ムルザバ		ダ1800				1:53.3	-1.0		2-2-2-1	36.6-37.6	37.5	514(+6)				550.0																																											曇		15.0	6.0	10.0	7.2	6.0	1	57.0	稍	**	**		(ギフテッドドリーム)															
2021105508	2024-04-06	2阪神5		5.0	3歳1勝クラス								ムルザバ		ダ1800				1:53.1	1.3		10-11-8-6	37.2-36.4	37.2	510(-4)				310.0																																											晴		12.0	6.0	8.0	5.8	2.0	2	57.0	稍	**	**		ムルソー															
2021105508	2024-04-20	3京都1		5.0	3歳1勝クラス								池添謙一		ダ1800				1:53.9	0.3		5-4-4-5	37.1-37.2	37.2	502(-8)				120.0																																											曇		10.0	2.0	2.0	2.3	1.0	4	57.0	良	**	**		ジーサイクロン															
2021105508	2024-06-22	4京都7		7.0	3歳以上1勝クラス								池添謙一		ダ1800				1:51.8	0.2		2-2-2-2	36.2-37.8	37.9	508(+6)				320.0																																											曇		16.0	3.0	5.0	2.3	1.0	2	55.0	稍	**	**		タイトニット															
2021105508	2024-09-08	3中京2		7.0	3歳以上1勝クラス								池添謙一		ダ1900				1:59.1	-0.9		1-1-1-1	31.2-37.2	37.2	508(0)				800.0																																											晴		9.0	6.0	6.0	1.7	1.0	1	55.0	良	**	**		(マサハヤウォルズ)															
2021105508	2024-09-29	3中京9		8.0	3歳以上2勝クラス								池添謙一		ダ1900				1:58.3	-0.3		2-2-2-2	29.4-37.8	37.8	508(0)				1140.0																																											曇		16.0	6.0	11.0	2.0	1.0	1	55.0	重	**	**		(ワンダーブレット)															
2021105508	2024-11-10	6京都4		10.0	ラッキーライラックC(3勝クラス)								Ｃ．デム		ダ1800				1:52.5	1.3		3-3-3-3	35.4-37.6	38.5	512(+4)																																															曇		14.0	8.0	13.0	3.4	2.0	9	56.0	良	**	**		チュウワハート															
2021105508	2025-02-08	1小倉5		11.0	豊前S(3勝クラス)								小崎綾也		ダ1700				1:45.1	1.8		3-3-7-9	29.2-37.2	38.7	520(+8)																																															曇		15.0	3.0	4.0	5.1	2.0	13	55.0	稍	**	**		マリアナトレンチ															
2021105508	2025-05-31	2京都11		10.0	桃山S(3勝クラス)								北村友一		ダ1900				1:58.2	0.5		1-1-1-1	30.8-35.8	36.3	518(-2)				751.2																																											曇		16.0	4.0	7.0	18.9	6.0	2	55.0	良	**	**		ソーニーイシュー															
2021105508	2025-08-31	4中京4		10.0	白川郷S(3勝クラス)								吉村誠之		ダ1900				2:00.6	2.1		2-2-3-5	29.3-38.0	39.7	518(0)																																															晴		16.0	4.0	8.0	8.4	4.0	9	58.0	良	**	**		カゼノランナー															
2021105508	2025-10-18	4東京6		10.0	伊勢佐木S(3勝クラス)								北村友一		ダ2100				2:14.6	2.6		10-11-13-13	31.4-36.6	37.7	518(0)																																															曇		16.0	8.0	15.0	9.8	4.0	13	58.0	良	**	**		ピカピカサンダー															
2021105508	2025-12-14	5阪神4		10.0	竹田城S(3勝クラス)								西村淳也		ダ2000				2:04.8	0.2		1-1-1-1	36.2-37.9	38.1	522(+4)				749.8																																											晴		16.0	8.0	16.0	16.6	6.0	2	55.0	良	**	**		ロードプレジール															
2021105516	2023-10-21	4東京6		5.0	2歳新馬								横山武史		芝2000				2:02.4	0.8		2-3-3	37.1-34.1	34.6	484(0)				72.0															晴		16.0	6.0	11.0	8.1	4.0	5	55.0	良	**	**		アフィリオン																																											
2021105516	2023-12-23	5中山7		2.0	2歳未勝利								ドイル		ダ1800				1:56.0	-0.6		3-2-2-2	37.4-40.0	39.8	484(0)				550.0															晴		15.0	8.0	15.0	3.3	1.0	1	55.0	良	**	**		(ビーナスライズ)																																											
2021105516	2024-02-25	2中山2		9.0	デイジー賞(1勝クラス)								戸崎圭太		芝1800				1:50.6	-0.1		1-1-1-1	37.6-36.2	36.2	482(-2)				1100.1															小雨		13.0	6.0	8.0	12.4	7.0	1	55.0	稍	**	**		(エルフストラック)																																											
2021105516	2024-04-28	2東京4		11.0	スイートピーS(L)								横山武史		芝1800				1:46.6	1.0		3-3-3	34.0-35.7	35.9	486(+4)																			晴		13.0	7.0	10.0	7.2	5.0	9	55.0	良	**	**		コガネノソラ																																											
2021105516	2024-06-12	川崎		11.0	関東オークス【指定交(JpnII)								戸崎圭太		ダ2100				2:23.7	5.2		3-4-3-7	30.0-40.0	44.8	486(0)																			晴		11.0	3.0	3.0	4.7	3.0	8	55.0	良	**	**		アンデスビエント																																											
2021105516	2024-09-07	4中山1		11.0	紫苑S(GII)								三浦皇成		芝2000				1:58.2	1.6		1-1-1-1	34.7-34.0	35.6	478(-8)																			晴		13.0	4.0	4.0	91.3	12.0	10	55.0	良	**	**		クリスマスパレード																																											
2021105516	2024-11-17	5東京6		12.0	3歳以上2勝クラス								マーカン		芝1400				1:21.5	0.4		8-8	35.3-34.1	34.0	484(+6)																			晴		18.0	7.0	15.0	10.1	5.0	7	55.0	良	**	**		ヴェサリウス																																											
2021105516	2025-02-16	1東京6		8.0	4歳以上2勝クラス								横山武史		芝1600				1:35.2	1.3		1-1	36.2-34.2	35.5	504(+20)																			晴		13.0	4.0	5.0	9.3	4.0	9	56.0	良	**	**		キョウエイブリッサ																																											
2021105516	2025-03-23	2中山8		12.0	4歳以上2勝クラス								武藤雅		ダ1800								37.6-39.6		計不																			晴		15.0	2.0	4.0			取	56.0	良	**	**		グレノークス																																											
2021105516	2025-05-25	2東京10		8.0	三峰山特別(2勝クラス)								三浦皇成		ダ1600				1:35.8	0.1		4-4	35.1-36.0	35.8	498(-6)				629.6															曇		16.0	4.0	8.0	17.5	8.0	2	56.0	不	**	**		エンセリオ																																											
2021105516	2025-07-05	2福島3		10.0	横手特別(2勝クラス)								三浦皇成		ダ1700				1:46.3	0.8		2-2-2-2	30.9-36.6	37.3	492(-6)				230.0															晴		15.0	4.0	6.0	8.3	4.0	4	56.0	良	**	**		プロミストジーン																																											
2021105516	2025-09-21	4中山7		12.0	3歳以上2勝クラス								三浦皇成		ダ1800				1:54.9	1.4		11-12-12-10	36.9-39.0	39.4	494(+2)																			曇		16.0	1.0	2.0	8.6	4.0	11	56.0	良	**	**		サンセットブライト																																											
2021105516	2025-11-24	5東京6		8.0	3歳以上2勝クラス								プーシャ		ダ1400				1:24.2	1.0		7-7	34.7-36.8	36.9	496(+2)				114.0															晴		15.0	6.0	12.0	26.6	7.0	5	56.0	良	**	**		パラサイコロジー																																											
2021105516	2026-01-18	1中山7		8.0	4歳以上2勝クラス								三浦皇成		ダ1800				1:56.4	2.8		1-1-1-1	36.8-38.9	41.7	494(-2)																																																													晴		16.0	5.0	10.0	13.4	5.0	12	56.0	良	**	**		レディーフランシス	202606010708
2021105533	2023-09-16	4中山3		5.0	2歳新馬								北村宏司		芝1800				1:50.3	0.7		3-3-4-4	38.2-34.7	35.1	418(0)				110.0																																											晴		9.0	3.0	3.0	10.2	4.0	4	55.0	良	**	**		ミアネーロ															
2021105533	2024-01-20	1中山6		5.0	3歳未勝利								キングス		芝1600				1:35.1	0.7		14-10-11	35.3-35.1	34.3	412(-6)																																															曇		16.0	6.0	11.0	46.5	10.0	8	55.0	良	**	**		ガジュノリ															
2021105533	2024-03-16	1中京3		4.0	3歳未勝利								永島まな		芝2000				2:02.1	2.5		12-12-11-11	36.1-35.5	36.8	408(-4)																																															晴		12.0	5.0	6.0	24.4	6.0	9	52.0	良	**	**		コルレオニス															
2021105533	2024-07-07	2福島4		7.0	3歳未勝利								大江原比		芝1200				1:09.6	0.0		11-9	33.9-35.7	34.2	410(+2)				220.0																																											晴		16.0	7.0	13.0	20.3	7.0	2	51.0	良	**	**		バイデンテソーロ															
2021105533	2024-07-20	2福島7		7.0	3歳未勝利								大江原比		芝1200				1:10.7	0.6		11-11	35.2-34.9	34.8	410(0)																																															曇		15.0	1.0	2.0	3.8	2.0	7	51.0	良	**	**		ムチャスグラシアス															
2021105533	2024-09-01	2札幌8		6.0	3歳以上1勝クラス								落合玄太		芝1200				1:10.5	0.6		16-12	34.0-35.9	35.2	408(-2)																																															晴		16.0	3.0	6.0	20.2	9.0	7	54.0	稍	**	**		レザンノワール															
2021105533	2025-02-18	笠松		10.0	ベテルギウス特別(C)								渡辺竜也		ダ1600				1:48.1	1.0		4-4-2		42.1	405(-3)				5.0																																											曇		8.0	1.0	1.0	1.7	1.0	4	54.0	良	**	**		トーマステソーロ															
2021105533	2025-03-20	笠松		2.0	C10・C13組(CC)								渡辺竜也		ダ1400				1:33.9	0.9		6-6-5		40.8	407(+2)				8.0																																											晴		10.0	4.0	4.0	1.8	1.0	3	54.0	良	**	**		メイショウトレック															
2021105533	2025-04-03	笠松		1.0	C17組								渡辺竜也		ダ1400				1:31.1	-2.0		6-3-1		39.6	409(+2)				40.0																																											晴		7.0	3.0	3.0	1.9	1.0	1	55.0	良	**	**		(カインドオブユー)															
2021105533	2025-04-18	笠松		11.0	美濃特別(C)								丸野勝虎		ダ1400				1:31.0	0.5		6-5-5		40.1	411(+2)				15.0																																											曇		10.0	4.0	4.0	14.8	5.0	3	55.0	良	**	**		オニユリ															
2021105533	2025-05-15	笠松		6.0	C8組								渡辺竜也		ダ1600				1:45.6	0.0		6-5-4		38.5	415(+4)				40.0																																											曇		10.0	2.0	2.0	6.0	2.0	1	55.0	良	**	**		(バンダムアゲイン)															
2021105533	2025-06-02	笠松		12.0	屋形船特別(C)								丸野勝虎		ダ1400				1:29.9	-0.2		6-5-3		38.3	414(-1)				60.0																																											曇		12.0	8.0	12.0	6.8	3.0	1	55.0	良	**	**		(マーレイン)															
2021105533	2025-10-05	4東京2		7.0	3歳以上1勝クラス								菅原明良		芝1400				1:21.6	1.5		16-15	34.6-34.1	33.9	416(+2)																																															晴		18.0	5.0	10.0	65.1	10.0	18	56.0	良	**	**		レイククレセント															
2021105540	2023-10-21	2京都6		4.0	2歳新馬								西村淳也		芝1400				1:22.5	0.2		3-3	34.8-35.8	35.7	450(0)				180.0	曇		18.0	4.0	8.0	3.2	1.0	3	55.0	良	**	**		ケーブパール																																																									
2021105540	2023-11-04	3京都1		3.0	2歳未勝利								北村友一		芝1600				1:33.6	0.3		2-2	34.8-34.7	34.9	446(-4)				220.0	晴		13.0	6.0	8.0	4.7	3.0	2	55.0	良	**	**		イフェイオン																																																									
2021105540	2023-12-09	4中京3		5.0	2歳未勝利								ムルザバ		芝1600				1:34.6	0.1		3-3-2	35.4-34.9	34.8	438(-8)				220.0	晴		16.0	6.0	12.0	1.5	1.0	2	55.0	良	**	**		ナムラエデン																																																									
2021105540	2024-02-25	1阪神2		4.0	3歳未勝利								ムルザバ		芝1600				1:35.8	-0.3		9-7	34.7-36.1	35.3	444(+6)				550.0	小雨		18.0	7.0	14.0	2.8	1.0	1	55.0	重	**	**		(ブリックワーク)																																																									
2021105540	2024-03-17	1中京4		9.0	フローラルウォーク賞(1勝クラス)								鮫島克駿		芝1600				1:35.7	1.0		2-3-3	36.3-34.5	34.8	440(-4)					曇		10.0	4.0	4.0	5.3	4.0	8	55.0	良	**	**		エポックヴィーナス																																																									
2021105540	2024-06-02	4京都2		7.0	3歳以上1勝クラス								鮫島克駿		芝1800				1:47.8	-0.1		3-4	36.4-34.2	33.8	446(+6)				800.0	曇		9.0	5.0	5.0	4.7	2.0	1	53.0	良	**	**		(テーオーダグラス)																																																									
2021105540	2024-09-07	4中山1		11.0	紫苑S(GII)								鮫島克駿		芝2000				1:59.2	2.6		13-13-11-10	34.7-34.0	35.3	446(0)					晴		13.0	4.0	5.0	37.6	10.0	13	55.0	良	**	**		クリスマスパレード																																																									
2021105540	2024-11-02	6京都1		12.0	3歳以上2勝クラス								西村淳也		芝1800				1:49.4	0.8		2-2	36.5-34.5	35.2	450(+4)				170.0	曇		8.0	7.0	7.0	3.8	3.0	4	54.0	不	**	**		ガイアメンテ																																																									
2021105540	2024-12-22	5中山8		10.0	オルフェーヴルC(2勝クラス)								Ｃ．デム		芝1600				1:34.0	0.6		10-5-2	34.6-35.6	35.7	444(-6)					晴		16.0	4.0	7.0	6.5	2.0	7	55.0	良	**	**		ピックアチェリー																																																									
2021105540	2025-03-02	1小倉12		10.0	別府特別(2勝クラス)								鮫島克駿		芝1800				1:51.5	1.0		3-3-1-2	37.5-36.1	37.1	450(+6)					曇		16.0	1.0	2.0	13.1	6.0	7	56.0	重	**	**		アウフヘーベン																																																									
2021105540	2025-04-19	2阪神7		10.0	丹波特別(2勝クラス)								北村友一		芝1400				1:20.4	0.4		7-6	34.3-34.2	34.0	462(+12)				230.0	晴		14.0	3.0	3.0	8.6	5.0	4	53.0	良	**	**		レディマリオン																																																									
2021105540	2025-10-11	3京都3		10.0	宇治川特別(2勝クラス)								西村淳也		芝1400				1:20.6	0.3		4-3	35.2-34.0	34.0	466(+4)					晴		13.0	3.0	3.0	10.9	3.0	8	56.0	良	**	**		ミストレス																																																									
2021105540	2025-11-16	4京都4		8.0	3歳以上2勝クラス								西村淳也		芝1400				1:21.2	0.5		8-9	35.0-34.4	34.4	464(-2)					晴		15.0	7.0	12.0	27.6	8.0	13	56.0	良	**	**		アンダースコア																																																									
2021105564	2023-11-11	3京都3		5.0	2歳新馬								松山弘平		芝1800				1:50.9	0.5		6-5	36.9-33.9	33.9	504(0)				180.0																													晴		11.0	8.0	10.0	16.5	5.0	3	56.0	稍	**	**		オスカーブレーヴ																													
2021105564	2024-01-06	1京都1		5.0	3歳未勝利								松山弘平		芝1800				1:48.5	0.1		8-9	34.9-35.3	35.0	500(-4)				220.0																													曇		17.0	2.0	3.0	6.3	3.0	2	57.0	良	**	**		エラトー																													
2021105564	2024-01-27	2京都1		5.0	3歳未勝利								松山弘平		芝1800				1:47.4	0.1		5-4	34.8-35.8	35.6	496(-4)				220.0																													曇		9.0	8.0	8.0	1.8	1.0	2	57.0	良	**	**		スマートワイス																													
2021105564	2024-03-17	1阪神8		5.0	3歳未勝利								川田将雅		芝1800				1:46.3	-0.5		4-3	34.8-34.7	34.4	492(-4)				550.0																													雨		13.0	6.0	8.0	1.5	1.0	1	57.0	良	**	**		(ツーネサーン)																													
2021105564	2024-04-06	3中山5		11.0	ニュージーランドT(GII)								菅原明良		芝1600				1:34.6	0.2		9-7-7	36.0-35.5	35.1	482(-10)				810.0																													曇		16.0	1.0	1.0	9.3	5.0	4	57.0	稍	**	**		エコロブルーム																													
2021105564	2024-06-29	3小倉1		8.0	3歳以上1勝クラス								川田将雅		芝1800				1:47.9	-0.2		7-7-2-1	35.1-37.0	37.0	492(+10)				800.0																													曇		12.0	5.0	6.0	1.3	1.0	1	55.0	良	**	**		(エコロマーズ)																													
2021105564	2024-07-27	2新潟1		6.0	豊栄特別(2勝クラス)								幸英明		芝1600				1:34.2	2.1		7-6	35.1-33.4	35.1	488(-4)																																	曇		18.0	8.0	17.0	12.4	7.0	18	55.0	良	**	**		トラマンダーレ																													
2021105564	2025-09-21	4中山7		9.0	木更津特別(2勝クラス)								岩田望来		芝1600				1:33.6	1.6		5-5-6	34.2-35.4	35.9	492(+4)																																	曇		9.0	6.0	6.0	16.4	5.0	8	58.0	良	**	**		ヒシアマン																													
2021105564	2026-01-17	1京都6		12.0	4歳以上2勝クラス								岩田望来		芝1600				1:33.5	-0.2		4-2	35.2-34.5	34.2	512(+20)				1190.0																													晴		18.0	4.0	8.0	21.6	9.0	1	58.0	良				(モアリジット)																													
2021105569	2023-07-09	3中京4	小雨	6.0	2歳新馬		10.0	5.0	5.0	9.3	5.0	8	坂井瑠星	55.0	芝1600		稍	**	1:39.6	1.7	**	2-3-3	37.9-35.1	36.5	446(0)			ショウナンマヌエラ																																																																								
2021105569	2023-10-08	2京都2	曇	2.0	2歳未勝利		12.0	8.0	12.0	58.1	9.0	11	武豊	55.0	芝1600		良	**	1:36.5	1.7	**	11-12	34.1-36.1	37.0	460(+14)			スウィープフィート																																																																								
2021105569	2024-03-17	1中京4	曇	1.0	3歳未勝利		15.0	6.0	11.0	57.7	9.0	1	角田大河	54.0	ダ1800		良	**	1:53.9	-0.5	**	2-2-2-2	37.7-38.0	37.9	464(+4)			(ネバーモア)	550.0																																																																							
2021105569	2024-05-05	3京都6	晴	6.0	3歳1勝クラス		16.0	8.0	16.0	7.5	4.0	4	角田大河	54.0	ダ1800		良	**	1:53.7	0.8	**	3-3-3-2	36.1-37.4	38.0	460(-4)			アンデスビエント	120.0																																																																							
2021105569	2024-06-01	4京都1	晴	6.0	3歳以上1勝クラス		13.0	5.0	7.0	4.1	2.0	1	角田大河	52.0	ダ1800		稍	**	1:51.7	-0.6	**	1-1-1-1	36.2-37.9	37.9	466(+6)			(バスタードサフラン)	800.0																																																																							
2021105569	2024-08-18	2中京4	晴	9.0	濃尾特別(2勝クラス)		16.0	4.0	8.0	2.2	1.0	1	西村淳也	53.0	ダ1800		良	**	1:52.9	-0.1	**	2-2-2-2	37.2-38.2	38.0	468(+2)			(アコークロー)	1585.0																																																																							
2021105569	2024-10-06	4新潟2	晴	11.0	トルマリンS(3勝クラス)		13.0	8.0	12.0	2.2	1.0	2	丹内祐次	54.0	ダ1800		良	**	1:52.0	0.2	**	3-3-3-3	36.2-37.7	37.7	476(+8)			ピースオブザライフ	748.2																																																																							
2021105569	2025-02-01	1京都1	曇	11.0	舞鶴S(3勝クラス)		12.0	2.0	2.0	8.7	4.0	3	川田将雅	55.0	ダ1800		良	**	1:52.8	0.6	**	4-3-3-3	36.8-37.0	37.3	484(+8)			ダブルハートボンド	463.8																																																																							
2021105569	2025-04-06	3中山4	晴	10.0	アリエスS(3勝クラス)		16.0	6.0	11.0	4.9	2.0	5	北村宏司	56.0	ダ1800		稍	**	1:53.0	1.1	**	3-3-2-1	36.0-37.8	38.8	492(+8)			マンマリアーレ	184.0																																																																							
2021105569	2025-08-02	2新潟3	晴	7.0	柳都S(3勝クラス)		14.0	8.0	15.0	6.6	3.0	13	菅原明良	55.0	ダ1800		良	**	1:54.2	2.7	**	2-3-3-3	36.6-37.5	40.0	488(-4)			タクシンイメル																																																																								
2021105575	2024-02-03	1東京3		5.0	3歳新馬								ルメール		芝1600				1:35.8	-0.4		3-2	36.6-33.5	33.3	486(0)				620.0	晴		16.0	6.0	12.0	2.9	2.0	1	57.0	良	**	**		(ラーリア)																																																									
2021105575	2024-04-13	3中山7		9.0	山藤賞(1勝クラス)								横山武史		芝2000				2:01.6	0.5		4-4-4-3	37.3-34.7	34.8	476(-10)					晴		6.0	4.0	4.0	2.9	2.0	6	57.0	良	**	**		ヤマニンアドホック																																																									
2021105575	2024-06-22	3東京7		12.0	3歳以上1勝クラス								ルメール		芝1600				1:33.8	0.4		9-9	35.6-34.7	34.0	476(0)				120.0	晴		11.0	7.0	8.0	3.7	2.0	4	55.0	良	**	**		テウメッサ																																																									
2021105575	2024-12-22	5中山8		7.0	3歳以上1勝クラス								マーカン		ダ1800				2:00.3	5.2		8-8-7-6	37.7-39.7	44.2	484(+8)					晴		16.0	4.0	7.0	23.2	6.0	14	57.0	良	**	**		ドバイブルース																																																									
2021105575	2025-04-12	3中山5		7.0	4歳以上1勝クラス								モレイラ		芝1600				1:33.6	1.0		14-11-11	35.4-34.4	34.3	480(-4)					晴		16.0	3.0	5.0	4.0	3.0	9	58.0	良	**	**		ガルサブランカ																																																									
2021105575	2025-05-24	2東京9		7.0	4歳以上1勝クラス								北村宏司		芝1600				1:35.3	0.8		9-10	35.7-33.9	33.7	482(+2)					曇		13.0	3.0	3.0	22.8	7.0	9	58.0	良	**	**		アームテイル																																																									
2021105575	2025-07-26	2新潟1		11.0	3歳以上1勝クラス								杉原誠人		芝1800				1:47.6	1.6		5-5	35.7-33.5	34.6	486(+4)					晴		14.0	5.0	7.0	33.1	7.0	10	58.0	良	**	**		ドリームクルーズ																																																									
2021105578	2023-10-28	4東京8		5.0	2歳新馬								戸崎圭太		芝1600				1:34.7	-0.2		10-10	36.1-34.1	33.2	478(0)				720.0																																											晴		13.0	7.0	11.0	3.0	1.0	1	56.0	良	**	**		(キトゥンヒール)															
2021105578	2023-12-02	5中山1		9.0	葉牡丹賞(1勝クラス)								戸崎圭太		芝2000				2:01.1	0.7		8-7-7-6	36.2-34.4	34.2	486(+8)																																															晴		9.0	5.0	5.0	4.7	3.0	7	56.0	良	**	**		トロヴァトーレ															
2021105578	2024-02-18	1東京8		5.0	3歳1勝クラス								戸崎圭太		芝1600				1:36.1	0.4		3-4	36.2-34.0	34.2	484(-2)				78.0																																											晴		12.0	3.0	3.0	5.9	4.0	5	57.0	良	**	**		ポッドテオ															
2021105578	2024-03-16	2中山7		6.0	3歳1勝クラス								戸崎圭太		芝1600				1:35.7	0.9		9-8-8	35.1-35.3	35.1	486(+2)																																															晴		9.0	3.0	3.0	5.4	3.0	8	57.0	良	**	**		ユキノロイヤル															
2021105578	2024-12-28	5中山9		7.0	3歳以上1勝クラス								戸崎圭太		芝1800				1:49.7	1.8		14-14-15-14	36.0-35.7	35.7	500(+14)																																															晴		16.0	6.0	11.0	22.9	8.0	15	57.0	良	**	**		パンジャ															
2021105578	2025-02-01	1東京1		12.0	4歳以上1勝クラス								三浦皇成		芝1800				1:46.7	0.0		1-1-1	36.2-34.1	34.1	500(0)				800.0																																											曇		16.0	1.0	2.0	52.4	8.0	1	57.0	良	**	**		(フォルラニーニ)															
2021105578	2025-02-22	1東京7		8.0	4歳以上2勝クラス								藤岡佑介		芝1800				1:47.2	-0.1		2-2-2	35.5-34.1	34.0	498(-2)				1140.0																																											曇		11.0	8.0	10.0	6.9	3.0	1	57.0	良	**	**		(ラーンザロープス)															
2021105578	2025-05-04	2東京4		9.0	府中S(3勝クラス)								三浦皇成		芝2000				1:58.2	0.5		3-5-5	36.3-34.4	34.5	494(-4)				280.0																																											晴		13.0	8.0	12.0	4.9	2.0	4	58.0	良	**	**		アスクカムオンモア															
2021105578	2025-06-01	2東京12		10.0	むらさき賞(3勝クラス)								三浦皇成		芝1800				1:44.6	0.0		4-4-4	33.6-36.1	35.1	490(-4)				750.8																																											晴		18.0	6.0	12.0	5.7	3.0	2	56.0	良	**	**		メリオーレム															
2021105578	2025-10-19	4東京7		12.0	甲斐路S(3勝クラス)								三浦皇成		芝1800				1:46.0	0.6		9-9-7	35.6-34.1	33.9	494(+4)																																															小雨		18.0	6.0	12.0	10.9	5.0	6	57.0	良	**	**		ニシノティアモ															
2021105578	2025-11-16	4京都4		12.0	ドンカスターC(3勝クラス)								戸崎圭太		芝1800				1:46.3	0.7		6-7	36.1-33.9	33.8	490(-4)																																															晴		12.0	5.0	6.0	9.1	4.0	10	57.0	良	**	**		ガイアメンテ															
2021105578	2025-12-13	5中山3		11.0	常総S(3勝クラス)								荻野極		芝1800				1:47.4	0.1		1-1-1-1	36.7-34.3	34.4	502(+12)				749.8																																											曇		16.0	4.0	8.0	8.3	4.0	2	58.0	良	**	**		マイネルオーシャン															
2021105581	2023-11-05	3京都2		4.0	2歳新馬								藤岡康太		芝1600				1:34.4	0.1		10-9	35.6-34.5	33.9	486(0)				290.0																																											晴		17.0	2.0	4.0	1.4	1.0	2	55.0	良	**	**		ラブディーヴァ															
2021105581	2023-12-02	5阪神1		3.0	2歳未勝利								川田将雅		芝1600				1:35.2	1.0		7-7	35.1-34.4	34.7	482(-4)																																															晴		10.0	3.0	3.0	1.2	1.0	9	55.0	良	**	**		ルミッキ															
2021105581	2024-06-09	4京都4		4.0	3歳未勝利								Ｍ．デム		芝1600				1:33.6	-0.1		11-9	34.6-35.0	34.0	478(-4)				550.0																																											曇		18.0	3.0	6.0	2.5	1.0	1	55.0	稍	**	**		(ブリックワーク)															
2021105581	2024-06-23	4京都8		8.0	木屋町特別(1勝クラス)								川田将雅		芝2000				2:03.7	0.6		5-5-5-4	37.5-34.1	34.3	480(+2)				111.0																																											雨		8.0	4.0	4.0	2.3	1.0	5	53.0	重	**	**		バッデレイト															
2021105581	2024-08-17	2中京3		9.0	御在所特別(1勝クラス)								川田将雅		芝2000				1:58.9	-0.3		8-8-8-8	35.9-34.2	33.5	480(0)				1133.1																																											晴		9.0	1.0	1.0	2.0	1.0	1	53.0	良	**	**		(アクアヴァーナル)															
2021105581	2024-09-15	3中京4		11.0	関西TVローズS(GII)								Ｍ．デム		芝2000				2:01.7	1.8		8-8-8-8	36.1-35.6	35.1	482(+2)																																															曇		15.0	6.0	11.0	20.8	6.0	13	55.0	稍	**	**		クイーンズウォーク															
2021105581	2025-01-19	1中京7		9.0	西尾特別(2勝クラス)								川田将雅		芝2000				2:01.3	1.0		6-6-6-7	36.5-35.2	35.3	488(+6)																																															晴		11.0	6.0	6.0	2.6	1.0	8	55.0	良	**	**		ミッキーツインクル															
2021105581	2025-03-30	2阪神2		9.0	四国新聞杯(2勝クラス)								Ｍ．デム		芝2000				2:02.1	1.1		5-5-3-2	36.9-36.1	36.8	482(-6)																																															曇		11.0	6.0	7.0	6.0	3.0	7	56.0	良	**	**		レディベル															
2021105581	2025-08-16	3中京7		8.0	長久手特別(2勝クラス)								バデル		芝2000				1:59.9	0.2		4-4-4-3	37.0-34.1	34.0	494(+12)				392.4																																											晴		8.0	4.0	4.0	12.4	4.0	3	56.0	良	**	**		レディーヴァリュー															
2021105581	2025-09-15	4中山5		10.0	Mディープインパクト(2勝クラス)								モレイラ		芝1800				1:47.6	-0.1		6-6-6-5	38.3-33.9	33.1	494(0)				1570.3																																											曇		9.0	1.0	1.0	3.6	2.0	1	56.0	良	**	**		(ブルーマエストロ)															
2021105581	2025-10-19	4新潟2		11.0	新潟牝馬S(L)								荻野極		芝2200				2:12.9	0.2		8-8-6-4	35.8-35.0	34.7	494(0)				1109.0																																											曇		14.0	7.0	12.0	9.1	5.0	2	55.0	良	**	**		カネラフィーナ															
2021105581	2025-11-16	5東京4		10.0	ユートピアS(3勝クラス)								杉原誠人		芝1800				1:46.5	-0.1		9-10-10	37.2-33.7	32.9	494(0)				1866.6																																											晴		11.0	6.0	6.0	5.6	3.0	1	56.0	良	**	**		(クリニクラウン)															
2021105598	2023-06-25	3阪神8		5.0	2歳新馬								ルメール		芝1800				1:50.0	1.2		3-3	36.1-34.2	35.1	456(0)				110.0	曇		7.0	1.0	1.0	2.0	1.0	4	55.0	良	**	**		ギャンブルルーム																																																									
2021105598	2023-09-16	4阪神3		2.0	2歳未勝利								ルメール		ダ1400				1:26.4	0.8		3-3	34.9-38.4	38.9	472(+16)				220.0	晴		16.0	5.0	10.0	3.2	2.0	2	55.0	良	**	**		リジル																																																									
2021105598	2023-10-15	2京都5		1.0	2歳未勝利								ルメール		ダ1400				1:26.4	-0.2		5-5	35.2-39.0	37.6	474(+2)				550.0	晴		9.0	6.0	6.0	1.8	1.0	1	56.0	重	**	**		(プレヴィスト)																																																									
2021105598	2023-12-10	5中山4		7.0	2歳1勝クラス								津村明秀		ダ1800				1:54.1	1.6		2-2-2-2	37.1-37.9	39.4	474(0)				120.0	晴		16.0	8.0	16.0	7.9	4.0	4	56.0	良	**	**		ミッキーファイト																																																									
2021105598	2024-01-20	1京都6		4.0	3歳1勝クラス								和田竜二		ダ1400				1:24.5	1.1		5-6	34.8-36.6	37.1	474(0)				120.0	曇		7.0	4.0	4.0	4.8	3.0	4	57.0	稍	**	**		ワイワイレジェンド																																																									
2021105598	2024-02-11	1東京6		7.0	3歳1勝クラス								戸崎圭太		ダ1600				1:38.2	0.7		6-6	34.8-37.7	37.6	470(-4)				120.0	晴		15.0	3.0	5.0	15.6	6.0	4	57.0	稍	**	**		ラタフォレスト																																																									
2021105598	2024-08-11	2札幌2		6.0	3歳以上1勝クラス								武豊		ダ1700				1:46.3	0.0		3-3-2-2	30.5-39.2	38.4	476(+6)				800.0	晴		13.0	4.0	5.0	3.4	1.0	1	55.0	良	**	**		(ポワンキュルミナン)																																																									
2021105598	2024-08-31	2札幌7		9.0	インディアT(2勝クラス)								武豊		ダ1700				1:45.9	2.3		10-11-7-10	30.6-36.1	37.9	480(+4)					曇		13.0	7.0	10.0	4.6	1.0	11	55.0	重	**	**		クラヴィコード																																																									
2021105598	2024-10-20	4東京6		12.0	3歳以上2勝クラス								津村明秀		ダ1600				1:38.0	0.6		2-2	36.4-36.1	36.7	476(-4)				170.0	晴		14.0	7.0	11.0	5.1	2.0	4	56.0	良	**	**		ロジアデレード																																																									
2021105598	2024-11-10	6京都4		8.0	3歳以上2勝クラス								ルメール		ダ1400				1:24.2	0.2		7-6	34.3-37.9	37.0	478(+2)					晴		13.0	6.0	8.0	6.7	3.0	6	57.0	良	**	**		ヘルモーズ																																																									
2021105598	2024-12-22	7京都8		8.0	3歳以上2勝クラス								浜中俊		ダ1400				1:25.8	0.4		2-1	36.0-37.6	37.9	488(+10)				290.0	晴		16.0	4.0	8.0	8.7	4.0	3	57.0	良	**	**		スターペスカオリ																																																									
2021105598	2025-01-13	1中京5		9.0	鳥羽特別(2勝クラス)								浜中俊		ダ1400				1:25.2	0.4		4-4	34.8-37.4	37.6	486(-2)				155.0	晴		16.0	2.0	3.0	16.0	8.0	5	57.0	良	**	**		エムズマインド																																																									
2021105598	2025-02-02	1東京2		8.0	4歳以上2勝クラス								浜中俊		ダ1400				1:25.2	1.3		3-3	35.5-36.3	37.4	480(-6)				114.0	小雨		16.0	8.0	15.0	5.8	3.0	5	58.0	稍	**	**		アッチャゴーラ																																																									
2021105598	2025-03-01	1小倉11		11.0	早鞆特別(2勝クラス)								丹内祐次		ダ1700				1:46.7	1.3		3-3-2-4	30.7-36.6	37.7	482(+2)					曇		15.0	7.0	12.0	5.4	3.0	14	55.0	良	**	**		コブラ																																																									
2021105598	2025-05-17	2東京7		10.0	立川特別(2勝クラス)								津村明秀		ダ1400				1:24.3	1.3		4-4	34.4-36.7	37.3	492(+10)					曇		12.0	5.0	6.0	9.5	6.0	9	58.0	不	**	**		アンジュフィールド																																																									
2021105598	2025-06-29	2小倉2		10.0	西部日刊スポーツ杯(2勝クラス)								松若風馬		ダ1700				1:45.8	0.2		13-14-5-3	29.9-37.6	37.3	486(-6)				629.0	晴		15.0	6.0	10.0	10.6	5.0	2	58.0	良	**	**		メイショウフウドウ																																																									
2021105598	2025-09-07	4阪神2		12.0	3歳以上2勝クラス								松若風馬		ダ1400				1:24.2	-0.4		1-1	35.3-36.8	36.8	490(+4)				1140.0	晴		12.0	4.0	4.0	7.5	3.0	1	58.0	良	**	**		(アラナコア)																																																									
2021105598	2025-09-20	4阪神6		11.0	大阪スポーツ杯(3勝クラス)								松若風馬		ダ1400				1:24.8	0.5		2-2	35.6-36.6	37.0	492(+2)					曇		13.0	8.0	12.0	6.0	3.0	7	58.0	良	**	**		スターペスカオリ																																																									
2021105598	2025-11-23	4京都6		10.0	LトレーナーC(3勝クラス)								Ｃ．デム		ダ1400				1:24.4	0.7		5-3	34.9-36.6	36.9	494(+2)					晴		16.0	5.0	9.0	6.7	4.0	10	58.0	良	**	**		フェルヴェンテ																																																									
2021105598	2025-12-21	5阪神6		9.0	御影S(3勝クラス)								Ｃ．デム		ダ1400				1:22.5	0.0		7-7	34.0-36.8	36.2	492(-2)				749.6	雨		16.0	7.0	14.0	13.7	6.0	2	58.0	重	**	**		トリリオンボーイ																																																									
2021105598	2026-01-17	1京都6		11.0	羅生門S(3勝クラス)								坂井瑠星		ダ1400				1:25.4	1.5		3-3	35.3-36.2	37.4	494(+2)																																	晴		16.0	6.0	12.0	10.5	5.0	13	58.0	良				エストレヤデベレン																													
2021105599	2024-03-17	2中山8		5.0	3歳未勝利								ルメール		芝1600				1:36.3	0.8		12-13-14	36.4-35.6	35.1	458(0)																																	晴		16.0	4.0	7.0	2.9	2.0	9	55.0	良	**	**		デイジー																													
2021105599	2024-05-05	2東京6		4.0	3歳未勝利								ルメール		芝1800				1:47.8	0.3		2-2-2	36.2-34.9	35.2	456(-2)				220.0																													晴		18.0	3.0	5.0	4.8	2.0	2	55.0	良	**	**		サトノラクローヌ																													
2021105599	2024-08-11	3新潟2		6.0	3歳未勝利								ルメール		芝1800				1:47.8	0.9		6-6	35.1-35.1	35.4	442(-14)																																	晴		18.0	2.0	4.0	2.3	1.0	8	55.0	良	**	**		エイシンポリシー																													
2021105599	2024-11-04	大井		5.0	C215　1617(C216)								Ｒ．クア		ダ1600				1:42.5	-0.8		1-1-1-1	38.4-39.3	39.3	447(+5)				100.0																													晴		10.0	2.0	2.0	1.5	1.0	1	54.0	稍	**	**		(ココナッツガーデン)																													
2021105599	2024-12-04	大井		6.0	C2九　十								Ｒ．クア		ダ1600				1:43.0	-1.5		1-1-1-1	39.3-38.5	38.5	453(+6)				100.0																													晴		13.0	1.0	1.0	1.1	1.0	1	54.0	良	**	**		(ピンネシリ)																													
2021105599	2025-02-15	1東京5		12.0	4歳以上1勝クラス								戸崎圭太		芝1600				1:33.5	0.0		1-1	34.9-35.2	35.2	458(+5)				800.0																													晴		16.0	3.0	5.0	7.6	4.0	1	56.0	良	**	**		(レッドレナート)																													
2021105599	2025-04-27	2東京2		8.0	4歳以上2勝クラス								戸崎圭太		芝1400				1:20.4	-0.1		2-3	35.1-33.5	33.4	456(-2)				1140.0																													晴		14.0	6.0	10.0	2.8	1.0	1	56.0	良	**	**		(アニトラ)																													
2021105599	2025-06-22	3東京6		10.0	多摩川S(3勝クラス)								レーン		芝1400				1:21.4	0.2		2-2	35.5-34.3	34.4	450(-6)				280.0																													晴		16.0	4.0	7.0	4.6	2.0	4	56.0	良	**	**		セフィロ																													
2021105599	2025-10-04	4東京1		10.0	白秋S(3勝クラス)								戸崎圭太		芝1400				1:20.8	1.0		2-2	34.4-34.0	34.9	450(0)																																	小雨		15.0	1.0	1.0	5.1	2.0	11	55.0	良	**	**		レッドシュヴェルト																													
2021105599	2025-12-07	5中山2		9.0	南総S(3勝クラス)								マーカン		芝1200				1:07.2	-0.1		6-3	32.8-34.4	33.9	460(+10)				1867.3																													晴		12.0	7.0	9.0	10.7	5.0	1	56.0	良	**	**		(ソーダーンライト)																													
2021105599	2026-01-17	1中山6		11.0	カーバンクルS(OP)								石川裕紀		芝1200				1:08.1	0.7		4-4	33.7-33.7	34.1	462(+2)																																	晴		16.0	1.0	2.0	5.3	2.0	12	53.0	良				ウイングレイテスト																													
2021105608	2023-10-01	4阪神9	曇	5.0	2歳新馬		9.0	8.0	8.0	4.1	3.0	1	和田竜二	55.0	芝2000		稍	**	2:02.1	0.0	**	1-1-1-1	36.9-35.2	35.2	512(0)			(ガルデルクラージュ)	720.0																																																																							
2021105608	2023-11-25	3京都7	晴	11.0	ラジオN杯京都2歳S(GIII)		14.0	8.0	14.0	105.4	13.0	10	和田竜二	56.0	芝2000		良	**	2:00.7	0.9	**	1-1-1-1	35.0-35.9	36.8	508(-4)			シンエンペラー																																																																								
2021105608	2024-01-06	1中山1	晴	10.0	ジュニアC(L)		10.0	8.0	10.0	14.1	7.0	10	ピーヒュ	57.0	芝1600		良	**	1:34.3	1.8	**	2-2-2	34.8-34.6	36.2	498(-10)			キャプテンシー																																																																								
2021105608	2024-03-23	2阪神1	雨	7.0	3歳1勝クラス		10.0	5.0	5.0	7.0	4.0	5	ムルザバ	57.0	芝1400		重	**	1:23.6	0.5	**	5-4	35.7-35.5	35.7	500(+2)			コーティアスマナー	78.0																																																																							
2021105608	2024-04-28	3京都4	晴	5.0	3歳1勝クラス		12.0	6.0	7.0	22.7	6.0	3	和田竜二	57.0	ダ1400		良	**	1:24.7	1.2	**	1-1	34.0-37.5	38.7	498(-2)			テイエムリステット	200.0																																																																							
2021105608	2024-05-18	3京都9	晴	6.0	3歳1勝クラス		15.0	8.0	14.0	5.7	4.0	2	和田竜二	57.0	ダ1400		良	**	1:24.4	0.0	**	2-2	34.8-37.5	37.3	502(+4)			アレ	310.0																																																																							
2021105608	2024-06-08	4京都3	晴	12.0	3歳以上1勝クラス		15.0	4.0	8.0	2.5	1.0	1	和田竜二	55.0	ダ1400		良	**	1:24.3	-0.5	**	2-2	34.7-37.4	37.2	504(+2)			(ジャーヴィス)	800.0																																																																							
2021105608	2024-08-31	2中京7	小雨	10.0	鳥羽特別(2勝クラス)		15.0	2.0	2.0	3.1	1.0	1	和田竜二	55.0	ダ1400		不	**	1:23.4	-0.3	**	1-1	34.7-36.8	36.8	506(+2)			(カフェニクス)	1584.3																																																																							
2021105608	2024-09-21	3中京6	曇	11.0	伊賀S(3勝クラス)		15.0	2.0	2.0	7.2	2.0	9	和田竜二	55.0	ダ1400		良	**	1:24.3	1.1	**	2-2	34.4-36.9	37.9	506(0)			エミサキホコル																																																																								
2021105608	2024-11-17	6京都6	曇	10.0	グランアレグリアC(3勝クラス)		15.0	2.0	2.0	5.8	3.0	7	Ｃ．デム	57.0	ダ1400		良	**	1:24.6	1.1	**	2-2	34.1-37.5	38.4	504(-2)			インビンシブルパパ																																																																								
2021105608	2025-01-18	1中京6	晴	11.0	遠江S(3勝クラス)		16.0	7.0	14.0	16.4	7.0	8	西村淳也	57.0	ダ1400		良	**	1:24.3	1.0	**	2-2	35.3-35.8	36.6	512(+8)			モズミギカタアガリ																																																																								
2021105608	2025-04-06	2阪神4	晴	12.0	陽春S(3勝クラス)		11.0	7.0	9.0	5.6	2.0	6	和田竜二	58.0	ダ1200		良	**	1:11.8	0.4	**	2-2	34.3-37.1	37.3	508(-4)			エコロガイア																																																																								
2021105608	2025-06-15	3阪神4	晴	10.0	花のみちS(3勝クラス)		18.0	1.0	2.0	72.4	14.0	18	鮫島克駿	58.0	芝1600		稍	**	1:40.4	7.8	**	1-2	34.1-35.0	42.8	502(-6)			ブルーミンデザイン																																																																								
2021105608	2025-09-28	4中山9	晴	12.0	外房S(3勝クラス)		16.0	3.0	6.0	9.8	5.0	1	菅原明良	55.0	ダ1200		良	**	1:10.9	-0.1	**	4-4	33.7-37.2	36.9	494(-8)			(ショウナンアビアス)	1877.8																																																																							
2021105608	2025-11-08	4京都1	晴	11.0	室町S(OP)		16.0	6.0	11.0	20.5	9.0	7	西村淳也	54.0	ダ1200		良	**	1:10.9	0.6	**	12-9	34.2-36.1	35.7	486(-8)			ペプチドヤマト																																																																								
2021105608	2026-01-17	1中山6		11.0	カーバンクルS(OP)								三浦皇成		芝1200				1:07.7	0.3		6-6	33.7-33.7	33.5	484(-2)																																	晴		16.0	2.0	3.0	55.3	12.0	8	54.0	良				ウイングレイテスト																													
2021105609	2023-07-16	2函館6		5.0	2歳新馬								浜中俊		芝1800				1:51.2	0.2		6-6-3-2	36.6-36.2	36.3	470(0)				290.0																																											曇		14.0	7.0	12.0	7.3	4.0	2	55.0	稍	**	**		マーゴットソラーレ															
2021105609	2023-08-19	2札幌3		1.0	2歳未勝利								北村友一		芝1800				1:48.8	0.3		2-2-2-2	36.3-35.6	35.3	462(-8)				220.0																																											晴		12.0	2.0	2.0	3.1	2.0	2	55.0	良	**	**		セットアップ															
2021105609	2023-09-24	4中山7		3.0	2歳未勝利								浜中俊		芝1800				1:48.9	0.2		1-1-1-1	36.1-36.6	36.8	470(+8)				220.0																																											晴		12.0	6.0	7.0	1.2	1.0	2	55.0	稍	**	**		テリオスサラ															
2021105609	2023-10-08	4東京2		2.0	2歳未勝利								Ｍ．デム		芝1600				1:34.2	-0.1		3-3	34.9-35.3	34.9	470(0)				550.0																																											曇		14.0	5.0	8.0	1.9	1.0	1	56.0	良	**	**		(ツルマウカタチ)															
2021105609	2024-02-10	1東京5		7.0	3歳1勝クラス								田辺裕信		芝1400				1:21.5	0.6		2-2	35.3-33.8	34.3	482(+12)				200.0																																											晴		13.0	8.0	12.0	9.1	4.0	3	57.0	良	**	**		ソンシ															
2021105609	2024-03-02	2中山3		6.0	3歳1勝クラス								Ｍ．デム		芝1600				1:35.1	-0.1		2-2-2	35.8-35.6	35.4	484(+2)				780.0																																											曇		12.0	5.0	5.0	3.2	2.0	1	57.0	稍	**	**		(ベストオブユー)															
2021105609	2024-04-06	3中山5		11.0	ニュージーランドT(GII)								浜中俊		芝1600				1:35.1	0.7		11-9-9	36.0-35.5	35.5	476(-8)																																															曇		16.0	8.0	15.0	22.9	6.0	10	57.0	稍	**	**		エコロブルーム															
2021105609	2024-05-05	3京都6		10.0	橘S(L)								長岡禎仁		芝1400				1:21.5	1.2		8-6	34.8-34.2	34.5	472(-4)																																															晴		10.0	8.0	11.0	15.5	7.0	9	57.0	良	**	**		ガロンヌ															
2021105609	2024-09-22	4中山7		9.0	木更津特別(2勝クラス)								菅原明良		芝1600				1:33.5	1.1		2-4-3	35.3-33.9	34.6	464(-8)																																															曇		13.0	3.0	3.0	40.8	6.0	7	56.0	良	**	**		キープカルム															
2021105609	2025-01-19	1中山7		8.0	4歳以上2勝クラス								横山典弘		芝1800				1:49.1	0.8		13-11-14-12	37.3-34.7	34.4	476(+12)																																															曇		14.0	5.0	7.0	7.4	5.0	8	57.0	良	**	**		キュクヌス															
2021105609	2025-02-02	1東京2		12.0	4歳以上2勝クラス								横山和生		芝2000				2:00.7	0.0		6-5-3	35.6-36.2	35.6	476(0)				1140.0																																											曇		10.0	3.0	3.0	3.2	2.0	1	57.0	良	**	**		(アヴニールドブリエ)															
2021105609	2025-05-04	2東京4		9.0	府中S(3勝クラス)								Ｍ．デム		芝2000				2:01.0	3.3		6-1-1	36.3-34.4	37.7	470(-6)																																															晴		13.0	6.0	8.0	29.0	7.0	12	58.0	良	**	**		アスクカムオンモア															
2021105609	2025-06-01	2東京12		10.0	むらさき賞(3勝クラス)								横山和生		芝1800				1:45.6	1.0		16-16-15	33.6-36.1	34.6	472(+2)																																															晴		18.0	3.0	5.0	53.6	13.0	9	54.0	良	**	**		メリオーレム															
2021105609	2025-10-19	4東京7		12.0	甲斐路S(3勝クラス)								吉田豊		芝1800				1:45.9	0.5		15-16-16	35.6-34.1	33.1	474(+2)				280.0																																											小雨		18.0	4.0	7.0	270.1	17.0	4	54.0	良	**	**		ニシノティアモ															
2021105609	2025-11-09	5東京2		10.0	イクイノックスM(3勝クラス)								吉田豊		芝2000				1:59.0	0.4		11-11-10	36.1-33.9	33.5	482(+8)				464.1																																											小雨		12.0	5.0	6.0	23.3	6.0	3	58.0	良	**	**		ウィクトルウェルス															
2021105609	2026-01-10	1中山3		11.0	迎春S(3勝クラス)								吉田豊		芝2200				2:12.5	1.8		17-17-16-14	35.1-34.6	34.9	488(+6)																																															晴		17.0	7.0	14.0	33.5	10.0	10	58.0	良	**	**		アスクナイスショー															
2021105623	2023-07-30	2新潟2		5.0	2歳新馬								坂井瑠星		芝1800				1:47.9	1.5		3-3	35.5-34.6	35.8	482(0)				110.0	晴		9.0	1.0	1.0	2.2	1.0	4	55.0	良	**	**		カンティアーモ																																																									
2021105623	2023-08-13	3小倉2		1.0	2歳未勝利								坂井瑠星		芝1800				1:50.0	-0.3		3-3-5-5	36.8-36.1	35.7	472(-10)				550.0	晴		10.0	7.0	8.0	3.7	3.0	1	55.0	良	**	**		(アンモード)																																																									
2021105623	2023-10-21	4東京6		9.0	アイビーS(L)								坂井瑠星		芝1800				1:48.3	0.1		1-1-1	37.7-33.1	33.2	484(+12)				683.8	晴		6.0	6.0	6.0	14.8	4.0	2	56.0	良	**	**		ダノンエアズロック																																																									
2021105623	2023-11-25	3京都7		11.0	ラジオN杯京都2歳S(GIII)								坂井瑠星		芝2000				2:00.5	0.7		2-3-4-4	35.0-35.9	36.2	480(-4)					晴		14.0	6.0	9.0	7.8	4.0	9	56.0	良	**	**		シンエンペラー																																																									
2021105623	2024-02-24	1阪神1		9.0	すみれS(L)								ムルザバ		芝2200				2:13.1	1.1		5-5-6-7	34.5-35.0	35.4	490(+10)					晴		10.0	4.0	4.0	7.2	4.0	7	57.0	良	**	**		サンライズアース																																																									
2021105623	2024-03-16	1阪神7		11.0	若葉S(L)								菱田裕二		芝2000				1:59.8	0.1		1-1-1-1	36.1-34.6	34.7	484(-6)				806.4	晴		9.0	6.0	6.0	22.2	6.0	2	57.0	良	**	**		ミスタージーティー																																																									
2021105623	2024-04-14	3中山8		11.0	皐月賞(GI)								菱田裕二		芝2000				1:58.2	1.1		10-10-10-10	34.2-35.8	35.1	482(-2)					晴		17.0	6.0	11.0	274.9	16.0	11	57.0	良	**	**		ジャスティンミラノ																																																									
2021105623	2024-08-03	1札幌5		8.0	3歳以上1勝クラス								菱田裕二		芝1800				1:47.4	-0.4		2-2-2-2	35.8-35.1	34.9	482(0)				800.0	晴		13.0	1.0	1.0	3.6	2.0	1	55.0	良	**	**		(マルカオペラ)																																																									
2021105623	2024-09-01	2札幌8		10.0	フィリピンT(2勝クラス)								菱田裕二		芝2000				2:03.2	0.2		3-3-3-3	36.2-36.7	36.7	490(+8)				155.0	晴		15.0	5.0	8.0	3.4	2.0	5	55.0	稍	**	**		ソリダリティ																																																									
2021105623	2024-10-27	5京都8		9.0	北野特別(2勝クラス)								西村淳也		芝2000				1:59.5	-0.2		1-1-1-1	36.9-34.5	34.5	488(-2)				1570.3	曇		8.0	5.0	5.0	2.4	1.0	1	55.0	良	**	**		(ギャンブルルーム)																																																									
2021105623	2024-12-07	5中山3		11.0	常総S(3勝クラス)								マーカン		芝1800				1:48.8	0.5		11-13-14-13	37.0-34.6	33.9	492(+4)					晴		15.0	7.0	12.0	3.3	2.0	10	57.0	良	**	**		ディオスバリエンテ																																																									
2021105623	2024-12-22	7京都8		10.0	サンタクロースS(3勝クラス)								菱田裕二		芝2000				2:00.9	-0.2		1-1-1-1	37.8-34.1	34.1	492(0)				1870.1	晴		14.0	8.0	14.0	9.2	4.0	1	57.0	良	**	**		(モズロックンロール)																																																									
2021105623	2025-02-09	1小倉6		11.0	小倉日経賞(OP)								菱田裕二		芝2000				2:02.6	1.1		2-2-2-2	36.3-35.5	36.5	492(0)				360.0	晴		11.0	7.0	9.0	3.6	1.0	4	56.0	稍	**	**		ドゥラドーレス																																																									
2021105623	2025-02-23	1小倉10		11.0	小倉大賞典(GIII)								小沢大仁		芝1800				1:47.4	1.3		6-4-3-4	35.9-36.2	35.9	490(-2)					曇		13.0	4.0	5.0	10.3	6.0	13	55.0	良	**	**		ロングラン																																																									
2021105623	2025-04-13	1福島2		11.0	福島民報杯(L)								菱田裕二		芝2000				2:01.5	1.7		2-2-2-2	34.8-36.4	37.8	500(+10)					雨		15.0	1.0	1.0	8.3	4.0	15	57.0	良	**	**		シリウスコルト																																																									
2021105623	2025-09-13	4阪神3		11.0	チャレンジC(GIII)								菱田裕二		芝2000				2:00.2	2.2		2-1-1-1	36.0-35.7	37.9	496(-4)					曇		15.0	3.0	4.0	16.1	7.0	14	55.0	良	**	**		オールナット																																																									
2021105623	2025-09-27	4阪神8		11.0	シリウスS(GIII)								菱田裕二		ダ2000				2:10.0	5.2		1-1-1-5	35.1-37.2	42.4	492(-4)					晴		14.0	7.0	12.0	56.7	10.0	14	55.0	良	**	**		ホウオウルーレット																																																									
2021105623	2025-11-29	5東京7		11.0	キャピタルS(L)								佐々木大		芝1600				1:33.2	1.3		11-11	34.3-34.7	34.7	494(+2)					晴		18.0	7.0	14.0	121.7	14.0	16	57.0	良	**	**		ミッキーゴージャス																																																									
2021105623	2025-12-13	5中京3		11.0	中日新聞杯(GIII)								吉田隼人		芝2000				1:59.1	1.5		1-1-2-2	35.1-34.1	35.6	488(-6)					晴		18.0	1.0	1.0	114.4	14.0	15	54.0	良	**	**		シェイクユアハート																																																									
2021105626	2023-08-27	2札幌6	曇	5.0	2歳新馬		5.0	3.0	3.0	2.9	2.0	1	モレイラ	55.0	芝1800		良	**	1:53.0	-0.5	**	1-1-1-1	39.6-35.3	35.3	442(0)			(ヴァルドルチャ)	720.0																																																																							
2021105626	2023-09-30	4中山8	晴	9.0	芙蓉S(OP)		8.0	3.0	3.0	2.7	1.0	3	佐々木大	55.0	芝2000		良	**	2:03.4	0.4	**	1-1-1-1	37.1-35.8	36.2	446(+4)			シリウスコルト	402.8																																																																							
2021105626	2024-01-14	1中山5	晴	11.0	京成杯(GIII)		14.0	7.0	13.0	32.4	8.0	9	キング	57.0	芝2000		良	**	2:01.0	0.5	**	6-6-8-7	35.6-34.8	34.3	458(+12)			ダノンデサイル																																																																								
2021105626	2024-03-24	1中京6	小雨	9.0	大寒桜賞(1勝クラス)		10.0	4.0	4.0	10.8	6.0	10	松山弘平	57.0	芝2200		重	**	2:19.2	1.8	**	3-5-7-10	35.8-35.6	36.5	464(+6)			シュガークン																																																																								
2021105626	2024-07-27	1札幌3	曇	9.0	積丹特別(1勝クラス)		9.0	8.0	8.0	5.0	3.0	3	佐々木大	55.0	芝2600		良	**	2:42.7	0.4	**	3-3-2-3	37.1-35.4	35.6	472(+8)			ライフセービング	282.9																																																																							
2021105626	2024-10-19	4新潟5	雨	9.0	岩船特別(1勝クラス)		10.0	1.0	1.0	4.8	3.0	1	佐々木大	55.0	芝2200		稍	**	2:19.0	-0.1	**	3-3-4-4	38.6-35.5	35.1	466(-6)			(ホワイトビーチ)	1140.1																																																																							
2021105626	2025-01-12	1中山4	曇	9.0	初咲賞(2勝クラス)		14.0	3.0	3.0	7.9	5.0	9	キング	57.0	芝2200		良	**	2:15.0	2.0	**	4-5-5-5	37.4-35.5	37.0	478(+12)			ディマイザキッド																																																																								
2021105626	2025-04-06	3中山4	小雨	9.0	安房特別(2勝クラス)		12.0	2.0	2.0	10.5	5.0	8	大野拓弥	55.0	芝2500		良	**	2:34.1	1.6	**	7-6-7-6	30.5-35.1	36.1	476(-2)			レッドテリオス																																																																								
2021105626	2025-05-03	2東京3	晴	8.0	4歳以上2勝クラス		7.0	1.0	1.0	16.3	5.0	7	松山弘平	58.0	芝2400		良	**	2:29.0	0.7	**	1-1-1-2	37.9-33.0	33.7	472(-4)			カフェグランデ																																																																								
2021105626	2025-10-26	4新潟4	雨	10.0	村上特別(2勝クラス)		16.0	7.0	14.0	38.5	9.0	15	鮫島克駿	58.0	芝2000		稍	**	2:02.4	2.0	**	7-7	36.0-35.6	36.9	470(-2)			マイネルオーシャン																																																																								
2021105637	2023-07-30	2新潟2		5.0	2歳新馬								岩田望来		芝1800				1:47.6	1.2		4-4	35.5-34.6	35.4	478(0)				180.0															晴		9.0	8.0	8.0	16.7	5.0	3	55.0	良	**	**		カンティアーモ																																											
2021105637	2023-10-22	2京都7		1.0	2歳未勝利								岩田望来		ダ1800				1:55.0	-0.1		4-4-3-3	38.4-37.9	37.6	486(+8)				550.0															晴		11.0	4.0	4.0	5.1	3.0	1	56.0	良	**	**		(ロードフォアエース)																																											
2021105637	2023-11-05	3京都2		9.0	もちの木賞(1勝クラス)								横山和生		ダ1800				1:53.2	0.2		10-10-9-8	36.5-39.2	38.5	480(-6)				273.3															晴		11.0	7.0	9.0	4.5	2.0	3	56.0	良	**	**		アンモシエラ																																											
2021105637	2023-12-28	5中山9		11.0	ホープフルS(GI)								横山和生		芝2000				2:02.0	1.8		15-14-15-15	35.4-35.9	36.4	478(-2)																			晴		16.0	4.0	7.0	236.6	15.0	13	56.0	良	**	**		レガレイラ																																											
2021105637	2024-01-21	1京都7		6.0	3歳1勝クラス								岩田望来		ダ1800				1:51.0	0.7		4-3-3-3	36.5-36.8	37.2	482(+4)				120.0															曇		6.0	4.0	4.0	2.8	1.0	4	57.0	不	**	**		ブルーサン																																											
2021105637	2024-05-19	3京都10		6.0	3歳1勝クラス								田口貫太		ダ1800				1:53.1	0.5		7-7-4-4	35.9-37.7	37.6	476(-6)				120.0															小雨		12.0	1.0	1.0	5.6	4.0	4	56.0	良	**	**		デトネイション																																											
2021105637	2024-10-05	5京都1		7.0	3歳以上1勝クラス								荻野琢真		ダ1800				1:54.8	1.8		8-7-7-7	36.3-38.6	39.4	470(-6)																			晴		10.0	3.0	3.0	6.4	5.0	9	56.0	稍	**	**		ジョータルマエ																																											
2021105637	2024-12-28	7京都9		8.0	3歳以上1勝クラス								角田大和		ダ1800				1:54.1	0.3		6-7-4-5	36.9-38.7	38.5	482(+12)				200.0															晴		16.0	2.0	3.0	32.8	9.0	3	57.0	良	**	**		ペンナヴェローチェ																																											
2021105637	2025-01-13	1中京5		8.0	4歳以上1勝クラス								角田大和		ダ1900				2:03.1	2.6		7-7-7-8	29.5-40.1	41.9	480(-2)																			晴		16.0	4.0	8.0	4.7	3.0	13	57.0	良	**	**		グラヴィス																																											
2021105637	2025-04-13	2阪神6		6.0	4歳以上1勝クラス								坂井瑠星		ダ1800				1:54.4	0.5		3-3-4-2	38.1-37.8	38.0	474(-6)				320.0															小雨		10.0	5.0	5.0	5.7	3.0	2	58.0	稍	**	**		バトンインディ																																											
2021105637	2025-05-10	2京都5		8.0	4歳以上1勝クラス								坂井瑠星		ダ1800				1:52.1	0.9		6-6-6-6	36.4-35.7	36.1	472(-2)																			曇		8.0	5.0	5.0	9.7	4.0	6	58.0	重	**	**		オーシンハーフ																																											
2021105637	2025-08-10	3中京6		10.0	3歳以上1勝クラス								永島まな		ダ1900				2:02.8	1.9		3-3-3-4	30.9-38.3	39.6	472(0)																			曇		13.0	5.0	6.0	12.7	6.0	9	56.0	良	**	**		メイケイロゼッタ																																											
2021105637	2025-11-30	4京都8		7.0	3歳以上1勝クラス								荻野琢真		ダ1800				1:53.3	1.5		10-10-11-10	35.9-37.6	37.9	484(+12)																			晴		16.0	1.0	2.0	94.5	11.0	9	58.0	良	**	**		ドゥラエテルノ																																											
2021105637	2026-01-11	1京都4		6.0	4歳以上1勝クラス								坂井瑠星		ダ1800				1:54.7	1.4		11-11-11-11	36.6-37.3	37.6	486(+2)																			晴		14.0	3.0	4.0	30.9	9.0	7	58.0	良	**	**		サンライズバレット																																											
2021105637	2026-01-18	1京都7		7.0	4歳以上1勝クラス								岩田望来		ダ1900				2:00.9	0.5		6-6-9-9	30.7-38.4	37.8	480(-6)				120.0																																																									晴		11.0	4.0	4.0	21.9	7.0	4	58.0	良	**	**		エンマ	202608010707
2021105661	2023-06-18	3東京6	晴	5.0	2歳新馬		13.0	7.0	10.0	3.0	2.0	3	ルメール	55.0	芝1600		良	**	1:34.8	0.3	**	9-9	36.1-34.3	33.7	490(0)			ボルケーノ	180.0																																																																							
2021105661	2023-07-29	1札幌3	晴	1.0	2歳未勝利		9.0	4.0	4.0	1.2	1.0	1	ルメール	55.0	芝1800		良	**	1:48.7	-0.5	**	2-2-2-1	36.3-36.1	36.1	506(+16)			(レディマキシマ)	550.0																																																																							
2021105661	2023-12-03	4中京2	晴	8.0	こうやまき賞(1勝クラス)		7.0	5.0	5.0	1.5	1.0	2	ルメール	56.0	芝1600		良	**	1:34.1	0.1	**	3-2-2	35.8-34.8	34.8	508(+2)			ジューンテイク	434.6																																																																							
2021105661	2024-02-04	2京都4	晴	11.0	きさらぎ賞(GIII)		12.0	6.0	7.0	15.7	4.0	8	ルメート	57.0	芝1800		良	**	1:47.3	0.5	**	4-3	35.6-34.4	34.8	512(+4)			ビザンチンドリーム																																																																								
2021105661	2024-03-16	2中山7	晴	6.0	3歳1勝クラス		9.0	7.0	7.0	2.1	1.0	2	ルメール	57.0	芝1600		良	**	1:34.9	0.1	**	5-4-4	35.1-35.3	34.8	518(+6)			ユキノロイヤル	310.0																																																																							
2021105661	2024-05-19	2東京10	曇	5.0	3歳1勝クラス		11.0	5.0	5.0	1.9	1.0	1	ルメール	57.0	芝1600		良	**	1:34.4	-0.2	**	1-1	36.6-33.8	33.8	510(-8)			(グラヴィス)	780.0																																																																							
2021105661	2024-07-20	2福島7	晴	10.0	白河特別(2勝クラス)		16.0	6.0	12.0	2.6	1.0	1	戸崎圭太	55.0	芝1800		良	**	1:48.0	0.0	**	9-9-8-6	36.1-35.5	34.8	510(0)			(ワザモノ)	1585.7																																																																							
2021105661	2024-11-02	5東京1	小雨	10.0	ノベンバーS(3勝クラス)		10.0	7.0	7.0	2.6	1.0	2	戸崎圭太	55.0	芝1800		稍	**	1:45.1	0.0	**	5-6-6	34.9-35.9	35.0	514(+4)			コントラポスト	746.2																																																																							
2021105661	2025-04-06	3中山4	晴	11.0	美浦S(3勝クラス)		16.0	3.0	6.0	3.4	1.0	1	荻野極	58.0	芝2000		良	**	1:59.6	-0.1	**	6-7-7-9	35.9-35.7	35.1	528(+14)			(ワイドアラジン)	1873.6																																																																							
2021105661	2025-05-17	1新潟5	曇	11.0	新潟大賞典(GIII)		16.0	6.0	12.0	4.9	1.0	10	戸崎圭太	56.0	芝2000		稍	**	2:01.4	0.9	**	12-11	36.4-34.6	34.7	518(-10)			シリウスコルト																																																																								
2021105661	2025-07-27	2新潟2	晴	7.0	関屋記念(GIII)		18.0	2.0	4.0	9.0	6.0	7	戸崎圭太	56.0	芝1600		良	**	1:31.3	0.3	**	6-6	33.9-34.1	33.4	526(+8)			カナテープ																																																																								
2021105661	2025-11-01	4東京10	晴	11.0	ペルセウスS(OP)		16.0	5.0	10.0	7.3	3.0	6	レーン	56.0	ダ1600		重	**	1:34.6	1.7	**	8-9	33.6-35.8	36.7	516(-10)			ジェイパームス																																																																								
2021105661	2026-01-11	1中山4	曇	10.0	ポルックスS(OP)		16.0	6.0	12.0	18.3	10.0	9	戸崎圭太	57.0	ダ1800		良	**	1:54.2	1.1	**	7-7-6-7	37.8-38.0	38.6	518(+2)			カゼノランナー																																																																								
2021105668	2023-06-04	3東京2		6.0	2歳新馬								レーン		芝1400				1:22.3	0.0		1-1	34.8-36.0	36.0	484(0)				720.0																																											晴		9.0	8.0	9.0	1.7	1.0	1	55.0	稍	**	**		(ピックアチェリー)															
2021105668	2023-07-15	2函館5		11.0	函館2歳S(GIII)								ルメール		芝1200				1:12.6	0.9		10-8	34.7-37.0	37.0	484(0)																																															曇		15.0	4.0	6.0	5.7	2.0	6	55.0	重	**	**		ゼルトザーム															
2021105668	2023-09-09	4中山1		9.0	アスター賞(1勝クラス)								ルメール		芝1600				1:33.9	0.8		2-2-2	35.1-34.2	34.6	488(+4)				435.0																																											曇		8.0	3.0	3.0	3.6	3.0	2	55.0	稍	**	**		キャットファイト															
2021105668	2024-02-10	1東京5		7.0	3歳1勝クラス								ルメール		芝1400				1:22.0	1.1		9-9	35.3-33.8	33.6	496(+8)																																															晴		13.0	5.0	6.0	5.2	3.0	6	57.0	良	**	**		ソンシ															
2021105668	2024-03-23	3中山1		5.0	3歳1勝クラス								津村明秀		芝1200				1:09.0	1.0		9-8	33.2-34.8	34.6	498(+2)																																															曇		10.0	3.0	3.0	14.7	5.0	7	57.0	良	**	**		エリカカリーナ															
2021105668	2024-09-22	4中山7		7.0	3歳以上1勝クラス								北村宏司		芝1600				1:33.6	1.0		12-12-13	34.5-35.1	34.6	490(-8)																																															曇		16.0	8.0	15.0	32.2	10.0	12	56.0	良	**	**		マンウォル															
2021105668	2024-11-23	5東京7		6.0	3歳以上1勝クラス								北村宏司		ダ1600				1:39.1	2.9		7-5	34.7-36.4	38.8	490(0)																																															晴		16.0	1.0	2.0	88.7	12.0	14	57.0	稍	**	**		ダノンザボルケーノ															
2021105668	2025-01-12	1中山4		8.0	4歳以上1勝クラス								内田博幸		ダ1800				1:55.8	1.4		6-6-7-5	36.9-39.5	40.3	492(+2)																																															曇		16.0	4.0	8.0	69.6	13.0	10	57.0	良	**	**		ブレスワード															
2021105668	2025-08-23	2札幌1		7.0	3歳以上1勝クラス								バデル		芝1500				1:31.3	2.6		1-1-1	28.8-36.5	39.1	494(+2)																																															晴		14.0	1.0	1.0	35.4	7.0	14	58.0	稍	**	**		エフォートレス															
2021105677	2023-11-11	3京都3		4.0	2歳新馬								ムーア		芝1600				1:36.0	0.4		3-3	35.8-35.8	36.1	488(0)				180.0																													晴		11.0	8.0	10.0	2.3	1.0	3	56.0	重	**	**		キーウェーブ																													
2021105677	2023-12-03	5阪神2		1.0	2歳未勝利								西村淳也		ダ1800				1:56.8	0.9		2-2-2-1	37.4-39.3	40.1	480(-8)				55.0																													晴		13.0	6.0	8.0	4.1	2.0	5	56.0	良	**	**		アリエスキング																													
2021105677	2024-02-11	2京都6		2.0	3歳未勝利								西村淳也		ダ1200				1:12.3	0.7		1-1	35.4-36.2	36.9	484(+4)				220.0																													晴		16.0	1.0	2.0	3.9	3.0	2	57.0	良	**	**		インユアパレス																													
2021105677	2024-02-24	1阪神1		3.0	3歳未勝利								ムルザバ		ダ1200				1:12.5	-1.1		1-1	36.0-36.5	36.5	484(0)				550.0																													曇		15.0	4.0	6.0	1.1	1.0	1	57.0	稍	**	**		(カズトシクン)																													
2021105677	2024-04-13	2阪神7		6.0	3歳1勝クラス								ムルザバ		ダ1200				1:13.5	1.6		5-7	34.9-37.0	38.1	490(+6)																																	晴		15.0	2.0	2.0	5.4	3.0	8	57.0	良	**	**		ジョーローリット																													
2021105677	2024-06-22	4京都7		8.0	3歳以上1勝クラス								西村淳也		ダ1400				1:26.1	2.7		3-4	34.6-36.5	38.8	490(0)																																	曇		16.0	5.0	9.0	39.4	8.0	12	55.0	稍	**	**		クリノキングマン																													
2021105677	2024-09-16	3中京5		6.0	3歳以上1勝クラス								西村淳也		ダ1400				1:26.0	2.1		11-13	34.8-37.3	38.1	492(+2)																																	晴		15.0	4.0	6.0	7.5	2.0	12	56.0	稍	**	**		ライズンシャイン																													
2021105677	2024-12-07	7京都3		8.0	3歳以上1勝クラス								Ｃ．デム		ダ1200				1:12.9	0.5		3-3	35.6-36.8	37.0	496(+4)				200.0																													晴		12.0	6.0	9.0	8.6	5.0	3	57.0	良	**	**		メイショウヤーキス																													
2021105677	2024-12-21	7京都7		8.0	3歳以上1勝クラス								Ｃ．デム		ダ1400				1:28.4	3.6		7-8	35.4-36.9	39.7	496(0)																																	曇		16.0	6.0	11.0	13.0	6.0	16	57.0	良	**	**		ビダーヤ																													
2021105677	2025-03-22	2中京3		12.0	4歳以上1勝クラス								シュタル		ダ1200				1:15.7	4.3		15-15	34.8-36.6	38.7	500(+4)																																	晴		16.0	2.0	3.0	11.6	6.0	16	58.0	良	**	**		ヨシノヤッタルデー																													
2021105677	2025-05-17	1新潟5		8.0	4歳以上1勝クラス								亀田温心		芝1400				1:24.5	1.3		1-1	35.4-35.5	36.8	498(-2)																																	曇		16.0	3.0	6.0	42.3	10.0	12	58.0	稍	**	**		キタサンダムール																													
2021105677	2025-06-08	3阪神2		12.0	3歳以上1勝クラス								荻野極		芝1400				1:24.2	3.9		3-6	33.2-35.7	39.1	492(-6)																																	曇		16.0	4.0	7.0	111.7	14.0	14	58.0	良	**	**		チューラワンサ																													
2021105677	2025-07-20	2小倉8		7.0	3歳以上1勝クラス								亀田温心		芝1800				1:51.5	2.0		2-2-2-2	37.5-36.1	37.9	494(+2)																																	晴		10.0	8.0	9.0	21.4	6.0	9	58.0	良	**	**		キーウェーブ																													
2021105677	2025-10-04	3京都1		6.0	3歳以上1勝クラス								富田暁		ダ1400				1:24.1	1.6		1-1	33.6-37.3	38.9	482(-12)																																	曇		16.0	1.0	2.0	100.6	14.0	14	58.0	不	**	**		サンダーロード																													
2021105677	2025-12-06	5中京1		2.0	3歳以上1勝クラス								小沢大仁		ダ1200				1:13.9	2.0		2-2	35.1-36.8	38.7	488(+6)																																	晴		13.0	7.0	10.0	4.7	3.0	9	58.0	良	**	**		セルヴァンス																													
2021105677	2026-01-17	1中山6		4.0	障害4歳以上未勝利								小牧加矢		障2880				3:22.1	7.2		10-10-10-10	106.1-0.0	14.0	478(-10)																																	晴		12.0	4.0	4.0	25.5	5.0	11	60.0	良				コレクテイニア																													
2021105687	2024-04-13	2阪神7		4.0	3歳未勝利								武豊		芝1600				1:35.4	1.2		16-14	35.7-33.7	33.9	436(0)																																															晴		18.0	2.0	3.0	60.9	8.0	9	57.0	良	**	**		フォーチュンタイム															
2021105687	2024-05-26	3京都12		3.0	3歳未勝利								永島まな		芝1600				1:35.5	1.8		17-17	34.6-34.9	35.1	432(-4)																																															晴		17.0	3.0	5.0	46.4	10.0	15	55.0	良	**	**		ペルフェツィオーネ															
2021105687	2025-01-18	1中山6		12.0	4歳以上1勝クラス								藤懸貴志		芝2000				2:01.1	1.5		16-16-16-16	36.3-35.5	34.9	428(-4)																																															晴		16.0	6.0	11.0	300.5	14.0	12	57.0	良	**	**		テリオスサラ															
2021105687	2025-02-10	1京都3		6.0	4歳以上1勝クラス								藤懸貴志		芝1800				1:49.3	1.6		8-8	35.3-35.4	36.3	436(+8)																																															晴		11.0	7.0	9.0	222.6	9.0	9	57.0	良	**	**		コルレオニス															
2021105687	2025-06-15	3阪神4		7.0	3歳以上1勝クラス								和田竜二		芝2000				2:01.7	1.2		6-5-6-8	36.0-35.2	35.9	440(+4)				120.0																																											曇		10.0	7.0	8.0	134.8	9.0	4	58.0	稍	**	**		エコロディノス															
2021105687	2025-07-13	2小倉6		8.0	3歳以上1勝クラス								和田竜二		芝1800				1:49.2	0.6		12-11-11-8	35.7-37.5	36.3	430(-10)				120.0																																											曇		16.0	5.0	9.0	58.5	12.0	4	58.0	良	**	**		インヴォーグ															
2021105687	2025-08-03	3中京4		11.0	3歳以上1勝クラス								和田竜二		芝2200				2:12.8	0.2		5-5-6-4	37.1-34.4	34.3	428(-2)				320.0																																											晴		8.0	3.0	3.0	26.9	7.0	2	58.0	良	**	**		サトノソティラス															
2021105687	2025-08-30	4中京3		8.0	3歳以上1勝クラス								富田暁		芝2000				2:00.6	0.2		1-1-2-2	37.5-34.0	34.0	430(+2)				200.0																																											晴		8.0	8.0	8.0	13.0	6.0	3	58.0	良	**	**		ジョイエッロ															
2021105687	2025-11-09	3福島2		8.0	3歳以上1勝クラス								石川裕紀		芝2600				2:42.7	0.2		16-15-15-12	38.1-35.1	34.5	432(+2)				320.0																																											曇		16.0	8.0	15.0	10.9	5.0	2	58.0	良	**	**		バーケンヘッド															
2021105687	2025-12-07	5中京2		12.0	栄特別(1勝クラス)								戸崎圭太		芝2200				2:12.8	0.7		8-8-8-8	35.1-34.9	34.0	438(+6)				170.0																																											晴		10.0	5.0	5.0	4.5	3.0	4	58.0	良	**	**		ホウオウレイヴン															
2021105719	2024-02-04	1小倉8	曇	5.0	3歳新馬		12.0	3.0	3.0	9.3	5.0	6	丸山元気	57.0	芝2000		重	**	2:06.4	0.8	**	1-2-5-5	37.3-37.1	37.5	472(0)			ジャスティンガルフ																																																																								
2021105719	2024-04-20	3京都1	晴	4.0	3歳未勝利		11.0	8.0	11.0	17.3	5.0	4	西村淳也	57.0	芝2400		良	**	2:27.0	0.6	**	1-1-1-1	36.0-34.4	35.0	482(+10)			メイクユーマイン	83.0																																																																							
2021105719	2024-05-19	3京都10	小雨	4.0	3歳未勝利		15.0	6.0	11.0	5.6	3.0	4	西村淳也	57.0	芝2400		良	**	2:28.1	0.2	**	2-2-2-2	34.2-35.2	35.3	486(+4)			ジャスティンライズ	83.0																																																																							
2021105719	2024-06-08	4京都3	晴	6.0	3歳未勝利		18.0	8.0	17.0	35.7	8.0	18	西村淳也	57.0	芝2400		良	**	2:28.9	4.4	**	2-2-3-6	34.2-34.7	38.3	486(0)			シャイニングソード																																																																								
2021105719	2024-08-25	2中京6	晴	3.0	3歳未勝利		18.0	8.0	17.0	68.7	12.0	12	菱田裕二	57.0	芝2200		良	**	2:14.2	1.0	**	1-1-1-1	35.0-36.1	37.1	492(+6)			アラナコア																																																																								
2021105719	2024-10-24	園田	曇	9.0	稲富菜穂☆小堺翔太来(C2)		12.0	8.0	12.0	2.8	2.0	1	鴨宮祥行	56.0	ダ1400		稍	**	1:31.1	-0.1	**	4-5-4-2		39.3	478(-14)			(エコロカイザー)	70.0																																																																							
2021105719	2024-11-13	園田	晴	8.0	C1二		12.0	5.0	5.0	2.7	2.0	1	鴨宮祥行	56.0	ダ1400		良	**	1:31.3	-0.6	**	5-5-5-1		39.8	474(-4)			(ヤマトフェイス)	100.0																																																																							
2021105719	2025-04-06	2阪神4	晴	6.0	4歳以上1勝クラス		11.0	2.0	2.0	42.5	8.0	8	高杉吏麒	57.0	芝2000		良	**	2:00.9	1.0	**	4-4-5-5	35.0-35.6	36.2	490(+16)			クリノアドバンス																																																																								
2021105719	2025-05-11	1新潟4	曇	8.0	4歳以上1勝クラス		13.0	6.0	9.0	24.7	7.0	5	荻野極	58.0	芝1800		稍	**	1:49.5	0.2	**	1-1	35.8-35.6	35.8	484(-6)			ファインライン	80.0																																																																							
2021105719	2025-05-25	1新潟8	曇	9.0	二王子特別(1勝クラス)		15.0	4.0	7.0	15.9	8.0	13	柴田裕一	58.0	芝1800		稍	**	1:51.4	1.4	**	4-7	36.9-35.5	36.2	486(+2)			ルトゥール																																																																								
2021105719	2025-08-24	4中京2	晴	7.0	3歳以上1勝クラス		7.0	2.0	2.0	6.2	2.0	4	西塚洸二	57.0	ダ1800		良	**	1:55.6	1.9	**	6-6-6-7	37.8-38.0	39.2	496(+10)			タガノマルアフ	120.0																																																																							
2021105719	2025-09-14	4阪神4	曇	8.0	3歳以上1勝クラス		13.0	4.0	4.0	150.4	11.0	9	西塚洸二	57.0	ダ2000		良	**	2:08.0	3.1	**	3-3-3-3	35.4-38.2	41.1	498(+2)			シャンパンポップ																																																																								
2021105719	2025-11-29	高知	晴	9.0	C3ー4		10.0	3.0	3.0	1.7	1.0	2	永森大智	57.0	ダ1300		良	**	1:27.0	2.7	**	5-5-5-4		40.4	494(-4)			スカンジナビア	24.0																																																																							
2021105719	2025-12-14	高知	晴	11.0	エリカ特別(C3)		10.0	8.0	9.0	41.9	6.0	4	岩橋勇二	57.0	ダ1300		稍	**	1:23.5	1.5	**	8-8-8-7		38.3	480(-14)			スカンジナビア	16.5																																																																							
2021105719	2025-12-31	高知	晴	6.0	C3ー2		11.0	5.0	5.0	2.4	2.0	1	吉原寛人	57.0	ダ1400		良	**	1:32.8	-0.6	**	10-10-8-4		38.6	479(-1)			(アリアルブラック)	60.0																																																																							
2021105719	2026-01-10	高知	晴	5.0	C2ー5		10.0	4.0	4.0	2.6	2.0	1	岡村卓弥	57.0	ダ1300		良	**	1:25.2	-0.1	**	8-8-8-4		38.9	482(+3)			(ダイタジャスティス)	70.0																																																																							
2021105724	2023-09-10	4中山2	晴	5.0	2歳新馬		13.0	5.0	6.0	1.5	1.0	1	ルメール	55.0	芝1600		良	**	1:37.1	0.0	**	2-4-4	37.3-34.8	34.3	484(0)			(アタラヨ)	720.0																																																																							
2021105724	2023-12-17	5中山6	晴	9.0	ひいらぎ賞(1勝クラス)		9.0	6.0	6.0	3.2	2.0	1	石川裕紀	56.0	芝1600		良	**	1:35.5	-0.2	**	2-2-2	36.5-35.0	34.9	496(+12)			(ポッドテオ)	1091.7																																																																							
2021105724	2024-03-17	2中山8	晴	11.0	フジTVスプリングS(GII)		10.0	4.0	4.0	2.9	1.0	1	ルメール	57.0	芝1800		良	**	1:49.4	-0.6	**	3-3-3-3	37.5-33.7	33.3	492(-4)			(アレグロブリランテ)	5475.6																																																																							
2021105724	2024-05-26	2東京12	晴	11.0	東京優駿(GI)		17.0	6.0	12.0	8.3	3.0	9	川田将雅	57.0	芝2400		良	**	2:25.3	1.0	**	4-5-6-7	36.3-33.8	34.0	488(-4)			ダノンデサイル																																																																								
2021105724	2024-10-06	4東京2	曇	11.0	毎日王冠(GII)		14.0	7.0	11.0	3.5	1.0	1	ルメール	56.0	芝1800		良	**	1:45.1	-0.1	**	3-4-4	35.3-33.7	33.3	502(+14)			(ホウオウビスケッツ)	6799.4																																																																							
2021105724	2025-03-02	2中山2	晴	11.0	中山記念(GII)		16.0	1.0	1.0	3.1	2.0	1	ルメール	58.0	芝1800		良	**	1:44.8	0.0	**	6-7-8-7	35.6-34.8	33.9	512(+10)			(エコロヴァルツ)	6813.4																																																																							
2021105724	2025-04-06	2阪神4	晴	11.0	大阪杯(GI)		15.0	6.0	10.0	4.8	1.0	7	横山武史	58.0	芝2000		良	**	1:56.6	0.4	**	3-3-3-3	34.9-35.1	34.6	500(-12)			ベラジオオペラ																																																																								
2021105724	2025-06-08	3東京2	曇	11.0	安田記念(GI)		18.0	1.0	1.0	4.4	3.0	12	ルメール	58.0	芝1600		良	**	1:33.4	0.7	**	4-4	35.0-34.3	34.7	504(+4)			ジャンタルマンタル																																																																								
2021105724	2025-10-13	盛岡	晴	12.0	マイルチャンピオンシ(JpnI)		16.0	7.0	14.0	9.5	5.0	2	御神本訓	57.0	ダ1600		良	**	1:34.9	0.6	**	4-3		36.4	503(-1)			ウィルソンテソーロ	2800.0																																																																							
2021105724	2025-12-07	5中京2	晴	11.0	チャンピオンズC(GI)		16.0	6.0	11.0	10.2	5.0	11	ルメール	58.0	ダ1800		良	**	1:51.5	1.3	**	2-1-2-2	35.8-37.3	38.6	502(-1)			ダブルハートボンド																																																																								
2021105743	2023-07-23	1札幌2	晴	5.0	2歳新馬		6.0	5.0	5.0	2.7	2.0	1	横山武史	55.0	芝1800		良	**	1:51.1	-0.3	**	4-3-3-3	37.8-35.2	35.0	456(0)			(ファインライン)	720.0																																																																							
2021105743	2023-10-01	4中山9	曇	8.0	サフラン賞(1勝クラス)		7.0	5.0	5.0	2.4	1.0	2	横山武史	55.0	芝1600		良	**	1:35.8	0.0	**	4-6-6	35.4-36.2	35.1	472(+16)			スプリングノヴァ	434.4																																																																							
2021105743	2023-11-19	5東京6	晴	9.0	赤松賞(1勝クラス)		9.0	6.0	6.0	2.9	1.0	1	マーカン	55.0	芝1600		良	**	1:33.8	-0.1	**	4-4	35.7-33.9	33.6	472(0)			(テリオスサラ)	1092.4																																																																							
2021105743	2023-12-10	5阪神4	晴	11.0	阪神ジュベナイルF(GI)		18.0	3.0	6.0	8.7	5.0	2	ルメール	55.0	芝1600		良	**	1:32.6	0.0	**	11-10	34.4-34.4	33.5	466(-6)			アスコリピチェーノ	2637.2																																																																							
2021105743	2024-04-07	2阪神6	晴	11.0	桜花賞(GI)		18.0	6.0	12.0	4.3	2.0	1	モレイラ	55.0	芝1600		良	**	1:32.2	-0.1	**	11-8	34.5-34.1	33.4	462(-4)			(アスコリピチェーノ)	16662.8																																																																							
2021105743	2024-05-19	2東京10	曇	11.0	優駿牝馬(GI)		18.0	4.0	7.0	2.3	1.0	2	戸崎圭太	55.0	芝2400		良	**	2:24.1	0.1	**	9-9-9-12	34.7-35.1	34.0	458(-4)			チェルヴィニア	6783.8																																																																							
2021105743	2024-10-13	5京都4	晴	11.0	秋華賞(GI)		15.0	8.0	14.0	3.9	2.0	3	戸崎圭太	55.0	芝2000		良	**	1:57.5	0.4	**	10-10-11-10	34.5-36.7	34.3	468(+10)			チェルヴィニア	2846.2																																																																							
2021105743	2024-12-08	シャティン			香港ヴァーズ(GI)		13.0		13.0	2.2	1.0	3	モレイラ	53.0	芝2400		良								464																																																																											
2021105743	2025-04-06	2阪神4	晴	11.0	大阪杯(GI)		15.0	7.0	12.0	5.2	3.0	13	モレイラ	56.0	芝2000		良	**	1:57.3	1.1	**	11-11-11-10	34.9-35.1	34.5	460(-4)			ベラジオオペラ																																																																								
2021105743	2025-05-18	2東京8	曇	11.0	ヴィクトリアマイル(GI)		17.0	1.0	2.0	8.0	3.0	8	戸崎圭太	56.0	芝1600		良	**	1:32.4	0.3	**	8-8	33.9-35.3	34.2	468(+8)			アスコリピチェーノ																																																																								
2021105743	2025-08-17	1札幌8	曇	11.0	札幌記念(GII)		16.0	4.0	8.0	5.5	3.0	15	池添謙一	56.0	芝2000		稍	**	2:03.4	1.9	**	7-7-8-7	36.1-36.9	37.7	472(+4)			トップナイフ																																																																								
2021105743	2025-11-16	4京都4	晴	11.0	エリザベス女王杯(GI)		16.0	1.0	2.0	13.2	6.0	10	ルメール	56.0	芝2200		良	**	2:12.0	1.0	**	9-9-7-8	35.4-34.9	35.4	472(0)			レガレイラ																																																																								
2021105749	2023-11-11	5東京3		6.0	2歳新馬								菅原明良		芝1600				1:37.0	0.9		4-4	36.0-34.7	35.1	420(0)				72.0																													曇		14.0	8.0	13.0	10.0	3.0	5	55.0	良	**	**		アルセナール																													
2021105749	2024-02-17	1東京7		1.0	3歳未勝利								菅原明良		ダ1400				1:27.3	0.3		11-11	35.6-38.5	37.0	432(+12)				140.0																													曇		14.0	3.0	5.0	13.4	6.0	3	55.0	良	**	**		カルネヴァーレ																													
2021105749	2024-04-27	2東京3		1.0	3歳未勝利								菅原明良		ダ1400				1:25.9	1.9		11-13	36.1-35.4	36.0	430(-2)				140.0																													曇		16.0	1.0	1.0	7.0	3.0	3	55.0	稍	**	**		アピーリングルック																													
2021105749	2024-06-15	3東京5		3.0	3歳未勝利								菅原明良		ダ1600				1:38.3	0.5		2-2	35.7-37.1	37.4	424(-6)				220.0																													晴		16.0	2.0	4.0	4.7	3.0	2	55.0	良	**	**		セイウンマカロン																													
2021105749	2024-07-13	2福島5		2.0	3歳未勝利								菅原明良		ダ1700				1:48.0	1.3		3-3-3-4	29.6-38.9	39.9	414(-10)																																	晴		15.0	7.0	12.0	3.4	2.0	7	55.0	重	**	**		ケープウィッカム																													
2021105749	2024-08-24	2札幌5		4.0	3歳未勝利								武豊		ダ1700				1:48.5	1.4		4-5-6-6	29.8-39.1	39.9	426(+12)				83.0																													曇		14.0	7.0	12.0	7.0	5.0	4	55.0	良	**	**		アイウィル																													
2021105749	2024-09-01	2札幌8		5.0	3歳未勝利								落合玄太		ダ1700				1:47.3	0.6		2-2-3-4	30.7-38.2	38.6	426(0)																																	晴		14.0	5.0	8.0	20.7	7.0	6	55.0	重	**	**		イーブンナウ																													
2021105749	2024-12-10	園田		8.0	C2二								吉村智洋		ダ1400				1:32.1	-0.2		1-1-1-1		40.0	451(+25)				70.0																													晴		12.0	4.0	4.0	2.2	2.0	1	54.0	良	**	**		(スーパーアスラーダ)																													
2021105749	2024-12-26	園田		12.0	C1二								吉村智洋		ダ1400				1:33.0	0.3		2-2-2-2		39.7	452(+1)				22.0																													曇		12.0	7.0	9.0	2.5	1.0	3	54.0	良	**	**		タガノフルチャンス																													
2021105749	2025-01-22	姫路		8.0	C1二								小牧太		ダ1400				1:34.2	-0.1		5-5-2-1		40.7	445(-7)				110.0																													晴		12.0	6.0	7.0	1.5	1.0	1	54.0	良	**	**		(ハングタイム)																													
2021105749	2025-02-13	姫路		12.0	ストロベリーキャンド(C1)								小牧太		ダ1500				1:40.4	0.7		4-3-3-3		40.7	446(+1)				16.5																													曇		12.0	2.0	2.0	5.0	2.0	4	55.0	稍	**	**		フェヴリエ																													
2021105749	2025-03-11	園田		12.0	B2二								川原正一		ダ1400				1:32.6	1.3		3-3-3-2		40.5	448(+2)				26.0																													曇		11.0	3.0	3.0	17.3	5.0	3	54.0	重	**	**		シンメクローサ																													
2021105749	2025-04-02	園田		9.0	B2二								川原正一		ダ1400				1:32.9	0.1		1-1-1-1		39.6	453(+5)				52.0																													曇		10.0	8.0	9.0	10.3	4.0	2	55.0	良	**	**		アズグレーター																													
2021105749	2025-04-29	園田		8.0	B2二								川原正一		ダ1400				1:32.4	0.5		2-2-2-2		39.0	448(-5)				32.5																													晴		8.0	5.0	5.0	8.1	4.0	3	55.0	稍	**	**		メイショウハンゾウ																													
2021105749	2025-05-30	園田		11.0	新緑特別B2								米玉利燕		ダ1230				1:20.1	-0.4		4-4-3-3		39.1	449(+1)				130.0																													晴		10.0	3.0	3.0	3.2	2.0	1	52.0	良	**	**		(グランレイハート)																													
2021105749	2025-09-20	4中山6		3.0	3歳以上1勝クラス								小林美駒		ダ1200				1:12.0	0.5		11-13	33.2-38.3	37.5	450(+1)				80.0																													曇		16.0	2.0	3.0	27.3	9.0	5	53.0	重	**	**		ニシノクードクール																													
2021105749	2025-10-12	4東京4		6.0	3歳以上1勝クラス								菅原明良		ダ1400				1:26.3	1.3		11-11	35.9-36.2	36.6	452(+2)																																	曇		15.0	5.0	8.0	32.8	9.0	10	56.0	良	**	**		モーニングマジック																													
2021105749	2025-12-07	5中京2		7.0	3歳以上1勝クラス								岩田康誠		ダ1200				1:13.3	1.4		5-5	35.3-36.6	37.7	446(-6)																																	晴		14.0	7.0	12.0	14.8	7.0	9	56.0	良	**	**		ラーナローザ																													
2021105749	2026-01-17	1中山6		6.0	4歳以上1勝クラス								石田拓郎		ダ1200				1:12.5	0.6		14-15	34.3-37.6	37.2	444(-2)																																	晴		16.0	7.0	13.0	48.0	13.0	7	53.0	良				メッエフアパラ																													
2021105765	2023-07-30	2新潟2	晴	5.0	2歳新馬		9.0	6.0	6.0	4.8	3.0	2	戸崎圭太	55.0	芝1800		良	**	1:46.5	0.1	**	4-4	35.5-34.6	34.2	440(0)			カンティアーモ	290.0																																																																							
2021105765	2023-09-16	4阪神3	晴	3.0	2歳未勝利		9.0	8.0	8.0	1.3	1.0	2	岩田望来	55.0	芝1800		良	**	1:48.7	0.4	**	6-6	35.6-33.8	33.5	442(+2)			ナムラフッカー	220.0																																																																							
2021105765	2023-11-25	3京都7	晴	3.0	2歳未勝利		14.0	5.0	8.0	2.3	1.0	3	川田将雅	56.0	芝1800		良	**	1:48.9	0.5	**	4-4	35.6-34.6	34.7	466(+24)			ジャスティンアース	140.0																																																																							
2021105765	2023-12-17	5阪神6	晴	6.0	2歳未勝利		12.0	2.0	2.0	1.9	1.0	2	川田将雅	56.0	芝1600		稍	**	1:35.5	0.1	**	5-4	34.5-36.5	36.3	460(-6)			シンドリームシン	220.0																																																																							
2021105765	2024-01-07	1京都2	晴	5.0	3歳未勝利		17.0	6.0	12.0	2.5	2.0	2	川田将雅	57.0	芝1600		良	**	1:36.9	0.2	**	6-5	35.0-37.0	36.6	466(+6)			グロリアラウス	220.0																																																																							
2021105765	2024-03-03	1阪神4	晴	4.0	3歳未勝利		15.0	3.0	4.0	1.9	1.0	3	ムルザバ	57.0	芝1600		良	**	1:35.9	1.1	**	6-4	35.7-34.1	34.8	468(+2)			ジュンヴァンケット	140.0																																																																							
2021105765	2024-03-23	1中京5	雨	2.0	3歳未勝利		18.0	6.0	11.0	2.6	1.0	10	団野大成	57.0	芝1400		重	**	1:24.9	1.3	**	7-7	36.1-35.2	36.0	460(-8)			ストレイトアスク																																																																								
2021105765	2024-05-26	3京都12	晴	3.0	3歳未勝利		17.0	8.0	17.0	4.5	2.0	6	菱田裕二	57.0	芝1600		良	**	1:33.8	0.1	**	5-3	34.6-34.9	34.8	456(-4)			ペルフェツィオーネ																																																																								
2021105765	2024-07-20	1札幌1	晴	3.0	3歳未勝利		14.0	7.0	12.0	6.8	3.0	14	浜中俊	57.0	ダ1700		良	**	1:50.4	3.5	**	3-5-3-4	30.4-38.8	42.0	450(-6)			メイショウソムリエ																																																																								
2021105765	2024-07-27	1札幌3	曇	7.0	3歳以上1勝クラス		9.0	5.0	5.0	9.0	4.0	7	浜中俊	55.0	芝2000		良	**	2:02.1	2.0	**	9-9-9-8	35.2-35.1	35.8	450(0)			タンゴバイラリン																																																																								
2021105765	2025-01-13	1中京5	晴	7.0	4歳以上1勝クラス		18.0	2.0	4.0	80.2	10.0	16	浜中俊	57.0	芝2200		良	**	2:16.0	1.5	**	1-1-1-1	35.0-35.7	37.2	462(+12)			ダノンブリザード																																																																								
2021105765	2025-04-06	3中山4	小雨	8.0	4歳以上1勝クラス		13.0	8.0	12.0	25.4	7.0	2	石川裕紀	58.0	芝1800		良	**	1:48.7	0.1	**	8-8-2-2	36.2-35.1	34.7	454(-8)			ビジューブリランテ	320.0																																																																							
2021105765	2025-04-19	3中山7	晴	7.0	4歳以上1勝クラス		15.0	3.0	4.0	14.5	5.0	6	石川裕紀	58.0	芝2000		良	**	1:58.9	0.5	**	1-1-1-1	36.5-34.1	34.6	454(0)			エラン																																																																								
2021105765	2025-05-04	2京都4	晴	7.0	4歳以上1勝クラス		9.0	8.0	9.0	6.2	4.0	1	丹内祐次	58.0	芝1600		良	**	1:34.0	-0.4	**	1-1	35.7-34.2	34.2	450(-4)			(マーシーラン)	800.0																																																																							
2021105765	2025-05-31	2京都11	曇	8.0	4歳以上1勝クラス		18.0	7.0	13.0	6.0	2.0	9	丹内祐次	58.0	芝1600		良	**	1:34.2	0.6	**	4-2	34.3-34.8	35.2	448(-2)			クスクス																																																																								
2021105765	2025-09-06	2札幌5	晴	7.0	3歳以上1勝クラス		14.0	5.0	7.0	22.0	9.0	8	丹内祐次	58.0	芝1500		良	**	1:29.9	0.5	**	6-3-4	28.9-36.3	36.3	460(+12)			ダノンミッション																																																																								
2021105765	2025-10-12	3京都4	曇	12.0	3歳以上1勝クラス		18.0	2.0	4.0	23.3	8.0	2	高杉吏麒	58.0	芝1600		良	**	1:32.8	0.1	**	1-1	34.4-34.3	34.4	458(-2)			ワンモアスマイル	320.0																																																																							
2021105765	2025-11-01	3京都10	晴	12.0	3歳以上1勝クラス		15.0	1.0	1.0	7.4	3.0	2	高杉吏麒	58.0	芝1600		良	**	1:33.7	0.0	**	2-2	36.0-34.1	34.0	460(+2)			オリバナム	320.0																																																																							
2021105765	2025-11-15	4京都3	晴	12.0	3歳以上1勝クラス		18.0	5.0	9.0	3.3	1.0	15	坂井瑠星	58.0	芝1600		良	**	1:33.9	0.6	**	3-3	34.5-35.0	34.9	462(+2)			ジーティードレス																																																																								
2021105772	2023-10-21	4東京6		5.0	2歳新馬								田辺裕信		芝2000				2:02.7	1.1		13-13-13	37.1-34.1	33.8	458(0)																																															晴		16.0	3.0	5.0	27.2	6.0	8	56.0	良	**	**		アフィリオン															
2021105772	2023-11-19	5東京6		3.0	2歳未勝利								田辺裕信		芝2000				2:00.3	0.8		12-10-11	35.5-35.5	34.7	460(+2)				83.0																																											晴		15.0	6.0	10.0	5.2	3.0	4	56.0	良	**	**		カニキュル															
2021105772	2024-07-13	2福島5		8.0	3歳未勝利								田辺裕信		芝1800				1:51.4	2.3		12-12-11-12	35.8-35.8	37.4	458(-2)																																															晴		16.0	5.0	9.0	5.7	3.0	13	57.0	良	**	**		シークレットイスラ															
2021105772	2024-09-18	名古屋		3.0	3歳11組								岡部誠		ダ1500				1:35.5	-0.8		2-1-1		39.2	461(+3)				50.0																																											晴		10.0	8.0	12.0	1.9	1.0	1	56.0	良	**	**		(ブリージョドラード)															
2021105772	2024-10-03	名古屋		1.0	C14組								岡部誠		ダ1500				1:34.5	0.0		3-3-2		37.9	459(-2)				17.5																																											雨		12.0	6.0	7.0	1.1	1.0	2	56.0	稍	**	**		クライミーアリバー															
2021105772	2024-10-18	名古屋		4.0	C12組								岡部誠		ダ1500				1:35.6	-0.6		6-6-2		38.2	458(-1)				50.0																																											曇		12.0	3.0	3.0	1.2	1.0	1	56.0	良	**	**		(パワーマックィーン)															
2021105772	2024-12-08	4中京4		12.0	3歳以上1勝クラス								川須栄彦		芝1600				1:35.6	0.6		9-9-7	35.3-35.8	35.9	458(0)																																															晴		16.0	4.0	8.0	26.1	7.0	9	57.0	良	**	**		アルトゥーム															
2021105772	2024-12-28	7京都9		8.0	3歳以上1勝クラス								浜中俊		ダ1800				1:56.9	3.1		3-3-10-12	36.9-38.7	40.9	458(0)																																															晴		16.0	1.0	1.0	63.2	12.0	15	57.0	良	**	**		ペンナヴェローチェ															
2021105772	2025-01-26	1小倉2		12.0	4歳以上1勝クラス								斎藤新		ダ1700				1:47.1	1.2		5-6-6-5	31.6-37.0	37.7	450(-8)																																															晴		11.0	5.0	5.0	95.4	11.0	7	57.0	良	**	**		ドッビアーコ															
2021105772	2025-02-16	1小倉8		8.0	4歳以上1勝クラス								斎藤新		ダ1700				1:46.7	0.7		7-7-5-5	30.0-38.4	38.6	450(0)				80.0																																											晴		14.0	1.0	1.0	31.4	8.0	5	57.0	良	**	**		ルフトクス															
2021105772	2025-03-02	1小倉12		12.0	4歳以上1勝クラス								斎藤新		ダ1700				1:46.1	1.1		3-4-8-8	30.0-37.8	38.2	450(0)																																															曇		16.0	6.0	12.0	14.5	8.0	11	58.0	稍	**	**		アレナパラシオ															
2021105772	2025-03-16	1阪神6		8.0	4歳以上1勝クラス								和田竜二		ダ1800				1:56.2	1.3		5-5-4-4	37.2-40.1	40.9	444(-6)																																															雨		13.0	8.0	12.0	55.2	8.0	9	58.0	重	**	**		スマートリアファル															
2021105772	2025-04-17	大井		10.0	アーバンステージ卯月(B2B3)								内田博幸		ダ1800				1:56.4	1.1		4-4-6-5	39.4-37.6	38.5	447(+3)																																															晴		12.0	6.0	7.0	14.0	5.0	9	57.0	良	**	**		マルカンラニ															
2021105772	2025-07-13	1函館10		8.0	3歳以上1勝クラス								鷲頭虎太		ダ1700				1:45.4	0.1		5-4-3-2	30.4-37.4	37.3	462(+15)				320.0																																											晴		12.0	7.0	9.0	55.4	8.0	2	55.0	良	**	**		アイウィル															
2021105772	2025-07-20	1函館12		12.0	3歳以上1勝クラス								舟山瑠泉		ダ1700				1:45.7	0.1		7-3-3-2	30.0-38.7	38.5	458(-4)				320.0																																											晴		13.0	7.0	11.0	4.8	2.0	2	55.0	良	**	**		オカメノコイ															
2021105772	2025-08-17	1札幌8		8.0	3歳以上1勝クラス								鷲頭虎太		ダ1700				1:45.3	0.1		5-5-3-2	30.2-37.7	37.5	460(+2)				320.0																																											小雨		13.0	2.0	2.0	4.9	3.0	2	56.0	稍	**	**		ディアウス															
2021105775	2023-07-02	3中京2		5.0	2歳新馬								坂井瑠星		芝1600				1:36.7	-0.2		3-3-3	36.7-34.7	34.3	492(0)				720.0	晴		8.0	7.0	7.0	3.5	2.0	1	55.0	良	**	**		(セキトバイースト)																																																									
2021105775	2023-08-27	3新潟6		11.0	新潟2歳S(GIII)								菅原明良		芝1600				1:34.9	1.1		7-8	35.4-34.0	34.1	496(+4)					晴		12.0	4.0	4.0	4.4	2.0	9	55.0	良	**	**		アスコリピチェーノ																																																									
2021105775	2024-01-13	1中山4		9.0	菜の花賞(1勝クラス)								戸崎圭太		芝1600				1:34.2	0.8		3-3-3	34.9-34.9	35.3	494(-2)					曇		12.0	4.0	4.0	6.1	3.0	10	55.0	良	**	**		ミラビリスマジック																																																									
2021105775	2024-02-11	1東京6		7.0	3歳1勝クラス								坂井瑠星		ダ1600				1:38.2	0.7		4-4	34.8-37.7	38.0	494(0)				200.0	晴		15.0	6.0	10.0	5.0	2.0	3	55.0	稍	**	**		ラタフォレスト																																																									
2021105775	2024-06-09	3東京4		7.0	3歳以上1勝クラス								戸崎圭太		ダ1600				1:36.9	-0.1		4-4	35.4-37.4	36.1	500(+6)				800.0	曇		14.0	5.0	7.0	3.2	2.0	1	53.0	良	**	**		(エリカサファイア)																																																									
2021105775	2024-08-18	2中京4		9.0	濃尾特別(2勝クラス)								坂井瑠星		ダ1800				1:54.0	1.1		5-3-4-5	37.2-38.2	38.9	502(+2)					晴		16.0	3.0	6.0	2.7	2.0	6	53.0	良	**	**		サトノアイオライト																																																									
2021105775	2024-11-17	5東京6		9.0	3歳以上2勝クラス								マーカン		ダ1600				1:36.5	0.5		5-4	34.3-37.4	37.6	506(+4)				170.0	晴		16.0	7.0	14.0	6.3	2.0	4	55.0	良	**	**		ラフエイジアン																																																									
2021105775	2024-12-01	4中京2		10.0	クロフネC(2勝クラス)								ムーア		ダ1200				1:11.5	0.6		10-10	34.5-36.4	36.0	510(+4)				155.0	晴		16.0	2.0	3.0	5.7	2.0	5	55.0	良	**	**		ライジン																																																									
2021105775	2024-12-22	7京都8		8.0	3歳以上2勝クラス								荻野極		ダ1400				1:26.0	0.6		5-8	36.0-37.6	37.6	512(+2)					晴		16.0	8.0	15.0	5.2	3.0	6	55.0	良	**	**		スターペスカオリ																																																									
2021105775	2025-03-30	2中京6		12.0	鈴鹿特別(2勝クラス)								坂井瑠星		ダ1400				1:24.9	0.2		3-3	35.3-37.2	37.1	510(-2)				630.8	晴		16.0	6.0	11.0	4.7	2.0	2	56.0	良	**	**		セミマル																																																									
2021105775	2025-04-27	2東京2		12.0	4歳以上2勝クラス								石川裕紀		ダ1400				1:24.6	-0.4		2-2	36.3-35.7	35.6	506(-4)				1140.0	晴		16.0	5.0	9.0	4.6	2.0	1	56.0	稍	**	**		(ホウオウプレミア)																																																									
2021105775	2025-05-18	2東京8		12.0	BSイレブン賞(3勝クラス)								石川裕紀		ダ1400				1:23.3	0.5		6-8	34.4-36.2	36.1	512(+6)					曇		16.0	1.0	1.0	13.6	6.0	6	56.0	重	**	**		サンライズパスカル																																																									
2021105775	2025-08-03	3中京4		6.0	桶狭間S(3勝クラス)								坂井瑠星		ダ1400				1:24.6	0.5		6-6	34.3-37.9	37.8	514(+2)					晴		16.0	2.0	4.0	8.0	3.0	11	56.0	良	**	**		アッチャゴーラ																																																									
2021105788	2023-11-18	5東京5	晴	4.0	2歳新馬		14.0	6.0	10.0	2.9	2.0	3	マーカン	55.0	芝1600		良	**	1:34.2	0.1	**	8-9	35.4-35.4	34.2	504(0)			ルージュサリナス	180.0																																																																							
2021105788	2023-12-16	5中山5	晴	4.0	2歳未勝利		16.0	1.0	2.0	2.6	1.0	2	マーカン	55.0	芝1800		良	**	1:48.9	0.2	**	10-8-10-10	37.2-35.4	34.8	502(-2)			メイショウヨゾラ	220.0																																																																							
2021105788	2024-02-11	1東京6	晴	5.0	3歳未勝利		16.0	3.0	6.0	1.9	1.0	1	ルメール	55.0	芝1800		良	**	1:46.2	-0.3	**	2-2-2	35.8-34.4	34.1	504(+2)			(アドマイヤマツリ)	550.0																																																																							
2021105788	2024-04-21	2東京2	曇	11.0	サンスポ賞フローラS(GII)		14.0	1.0	1.0	3.3	1.0	7	津村明秀	55.0	芝2000		良	**	1:59.7	0.7	**	6-7-8	35.6-35.0	34.8	508(+4)			アドマイヤベル																																																																								
2021105788	2024-06-02	3東京2	小雨	7.0	3歳以上1勝クラス		9.0	1.0	1.0	1.7	1.0	2	戸崎圭太	53.0	芝2000		稍	**	2:02.4	0.3	**	1-1-1	37.8-33.7	34.0	504(-4)			フォーザボーイズ	320.0																																																																							
2021105788	2024-07-20	2福島7	曇	8.0	3歳以上1勝クラス		15.0	7.0	13.0	1.6	1.0	2	戸崎圭太	53.0	ダ1700		良	**	1:46.8	0.3	**	7-7-6-7	29.5-39.4	38.8	502(-2)			ノーブルマルシェ	320.0																																																																							
2021105788	2024-09-16	4中山5	曇	7.0	3歳以上1勝クラス		11.0	5.0	5.0	2.4	1.0	1	戸崎圭太	53.0	ダ1800		良	**	1:54.1	-0.9	**	3-3-3-3	36.9-39.8	39.2	504(+2)			(ピコニ)	800.0																																																																							
2021105788	2024-11-16	6京都5	小雨	8.0	3歳以上2勝クラス		16.0	7.0	13.0	1.8	1.0	1	Ｃ．デム	54.0	ダ1800		良	**	1:52.0	-0.2	**	4-4-4-4	35.1-39.5	38.5	504(0)			(メイショウポペット)	1140.0																																																																							
2021105788	2025-02-01	1京都1	曇	11.0	舞鶴S(3勝クラス)		12.0	6.0	8.0	6.4	3.0	9	松山弘平	55.0	ダ1800		良	**	1:53.7	1.5	**	3-3-3-3	36.8-37.0	38.2	514(+10)			ダブルハートボンド																																																																								
2021105788	2025-04-06	3中山4	晴	10.0	アリエスS(3勝クラス)		16.0	3.0	5.0	10.8	6.0	12	原優介	56.0	ダ1800		稍	**	1:53.8	1.9	**	6-6-7-7	36.0-37.8	39.2	508(-6)			マンマリアーレ																																																																								
2021105788	2025-06-01	2東京12	晴	10.0	むらさき賞(3勝クラス)		18.0	7.0	15.0	9.7	5.0	6	坂井瑠星	53.0	芝1800		良	**	1:45.3	0.7	**	10-11-11	33.6-36.1	34.9	512(+4)			メリオーレム																																																																								
2021105788	2025-06-28	2福島1	晴	11.0	バーデンバーデンC(3勝クラス)		16.0	1.0	2.0	7.9	5.0	6	ルメール	56.0	芝2000		良	**	1:59.5	0.2	**	8-8-8-8	34.6-36.2	35.7	514(+2)			アンゴラブラック																																																																								
2021105788	2025-11-22	4京都5	晴	10.0	比叡S(3勝クラス)		16.0	1.0	1.0	79.0	13.0	11	吉村誠之	56.0	芝2400		良	**	2:26.0	1.1	**	10-9-11-11	35.2-34.4	34.8	506(-8)			ダノンシーマ																																																																								
2021105788	2025-12-13	5中山3	曇	11.0	常総S(3勝クラス)		16.0	7.0	14.0	14.7	7.0	16	プーシャ	56.0	芝1800		良	**	1:49.5	2.2	**	14-14-13-15	36.7-34.3	35.4	516(+10)			マイネルオーシャン																																																																								
2021105789	2023-11-11	5東京3		5.0	2歳新馬								三浦皇成		芝1800				1:50.8	0.5		7-6-8	37.7-34.4	34.1	428(0)				180.0															曇		12.0	3.0	3.0	7.1	3.0	3	55.0	良	**	**		バードウォッチャー																																											
2021105789	2024-01-27	1東京1		6.0	3歳未勝利								三浦皇成		芝1800				1:48.0	0.7		7-8-5	35.5-34.2	34.7	436(+8)				83.0															晴		12.0	7.0	10.0	13.0	5.0	4	55.0	良	**	**		ダイシンアポロン																																											
2021105789	2024-02-24	2中山1		5.0	3歳未勝利								三浦皇成		芝2000				2:02.9	-0.1		4-3-4-4	36.6-36.6	36.3	438(+2)				550.0															晴		16.0	2.0	3.0	5.7	3.0	1	55.0	稍	**	**		(バランスダンサー)																																											
2021105789	2024-03-24	3中山2		8.0	ミモザ賞(1勝クラス)								丹内祐次		芝2000				2:01.4	1.0		5-3-3-4	35.9-35.6	36.4	436(-2)				107.0															曇		7.0	1.0	1.0	8.5	4.0	5	55.0	良	**	**		エセルフリーダ																																											
2021105789	2024-04-20	2東京1		9.0	新緑賞(1勝クラス)								三浦皇成		芝2300				2:20.0	1.2		1-1-1-1	30.4-35.8	37.0	434(-2)																			晴		11.0	4.0	4.0	73.4	11.0	10	55.0	良	**	**		リアレスト																																											
2021105789	2024-07-21	2福島8		9.0	伊達特別(1勝クラス)								三浦皇成		芝2000				2:01.6	1.0		6-6-6-6	34.7-37.1	36.4	434(0)																			晴		13.0	1.0	1.0	18.9	8.0	10	53.0	良	**	**		ネビュルーズ																																											
2021105789	2024-09-28	4中山8		7.0	3歳以上1勝クラス								丹内祐次		ダ1800				1:54.2	0.5		10-7-2-2	36.8-39.2	39.5	448(+14)				320.0															曇		16.0	8.0	16.0	26.2	8.0	2	53.0	良	**	**		ゴールドアローン																																											
2021105789	2024-12-01	5中山2		7.0	3歳以上1勝クラス								丹内祐次		ダ1800				1:53.1	-0.2		4-3-3-3	37.1-37.7	37.4	446(-2)				800.0															晴		12.0	5.0	7.0	4.1	2.0	1	54.0	良	**	**		(カフェアローロ)																																											
2021105789	2025-01-18	1中山6		7.0	4歳以上2勝クラス								丹内祐次		ダ1800				1:55.3	0.6		5-5-9-5	38.0-38.8	38.8	458(+12)																			晴		13.0	2.0	2.0	3.7	2.0	7	55.0	良	**	**		メロウヴォイス																																											
2021105789	2025-03-23	2中山8		12.0	4歳以上2勝クラス								三浦皇成		ダ1800				1:55.1	0.3		11-11-10-9	37.6-39.6	39.0	450(-8)				114.0															晴		15.0	5.0	10.0	4.6	1.0	5	56.0	良	**	**		グレノークス																																											
2021105789	2025-05-04	1新潟2		9.0	咲花特別(2勝クラス)								黛弘人		ダ1800								37.2-38.0		450(0)																			晴		14.0	3.0	5.0			除	56.0	稍	**	**		メテオールライト																																											
2021105789	2025-05-25	2東京10		8.0	三峰山特別(2勝クラス)								丹内祐次		ダ1600				1:37.0	1.3		8-8	35.1-36.0	36.7	456(+6)																			曇		16.0	1.0	2.0	20.4	9.0	11	56.0	不	**	**		エンセリオ																																											
2021105789	2025-08-02	1札幌3		12.0	大倉山特別(2勝クラス)								丹内祐次		ダ1700				1:45.9	1.3		9-9-6-5	31.0-36.7	37.4	446(-10)				230.0															晴		14.0	6.0	10.0	38.5	10.0	4	56.0	良	**	**		スマートケープ																																											
2021105789	2025-09-21	4中山7		12.0	3歳以上2勝クラス								丹内祐次		ダ1800				1:54.0	0.5		13-13-15-14	36.9-39.0	38.3	448(+2)				114.0															曇		16.0	1.0	1.0	29.0	7.0	5	56.0	良	**	**		サンセットブライト																																											
2021105789	2025-11-09	4京都2		8.0	3歳以上2勝クラス								高杉吏麒		ダ1800				1:50.5	0.8		10-10-10-8	35.7-37.1	36.8	448(0)																			雨		16.0	1.0	2.0	42.7	11.0	7	56.0	重	**	**		ツキノアカリ																																											
2021105789	2026-01-18	1中山7		8.0	4歳以上2勝クラス								丹内祐次		ダ1800				1:55.5	1.9		9-9-10-13	36.8-38.9	39.9	460(+12)																																																													晴		16.0	3.0	6.0	20.7	6.0	10	56.0	良	**	**		レディーフランシス	202606010708
2021105799	2023-12-03	5中山2		5.0	2歳新馬								石川裕紀		芝2000				2:00.7	-0.2		2-2-2-1	36.0-35.9	35.8	466(0)				720.0																																											晴		16.0	6.0	12.0	4.4	2.0	1	55.0	良	**	**		(パシフィックハイツ)															
2021105799	2024-02-24	2中山1		9.0	水仙賞(1勝クラス)								石川裕紀		芝2200				2:14.3	-0.2		2-2-2-1	35.9-35.9	35.8	464(-2)				1089.6																																											晴		7.0	5.0	5.0	3.0	2.0	1	55.0	稍	**	**		(マイネルフランツ)															
2021105799	2024-04-21	2東京2		11.0	サンスポ賞フローラS(GII)								石川裕紀		芝2000				1:59.3	0.3		3-2-3	35.6-35.0	35.1	454(-10)				780.0																																											曇		14.0	8.0	14.0	5.4	3.0	4	55.0	良	**	**		アドマイヤベル															
2021105799	2024-06-12	川崎		11.0	関東オークス【指定交(JpnII)								石川裕紀		ダ2100				2:24.5	6.0		5-5-3-8	30.0-40.0	45.6	462(+8)																																															晴		11.0	7.0	9.0	3.6	2.0	9	55.0	良	**	**		アンデスビエント															
2021105799	2024-09-07	4中山1		11.0	紫苑S(GII)								石川裕紀		芝2000				1:56.6	0.0		2-2-2-2	34.7-34.0	33.9	460(-2)				5293.8																																											晴		13.0	5.0	6.0	6.6	5.0	1	55.0	良	**	**		(ミアネーロ)															
2021105799	2024-10-13	5京都4		11.0	秋華賞(GI)								石川裕紀		芝2000				1:57.6	0.5		2-2-2-2	34.5-36.7	35.8	464(+4)				1100.0																																											晴		15.0	7.0	13.0	19.7	8.0	5	55.0	良	**	**		チェルヴィニア															
2021105799	2025-01-05	1中山1		11.0	日刊スポ賞中山金杯(GIII)								石川裕紀		芝2000				1:58.5	0.4		1-1-1-1	34.9-35.7	36.1	460(-4)				650.0																																											曇		18.0	7.0	15.0	4.4	1.0	4	55.0	良	**	**		アルナシーム															
2021105799	2025-03-08	2中山3		11.0	中山牝馬S(GIII)								石川裕紀		芝1800				1:47.2	0.1		2-2-2-2	36.5-35.7	35.3	458(-2)				957.2																																											曇		14.0	4.0	6.0	3.8	1.0	3	56.0	良	**	**		シランケド															
2021105799	2025-05-18	2東京8		11.0	ヴィクトリアマイル(GI)								石川裕紀		芝1600				1:32.5	0.4		11-12	33.9-35.3	34.0	460(+2)																																															曇		17.0	1.0	1.0	20.4	8.0	9	56.0	良	**	**		アスコリピチェーノ															
2021105799	2025-08-03	1札幌4		11.0	クイーンS(GIII)								横山武史		芝1800				1:47.0	1.0		13-12-12-13	34.9-35.9	35.1	468(+8)																																															晴		14.0	8.0	13.0	8.3	5.0	9	57.0	良	**	**		アルジーヌ															
2021105799	2025-11-22	3福島5		11.0	福島記念(GIII)								戸崎圭太		芝2000				2:00.4	0.5		4-3-3-3	36.1-34.2	34.3	460(-8)																																															晴		16.0	1.0	1.0	6.6	3.0	6	56.0	良	**	**		ニシノティアモ															
2021105808	2023-08-06	1札幌6		5.0	2歳新馬								武豊		芝1800				1:52.4	-0.4		4-2-2-2	38.2-36.9	36.8	482(0)				720.0	曇		7.0	4.0	4.0	1.4	1.0	1	55.0	重	**	**		(コルレオニス)																																																									
2021105808	2023-09-02	2札幌7		11.0	札幌2歳S(GIII)								武豊		芝1800				1:52.2	1.7		10-10-5-3	36.8-36.5	37.6	480(-2)					曇		10.0	8.0	9.0	2.3	1.0	6	55.0	稍	**	**		セットアップ																																																									
2021105808	2023-11-18	5東京5		11.0	東京スポーツ杯2歳S(GII)								マーカン		芝1800				1:47.0	0.5		7-7-7	35.3-35.8	34.3	488(+8)					晴		10.0	6.0	6.0	17.2	7.0	6	56.0	良	**	**		シュトラウス																																																									
2021105808	2024-02-11	2小倉2		9.0	あすなろ賞(1勝クラス)								佐々木大		芝2000				2:02.2	0.0		9-9-9-7	37.0-34.8	34.0	492(+4)				436.2	晴		10.0	7.0	7.0	5.8	3.0	2	57.0	良	**	**		サトノシュトラーセ																																																									
2021105808	2024-03-24	1中京6		9.0	大寒桜賞(1勝クラス)								西村淳也		芝2200				2:17.9	0.5		9-9-7-6	35.8-35.6	35.6	490(-2)				107.0	小雨		10.0	7.0	8.0	3.6	2.0	5	57.0	重	**	**		シュガークン																																																									
2021105808	2024-09-01	2札幌8		7.0	3歳以上1勝クラス								佐々木大		芝1800				1:50.6	-0.1		13-13-14-12	37.6-36.1	34.7	498(+8)				800.0	晴		14.0	7.0	11.0	2.2	1.0	1	55.0	稍	**	**		(ニシノインヴィクタ)																																																									
2021105808	2024-11-02	6京都1		12.0	3歳以上2勝クラス								佐々木大		芝1800				1:48.6	-0.1		8-6	36.5-34.5	33.7	498(0)				1140.0	曇		8.0	5.0	5.0	2.1	1.0	1	56.0	不	**	**		(ルクスビッグスター)																																																									
2021105808	2024-11-24	5東京8		11.0	アーモンドアイC(3勝クラス)								川田将雅		芝2000				1:59.9	0.4		2-2-2	36.8-34.0	34.2	500(+2)				749.0	晴		15.0	2.0	3.0	4.7	2.0	2	56.0	良	**	**		タッチウッド																																																									
2021105808	2024-12-22	7京都8		10.0	サンタクロースS(3勝クラス)								佐々木大		芝2000				2:01.2	0.3		13-13-11-7	37.8-34.1	33.9	502(+2)				280.0	晴		14.0	3.0	3.0	2.2	1.0	4	57.0	良	**	**		ホウオウプロサンゲ																																																									
2021105808	2025-03-15	1阪神5		10.0	難波S(3勝クラス)								川田将雅		芝1800				1:45.5	0.3		3-3	34.8-34.3	34.4	502(0)					小雨		15.0	3.0	4.0	2.7	1.0	6	58.0	良	**	**		サブマリーナ																																																									
2021105808	2025-04-27	2京都2		10.0	センテニアルパークS(3勝クラス)								団野大成		芝1800				1:46.1	0.3		7-8	35.2-33.6	33.4	500(-2)				465.0	晴		16.0	8.0	16.0	8.2	4.0	3	56.0	良	**	**		ホウオウラスカーズ																																																									
2021105808	2025-05-18	2京都8		10.0	錦S(3勝クラス)								団野大成		芝1600				1:33.5	0.4		7-7	35.3-33.7	33.3	494(-6)				748.4	曇		12.0	5.0	6.0	3.8	1.0	2	56.0	稍	**	**		ココナッツブラウン																																																									
2021105808	2025-06-15	3阪神4		10.0	花のみちS(3勝クラス)								レーン		芝1600				1:33.5	0.9		6-6	34.1-35.0	34.9	496(+2)					晴		18.0	3.0	6.0	3.2	1.0	8	58.0	稍	**	**		ブルーミンデザイン																																																									
2021105808	2025-09-27	4中山8		11.0	秋風S(3勝クラス)								原優介		芝1600				1:33.3	0.4		11-11-11	35.2-34.6	34.1	496(0)					晴		16.0	4.0	8.0	15.8	6.0	7	58.0	良	**	**		ピースワンデュック																																																									
2021105808	2025-11-16	4京都4		12.0	ドンカスターC(3勝クラス)								ルメール		芝1800				1:45.6	-0.2		4-2	36.1-33.9	33.5	494(-2)				1867.3	晴		12.0	6.0	8.0	2.7	1.0	1	56.0	良	**	**		(アウフヘーベン)																																																									
2021105808	2026-01-04	1京都1		11.0	スポニチ賞京都金杯(GIII)								北村友一		芝1600				1:34.7	1.0		11-12	35.3-34.6	34.2	500(+6)					曇		18.0	7.0	13.0	7.5	2.0	17	55.0	良	**	**		ブエナオンダ																																																									
2021105829	2024-01-07	1中山2		6.0	3歳新馬								ルメール		芝2000				2:02.1	-0.1		8-6-5-4	36.4-35.9	35.3	464(0)				620.0	曇		17.0	2.0	3.0	2.4	1.0	1	57.0	良	**	**		(アンゴラブラック)																																																									
2021105829	2024-03-17	2中山8		11.0	フジTVスプリングS(GII)								戸崎圭太		芝1800				1:50.2	0.8		8-8-8-8	37.5-33.7	33.4	470(+6)					晴		10.0	8.0	10.0	13.8	8.0	6	57.0	良	**	**		シックスペンス																																																									
2021105829	2024-06-09	3東京4		8.0	3歳以上1勝クラス								ルメール		芝2000				1:59.6	0.1		6-5-4	36.6-33.9	33.5	476(+6)				320.0	曇		11.0	2.0	2.0	1.9	1.0	2	55.0	良	**	**		ヴィレム																																																									
2021105829	2024-08-17	3新潟3		8.0	3歳以上1勝クラス								ルメール		芝2400				2:24.7	-0.8		4-4-3-3	35.0-35.6	35.3	470(-6)				800.0	晴		12.0	4.0	4.0	1.4	1.0	1	55.0	良	**	**		(グランアルティスタ)																																																									
2021105829	2024-09-16	4中山5		11.0	朝日セントライト記念(GII)								武豊		芝2200				2:12.7	1.1		13-13-9-9	36.2-34.6	34.6	468(-2)				540.0	曇		14.0	7.0	12.0	10.7	5.0	5	57.0	良	**	**		アーバンシック																																																									
2021105829	2024-12-22	5中山8		9.0	グッドラックH(2勝クラス)								ルメール		芝2500				2:32.2	-0.3		8-8-7-5	30.6-36.4	35.7	470(+2)				1587.1	晴		16.0	8.0	16.0	2.5	1.0	1	56.0	良	**	**		(サンライズソレイユ)																																																									
2021105829	2025-03-09	2中山4		9.0	湾岸S(3勝クラス)								ルメール		芝2500				2:33.5	-0.4		5-7-7-3	30.8-37.6	37.0	476(+6)				1865.2	晴		12.0	4.0	4.0	1.7	1.0	1	57.0	稍	**	**		(エンドウノハナ)																																																									
2021105829	2025-06-01	2東京12		12.0	目黒記念(GII)								ルメール		芝2500				2:33.9	1.0		7-9-9-9	31.4-34.8	35.2	482(+6)					曇		18.0	4.0	8.0	3.7	2.0	11	56.5	良	**	**		アドマイヤテラ																																																									
2021105829	2025-07-27	1札幌2		11.0	札幌日経賞(L)								北村友一		芝2600				2:41.7	-0.1		6-7-8-8	38.2-35.6	35.1	482(0)				2821.0	曇		10.0	3.0	3.0	3.4	1.0	1	57.0	稍	**	**		(フルール)																																																									
2021105829	2025-11-09	5東京2		11.0	アルゼンチン共和国杯(GII)								ルメール		芝2500				2:30.3	0.1		14-9-9-8	30.6-34.6	34.2	474(-8)				2336.4	曇		18.0	8.0	18.0	3.4	1.0	2	57.0	良	**	**		ミステリーウェイ																																																									
2021105837	2024-01-08	1京都3		5.0	3歳新馬								戸崎圭太		芝1800				1:49.9	0.8		6-6	36.1-36.4	36.6	482(0)				93.0															晴		18.0	7.0	15.0	3.6	3.0	4	57.0	良	**	**		オルトパラティウム																																											
2021105837	2024-01-27	1東京1		6.0	3歳未勝利								横山和生		芝1800				1:47.5	0.2		4-3-5	35.5-34.2	34.2	474(-8)				140.0															晴		12.0	4.0	4.0	5.1	3.0	3	57.0	良	**	**		ダイシンアポロン																																											
2021105837	2024-03-16	2中山7		4.0	3歳未勝利								横山和生		芝1800				1:49.7	0.1		2-2-2-2	37.3-35.9	35.8	476(+2)				140.0															晴		16.0	4.0	8.0	3.0	1.0	3	57.0	良	**	**		タッチアンドムーブ																																											
2021105837	2024-05-18	2東京9		4.0	3歳未勝利								横山和生		芝1600				1:34.4	0.4		14-14	36.1-34.2	33.0	480(+4)				220.0															晴		18.0	5.0	9.0	2.4	1.0	2	57.0	良	**	**		ロジプラヤ																																											
2021105837	2024-06-09	3東京4		6.0	3歳未勝利								ルメール		芝1600				1:33.7	-0.2		7-7	35.2-34.7	34.0	476(-4)				550.0															曇		18.0	7.0	14.0	1.3	1.0	1	57.0	良	**	**		(モデルニスモ)																																											
2021105837	2024-11-16	5東京5		12.0	3歳以上1勝クラス								横山和生		芝1600				1:34.2	0.1		2-2	35.8-34.2	34.2	486(+10)				320.0															曇		18.0	2.0	4.0	7.1	4.0	2	57.0	良	**	**		ナファロア																																											
2021105837	2024-12-15	5中山6		12.0	3歳以上1勝クラス								横山和生		芝1600				1:33.3	-0.1		2-2-2	34.8-35.0	34.9	484(-2)				800.0															晴		16.0	4.0	8.0	4.4	2.0	1	57.0	良	**	**		(レッドロスタム)																																											
2021105837	2025-03-09	2中山4		8.0	4歳以上2勝クラス								横山和生		芝1600				1:34.2	-0.1		3-3-2	34.3-36.9	36.7	482(-2)				1140.0															晴		16.0	6.0	11.0	2.3	1.0	1	58.0	稍	**	**		(アニトラ)																																											
2021105837	2025-04-12	3中山5		10.0	あけぼのS(3勝クラス)								横山和生		芝1600				1:32.8	0.2		5-6-6	35.2-34.9	34.2	484(+2)				748.8															晴		14.0	6.0	9.0	4.9	3.0	2	58.0	良	**	**		ダイシンヤマト																																											
2021105837	2025-05-10	2東京5		9.0	分倍河原S(3勝クラス)								岩田望来		芝1600				1:34.8	0.1		7-5	36.2-33.8	33.4	484(0)				280.0															曇		15.0	4.0	6.0	3.6	1.0	4	58.0	稍	**	**		アルセナール																																											
2021105837	2025-08-24	3新潟2		9.0	長岡S(3勝クラス)								津村明秀		芝1600				1:33.0	0.5		4-3	34.8-33.6	33.8	484(0)																			晴		18.0	4.0	7.0	5.8	2.0	8	57.0	良	**	**		ファーヴェント																																											
2021105837	2025-09-27	4中山8		11.0	秋風S(3勝クラス)								横山和生		芝1600				1:34.1	1.2		16-16-16	35.2-34.6	34.3	488(+4)																			晴		16.0	6.0	11.0	9.3	4.0	11	58.0	良	**	**		ピースワンデュック																																											
2021105837	2025-12-28	5中山8		12.0	2025ファイナルS(3勝クラス)								横山和生		芝1600				1:34.3	0.7		2-1-1	35.6-34.0	34.7	486(-2)				280.0															晴		16.0	5.0	10.0	30.3	8.0	4	57.0	良	**	**		ジョイフルニュース																																											
2021105837	2026-01-18	1中山7		9.0	若潮S(3勝クラス)								横山和生		芝1600				1:32.1	0.4		9-12-11	34.1-34.9	34.1	490(+4)				280.0																																																									晴		15.0	2.0	2.0	15.1	6.0	4	58.0	良	**	**		ポルカリズム	202606010709
2021105849	2023-07-29	1札幌3		5.0	2歳新馬								ルメール		芝1500				1:30.9	0.0		11-8-9	30.5-35.7	35.2	478(0)				290.0	晴		14.0	5.0	8.0	5.2	2.0	2	55.0	良	**	**		ギヴイットアゴー																																																									
2021105849	2023-09-03	2札幌8		1.0	2歳未勝利								武豊		芝1500				1:31.5	0.7		8-9-5	30.2-36.4	36.2	476(-2)				140.0	晴		11.0	4.0	4.0	3.1	2.0	3	55.0	良	**	**		ラーンザロープス																																																									
2021105849	2023-09-24	4阪神7		3.0	2歳未勝利								川田将雅		ダ1400				1:26.2	-0.2		4-4	34.9-38.9	38.6	486(+10)				550.0	晴		13.0	1.0	1.0	2.5	1.0	1	55.0	良	**	**		(ユウスペシャル)																																																									
2021105849	2023-10-22	2京都7		8.0	なでしこ賞(1勝クラス)								川田将雅		ダ1400				1:25.8	1.1		2-2	34.6-37.7	38.6	486(0)				107.0	晴		8.0	6.0	6.0	3.4	1.0	5	56.0	良	**	**		ナスティウェザー																																																									
2021105849	2023-12-17	4中京6		9.0	寒椿賞(1勝クラス)								吉田隼人		ダ1400				1:26.6	0.6		3-3	36.5-37.1	37.4	488(+2)				273.6	晴		11.0	5.0	5.0	9.4	4.0	3	56.0	稍	**	**		ラムジェット																																																									
2021105849	2024-01-20	1京都6		4.0	3歳1勝クラス								川田将雅		ダ1400				1:24.2	0.8		5-4	34.8-36.6	36.9	490(+2)				200.0	曇		7.0	2.0	2.0	4.5	2.0	3	57.0	稍	**	**		ワイワイレジェンド																																																									
2021105849	2024-02-11	2京都6		4.0	3歳1勝クラス								松山弘平		ダ1400				1:26.1	1.4		9-9	35.1-37.4	37.7	492(+2)				200.0	晴		9.0	5.0	5.0	2.3	1.0	3	57.0	良	**	**		フラムリンガム																																																									
2021105849	2024-06-08	4京都3		12.0	3歳以上1勝クラス								坂井瑠星		ダ1400				1:25.9	1.6		7-7	34.7-37.4	37.5	494(+2)					晴		15.0	7.0	13.0	7.8	4.0	8	55.0	良	**	**		カズゴルティス																																																									
2021105849	2024-06-22	4京都7		12.0	3歳以上1勝クラス								Ｍ．デム		芝1600				1:35.5	2.6		13-15	34.8-34.3	35.5	492(-2)					小雨		15.0	5.0	8.0	79.9	13.0	15	55.0	良	**	**		フォーチュンタイム																																																									
2021105849	2024-10-13	5京都4		9.0	3歳以上1勝クラス								横山武史		ダ1200				1:12.4	0.5		12-10	34.0-37.9	36.7	492(0)				80.0	晴		14.0	3.0	3.0	9.1	5.0	5	57.0	良	**	**		メイショウタイゲイ																																																									
2021105849	2024-11-23	6京都7		7.0	3歳以上1勝クラス								武豊		ダ1200				1:13.1	0.6		7-7	35.6-36.9	36.9	490(-2)				320.0	曇		16.0	2.0	3.0	6.9	3.0	2	57.0	良	**	**		ヘルメース																																																									
2021105849	2024-12-07	7京都3		8.0	3歳以上1勝クラス								武豊		ダ1200								35.6-36.8		492(+2)					晴		12.0	7.0	11.0			除	57.0	良	**	**		メイショウヤーキス																																																									
2021105849	2024-12-22	7京都8		7.0	3歳以上1勝クラス								佐々木大		ダ1200				1:14.2	1.3		5-6	35.5-37.4	38.4	490(0)					晴		16.0	5.0	9.0	7.6	4.0	12	57.0	良	**	**		ヤマカツパトリシア																																																									
2021105849	2025-01-12	1中京4		8.0	4歳以上1勝クラス								Ｍ．デム		ダ1200				1:12.4	0.2		10-7	36.2-36.0	35.4	494(+4)				200.0	曇		16.0	2.0	3.0	7.9	3.0	3	58.0	良	**	**		マイネルフォーコン																																																									
2021105849	2025-01-26	1中京9		7.0	4歳以上1勝クラス								Ｍ．デム		ダ1200				1:11.9	-0.1		6-5	35.4-36.5	35.9	498(+4)				800.0	晴		16.0	2.0	3.0	3.8	2.0	1	58.0	良	**	**		(フォルテローザ)																																																									
2021105849	2025-03-15	2中京1		9.0	伊良湖特別(2勝クラス)								シュタル		ダ1200				1:12.7	0.4		8-7	35.9-36.4	36.2	500(+2)					小雨		16.0	6.0	11.0	5.3	3.0	6	58.0	良	**	**		ヤマニンアルリフラ																																																									
2021105849	2025-03-30	2阪神2		12.0	4歳以上2勝クラス								富田暁		ダ1200				1:12.4	0.5		3-5	35.6-36.3	36.3	498(-2)				114.0	曇		14.0	3.0	3.0	8.6	6.0	5	58.0	良	**	**		ノボリショウリュウ																																																									
2021105849	2025-04-12	2阪神5		12.0	4歳以上2勝クラス								Ｍ．デム		ダ1200				1:11.9	0.2		9-8	34.8-36.9	36.2	496(-2)				460.0	曇		16.0	6.0	12.0	7.2	4.0	2	58.0	良	**	**		メイショウホウレン																																																									
2021105849	2025-05-03	2京都3		12.0	4歳以上2勝クラス								レーン		ダ1200				1:11.7	0.8		10-10	35.0-35.9	35.9	494(-2)					晴		16.0	4.0	8.0	3.0	1.0	9	58.0	稍	**	**		アガシ																																																									
2021105849	2025-08-10	1札幌6		12.0	Fビレッジ特別(2勝クラス)								横山和生		ダ1700				1:45.3	1.4		12-12-14-14	29.3-37.5	37.4	492(-2)				230.0	曇		14.0	4.0	5.0	31.3	9.0	4	56.0	良	**	**		イムホテプ																																																									
2021105849	2025-08-24	2札幌2		10.0	オールスターJ第3戦(2勝クラス)								バデル		ダ1700				1:46.5	1.0		7-7-5-5	31.3-37.4	38.0	494(+2)				155.0	晴		14.0	3.0	3.0	4.8	2.0	5	58.0	良	**	**		ベルギューン																																																									
2021105849	2025-09-21	4阪神7		12.0	3歳以上2勝クラス								武豊		ダ1400				1:25.5	2.3		15-15	35.1-36.1	36.6	490(-4)					曇		15.0	2.0	4.0	23.1	9.0	14	58.0	良	**	**		ダノンフィーゴ																																																									
2021105849	2025-11-02	4東京11		12.0	清里特別(2勝クラス)								横山和生		ダ1600				1:38.2	0.8		13-13	36.4-36.0	35.1	496(+6)					曇		13.0	6.0	8.0	31.5	7.0	8	58.0	重	**	**		ロッシニアーナ																																																									
2021105849	2025-12-06	5阪神1		8.0	3歳以上2勝クラス								田山旺佑		ダ1400				1:24.8	0.9		8-10	34.4-37.2	37.3	502(+6)					晴		16.0	2.0	4.0	104.6	12.0	9	55.0	良	**	**		メイショウツヨキ																																																									
2021105856	2023-11-05	3京都2	晴	5.0	2歳新馬		8.0	4.0	4.0	2.9	2.0	1	坂井瑠星	56.0	芝2000		良	**	2:02.0	0.0	**	6-5-6-6	37.7-34.4	33.7	472(0)			(ハヤテノフクノスケ)	720.0																																																																							
2021105856	2023-12-28	5中山9	晴	11.0	ホープフルS(GI)		16.0	8.0	18.0	15.1	7.0	5	坂井瑠星	56.0	芝2000		良	**	2:00.7	0.5	**	12-13-13-12	35.4-35.9	35.4	474(+2)			レガレイラ	700.0																																																																							
2021105856	2024-02-11	1東京6	曇	11.0	共同通信杯(GIII)		10.0	4.0	4.0	4.8	2.0	7	坂井瑠星	57.0	芝1800		良	**	1:48.9	0.9	**	5-6-7	37.3-33.1	33.0	476(+2)			ジャスティンミラノ																																																																								
2021105856	2024-03-16	1阪神7	晴	11.0	若葉S(L)		9.0	3.0	3.0	2.8	1.0	1	藤岡佑介	57.0	芝2000		良	**	1:59.7	-0.1	**	4-3-4-4	36.1-34.6	34.2	472(-4)			(ホウオウプロサンゲ)	2022.4																																																																							
2021105856	2024-04-14	3中山8	晴	11.0	皐月賞(GI)		17.0	3.0	5.0	17.4	9.0	10	藤岡佑介	57.0	芝2000		良	**	1:58.1	1.0	**	5-5-4-6	34.2-35.8	35.6	468(-4)			ジャスティンミラノ																																																																								
2021105856	2024-05-26	2東京12	晴	11.0	東京優駿(GI)		17.0	4.0	7.0	94.6	13.0	16	藤岡佑介	57.0	芝2400		良	**	2:25.6	1.3	**	14-16-16-16	36.3-33.8	33.4	460(-8)			ダノンデサイル																																																																								
2021105856	2024-09-22	3中京7	曇	11.0	神戸新聞杯(GII)		14.0	6.0	10.0	16.5	8.0	10	北村友一	57.0	芝2200		稍	**	2:13.4	1.6	**	6-5-7-8	35.4-36.0	36.2	472(+12)			メイショウタバル																																																																								
2021105856	2024-10-20	5京都6	晴	11.0	菊花賞(GI)		18.0	3.0	6.0	79.5	13.0	12	坂井瑠星	57.0	芝3000		良	**	3:07.3	3.2	**	4-4-5-10	37.0-35.9	38.5	474(+2)			アーバンシック																																																																								
2021105856	2024-11-09	6京都3	晴	9.0	修学院S(3勝クラス)		14.0	8.0	13.0	6.2	2.0	6	鮫島克駿	56.0	芝2000		良	**	1:58.2	0.4	**	14-14-14-12	35.6-35.8	34.5	474(0)			ショウナンアデイブ																																																																								
2021105856	2025-02-15	1京都5	晴	10.0	飛鳥S(3勝クラス)		9.0	8.0	9.0	4.0	2.0	2	北村友一	57.0	芝2000		良	**	2:01.0	0.3	**	3-2-3-3	37.5-34.9	34.9	482(+8)			ウエストナウ	745.8																																																																							
2021105856	2025-04-06	3中山4	晴	11.0	美浦S(3勝クラス)		16.0	1.0	2.0	3.6	2.0	3	津村明秀	58.0	芝2000		良	**	1:59.8	0.2	**	9-9-7-4	35.9-35.7	35.2	470(-12)			レガーロデルシエロ	464.8																																																																							
2021105856	2025-04-27	2京都2	晴	11.0	読売マイラーズC(GII)		10.0	6.0	6.0	9.7	4.0	10	坂井瑠星	57.0	芝1600		良	**	1:33.6	1.9	**	2-4	35.0-33.9	35.5	472(+2)			ロングラン																																																																								
2021105856	2025-05-17	2東京7	曇	11.0	六社S(3勝クラス)		12.0	5.0	6.0	7.9	4.0	2	津村明秀	58.0	芝2400		稍	**	2:26.5	0.2	**	5-6-7-6	36.6-36.9	36.4	470(-2)			ラスカンブレス	747.4																																																																							
2021105856	2025-06-15	3東京4	曇	10.0	江の島S(3勝クラス)		15.0	2.0	3.0	3.3	1.0	12	津村明秀	58.0	芝2400		稍	**	2:30.2	3.1	**	5-6-7-7	36.9-37.1	39.4	466(-4)			カフェグランデ																																																																								
2021105856	2025-11-09	5東京2	小雨	10.0	イクイノックスM(3勝クラス)		12.0	4.0	4.0	8.4	3.0	10	藤岡佑介	58.0	芝2000		良	**	1:59.9	1.3	**	7-8-8	36.1-33.9	34.6	480(+14)			ウィクトルウェルス																																																																								
2021105862	2023-10-09	2京都3		4.0	2歳新馬								松山弘平		芝1400				1:23.8	1.1		8-9	34.6-36.6	36.6	506(0)					曇		17.0	2.0	4.0	2.7	1.0	9	56.0	重	**	**		バンドシェル																																																									
2021105862	2023-11-25	3京都7		2.0	2歳未勝利								松山弘平		芝1600				1:36.1	-0.2		1-1	36.1-34.9	34.9	506(0)				550.0	晴		13.0	5.0	7.0	20.5	5.0	1	56.0	良	**	**		(キャプテンシー)																																																									
2021105862	2024-01-08	1京都3		11.0	日刊スポシンザン記念(GIII)								松山弘平		芝1600				1:35.6	1.1		3-3	34.3-36.1	37.1	506(0)					晴		18.0	7.0	15.0	78.4	14.0	12	57.0	良	**	**		ノーブルロジャー																																																									
2021105862	2024-03-10	1阪神6		5.0	3歳1勝クラス								松山弘平		芝1600				1:33.7	0.3		1-1	35.4-34.2	34.5	510(+4)					晴		11.0	7.0	9.0	20.1	7.0	6	57.0	良	**	**		ディスペランツァ																																																									
2021105862	2024-04-21	3京都2		6.0	3歳1勝クラス								川田将雅		ダ1400				1:25.1	0.5		4-4	34.9-37.4	37.5	500(-10)				120.0	小雨		12.0	3.0	3.0	4.4	3.0	4	57.0	良	**	**		アスクアイルビゼア																																																									
2021105862	2024-06-08	4京都3		12.0	3歳以上1勝クラス								川田将雅		ダ1400				1:25.0	0.7		3-3	34.7-37.4	37.5	504(+4)				200.0	晴		15.0	8.0	16.0	3.6	2.0	3	55.0	良	**	**		カズゴルティス																																																									
2021105862	2024-06-22	4京都7		8.0	3歳以上1勝クラス								川田将雅		ダ1400				1:24.6	1.2		3-3	34.6-36.5	37.3	506(+2)				200.0	曇		16.0	2.0	4.0	7.1	3.0	3	55.0	稍	**	**		クリノキングマン																																																									
2021105862	2024-08-17	2中京3		12.0	3歳以上1勝クラス								西村淳也		芝1200				1:08.2	0.2		9-9	33.1-34.9	34.3	498(-8)				120.0	晴		18.0	2.0	4.0	3.9	2.0	4	56.0	良	**	**		セレッソデアモール																																																									
2021105862	2024-09-07	3中京1		8.0	3歳以上1勝クラス								西村淳也		芝1200				1:08.7	0.4		10-8	33.8-34.5	34.0	502(+4)					晴		18.0	6.0	12.0	7.1	3.0	7	56.0	良	**	**		サトノプリエール																																																									
2021105862	2024-12-22	7京都8		7.0	3歳以上1勝クラス								西村淳也		ダ1200				1:14.3	1.4		5-6	35.5-37.4	38.5	514(+12)					晴		16.0	8.0	15.0	3.8	2.0	13	57.0	良	**	**		ヤマカツパトリシア																																																									
2021105862	2025-02-22	1京都7		7.0	4歳以上1勝クラス								横山典弘		ダ1200				1:14.0	1.2		12-12	35.1-37.7	36.9	516(+2)					曇		16.0	3.0	5.0	5.1	4.0	9	58.0	良	**	**		ゴイゴイスー																																																									
2021105862	2025-03-22	1阪神7		7.0	4歳以上1勝クラス								横山典弘		ダ1200				1:14.0	1.1		3-2	35.2-37.7	38.5	514(-2)					晴		15.0	5.0	9.0	5.0	2.0	6	58.0	良	**	**		スナークシュンソウ																																																									
2021105862	2025-05-17	1新潟5		8.0	4歳以上1勝クラス								横山典弘		芝1400				1:25.5	2.3		11-11	35.4-35.5	37.0	506(-8)					曇		16.0	3.0	5.0	9.6	5.0	15	58.0	稍	**	**		キタサンダムール																																																									
2021105862	2025-07-20	1函館12		7.0	3歳以上1勝クラス								藤岡佑介		ダ1000				0:59.3	0.4		11-11	34.3-36.1	34.9	510(+4)				120.0	晴		12.0	4.0	4.0	15.2	5.0	4	58.0	良	**	**		パールフロント																																																									
2021105862	2025-08-17	1札幌8		6.0	3歳以上1勝クラス								藤岡佑介		ダ1000				1:01.2	2.6		4-4	34.3-35.6	37.0	508(-2)					雨		12.0	6.0	7.0	12.0	4.0	11	58.0	稍	**	**		ミルフルール																																																									
2021105867	2023-06-25	3阪神8		5.0	2歳新馬								池添謙一		芝1800				1:49.8	1.0		6-3	36.1-34.2	35.0	492(0)				180.0																													曇		7.0	7.0	7.0	7.5	3.0	3	55.0	良	**	**		ギャンブルルーム																													
2021105867	2023-09-16	4阪神3		3.0	2歳未勝利								池添謙一		芝1800				1:49.1	0.8		8-8	35.6-33.8	33.8	496(+4)				55.0																													晴		9.0	1.0	1.0	4.4	2.0	5	55.0	良	**	**		ナムラフッカー																													
2021105867	2023-10-07	2京都1		3.0	2歳未勝利								西村淳也		芝2000				2:02.5	0.2		5-5-4-4	37.2-35.1	34.9	500(+4)				140.0																													晴		6.0	1.0	1.0	3.9	3.0	3	56.0	良	**	**		エルフストラック																													
2021105867	2023-11-11	3京都3		3.0	2歳未勝利								ムーア		芝2000				2:03.4	1.9		10-9-1-1	36.1-36.3	38.2	500(0)				83.0																													晴		10.0	7.0	7.0	3.6	2.0	4	56.0	重	**	**		メリオーレム																													
2021105867	2023-11-26	3京都8		3.0	2歳未勝利								松若風馬		芝2000				2:02.6	-0.1		15-15-1-1	36.3-35.3	35.3	498(-2)				550.0																													曇		15.0	6.0	10.0	15.5	6.0	1	56.0	良	**	**		(ヴィスマール)																													
2021105867	2024-02-04	1東京4		9.0	ゆりかもめ賞(1勝クラス)								津村明秀		芝2400				2:28.0	1.1		9-9-9-9	36.8-33.9	34.1	496(-2)																																	曇		9.0	7.0	7.0	54.4	8.0	8	57.0	良	**	**		ウインマクシマム																													
2021105867	2024-02-24	1阪神1		9.0	すみれS(L)								松若風馬		芝2200				2:13.5	1.5		10-10-9-9	34.5-35.0	35.3	498(+2)																																	晴		10.0	1.0	1.0	113.9	10.0	9	57.0	良	**	**		サンライズアース																													
2021105867	2024-03-17	1阪神8		6.0	3歳1勝クラス								松若風馬		ダ1800				1:56.9	2.4		15-15-15-15	37.6-37.9	38.6	498(0)																																	雨		15.0	3.0	4.0	83.5	12.0	14	57.0	良	**	**		クロドラバール																													
2021105867	2024-04-20	2東京1		9.0	新緑賞(1勝クラス)								吉田豊		芝2300				2:19.5	0.7		11-11-11-10	30.4-35.8	35.4	484(-14)																																	晴		11.0	2.0	2.0	56.0	10.0	7	57.0	良	**	**		リアレスト																													
2021105867	2024-06-16	4京都6		7.0	3歳以上1勝クラス								Ｍ．デム		芝2400				2:26.2	0.0		2-2-1-1	35.9-34.9	34.9	496(+12)				320.0																													晴		11.0	6.0	7.0	13.4	5.0	2	54.0	良	**	**		ノーブルライジング																													
2021105867	2024-06-29	3小倉1		9.0	英彦山特別(1勝クラス)								松山弘平		芝2600				2:42.3	2.0		3-3-4-5	36.0-36.5	38.1	488(-8)																																	曇		11.0	3.0	3.0	4.0	2.0	7	54.0	良	**	**		アスターブジエ																													
2021105867	2024-09-16	3中京5		9.0	長良川特別(1勝クラス)								池添謙一		芝2200				2:13.1	-0.2		7-6-1-1	35.3-35.3	35.3	502(+14)				1132.4																													曇		9.0	5.0	5.0	9.8	4.0	1	55.0	良	**	**		(オルトパラティウム)																													
2021105867	2024-10-20	5京都6		9.0	清滝特別(2勝クラス)								池添謙一		芝2200				2:14.6	0.8		8-8-6-6	37.0-35.2	35.4	504(+2)				392.6																													晴		8.0	6.0	6.0	6.8	3.0	3	55.0	良	**	**		サブマリーナ																													
2021105867	2024-11-09	6京都3		12.0	3歳以上2勝クラス								池添謙一		芝2400				2:27.6	0.7		4-4-1-1	37.6-34.4	35.1	510(+6)				114.0																													晴		6.0	1.0	1.0	3.2	3.0	5	56.0	良	**	**		キングサーガ																													
2021105867	2024-12-07	7京都3		12.0	3歳以上2勝クラス								田口貫太		芝2400				2:26.9	2.2		8-7-2-5	34.6-36.3	36.9	506(-4)																																	晴		10.0	1.0	1.0	15.3	5.0	10	55.0	良	**	**		ギャンブルルーム																													
2021105867	2025-01-05	1中京1		9.0	鶴舞特別(2勝クラス)								Ｍ．デム		芝2200				2:14.6	2.5		5-5-3-6	35.2-35.5	37.3	506(0)																																	晴		11.0	7.0	8.0	17.0	4.0	10	57.0	良	**	**		ハヤテノフクノスケ																													
2021105867	2025-02-01	1京都1		10.0	許波多特別(2勝クラス)								池添謙一		芝2400				2:28.1	3.2		9-9-9-9	35.6-36.5	37.1	504(-2)																																	曇		10.0	8.0	9.0	71.0	10.0	10	55.0	良	**	**		ウィープディライト																													
2021105867	2025-05-04	2京都4		9.0	須知特別(2勝クラス)								池添謙一		ダ1900				2:03.4	3.9		8-8-4-10	31.7-36.8	40.2	512(+8)																																	晴		10.0	6.0	6.0	61.8	6.0	10	58.0	良	**	**		カネトシゴウト																													
2021105867	2025-05-25	2京都10		12.0	4歳以上2勝クラス								池添謙一		ダ1900				2:01.0	3.4		9-9-9-9	31.1-37.3	38.7	504(-8)																																	曇		9.0	3.0	3.0	60.1	9.0	9	58.0	重	**	**		アーマルコライト																													
2021105867	2025-09-28	4阪神9		9.0	兵庫特別(2勝クラス)								菱田裕二		芝2400				2:28.1	2.3		11-11-11-11	38.3-33.7	35.0	498(-6)																																	曇		12.0	8.0	11.0	89.9	9.0	11	54.0	良	**	**		ダノンシーマ																													
2021105867	2025-10-18	3京都6		10.0	清滝特別(2勝クラス)								松若風馬		芝2200				2:15.2	1.5		9-9-8-7	37.7-33.8	34.0	498(0)																																	曇		9.0	8.0	9.0	71.8	8.0	8	58.0	良	**	**		ジョイボーイ																													
2021105867	2025-12-27	5阪神7		12.0	3歳以上2勝クラス								松若風馬		芝2000				2:01.0	1.1		9-9-9-6	37.4-34.9	35.3	498(0)																																	晴		9.0	8.0	9.0	96.1	6.0	6	58.0	良	**	**		ミュージシャン																													
2021105867	2026-01-17	1京都6		9.0	稲荷特別(2勝クラス)								北村友一		芝2000				2:02.5	1.5		10-10-7-7	36.0-34.5	35.5	502(+4)																																	晴		10.0	7.0	7.0	103.1	10.0	10	58.0	良				ジェットマグナム																													
2021105889	2023-12-17	4中京6	晴	5.0	2歳新馬		11.0	6.0	7.0	4.0	2.0	1	富田暁	56.0	芝2000		良	**	2:04.3	-0.1	**	7-7-5-5	38.6-36.4	36.1	472(0)			(ディマイザキッド)	720.0																																																																							
2021105889	2024-02-11	2小倉2	晴	9.0	あすなろ賞(1勝クラス)		10.0	1.0	1.0	16.7	5.0	8	富田暁	57.0	芝2000		良	**	2:03.0	0.8	**	6-7-7-8	37.0-34.8	34.9	474(+2)			サトノシュトラーセ																																																																								
2021105889	2024-03-30	2阪神3	晴	9.0	アザレア賞(1勝クラス)		7.0	4.0	4.0	19.0	5.0	6	藤岡康太	57.0	芝2400		良	**	2:28.1	1.8	**	1-1-1-1	36.8-34.8	36.6	472(-2)			インザモーメント																																																																								
2021105889	2024-06-15	4京都5	曇	8.0	3歳以上1勝クラス		14.0	8.0	13.0	40.0	8.0	14	岩田望来	55.0	ダ1800		良	**	1:56.3	3.4	**	4-5-3-5	37.3-38.4	41.4	484(+12)			ミッキークレスト																																																																								
2021105889	2024-10-26	5京都7	曇	7.0	3歳以上1勝クラス		11.0	6.0	7.0	101.8	9.0	9	富田暁	56.0	芝2000		良	**	2:01.3	1.4	**	11-11-10-11	35.9-35.1	35.7	474(-10)			ミカエルパシャ																																																																								
2021105889	2025-02-08	1小倉5	曇	9.0	足立山特別(1勝クラス)		14.0	4.0	6.0	39.5	9.0	11	角田大和	57.0	芝2600		稍	**	2:45.6	1.4	**	13-13-13-13	36.4-36.5	36.9	486(+12)			サークルオブジョイ																																																																								
2021105889	2025-03-01	1小倉11	曇	9.0	脊振山特別(1勝クラス)		16.0	1.0	2.0	149.2	15.0	15	川端海翼	57.0	芝2600		良	**	2:45.9	4.6	**	1-1-5-13	36.8-36.3	40.3	482(-4)			ローザサンリヴァル																																																																								
2021105889	2025-03-15	2中京1	曇	8.0	4歳以上1勝クラス		18.0	4.0	8.0	180.1	14.0	16	亀田温心	57.0	芝2200		良	**	2:16.5	1.4	**	4-4-5-5	36.3-35.2	36.1	484(+2)			ファミリータイム																																																																								
2021105889	2025-04-06	2阪神4	晴	6.0	4歳以上1勝クラス		11.0	8.0	10.0	205.1	10.0	11	吉村誠之	56.0	芝2000		良	**	2:03.7	3.8	**	4-5-8-9	35.0-35.6	38.5	478(-6)			クリノアドバンス																																																																								
2021105889	2025-05-04	2京都4	晴	7.0	4歳以上1勝クラス		9.0	2.0	2.0	95.5	7.0	6	幸英明	58.0	芝1600		良	**	1:35.6	1.6	**	3-3	35.7-34.2	34.7	474(-4)			ミッキースターダム																																																																								
2021105889	2025-07-26	3中京1	晴	12.0	3歳以上1勝クラス		10.0	3.0	3.0	64.7	10.0	10	幸英明	58.0	芝1600		良	**	1:34.8	1.8	**	5-3-5	35.1-34.0	35.3	476(+2)			ミニトランザット																																																																								
2021105889	2025-08-16	3中京7	晴	12.0	3歳以上1勝クラス		10.0	3.0	3.0	178.8	10.0	10	小沢大仁	58.0	芝1600		良	**	1:36.4	2.7	**	7-7-9	36.3-34.0	35.7	480(+4)			コリカンチャ																																																																								
2021105889	2025-09-07	4阪神2	晴	7.0	3歳以上1勝クラス		9.0	1.0	1.0	82.0	7.0	7	小沢大仁	58.0	ダ1800		良	**	1:55.0	2.2	**	5-5-8-7	37.1-39.2	39.6	482(+2)			モズカトレア																																																																								
2021105889	2025-11-06	船橋	晴	12.0	新進気鋭特別(C1)		14.0	3.0	4.0	10.8	4.0	1	篠谷葵	56.0	ダ1800		稍	**	1:57.2	-0.7	**	7-6-7-5	37.8-39.9	39.1	479(-3)			(フィフティズ)	180.0																																																																							
2021105889	2025-12-09	船橋	晴	12.0	聡明叡智賞(C1)		14.0	6.0	9.0	1.9	1.0	8	篠谷葵	56.0	ダ1800		良	**	1:59.6	3.3	**	5-5-6-8	38.2-39.2	41.3	487(+8)			プレストエマ																																																																								
2021105889	2025-12-26	大井	晴	8.0	冬野特別競走(C1)		16.0	6.0	12.0	29.6	9.0	6	篠谷葵	56.0	ダ2000		重	**	2:11.9	1.5	**	5-5-5-5	36.9-40.0	40.7	477(-10)			ヨシイチ																																																																								
2021105890	2023-09-03	3新潟8		5.0	2歳新馬								菅原明良		芝1800				1:50.3	0.7		3-2	37.0-34.4	34.7	488(0)				180.0	晴		13.0	7.0	11.0	7.4	3.0	3	55.0	良	**	**		テリオスルル																																																									
2021105890	2023-10-08	4東京2		2.0	2歳未勝利								菅原明良		芝1600				1:34.8	0.6		6-6	34.9-35.3	35.3	480(-8)				83.0	曇		14.0	3.0	4.0	6.4	4.0	4	56.0	良	**	**		スパークリシャール																																																									
2021105890	2024-01-07	1中山2		5.0	3歳未勝利								ルメール		芝1600				1:33.8	0.4		10-9-9	34.4-36.2	34.7	490(+10)				83.0	曇		16.0	6.0	12.0	3.6	2.0	4	57.0	良	**	**		シャインズオンユー																																																									
2021105890	2024-01-20	1中山6		2.0	3歳未勝利								ルメール		ダ1800				1:57.5	-0.2		2-2-2-2	38.8-39.3	39.3	492(+2)				550.0	曇		16.0	8.0	16.0	1.8	1.0	1	57.0	良	**	**		(オセアトップガン)																																																									
2021105890	2024-06-22	3東京7		7.0	3歳以上1勝クラス								オシェア		ダ1600				1:42.5	6.6		15-15	35.1-37.4	41.3	494(+2)					晴		16.0	2.0	4.0	24.6	6.0	16	55.0	重	**	**		レオスパーク																																																									
2021105890	2024-12-22	5中山8		7.0	3歳以上1勝クラス								菅原明良		ダ1800				1:59.6	4.5		8-9-9-9	37.7-39.7	43.3	500(+6)					晴		16.0	8.0	16.0	53.4	9.0	13	57.0	良	**	**		ドバイブルース																																																									
2021105890	2025-01-25	1中山8		8.0	4歳以上1勝クラス								菅原明良		ダ1800				1:59.3	4.2		2-2-2-3	37.8-38.5	42.6	496(-4)					曇		16.0	8.0	15.0	61.2	11.0	16	57.0	良	**	**		タイセイアディクト																																																									
2021105898	2023-07-09	2函館4		5.0	2歳新馬								ルメール		芝1800				1:49.8	-0.2		5-6-6-5	37.5-34.9	34.3	452(0)				720.0	晴		9.0	6.0	6.0	1.4	1.0	1	55.0	良	**	**		(セットアップ)																																																									
2021105898	2023-10-21	4東京6		9.0	アイビーS(L)								ルメール		芝1800				1:48.4	0.2		3-3-3	37.7-33.1	32.7	456(+4)				431.9	晴		6.0	3.0	3.0	1.5	1.0	3	55.0	良	**	**		ダノンエアズロック																																																									
2021105898	2023-12-28	5中山9		11.0	ホープフルS(GI)								ルメール		芝2000				2:00.2	-0.1		14-14-11-10	35.4-35.9	35.0	454(-2)				7126.0	晴		16.0	7.0	13.0	3.1	1.0	1	55.0	良	**	**		(シンエンペラー)																																																									
2021105898	2024-04-14	3中山8		11.0	皐月賞(GI)								北村宏司		芝2000				1:57.6	0.5		14-15-14-13	34.2-35.8	33.9	456(+2)					晴		17.0	5.0	10.0	3.7	1.0	6	55.0	良	**	**		ジャスティンミラノ																																																									
2021105898	2024-05-26	2東京12		11.0	東京優駿(GI)								ルメール		芝2400				2:25.0	0.7		10-11-14-13	36.3-33.8	33.2	458(+2)				3000.0	晴		17.0	1.0	2.0	4.5	2.0	5	55.0	良	**	**		ダノンデサイル																																																									
2021105898	2024-09-15	3中京4		11.0	関西TVローズS(GII)								ルメール		芝2000				2:00.3	0.4		15-15-15-15	36.1-35.6	33.1	468(+10)				520.0	曇		15.0	8.0	15.0	1.7	1.0	5	55.0	稍	**	**		クイーンズウォーク																																																									
2021105898	2024-11-10	6京都4		11.0	エリザベス女王杯(GI)								ルメール		芝2200				2:11.6	0.5		8-8-10-9	35.2-34.4	34.1	472(+4)				1300.0	曇		17.0	4.0	7.0	1.9	1.0	5	54.0	良	**	**		スタニングローズ																																																									
2021105898	2024-12-22	5中山8		11.0	有馬記念(GI)								戸崎圭太		芝2500				2:31.8	0.0		6-5-5-3	31.4-35.2	34.9	468(-4)				50340.2	晴		15.0	4.0	8.0	10.9	5.0	1	54.0	良	**	**		(シャフリヤール)																																																									
2021105898	2025-06-15	3阪神4		11.0	宝塚記念(GI)								戸崎圭太		芝2200				2:12.6	1.5		8-8-6-5	34.8-36.0	37.0	478(+10)					晴		17.0	8.0	17.0	4.9	2.0	11	56.0	稍	**	**		メイショウタバル																																																									
2021105898	2025-09-21	4中山7		11.0	産経賞オールカマー(GII)								戸崎圭太		芝2200				2:10.2	-0.2		8-8-6-6	35.1-34.5	34.0	472(-6)				6777.0	曇		11.0	4.0	4.0	3.3	1.0	1	57.0	良	**	**		(ドゥラドーレス)																																																									
2021105898	2025-11-16	4京都4		11.0	エリザベス女王杯(GI)								戸崎圭太		芝2200				2:11.0	-0.3		9-10-10-8	35.4-34.9	34.2	480(+8)				13348.6	晴		16.0	4.0	7.0	2.3	1.0	1	56.0	良	**	**		(パラディレーヌ)																																																									
2021105898	2025-12-28	5中山8		11.0	有馬記念(GI)								ルメール		芝2500				2:31.7	0.2		14-14-15-12	29.7-35.6	34.6	482(+2)				7500.0	晴		16.0	3.0	5.0	3.3	1.0	4	56.0	良	**	**		ミュージアムマイル																																																									
2021105965	2023-08-20	3新潟4		5.0	2歳新馬								津村明秀		芝1800				1:52.5	2.6		10-9	36.5-34.8	36.7	526(0)					晴		16.0	4.0	8.0	3.8	2.0	12	55.0	良	**	**		アドマイヤベル																																																									
2021105965	2023-12-16	5中山5		3.0	2歳未勝利								マーカン		ダ1800				1:55.3	0.4		3-2-2-2	37.0-40.3	40.7	542(+16)				220.0	晴		16.0	5.0	10.0	2.7	1.0	2	56.0	稍	**	**		クラウンシエンタ																																																									
2021105965	2024-01-07	1中山2		3.0	3歳未勝利								横山武史		ダ1800				1:58.9	1.2		2-2-1-1	37.7-40.6	41.8	542(0)					曇		15.0	5.0	9.0	1.2	1.0	6	57.0	良	**	**		ウインイメル																																																									
2021105965	2024-04-21	2東京2		2.0	3歳未勝利								戸崎圭太		ダ1600				1:39.5	0.4		8-8	35.6-38.4	37.1	540(-2)				83.0	晴		16.0	7.0	13.0	4.6	3.0	4	57.0	良	**	**		ロサンゼルス																																																									
2021105965	2024-05-05	2東京6		2.0	3歳未勝利								川田将雅		ダ1400				1:26.3	-0.2		3-3	36.1-37.9	37.8	534(-6)				550.0	晴		16.0	8.0	15.0	2.4	2.0	1	57.0	良	**	**		(バスターウルフ)																																																									
2021105965	2024-05-26	2東京12		5.0	3歳1勝クラス								川田将雅		ダ1400				1:26.2	1.5		4-3	35.8-36.5	37.7	532(-2)					晴		16.0	1.0	1.0	7.9	5.0	13	57.0	良	**	**		クインズデネブ																																																									
2021105965	2024-10-05	4東京1		7.0	3歳以上1勝クラス								戸崎圭太		ダ1400				1:24.2	0.7		4-4	35.2-35.9	36.2	520(-12)				80.0	小雨		16.0	6.0	11.0	32.7	9.0	5	56.0	重	**	**		ビートエモーション																																																									
2021105965	2024-11-30	5中山1		7.0	3歳以上1勝クラス								戸崎圭太		ダ1200				1:11.8	-0.1		7-7	34.9-36.9	36.2	520(0)				800.0	晴		16.0	1.0	2.0	5.6	3.0	1	57.0	稍	**	**		(ルージュアズライト)																																																									
2021105965	2024-12-22	5中山8		8.0	冬至特別(2勝クラス)								戸崎圭太		ダ1200				1:12.3	0.7		10-10	33.6-38.0	38.0	528(+8)					晴		16.0	4.0	7.0	6.3	5.0	6	57.0	良	**	**		ロードフロンティア																																																									
2021105965	2025-03-06	川崎		11.0	ブルートシュタインチ(A2B1)								戸崎圭太		ダ1500								30.6-39.3		525(-3)					曇		13.0	6.0	10.0	2.6	1.0	中	57.0	不	**	**		バルミュゼット																																																									
2021105965	2025-05-04	2東京4		12.0	4歳以上2勝クラス								原優介		ダ1300				1:18.5	1.6		5-6	29.4-35.9	36.6	522(-3)					晴		16.0	5.0	9.0	54.7	10.0	12	58.0	稍	**	**		キュムロンニンバス																																																									
2021105965	2025-06-15	高知		3.0	C1ー5								岡村卓弥		ダ1400				1:29.9	0.9		2-2-2-2		40.6	528(+6)				13.5	晴		9.0	5.0	5.0	5.6	3.0	4	57.0	不	**	**		ケイアイメープル																																																									
2021105965	2025-06-29	高知		4.0	C1ー4								城野慈尚		ダ1300				1:23.0	0.0		3-5-5-3		38.2	517(-11)				90.0	晴		12.0	6.0	7.0	4.2	3.0	1	56.0	稍	**	**		(メトゥス)																																																									
2021105965	2025-07-13	高知		11.0	安芸の野良時計特別(C1)								仲原大生		ダ1600				1:49.2	3.7		2-3-3-5		41.2	521(+4)					曇		7.0	2.0	2.0	7.5	4.0	7	57.0	不	**	**		デルマアズラエル																																																									
2021105965	2025-07-27	高知		4.0	C1ー3								郷間勇太		ダ1400				1:30.9	1.0		7-7-4-4		39.1	519(-2)				22.5	晴		11.0	2.0	2.0	6.3	3.0	3	57.0	稍	**	**		ラプラス																																																									
2021105965	2025-09-07	高知		10.0	琴ヶ浜特別(C1)								吉原寛人		ダ1600				1:45.1	-0.4		3-3-3-1		38.6	523(+4)				120.0	晴		10.0	3.0	3.0	9.2	4.0	1	57.0	重	**	**		(ヴアーサ)																																																									
2021105965	2025-09-27	高知		9.0	Bー2								岡村卓弥		ダ1400				1:34.3	3.5		4-3-3-6		41.9	529(+6)					曇		10.0	7.0	7.0	12.9	4.0	10	57.0	不	**	**		ビオグラフィア																																																									
2021105965	2025-10-11	高知		10.0	Bー2								岡村卓弥		ダ1600				1:49.7	3.6		4-4-3-4		42.7	522(-7)					雨		8.0	4.0	4.0	9.6	4.0	7	57.0	稍	**	**		ローズボウル																																																									
2021105965	2025-10-25	高知		4.0	Bー2								永森大智		ダ1300				1:24.1	1.8		10-10-10-8		37.7	526(+4)					曇		10.0	7.0	7.0	104.7	7.0	7	57.0	不	**	**		ピンシャン																																																									
2021105965	2025-11-08	高知		4.0	Bー2								石本純也		ダ1400				1:33.1	2.5		10-10-9-9		39.7	534(+8)					晴		11.0	1.0	1.0	22.8	4.0	8	57.0	稍	**	**		ディサーニング																																																									
2021105973	2023-07-01	2函館1		6.0	2歳新馬								北村友一		ダ1000				1:00.2	0.8		2-2	36.9-34.7	35.3	432(0)				180.0	晴		6.0	4.0	4.0	3.2	2.0	3	55.0	重	**	**		ナスティウェザー																																																									
2021105973	2023-07-23	1札幌2		1.0	2歳未勝利								北村友一		ダ1000				1:00.8	0.7		4-4	35.9-36.1	36.3	436(+4)				140.0	晴		8.0	1.0	1.0	6.0	2.0	3	55.0	良	**	**		アルジェンタージョ																																																									
2021105973	2023-08-26	2札幌5		1.0	2歳未勝利								モレイラ		芝1200				1:10.6	0.4		2-2	34.2-36.0	36.2	436(0)				83.0	晴		11.0	6.0	7.0	9.1	3.0	4	55.0	良	**	**		アンバーニードル																																																									
2021105973	2023-09-17	4阪神4		2.0	2歳未勝利								モレイラ		ダ1200				1:15.2	0.9		2-2	35.1-39.2	39.8	436(0)					晴		12.0	6.0	8.0	5.7	2.0	9	55.0	良	**	**		エフエイト																																																									
2021105973	2023-10-15	4新潟2		2.0	2歳未勝利								永島まな		ダ1200				1:12.3	0.0		5-5	33.2-39.1	37.0	444(+8)				550.0	小雨		11.0	1.0	1.0	7.9	4.0	1	52.0	良	**	**		(ロードフロンティア)																																																									
2021105973	2023-11-01	門別		11.0	エーデルワイス賞(JpnIII)								北村友一		ダ1200				1:14.7	1.6		11-11		38.5	450(+6)					雨		14.0	1.0	1.0	10.8	5.0	9	54.0	重	**	**		モズミギカタアガリ																																																									
2021105973	2024-04-27	2東京3		6.0	3歳1勝クラス								田辺裕信		芝1600				1:34.8	0.7		8-6	35.0-34.8	34.5	440(-10)				78.0	曇		9.0	2.0	2.0	39.7	6.0	5	55.0	良	**	**		ダノンキラウェア																																																									
2021105973	2024-05-19	2東京10		5.0	3歳1勝クラス								川又賢治		芝1600				1:35.2	0.8		6-6	36.6-33.8	34.0	440(0)					曇		11.0	7.0	8.0	196.1	11.0	8	55.0	良	**	**		レガーロデルシエロ																																																									
2021105973	2024-07-21	1札幌2		12.0	3歳以上1勝クラス								川又賢治		芝1500				1:28.0	0.7		13-13-12	28.4-35.7	34.5	450(+10)					晴		14.0	3.0	4.0	50.7	13.0	8	53.0	良	**	**		ルージュイストリア																																																									
2021105973	2024-08-11	2札幌2		7.0	3歳以上1勝クラス								川又賢治		芝1500				1:28.8	1.3		6-6-9	28.6-35.2	35.8	448(-2)					晴		14.0	5.0	7.0	152.0	13.0	11	53.0	良	**	**		ラーンザロープス																																																									
2021105973	2024-10-12	4新潟3		12.0	3歳以上1勝クラス								永島まな		ダ1200				1:12.5	0.6		14-14	34.6-37.3	36.3	464(+16)				80.0	晴		14.0	7.0	12.0	21.1	8.0	5	53.0	良	**	**		クリニエールグラス																																																									
2021105973	2024-10-26	4新潟7		8.0	3歳以上1勝クラス								永島まな		ダ1200				1:11.7	0.4		10-10	34.0-37.3	35.9	460(-4)				320.0	晴		10.0	1.0	1.0	22.3	7.0	2	53.0	良	**	**		ストームバンガード																																																									
2021105973	2024-12-01	7京都2		7.0	3歳以上1勝クラス								川端海翼		ダ1200				1:13.0	0.3		13-12	35.8-36.9	36.0	460(0)				120.0	晴		14.0	8.0	13.0	6.5	2.0	4	52.0	良	**	**		モイラ																																																									
2021105973	2024-12-22	7京都8		7.0	3歳以上1勝クラス								川端海翼		ダ1200				1:13.0	0.1		16-15	35.5-37.4	35.9	462(+2)				200.0	晴		16.0	3.0	5.0	13.6	5.0	3	52.0	良	**	**		ヤマカツパトリシア																																																									
2021105973	2025-01-26	1小倉2		12.0	4歳以上1勝クラス								川端海翼		ダ1700				1:46.7	0.8		11-11-10-10	31.6-37.0	36.8	454(-8)				80.0	晴		11.0	4.0	4.0	7.5	4.0	5	52.0	良	**	**		ドッビアーコ																																																									
2021105973	2025-02-09	1小倉6		7.0	4歳以上1勝クラス								荻野極		ダ1700				1:46.7	0.0		5-5-3-3	30.4-38.3	38.1	458(+4)				800.0	晴		13.0	1.0	1.0	5.4	3.0	1	55.0	稍	**	**		(ステラスプレンダー)																																																									
2021105973	2025-04-12	3中山5		12.0	4歳以上2勝クラス								田辺裕信		ダ1200				1:12.0	1.1		11-13	34.4-36.5	36.5	458(0)					晴		16.0	8.0	15.0	15.9	7.0	15	56.0	良	**	**		オーブルクール																																																									
2021105973	2025-05-10	2京都5		12.0	4歳以上2勝クラス								荻野極		ダ1800				1:52.7	1.9		4-3-4-3	35.8-36.4	38.0	460(+2)					曇		10.0	1.0	1.0	38.7	7.0	8	56.0	重	**	**		リトルハピ																																																									
2021105973	2025-05-24	2京都9		12.0	オーストラリアT(2勝クラス)								浜中俊		ダ1400				1:23.1	1.3		9-9	34.8-35.2	35.5	458(-2)					雨		13.0	1.0	1.0	66.6	11.0	11	56.0	稍	**	**		プロミシングスター																																																									
2021105973	2025-06-29	2小倉2		10.0	西部日刊スポーツ杯(2勝クラス)								永島まな		ダ1700				1:46.7	1.1		11-11-11-10	29.9-37.6	37.7	466(+8)					晴		15.0	8.0	15.0	34.5	10.0	8	56.0	良	**	**		メイショウフウドウ																																																									
2021105973	2025-07-12	2小倉5		10.0	八女特別(2勝クラス)								永島まな		ダ1700				1:47.6	0.2		13-13-12-11	30.0-39.5	38.6	460(-6)				628.0	晴		13.0	4.0	4.0	23.9	9.0	2	56.0	良	**	**		ルフトクス																																																									
2021105973	2025-08-09	2新潟5		10.0	3歳以上2勝クラス								荻野極		ダ1200				1:11.9	1.5		11-11	34.3-36.1	35.9	462(+2)				114.0	晴		15.0	7.0	13.0	26.8	8.0	5	56.0	良	**	**		ドラゴンウェルズ																																																									
2021105973	2025-10-05	3京都2		8.0	3歳以上2勝クラス								藤岡佑介		ダ1400				1:23.6	1.0		11-11	33.8-37.0	36.3	474(+12)					曇		16.0	6.0	11.0	39.1	9.0	6	56.0	重	**	**		タマモティーカップ																																																									
2021105973	2025-10-18	3京都6		9.0	3歳以上2勝クラス								藤岡佑介		ダ1400				1:23.5	0.4		8-7	34.8-36.2	36.0	474(0)				460.0	曇		12.0	8.0	13.0	9.5	4.0	2	56.0	稍	**	**		ヴェロクオーレ																																																									
2021105973	2025-11-08	4京都1		9.0	亀岡特別(2勝クラス)								藤岡佑介		ダ1400				1:23.8	0.5		14-14	33.8-37.7	36.4	472(-2)				395.1	晴		16.0	7.0	14.0	24.4	7.0	3	56.0	良	**	**		ジャスパーバローズ																																																									
2021105973	2025-12-06	5中京1		10.0	中京日経賞(2勝クラス)								藤岡佑介		ダ1200				1:11.3	0.4		12-11	34.8-36.1	34.9	474(+2)				630.4	晴		13.0	8.0	12.0	13.7	3.0	2	56.0	良	**	**		ゼットエール																																																									
2021105973	2026-01-18	1京都7		9.0	小倉山特別(2勝クラス)								藤岡佑介		ダ1400				1:25.1	0.5		10-9	34.6-37.5	37.2	482(+8)																																																													晴		16.0	7.0	13.0	7.6	3.0	6	56.0	良	**	**		トゥロン	202608010709
2021105985	2023-10-28	4東京8		5.0	2歳新馬								幸英明		芝1600				1:35.3	0.6		7-7	36.1-34.1	34.0	416(0)																																															晴		13.0	8.0	13.0	60.2	9.0	6	55.0	良	**	**		ショウナンラピダス															
2021105985	2024-01-28	1小倉6		6.0	3歳未勝利								菱田裕二		芝2000				2:04.2	1.1		3-3-3-2	36.2-35.4	36.4	414(-2)																																															小雨		15.0	6.0	10.0	11.6	6.0	7	55.0	良	**	**		グラヴィス															
2021105985	2024-04-27	3京都3		4.0	3歳未勝利								菱田裕二		芝1600				1:34.9	1.9		9-9	34.1-35.2	35.8	402(-12)																																															曇		17.0	6.0	12.0	263.8	14.0	11	55.0	良	**	**		ニックオブタイム															
2021105985	2024-06-16	1函館4		1.0	3歳未勝利								大野拓弥		ダ1700				1:50.6	3.9		9-8-11-10	29.8-37.3	39.9	404(+2)																																															曇		14.0	7.0	11.0	195.6	13.0	13	55.0	良	**	**		タマモプルメリア															
2021105985	2024-07-20	3小倉7		2.0	3歳未勝利								西塚洸二		芝1800				1:49.3	0.4		6-8-7-6	35.3-38.2	38.0	404(0)				55.0																																											曇		16.0	7.0	13.0	177.9	14.0	5	54.0	稍	**	**		ナムライリス															
2021105985	2024-08-11	2中京2		3.0	3歳未勝利								国分恭介		芝2000				1:59.1	0.5		7-7-6-5	34.9-35.7	35.6	408(+4)				83.0																																											晴		18.0	7.0	13.0	69.8	12.0	4	55.0	良	**	**		レディーヴァリュー															
2021105985	2024-08-24	2中京5		7.0	3歳未勝利								国分恭介		芝2000				1:59.9	0.3		2-2-3-3	36.0-35.4	35.4	404(-4)				220.0																																											晴		18.0	7.0	15.0	14.8	5.0	2	55.0	良	**	**		エコテーラー															
2021105985	2024-09-01	2中京8		6.0	3歳未勝利								国分恭介		芝2000				2:02.5	1.8		4-4-9-7	36.3-36.3	37.4	406(+2)																																															曇		18.0	1.0	2.0	8.7	4.0	13	55.0	重	**	**		オメガナビゲーター															
2021105985	2024-11-03	3福島2		7.0	3歳以上1勝クラス								国分恭介		芝2600				2:46.0	1.9		8-8-12-12	38.3-36.5	37.3	412(+6)																																															晴		14.0	6.0	9.0	44.8	13.0	10	54.0	稍	**	**		ルージュクライト															
2021105985	2025-02-22	1小倉9		12.0	4歳以上1勝クラス								菊沢一樹		芝2000				2:02.0	2.4		1-1-3-5	35.6-35.0	37.2	416(+4)																																															晴		16.0	1.0	1.0	95.3	12.0	16	55.0	良	**	**		マイネルフランツ															
2021105985	2025-04-12	1福島1		8.0	4歳以上1勝クラス								川端海翼		芝2600				2:40.1	0.5		2-2-2-2	37.4-36.6	36.4	422(+6)				80.0																																											曇		16.0	4.0	8.0	132.0	14.0	5	53.0	良	**	**		カエルム															
2021105985	2025-05-03	2京都3		7.0	4歳以上1勝クラス								渡辺竜也		芝2200				2:15.3	0.5		1-1-1-1	37.3-34.0	34.5	418(-4)				120.0																																											晴		8.0	5.0	5.0	5.2	3.0	4	56.0	稍	**	**		ロードオールライト															
2021105985	2025-08-03	3中京4		11.0	3歳以上1勝クラス								幸英明		芝2200				2:13.5	0.9		1-1-1-1	37.1-34.4	35.3	410(-8)																																															晴		8.0	6.0	6.0	14.4	5.0	7	56.0	良	**	**		サトノソティラス															
2021105985	2025-09-13	4阪神3		8.0	生田特別(1勝クラス)								松若風馬		芝2400				2:25.9	0.2		1-1-2-2	38.3-34.5	34.7	416(+6)				282.6																																											曇		6.0	5.0	5.0	23.9	5.0	3	56.0	良	**	**		コーチェラバレー															
2021105985	2025-10-12	3京都4		7.0	3歳以上1勝クラス								松若風馬		芝2400				2:26.8	0.4		2-2-2-2	35.9-34.1	34.4	426(+10)																																															小雨		13.0	5.0	6.0	20.6	8.0	7	56.0	良	**	**		ランツフート															
2021105985	2025-11-23	4京都6		7.0	3歳以上1勝クラス								松若風馬		芝2400				2:25.2	1.3		1-1-1-2	34.4-34.5	35.8	422(-4)																																															晴		18.0	3.0	5.0	54.4	12.0	12	56.0	良	**	**		ウインデイジー															
2021106066	2023-12-16	4中京5		5.0	2歳新馬								河原田菜		ダ1800				1:54.7	-0.9		1-1-1-1	37.8-36.6	36.6	466(0)				720.0																													曇		12.0	8.0	12.0	91.6	11.0	1	52.0	重	**	**		(タニセンドリーム)																													
2021106066	2024-01-07	1中山2		7.0	3歳1勝クラス								小林勝太		ダ1800				1:58.1	3.3		3-3-3-3	36.8-39.9	42.9	460(-6)																																	曇		13.0	4.0	5.0	24.5	8.0	12	54.0	良	**	**		アラレタバシル																													
2021106066	2024-07-14	2福島6		12.0	3歳以上1勝クラス								吉田豊		ダ1700				1:47.7	1.2		3-3-5-5	31.0-37.6	38.3	462(+2)																																	小雨		15.0	4.0	6.0	51.2	9.0	6	55.0	稍	**	**		ロジアデレード																													
2021106066	2024-10-20	4東京6		8.0	3歳以上1勝クラス								吉田豊		ダ1600				1:38.9	0.8		3-3	36.3-37.0	37.5	468(+6)				120.0																													晴		12.0	7.0	10.0	7.9	3.0	4	56.0	良	**	**		ピコニ																													
2021106066	2024-11-16	5東京5		7.0	3歳以上1勝クラス								ルメール		ダ1600				1:37.8	0.5		1-1	35.1-37.4	37.9	466(-2)																																	曇		16.0	5.0	9.0	13.6	7.0	6	57.0	良	**	**		ミラーオブマインド																													
2021106066	2024-12-08	4中京4		8.0	3歳以上1勝クラス								河原田菜		ダ1400				1:26.3	0.8		2-2	34.3-38.9	39.7	466(0)				80.0																													晴		16.0	3.0	5.0	4.2	3.0	5	53.0	良	**	**		エチャケナ																													
2021106066	2025-03-16	2中京2		12.0	4歳以上1勝クラス								武豊		ダ1400				1:24.9	1.5		1-1	34.5-36.8	38.3	460(-6)																																	小雨		16.0	5.0	10.0	5.7	3.0	12	58.0	重	**	**		クレイヴィンオナー																													
2021106066	2025-04-20	1福島4		8.0	4歳以上1勝クラス								松本大輝		ダ1700				1:48.4	1.4		4-4-5-5	30.2-37.8	38.8	462(+2)																																	曇		15.0	5.0	9.0	15.9	7.0	7	57.0	良	**	**		パープルナイト																													
2021106066	2025-06-07	3東京1		12.0	3歳以上1勝クラス								大野拓弥		ダ1600				1:37.3	0.6		6-5	34.9-37.4	37.1	458(-4)				80.0																													曇		15.0	2.0	3.0	46.6	9.0	5	58.0	良	**	**		ロッシニアーナ																													
2021106066	2025-06-22	3東京6		12.0	3歳以上1勝クラス								吉田豊		ダ1400				1:24.5	0.7		11-10	34.6-37.1	36.6	452(-6)																																	晴		16.0	8.0	15.0	18.5	8.0	6	58.0	良	**	**		フウセツ																													
2021106066	2025-11-02	4東京11		6.0	3歳以上1勝クラス								大野拓弥		ダ1400				1:24.5	0.9		3-3	35.9-35.8	36.4	456(+4)				80.0																													曇		16.0	6.0	11.0	26.1	9.0	5	58.0	重	**	**		アンクエンチャブル																													
2021106066	2025-11-30	5東京8		7.0	3歳以上1勝クラス								坂井瑠星		ダ1400				1:25.3	0.5		4-4	35.3-37.4	37.3	462(+6)				200.0																													晴		16.0	7.0	14.0	10.3	4.0	3	58.0	良	**	**		フィーチャリング																													
2021106066	2025-12-28	5中山8		7.0	3歳以上1勝クラス								坂井瑠星		ダ1200				1:12.8	0.8		5-5	34.4-37.6	37.8	470(+8)				120.0																													晴		16.0	3.0	5.0	4.1	2.0	4	58.0	良	**	**		タイセイルヴァン																													
2021106066	2026-01-17	1中山6		6.0	4歳以上1勝クラス								戸崎圭太		ダ1200				1:11.9	-0.1		5-5	34.3-37.6	37.2	470(0)				820.0																													晴		16.0	5.0	9.0	4.3	1.0	1	58.0	良				(アツキヤマト)																													
2021106078	2024-02-24	2中山1		3.0	3歳未勝利								横山琉人		ダ1200				1:13.7	2.4		15-15	34.5-36.8	37.4	458(0)																																															晴		16.0	2.0	3.0	309.7	15.0	12	56.0	稍	**	**		レヴィテーション															
2021106078	2024-03-31	3中山4		2.0	3歳未勝利								横山琉人		ダ1200				1:14.7	2.9		13-13	34.6-37.2	38.0	460(+2)																																															晴		16.0	1.0	1.0	324.3	15.0	11	56.0	稍	**	**		ノーブルゲイル															
2021106078	2024-08-11	2札幌2		3.0	3歳未勝利								丹内祐次		ダ1700				1:48.1	2.0		9-9-9-7	29.7-39.0	39.1	458(-2)				55.0																																											晴		14.0	3.0	4.0	157.9	10.0	5	57.0	良	**	**		キングブルー															
2021106078	2024-08-25	3新潟6		2.0	3歳未勝利								岩田康誠		ダ1800				1:56.5	1.9		10-11-11-11	36.9-38.5	39.5	458(0)																																															曇		15.0	6.0	10.0	72.2	11.0	9	57.0	良	**	**		ウヌボレヤサン															
2021106078	2024-09-22	佐賀		6.0	KYUSHUDREA(3歳)								青海大樹		ダ1400				1:29.7	-1.2		3-3-3-1		37.5	468(+10)				43.0																																											曇		8.0	2.0	2.0	1.7	1.0	1	54.0	不	**	**		(ナムラベロニカ)															
2021106078	2024-10-12	佐賀		6.0	C2ー17組								青海大樹		ダ1400				1:33.8	-0.5		4-3-4-2		38.4	473(+5)				40.0																																											晴		10.0	1.0	1.0	1.6	1.0	1	55.0	良	**	**		(カイマナエレエレ)															
2021106078	2024-11-09	佐賀		8.0	C2ー10組								山田義貴		ダ1400				1:31.7	-0.1		6-6-4-2		39.0	479(+6)				40.0																																											曇		12.0	3.0	3.0	1.6	1.0	1	55.0	良	**	**		(ヴェストラン)															
2021106078	2024-11-23	佐賀		6.0	C2ー5組								石川倭		ダ1400				1:31.4	0.5		12-9-5-2		38.1	479(0)				12.8																																											曇		12.0	7.0	9.0	1.2	1.0	2	56.0	良	**	**		サンスイレン															
2021106078	2024-12-07	佐賀		11.0	ケフェウス座特選(C2)								石川倭		ダ1400				1:30.6	-0.2		7-6-4-2		39.0	482(+3)				45.0																																											晴		12.0	4.0	4.0	1.3	1.0	1	56.0	良	**	**		(コステロアスール)															
2021106078	2024-12-21	佐賀		6.0	C1ー10組								石川倭		ダ1300				1:24.5	-0.1		6-5-4-1		37.9	483(+1)				42.0																																											曇		11.0	6.0	7.0	1.2	1.0	1	56.0	稍	**	**		(バイコーン)															
2021106078	2025-01-06	佐賀		10.0	ジャニュアリー特選(C1)								石川倭		ダ1860				2:03.8	-0.6		4-4-1-1		39.0	485(+2)				55.0																																											曇		12.0	7.0	10.0	1.6	1.0	1	56.0	稍	**	**		(ロッソ)															
2021106078	2025-02-01	佐賀		11.0	フェブラリー特選(C1)								石川倭		ダ1750				1:59.8	-0.6		6-4-4-1		38.9	483(-2)				55.0																																											雨		11.0	4.0	4.0	1.3	1.0	1	56.0	不	**	**		(ミカヅキ)															
2021106078	2025-02-16	佐賀		6.0	向春特別(B)								山田義貴		ダ1750				1:56.8	-0.3		6-6-4-2		37.9	483(0)				80.0																																											晴		9.0	7.0	7.0	4.0	3.0	1	56.0	不	**	**		(カシノルーカス)															
2021106078	2025-03-01	佐賀		4.0	春望賞(B)								山田義貴		ダ1860				2:07.2	-0.3		4-4-3-1		37.2	482(-1)				100.0																																											曇		10.0	8.0	10.0	1.1	1.0	1	56.0	良	**	**		(ダンツトレント)															
2021106078	2025-12-06	5中京1		6.0	3歳以上1勝クラス								城戸義政		ダ1900				2:02.4	2.2		9-9-9-11	30.8-37.8	39.2	478(-4)																																															晴		16.0	4.0	8.0	121.0	12.0	10	58.0	良	**	**		スマートシーカー															
2021106078	2025-12-21	5中京6		3.0	3歳以上1勝クラス								城戸義政		ダ1800				1:54.4	1.3		9-10-12-12	37.0-38.4	38.5	472(-6)																																															雨		16.0	6.0	12.0	289.9	15.0	10	58.0	稍	**	**		ゼンエスポワール															
2021106078	2026-01-12	1京都5		8.0	4歳以上1勝クラス								城戸義政		ダ1900				2:01.6	1.3		8-8-9-9	30.7-37.5	38.2	470(-2)																																															晴		15.0	5.0	9.0	341.8	15.0	10	58.0	良	**	**		グレイルクエスト															
2021106102	2023-06-25	3東京8		5.0	2歳新馬								原優介		芝1600				1:37.4	0.6		7-7	36.9-34.3	34.3	440(0)																																															晴		16.0	5.0	9.0	6.8	4.0	7	53.0	良	**	**		トーセンクライネ															
2021106102	2023-07-16	2福島6		2.0	2歳未勝利								Ｍ．デム		芝1800				1:52.5	1.0		4-3-3-2	36.3-37.4	38.2	446(+6)																																															晴		13.0	5.0	7.0	6.6	4.0	7	55.0	良	**	**		ロジルーラー															
2021106102	2023-10-22	4東京7		2.0	2歳未勝利								菅原明良		芝1600				1:35.7	0.3		5-5	36.2-34.3	34.0	452(+6)				220.0																																											晴		11.0	6.0	6.0	13.8	6.0	2	56.0	良	**	**		ドリーミングアップ															
2021106102	2023-11-11	5東京3		2.0	2歳未勝利								菅原明良		芝1600				1:35.6	0.8		4-4	36.9-33.6	33.8	454(+2)				140.0																																											曇		8.0	8.0	8.0	3.1	2.0	3	56.0	良	**	**		エコロブルーム															
2021106102	2024-01-28	1東京2		6.0	3歳未勝利								戸崎圭太		芝1600				1:33.6	-0.1		4-4	35.3-34.6	34.1	464(+10)				550.0																																											曇		16.0	1.0	1.0	4.7	3.0	1	57.0	良	**	**		(ホウオウシェリー)															
2021106102	2024-02-18	1東京8		5.0	3歳1勝クラス								菅原明良		芝1600				1:36.2	0.5		2-2	36.2-34.0	34.4	456(-8)																																															晴		12.0	6.0	8.0	10.5	5.0	7	57.0	良	**	**		ポッドテオ															
2021106102	2024-03-16	2中山7		6.0	3歳1勝クラス								菅原明良		芝1600				1:35.6	0.8		6-6-6	35.1-35.3	35.3	460(+4)																																															晴		9.0	4.0	4.0	18.5	7.0	7	57.0	良	**	**		ユキノロイヤル															
2021106102	2025-05-24	2東京9		7.0	4歳以上1勝クラス								菅原明良		芝1600				1:35.5	1.0		5-6	35.7-33.9	34.3	464(+4)																																															曇		13.0	8.0	12.0	33.8	9.0	11	58.0	良	**	**		アームテイル															
2021106102	2025-06-22	3東京6		8.0	3歳以上1勝クラス								石橋脩		芝1600				1:35.5	1.6		10-9	34.5-36.1	36.7	468(+4)																																															晴		15.0	5.0	8.0	131.3	13.0	14	58.0	良	**	**		マイネルフォルツァ															
2021106102	2025-08-30	3新潟3		9.0	新発田城特別(1勝クラス)								菅原明良		芝1400				1:22.1	1.4		16-17	34.1-35.0	34.8	464(-4)																																															晴		18.0	4.0	8.0	95.3	12.0	10	58.0	良	**	**		ポッドロワール															
2021106102	2025-09-20	4中山6		7.0	3歳以上1勝クラス								菅原明良		芝2000				2:01.8	1.3		12-12-14-11	35.9-35.0	35.1	466(+2)																																															曇		18.0	2.0	3.0	156.9	14.0	13	58.0	良	**	**		レイヤードレッド															
2021106102	2025-12-21	5中京6		8.0	3歳以上1勝クラス								菊沢一樹		芝1600				1:36.3	0.5		9-13-11	35.9-36.3	35.2	472(+6)																																															雨		16.0	7.0	14.0	164.0	15.0	7	58.0	稍	**	**		ミトノオルフェ															
2021106119	2023-09-10	4中山2		3.0	2歳新馬								大野拓弥		ダ1800				1:58.2	1.8		1-1-2-4	37.4-39.7	41.5	462(0)																																	晴		16.0	2.0	3.0	7.0	3.0	8	55.0	稍	**	**		ネオシルバー																													
2021106119	2023-10-08	4東京2		1.0	2歳未勝利								大野拓弥		ダ1400				1:28.1	0.6		12-12	37.0-37.4	36.8	470(+8)																																	曇		16.0	3.0	5.0	12.6	6.0	6	56.0	良	**	**		アイウィルビー																													
2021106119	2024-01-14	1中山5		1.0	3歳未勝利								大野拓弥		ダ1200				1:13.1	0.1		5-6	34.7-38.3	37.9	476(+6)				140.0																													晴		15.0	6.0	12.0	9.6	5.0	3	57.0	稍	**	**		ヘルメース																													
2021106119	2024-02-04	1東京4		1.0	3歳未勝利								大野拓弥		ダ1400				1:27.4	1.4		9-7	36.4-37.1	37.5	482(+6)				83.0																													小雨		16.0	8.0	16.0	8.0	4.0	4	57.0	良	**	**		イサチルカゼニタツ																													
2021106119	2024-02-25	2中山2		2.0	3歳未勝利								大野拓弥		ダ1200				1:12.1	-0.3		2-2	34.5-37.6	37.5	482(0)				550.0																													小雨		16.0	5.0	10.0	3.4	1.0	1	57.0	稍	**	**		(ニシノジーク)																													
2021106119	2024-06-01	3東京1		12.0	3歳以上1勝クラス								大野拓弥		ダ1400				1:24.9	0.6		8-6	35.9-35.9	36.0	470(-12)																																	晴		16.0	5.0	9.0	57.6	10.0	8	55.0	重	**	**		ランタナヒルズ																													
2021106119	2024-07-13	2福島5		7.0	3歳以上1勝クラス								石田拓郎		ダ1150				1:08.5	0.4		14-11	31.5-36.6	35.9	470(0)				80.0																													晴		16.0	1.0	2.0	24.8	7.0	5	52.0	稍	**	**		ヨーカイディスコ																													
2021106119	2024-08-11	3新潟2		12.0	3歳以上1勝クラス								石田拓郎		ダ1200				1:13.0	1.6		14-12	34.4-37.0	37.1	480(+10)																																	晴		15.0	4.0	6.0	10.1	4.0	8	53.0	良	**	**		サフランヒーロー																													
2021106119	2024-09-28	4中山8		8.0	3歳以上1勝クラス								大野拓弥		ダ1200				1:11.9	0.5		10-11	33.9-37.5	36.8	472(-8)																																	曇		16.0	5.0	9.0	8.4	5.0	6	56.0	良	**	**		ヒストリアイ																													
2021106119	2024-10-14	4新潟4		8.0	3歳以上1勝クラス								大野拓弥		ダ1200				1:11.6	0.4		4-3	34.4-36.8	36.5	476(+4)				200.0																													晴		8.0	4.0	4.0	8.9	5.0	3	57.0	良	**	**		テイエムヒショウ																													
2021106119	2024-10-26	4新潟7		8.0	3歳以上1勝クラス								大野拓弥		ダ1200				1:11.9	0.6		8-6	34.0-37.3	37.0	478(+2)				80.0																													晴		10.0	2.0	2.0	9.7	5.0	5	57.0	良	**	**		ストームバンガード																													
2021106119	2024-12-28	5中山9		8.0	3歳以上1勝クラス								大野拓弥		ダ1200				1:12.7	0.2		6-5	34.7-37.8	37.5	486(+8)				200.0																													晴		16.0	5.0	9.0	4.3	3.0	3	57.0	良	**	**		サンレイマリー																													
2021106119	2025-01-18	1中山6		6.0	4歳以上1勝クラス								大野拓弥		ダ1200				1:12.3	0.2		7-7	34.2-37.9	37.3	488(+2)																																	晴		16.0	3.0	5.0	5.2	3.0	7	58.0	良	**	**		クールソル																													
2021106119	2025-03-09	2中山4		7.0	4歳以上1勝クラス								大野拓弥		ダ1200				1:11.5	0.4		9-8	33.5-37.6	37.3	486(-2)				200.0																													晴		16.0	6.0	12.0	5.3	3.0	3	58.0	重	**	**		アグラード																													
2021106119	2025-03-30	3中山2		8.0	4歳以上1勝クラス								大野拓弥		ダ1200				1:12.3	0.0		4-4	36.0-36.3	35.9	482(-4)				320.0																													晴		16.0	3.0	6.0	7.6	5.0	2	58.0	稍	**	**		セキテイオー																													
2021106119	2025-04-20	3中山8		7.0	4歳以上1勝クラス								大野拓弥		ダ1200				1:13.5	1.8		8-8	34.8-36.9	37.8	482(0)																																	曇		16.0	5.0	9.0	5.1	3.0	13	58.0	良	**	**		エコロエイト																													
2021106119	2025-07-06	2福島4		12.0	3歳以上1勝クラス								大野拓弥		ダ1150				1:09.7	1.9		11-10	31.2-36.6	36.8	474(-8)				120.0																													晴		15.0	6.0	11.0	9.0	6.0	4	58.0	良	**	**		シュヴァルボヌール																													
2021106119	2025-07-26	2新潟1		10.0	3歳以上1勝クラス								大野拓弥		ダ1200				1:12.4	0.8		10-9	34.4-37.2	36.9	480(+6)																																	晴		14.0	6.0	10.0	18.0	6.0	6	58.0	良	**	**		ドナレア																													
2021106119	2025-09-21	4中山7		6.0	3歳以上1勝クラス								大野拓弥		ダ1200				1:11.9	1.2		13-12	33.4-37.3	37.0	480(0)																																	晴		16.0	5.0	10.0	8.9	3.0	6	58.0	良	**	**		チャロ																													
2021106119	2025-10-26	4新潟4		6.0	3歳以上1勝クラス								石田拓郎		ダ1200				1:12.0	1.2		11-11	34.7-36.1	36.1	494(+14)				120.0																													雨		13.0	2.0	2.0	13.3	5.0	4	55.0	稍	**	**		セレジェイラ																													
2021106119	2025-11-15	3福島3		2.0	3歳以上1勝クラス								石田拓郎		ダ1150				1:09.9	0.9		14-16	31.5-37.5	36.9	494(0)																																	晴		16.0	7.0	14.0	22.6	8.0	7	55.0	良	**	**		プレゼンティーア																													
2021106119	2025-12-06	5中山1		7.0	3歳以上1勝クラス								石田拓郎		ダ1200				1:11.2	0.0		4-4	33.9-37.3	36.5	492(-2)				800.0																													曇		16.0	5.0	9.0	15.2	5.0	1	55.0	良	**	**		(ピコテンダー)																													
2021106119	2026-01-04	1中山1		12.0	4歳以上2勝クラス								石田拓郎		ダ1200				1:11.5	0.5		7-6	34.7-36.3	36.2	492(0)				180.0																													晴		16.0	2.0	4.0	15.7	7.0	4	55.0	稍	**	**		スリーピース																													
2021106119	2026-01-17	1中山6		8.0	4歳以上2勝クラス								石田拓郎		ダ1200				1:12.0	0.2		10-10	33.8-38.0	36.7	496(+4)				300.0																													晴		16.0	7.0	14.0	12.2	5.0	3	55.0	良				ゴールドハンマー																													
2021106150	2023-10-01	4阪神9		3.0	2歳新馬								今村聖奈		ダ1200				1:13.9	1.5		3-2	36.4-36.0	37.3	392(0)					曇		13.0	8.0	13.0	71.6	11.0	6	52.0	不	**	**		メイショウホウレン																																																									
2021106150	2023-10-29	4新潟6		2.0	2歳未勝利								今村聖奈		ダ1200				1:11.4	0.2		4-5	34.0-37.2	37.0	392(0)				220.0	小雨		15.0	8.0	15.0	65.8	8.0	2	52.0	不	**	**		グランオルカ																																																									
2021106150	2023-11-26	3京都8		1.0	2歳未勝利								今村聖奈		ダ1200				1:12.5	-0.3		2-2	35.1-37.4	37.3	396(+4)				550.0	曇		16.0	2.0	4.0	10.9	5.0	1	52.0	良	**	**		(サムデイ)																																																									
2021106150	2024-02-25	1阪神2		5.0	3歳1勝クラス								今村聖奈		ダ1200				1:12.0	0.8		3-4	35.3-35.9	36.4	386(-10)				78.0	小雨		10.0	1.0	1.0	37.9	7.0	5	52.0	不	**	**		ネグレスコ																																																									
2021106150	2024-03-24	2阪神2		6.0	3歳1勝クラス								今村聖奈		ダ1200				1:11.4	0.9		2-2	34.6-35.9	36.7	382(-4)				200.0	雨		12.0	7.0	10.0	33.4	10.0	3	52.0	不	**	**		ミライテーラー																																																									
2021106150	2024-10-19	4新潟5		8.0	3歳以上1勝クラス								今村聖奈		ダ1200				1:13.9	2.3		7-7	33.7-37.9	39.6	396(+14)					小雨		12.0	6.0	8.0	5.1	2.0	10	52.0	良	**	**		エブリモーメント																																																									
2021106150	2024-11-17	3福島6		7.0	3歳以上1勝クラス								今村聖奈		ダ1150				1:09.7	0.8		8-6	31.7-37.2	37.0	398(+2)				120.0	晴		16.0	8.0	15.0	19.0	8.0	4	52.0	良	**	**		ブライトルピナス																																																									
2021106150	2024-12-01	7京都2		7.0	3歳以上1勝クラス								今村聖奈		ダ1200				1:12.7	0.0		5-5	35.8-36.9	36.4	400(+2)				200.0	晴		14.0	6.0	9.0	18.0	11.0	3	52.0	良	**	**		モイラ																																																									
2021106150	2024-12-22	7京都8		7.0	3歳以上1勝クラス								今村聖奈		ダ1200				1:12.9	0.0		5-4	35.5-37.4	37.2	396(-4)				320.0	晴		16.0	6.0	11.0	15.3	7.0	2	52.0	良	**	**		ヤマカツパトリシア																																																									
2021106150	2025-03-29	2阪神1		7.0	4歳以上1勝クラス								今村聖奈		ダ1200				1:13.4	0.4		12-10	34.7-38.3	37.2	398(+2)				120.0	晴		16.0	3.0	6.0	5.1	3.0	4	53.0	稍	**	**		フォルテローザ																																																									
2021106150	2025-04-26	1福島5		8.0	4歳以上1勝クラス								今村聖奈		ダ1150				1:09.3	0.1		6-5	31.9-37.3	36.7	392(-6)				320.0	晴		16.0	6.0	12.0	3.2	2.0	2	53.0	良	**	**		ニホンピロトッティ																																																									
2021106150	2025-05-17	1新潟5		12.0	4歳以上1勝クラス								今村聖奈		ダ1200				1:12.4	0.4		10-12	34.5-37.5	37.0	394(+2)					曇		15.0	6.0	10.0	3.9	1.0	8	54.0	稍	**	**		サドル																																																									
2021106150	2025-09-28	4阪神9		6.0	3歳以上1勝クラス								今村聖奈		ダ1200				1:13.0	1.5		7-7	35.1-36.4	37.5	408(+14)					晴		16.0	4.0	8.0	13.8	7.0	11	54.0	良	**	**		ウルスクローム																																																									
2021106150	2025-11-15	3福島3		2.0	3歳以上1勝クラス								今村聖奈		ダ1150				1:10.2	1.2		8-8	31.5-37.5	37.6	402(-6)					晴		16.0	8.0	15.0	13.6	6.0	10	54.0	良	**	**		プレゼンティーア																																																									
2021106191	2023-07-01	3中京1		6.0	2歳新馬								秋山稔樹		ダ1400				1:26.7	1.3		2-2	35.2-37.9	39.0	464(0)				72.0	曇		10.0	5.0	5.0	6.5	4.0	5	54.0	不	**	**		ラムジェット																																																									
2021106191	2023-07-30	2新潟2		1.0	2歳未勝利								秋山稔樹		ダ1200				1:12.5	0.1		1-1	34.6-37.8	37.9	462(-2)				220.0	晴		11.0	3.0	3.0	11.1	5.0	2	54.0	良	**	**		メイプルギャング																																																									
2021106191	2023-08-27	3小倉6		2.0	2歳未勝利								秋山稔樹		ダ1000				1:00.1	2.0		4-6	34.0-35.5	37.0	460(-2)				83.0	晴		12.0	6.0	7.0	4.0	2.0	4	54.0	良	**	**		エスカル																																																									
2021106191	2023-09-30	4阪神8		2.0	2歳未勝利								藤岡康太		ダ1200				1:14.3	1.0		2-2	35.8-37.5	38.4	464(+4)				140.0	晴		8.0	7.0	7.0	5.1	3.0	3	55.0	良	**	**		カネトシゴウト																																																									
2021106191	2023-10-29	4新潟6		2.0	2歳未勝利								古川吉洋		ダ1200				1:12.0	0.8		3-3	34.0-37.2	37.8	468(+4)				83.0	小雨		15.0	8.0	14.0	7.8	3.0	4	55.0	不	**	**		グランオルカ																																																									
2021106191	2023-12-03	4中京2		1.0	2歳未勝利								古川吉洋		ダ1800				1:57.0	0.1		1-1-1-1	37.9-38.4	38.5	468(0)				220.0	晴		14.0	1.0	1.0	7.0	3.0	2	55.0	良	**	**		モモンウールー																																																									
2021106191	2023-12-17	4中京6		1.0	2歳未勝利								藤岡康太		ダ1800				1:56.5	1.9		1-1-1-1	37.2-38.4	40.3	468(0)					晴		16.0	3.0	6.0	18.4	7.0	7	55.0	稍	**	**		パフ																																																									
2021106191	2024-01-20	1小倉3		1.0	3歳未勝利								秋山稔樹		ダ1700				1:46.4	-0.6		1-1-1-1	30.8-37.8	37.8	454(-14)				550.0	小雨		13.0	8.0	13.0	6.4	4.0	1	54.0	稍	**	**		(ルージュシュエット)																																																									
2021106191	2024-02-25	2小倉6		9.0	ネモフィラ賞(1勝クラス)								秋山稔樹		ダ1700				1:49.3	4.4		1-1-2-3	28.6-38.4	42.8	460(+6)					晴		12.0	5.0	6.0	17.0	7.0	12	55.0	稍	**	**		エートラックス																																																									
2021106191	2024-04-07	2阪神6		5.0	3歳1勝クラス								高杉吏麒		ダ1400				1:27.2	2.8		2-2	33.8-38.3	40.7	466(+6)					晴		16.0	6.0	11.0	149.3	14.0	14	52.0	良	**	**		リジル																																																									
2021106191	2024-08-08	園田		8.0	JRA交流逆瀬川特別								秋山稔樹		ダ1400				1:29.9	-1.0		1-1-1-1		39.4	483(+17)				200.0	晴		8.0	5.0	5.0	3.4	2.0	1	53.0	稍	**	**		(グラングスト)																																																									
2021106191	2024-10-05	4新潟1		11.0	鳥屋野特別(2勝クラス)								秋山稔樹		ダ1800				1:54.8	2.5		1-2-2-2	36.6-37.5	39.9	480(-3)					晴		13.0	7.0	11.0	6.5	4.0	13	52.0	稍	**	**		エスティメート																																																									
2021106191	2024-12-22	7京都8		8.0	3歳以上2勝クラス								河原田菜		ダ1400				1:28.5	3.1		8-11	36.0-37.6	39.8	482(+2)					晴		16.0	1.0	2.0	55.0	9.0	15	51.0	良	**	**		スターペスカオリ																																																									
2021106191	2025-01-22	姫路		11.0	徳島県阿波とん豚特別(A2B1)								下原理		ダ1400				1:33.2	-0.1		2-2-1-1		39.3	483(+1)				200.0	晴		9.0	7.0	8.0	2.6	2.0	1	55.0	良	**	**		(ベラジオウマムスコ)																																																									
2021106191	2025-02-11	姫路		11.0	市川町・池内響リサイ(A2B1)								下原理		ダ1500				1:40.1	1.7		4-3-3-4		41.7	483(0)					晴		12.0	1.0	1.0	2.6	1.0	7	56.0	良	**	**		メイショウシマト																																																									
2021106191	2025-03-06	姫路		10.0	つくし賞A2								山本咲希		ダ1400				1:33.6	1.0		2-2-2-4		41.0	479(-4)					曇		12.0	8.0	12.0	5.0	2.0	7	54.0	重	**	**		エイシンテムジン																																																									
2021106191	2025-04-01	園田		11.0	陽春特別A2B1								山本咲希		ダ1400				1:33.9	2.4		2-2-3-5		43.2	474(-5)					曇		9.0	8.0	8.0	12.8	4.0	7	56.0	稍	**	**		モズアカボス																																																									
2021106191	2025-05-01	園田		10.0	A2								大山真吾		ダ1400				1:31.4	2.9		6-6-7-7		39.9	477(+3)					晴		8.0	1.0	1.0	33.8	6.0	8	55.0	良	**	**		スマートビクター																																																									
2021106191	2025-05-30	笠松		9.0	キキョウ特別(A)								深澤杏花		ダ1400				1:32.8	4.0		6-7-8		41.0	471(-6)					曇		8.0	1.0	1.0	14.5	6.0	7	53.0	稍	**	**		リュクスウォリアー																																																									
2021106191	2025-07-07	川崎		11.0	ダービーインパクト1(B1B2)								山崎誠士		ダ1500				1:37.1	-0.1		5-5-5-4	30.1-41.5	40.3	481(+10)				300.0	晴		10.0	7.0	8.0	44.4	8.0	1	53.0	良	**	**		(ナガタエース)																																																									
2021106191	2025-08-08	川崎		11.0	かなテクカレッジ記念(B1B2)								笹川翼		ダ1600				1:43.8	0.5		3-3-4-3	36.5-40.7	40.2	485(+4)				75.0	晴		8.0	8.0	8.0	7.3	4.0	3	53.0	良	**	**		ゼウスバイオ																																																									
2021106191	2025-08-25	川崎		11.0	処暑特別(B1B2)								矢野貴之		ダ1600				1:45.0	1.3		2-2-2-3	38.9-39.0	40.0	490(+5)				30.0	晴		8.0	8.0	8.0	11.1	3.0	5	55.0	良	**	**		ホッコーソムニウム																																																									
2021106191	2025-09-04	名古屋		11.0	秋桜(重賞)								大畑雅章		ダ1700				1:52.2	1.3		7-7-5		38.7	486(-4)					曇		11.0	5.0	5.0	47.6	8.0	7	56.0	良	**	**		プリメイラ																																																									
2021106191	2025-10-13	川崎		11.0	かながわ畜産物フェア(A2)								鷹見陸		ダ2000				2:17.1	5.7		6-5-12-12	38.5-41.4	46.0	502(+16)					曇		13.0	4.0	5.0	190.8	11.0	12	52.0	良	**	**		ツウカイノキズナ																																																									
2021106193	2023-10-01	4中山9	曇	5.0	2歳新馬		14.0	3.0	3.0	2.6	1.0	3	横山武史	55.0	芝1800		良	**	1:54.1	0.1	**	5-5-4-4	38.6-36.1	35.9	466(0)			スティックバイミー	180.0																																																																							
2021106193	2023-10-28	4東京8	晴	3.0	2歳未勝利		10.0	8.0	9.0	3.0	2.0	2	横山武史	56.0	芝1800		良	**	1:48.6	0.1	**	5-6-6	37.0-33.9	33.4	472(+6)			ポッドテオ	220.0																																																																							
2021106193	2023-12-09	5中山3	晴	4.0	2歳未勝利		16.0	4.0	8.0	2.0	1.0	3	横山武史	56.0	芝1800		良	**	1:48.4	0.4	**	6-6-4-3	36.4-35.2	35.2	476(+4)			ヤマニンアドホック	140.0																																																																							
2021106193	2024-01-06	1中山1	晴	5.0	3歳未勝利		17.0	4.0	7.0	4.4	3.0	3	横山武史	57.0	芝2000		良	**	1:59.8	0.0	**	1-1-1-1	35.7-35.5	35.5	480(+4)			ミッキーラッキー	140.0																																																																							
2021106193	2024-07-14	1函館12	晴	6.0	3歳未勝利		16.0	6.0	12.0	1.7	1.0	2	横山武史	57.0	芝2000		良	**	2:02.0	0.1	**	3-4-3-2	36.4-36.5	36.2	480(0)			ドウアドバンテージ	220.0																																																																							
2021106193	2024-08-03	1札幌5	晴	6.0	3歳未勝利		16.0	6.0	11.0	1.9	1.0	2	横山武史	57.0	芝2000		良	**	2:00.8	0.0	**	7-8-7-4	35.2-36.0	35.5	482(+2)			マイネルバーテクス	220.0																																																																							
2021106193	2024-08-17	2札幌3	曇	7.0	3歳未勝利		16.0	1.0	2.0	1.9	1.0	1	横山武史	57.0	芝2000		良	**	2:00.3	-0.6	**	2-2-2-2	34.4-38.0	37.2	484(+2)			(サトノアライヴ)	550.0																																																																							
2021106193	2025-01-12	1中山4	曇	7.0	4歳以上1勝クラス		18.0	7.0	13.0	3.1	2.0	4	横山武史	57.0	芝2200		良	**	2:13.5	0.3	**	10-9-9-12	36.5-35.9	34.9	494(+10)			レッドテリオス	120.0																																																																							
2021106193	2025-02-23	1東京8	晴	6.0	4歳以上1勝クラス		15.0	6.0	11.0	5.1	3.0	2	横山武史	57.0	芝1800		良	**	1:46.9	0.1	**	10-10-11	36.1-34.6	33.7	492(-2)			アンゴラブラック	320.0																																																																							
2021106193	2025-04-06	2阪神4	晴	6.0	4歳以上1勝クラス		11.0	7.0	8.0	2.0	1.0	7	横山和生	58.0	芝2000		良	**	2:00.6	0.7	**	2-3-3-3	35.0-35.6	36.0	486(-6)			クリノアドバンス																																																																								
2021106193	2025-09-06	2札幌5	曇	9.0	富良野特別(1勝クラス)		15.0	4.0	6.0	6.7	2.0	1	横山和生	58.0	芝2000		良	**	2:02.0	-0.2	**	10-8-7-3	36.6-36.3	35.8	482(-4)			(ヨヒーン)	1152.0																																																																							
2021106193	2025-10-04	3京都1	曇	8.0	3歳以上2勝クラス		12.0	2.0	2.0	16.9	7.0	1	武豊	58.0	芝2000		重	**	1:59.3	-0.1	**	10-10-10-10	36.1-35.4	34.7	478(-4)			(マトラコーニッシュ)	1140.0																																																																							
2021106193	2025-11-22	4京都5	晴	10.0	比叡S(3勝クラス)		16.0	2.0	4.0	13.2	5.0	3	武豊	58.0	芝2400		良	**	2:25.4	0.5	**	13-13-14-14	35.2-34.4	33.9	476(-2)			ダノンシーマ	464.9																																																																							
2021106193	2026-01-04	1京都1	曇	10.0	寿S(3勝クラス)		9.0	8.0	9.0	2.8	1.0	2	武豊	58.0	芝2000		良	**	2:01.1	0.0	**	7-7-2-2	36.9-34.0	33.9	480(+4)			タガノデュード	755.6																																																																							
2021106307	2023-10-22	4東京7		4.0	2歳新馬								津村明秀		ダ1400				1:28.6	1.3		3-3	37.4-37.1	38.1	472(0)				72.0	晴		15.0	4.0	6.0	31.9	8.0	5	56.0	良	**	**		トーアアイギス																																																									
2021106307	2023-11-25	5東京7		1.0	2歳未勝利								津村明秀		ダ1600				1:40.6	2.6		6-5	35.5-37.6	39.7	472(0)				83.0	晴		15.0	3.0	4.0	107.2	12.0	4	56.0	良	**	**		ワイドブリザード																																																									
2021106307	2024-01-27	1東京1		1.0	3歳未勝利								津村明秀		ダ1400				1:27.2	0.3		1-1	36.4-37.6	37.9	484(+12)				220.0	晴		16.0	3.0	6.0	16.6	4.0	2	57.0	良	**	**		エースアビリティ																																																									
2021106307	2024-02-10	1東京5		1.0	3歳未勝利								津村明秀		ダ1300				1:19.1	0.4		1-1	29.4-37.1	37.5	486(+2)				140.0	晴		16.0	7.0	14.0	9.4	6.0	3	57.0	稍	**	**		マイネルディレクト																																																									
2021106307	2024-03-09	2中山5		2.0	3歳未勝利								津村明秀		ダ1200				1:11.6	0.1		1-1	33.1-38.4	38.5	474(-12)				220.0	晴		16.0	4.0	7.0	2.9	1.0	2	57.0	重	**	**		グリントリッター																																																									
2021106307	2024-05-12	2東京8		3.0	3歳未勝利								津村明秀		ダ1300				1:18.5	0.4		1-1	29.9-35.8	36.2	480(+6)				140.0	曇		16.0	2.0	3.0	2.1	1.0	3	57.0	良	**	**		ニシノジーク																																																									
2021106307	2024-05-18	1新潟7		3.0	3歳未勝利								小林美駒		ダ1200				1:11.4	-1.2		1-1	34.7-36.7	36.7	470(-10)				550.0	晴		15.0	5.0	9.0	1.6	1.0	1	53.0	良	**	**		(ミスエル)																																																									
2021106307	2024-08-24	3新潟5		12.0	3歳以上1勝クラス								津村明秀		ダ1200				1:11.3	-0.4		1-1	34.1-37.2	37.2	480(+10)				800.0	晴		15.0	3.0	5.0	2.3	1.0	1	56.0	良	**	**		(オリビアジュテーム)																																																									
2021106307	2024-10-20	4新潟6		10.0	妙高特別(2勝クラス)								丸山元気		ダ1200				1:13.1	1.6		1-1	34.3-37.2	38.8	480(0)					晴		15.0	4.0	6.0	4.1	1.0	13	57.0	稍	**	**		ミルトハンター																																																									
2021106307	2024-12-22	5中山8		8.0	冬至特別(2勝クラス)								津村明秀		ダ1200				1:12.3	0.7		2-2	33.6-38.0	38.6	488(+8)				155.0	晴		16.0	3.0	5.0	13.2	6.0	5	57.0	良	**	**		ロードフロンティア																																																									
2021106307	2025-01-18	1中山6		8.0	4歳以上2勝クラス								小林美駒		ダ1200				1:11.9	0.6		2-3	33.8-37.5	37.9	486(-2)				114.0	晴		16.0	5.0	10.0	8.8	4.0	5	54.0	良	**	**		キタノソワレ																																																									
2021106307	2025-03-02	1阪神2		12.0	4歳以上2勝クラス								坂井瑠星		ダ1200				1:12.4	0.7		3-3	34.7-37.0	37.4	474(-12)					曇		16.0	6.0	12.0	15.6	6.0	6	58.0	良	**	**		キタノズエッジ																																																									
2021106307	2025-05-25	1新潟8		10.0	火打山特別(2勝クラス)								小林美駒		ダ1200				1:11.7	1.2		1-1	33.9-36.6	37.8	484(+10)				230.0	小雨		15.0	8.0	14.0	7.0	4.0	4	58.0	稍	**	**		サフランヒーロー																																																									
2021106307	2025-07-27	2新潟2		8.0	出雲崎特別(2勝クラス)								丸山元気		ダ1200				1:11.7	0.2		3-3	33.5-38.0	37.9	494(+10)				394.9	晴		15.0	2.0	2.0	9.6	4.0	3	58.0	良	**	**		ノットファウンド																																																									
2021106307	2025-08-23	3新潟1		9.0	岩室温泉特別(2勝クラス)								丸山元気		ダ1200				1:11.0	0.7		3-3	33.4-36.9	37.3	486(-8)					晴		15.0	8.0	14.0	8.1	3.0	7	58.0	良	**	**		サトノガレオン																																																									
2021106307	2025-10-18	4新潟1		10.0	妙高特別(2勝クラス)								横山琉人		ダ1200				1:12.4	1.2		1-1	34.0-37.2	38.4	490(+4)					曇		15.0	2.0	2.0	6.6	4.0	8	58.0	良	**	**		ファムエレガンテ																																																									
2021106307	2025-12-13	5中山3		12.0	3歳以上2勝クラス								小林美駒		ダ1200				1:11.8	0.6		12-12	34.3-36.9	36.3	498(+8)				460.0	曇		13.0	5.0	6.0	7.3	3.0	2	55.0	良	**	**		シュヴァルボヌール																																																									
2021106307	2026-01-04	1中山1		12.0	4歳以上2勝クラス								横山武史		ダ1200				1:12.1	1.1		10-10	34.7-36.3	36.5	500(+2)					晴		16.0	5.0	9.0	5.4	3.0	10	58.0	稍	**	**		スリーピース																																																									
2021106308	2023-08-12	3新潟1		6.0	2歳新馬								丸山元気		芝1400				1:24.3	1.8		6-6	34.5-35.7	36.8	460(0)																																															曇		14.0	5.0	7.0	29.3	7.0	14	55.0	良	**	**		キャプテンネキ															
2021106308	2023-09-10	4中山2		2.0	2歳未勝利								丸山元気		芝2000				2:01.3	0.7		3-3-3-2	36.4-35.1	35.4	462(+2)				140.0																																											晴		10.0	3.0	3.0	15.6	4.0	3	55.0	良	**	**		コイヌール															
2021106308	2023-12-03	5中山2		3.0	2歳未勝利								丸山元気		芝2000				2:01.3	0.6		3-3-2-3	35.7-35.0	35.3	472(+10)																																															晴		18.0	7.0	13.0	29.2	6.0	6	55.0	良	**	**		ウインマクシマム															
2021106308	2023-12-28	5中山9		4.0	2歳未勝利								丸山元気		芝1800				1:50.1	0.0		2-2-2-2	38.5-35.5	35.3	466(-6)				550.0																																											曇		16.0	7.0	13.0	13.4	6.0	1	55.0	良	**	**		(ディマイザキッド)															
2021106308	2024-01-13	1中山4		9.0	菜の花賞(1勝クラス)								柴田大知		芝1600				1:33.7	0.3		3-5-5	34.9-34.9	34.6	462(-4)																																															曇		12.0	7.0	10.0	38.2	7.0	7	55.0	良	**	**		ミラビリスマジック															
2021106308	2024-03-31	3中山4		6.0	3歳1勝クラス								丸山元気		芝1600				1:33.9	0.2		2-2-2	35.5-34.9	35.0	460(-2)				200.0																																											晴		11.0	6.0	6.0	6.6	3.0	3	55.0	良	**	**		ケイケイ															
2021106308	2024-05-04	2東京5		6.0	3歳1勝クラス								菅原明良		芝1400				1:21.4	0.6		8-6	35.1-33.9	33.3	464(+4)				120.0																																											晴		10.0	8.0	11.0	10.0	4.0	4	55.0	良	**	**		ニコラウス															
2021106308	2024-05-25	2東京11		7.0	3歳1勝クラス								丸山元気		芝1400				1:21.4	0.4		3-4	35.7-33.5	33.6	460(-4)				310.0																																											晴		15.0	4.0	6.0	8.3	3.0	2	55.0	良	**	**		スティールブルー															
2021106308	2024-06-22	3東京7		12.0	3歳以上1勝クラス								菅原明良		芝1600				1:33.5	0.1		5-5	35.6-34.7	34.2	462(+2)				320.0																																											晴		11.0	6.0	6.0	7.2	4.0	2	53.0	良	**	**		テウメッサ															
2021106308	2024-10-14	4東京4		8.0	3歳以上1勝クラス								菅原明良		芝1600				1:33.5	0.8		9-9	34.3-35.2	34.6	464(+2)																																															晴		17.0	7.0	14.0	4.0	2.0	10	54.0	良	**	**		コンテネレッツア															
2021106308	2024-11-16	5東京5		12.0	3歳以上1勝クラス								菅原明良		芝1600				1:34.6	0.5		7-7	35.8-34.2	34.2	466(+2)																																															曇		18.0	3.0	6.0	8.7	5.0	10	55.0	良	**	**		ナファロア															
2021106308	2025-02-15	1東京5		12.0	4歳以上1勝クラス								柴田大知		芝1600				1:35.1	1.6		6-6	34.9-35.2	36.2	472(+6)																																															晴		16.0	7.0	13.0	28.7	10.0	14	56.0	良	**	**		シンバーシア															
2021106308	2025-03-22	2中京3		7.0	4歳以上1勝クラス								丸山元気		芝1600				1:34.7	0.6		5-5-6	35.6-35.3	35.4	468(-4)																																															晴		16.0	5.0	10.0	24.8	9.0	7	56.0	良	**	**		アドマイヤアストラ															
2021106308	2025-04-26	2東京1		8.0	4歳以上1勝クラス								柴田大知		芝1600				1:34.1	0.4		5-5	35.7-33.8	33.6	476(+8)																																															曇		12.0	5.0	5.0	20.6	8.0	7	56.0	良	**	**		シャンパンマーク															
2021106308	2025-05-24	2東京9		7.0	4歳以上1勝クラス								柴田大知		芝1600				1:34.9	0.4		4-4	35.7-33.9	33.8	476(0)																																															曇		13.0	7.0	10.0	32.3	8.0	6	56.0	良	**	**		アームテイル															
2021106308	2025-06-15	3東京4		8.0	3歳以上1勝クラス								柴田大知		ダ1600				1:37.7	1.9		7-5	34.9-36.1	37.6	474(-2)																																															曇		16.0	7.0	13.0	11.7	4.0	12	56.0	重	**	**		グレイスザクラウン															
2021106308	2025-10-05	4東京2		7.0	3歳以上1勝クラス								柴田大知		芝1400				1:20.4	0.3		4-4	34.6-34.1	34.0	474(0)																																															晴		18.0	2.0	3.0	29.8	8.0	7	56.0	良	**	**		レイククレセント															
2021106308	2025-10-18	4東京6		7.0	3歳以上1勝クラス								柴田大知		芝1400				1:21.2	1.1		7-7	34.8-33.9	34.3	478(+4)																																															晴		17.0	4.0	7.0	82.6	13.0	9	56.0	良	**	**		ミクストベリーズ															
2021106308	2025-11-08	5東京1		12.0	3歳以上1勝クラス								柴田大知		芝1600				1:34.6	1.1		1-1	36.6-33.5	34.6	472(-6)																																															晴		14.0	5.0	8.0	63.8	11.0	10	56.0	良	**	**		ダノンエンブレム															
2021106308	2025-12-14	5中京4		12.0	3歳以上1勝クラス								丸山元気		芝1600				1:35.9	0.3		6-5-5	36.1-34.9	34.6	472(0)																																															晴		16.0	8.0	16.0	40.0	12.0	6	56.0	稍	**	**		ウインベアトリス															
2021106353	2024-01-14	1中山5		4.0	3歳新馬								津村明秀		ダ1800				1:59.0	2.3		14-14-13-12	36.9-39.9	40.4	506(0)																																															晴		16.0	5.0	9.0	19.1	7.0	9	57.0	稍	**	**		クレイヴィンオナー															
2021106353	2024-02-18	1東京8		2.0	3歳未勝利								柴田大知		ダ2100				2:15.9	1.0		8-9-10-10	31.2-38.7	38.5	494(-12)				55.0																																											晴		16.0	8.0	15.0	350.0	15.0	5	57.0	良	**	**		ニシノコルベット															
2021106353	2024-03-09	2中山5		6.0	3歳未勝利								柴田大知		ダ1800				1:55.9	2.6		6-6-8-8	37.0-39.0	40.8	494(0)				55.0																																											晴		12.0	5.0	5.0	99.0	10.0	5	57.0	重	**	**		グラウンドビート															
2021106353	2024-03-31	3中山4		3.0	3歳未勝利								柴田大知		ダ1800				1:56.7	1.9		9-9-7-7	37.8-38.1	39.4	494(0)																																															晴		14.0	7.0	11.0	18.7	6.0	8	57.0	稍	**	**		ダイオジェナイト															
2021106353	2024-04-27	2東京3		3.0	3歳未勝利								柴田大知		ダ2100				2:14.6	1.3		5-5-6-6	32.3-37.7	38.4	492(-2)				83.0																																											曇		12.0	5.0	5.0	36.6	7.0	4	57.0	稍	**	**		キャネル															
2021106353	2024-05-11	2東京7		2.0	3歳未勝利								柴田大知		ダ2100				2:15.7	0.7		8-8-7-7	31.3-38.5	38.8	492(0)																																															晴		15.0	5.0	8.0	9.5	4.0	6	57.0	良	**	**		ニューバラード															
2021106353	2024-06-02	3東京2		2.0	3歳未勝利								柴田大知		ダ2100				2:11.1	0.1		4-4-4-2	30.9-37.6	37.4	494(+2)				220.0																																											曇		16.0	4.0	7.0	23.4	7.0	2	57.0	重	**	**		ヴァズレーヌ															
2021106353	2024-06-15	3東京5		2.0	3歳未勝利								柴田大知		ダ2100				2:13.7	-0.6		10-7-5-5	30.2-38.3	37.8	496(+2)				550.0																																											晴		16.0	4.0	7.0	7.9	4.0	1	57.0	良	**	**		(トクシージェネラル)															
2021106353	2024-09-01	3新潟8		8.0	3歳以上1勝クラス								柴田大知		ダ1800				1:53.9	1.0		5-5-3-4	36.5-37.9	38.6	496(0)				80.0																																											晴		12.0	5.0	6.0	12.2	3.0	5	55.0	良	**	**		ノーブルラン															
2021106353	2024-09-14	4中山3		8.0	3歳以上1勝クラス								柴田大知		ダ1800				1:53.6	-0.5		3-3-3-2	37.4-38.2	37.8	490(-6)				800.0																																											晴		15.0	4.0	7.0	9.1	4.0	1	55.0	良	**	**		(タナバタ)															
2021106353	2024-10-13	4東京3		8.0	3歳以上2勝クラス								柴田大知		ダ2100				2:11.0	0.5		2-3-4-4	31.4-36.5	36.7	496(+6)				460.0																																											晴		16.0	3.0	6.0	17.6	8.0	2	56.0	良	**	**		リアレスト															
2021106353	2024-11-02	5東京1		9.0	神奈川新聞杯(2勝クラス)								柴田大知		ダ2100				2:10.6	0.8		7-6-8-6	31.4-35.8	36.1	500(+4)																																															小雨		16.0	2.0	4.0	12.9	6.0	6	56.0	重	**	**		グロバーテソーロ															
2021106353	2025-02-01	1東京1		8.0	4歳以上2勝クラス								柴田大知		ダ2100				2:15.2	0.3		3-3-2-2	32.2-36.3	36.6	504(+4)				170.0																																											晴		11.0	3.0	3.0	13.3	5.0	4	57.0	良	**	**		ハーバーライト															
2021106353	2025-02-23	1東京8		7.0	4歳以上2勝クラス								柴田大知		ダ2100				2:15.3	2.3		3-3-2-2	32.3-36.6	38.8	502(-2)																																															晴		14.0	8.0	14.0	37.6	11.0	13	57.0	良	**	**		アムールドパリ															
2021106353	2025-05-11	2東京6		9.0	日吉特別(2勝クラス)								柴田大知		ダ2100				2:11.1	1.9		5-7-5-5	30.7-36.5	38.0	504(+2)																																															晴		16.0	7.0	13.0	72.8	13.0	12	58.0	稍	**	**		カズタンジャー															
2021106353	2025-05-31	2東京11		12.0	4歳以上2勝クラス								内田博幸		ダ2100				2:09.3	0.5		1-1-1-1	29.6-37.1	37.6	502(-2)				290.0																																											小雨		15.0	1.0	1.0	55.1	12.0	3	58.0	不	**	**		ユアフラッシュ															
2021106353	2025-06-14	3東京3		9.0	日野特別(2勝クラス)								原優介		ダ2100				2:11.3	0.5		2-2-2-2	30.8-37.8	38.2	508(+6)																																															小雨		16.0	2.0	3.0	30.8	7.0	6	58.0	良	**	**		ノットイナフ															
2021106353	2025-09-15	4中山5		9.0	鋸山特別(2勝クラス)								原優介		ダ1800				1:53.3	1.3		2-2-2-1	36.4-37.6	38.8	504(-4)				394.1																																											曇		11.0	2.0	2.0	26.3	6.0	3	58.0	良	**	**		リアライズカミオン															
2021106353	2025-10-11	4東京3		10.0	東村山特別(2勝クラス)								原優介		ダ2100				2:14.3	3.5		3-3-3-3	31.4-37.2	40.3	504(0)																																															雨		16.0	8.0	15.0	29.1	7.0	15	58.0	稍	**	**		シャンパンポップ															
2021106353	2025-12-13	5中山3		8.0	3歳以上2勝クラス								原優介		ダ1800				1:54.9	0.6		4-3-2-3	37.5-38.5	38.8	508(+4)																																															曇		15.0	4.0	7.0	33.7	9.0	7	58.0	良	**	**		ミライヘノカギ															
2021106359	2023-10-15	2京都5		5.0	2歳新馬								藤岡康太		芝1800				1:54.6	4.7		15-15	36.6-34.4	37.3	444(0)																			晴		15.0	6.0	11.0	278.1	15.0	15	56.0	重	**	**		エルサビオ																																											
2021106359	2024-02-21	笠松		8.0	加納宿特別(3歳)								今井貴大		ダ1400				1:28.7	0.0		7-1-1		37.8	453(+9)				24.5															雨		8.0	8.0	8.0	6.1	3.0	2	56.0	不	**	**		クリノスピネル																																											
2021106359	2024-03-23	2阪神1		5.0	3歳未勝利								松山弘平		ダ1800				1:54.0	1.9		7-7-9-9	36.2-37.9	38.1	452(-1)																			雨		13.0	4.0	4.0	56.6	8.0	7	57.0	不	**	**		トモジャザーン																																											
2021106359	2024-05-28	名古屋		10.0	名古屋CCピーチ賞(3歳)								岡部誠		ダ1500				1:35.7	0.5		6-5-4		38.7	451(-1)				18.0															雨		12.0	4.0	4.0	6.4	5.0	4	56.0	不	**	**		トモジャオッシュ																																											
2021106359	2024-06-23	4京都8		2.0	3歳未勝利								幸英明		ダ1800				1:52.1	0.0		3-3-3-1	36.5-37.1	36.9	458(+7)				385.0															小雨		16.0	7.0	13.0	44.5	9.0	1	57.0	不	**	**		(アルベリック)																																											
2021106359	2024-09-18	名古屋		10.0	名古屋CCヴェスタ賞(A)								渡辺竜也		ダ2000				2:11.7	0.9		7-5-5		40.2	457(-1)																			晴		11.0	4.0	4.0	4.6	2.0	6	55.0	良	**	**		スカイドゥエラー																																											
2021106359	2024-10-13	5京都4		6.0	3歳以上1勝クラス								田口貫太		ダ1800				1:54.0	0.3		2-2-2-1	35.8-38.7	38.8	458(+1)				80.0															晴		10.0	3.0	3.0	14.8	5.0	5	55.0	良	**	**		タイセイミニスター																																											
2021106359	2024-11-02	6京都1		7.0	3歳以上1勝クラス								田口貫太		ダ1800				1:52.8	0.9		1-1-1-1	36.6-36.9	37.8	460(+2)				200.0															雨		8.0	3.0	3.0	4.0	2.0	3	55.0	不	**	**		エアサンサーラ																																											
2021106359	2024-11-17	6京都6		7.0	3歳以上1勝クラス								幸英明		ダ1800				1:55.4	1.5		8-7-7-5	36.2-38.5	39.1	458(-2)																			曇		15.0	3.0	5.0	16.2	5.0	11	56.0	良	**	**		オペラプラージュ																																											
2021106359	2024-12-14	7京都5		8.0	3歳以上1勝クラス								幸英明		ダ1800				1:54.8	1.1		3-3-3-3	37.7-37.8	38.5	458(0)				80.0															曇		16.0	6.0	12.0	34.1	6.0	5	57.0	良	**	**		カネトシゴウト																																											
2021106359	2025-01-06	1中京2		7.0	4歳以上1勝クラス								幸英明		ダ1800				1:55.9	1.9		4-4-4-5	38.9-38.3	39.9	460(+2)																			小雨		16.0	1.0	2.0	34.9	11.0	10	57.0	良	**	**		ティンティンデオ																																											
2021106359	2025-03-16	1阪神6		8.0	4歳以上1勝クラス								幸英明		ダ1800				1:55.9	1.0		4-4-4-6	37.2-40.1	40.4	452(-8)				80.0															雨		13.0	1.0	1.0	12.1	5.0	5	58.0	重	**	**		スマートリアファル																																											
2021106359	2025-04-13	2阪神6		6.0	4歳以上1勝クラス								幸英明		ダ1800				1:53.9	-0.5		1-1-1-1	38.1-37.8	37.8	458(+6)				800.0															小雨		10.0	2.0	2.0	13.3	6.0	1	58.0	稍	**	**		(テンエースワン)																																											
2021106359	2025-06-01	2京都12		9.0	與杼特別(2勝クラス)								幸英明		ダ1800				1:54.2	2.4		3-3-3-3	35.5-38.3	40.4	466(+8)																			晴		14.0	4.0	5.0	34.4	13.0	12	58.0	良	**	**		メイショウソウタ																																											
2021106359	2025-06-29	2小倉2		10.0	西部日刊スポーツ杯(2勝クラス)								幸英明		ダ1700				1:46.6	1.0		5-4-11-12	29.9-37.6	37.6	458(-8)																			晴		15.0	2.0	3.0	19.7	7.0	6	58.0	良	**	**		メイショウフウドウ																																											
2021106359	2025-08-02	3中京3		6.0	日進特別(2勝クラス)								幸英明		ダ1800				1:55.0	1.5		9-9-9-10	36.9-39.8	40.4	458(0)																			晴		12.0	3.0	3.0	13.6	7.0	10	58.0	良	**	**		グラヴィス																																											
2021106359	2025-12-07	5阪神2		9.0	豊中特別(2勝クラス)								斎藤新		ダ1800				1:55.9	3.8		5-7-9-13	35.8-39.0	40.8	462(+4)																			晴		13.0	7.0	11.0	146.4	13.0	13	58.0	良	**	**		タマモキャリコ																																											
2021106359	2026-01-18	1京都7		10.0	大津特別(2勝クラス)								吉村誠之		ダ1800				1:54.7	1.1		1-1-1-1	37.5-37.4	38.5	468(+6)																																																													晴		16.0	3.0	5.0	236.8	13.0	12	58.0	良	**	**		バッケンレコード	202608010710
2021106394	2023-12-24	5阪神8		4.0	2歳新馬								幸英明		ダ1400				1:27.8	-0.2		4-4	36.1-38.9	38.2	448(0)				720.0																													晴		15.0	4.0	7.0	7.5	3.0	1	55.0	良	**	**		(タマモブリリオ)																													
2021106394	2024-01-28	1小倉6		9.0	くすのき賞(1勝クラス)								幸英明		ダ1700				1:48.6	1.6		8-9-8-5	30.4-38.2	39.2	444(-4)																																	小雨		10.0	7.0	8.0	16.6	7.0	9	55.0	良	**	**		シークレットキー																													
2021106394	2024-02-11	2京都6		4.0	3歳1勝クラス								田口貫太		ダ1400				1:26.4	1.7		7-6	35.1-37.4	38.3	440(-4)																																	晴		9.0	3.0	3.0	89.7	8.0	7	54.0	良	**	**		フラムリンガム																													
2021106394	2024-03-03	1阪神4		5.0	3歳1勝クラス								松若風馬		ダ1400				1:26.7	1.1		10-9	34.4-39.0	38.5	434(-6)				78.0																													晴		11.0	6.0	6.0	137.6	10.0	5	55.0	稍	**	**		ラヴオントップ																													
2021106394	2024-10-12	5京都3		7.0	3歳以上1勝クラス								幸英明		ダ1400				1:26.3	2.4		3-4	34.5-37.3	39.3	462(+28)																																	晴		16.0	7.0	13.0	92.7	15.0	13	54.0	良	**	**		タガノミスト																													
2021106394	2024-10-27	5京都8		6.0	3歳以上1勝クラス								Ｍ．デム		ダ1400				1:26.1	1.1		7-5	35.2-37.6	38.1	456(-6)																																	曇		15.0	8.0	15.0	15.9	8.0	9	54.0	良	**	**		アナスタシス																													
2021106394	2024-11-23	6京都7		7.0	3歳以上1勝クラス								Ｍ．デム		ダ1200				1:14.6	2.1		10-10	35.6-36.9	38.2	460(+4)																																	曇		16.0	1.0	2.0	91.0	13.0	15	55.0	良	**	**		ヘルメース																													
2021106394	2025-03-30	2中京6		9.0	4歳以上1勝クラス								川端海翼		ダ1400				1:25.9	0.6		5-5	35.2-37.8	37.7	448(-12)																																	晴		13.0	4.0	6.0	277.7	12.0	7	53.0	良	**	**		グラティアスミノル																													
2021106394	2025-08-09	3中京5		10.0	3歳以上1勝クラス								加藤祥太		ダ1400				1:27.0	2.3		3-2	34.8-37.5	39.6	464(+16)																																	晴		14.0	8.0	15.0	272.6	12.0	12	56.0	良	**	**		メイショウハチロー																													
2021106394	2025-12-07	5中京2		2.0	3歳以上1勝クラス								川端海翼		ダ1400				1:28.0	2.8		4-3	34.8-37.6	40.1	466(+2)																																	晴		16.0	3.0	5.0	420.3	15.0	16	53.0	良	**	**		マーゴットレーヴ																													
2021106394	2026-01-17	1中山6		4.0	障害4歳以上未勝利								難波剛健		障2880				3:21.2	6.3		12-12-11-11	106.1-0.0	14.0	458(-8)																																	晴		12.0	2.0	2.0	264.9	12.0	10	58.0	良				コレクテイニア																													
2021106449	2023-11-26	3京都8		6.0	2歳新馬								岩田望来		芝1800				1:48.1	-0.1		7-8	35.6-35.5	34.7	462(0)				720.0															晴		15.0	3.0	5.0	3.8	1.0	1	56.0	良	**	**		(メイクユーマイン)																																											
2021106449	2024-02-17	2京都7		9.0	つばき賞(1勝クラス)								岩田望来		芝1800				1:47.0	0.1		8-7	36.3-34.0	33.0	460(-2)				273.0															晴		9.0	6.0	6.0	10.7	4.0	3	57.0	良	**	**		メイショウタバル																																											
2021106449	2024-05-11	3京都7		9.0	あずさ賞(1勝クラス)								武豊		芝2000				1:58.0	-0.1		8-7-6-6	36.0-33.7	33.0	468(+8)				1095.2															晴		11.0	5.0	5.0	1.9	1.0	1	57.0	良	**	**		(インファイター)																																											
2021106449	2024-09-22	3中京7		11.0	神戸新聞杯(GII)								武豊		芝2200								35.4-36.0		計不																			曇		14.0	3.0	4.0			取	57.0	稍	**	**		メイショウタバル																																											
2021106449	2024-10-20	5京都6		9.0	清滝特別(2勝クラス)								武豊		芝2200				2:13.8	-0.7		6-6-7-7	37.0-35.2	34.4	474(+6)				1568.2															晴		8.0	7.0	7.0	1.4	1.0	1	55.0	良	**	**		(フォーチュンコード)																																											
2021106449	2024-12-08	7京都4		9.0	オリオンS(3勝クラス)								武豊		芝2200				2:14.4	0.6		7-7-6-6	37.5-33.7	33.7	470(-4)				280.0															小雨		12.0	7.0	9.0	1.5	1.0	4	56.0	良	**	**		マイネルエンペラー																																											
2021106449	2025-03-15	1阪神5		10.0	難波S(3勝クラス)								武豊		芝1800				1:45.2	-0.1		12-10	34.8-34.3	33.5	466(-4)				1872.9															小雨		15.0	6.0	11.0	3.8	2.0	1	58.0	良	**	**		(ラヴァンダ)																																											
2021106449	2025-05-17	1新潟5		11.0	新潟大賞典(GIII)								武豊		芝2000				2:00.8	0.3		12-14	36.4-34.6	33.8	480(+14)				1716.0															曇		16.0	7.0	14.0	5.9	3.0	2	56.0	稍	**	**		シリウスコルト																																											
2021106449	2025-09-13	4阪神3		11.0	チャレンジC(GIII)								武豊		芝2000				1:58.2	0.2		9-9-9-9	36.0-35.7	34.8	480(0)				650.0															曇		15.0	7.0	13.0	5.4	3.0	4	57.0	良	**	**		オールナット																																											
2021106449	2025-10-05	3京都2		11.0	京都大賞典(GII)								横山和生		芝2400				2:25.1	1.2		5-5-3-3	35.3-34.9	35.9	478(-2)																			曇		18.0	7.0	14.0	12.1	6.0	16	57.0	稍	**	**		ディープモンスター																																											
2021106449	2026-01-18	1京都7		11.0	日経新春杯(GII)								武豊		芝2400				2:26.5	0.8		12-10-11-11	35.9-34.4	33.7	480(+2)																																																													晴		13.0	7.0	10.0	9.8	4.0	9	57.0	良	**	**		ゲルチュタール	202608010711
2021106550	2023-10-14	2京都4		5.0	2歳新馬								団野大成		芝1600				1:34.3	-0.1		3-2	36.4-33.7	33.5	440(0)				720.0																																											曇		13.0	2.0	2.0	3.4	2.0	1	55.0	良	**	**		(クランフォード)															
2021106550	2023-12-17	5阪神6		11.0	朝日フューチュリティ(GI)								団野大成		芝1600				1:34.0	0.2		3-3	34.1-35.4	35.2	438(-2)				1817.4																																											晴		17.0	3.0	5.0	13.2	5.0	3	55.0	良	**	**		ジャンタルマンタル															
2021106550	2024-03-02	1阪神3		11.0	チューリップ賞(GII)								団野大成		芝1600				1:33.6	0.5		3-3	34.5-35.4	35.6	440(+2)				780.0																																											曇		16.0	8.0	16.0	3.0	1.0	4	55.0	稍	**	**		スウィープフィート															
2021106550	2024-04-07	2阪神6		9.0	忘れな草賞(L)								川田将雅		芝2000				1:59.4	-0.4		4-4-4-1	34.5-35.4	35.3	436(-4)				2016.8																																											晴		8.0	4.0	4.0	1.3	1.0	1	55.0	良	**	**		(ステラクラウン)															
2021106550	2024-05-19	2東京10		11.0	優駿牝馬(GI)								Ｍ．デム		芝2400				2:25.8	1.8		3-3-4-4	34.7-35.1	36.1	440(+4)																																															曇		18.0	8.0	17.0	12.9	6.0	16	55.0	良	**	**		チェルヴィニア															
2021106550	2024-09-15	3中京4		11.0	関西TVローズS(GII)								幸英明		芝2000				2:00.2	0.3		5-5-4-4	36.1-35.6	34.2	452(+12)				780.0																																											曇		15.0	3.0	5.0	12.3	4.0	4	55.0	稍	**	**		クイーンズウォーク															
2021106550	2024-10-13	5京都4		11.0	秋華賞(GI)								団野大成		芝2000				1:57.7	0.6		3-3-3-3	34.5-36.7	35.2	458(+6)																																															晴		15.0	3.0	4.0	18.1	7.0	7	55.0	良	**	**		チェルヴィニア															
2021106550	2024-12-01	7京都2		10.0	嵯峨野S(3勝クラス)								西村淳也		芝1800				1:46.0	0.1		2-2	35.5-33.6	33.7	456(-2)				747.8																																											晴		13.0	8.0	13.0	3.3	2.0	2	54.0	良	**	**		オールナット															
2021106550	2025-02-09	1京都4		9.0	斑鳩S(3勝クラス)								団野大成		芝1600				1:35.0	0.0		3-3	35.6-34.9	34.6	466(+10)				1873.6																																											晴		14.0	2.0	2.0	2.6	1.0	1	56.0	稍	**	**		(ショウナンアレクサ)															
2021106550	2025-04-12	2阪神5		11.0	サンスポ杯阪神牝馬S(GII)								団野大成		芝1600				1:33.2	0.4		3-3	35.5-33.4	33.6	458(-8)																																															曇		14.0	3.0	3.0	5.5	2.0	7	55.0	良	**	**		サフィラ															
2021106550	2025-06-22	3東京6		11.0	府中牝馬S(GIII)								団野大成		芝1800				1:46.4	0.4		2-2-2	35.5-35.4	35.7	464(+6)				380.0																																											晴		14.0	7.0	11.0	6.9	4.0	5	54.0	良	**	**		セキトバイースト															
2021106550	2025-09-06	4中山1		11.0	京成杯オータムH(GIII)								団野大成		芝1600				1:32.3	1.0		6-4-5	34.6-33.9	34.5	482(+18)																																															晴		16.0	8.0	16.0	13.3	8.0	13	54.0	良	**	**		ホウオウラスカーズ															
2021106550	2025-11-02	3京都11		11.0	まほろばS(L)								北村友一		芝1600				1:32.7	0.2		9-9	34.6-34.5	33.9	480(-2)				270.0																																											晴		15.0	5.0	9.0	5.1	1.0	5	54.0	良	**	**		エアファンディタ															
2021106583	2023-06-17	3東京5	晴	6.0	2歳新馬		16.0	7.0	13.0	40.6	8.0	13	三浦皇成	55.0	ダ1400		良	**	1:29.3	3.8	**	10-11	36.1-37.0	39.7	456(0)			アマンテビアンコ																																																																								
2021106583	2023-12-17	5中山6	晴	2.0	2歳未勝利		15.0	8.0	15.0	46.2	11.0	1	横山和生	56.0	ダ1800		良	**	1:58.4	0.0	**	3-4-3-2	38.1-41.3	41.0	476(+20)			(グアラニア)	550.0																																																																							
2021106583	2024-03-09	2中山5	晴	7.0	3歳1勝クラス		11.0	7.0	8.0	120.2	11.0	11	横山和生	57.0	芝2000		重	**	2:09.7	7.8	**	4-6-11-11	36.4-37.9	43.6	478(+2)			ヘデントール																																																																								
2021106583	2024-04-07	3中山6	晴	7.0	3歳1勝クラス		13.0	8.0	12.0	193.8	11.0	12	木幡初也	57.0	芝1200		重	**	1:10.8	1.1	**	7-8	34.6-35.1	35.6	476(-2)			タイセイフェスタ																																																																								
2021106583	2024-06-29	2福島1	晴	8.0	3歳以上1勝クラス		15.0	1.0	1.0	91.7	14.0	4	松岡正海	55.0	ダ1700		良	**	1:47.2	0.3	**	1-1-1-1	30.5-38.0	38.3	468(-8)			スプレーフォール	120.0																																																																							
2021106583	2024-07-20	2福島7	晴	12.0	3歳以上1勝クラス		15.0	6.0	11.0	16.8	6.0	7	松岡正海	55.0	ダ1700		良	**	1:47.1	0.8	**	1-1-1-1	29.9-37.6	38.4	468(0)			イサチルカゼニタツ																																																																								
2021106583	2024-09-15	4中山4	晴	6.0	3歳以上1勝クラス		16.0	6.0	12.0	10.6	6.0	8	松岡正海	55.0	ダ1800		良	**	1:55.2	1.8	**	2-2-2-5	35.8-38.9	40.3	464(-4)			デフィニティーボ																																																																								
2021106583	2024-12-22	5中山8	晴	7.0	3歳以上1勝クラス		16.0	1.0	1.0	163.0	12.0	16	松岡正海	57.0	ダ1800		良	**	2:01.7	6.6	**	1-1-3-12	37.7-39.7	46.0	476(+12)			ドバイブルース																																																																								
2021106583	2025-03-08	2中山3	曇	4.0	障害4歳以上未勝利		9.0	7.0	7.0	29.3	6.0	8	大江原圭	59.0	障2880		稍		3:21.0	4.3		5-5-7-8	108.0-0.0	14.0	480(+4)			プラチナムレイアー																																																																								
2021106583	2025-04-06	3中山4	曇	4.0	障害4歳以上未勝利		12.0	8.0	12.0	31.4	8.0	8	大江原圭	59.0	障2880		良		3:20.1	1.9		1-1-1-2	109.1-0.0	13.9	484(+4)			メイショウカズサ																																																																								
2021106583	2025-07-06	2福島4	晴	1.0	障害3歳以上未勝利		14.0	6.0	10.0	21.1	7.0	7	森一馬	60.0	障2750		良		3:05.6	2.1		4-4-6-7	107.0-0.0	13.5	478(-6)			ビーンスターク																																																																								
2021106583	2025-09-07	4中山2	晴	1.0	障害3歳以上未勝利		13.0	5.0	7.0	23.1	7.0	5	大江原圭	60.0	障2880		良		3:20.7	1.5		1-1-1-3	108.0-0.0	13.9	476(-2)			ウィズユアドリーム	84.0																																																																							
2021106583	2025-09-27	4中山8	曇	1.0	障害3歳以上未勝利		11.0	7.0	9.0	13.4	5.0	7	大江原圭	60.0	障2880		良		3:19.2	2.1		1-1-2-3	107.1-0.0	13.8	486(+10)			ヴラディア																																																																								
2021106583	2025-10-25	4新潟3	晴	5.0	3歳以上1勝クラス		14.0	5.0	8.0	53.7	9.0	5	今村聖奈	56.0	ダ1800		良	**	1:53.8	1.1	**	1-1-1-1	36.4-37.7	38.8	480(-6)			ショウサンジョージ	80.0																																																																							
2021106583	2025-11-16	3福島4	晴	3.0	3歳以上1勝クラス		15.0	1.0	1.0	38.8	12.0	15	今村聖奈	56.0	ダ1700		良	**	1:49.1	3.1	**	15-15-15-15	29.2-38.7	39.0	484(+4)			ユウェンタース																																																																								
2021106587	2023-09-17	4阪神4		4.0	2歳新馬								ルメール		ダ1800				1:55.8	-1.1		5-5-1-1	37.0-39.7	39.7	522(0)				720.0																													晴		8.0	4.0	4.0	2.4	1.0	1	55.0	良	**	**		(サンライズガッツ)																													
2021106587	2023-11-03	門別		11.0	JBC2歳優駿(JpnIII)								鮫島克駿		ダ1800				1:57.5	3.2		7-4-5-3		42.3	522(0)				245.0																													晴		12.0	7.0	9.0	7.2	4.0	5	55.0	稍	**	**		フォーエバーヤング																													
2021106587	2024-02-11	1東京6		7.0	3歳1勝クラス								ルメール		ダ1600				1:38.4	0.9		3-3	34.8-37.7	38.4	536(+14)				78.0																													晴		15.0	2.0	3.0	8.6	4.0	5	57.0	稍	**	**		ラタフォレスト																													
2021106587	2024-04-21	2東京2		6.0	3歳1勝クラス								戸崎圭太		ダ1400				1:25.0	-0.2		9-8	35.4-37.2	36.5	540(+4)				780.0																													晴		16.0	8.0	15.0	2.3	1.0	1	57.0	良	**	**		(カピリナ)																													
2021106587	2024-06-22	3東京7		9.0	清里特別(2勝クラス)								ルメール		ダ1400				1:22.8	-0.2		2-2	34.6-36.4	36.3	540(0)				1587.8																													晴		16.0	5.0	10.0	2.7	1.0	1	55.0	重	**	**		(リンドラゴ)																													
2021106587	2024-10-13	4東京3		10.0	テレビ静岡賞(3勝クラス)								佐々木大		ダ1400				1:23.4	0.7		5-4	34.5-36.0	36.3	536(-4)				184.0																													晴		16.0	3.0	6.0	7.8	4.0	5	56.0	良	**	**		ロードフォンス																													
2021106587	2024-11-10	5東京4		9.0	銀嶺S(3勝クラス)								シュタル		ダ1400				1:24.6	1.1		2-2	35.3-36.4	37.5	534(-2)				184.0																													曇		14.0	5.0	8.0	5.0	3.0	5	56.0	良	**	**		バトゥーキ																													
2021106587	2025-02-15	1東京5		10.0	銀蹄S(3勝クラス)								津村明秀		ダ1400				1:23.8	0.1		4-4	35.6-36.1	35.9	542(+8)				750.2																													晴		16.0	1.0	1.0	25.4	7.0	2	58.0	良	**	**		コンクイスタ																													
2021106587	2025-04-26	2東京1		10.0	鎌倉S(3勝クラス)								津村明秀		ダ1400				1:24.1	1.2		7-7	35.4-35.4	35.9	544(+2)																																	曇		16.0	7.0	13.0	5.1	3.0	7	58.0	稍	**	**		ビダーヤ																													
2021106587	2025-08-03	3中京4		6.0	桶狭間S(3勝クラス)								亀田温心		ダ1400				1:24.1	0.0		6-6	34.3-37.9	37.3	550(+6)				749.8																													晴		16.0	6.0	11.0	12.4	6.0	2	58.0	良	**	**		アッチャゴーラ																													
2021106587	2025-08-23	4中京1		11.0	伊賀S(3勝クラス)								亀田温心		ダ1400				1:24.3	0.8		9-9	34.0-37.4	37.4	546(-4)																																	晴		16.0	6.0	11.0	6.8	2.0	8	57.0	良	**	**		プロトポロス																													
2021106587	2025-10-19	3京都7		10.0	京都開設100周年(3勝クラス)								ルメール		ダ1400				1:23.5	0.3		2-2	35.7-35.4	35.5	536(-10)				750.2																													曇		16.0	5.0	10.0	12.1	4.0	2	57.0	良	**	**		グランフォーブル																													
2021106587	2025-11-29	5東京7		10.0	シャングリラS(3勝クラス)								ルメール		ダ1400				1:24.2	0.2		4-4	35.5-36.3	36.2	542(+6)				465.0																													曇		16.0	2.0	4.0	4.5	3.0	3	58.0	良	**	**		アンシール																													
2021106587	2026-01-17	1京都6		11.0	羅生門S(3勝クラス)								ルメール		ダ1400				1:23.9	-0.7		2-1	35.3-36.2	36.1	552(+10)				1903.6																													晴		16.0	3.0	5.0	6.3	3.0	1	58.0	良				(ジャーヴィス)																													
2021106594	2023-11-25	3京都7	晴	5.0	2歳新馬		12.0	6.0	8.0	2.7	1.0	1	角田大河	55.0	芝1400		良	**	1:22.6	-0.3	**	2-2	35.7-34.9	34.7	478(0)			(グローブアマランス)	720.0																																																																							
2021106594	2024-01-27	2京都1	晴	8.0	白梅賞(1勝クラス)		6.0	6.0	6.0	4.5	4.0	3	角田大河	57.0	芝1600		良	**	1:34.7	0.4	**	2-2	34.5-36.2	36.3	490(+12)			スマートスピア	272.2																																																																							
2021106594	2024-02-17	2京都7	晴	6.0	3歳1勝クラス		10.0	1.0	1.0	2.9	1.0	2	角田大河	56.0	芝1400		良	**	1:21.7	0.1	**	4-3	35.4-34.4	34.2	478(-12)			ナムラアトム	310.0																																																																							
2021106594	2024-03-10	1阪神6	晴	5.0	3歳1勝クラス		11.0	1.0	1.0	11.6	5.0	8	角田大河	56.0	芝1600		良	**	1:33.9	0.5	**	7-7	35.4-34.2	34.0	480(+2)			ディスペランツァ																																																																								
2021106594	2024-06-09	1函館2	小雨	8.0	3歳以上1勝クラス		13.0	7.0	10.0	3.1	1.0	10	角田大河	54.0	芝1200		良	**	1:09.3	0.5	**	6-8	33.8-35.0	34.9	492(+12)			クファシル																																																																								
2021106594	2024-06-23	1函館6	晴	12.0	3歳以上1勝クラス		9.0	8.0	8.0	2.7	2.0	1	角田大河	54.0	芝1200		良	**	1:08.7	-0.1	**	5-5	33.3-35.4	34.7	486(-6)			(ハートホイップ)	800.0																																																																							
2021106594	2024-07-14	1函館12	晴	12.0	湯の川温泉特別(2勝クラス)		12.0	1.0	1.0	4.1	2.0	8	角田大河	55.0	芝1200		良	**	1:10.0	0.3	**	7-7	34.3-35.4	35.1	478(-8)			ラウラーナ																																																																								
2021106594	2024-08-04	1札幌6	曇	10.0	札幌スポニチ賞(2勝クラス)		16.0	8.0	15.0	6.5	3.0	14	浜中俊	56.0	芝1200		稍	**	1:10.1	0.8	**	14-14	34.2-35.1	34.3	470(-8)			コナブラック																																																																								
2021106594	2025-01-13	1中京5	晴	12.0	4歳以上2勝クラス		14.0	3.0	3.0	6.3	4.0	5	武豊	58.0	芝1200		良	**	1:10.5	0.4	**	6-6	34.6-35.5	35.3	492(+22)			ロードトレイル	114.0																																																																							
2021106594	2025-01-26	1中京9	晴	12.0	4歳以上2勝クラス		13.0	4.0	4.0	9.4	5.0	3	鮫島克駿	57.0	芝1400		良	**	1:21.7	0.3	**	9-8	34.2-35.6	34.8	490(-2)			マサノカナリア	290.0																																																																							
2021106594	2025-03-16	2中京2	曇	9.0	岡崎特別(2勝クラス)		13.0	6.0	8.0	5.0	3.0	1	武豊	56.0	芝1400		重	**	1:22.2	-0.6	**	3-3	34.3-36.1	35.4	496(+6)			(マテンロウボンド)	1582.9																																																																							
2021106594	2025-04-06	2阪神4	晴	10.0	夢洲S(3勝クラス)		14.0	8.0	14.0	19.2	8.0	13	浜中俊	58.0	芝1600		良	**	1:33.7	1.4	**	7-7	35.4-33.7	34.4	496(0)			シヴァース																																																																								
2021106594	2025-06-01	2京都12	晴	12.0	渡月橋S(3勝クラス)		14.0	6.0	10.0	8.0	5.0	6	団野大成	58.0	芝1400		良	**	1:21.3	0.5	**	5-4	35.7-33.6	33.9	494(-2)			ガロンヌ																																																																								
2021106594	2025-09-27	4阪神8	晴	10.0	道頓堀S(3勝クラス)		16.0	1.0	2.0	22.7	9.0	8	武豊	58.0	芝1200		良	**	1:08.7	0.4	**	10-10	34.4-33.9	33.3	490(-4)			シュタールヴィント																																																																								
2021106594	2025-10-25	3京都8	曇	10.0	長岡京S(3勝クラス)		13.0	2.0	2.0	14.5	7.0	5	高杉吏麒	58.0	芝1400		良	**	1:20.3	0.1	**	6-6	35.0-34.1	33.5	494(+4)			スリールミニョン	184.0																																																																							
2021106595	2023-10-22	4東京7		5.0	2歳新馬								津村明秀		芝1800				1:49.5	0.2		6-7-7	35.9-34.5	34.2	444(0)				180.0																																											晴		16.0	5.0	9.0	17.1	7.0	3	56.0	良	**	**		トロピカルティー															
2021106595	2023-12-09	5中山3		4.0	2歳未勝利								津村明秀		芝1800				1:48.0	-0.3		3-4-4-3	36.4-35.2	34.9	446(+2)				550.0																																											晴		16.0	1.0	2.0	8.8	4.0	1	56.0	良	**	**		(グラウンドビート)															
2021106595	2024-03-09	2中山5		7.0	3歳1勝クラス								津村明秀		芝2000				2:02.4	0.5		7-7-6-6	36.4-37.9	37.7	452(+6)				310.0																																											晴		11.0	5.0	5.0	16.1	6.0	2	57.0	重	**	**		ヘデントール															
2021106595	2024-04-13	3中山7		9.0	山藤賞(1勝クラス)								津村明秀		芝2000				2:01.1	-0.1		1-1-1-1	37.3-34.7	34.7	446(-6)				1086.1																																											晴		6.0	3.0	3.0	5.2	4.0	1	57.0	良	**	**		(ショーマンフリート)															
2021106595	2024-06-30	2福島2		11.0	ラジオNIKKEI賞(GIII)								津村明秀		芝1800				1:45.5	0.2		4-4-6-5	34.5-35.0	34.9	454(+8)				1006.1																																											雨		12.0	4.0	4.0	7.7	5.0	3	54.0	良	**	**		オフトレイル															
2021106595	2024-09-16	4中山5		11.0	朝日セントライト記念(GII)								津村明秀		芝2200				2:12.4	0.8		2-1-1-1	36.2-34.6	35.4	456(+2)				810.0																																											曇		14.0	6.0	10.0	10.3	4.0	4	57.0	良	**	**		アーバンシック															
2021106595	2024-12-14	5中山5		10.0	霞ヶ浦特別(2勝クラス)								津村明秀		芝1800				1:49.2	1.8		1-1-1-1	35.1-38.1	39.9	460(+4)																																															晴		16.0	4.0	7.0	1.6	1.0	15	57.0	良	**	**		ルクスビッグスター															
2021106595	2025-02-16	1京都6		9.0	春日特別(2勝クラス)								ルメール		芝2000				2:04.4	1.8		4-4-1-1	37.7-36.0	37.8	466(+6)																																															曇		9.0	6.0	6.0	3.8	3.0	7	57.0	稍	**	**		バッデレイト															
2021106595	2025-06-07	3東京1		10.0	由比ヶ浜特別(2勝クラス)								津村明秀		芝1400				1:21.8	0.8		11-11	35.0-34.1	33.6	460(-6)																																															晴		15.0	7.0	13.0	5.4	3.0	7	57.0	良	**	**		アームテイル															
2021106595	2025-07-26	2新潟1		7.0	新潟日報賞(3勝クラス)								石川裕紀		芝1400				1:20.1	1.0		5-5	34.4-33.2	33.6	454(-6)				184.0																																											晴		10.0	1.0	1.0	25.2	6.0	5	58.0	良	**	**		ワールズエンド															
2021106595	2025-09-15	4中山5		10.0	Mディープインパクト(2勝クラス)								石川裕紀		芝1800				1:48.1	0.5		3-3-4-3	38.3-33.9	33.9	454(0)				392.9																																											曇		9.0	2.0	2.0	9.2	3.0	3	58.0	良	**	**		フレミングフープ															
2021106595	2025-12-14	5中山4		9.0	霞ヶ浦特別(2勝クラス)								石川裕紀		芝1800				1:49.1	0.3		3-3-4-3	36.9-35.9	35.9	460(+6)				394.1																																											曇		12.0	5.0	6.0	10.1	4.0	3	58.0	稍	**	**		イガッチ															
2021106601	2024-01-14	1京都5		5.0	3歳新馬								ルメート		芝1600				1:36.5	1.4		9-9	34.7-35.6	36.0	454(0)					晴		18.0	5.0	9.0	2.2	1.0	7	57.0	良	**	**		ミエスペランサ																																																									
2021106601	2024-01-27	2京都1		5.0	3歳未勝利								団野大成		芝1800				1:48.3	1.0		5-4	34.8-35.8	36.5	458(+4)				83.0	曇		9.0	1.0	1.0	7.0	4.0	4	57.0	良	**	**		スマートワイス																																																									
2021106601	2024-03-24	2阪神2		5.0	3歳未勝利								角田大河		芝1600				1:35.1	0.5		4-4	35.0-35.6	35.9	466(+8)				220.0	雨		18.0	8.0	18.0	9.1	4.0	2	56.0	重	**	**		パシフィックハイ																																																									
2021106601	2024-04-14	2阪神8		2.0	3歳未勝利								団野大成		ダ1400				1:25.5	0.1		5-5	35.0-38.1	37.3	464(-2)				111.5	晴		15.0	7.0	13.0	3.8	2.0	3	57.0	良	**	**		グリーズマン																																																									
2021106601	2024-06-15	4京都5		4.0	3歳未勝利								幸英明		芝1400				1:20.2	0.2		8-8	34.2-34.3	33.6	470(+6)				140.0	晴		18.0	7.0	13.0	15.4	5.0	3	57.0	良	**	**		ツーネサーン																																																									
2021106601	2024-07-07	3小倉4		7.0	3歳未勝利								幸英明		芝1800				1:47.7	0.6		2-2-2-2	34.9-36.5	37.0	472(+2)				140.0	晴		16.0	1.0	2.0	4.3	2.0	3	57.0	良	**	**		ダノンアトラス																																																									
2021106601	2024-08-03	2新潟3		5.0	3歳未勝利								幸英明		芝2000				2:01.4	1.6		1-1-1-2	34.1-35.7	37.3	478(+6)					晴		18.0	4.0	8.0	5.5	3.0	11	57.0	良	**	**		サダムオプシス																																																									
2021106601	2024-10-12	4新潟3		8.0	3歳以上1勝クラス								菅原明良		ダ1200				1:11.7	0.0		7-8	34.3-37.4	36.6	478(0)				200.0	晴		13.0	4.0	4.0	4.7	2.0	3	57.0	良	**	**		ネイト																																																									
2021106601	2024-12-22	7京都8		12.0	ジングルベル賞(2勝クラス)								Ｍ．デム		芝1400				1:21.2	-0.4		5-4	35.4-34.2	33.7	482(+4)				1593.4	晴		17.0	5.0	10.0	6.9	4.0	1	53.0	良	**	**		(ショウナンラウール)																																																									
2021106601	2025-03-02	1阪神2		12.0	4歳以上2勝クラス								森田誠也		ダ1200				1:12.0	0.3		2-1	34.7-37.0	37.3	486(+4)				290.0	曇		16.0	5.0	10.0	5.0	3.0	3	55.0	良	**	**		キタノズエッジ																																																									
2021106601	2025-03-15	2中京1		9.0	伊良湖特別(2勝クラス)								鮫島克駿		ダ1200				1:12.3	-0.2		2-2	35.9-36.4	36.3	486(0)				1588.5	小雨		16.0	2.0	3.0	2.2	1.0	1	58.0	良	**	**		(セントラルヴァレー)																																																									
2021106601	2025-05-04	2京都4		10.0	淀S(3勝クラス)								団野大成		芝1200				1:08.2	-0.2		4-3	34.3-33.9	33.6	482(-4)				1869.4	晴		13.0	4.0	4.0	4.5	2.0	1	58.0	良	**	**		(バンドシェル)																																																									
2021106601	2025-07-06	2小倉4		11.0	TV西日本北九州記念(GIII)								団野大成		芝1200				1:07.8	-0.1		10-7	32.5-35.3	34.7	496(+14)				4163.7	晴		18.0	5.0	9.0	5.7	1.0	1	55.0	良	**	**		(ヨシノイースター)																																																									
2021106601	2025-08-10	3中京6		7.0	CBC賞(GIII)								団野大成		芝1200				1:08.0	0.6		11-10	34.0-33.4	33.3	494(-2)					曇		17.0	7.0	14.0	4.2	2.0	12	57.5	良	**	**		インビンシブルパパ																																																									
2021106601	2025-09-28	4中山9		11.0	スプリンターズS(GI)								団野大成		芝1200				1:08.2	1.3		13-14	33.7-33.2	33.4	498(+4)					晴		16.0	6.0	12.0	140.0	15.0	15	58.0	良	**	**		ウインカーネリアン																																																									
2021106601	2025-11-30	4京都8		12.0	京阪杯(GIII)								団野大成		芝1200				1:08.1	0.7		10-12	32.7-34.7	33.8	492(-6)					晴		18.0	8.0	16.0	25.4	12.0	7	58.0	良	**	**		エーティーマクフィ																																																									
2021106612	2023-12-24	5阪神8		6.0	2歳新馬								石川裕紀		芝1600				1:37.3	1.2		12-13	36.4-34.1	34.2	460(0)					晴		18.0	2.0	4.0	11.1	5.0	11	56.0	良	**	**		スマートスピア																																																									
2021106612	2024-01-21	1京都7		1.0	3歳未勝利								松山弘平		ダ1900				2:01.0	1.4		6-6-7-8	30.2-36.6	37.4	458(-2)					小雨		10.0	1.0	1.0	7.5	5.0	7	57.0	不	**	**		スマートリアファル																																																									
2021106612	2024-03-16	1阪神7		4.0	3歳未勝利								Ｍ．デム		ダ2000				2:09.7	0.2		8-8-5-4	36.5-38.8	38.6	462(+4)				220.0	晴		11.0	8.0	11.0	5.2	2.0	2	57.0	良	**	**		メイショウモモタ																																																									
2021106612	2024-04-06	2阪神5		3.0	3歳未勝利								モレイラ		ダ2000				2:07.9	2.1		1-1-1-1	37.2-37.1	39.2	460(-2)				83.0	晴		10.0	5.0	5.0	7.0	3.0	4	57.0	稍	**	**		ルシュヴァルドール																																																									
2021106612	2024-04-27	3京都3		1.0	3歳未勝利								戸崎圭太		ダ1800				1:55.3	0.0		2-2-2-2	36.8-40.2	40.1	460(0)				550.0	曇		15.0	3.0	4.0	4.4	4.0	1	57.0	良	**	**		(ヘニーズネフュー)																																																									
2021106612	2024-07-14	3小倉6		12.0	3歳以上1勝クラス								西村淳也		ダ1700				1:43.3	0.3		2-2-2-2	29.4-36.9	37.0	458(-2)				200.0	雨		16.0	1.0	1.0	21.4	6.0	3	55.0	不	**	**		バガリーロータス																																																									
2021106612	2024-08-11	2中京2		8.0	3歳以上1勝クラス								西村淳也		ダ1800				1:53.1	-0.1		2-2-2-2	37.1-38.2	38.1	460(+2)				800.0	晴		13.0	4.0	5.0	4.9	2.0	1	55.0	良	**	**		(キングオブフジ)																																																									
2021106612	2024-12-01	7京都2		9.0	聚楽第特別(2勝クラス)								戸崎圭太		ダ1800				1:54.2	0.2		2-2-2-2	37.8-37.1	37.2	462(+2)				393.9	晴		11.0	3.0	3.0	3.8	2.0	3	56.0	良	**	**		サンライズパスカル																																																									
2021106612	2024-12-22	7京都8		9.0	クリスマスエルフ賞(2勝クラス)								Ｍ．デム		ダ1800				1:54.8	1.0		5-5-2-2	37.2-38.6	39.0	464(+2)					晴		16.0	6.0	12.0	4.5	2.0	8	57.0	良	**	**		タンゴバイラリン																																																									
2021106612	2025-02-15	1東京5		8.0	4歳以上2勝クラス								キング		ダ1600				1:38.5	2.0		6-5	34.7-37.1	38.5	462(-2)					晴		16.0	5.0	10.0	16.7	4.0	11	58.0	良	**	**		ダノンザボルケーノ																																																									
2021106612	2025-03-01	1小倉11		11.0	早鞆特別(2勝クラス)								吉田隼人		ダ1700				1:46.1	0.7		2-2-2-2	30.7-36.6	37.2	464(+2)					曇		15.0	8.0	14.0	20.8	7.0	8	55.0	良	**	**		コブラ																																																									
2021106612	2025-06-29	2小倉2		10.0	西部日刊スポーツ杯(2勝クラス)								松山弘平		ダ1700				1:47.8	2.2		3-4-3-5	29.9-37.6	39.5	474(+10)					晴		15.0	7.0	13.0	7.3	3.0	12	58.0	良	**	**		メイショウフウドウ																																																									
2021106612	2025-11-05	船橋		12.0	十余一特別(B2)								本橋孝太		ダ1700				1:50.7	1.6		3-3-2-4	30.2-40.0	41.5	482(+8)					曇		11.0	6.0	7.0	9.6	4.0	9	56.0	良	**	**		シミズミナト																																																									
2021106612	2025-11-27	浦和		12.0	栃木県畜産協会長賞特(B2B3)								本橋孝太		ダ2000				2:10.7	0.1		6-7-7-5	38.1-38.8	37.7	473(-9)				140.0	曇		12.0	4.0	4.0	9.1	4.0	2	57.0	良	**	**		リジン																																																									
2021106612	2025-12-24	浦和		12.0	聖夜特別(B2B3)								澤田龍哉		ダ2000				2:10.0	0.0		6-7-5-3	37.9-39.0	37.0	474(+1)				140.0	雨		12.0	8.0	11.0	5.2	3.0	2	57.0	重	**	**		リジン																																																									
2021106683	2023-06-25	3阪神8	曇	5.0	2歳新馬		7.0	4.0	4.0	60.1	7.0	7	岩田望来	55.0	芝1800		良	**	1:52.5	3.7	**	3-3	36.1-34.2	37.7	436(0)			ギャンブルルーム																																																																								
2021106683	2023-09-17	4阪神4	晴	3.0	2歳未勝利		13.0	5.0	6.0	117.8	10.0	9	幸英明	55.0	芝1400		良	**	1:22.3	1.1	**	13-12	33.3-35.8	35.3	426(-10)			イツモニコニコ																																																																								
2021106683	2023-10-09	2京都3	曇	1.0	2歳未勝利		12.0	8.0	12.0	174.4	12.0	9	菅原明良	56.0	芝1400		重	**	1:23.3	0.7	**	9-10	34.3-36.7	36.6	434(+8)			マイネルティグレ																																																																								
2021106683	2023-11-12	3京都4	曇	3.0	2歳未勝利		13.0	7.0	11.0	446.7	13.0	3	藤岡康太	56.0	芝1600		良	**	1:35.4	0.4	**	11-11	34.7-36.3	35.7	438(+4)			オフトレイル	140.0																																																																							
2021106683	2023-12-09	5阪神3	晴	2.0	2歳未勝利		9.0	4.0	4.0	28.2	6.0	6	藤岡康太	56.0	芝1600		良	**	1:34.9	1.1	**	7-7	36.0-34.0	34.3	442(+4)			キャプテンシー																																																																								
2021106683	2024-03-17	1中京4	曇	4.0	3歳未勝利		16.0	8.0	15.0	46.6	9.0	6	藤岡康太	57.0	芝1600		良	**	1:36.6	0.9	**	12-12-13	36.8-34.4	34.3	448(+6)			ピックアチェリー																																																																								
2021106683	2024-03-24	2阪神2	雨	5.0	3歳未勝利		18.0	5.0	9.0	21.1	7.0	5	西塚洸二	55.0	芝1600		重	**	1:35.7	1.1	**	10-11	35.0-35.6	35.6	450(+2)			パシフィックハイ	55.0																																																																							
2021106683	2024-06-23	4京都8	小雨	4.0	3歳未勝利		18.0	6.0	12.0	9.6	5.0	2	団野大成	57.0	芝1600		重	**	1:35.7	0.3	**	16-12	34.8-35.8	35.2	456(+6)			プリズマジコ	220.0																																																																							
2021106683	2024-07-07	3小倉4	晴	7.0	3歳未勝利		16.0	4.0	7.0	15.3	7.0	9	団野大成	57.0	芝1800		良	**	1:49.4	2.3	**	8-9-10-9	34.9-36.5	37.7	452(-4)			ダノンアトラス																																																																								
2021106683	2024-08-17	2中京3	晴	3.0	3歳未勝利		11.0	7.0	9.0	10.2	3.0	4	吉村誠之	54.0	ダ1900		良	**	2:01.7	0.7	**	9-9-8-7	30.5-39.3	38.6	450(-2)			カレンワッツアップ	83.0																																																																							
2021106683	2025-02-23	1京都8	曇	8.0	4歳以上1勝クラス		12.0	2.0	2.0	37.2	7.0	10	吉村誠之	55.0	ダ1800		良	**	1:57.0	2.9	**	8-8-7-6	37.5-38.1	40.2	466(+16)			シャハザマーン																																																																								
2021106683	2025-04-06	3中山4	小雨	8.0	4歳以上1勝クラス		13.0	8.0	13.0	197.9	11.0	6	水沼元輝	55.0	芝1800		良	**	1:49.5	0.9	**	10-11-10-11	36.2-35.1	34.6	466(0)			ビジューブリランテ																																																																								
2021106683	2025-04-26	2東京1	曇	8.0	4歳以上1勝クラス		12.0	8.0	12.0	183.9	10.0	10	原優介	58.0	芝1600		良	**	1:34.7	1.0	**	9-9	35.7-33.8	33.7	464(-2)			シャンパンマーク																																																																								
2021106683	2025-05-04	1新潟2	晴	12.0	4歳以上1勝クラス		13.0	5.0	6.0	80.2	10.0	8	水沼元輝	55.0	芝1400		良	**	1:23.1	0.4	**	9-10	34.9-35.8	35.4	462(-2)			ベストオブユー																																																																								
2021106683	2025-05-11	2東京6	晴	6.0	4歳以上1勝クラス		12.0	2.0	2.0	235.3	11.0	8	原優介	58.0	芝1400		良	**	1:22.0	0.8	**	10-10	35.7-33.8	33.7	464(+2)			ハクサンイーグル																																																																								
2021106683	2025-10-05	4東京2	曇	8.0	3歳以上1勝クラス		14.0	1.0	1.0	182.9	13.0	14	水沼元輝	55.0	芝1800		良	**	1:47.7	2.0	**	14-11-11	35.7-33.8	34.4	474(+10)			ジャサルディア																																																																								
2021106683	2025-12-02	金沢	曇	8.0	C22		8.0	5.0	5.0	2.6	2.0	2	栗原大河	57.0	ダ1500		良	**	1:37.0	0.2	**	2-2-2-2		40.4	468(-6)			スマートテンペスト	13.7																																																																							
2021106724	2023-10-09	4東京3		6.0	2歳新馬								吉田豊		ダ1400				1:26.9	0.6		1-1	35.7-38.0	38.6	430(0)																																	雨		15.0	2.0	2.0	8.0	4.0	6	55.0	不	**	**		エンブレムボム																													
2021106724	2023-11-19	5東京6		1.0	2歳未勝利								吉田豊		ダ1400				1:28.0	3.2		1-1	34.9-37.6	40.8	436(+6)																																	晴		16.0	2.0	3.0	8.1	4.0	16	55.0	稍	**	**		ニシノアウェイク																													
2021106724	2024-02-11	1東京6		1.0	3歳未勝利								吉田豊		ダ1400				1:27.3	0.6		6-6	35.7-38.0	38.0	430(-6)				55.0																													晴		16.0	6.0	12.0	46.4	8.0	5	55.0	稍	**	**		フラーハ																													
2021106724	2024-03-02	2中山3		1.0	3歳未勝利								吉田豊		ダ1200				1:13.6	1.2		11-10	34.0-38.4	38.3	430(0)				55.0																													晴		16.0	5.0	10.0	14.4	4.0	5	55.0	重	**	**		ペイシャニット																													
2021106724	2024-03-23	3中山1		1.0	3歳未勝利								小林勝太		ダ1200				1:12.7	-0.3		5-5	34.5-38.2	37.8	426(-4)				550.0																													曇		16.0	7.0	13.0	8.7	4.0	1	52.0	良	**	**		(ケープアグラス)																													
2021106724	2024-06-30	2福島2		12.0	3歳以上1勝クラス								原優介		芝1200				1:09.4	0.8		8-9	34.0-34.6	34.9	426(0)																																	雨		16.0	2.0	3.0	10.9	6.0	12	52.0	良	**	**		テセラリアン																													
2021106724	2024-09-07	4中山1		6.0	3歳以上1勝クラス								長浜鴻緒		ダ1200				1:11.6	0.1		9-8	34.0-37.5	37.1	426(0)				320.0																													晴		16.0	8.0	15.0	16.4	6.0	2	51.0	良	**	**		オーブルクール																													
2021106724	2024-09-29	4中山9		6.0	3歳以上1勝クラス								長浜鴻緒		ダ1200				1:11.3	0.3		3-3	34.0-37.0	36.9	428(+2)				320.0																													曇		16.0	8.0	16.0	4.4	2.0	2	51.0	良	**	**		マイネルディレクト																													
2021106724	2024-10-26	4新潟7		3.0	3歳以上1勝クラス								長浜鴻緒		ダ1200				1:12.2	1.1		6-6	34.1-37.0	37.4	426(-2)																																	晴		11.0	8.0	11.0	2.4	1.0	9	52.0	良	**	**		フレイミングパイ																													
2021106724	2025-03-16	2中山6		7.0	4歳以上1勝クラス								長浜鴻緒		ダ1200				1:11.9	0.6		10-10	33.4-37.9	37.1	444(+18)				320.0																													雨		16.0	2.0	3.0	4.5	3.0	2	53.0	不	**	**		バロン																													
2021106724	2025-04-13	3中山6		12.0	4歳以上1勝クラス								長浜鴻緒		ダ1200				1:12.0	1.0		9-10	34.1-36.9	37.1	442(-2)				120.0																													雨		16.0	8.0	15.0	2.3	1.0	4	53.0	稍	**	**		ソーニャシュニク																													
2021106724	2025-07-05	2福島3		6.0	3歳以上1勝クラス								原優介		ダ1700				1:50.0	4.5		5-5-6-10	30.3-38.8	42.5	438(-4)																																	晴		14.0	8.0	14.0	20.8	7.0	13	56.0	稍	**	**		ピコシー																													
2021106724	2025-10-25	4新潟3		4.0	3歳以上1勝クラス								上里直汰		ダ1200				1:13.4	1.5		12-14	34.1-37.8	37.6	440(+2)																																	晴		15.0	6.0	10.0	20.3	5.0	10	53.0	良	**	**		ロッカバイベイビー																													
2021106724	2025-12-28	5中山8		7.0	3歳以上1勝クラス								長浜鴻緒		ダ1200				1:12.3	0.3		3-2	34.4-37.6	37.5	444(+4)				320.0																													晴		16.0	8.0	16.0	7.2	4.0	2	54.0	良	**	**		タイセイルヴァン																													
2021106724	2026-01-17	1中山6		6.0	4歳以上1勝クラス								長浜鴻緒		ダ1200				1:13.1	1.2		15-16	34.3-37.6	37.6	444(0)																																	晴		16.0	2.0	3.0	4.8	3.0	13	54.0	良				メッエフアパラ																													
2021106752	2024-01-21	1京都7		5.0	3歳新馬								幸英明		芝1600				1:38.4	0.4		7-7	35.1-36.6	36.4	432(0)				93.0																																											曇		17.0	2.0	3.0	24.6	8.0	4	55.0	不	**	**		ジャンヌローサ															
2021106752	2024-03-09	1阪神5		4.0	3歳未勝利								鮫島克駿		芝2000				2:02.9	-0.1		1-1-1-1	37.1-35.3	35.3	428(-4)				550.0																																											曇		13.0	8.0	13.0	10.4	5.0	1	55.0	良	**	**		(シルキーガール)															
2021106752	2024-04-07	2阪神6		9.0	忘れな草賞(L)								鮫島克駿		芝2000				2:01.0	1.6		1-1-1-2	34.5-35.4	37.0	422(-6)																																															晴		8.0	1.0	1.0	22.4	5.0	6	55.0	良	**	**		タガノエルピーダ															
2021106752	2024-05-19	2東京10		11.0	優駿牝馬(GI)								田辺裕信		芝2400				2:25.3	1.3		9-12-13-16	34.7-35.1	34.9	422(0)																																															曇		18.0	2.0	4.0	215.8	17.0	15	55.0	良	**	**		チェルヴィニア															
2021106752	2024-07-20	3小倉7		7.0	3歳以上1勝クラス								和田竜二		芝2000				2:00.8	0.5		5-7-7-6	35.3-36.0	36.1	428(+6)				120.0																																											曇		11.0	1.0	1.0	5.2	3.0	4	53.0	稍	**	**		チェレスタ															
2021106752	2024-09-21	3中京6		7.0	3歳以上1勝クラス								鮫島克駿		芝2000				2:00.8	0.4		8-8-4-5	36.1-34.5	34.5	442(+14)				320.0																																											晴		16.0	7.0	14.0	4.7	3.0	2	53.0	良	**	**		ヤングスカーレット															
2021106752	2024-10-26	5京都7		7.0	3歳以上1勝クラス								鮫島克駿		芝2000				2:00.2	0.3		9-9-9-9	35.9-35.1	34.7	444(+2)				120.0																																											曇		11.0	6.0	6.0	4.3	2.0	4	54.0	良	**	**		ミカエルパシャ															
2021106752	2024-11-17	3福島6		8.0	3歳以上1勝クラス								鮫島克駿		芝2000				2:01.2	0.0		11-9-9-8	35.7-35.4	34.8	432(-12)				560.0																																											晴		16.0	3.0	6.0	3.0	1.0	1	54.0	良	**	**		(ティンク)															
2021106752	2025-01-26	1中山9		7.0	4歳以上2勝クラス								岩田望来		芝1800				1:48.3	0.1		3-4-3-2	36.1-36.5	36.2	432(0)				460.0																																											晴		10.0	4.0	4.0	7.9	4.0	2	55.0	良	**	**		アンリーロード															
2021106752	2025-03-16	2中山6		9.0	房総特別(2勝クラス)								田辺裕信		芝1800				1:52.5	1.4		12-12-5-5	37.3-37.3	38.0	432(0)																																															雨		16.0	8.0	15.0	8.5	4.0	7	56.0	重	**	**		アマイ															
2021106752	2025-06-14	1函館1		10.0	松前特別(2勝クラス)								鮫島克駿		芝1800				1:46.3	-0.2		9-8-7-7	34.6-34.9	34.3	440(+8)				1585.0																																											晴		16.0	3.0	6.0	11.0	6.0	1	56.0	良	**	**		(カテリーナ)															
2021106752	2025-07-12	1函館9		11.0	五稜郭S(3勝クラス)								鮫島克駿		芝1800				1:46.3	0.0		6-7-6-6	35.3-35.5	34.8	448(+8)				1870.1																																											晴		14.0	6.0	10.0	6.9	4.0	1	56.0	良	**	**		(エラトー)															
2021106752	2025-08-03	1札幌4		11.0	クイーンS(GIII)								鮫島克駿		芝1800				1:46.3	0.3		6-7-7-7	34.9-35.9	35.0	440(-8)				380.0																																											晴		14.0	1.0	1.0	26.5	8.0	5	55.0	良	**	**		アルジーヌ															
2021106752	2025-11-22	3福島5		11.0	福島記念(GIII)								鮫島克駿		芝2000				2:00.2	0.3		12-12-11-9	36.1-34.2	33.6	440(0)				1108.1																																											晴		16.0	4.0	7.0	18.6	7.0	3	54.0	良	**	**		ニシノティアモ															
2021106768	2023-10-07	4東京1		5.0	2歳新馬								石川裕紀		芝1800				1:50.6	1.7		9-10-10	36.4-34.1	35.0	466(0)																			晴		11.0	3.0	3.0	72.4	10.0	10	56.0	良	**	**		タリフライン																																											
2021106768	2023-12-17	5中山6		7.0	2歳未勝利								丹内祐次		芝2000				2:02.9	0.7		6-5-5-5	36.5-36.5	36.9	462(-4)																			晴		18.0	4.0	7.0	65.9	10.0	6	56.0	良	**	**		アスクナイスショー																																											
2021106768	2024-01-20	1中山6		6.0	3歳未勝利								石川裕紀		芝2000				2:02.0	1.3		11-12-12-11	35.5-35.6	35.7	472(+10)																			曇		17.0	4.0	7.0	114.6	10.0	7	57.0	良	**	**		ディマイザキッド																																											
2021106768	2024-05-05	1新潟4		5.0	3歳未勝利								丹内祐次		芝1800				1:50.0	1.6		11-11	36.4-35.7	35.1	474(+2)																			晴		16.0	7.0	14.0	23.2	8.0	10	57.0	良	**	**		ハイディージェン																																											
2021106768	2024-05-18	2東京9		5.0	3歳未勝利								武藤雅		芝2000				2:00.2	1.0		2-2-2	35.4-35.4	36.2	468(-6)																			晴		18.0	7.0	15.0	175.0	14.0	8	57.0	良	**	**		ダノンホイットニー																																											
2021106768	2024-06-23	3東京8		3.0	3歳未勝利								野中悠太		芝2400				2:28.8	0.6		5-6-6-6	37.5-36.2	36.4	466(-2)				140.0															小雨		17.0	4.0	8.0	21.0	7.0	3	57.0	稍	**	**		トラストボス																																											
2021106768	2024-07-14	2福島6		3.0	3歳未勝利								野中悠太		芝2600				2:43.8	0.9		10-10-7-7	37.6-35.4	35.8	472(+6)				83.0															晴		16.0	4.0	8.0	12.2	6.0	4	57.0	良	**	**		シドニーライト																																											
2021106768	2024-08-10	3新潟1		3.0	3歳未勝利								野中悠太		芝2400				2:26.3	0.6		7-6-3-2	35.0-36.2	36.7	468(-4)																			晴		18.0	3.0	6.0	24.8	5.0	6	57.0	良	**	**		ラルンエベール																																											
2021106768	2025-01-25	1小倉1		7.0	4歳以上1勝クラス								斎藤新		芝2600				2:40.0	0.7		8-7-7-8	37.2-36.1	36.1	476(+8)																			晴		16.0	4.0	7.0	127.6	15.0	6	57.0	良	**	**		セイウンパシュート																																											
2021106768	2025-02-08	1小倉5		9.0	足立山特別(1勝クラス)								杉原誠人		芝2600				2:45.2	1.0		1-1-1-1	36.4-36.5	37.5	484(+8)																			曇		14.0	3.0	3.0	22.7	7.0	9	57.0	稍	**	**		サークルオブジョイ																																											
2021106768	2025-03-02	1阪神2		9.0	淡路特別(2勝クラス)								田口貫太		芝2200				2:13.6	1.8		9-8-9-8	33.7-35.4	36.1	468(-16)																			小雨		9.0	3.0	3.0	92.7	7.0	6	57.0	良	**	**		タガノデュード																																											
2021106768	2025-03-23	1阪神8		7.0	4歳以上1勝クラス								田口貫太		芝2400				2:26.7	0.3		4-4-4-4	38.0-34.2	33.8	478(+10)				200.0															晴		9.0	3.0	3.0	53.8	7.0	3	57.0	良	**	**		スピードリッチ																																											
2021106768	2025-04-19	2阪神7		7.0	4歳以上1勝クラス								田口貫太		芝2400				2:26.0	1.4		3-3-3-3	37.3-34.2	35.3	488(+10)				80.0															晴		10.0	7.0	7.0	12.9	5.0	5	58.0	良	**	**		アクアヴァーナル																																											
2021106768	2025-07-12	2福島5		7.0	3歳以上1勝クラス								石神深道		芝2000				2:04.2	1.2		2-2-1-1	36.0-36.7	37.9	490(+2)																			曇		14.0	3.0	5.0	15.5	5.0	8	55.0	良	**	**		リアンベーレ																																											
2021106768	2025-11-02	3京都11		7.0	3歳以上1勝クラス								杉原誠人		芝2200				2:14.2	0.9		1-1-2-1	36.2-34.4	35.2	492(+2)																			晴		16.0	6.0	12.0	194.3	14.0	11	58.0	良	**	**		スカイサーベイ																																											
2021106768	2025-12-21	5中山6		4.0	障害3歳以上未勝利								小坂忠士		障2880				3:18.7	2.5		10-10-4-3	109.1-0.0	13.8	498(+6)				130.0															曇		14.0	1.0	1.0	61.9	11.0	4	60.0	重				ダノンロッキー																																											
2021106768	2026-01-18	1中山7		4.0	障害4歳以上未勝利								石神深一		障2880				3:14.3	0.7		8-7-5-5	106.1-0.0	13.5	494(-4)				130.0																																																									晴		14.0	6.0	10.0	5.9	4.0	4	60.0	良				アスクオンディープ	202606010704
2021106787	2023-06-10	3東京3	曇	5.0	2歳新馬		12.0	3.0	3.0	19.6	5.0	12	戸崎圭太	55.0	芝1600		良	**	1:39.4	4.6	**	12-12	35.9-34.7	36.4	486(0)			ゴンバデカーブース																																																																								
2021106787	2023-09-10	4中山2	晴	2.0	2歳未勝利		10.0	7.0	8.0	60.1	8.0	4	丹内祐次	55.0	芝2000		良	**	2:01.5	0.9	**	1-1-1-1	36.4-35.1	36.0	498(+12)			コイヌール	83.0																																																																							
2021106787	2023-09-30	4中山8	曇	4.0	2歳未勝利		14.0	5.0	7.0	17.5	6.0	2	丹内祐次	55.0	芝2000		良	**	2:03.5	0.1	**	3-2-2-2	37.3-35.3	35.2	492(-6)			アバンデル	220.0																																																																							
2021106787	2023-10-29	4新潟6	小雨	1.0	2歳未勝利		15.0	7.0	12.0	3.1	1.0	1	丹内祐次	56.0	芝2000		重	**	2:03.8	-0.4	**	2-2-2-2	37.2-36.4	36.2	494(+2)			(ロンギングガバーナ)	550.0																																																																							
2021106787	2023-11-25	3京都7	晴	11.0	ラジオN杯京都2歳S(GIII)		14.0	7.0	11.0	194.3	14.0	8	角田大河	56.0	芝2000		良	**	2:00.4	0.6	**	13-12-7-10	35.0-35.9	35.9	502(+8)			シンエンペラー																																																																								
2021106787	2024-01-08	1中山3	晴	6.0	3歳1勝クラス		11.0	4.0	4.0	6.8	5.0	2	丹内祐次	57.0	芝2000		良	**	1:59.9	0.1	**	10-10-10-9	35.9-35.7	34.9	498(-4)			ファビュラススター	310.0																																																																							
2021106787	2024-03-03	2中山4	晴	11.0	報知弥生ディープ記念(GII)		11.0	6.0	7.0	34.9	6.0	1	Ｍ．デム	57.0	芝2000		良	**	1:59.8	-0.2	**	9-7-2-2	35.2-35.1	34.9	504(+6)			(シンエンペラー)	5478.4																																																																							
2021106787	2024-04-14	3中山8	晴	11.0	皐月賞(GI)		17.0	6.0	12.0	15.8	7.0	2	モレイラ	57.0	芝2000		良	**	1:57.1	0.0	**	9-8-9-8	34.2-35.8	34.2	500(-4)			ジャスティンミラノ	8750.4																																																																							
2021106787	2024-05-26	2東京12	晴	11.0	東京優駿(GI)		17.0	3.0	6.0	14.3	6.0	6	Ｍ．デム	57.0	芝2400		良	**	2:25.1	0.8	**	16-13-5-4	36.3-33.8	34.3	502(+2)			ダノンデサイル																																																																								
2021106787	2024-09-16	4中山5	曇	11.0	朝日セントライト記念(GII)		14.0	5.0	8.0	2.9	1.0	2	Ｍ．デム	57.0	芝2200		良	**	2:11.9	0.3	**	9-10-7-3	36.2-34.6	34.2	504(+2)			アーバンシック	2228.0																																																																							
2021106787	2024-10-20	5京都6	晴	11.0	菊花賞(GI)		18.0	5.0	9.0	6.0	3.0	14	Ｍ．デム	57.0	芝3000		良	**	3:08.4	4.3	**	16-16-11-6	37.0-35.9	39.4	512(+8)			アーバンシック																																																																								
2021106787	2024-12-07	4中京3	曇	11.0	中日新聞杯(GIII)		18.0	5.0	9.0	4.5	2.0	6	横山武史	58.0	芝2000		良	**	1:59.1	0.7	**	14-13-5-5	35.3-35.6	35.6	504(-8)			デシエルト																																																																								
2021106787	2025-01-26	1中山9	晴	11.0	アメリカジョッキーC(GII)		18.0	7.0	13.0	7.4	3.0	3	横山武史	57.0	芝2200		良	**	2:12.2	0.1	**	14-13-3-2	36.5-36.6	36.4	510(+6)			ダノンデサイル	1618.4																																																																							
2021106787	2025-04-06	2阪神4	晴	11.0	大阪杯(GI)		15.0	5.0	9.0	20.1	9.0	8	丹内祐次	58.0	芝2000		良	**	1:56.8	0.6	**	5-6-5-5	34.9-35.1	34.6	504(-6)			ベラジオオペラ																																																																								
2021106787	2025-08-17	1札幌8	曇	11.0	札幌記念(GII)		16.0	2.0	4.0	10.7	6.0	10	丹内祐次	58.0	芝2000		稍	**	2:02.6	1.1	**	12-13-13-13	36.1-36.9	36.1	498(-6)			トップナイフ																																																																								
2021106787	2025-09-21	4中山7	曇	11.0	産経賞オールカマー(GII)		11.0	1.0	1.0	8.1	5.0	8	丹内祐次	57.0	芝2200		良	**	2:11.0	0.8	**	5-5-2-2	35.1-34.5	35.2	502(+4)			レガレイラ																																																																								
2021106787	2025-11-02	4東京11	曇	11.0	天皇賞(秋)(GI)		14.0	1.0	1.0	117.0	14.0	12	津村明秀	58.0	芝2000		良	**	1:59.2	0.6	**	2-3-3	37.1-32.9	33.3	520(+18)			マスカレードボール																																																																								
2021106787	2025-11-30	5東京8	晴	12.0	ジャパンC(GI)		17.0	2.0	3.0	349.3	16.0	9	丹内祐次	58.0	芝2400		良	**	2:21.9	1.6	**	6-6-4-3	34.5-34.6	35.6	522(+2)			カランダガン																																																																								
2021106787	2025-12-28	5中山8	晴	11.0	有馬記念(GI)		16.0	5.0	10.0	111.5	12.0	2	横山武史	58.0	芝2500		良	**	2:31.6	0.1	**	2-3-2-2	29.7-35.6	35.5	522(0)			ミュージアムマイル	20100.8																																																																							
2021106816	2023-07-22	2福島7		5.0	2歳新馬								Ｍ．デム		芝1800				1:52.9	1.7		2-2-3-4	36.8-37.0	38.5	448(0)																																															晴		9.0	8.0	9.0	9.9	5.0	6	55.0	良	**	**		アレグロブリランテ															
2021106816	2023-08-20	3新潟4		2.0	2歳未勝利								津村明秀		芝1800				1:47.2	-0.1		4-4	35.6-35.5	35.0	442(-6)				550.0																																											晴		9.0	2.0	2.0	13.3	4.0	1	55.0	良	**	**		(シトラール)															
2021106816	2023-09-30	4中山8		9.0	芙蓉S(OP)								横山武史		芝2000								37.1-35.8		442(0)																																															晴		8.0	8.0	8.0			除	55.0	良	**	**		シリウスコルト															
2021106816	2023-10-07	4東京1		11.0	サウジアラビアRC(GIII)								津村明秀		芝1600				1:34.8	1.4		4-6	34.9-34.2	35.2	448(+6)																																															晴		9.0	8.0	9.0	101.4	8.0	7	56.0	良	**	**		ゴンバデカーブース															
2021106816	2023-11-05	5東京2		9.0	百日草特別(1勝クラス)								津村明秀		芝2000				2:00.1	0.7		3-3-3	36.4-34.5	34.4	442(-6)				107.0																																											晴		9.0	2.0	2.0	27.0	7.0	5	56.0	良	**	**		アーバンシック															
2021106816	2024-01-21	1中山7		9.0	若竹賞(1勝クラス)								松岡正海		芝1800				1:52.9	0.8		8-8-9-7	36.0-37.8	37.8	444(+2)				107.0																																											小雨		11.0	6.0	6.0	46.0	10.0	5	57.0	不	**	**		ルカランフィースト															
2021106816	2024-02-11	2小倉2		9.0	あすなろ賞(1勝クラス)								鮫島克駿		芝2000				2:02.8	0.6		5-5-4-4	37.0-34.8	35.1	442(-2)																																															晴		10.0	7.0	8.0	18.9	6.0	6	57.0	良	**	**		サトノシュトラーセ															
2021106816	2024-03-09	2中山5		7.0	3歳1勝クラス								松岡正海		芝2000				2:02.7	0.8		9-9-9-8	36.4-37.9	37.5	446(+4)				200.0																																											晴		11.0	6.0	6.0	34.5	9.0	3	57.0	重	**	**		ヘデントール															
2021106816	2024-04-13	3中山7		9.0	山藤賞(1勝クラス)								松岡正海		芝2000				2:01.5	0.4		5-5-5-5	37.3-34.7	34.6	446(0)				107.0																																											晴		6.0	2.0	2.0	34.7	6.0	5	57.0	良	**	**		ヤマニンアドホック															
2021106816	2024-08-10	2札幌1		9.0	石狩特別(1勝クラス)								丹内祐次		芝1800				1:48.0	0.0		6-5-5-3	35.6-36.4	36.0	462(+16)				1147.8																																											晴		13.0	7.0	10.0	9.0	4.0	1	55.0	良	**	**		(コスモアバンサ)															
2021106816	2024-08-25	2札幌6		12.0	オールスターJ第4戦(2勝クラス)								サンチア		芝1800				1:48.2	0.2		6-7-8-8	36.2-35.6	35.0	460(-2)																																															晴		14.0	6.0	10.0	16.0	8.0	7	56.0	良	**	**		エゾダイモン															
2021106816	2024-09-29	4中山9		10.0	サクラバクシンオーC(2勝クラス)								丹内祐次		芝1800				1:47.6	0.3		14-14-12-7	36.2-36.2	35.4	454(-6)				155.0																																											曇		14.0	7.0	11.0	24.0	8.0	5	54.0	良	**	**		エレクトリックブギ															
2021106816	2024-12-14	5中山5		10.0	霞ヶ浦特別(2勝クラス)								丹内祐次		芝1800				1:47.6	0.2		12-11-12-12	35.1-38.1	35.9	458(+4)				395.3																																											晴		16.0	7.0	13.0	37.2	7.0	3	57.0	良	**	**		ルクスビッグスター															
2021106816	2025-01-19	1中山7		8.0	4歳以上2勝クラス								丹内祐次		芝1800				1:48.5	0.2		5-3-5-4	37.3-34.7	34.5	466(+8)				290.0																																											曇		14.0	2.0	2.0	9.1	6.0	3	57.0	良	**	**		キュクヌス															
2021106816	2025-03-02	1小倉12		10.0	別府特別(2勝クラス)								丹内祐次		芝1800				1:50.9	0.4		9-10-11-11	37.5-36.1	35.8	462(-4)				230.0																																											曇		16.0	4.0	7.0	3.3	1.0	4	58.0	重	**	**		アウフヘーベン															
2021106816	2025-03-29	3中山1		8.0	4歳以上2勝クラス								丹内祐次		芝1800				1:50.1	0.0		10-9-8-8	37.7-36.4	35.7	466(+4)				1140.0																																											雨		12.0	7.0	9.0	5.0	3.0	1	58.0	稍	**	**		(リリーブライト)															
2021106816	2025-05-18	1新潟6		11.0	弥彦S(3勝クラス)								小沢大仁		芝1800				1:48.4	0.9		12-12	35.5-35.1	35.0	466(0)																																															曇		16.0	1.0	1.0	40.1	11.0	15	58.0	良	**	**		ナムラエイハブ															
2021106816	2025-07-13	1函館10		11.0	巴賞(OP)								丹内祐次		芝1800				1:45.5	0.7		6-6-6-5	34.4-35.5	34.6	474(+8)				360.0																																											晴		12.0	2.0	2.0	18.9	8.0	4	57.0	良	**	**		ケイアイセナ															
2021106816	2025-11-09	5東京2		10.0	イクイノックスM(3勝クラス)								松岡正海		芝2000				1:59.3	0.7		8-8-8	36.1-33.9	34.1	474(0)				184.0																																											小雨		12.0	6.0	8.0	37.2	8.0	5	58.0	良	**	**		ウィクトルウェルス															
2021106816	2025-12-13	5中山3		11.0	常総S(3勝クラス)								松岡正海		芝1800				1:48.9	1.6		11-11-12-10	36.7-34.3	35.0	478(+4)																																															曇		16.0	8.0	15.0	21.2	10.0	15	58.0	良	**	**		マイネルオーシャン															
2021106816	2026-01-10	1中山3		11.0	迎春S(3勝クラス)								松岡正海		芝2200				2:12.8	2.1		6-6-5-7	35.1-34.6	36.1	484(+6)																																															晴		17.0	4.0	8.0	162.4	15.0	13	58.0	良	**	**		アスクナイスショー															
2021106845	2023-08-20	3新潟4		5.0	2歳新馬								石田拓郎		芝1800				1:52.0	2.1		15-15	36.5-34.8	35.7	486(0)					晴		16.0	3.0	6.0	244.2	14.0	10	52.0	良	**	**		アドマイヤベル																																																									
2021106845	2023-09-09	4中山1		3.0	2歳未勝利								石田拓郎		ダ1800				1:55.2	0.7		5-4-5-5	36.3-40.2	39.8	488(+2)					曇		15.0	5.0	8.0	32.8	11.0	6	52.0	重	**	**		オーケーソニック																																																									
2021106845	2023-09-23	4阪神6		1.0	2歳未勝利								今村聖奈		ダ1800				1:57.1	3.0		11-11-10-8	36.5-39.0	40.9	486(-2)					曇		12.0	7.0	9.0	36.0	9.0	8	52.0	稍	**	**		サンライズジパング																																																									
2021106845	2023-12-28	5中山9		2.0	2歳未勝利								石田拓郎		ダ1800				1:57.8	1.3		11-10-11-10	37.7-39.4	39.6	496(+10)					曇		16.0	8.0	15.0	42.1	8.0	7	53.0	良	**	**		マッスルバック																																																									
2021106845	2024-01-14	1京都5		2.0	3歳未勝利								今村聖奈		ダ1900				2:06.3	4.5		2-2-2-2	29.6-39.4	43.8	494(-2)					晴		13.0	6.0	8.0	71.0	8.0	12	54.0	良	**	**		シーリュウシー																																																									
2021106845	2024-02-03	1小倉7		1.0	3歳未勝利								石田拓郎		ダ1700				1:47.9	0.1		2-2-2-2	30.6-39.3	39.3	492(-2)				220.0	曇		16.0	6.0	11.0	40.6	9.0	2	54.0	良	**	**		マーベリックシチー																																																									
2021106845	2024-03-02	2中山3		2.0	3歳未勝利								石神深道		ダ1800				1:56.3	1.2		3-3-4-4	38.2-39.1	39.9	498(+6)					晴		16.0	2.0	4.0	13.9	4.0	7	54.0	重	**	**		レゲエビーチ																																																									
2021106845	2024-03-17	1阪神8		3.0	3歳未勝利								菅原明良		ダ1800				1:56.5	1.1		8-10-9-10	38.6-38.1	37.7	490(-8)				140.0	曇		11.0	7.0	8.0	12.7	5.0	3	57.0	良	**	**		パカーラン																																																									
2021106845	2024-03-31	3中山4		1.0	3歳未勝利								石神深道		ダ1800				1:55.1	-0.3		6-5-5-2	36.3-39.5	39.2	492(+2)				550.0	晴		13.0	7.0	11.0	4.0	3.0	1	54.0	稍	**	**		(ロードインフェルノ)																																																									
2021106845	2024-06-02	3東京2		8.0	3歳以上1勝クラス								石神深道		ダ1600				1:36.1	1.5		4-5	35.1-35.6	36.5	492(0)					小雨		16.0	3.0	6.0	85.5	11.0	8	52.0	重	**	**		ターコイズフリンジ																																																									
2021106845	2024-06-22	3東京7		7.0	3歳以上1勝クラス								石神深道		ダ1600				1:37.7	1.8		2-2	35.1-37.4	38.6	492(0)					晴		16.0	2.0	3.0	91.1	10.0	9	52.0	重	**	**		レオスパーク																																																									
2021106845	2024-07-07	1函館10		7.0	3歳以上1勝クラス								佐々木大		ダ1700				1:44.4	1.1		7-7-7-6	29.8-37.0	37.2	494(+2)					曇		9.0	7.0	7.0	22.6	6.0	6	55.0	重	**	**		エクリプスルバン																																																									
2021106845	2024-09-29	4中山9		4.0	3歳以上1勝クラス								石神深道		ダ1800				1:56.4	2.0		16-16-15-14	38.3-38.3	38.9	470(-24)					曇		16.0	5.0	9.0	59.5	10.0	13	52.0	良	**	**		コスモオピニオン																																																									
2021106845	2024-10-12	4新潟3		7.0	3歳以上1勝クラス								石神深道		ダ1800				1:54.7	1.4		11-11-11-10	37.2-37.6	37.6	468(-2)					晴		11.0	4.0	4.0	58.5	9.0	6	53.0	良	**	**		カムランベイ																																																									
2021106845	2024-10-26	4新潟7		7.0	3歳以上1勝クラス								石神深道		ダ1800				1:54.6	1.4		12-12-2-4	37.0-38.1	39.3	472(+4)					晴		13.0	6.0	8.0	99.7	10.0	10	53.0	良	**	**		カゼノランナー																																																									
2021106845	2024-11-30	4中京1		7.0	3歳以上1勝クラス								石神深道		ダ1800				1:54.6	0.2		9-9-9-10	38.3-37.5	36.8	476(+4)				120.0	晴		12.0	3.0	3.0	18.3	7.0	4	53.0	良	**	**		ユメハハテシナク																																																									
2021106845	2024-12-22	5中山8		7.0	3歳以上1勝クラス								石神深道		ダ1800				1:56.7	1.6		7-7-7-5	37.7-39.7	40.6	488(+12)				80.0	晴		16.0	3.0	5.0	51.6	8.0	5	54.0	良	**	**		ドバイブルース																																																									
2021106845	2025-01-06	1中山2		12.0	4歳以上1勝クラス								石神深道		ダ1800				1:55.8	0.0		7-7-8-8	38.6-39.1	38.4	486(-2)				320.0	小雨		16.0	7.0	14.0	36.2	11.0	2	54.0	良	**	**		カイコウ																																																									
2021106845	2025-01-19	1中山7		7.0	4歳以上1勝クラス								石神深道		ダ1800				1:55.4	0.9		11-11-11-8	38.2-38.5	38.7	486(0)					曇		13.0	6.0	8.0	14.4	3.0	6	54.0	良	**	**		ソレルビュレット																																																									
2021106845	2025-02-08	1小倉5		8.0	4歳以上1勝クラス								石神深道		ダ1700				1:45.0	1.1		11-10-10-8	29.3-37.2	37.4	488(+2)					小雪		15.0	7.0	13.0	14.7	8.0	6	54.0	稍	**	**		サイドキック																																																									
2021106845	2025-02-23	1小倉10		8.0	4歳以上1勝クラス								石神深道		ダ2400				2:35.4	1.2		3-6-4-4	38.4-38.3	39.0	478(-10)					曇		14.0	4.0	5.0	12.4	6.0	6	54.0	良	**	**		コスモジンバック																																																									
2021106845	2025-03-22	2中京3		8.0	4歳以上1勝クラス								石神深道		ダ1900				1:59.8	0.6		5-4-4-4	30.3-37.4	37.6	476(-2)				80.0	晴		15.0	6.0	11.0	18.0	7.0	5	55.0	良	**	**		ホウオウベルクソン																																																									
2021106845	2025-04-20	1福島4		8.0	4歳以上1勝クラス								石神深道		ダ1700				1:48.1	1.1		8-7-7-7	30.2-37.8	38.3	472(-4)				120.0	曇		15.0	3.0	4.0	6.4	4.0	4	55.0	良	**	**		パープルナイト																																																									
2021106845	2025-04-27	1福島6		6.0	4歳以上1勝クラス								石神深道		ダ1700				1:47.6	1.2		10-9-7-8	30.5-38.5	38.6	476(+4)					晴		14.0	1.0	1.0	10.7	7.0	8	55.0	良	**	**		ナチュラルリバー																																																									
2021106845	2025-05-11	1新潟4		7.0	4歳以上1勝クラス								小沢大仁		ダ1800				2:02.6	7.8		3-3-11-15	37.4-40.2	46.5	472(-4)					曇		15.0	3.0	5.0	34.0	10.0	15	58.0	稍	**	**		ワンダーカモン																																																									
2021106845	2025-08-02	2新潟3		1.0	障害3歳以上未勝利								石神深一		障2850				3:13.0	10.2		14-14-14-13	101.1-0.0	13.5	470(-2)					晴		14.0	8.0	13.0	30.0	7.0	13	60.0	良				ロードプレイヤー																																																									
2021106845	2025-09-07	4中山2		1.0	障害3歳以上未勝利								石神深一		障2880				3:21.6	2.4		12-12-12-10	108.0-0.0	14.0	482(+12)					晴		13.0	6.0	9.0	28.8	8.0	8	60.0	良				ウィズユアドリーム																																																									
2021106845	2025-11-03	船橋		8.0	船橋ケイバ75周年!(B3)								吉原寛人		ダ1600				1:44.1	0.6		5-4-5-5	39.0-39.4	39.6	485(+3)				67.5	晴		13.0	4.0	4.0	13.9	5.0	3	56.0	稍	**	**		ピエフォール																																																									
2021106845	2025-12-11	船橋		9.0	フェイスフルブーツ特(B2B3)								木間塚龍		ダ1800				1:57.5	1.4		1-1-1-1	36.7-40.6	42.0	499(+14)					晴		14.0	5.0	7.0	58.5	11.0	6	55.0	良	**	**		セザンワールド																																																									
2021106845	2025-12-25	浦和		11.0	メリークリスマス特別(B3)								町田直希		ダ1400				1:29.5	0.4		11-11-9-4	35.7-39.8	38.7	495(-4)				120.0	雨		12.0	2.0	2.0	4.4	3.0	2	56.0	重	**	**		マロンシャンテリー																																																									
2021106845	2026-01-06	浦和		11.0	初見月特別(B3)								町田直希		ダ1500				1:36.0	-0.1		5-5-5-2	29.9-39.8	39.2	496(+1)				300.0	晴		11.0	8.0	11.0	4.7	2.0	1	56.0	稍	**	**		(ツェルニー)																																																									
2021106936	2024-01-20	1京都6		3.0	3歳新馬								松本大輝		ダ1200				1:13.8	1.2		9-8	35.0-37.6	37.5	432(0)																																	小雨		16.0	7.0	14.0	265.0	16.0	8	54.0	稍	**	**		ネグレスコ																													
2021106936	2024-03-02	2小倉7		3.0	3歳未勝利								柴田裕一		ダ1000				0:59.3	1.0		9-10	34.4-35.3	35.7	434(+2)																																	晴		14.0	7.0	12.0	72.8	11.0	6	52.0	重	**	**		スパークルジョイ																													
2021106936	2024-03-16	1阪神7		3.0	3歳未勝利								柴田裕一		ダ1200				1:13.9	0.4		2-2	35.2-38.3	38.7	436(+2)				140.0																													晴		16.0	3.0	5.0	17.0	6.0	3	52.0	良	**	**		ミキノクラップス																													
2021106936	2024-04-21	3京都2		2.0	3歳未勝利								柴田裕一		ダ1200				1:12.9	-0.6		2-1	35.2-37.7	37.7	436(0)				550.0																													曇		16.0	1.0	1.0	19.9	5.0	1	52.0	良	**	**		(ビーコング)																													
2021106936	2024-06-30	3小倉2		7.0	3歳以上1勝クラス								永島まな		ダ1000				0:57.0	0.1		7-7	33.1-34.8	34.2	438(+2)				320.0																													曇		14.0	1.0	1.0	5.8	2.0	2	51.0	重	**	**		プリンセスカレン																													
2021106936	2024-07-28	2新潟2		8.0	3歳以上1勝クラス								柴田裕一		ダ1200				1:11.4	0.0		3-3	33.4-38.0	37.7	446(+8)				320.0																													曇		15.0	8.0	15.0	3.4	1.0	2	50.0	稍	**	**		グッジョブ																													
2021106936	2024-08-18	2中京4		12.0	3歳以上1勝クラス								柴田裕一		ダ1200				1:12.2	0.8		5-5	34.6-36.8	37.1	444(-2)				80.0																													晴		16.0	2.0	3.0	3.5	1.0	5	51.0	良	**	**		パドマ																													
2021106936	2024-10-12	4新潟3		12.0	3歳以上1勝クラス								柴田裕一		ダ1200				1:12.7	0.8		7-8	34.6-37.3	37.3	450(+6)																																	晴		14.0	4.0	5.0	4.0	2.0	8	52.0	良	**	**		クリニエールグラス																													
2021106936	2024-10-26	4新潟7		3.0	3歳以上1勝クラス								柴田裕一		ダ1200				1:11.1	-0.1		7-6	34.1-37.0	36.1	450(0)				800.0																													晴		11.0	1.0	1.0	4.7	2.0	1	52.0	良	**	**		(スターザサンライズ)																													
2021106936	2024-12-14	7京都5		9.0	深草特別(2勝クラス)								Ｍ．デム		ダ1200				1:13.2	1.0		11-11	36.1-36.1	36.3	440(-10)																																	曇		16.0	8.0	16.0	19.6	6.0	9	55.0	良	**	**		ルクスメテオール																													
2021106936	2025-01-12	1中山4		12.0	4歳以上2勝クラス								キング		ダ1200				1:12.0	1.4		9-8	33.7-36.9	37.5	434(-6)																																	曇		16.0	3.0	6.0	17.2	7.0	13	56.0	良	**	**		ニットウバジル																													
2021106936	2025-03-15	2中京1		9.0	伊良湖特別(2勝クラス)								柴田裕一		ダ1200				1:12.7	0.4		4-7	35.9-36.4	36.4	442(+8)				155.0																													小雨		16.0	8.0	15.0	88.5	13.0	5	56.0	良	**	**		ヤマニンアルリフラ																													
2021106936	2025-04-12	3中山5		12.0	4歳以上2勝クラス								北村宏司		ダ1200				1:11.1	0.2		4-4	34.4-36.5	36.3	444(+2)				460.0																													晴		16.0	3.0	6.0	15.6	6.0	2	56.0	良	**	**		オーブルクール																													
2021106936	2025-05-18	2京都8		12.0	4歳以上2勝クラス								岩田望来		ダ1200				1:11.0	0.7		9-9	34.9-35.4	35.2	450(+6)				170.0																													曇		16.0	7.0	13.0	5.1	1.0	4	56.0	稍	**	**		イミュータブル																													
2021106936	2025-06-01	2京都12		8.0	4歳以上2勝クラス								角田大和		ダ1200				1:12.3	0.9		11-11	35.1-36.3	36.4	452(+2)																																	晴		16.0	1.0	1.0	8.7	4.0	11	56.0	良	**	**		パドマ																													
2021106936	2025-08-02	3中京3		8.0	浜松特別(2勝クラス)								幸英明		ダ1200				1:12.4	1.2		4-4	34.6-36.6	37.3	450(-2)																																	晴		14.0	5.0	7.0	26.2	5.0	7	56.0	良	**	**		テーオーエルビス																													
2021106936	2025-09-15	4阪神5		9.0	新涼特別(2勝クラス)								池添謙一		ダ1200				1:12.2	1.0		10-11	34.6-36.6	36.0	460(+10)																																	晴		13.0	4.0	4.0	52.8	9.0	6	56.0	良	**	**		ヤマニンシュラ																													
2021106936	2025-11-15	4京都3		9.0	深草特別(2勝クラス)								池添謙一		ダ1200				1:11.5	0.5		8-8	34.6-36.4	35.3	450(-10)				230.0																													晴		15.0	6.0	10.0	44.8	10.0	4	56.0	良	**	**		ジェネラーレ																													
2021106936	2025-12-06	5中京1		10.0	中京日経賞(2勝クラス)								柴田裕一		ダ1200				1:12.0	1.1		6-6	34.8-36.1	36.5	448(-2)																																	晴		13.0	3.0	3.0	62.9	8.0	8	56.0	良	**	**		ゼットエール																													
2021106936	2026-01-17	1中山6		8.0	4歳以上2勝クラス								小林美駒		ダ1200				1:12.9	1.1		10-13	33.8-38.0	37.6	448(0)																																	晴		16.0	4.0	8.0	28.6	6.0	13	53.0	良				ゴールドハンマー																													
2021106942	2023-12-03	4中京2		5.0	2歳新馬								永島まな		芝1400				1:25.0	1.9		8-7	36.6-34.0	35.2	436(0)																																															晴		10.0	1.0	1.0	40.9	6.0	10	52.0	良	**	**		アルトゥーム															
2021106942	2023-12-17	5阪神6		3.0	2歳未勝利								河原田菜		芝1400				1:23.8	1.5		12-11	34.3-36.2	36.7	432(-4)																																															晴		15.0	4.0	6.0	219.1	12.0	14	51.0	稍	**	**		アレンジャー															
2021106942	2024-01-07	1京都2		5.0	3歳未勝利								永島まな		芝1600				1:37.6	0.9		6-7	35.0-37.0	37.3	430(-2)																																															晴		17.0	2.0	3.0	206.6	12.0	7	52.0	良	**	**		グロリアラウス															
2021106942	2024-01-27	1小倉5		5.0	3歳未勝利								永島まな		芝1800				1:51.4	1.9		2-2-2-2	35.7-37.8	39.2	424(-6)																																															晴		13.0	6.0	8.0	42.6	10.0	11	52.0	良	**	**		ログラール															
2021106942	2024-03-09	1中京1		1.0	3歳未勝利								河原田菜		ダ1400				1:27.5	0.8		3-3	36.1-37.7	38.3	426(+2)				83.0																																											晴		16.0	7.0	14.0	68.0	9.0	4	51.0	稍	**	**		スート															
2021106942	2024-04-07	2阪神6		1.0	3歳未勝利								坂井瑠星		ダ1400				1:26.8	0.3		4-5	35.2-38.8	38.8	426(0)				83.0																																											晴		16.0	1.0	1.0	27.4	7.0	4	55.0	良	**	**		ジョウゲンノツキ															
2021106942	2024-04-20	3京都1		1.0	3歳未勝利								酒井学		ダ1400				1:26.5	0.3		2-2	35.4-38.5	38.7	426(0)				220.0																																											晴		16.0	8.0	15.0	13.4	6.0	2	55.0	良	**	**		ランランガール															
2021106942	2024-05-04	3京都5		1.0	3歳未勝利								酒井学		ダ1400				1:28.1	1.8		10-11	35.2-38.5	39.3	430(+4)																																															晴		16.0	2.0	3.0	12.2	7.0	10	55.0	良	**	**		トウカイポワール															
2021106942	2024-06-22	4京都7		3.0	3歳未勝利								永島まな		ダ1400				1:25.6	0.2		5-5	34.7-38.7	38.3	436(+6)				220.0																																											晴		16.0	6.0	11.0	54.2	11.0	2	53.0	重	**	**		ブーヤカ															
2021106942	2024-07-24	名古屋		10.0	名古屋CCマスカット(3歳)								永島まな		ダ1500				1:36.9	1.8		1-1-3		41.4	444(+8)																																															曇		12.0	6.0	8.0	1.4	1.0	7	52.0	良	**	**		クロームノワール															
2021106942	2024-08-25	2中京6		12.0	3歳以上1勝クラス								柴田裕一		ダ1200				1:13.9	2.3		10-12	34.5-37.1	38.6	448(+4)																																															曇		15.0	1.0	1.0	100.9	13.0	14	51.0	良	**	**		スターターン															
2021106942	2024-09-25	園田		7.0	C2二								山本咲希		ダ1400				1:32.4	0.1		1-1-1-1		41.0	450(+2)				24.5																																											曇		10.0	8.0	9.0	2.0	1.0	2	54.0	良	**	**		アスセナ															
2021106942	2024-10-11	園田		9.0	C2一								山本咲希		ダ1400				1:32.6	0.0		3-3-1-1		41.7	445(-5)				70.0																																											晴		10.0	6.0	6.0	3.3	2.0	1	54.0	良	**	**		(ネバーエバー)															
2021106942	2024-11-06	園田		10.0	B2C1								山本咲希		ダ1230				1:21.1	0.0		3-3-3-1		40.5	441(-4)				45.5																																											晴		10.0	1.0	1.0	2.3	1.0	2	53.0	稍	**	**		ギャラン															
2021106942	2024-11-26	園田		10.0	C1								山本咲希		ダ1230				1:21.1	0.5		7-7-7-7		40.4	435(-6)				22.0																																											雨		12.0	3.0	3.0	2.8	1.0	3	54.0	稍	**	**		ライペニング															
2021106942	2025-03-12	園田		6.0	C2一								山本咲希		ダ1400				1:34.6	0.2		2-2-2-3		40.4	444(+9)				24.5																																											曇		11.0	7.0	9.0	3.9	2.0	2	54.0	重	**	**		ミナックシアター															
2021106942	2025-04-01	園田		8.0	C2一								山本咲希		ダ1400				1:32.1	0.1		2-2-2-2		40.5	445(+1)				28.0																																											曇		10.0	6.0	6.0	14.7	4.0	2	55.0	稍	**	**		アグネスシュウ															
2021106942	2025-04-22	園田		9.0	C2								山本咲希		ダ1230				1:20.3	-1.1		2-2-2-1		39.8	445(0)				80.0																																											晴		11.0	1.0	1.0	1.9	1.0	1	55.0	良	**	**		(アウトサイドベット)															
2021106942	2025-05-23	園田		10.0	マリーゴールド賞C1								山本咲希		ダ1230				1:20.1	-0.4		2-2-1-1		38.9	446(+1)				110.0																																											曇		12.0	6.0	8.0	2.8	1.0	1	55.0	良	**	**		(エイシンホユプ)															
2021106942	2025-07-13	2福島6		8.0	3歳以上1勝クラス								戸崎圭太		ダ1150				1:10.6	1.7		13-14	31.1-37.8	36.7	440(-6)																																															晴		15.0	7.0	13.0	17.7	8.0	13	56.0	良	**	**		フェデルミエール															
2021106942	2025-09-07	4阪神2		6.0	3歳以上1勝クラス								永島まな		ダ1400				1:26.1	2.1		3-3	33.8-37.9	39.8	454(+14)																																															晴		15.0	4.0	6.0	124.6	14.0	11	54.0	良	**	**		ポートデラメール															
2021106942	2025-10-18	4新潟1		12.0	3歳以上1勝クラス								永島まな		芝1000				0:56.2	0.9		12	32.9-33.1	33.2	454(0)																																															小雨		18.0	5.0	9.0	141.9	15.0	13	54.0	良	**	**		シュラフ															
2021106942	2025-11-08	4京都1		7.0	3歳以上1勝クラス								秋山稔樹		ダ1400				1:24.6	0.7		13-11	34.6-37.4	36.7	452(-2)																																															晴		16.0	8.0	16.0	178.4	13.0	7	56.0	良	**	**		ランスオブセヘル															
2021106942	2025-12-07	5中京2		7.0	3歳以上1勝クラス								ジェルー		ダ1200				1:12.7	0.8		7-6	35.3-36.6	36.9	452(0)				200.0																																											晴		14.0	6.0	9.0	25.1	9.0	3	56.0	良	**	**		ラーナローザ															
2021106942	2025-12-20	5阪神5		8.0	3歳以上1勝クラス								ジェルー		ダ1200				1:12.2	0.5		8-8	35.0-36.7	36.3	448(-4)				80.0																																											晴		13.0	4.0	4.0	62.9	10.0	5	56.0	良	**	**		メイショウドライブ															
2021107019	2023-11-10	川崎		3.0	スパーキングデビュー(2歳)								森泰斗		ダ1400				1:34.3	-0.4		2-2-1-1	41.0-41.0	41.0	446(0)				370.0	曇		7.0	5.0	5.0	3.5	2.0	1	54.0	良	**	**		(ドーンエクスプレス)																																																									
2021107019	2023-12-11	川崎		3.0	スパイダー賞(2歳)								森泰斗		ダ1500				1:42.3	2.1		9-10-7-9	30.1-42.7	44.1	450(+4)					曇		11.0	4.0	4.0	10.5	5.0	9	54.0	良	**	**		カフェランデブー																																																									
2021107019	2024-06-10	川崎		4.0	郭公賞(3歳)								増田充宏		ダ1400				1:35.4	3.3		12-12-12-12	39.4-40.0	41.0	443(-7)					曇		12.0	6.0	8.0	23.0	6.0	9	54.0	重	**	**		ミスマルゴー																																																									
2021107019	2024-07-05	川崎		5.0	燕賞(3歳)								増田充宏		ダ1400				1:34.4	1.4		7-6-8-7	39.1-41.5	41.7	441(-2)					晴		12.0	4.0	4.0	13.9	5.0	8	54.0	良	**	**		シルヴァーリップ																																																									
2021107019	2024-12-22	7京都8		7.0	3歳以上1勝クラス								国分優作		ダ1200				1:13.8	0.9		13-13	35.5-37.4	37.0	438(-3)					晴		16.0	4.0	7.0	315.0	16.0	7	55.0	良	**	**		ヤマカツパトリシア																																																									
2021107019	2025-03-29	2阪神1		7.0	4歳以上1勝クラス								中井裕二		ダ1200				1:13.8	0.8		14-13	34.7-38.3	37.2	428(-10)					晴		16.0	2.0	4.0	221.2	15.0	8	56.0	稍	**	**		フォルテローザ																																																									
2021107019	2025-04-12	2阪神5		8.0	4歳以上1勝クラス								酒井学		ダ1200				1:14.3	1.4		16-16	34.7-38.2	37.3	426(-2)					晴		16.0	1.0	1.0	142.9	15.0	14	56.0	良	**	**		シリウス																																																									
2021107019	2025-05-24	1新潟7		12.0	4歳以上1勝クラス								柴田裕一		ダ1200				1:14.1	2.4		10-12	35.2-36.5	37.5	420(-6)					曇		14.0	5.0	8.0	111.0	12.0	13	53.0	良	**	**		ジーベック																																																									
2021107019	2025-07-12	2小倉5		12.0	3歳以上1勝クラス								国分優作		芝1200				1:09.6	1.1		15-16	33.0-35.5	35.4	422(+2)					晴		17.0	1.0	1.0	257.4	17.0	13	56.0	良	**	**		シュブロンレーヴル																																																									
2021107019	2025-09-05	名古屋		7.0	C2組								丹羽克輝		ダ1400				1:36.5	4.3		5-3-7		45.6	435(+13)					晴		12.0	8.0	11.0	6.8	4.0	12	55.0	不	**	**		アーニャアザザマス																																																									
2021107063	2023-09-03	3新潟8	晴	6.0	2歳新馬		18.0	8.0	17.0	14.4	3.0	3	Ｍ．デム	55.0	芝1400		良	**	1:24.3	0.6	**	8-8	35.7-35.9	35.5	488(0)			イサチルシーサイド	180.0																																																																							
2021107063	2023-09-17	4阪神4	晴	3.0	2歳未勝利		13.0	1.0	1.0	9.2	5.0	1	Ｍ．デム	55.0	芝1400		良	**	1:21.2	-0.1	**	1-1	33.3-35.8	35.8	478(-10)			(ディーエストッキー)	550.0																																																																							
2021107063	2023-11-04	3京都1	曇	11.0	KBSファンタジーS(GIII)		18.0	5.0	10.0	10.6	5.0	17	Ｍ．デム	55.0	芝1400		良	**	1:22.3	1.9	**	15-18	34.1-35.2	34.9	482(+4)			カルチャーデイ																																																																								
2021107063	2024-02-17	2京都7	晴	6.0	3歳1勝クラス		10.0	2.0	2.0	14.7	6.0	8	Ｍ．デム	55.0	芝1400		良	**	1:22.2	0.6	**	9-8	35.4-34.4	34.5	488(+6)			ナムラアトム																																																																								
2021107063	2024-03-02	1阪神3	曇	11.0	チューリップ賞(GII)		16.0	8.0	15.0	350.3	16.0	15	田中健	55.0	芝1600		稍	**	1:34.4	1.3	**	7-7	34.5-35.4	36.0	484(-4)			スウィープフィート																																																																								
2021107063	2024-06-09	4京都4	曇	12.0	3歳以上1勝クラス		13.0	1.0	1.0	10.0	4.0	2	田中健	53.0	芝1200		稍	**	1:08.9	0.2	**	1-1	33.8-34.9	35.1	478(-6)			バンドシェル	320.0																																																																							
2021107063	2024-06-30	3小倉2	曇	8.0	3歳以上1勝クラス		17.0	5.0	10.0	6.1	3.0	5	田中健	53.0	芝1200		稍	**	1:09.0	0.5	**	3-3	33.1-35.4	35.7	480(+2)			キャンシーエンゼル	80.0																																																																							
2021107063	2024-09-01	2中京8	曇	8.0	3歳以上1勝クラス		18.0	4.0	7.0	11.2	3.0	7	田中健	53.0	芝1400		重	**	1:21.8	0.6	**	2-2	34.2-34.8	35.3	476(-4)			ジュンヴァンケット																																																																								
2021107063	2024-09-07	3中京1	晴	6.0	3歳以上1勝クラス		14.0	2.0	2.0	7.4	3.0	10	田中健	54.0	ダ1200		良	**	1:13.7	1.8	**	8-8	35.6-36.3	37.4	482(+6)			ストライクオン																																																																								
2021107063	2024-11-03	3福島2	晴	8.0	3歳以上1勝クラス		16.0	4.0	8.0	9.5	4.0	11	田中健	55.0	芝1200		稍	**	1:11.6	0.8	**	8-7	34.5-36.3	36.5	484(+2)			ディージェーサン																																																																								
2021107063	2025-02-08	1小倉5	曇	12.0	4歳以上1勝クラス		18.0	3.0	5.0	8.9	3.0	1	田中健	56.0	芝1200		稍	**	1:10.0	-0.3	**	1-1	34.2-35.8	35.8	484(0)			(アスティスプマンテ)	800.0																																																																							
2021107063	2025-03-08	1阪神3	曇	12.0	4歳以上2勝クラス		11.0	7.0	8.0	13.8	6.0	4	田中健	56.0	芝1200		良	**	1:08.9	0.2	**	4-4	34.2-34.5	34.2	492(+8)			アムールリーベ	170.0																																																																							
2021107063	2025-04-06	2阪神4	晴	8.0	4歳以上2勝クラス		10.0	1.0	1.0	5.8	3.0	2	田中健	56.0	芝1200		良	**	1:08.7	0.1	**	3-3	34.6-34.0	33.8	496(+4)			バンドシェル	460.0																																																																							
2021107063	2025-04-26	1福島5	晴	11.0	福島中央テレビ杯(2勝クラス)		15.0	5.0	9.0	7.0	4.0	9	田中健	55.0	芝1200		良	**	1:09.0	0.7	**	2-2	34.1-34.2	34.8	494(-2)			トールキン																																																																								
2021107063	2025-11-08	3福島1	晴	10.0	飯坂温泉特別(2勝クラス)		16.0	8.0	16.0	35.4	9.0	1	田中健	56.0	芝1200		良	**	1:08.1	-0.1	**	6-6	32.6-35.5	34.8	500(+6)			(ヴァンヴィーヴ)	1593.4																																																																							
2021107063	2025-12-28	5阪神8	晴	12.0	カウントダウンS(3勝クラス)		10.0	6.0	6.0	4.0	2.0	1	田中健	56.0	芝1200		良	**	1:08.4	0.0	**	3-2	34.9-33.5	33.2	500(0)			(アスティスプマンテ)	1863.1																																																																							
2021107179	2023-06-04	3東京2		5.0	2歳新馬								レーン		芝1600				1:34.6	-0.1		3-3	37.1-33.3	33.0	446(0)				720.0																																											晴		11.0	4.0	4.0	3.8	2.0	1	55.0	稍	**	**		(チェルヴィニア)															
2021107179	2023-10-07	4東京1		11.0	サウジアラビアRC(GIII)								川田将雅		芝1600				1:33.7	0.3		7-6	34.9-34.2	34.1	454(+8)				1309.0																																											晴		9.0	3.0	3.0	1.4	1.0	2	55.0	良	**	**		ゴンバデカーブース															
2021107179	2024-04-06	3中山5		11.0	ニュージーランドT(GII)								武豊		芝1600				1:34.5	0.1		5-4-4	36.0-35.5	35.1	450(-4)				2232.0																																											曇		16.0	2.0	3.0	3.2	1.0	2	55.0	稍	**	**		エコロブルーム															
2021107179	2024-05-05	2東京6		11.0	NHKマイルC(GI)								武豊		芝1600				1:34.9	2.5		3-3	34.3-34.1	36.4	452(+2)																																															晴		18.0	3.0	5.0	9.2	3.0	17	55.0	良	**	**		ジャンタルマンタル															
2021107179	2024-07-28	1札幌4		11.0	クイーンS(GIII)								武豊		芝1800				1:47.4	0.0		11-11-11-11	35.7-35.3	34.4	458(+6)				1514.0																																											晴		14.0	1.0	1.0	4.4	2.0	2	51.0	稍	**	**		コガネノソラ															
2021107179	2024-09-07	4中山1		11.0	紫苑S(GII)								武豊		芝2000				1:56.8	0.2		11-11-11-10	34.7-34.0	33.0	448(-10)				1313.4																																											晴		13.0	7.0	11.0	3.0	1.0	3	55.0	良	**	**		クリスマスパレード															
2021107179	2024-10-13	5京都4		11.0	秋華賞(GI)								武豊		芝2000				1:57.4	0.3		12-12-13-13	34.5-36.7	34.1	448(0)				4492.4																																											晴		15.0	6.0	10.0	14.6	5.0	2	55.0	良	**	**		チェルヴィニア															
2021107179	2025-02-09	1東京4		11.0	東京新聞杯(GIII)								武豊		芝1600				1:32.7	0.1		6-6	34.6-34.9	33.7	456(+8)				1616.0																																											晴		16.0	2.0	4.0	4.4	2.0	2	55.0	良	**	**		ウォーターリヒト															
2021107179	2025-04-12	2阪神5		11.0	サンスポ杯阪神牝馬S(GII)								武豊		芝1600				1:33.0	0.2		11-11	35.5-33.4	32.9	448(-8)				550.0																																											曇		14.0	6.0	10.0	2.5	1.0	5	55.0	良	**	**		サフィラ															
2021107179	2025-05-18	2東京8		11.0	ヴィクトリアマイル(GI)								武豊		芝1600				1:33.0	0.9		15-15	33.9-35.3	34.2	456(+8)																																															曇		17.0	5.0	10.0	6.2	2.0	16	56.0	良	**	**		アスコリピチェーノ															
2021107179	2025-07-27	2新潟2		7.0	関屋記念(GIII)								ルメール		芝1600				1:31.0	0.0		9-9	33.9-34.1	32.8	456(0)				1313.7																																											晴		18.0	6.0	11.0	5.4	2.0	2	56.0	良	**	**		カナテープ															
2021107179	2025-10-12	4東京4		11.0	アイルランドT(GII)								ルメール		芝1800				1:46.5	0.8		7-11-10	36.4-33.2	33.2	458(+2)																																															曇		16.0	4.0	8.0	3.9	1.0	9	55.0	良	**	**		ラヴァンダ															
2021107179	2025-11-16	4京都4		11.0	エリザベス女王杯(GI)								津村明秀		芝2200				2:12.1	1.1		13-13-12-14	35.4-34.9	35.1	460(+2)																																															晴		16.0	5.0	9.0	44.1	12.0	11	56.0	良	**	**		レガレイラ															
2021107179	2025-12-20	5中山5		11.0	ターコイズS(GIII)								津村明秀		芝1600				1:33.5	0.5		10-8-7	34.7-34.7	34.3	460(0)																																															曇		16.0	4.0	7.0	7.3	3.0	11	56.0	良	**	**		ドロップオブライト															
2021107192	2023-07-02	2福島2		5.0	2歳新馬								野中悠太		芝1800				1:54.1	2.5		11-12-12-15	37.8-35.6	37.2	418(0)																																	晴		16.0	7.0	14.0	230.2	15.0	13	55.0	良	**	**		トレミニョン																													
2021107192	2023-07-16	2福島6		2.0	2歳未勝利								藤田菜七		芝1800				1:52.4	0.9		10-10-13-13	36.3-37.4	36.9	420(+2)																																	晴		13.0	5.0	6.0	233.0	11.0	6	53.0	良	**	**		ロジルーラー																													
2021107192	2023-08-05	2新潟3		1.0	2歳未勝利								野中悠太		芝2000				2:04.7	1.4		11-11-11-12	36.6-35.2	35.1	422(+2)																																	晴		12.0	7.0	9.0	128.3	9.0	10	55.0	良	**	**		ラケダイモーン																													
2021107192	2023-08-20	3新潟4		2.0	2歳未勝利								藤田菜七		芝1800				1:48.9	1.7		7-7	35.6-35.5	36.1	426(+4)																																	晴		9.0	5.0	5.0	112.7	7.0	6	53.0	良	**	**		マイネルブリックス																													
2021107192	2023-09-02	3新潟7		2.0	2歳未勝利								野中悠太		ダ1800				1:56.9	-0.1		7-7-5-5	37.2-39.1	38.5	432(+6)				550.0																													曇		15.0	5.0	9.0	42.7	7.0	1	55.0	良	**	**		(フィリップ)																													
2021107192	2023-11-05	3京都2		9.0	もちの木賞(1勝クラス)								野中悠太		ダ1800				1:53.0	0.0		9-9-10-8	36.5-39.2	38.3	442(+10)				436.6																													晴		11.0	7.0	8.0	80.9	10.0	2	56.0	良	**	**		アンモシエラ																													
2021107192	2024-01-07	1中山2		7.0	3歳1勝クラス								野中悠太		ダ1800				1:54.8	-0.2		11-11-12-9	36.8-39.9	38.5	446(+4)				780.0																													曇		13.0	6.0	9.0	6.9	5.0	1	57.0	良	**	**		(ネオシルバー)																													
2021107192	2024-03-23	3中山1		10.0	伏竜S(OP)								野中悠太		ダ1800				1:54.1	0.0		10-9-9-7	37.7-37.9	37.2	444(-2)				727.0																													小雨		11.0	4.0	4.0	14.0	6.0	2	57.0	良	**	**		テーオーパスワード																													
2021107192	2024-04-27	3京都3		11.0	ユニコーンS(GIII)								野中悠太		ダ1900				2:00.2	1.6		13-13-12-13	29.5-38.1	38.6	440(-4)																																	曇		16.0	8.0	15.0	15.2	6.0	6	57.0	良	**	**		ラムジェット																													
2021107192	2024-08-04	2新潟4		7.0	レパードS(GIII)								野中悠太		ダ1800				1:53.6	2.4		13-13-14-13	35.7-37.8	38.4	438(-2)																																	晴		15.0	8.0	15.0	26.1	9.0	10	57.0	良	**	**		ミッキーファイト																													
2021107192	2024-09-29	4中山9		8.0	3歳以上2勝クラス								野中悠太		ダ1800				1:53.9	0.7		9-9-6-7	37.6-37.5	37.5	448(+10)				460.0																													曇		13.0	8.0	12.0	3.7	2.0	2	55.0	良	**	**		ウンガイソウテン																													
2021107192	2024-10-13	4東京3		8.0	3歳以上2勝クラス								野中悠太		ダ2100				2:12.1	1.6		8-9-11-11	31.4-36.5	36.9	452(+4)																																	晴		16.0	2.0	3.0	4.9	2.0	10	56.0	良	**	**		リアレスト																													
2021107192	2024-12-07	5中山3		12.0	3歳以上2勝クラス								野中悠太		ダ1800				1:53.5	0.0		15-15-14-14	36.9-38.8	37.7	454(+2)				460.0																													晴		16.0	8.0	15.0	4.9	2.0	2	57.0	良	**	**		ゴールドアローン																													
2021107192	2024-12-28	5中山9		10.0	コントレイルC(2勝クラス)								野中悠太		ダ1800				1:54.4	1.2		14-14-12-13	36.8-37.8	38.1	464(+10)				230.0																													晴		16.0	3.0	6.0	5.4	3.0	4	57.0	良	**	**		レヴォントゥレット																													
2021107192	2025-01-25	1中山8		10.0	初霞賞(2勝クラス)								野中悠太		ダ1800				1:54.5	0.8		6-6-7-8	38.2-37.5	37.7	464(0)				155.0																													曇		13.0	7.0	11.0	8.0	3.0	5	57.0	良	**	**		アピーリングルック																													
2021107192	2025-04-05	3中山3		10.0	千葉日報杯(2勝クラス)								野中悠太		ダ1800				1:53.3	1.1		14-14-14-13	36.0-38.1	37.9	464(0)																																	晴		16.0	3.0	5.0	4.7	3.0	6	58.0	稍	**	**		ルージュアベリア																													
2021107192	2025-05-04	2京都4		9.0	須知特別(2勝クラス)								野中悠太		ダ1900				2:00.1	0.6		6-7-4-4	31.7-36.8	36.9	460(-4)				393.5																													晴		10.0	8.0	10.0	6.1	4.0	3	58.0	良	**	**		カネトシゴウト																													
2021107192	2025-06-07	3阪神1		10.0	加古川特別(2勝クラス)								野中悠太		ダ1800				1:53.9	0.9		7-7-5-7	38.5-36.4	36.7	458(-2)				155.0																													曇		9.0	6.0	6.0	20.5	4.0	5	58.0	良	**	**		ロードラビリンス																													
2021107192	2025-07-12	2福島5		8.0	3歳以上2勝クラス								丸山元気		ダ1700				1:46.6	0.5		6-5-4-4	29.9-37.9	38.0	454(-4)				290.0																													曇		15.0	7.0	12.0	4.9	2.0	3	58.0	良	**	**		スペイドアン																													
2021107192	2025-10-25	4新潟3		10.0	菅名岳特別(2勝クラス)								丸山元気		ダ1800				1:51.2	0.5		12-11-7-5	35.9-36.7	36.4	466(+12)				630.6																													曇		15.0	6.0	11.0	11.2	6.0	2	58.0	良	**	**		アスクシュタイン																													
2021107192	2025-11-23	5東京5		8.0	3歳以上2勝クラス								丸山元気		ダ1600				1:38.9	0.4		11-11	37.1-35.6	35.1	472(+6)				290.0																													曇		16.0	5.0	10.0	2.9	1.0	3	58.0	良	**	**		セギレエルビエント																													
2021107192	2025-12-13	5中京3		10.0	鳴海特別(2勝クラス)								丸山元気		ダ1800				1:53.3	-0.1		12-13-5-5	37.7-37.0	36.6	466(-6)				1590.6																													曇		16.0	8.0	16.0	4.6	2.0	1	58.0	良	**	**		(キングブルー)																													
2021107192	2026-01-17	1中山6		10.0	アレキサンドライトS(3勝クラス)								丸山元気		ダ1800				1:53.3	1.1		16-16-15-14	37.4-37.5	37.0	474(+8)				187.0																													晴		16.0	2.0	4.0	5.4	2.0	5	56.0	良				チュウワクリスエス																													
2021107255	2023-07-22	1札幌1		5.0	2歳新馬								古川吉洋		ダ1700				1:50.8	2.2		10-10-8-8	31.0-39.0	40.3	452(0)																																	晴		10.0	2.0	2.0	49.9	9.0	7	55.0	良	**	**		アセレラシオン																													
2021107255	2023-08-05	1札幌5		1.0	2歳未勝利								古川吉洋		ダ1700				1:47.5	1.0		6-6-4-3	29.3-39.4	39.8	452(0)				140.0																													曇		14.0	6.0	10.0	180.6	12.0	3	55.0	不	**	**		バルミーウェザー																													
2021107255	2023-08-19	2札幌3		2.0	2歳未勝利								古川吉洋		ダ1700				1:49.6	1.3		3-4-4-3	30.4-38.8	39.8	452(0)																																	晴		14.0	4.0	6.0	16.2	7.0	6	55.0	良	**	**		フォーディアライフ																													
2021107255	2024-01-27	1小倉5		1.0	3歳未勝利								藤岡康太		ダ1700				1:49.1	1.3		7-7-2-3	29.4-39.2	40.5	460(+8)																																	晴		12.0	7.0	10.0	10.6	4.0	8	57.0	良	**	**		グラティアスミノル																													
2021107255	2024-03-06	姫路		10.0	JRA交流大撫山特別								藤岡康太		ダ1500				1:39.5	-0.6		5-5-2-1		41.0	461(+1)				150.0																													曇		12.0	4.0	4.0	1.6	1.0	1	55.0	重	**	**		(ノアスペシャル)																													
2021107255	2024-03-31	2阪神4		5.0	3歳1勝クラス								藤岡康太		芝1600				1:35.1	0.7		5-4	35.6-34.0	34.4	456(-5)																																	曇		9.0	2.0	2.0	81.0	8.0	7	57.0	良	**	**		テラメリタ																													
2021107255	2024-04-20	3京都1		9.0	あやめ賞(1勝クラス)								幸英明		芝1800				1:47.5	0.8		5-7	35.4-33.7	33.7	454(-2)																																	曇		7.0	3.0	3.0	55.8	7.0	6	57.0	良	**	**		ナムラフッカー																													
2021107255	2024-06-15	1函館3		10.0	奥尻特別(1勝クラス)								古川吉洋		芝2000				2:01.5	1.7		2-2-2-2	35.2-36.3	38.0	460(+6)																																	晴		12.0	7.0	10.0	41.6	10.0	11	55.0	良	**	**		キットハナガサク																													
2021107255	2024-06-30	1函館8		8.0	3歳以上1勝クラス								長浜鴻緒		芝1800				1:49.4	0.6		7-6-6-6	36.4-35.4	35.4	462(+2)				80.0																													曇		15.0	2.0	3.0	127.6	13.0	5	52.0	良	**	**		ガジュノリ																													
2021107255	2024-07-14	1函館12		9.0	臥牛山特別(1勝クラス)								長浜鴻緒		芝1800				1:50.2	1.2		10-11-12-10	36.0-36.0	35.9	458(-4)																																	晴		13.0	4.0	5.0	109.4	11.0	11	55.0	良	**	**		ノレッジビューティ																													
2021107255	2024-09-01	2札幌8		7.0	3歳以上1勝クラス								藤岡佑介		芝1800				1:51.9	1.3		8-10-9-6	37.6-36.1	36.6	458(0)																																	晴		14.0	8.0	13.0	95.5	11.0	12	55.0	稍	**	**		ガイアメンテ																													
2021107255	2024-10-10	園田		10.0	JRA交流猪名川特別								高杉吏麒		ダ1870				2:05.6	1.3		5-6-5-4		40.6	460(+2)				30.0																													晴		8.0	8.0	8.0	11.8	5.0	4	53.0	稍	**	**		レイドデザート																													
2021107255	2024-11-30	4中京1		8.0	3歳以上1勝クラス								柴田裕一		芝1600				1:35.0	1.5		12-12-12	34.6-35.8	36.0	472(+12)																																	晴		16.0	3.0	5.0	192.6	15.0	9	54.0	良	**	**		ダズリングブレイヴ																													
2021107255	2025-02-01	1京都1		8.0	4歳以上1勝クラス								藤岡佑介		ダ1400				1:25.5	0.7		7-7	35.9-36.7	36.5	474(+2)				80.0																													曇		15.0	6.0	11.0	26.1	7.0	5	58.0	良	**	**		ヒルノドゴール																													
2021107255	2025-03-01	1阪神1		7.0	4歳以上1勝クラス								高杉吏麒		ダ1400				1:26.1	0.7		14-14	35.0-38.0	37.1	474(0)																																	晴		16.0	7.0	14.0	26.8	8.0	7	57.0	良	**	**		タイセイレスポンス																													
2021107255	2025-08-24	4中京2		12.0	3歳以上1勝クラス								高杉吏麒		ダ1400				1:24.7	0.1		12-12	34.3-38.4	37.4	480(+6)				320.0																													晴		14.0	7.0	12.0	45.6	9.0	2	57.0	良	**	**		ダイシンリンク																													
2021107255	2025-09-15	4阪神5		12.0	3歳以上1勝クラス								高杉吏麒		ダ1400				1:25.1	0.4		12-12	35.4-37.0	36.3	470(-10)				80.0																													晴		15.0	6.0	10.0	7.7	5.0	5	57.0	良	**	**		タマモティーカップ																													
2021107255	2025-10-11	3京都3		12.0	3歳以上1勝クラス								高杉吏麒		ダ1400				1:24.2	1.0		13-12	34.3-37.2	37.0	476(+6)																																	晴		16.0	3.0	5.0	18.4	6.0	6	58.0	良	**	**		ゴールデンカイト																													
2021107255	2025-12-07	5中京2		6.0	3歳以上1勝クラス								藤岡佑介		ダ1400				1:25.0	0.4		14-13	34.6-38.1	36.5	472(-4)																																	晴		16.0	8.0	15.0	7.3	4.0	6	58.0	良	**	**		カレンワッツアップ																													
2021107255	2026-01-17	1京都6		7.0	4歳以上1勝クラス								藤岡佑介		ダ1400				1:26.0	1.0		6-7	36.0-36.6	36.9	478(+6)																																	晴		15.0	1.0	1.0	23.1	8.0	8	58.0	良				レーティッシュ																													
2021107331	2024-03-03	2中山4		1.0	3歳未勝利								岩部純二		ダ1800				1:57.7	3.8		16-16-15-15	37.5-37.1	38.5	458(0)																																															晴		16.0	3.0	6.0	287.8	13.0	11	57.0	稍	**	**		カシマエスパーダ															
2021107331	2024-04-02	川崎		7.0	ダイヤモンドフラワー(3歳)								岩部純二		ダ1500				1:39.2	0.3		10-10-8-7	30.9-41.5	40.0	438(-20)				62.5																																											晴		10.0	1.0	1.0	17.4	7.0	3	56.0	稍	**	**		カミノカガヤキ															
2021107331	2024-04-13	3中山7		4.0	3歳未勝利								岩部純二		ダ1800				1:56.4	0.4		10-11-7-5	37.4-39.5	39.2	444(+6)				83.0																																											晴		12.0	3.0	3.0	62.3	6.0	4	57.0	良	**	**		タンゴノアール															
2021107331	2024-05-04	2東京5		2.0	3歳未勝利								岩部純二		ダ2100				2:14.0	1.9		12-12-11-11	30.5-37.7	38.6	442(-2)																																															晴		12.0	4.0	4.0	8.6	4.0	7	57.0	稍	**	**		レヴォントゥレット															
2021107331	2024-06-16	1函館4		4.0	3歳未勝利								永野猛蔵		ダ1700				1:47.8	1.2		7-8-7-5	30.8-37.9	38.3	444(+2)				83.0																																											曇		13.0	4.0	5.0	17.3	7.0	4	56.0	良	**	**		コパノエビータ															
2021107331	2024-06-22	1函館5		4.0	3歳未勝利								永野猛蔵		ダ2400				2:37.0	1.2		6-6-4-3	38.4-37.9	38.6	444(0)				140.0																																											晴		10.0	8.0	10.0	5.2	2.0	3	57.0	良	**	**		ダンツドール															
2021107331	2024-07-13	1函館11		4.0	3歳未勝利								永野猛蔵		ダ2400				2:37.7	2.5		10-10-6-6	38.8-38.6	40.0	446(+2)																																															晴		11.0	5.0	6.0	3.8	2.0	6	57.0	良	**	**		タケルゴールド															
2021107331	2024-08-03	1札幌5		4.0	3歳未勝利								古川吉洋		ダ1700				1:47.2	0.7		14-13-5-3	30.8-38.4	38.1	442(-4)				220.0																																											晴		14.0	8.0	14.0	27.8	8.0	2	57.0	良	**	**		サンカルミア															
2021107331	2024-08-18	2札幌4		3.0	3歳未勝利								古川吉洋		ダ1700				1:48.1	-0.2		14-14-4-1	30.0-39.4	39.1	442(0)				550.0																																											曇		14.0	1.0	1.0	6.8	5.0	1	57.0	良	**	**		(オーヴァーマスター)															
2021107331	2024-08-31	2札幌7		7.0	3歳以上1勝クラス								古川吉洋		ダ1700				1:45.5	1.4		14-14-14-11	30.0-37.4	37.3	450(+8)																																															曇		14.0	3.0	4.0	35.2	8.0	7	55.0	重	**	**		ルージュシュエット															
2021107331	2025-03-08	2中山3		8.0	4歳以上1勝クラス								岩部純二		ダ1800				1:55.5	1.4		16-16-15-14	37.6-38.1	38.2	456(+6)																																															曇		16.0	5.0	10.0	63.3	13.0	9	58.0	稍	**	**		ホレーショ															
2021107331	2025-11-20	川崎		10.0	ノベンバースター賞(B2B3)								岩部純二		ダ1600				1:45.0	1.1		7-7-4-6	37.0-40.5	41.1	460(+4)																																															晴		12.0	5.0	7.0	16.2	6.0	8	57.0	良	**	**		フイノマジワリ															
2021110012	2023-07-29	1札幌3		5.0	2歳新馬								武豊		芝1500				1:32.0	1.1		7-4-5	30.5-35.7	36.5	442(0)																																															晴		14.0	7.0	12.0	7.1	3.0	11	55.0	良	**	**		ギヴイットアゴー															
2021110012	2024-05-19	1新潟8		5.0	3歳未勝利								角田大和		芝2200				2:17.8	1.0		13-14-15-13	36.5-37.2	37.0	436(-6)																																															晴		16.0	1.0	1.0	56.3	11.0	6	56.0	良	**	**		オリエンタルナイト															
2021110012	2024-06-09	1函館2		4.0	3歳未勝利								武豊		芝2600				2:40.2	0.1		9-9-10-6	36.2-36.9	36.2	436(0)				140.0																																											曇		14.0	4.0	6.0	13.8	5.0	3	57.0	良	**	**		サンライズガッツ															
2021110012	2024-06-22	1函館5		6.0	3歳未勝利								武豊		芝2000				2:01.2	0.2		9-9-4-4	35.6-36.9	36.7	438(+2)																																															曇		16.0	4.0	8.0	5.7	3.0	6	57.0	良	**	**		コーラルムーン															
2021110012	2024-07-06	1函館9		6.0	3歳未勝利								武豊		芝2600				2:45.6	0.6		4-5-3-2	38.6-36.0	36.4	440(+2)				220.0																																											曇		12.0	6.0	7.0	4.9	3.0	2	57.0	良	**	**		ミスガリレオアスク															
2021110012	2024-08-04	1札幌6		6.0	3歳未勝利								武豊		芝2600				2:44.4	0.6		13-13-8-7	37.0-37.2	37.1	448(+8)				55.0																																											曇		14.0	7.0	12.0	3.5	1.0	5	57.0	稍	**	**		テイキットイージー															
2021110012	2024-08-18	2札幌4		4.0	3歳未勝利								横山典弘		芝2600				2:41.5	0.8		6-7-10-5	36.5-37.3	37.1	448(0)				220.0																																											曇		14.0	3.0	4.0	4.3	2.0	2	57.0	良	**	**		ショウナンガチ															
2021110012	2024-08-31	2札幌7		3.0	3歳未勝利								横山典弘		芝2000				2:03.4	0.8		5-5-3-3	35.8-37.0	37.6	442(-6)				140.0																																											曇		16.0	4.0	7.0	13.9	7.0	3	57.0	重	**	**		アラタマフェーヴル															
2021110012	2024-09-21	3中京6		7.0	3歳以上1勝クラス								横山典弘		芝2000				2:01.5	1.1		10-10-9-7	36.1-34.5	35.1	438(-4)																																															晴		16.0	8.0	15.0	45.0	8.0	9	55.0	良	**	**		ヤングスカーレット															
2021110012	2024-11-16	3福島5		9.0	高湯温泉特別(1勝クラス)								泉谷楓真		芝1800				1:49.8	0.8		12-13-13-12	36.5-35.1	34.6	438(0)																																															曇		16.0	3.0	5.0	23.2	8.0	9	56.0	良	**	**		アイキャンドウイッ															
2021110012	2024-12-01	4中京2		7.0	3歳以上1勝クラス								菱田裕二		ダ1800				1:52.5	0.6		12-12-8-8	36.6-38.1	36.5	434(-4)				120.0																																											晴		12.0	3.0	3.0	63.4	8.0	4	56.0	良	**	**		ホークフィールド															
2021110012	2024-12-14	4中京5		7.0	3歳以上1勝クラス								丸山元気		ダ1800				1:54.3	0.0		13-12-4-3	38.2-38.6	38.3	434(0)				800.0																																											晴		16.0	7.0	13.0	3.8	2.0	1	57.0	良	**	**		(カレンワッツアップ)															
2021110012	2025-01-11	1中京3		7.0	4歳以上1勝クラス								武豊		ダ1800				1:54.0	0.7		13-14-11-8	37.8-38.8	38.3	440(+6)																																															晴		16.0	3.0	6.0	6.3	4.0	6	57.0	良	**	**		メイショウコナン															
2021110012	2025-06-28	1函館5		12.0	3歳以上1勝クラス								武豊		ダ1700				1:45.8	0.7		13-13-9-8	29.9-37.9	37.8	456(+16)				120.0																																											晴		14.0	4.0	6.0	8.0	5.0	4	58.0	稍	**	**		アレスグート															
2021110012	2025-07-12	1函館9		8.0	3歳以上1勝クラス								武豊		ダ2400				2:34.9	0.2		5-2-1-1	38.2-38.7	38.9	450(-6)				200.0																																											晴		11.0	3.0	3.0	3.0	1.0	3	58.0	良	**	**		ファイアトリック															
2021110012	2025-10-25	3京都8		7.0	3歳以上1勝クラス								浜中俊		ダ1800				1:52.9	0.2		7-7-6-2	36.9-38.6	38.2	444(-6)				320.0																																											曇		11.0	8.0	10.0	11.1	6.0	2	58.0	良	**	**		エリカヴェネチア															
2021110012	2025-11-09	4京都2		6.0	3歳以上1勝クラス								武豊		ダ1800				1:50.2	0.6		13-13-9-4	35.0-37.7	37.5	444(0)				80.0																																											雨		16.0	5.0	9.0	9.0	3.0	5	58.0	重	**	**		ブルーワール															
2021110012	2025-12-07	5中京2		3.0	3歳以上1勝クラス								武豊		ダ1800				1:54.1	0.7		12-13-10-8	36.9-38.0	37.4	448(+4)				120.0																																											晴		14.0	8.0	14.0	10.2	5.0	4	58.0	良	**	**		ジーティーダーリン															
2021110012	2025-12-20	5阪神5		7.0	3歳以上1勝クラス								武豊		ダ1800				1:54.6	1.1		13-10-5-5	37.7-36.9	37.6	450(+2)																																															晴		16.0	3.0	5.0	16.0	4.0	7	58.0	良	**	**		アカデミア															
2021110012	2026-01-05	1京都2		7.0	4歳以上1勝クラス								武豊		ダ1800				1:52.6	0.6		13-13-14-9	35.4-38.1	37.1	450(0)				210.0																																											晴		15.0	5.0	9.0	15.2	6.0	3	58.0	良	**	**		ルクスフレンジー															
2021110023	2023-07-01	3中京1		5.0	2歳新馬								幸英明		芝1200				1:11.5	1.0		2-2	36.0-34.5	35.2	482(0)				110.0																													曇		7.0	2.0	2.0	4.9	3.0	4	55.0	重	**	**		クリノハレルヤ																													
2021110023	2023-07-23	2福島8		3.0	2歳未勝利								石橋脩		ダ1150				1:11.2	1.2		2-2	32.3-37.7	38.8	482(0)				55.0																													晴		13.0	8.0	13.0	9.3	4.0	5	55.0	良	**	**		クラークテソーロ																													
2021110023	2023-10-21	4新潟3		5.0	2歳未勝利								石橋脩		芝1000				0:58.1	0.1		12	34.2-35.0	34.6	486(+4)				220.0																													雨		18.0	5.0	10.0	7.7	4.0	2	56.0	重	**	**		ルクスパラディ																													
2021110023	2023-11-05	3福島2		2.0	2歳未勝利								吉田隼人		芝1200				1:10.7	0.9		4-3	33.9-35.9	36.6	488(+2)				220.0																													曇		16.0	1.0	2.0	7.5	5.0	2	56.0	良	**	**		アララララ																													
2021110023	2024-01-14	1小倉2		6.0	3歳未勝利								永島まな		芝1200				1:08.7	0.9		2-3	33.2-34.6	35.5	486(-2)																																	晴		17.0	4.0	8.0	7.3	4.0	6	54.0	良	**	**		ペアポルックス																													
2021110023	2024-02-24	2小倉5		2.0	3歳未勝利								吉田隼人		芝1200				1:09.7	-0.2		6-4	34.2-35.5	35.1	488(+2)				550.0																													晴		18.0	2.0	4.0	4.6	2.0	1	57.0	重	**	**		(ナムラローズマリー)																													
2021110023	2024-03-16	1阪神7		6.0	3歳1勝クラス								田口貫太		芝1200				1:09.6	0.9		8-8	34.2-34.5	34.8	486(-2)																																	晴		10.0	1.0	1.0	20.2	6.0	7	56.0	良	**	**		トーラスシャイン																													
2021110023	2024-04-07	3中山6		7.0	3歳1勝クラス								三浦皇成		芝1200				1:10.0	0.3		4-4	34.6-35.1	35.1	480(-6)				200.0																													晴		13.0	6.0	8.0	19.7	7.0	3	57.0	重	**	**		タイセイフェスタ																													
2021110023	2025-01-12	1中京4		12.0	4歳以上1勝クラス								橋木太希		芝1400				1:23.5	1.6		6-6	34.6-35.0	36.1	490(+10)																																	曇		18.0	7.0	15.0	50.1	12.0	12	54.0	良	**	**		トラペジスト																													
2021110023	2025-04-12	1福島1		12.0	4歳以上1勝クラス								橋木太希		芝1200				1:09.1	0.7		11-8	34.1-34.3	34.3	490(0)																																	晴		16.0	4.0	7.0	9.0	4.0	8	55.0	良	**	**		アイノセンシ																													
2021110023	2025-06-08	3阪神2		12.0	3歳以上1勝クラス								酒井学		芝1400				1:20.8	0.5		3-3	33.2-35.7	35.8	492(+2)				120.0																													曇		16.0	3.0	6.0	88.5	13.0	4	58.0	良	**	**		チューラワンサ																													
2021110023	2025-06-28	2小倉1		12.0	3歳以上1勝クラス								酒井学		芝1200				1:08.8	0.8		3-5	33.3-34.7	35.2	494(+2)																																	晴		14.0	3.0	4.0	9.1	3.0	6	58.0	良	**	**		インブロリオ																													
2021110023	2025-07-20	2小倉8		8.0	3歳以上1勝クラス								北村友一		芝1200				1:08.9	0.1		2-2	33.3-35.5	35.5	492(-2)				200.0																													晴		12.0	6.0	7.0	4.4	2.0	3	58.0	良	**	**		コウセキ																													
2021110023	2025-08-03	3中京4		12.0	3歳以上1勝クラス								団野大成		芝1400				1:19.8	0.0		5-4	34.0-34.4	34.1	496(+4)				800.0																													晴		18.0	3.0	6.0	9.6	4.0	1	58.0	良	**	**		(ノボリリア)																													
2021110023	2025-10-05	4東京2		9.0	tvk賞(2勝クラス)								三浦皇成		芝1400				1:20.4	0.6		5-3	33.9-34.3	34.6	500(+4)																																	曇		17.0	4.0	8.0	16.2	8.0	10	58.0	良	**	**		ジュドー																													
2021110023	2025-10-25	4東京8		9.0	精進湖特別(2勝クラス)								石橋脩		芝1400				1:22.0	0.6		1-1	35.2-34.3	34.9	498(-2)																																	雨		12.0	7.0	9.0	64.5	9.0	10	58.0	稍	**	**		ウイントワイライト																													
2021110023	2025-11-16	4京都4		8.0	3歳以上2勝クラス								幸英明		芝1400				1:21.0	0.3		3-3	35.0-34.4	34.6	500(+2)																																	晴		15.0	8.0	14.0	54.0	10.0	11	58.0	良	**	**		アンダースコア																													
2021110023	2026-01-17	1中山6		12.0	4歳以上2勝クラス								石橋脩		芝1200				1:08.4	0.4		5-5	34.3-33.7	33.8	506(+6)																																	晴		16.0	3.0	5.0	6.9	4.0	6	58.0	良				カンシン																													
2021110056	2023-06-17	3阪神5	晴	5.0	2歳新馬		13.0	3.0	3.0	7.0	3.0	5	岩田望来	55.0	ダ1200		良	**	1:14.6	1.3	**	8-8	36.2-37.1	37.4	466(0)			サトノフェニックス	72.0																																																																							
2021110056	2023-07-01	3中京1	曇	1.0	2歳未勝利		7.0	1.0	1.0	8.0	3.0	2	松山弘平	55.0	芝1400		不	**	1:24.0	0.2	**	1-1	35.0-36.5	36.7	464(-2)			ジュントネフ	220.0																																																																							
2021110056	2023-09-03	3小倉8	晴	2.0	2歳未勝利		14.0	7.0	11.0	6.9	4.0	3	岩田望来	55.0	芝1200		良	**	1:09.4	0.3	**	2-2	34.2-34.9	35.1	464(0)			モンシュマン	140.0																																																																							
2021110056	2023-09-23	4阪神6	曇	2.0	2歳未勝利		10.0	7.0	7.0	3.4	2.0	3	岩田望来	55.0	芝1200		良	**	1:09.3	0.4	**	1-1	34.4-34.5	34.9	458(-6)			エトヴプレ	140.0																																																																							
2021110056	2023-10-09	2京都3	曇	2.0	2歳未勝利		10.0	7.0	8.0	2.1	1.0	1	川田将雅	56.0	ダ1200		重	**	1:12.6	-1.3	**	4-2	35.4-37.2	36.8	462(+4)			(リリーエクスプレス)	550.0																																																																							
2021110056	2023-10-22	2京都7	晴	8.0	なでしこ賞(1勝クラス)		8.0	3.0	3.0	4.5	3.0	4	モレイラ	56.0	ダ1400		良	**	1:25.7	1.0	**	2-4	34.6-37.7	38.5	464(+2)			ナスティウェザー	160.0																																																																							
2021110056	2023-12-10	5阪神4	晴	6.0	2歳1勝クラス		7.0	7.0	7.0	5.1	2.0	1	岩田望来	56.0	ダ1200		良	**	1:12.1	-0.2	**	2-2	35.1-37.0	36.9	470(+6)			(ラヴオントップ)	780.0																																																																							
2021110056	2024-01-17	船橋	晴	11.0	ブルーバードC(JpnIII)		9.0	4.0	4.0	11.0	4.0	2	笹川翼	57.0	ダ1800		良	**	1:55.9	0.0	**	1-1-1-1	35.6-41.2	41.2	466(-4)			アンモシエラ	700.0																																																																							
2021110056	2024-04-29	園田	雨	11.0	兵庫チャンピオンシッ(JpnII)		11.0	6.0	6.0	6.2	3.0	8	川田将雅	57.0	ダ1400		良	**	1:30.3	1.9	**	2-2-4-5		40.9	457(-9)			エートラックス																																																																								
2021110056	2024-09-14	4中山3	晴	11.0	初風S(3勝クラス)		16.0	8.0	15.0	3.7	1.0	2	戸崎圭太	55.0	ダ1200		良	**	1:11.4	0.1	**	2-2	33.9-37.4	37.0	476(+19)			エティエンヌ	749.6																																																																							
2021110056	2024-10-05	5京都1	晴	10.0	大山崎S(3勝クラス)		16.0	6.0	11.0	3.2	2.0	2	岩田望来	57.0	ダ1200		稍	**	1:11.7	0.3	**	4-4	34.0-37.4	37.2	470(-6)			スターターン	749.8																																																																							
2021110056	2024-11-02	6京都1	雨	10.0	貴船S(3勝クラス)		16.0	6.0	11.0	2.8	2.0	8	岩田望来	57.0	ダ1200		不	**	1:11.9	1.7	**	3-3	34.5-35.7	37.0	476(+6)			インユアパレス																																																																								
2021110056	2024-11-30	7京都1	晴	10.0	姫路S(3勝クラス)		15.0	7.0	13.0	5.6	2.0	5	岩田望来	57.0	ダ1200		稍	**	1:12.1	0.4	**	5-5	35.0-36.7	36.6	474(-2)			ジョーローリット	184.0																																																																							
2021110056	2025-04-06	2阪神4	晴	12.0	陽春S(3勝クラス)		11.0	4.0	4.0	2.4	1.0	1	岩田望来	58.0	ダ1200		良	**	1:11.4	-0.2	**	1-1	34.3-37.1	37.1	474(0)			(メイショウタイゲイ)	1865.9																																																																							
2021110056	2025-04-26	2京都1	晴	11.0	天王山S(OP)		14.0	7.0	11.0	20.2	8.0	10	岩田望来	57.0	ダ1200		良	**	1:11.8	1.1	**	3-2	34.3-36.4	36.5	476(+2)			ドンアミティエ																																																																								
2021110056	2025-07-20	2福島8	晴	11.0	福島テレビ賞(OP)		13.0	5.0	6.0	11.6	6.0	6	津村明秀	57.0	ダ1150		良	**	1:08.0	0.7	**	6-5	31.2-36.1	36.0	480(+4)			シアージスト																																																																								
2021110056	2025-09-14	4中山4	曇	11.0	ラジオ日本賞(OP)		16.0	5.0	9.0	32.7	12.0	14	丸山元気	57.0	ダ1200		稍	**	1:11.7	1.8	**	9-9	33.8-36.1	37.1	474(-6)			ポッドベイダー																																																																								
2021110056	2025-10-04	3京都1	曇	11.0	オパールS(L)		18.0	7.0	14.0	66.5	17.0	17	団野大成	55.0	芝1200		重	**	1:10.7	3.0	**	13-15	33.7-34.0	36.1	470(-4)			メイショウソラフネ																																																																								
2021110056	2025-11-16	3福島4	晴	11.0	福島民友C(L)		15.0	2.0	2.0	98.1	14.0	11	吉田隼人	57.0	ダ1700		良	**	1:46.2	0.9	**	1-1-2-2	29.8-38.0	38.9	480(+10)			ポッドロゴ																																																																								
2021110056	2025-12-21	5中京6	曇	11.0	コールドムーンS(OP)		16.0	5.0	10.0	100.9	13.0	9	松本大輝	57.0	ダ1400		稍	**	1:23.4	0.9	**	1-1	34.1-36.4	37.3	482(+2)			ダノンフィーゴ																																																																								
2021110056	2026-01-10	1京都3	晴	11.0	すばるS(L)		16.0	3.0	6.0	73.6	11.0	6	松本大輝	57.0	ダ1400		良	**	1:24.2	0.6	**	1-1	35.1-36.4	37.0	476(-6)			キタノズエッジ																																																																								
2021110058	2025-01-02	園田		1.0	C3三								下原理		ダ1400				1:33.0	-1.9		1-1-1-1		39.5	527(0)				56.0																													晴		12.0	2.0	2.0	1.6	1.0	1	54.0	良	**	**		(シンゼンコタロウ)																													
2021110058	2025-01-23	姫路		4.0	土師7ハロンC2三								下原理		ダ1400				1:35.6	0.0		4-4-3-3		39.9	514(-13)				24.5																													晴		10.0	4.0	4.0	1.1	1.0	2	54.0	良	**	**		ファームラヴ																													
2021110058	2025-02-26	姫路		6.0	C2二								下原理		ダ1400				1:35.0	-0.9		1-1-1-1		39.0	526(+12)				70.0																													晴		8.0	1.0	1.0	1.1	1.0	1	54.0	良	**	**		(ショウナンマントル)																													
2021110058	2025-04-03	園田		4.0	☆SKE48熊崎晴香(C2)								下原理		ダ1400				1:31.9	-1.3		3-4-2-2		39.3	521(-5)				70.0																													晴		10.0	7.0	8.0	1.3	1.0	1	56.0	良	**	**		(フークレゼルヴ)																													
2021110058	2025-05-06	園田		12.0	C1								下原理		ダ1400				1:29.8	-0.7		3-3-2-1		39.2	523(+2)				100.0																													曇		11.0	6.0	8.0	1.7	1.0	1	55.0	重	**	**		(ソニック)																													
2021110058	2025-11-08	3福島1		12.0	3歳以上1勝クラス								小沢大仁		ダ1700				1:47.3	1.4		2-2-2-2	30.0-38.5	39.8	542(+19)																																	晴		15.0	4.0	7.0	9.7	6.0	9	56.0	良	**	**		タイセイマンボ																													
2021110058	2026-01-17	1京都6		7.0	4歳以上1勝クラス								岩田望来		ダ1400				1:26.1	1.1		1-1	36.0-36.6	37.7	522(-20)																																	晴		15.0	2.0	4.0	8.9	4.0	9	56.0	良				レーティッシュ																													
2021110060	2023-09-24	4阪神7		4.0	2歳新馬								川田将雅		ダ1800				1:56.5	-0.6		6-6-4-4	38.6-38.0	37.5	550(0)				720.0															晴		8.0	1.0	1.0	2.3	1.0	1	55.0	良	**	**		(ヒロノラメール)																																											
2021110060	2023-11-25	5東京7		9.0	カトレアS(OP)								ビュイッ		ダ1600				1:38.7	1.2		8-9	35.1-37.4	37.8	552(+2)																			晴		16.0	6.0	11.0	4.5	2.0	11	56.0	良	**	**		アマンテビアンコ																																											
2021110060	2024-01-27	1東京1		4.0	3歳1勝クラス								川田将雅		ダ1600				1:38.0	-0.3		6-6	34.6-39.1	38.4	556(+4)				780.0															晴		14.0	8.0	14.0	4.1	2.0	1	57.0	良	**	**		(アンクエンチャブル)																																											
2021110060	2024-05-04	2東京5		9.0	青竜S(OP)								モレイラ		ダ1600				1:36.2	0.0		3-3	34.4-37.7	37.4	550(-6)				1820.3															晴		8.0	7.0	7.0	2.3	1.0	1	57.0	稍	**	**		(ソレルビュレット)																																											
2021110060	2024-08-04	2新潟4		7.0	レパードS(GIII)								川田将雅		ダ1800				1:53.3	2.1		6-8-6-7	35.7-37.8	39.1	554(+4)																			晴		15.0	5.0	8.0	4.9	2.0	9	57.0	良	**	**		ミッキーファイト																																											
2021110060	2024-10-27	4東京8		12.0	ペルセウスS(OP)								ルメール		ダ1400				1:25.5	2.1		10-11	35.9-35.5	36.8	556(+2)																			曇		16.0	5.0	10.0	3.4	1.0	13	55.0	良	**	**		アームズレイン																																											
2021110060	2025-02-10	1京都3		11.0	アルデバランS(OP)								坂井瑠星		ダ1900				2:00.1	1.9		4-4-4-4	30.4-36.4	37.9	556(0)																			晴		16.0	2.0	3.0	30.2	8.0	10	56.0	良	**	**		ブライアンセンス																																											
2021110060	2025-07-06	2福島4		11.0	ジュライS(OP)								三浦皇成		ダ1700				1:44.5	1.1		2-2-2-2	29.5-37.3	38.3	552(-4)				554.7															晴		15.0	7.0	12.0	23.1	7.0	3	56.0	良	**	**		シゲルショウグン																																											
2021110060	2025-08-23	3新潟1		11.0	BSN賞(L)								三浦皇成		ダ1800				1:52.4	1.1		3-3-4-3	36.2-37.8	38.4	548(-4)																			晴		12.0	2.0	2.0	9.5	4.0	7	57.0	良	**	**		ジャスパーロブスト																																											
2021110060	2025-11-01	4東京10		11.0	ペルセウスS(OP)								三浦皇成		ダ1600				1:35.9	3.0		6-6	33.6-35.8	38.2	548(0)																			晴		16.0	2.0	4.0	25.6	13.0	13	56.0	重	**	**		ジェイパームス																																											
2021110060	2026-01-18	1中山7		10.0	ジャニュアリーS(OP)								内田博幸		ダ1200				1:11.6	1.0		13-14	33.3-37.3	37.0	548(0)																																																													晴		16.0	4.0	8.0	25.1	8.0	10	57.0	良	**	**		モンドプリューム	202606010710
2021110077	2024-03-10	1阪神6		4.0	3歳未勝利								藤岡佑介		芝2000				2:02.5	0.0		7-7-7-7	37.0-34.9	34.1	508(0)				220.0															晴		10.0	5.0	5.0	4.4	2.0	2	57.0	良	**	**		スカイサーベイ																																											
2021110077	2024-04-06	2阪神5		4.0	3歳未勝利								川田将雅		芝2000				2:00.4	0.2		11-9-5-5	35.8-35.7	35.5	510(+2)				220.0															晴		16.0	8.0	15.0	1.5	1.0	2	57.0	良	**	**		ヤングスカーレット																																											
2021110077	2024-06-08	4京都3		6.0	3歳未勝利								川田将雅		芝2400				2:24.5	-0.2		3-3-4-2	34.2-34.7	34.1	514(+4)				550.0															晴		18.0	7.0	14.0	1.9	1.0	1	57.0	良	**	**		(テイクザクラウン)																																											
2021110077	2024-09-28	3中京8		7.0	3歳以上1勝クラス								川田将雅		芝2200				2:12.4	-0.1		12-12-12-13	34.4-36.4	35.2	520(+6)				800.0															曇		14.0	7.0	12.0	1.6	1.0	1	55.0	良	**	**		(アラナコア)																																											
2021110077	2025-02-15	1東京5		9.0	箱根特別(2勝クラス)								川田将雅		芝2400				2:25.0	-0.1		7-7-6-2	37.3-34.3	34.2	504(-16)				1576.6															晴		11.0	7.0	8.0	2.7	1.0	1	55.0	良	**	**		(エセルフリーダ)																																											
2021110077	2025-04-20	3中山8		12.0	サンシャインS(3勝クラス)								川田将雅		芝2200				2:10.8	0.4		10-8-9-7	35.3-34.5	34.1	514(+10)				464.2															曇		13.0	3.0	3.0	2.8	1.0	3	56.0	良	**	**		コスモフリーゲン																																											
2021110077	2025-05-11	2京都6		9.0	烏丸S(3勝クラス)								藤岡佑介		芝2400				2:24.4	0.1		12-12-8-7	34.0-35.1	34.5	516(+2)				749.2															曇		14.0	5.0	8.0	2.4	1.0	2	57.0	良	**	**		サンライズソレイユ																																											
2021110077	2025-09-21	4阪神7		10.0	ムーンライトH(3勝クラス)								川田将雅		芝2200				2:15.0	0.2		7-7-7-7	37.7-33.9	33.5	526(+10)				462.8															曇		9.0	5.0	5.0	2.1	1.0	3	58.0	良	**	**		ファミリータイム																																											
2021110077	2025-10-13	4東京5		10.0	昇仙峡S(3勝クラス)								西村淳也		芝2400				2:26.7	-0.1		5-4-7-5	37.9-34.5	33.9	522(-4)				1857.5															曇		8.0	1.0	1.0	2.8	2.0	1	58.0	良	**	**		(エンドウノハナ)																																											
2021110077	2026-01-18	1京都7		11.0	日経新春杯(GII)								川田将雅		芝2400				2:26.5	0.8		13-13-13-13	35.9-34.4	33.4	524(+2)																																																													晴		13.0	7.0	11.0	6.3	2.0	8	56.0	良	**	**		ゲルチュタール	202608010711
2021110087	2023-12-16	5阪神5	曇	5.0	2歳新馬		11.0	7.0	9.0	4.5	2.0	1	岩田望来	55.0	芝1200		稍	**	1:10.1	-0.2	**	4-3	35.2-34.9	34.7	434(0)			(ヘルメース)	720.0																																																																							
2021110087	2024-01-13	1京都4	曇	10.0	紅梅S(L)		9.0	7.0	7.0	24.2	8.0	9	坂井瑠星	55.0	芝1400		良	**	1:24.5	1.1	**	7-8	36.1-34.8	35.4	430(-4)			ワイドラトゥール																																																																								
2021110087	2024-03-16	1阪神7	晴	6.0	3歳1勝クラス		10.0	8.0	10.0	79.6	9.0	9	岩田望来	55.0	芝1200		良	**	1:09.9	1.2	**	3-3	34.2-34.5	35.5	436(+6)			トーラスシャイン																																																																								
2021110087	2024-07-28	2新潟2	曇	8.0	3歳以上1勝クラス		15.0	7.0	12.0	22.1	8.0	4	西塚洸二	52.0	ダ1200		稍	**	1:11.6	0.2	**	7-7	33.4-38.0	37.4	452(+16)			グッジョブ	120.0																																																																							
2021110087	2024-08-25	2中京6	曇	12.0	3歳以上1勝クラス		15.0	8.0	14.0	8.6	3.0	5	鮫島克駿	54.0	ダ1200		良	**	1:12.5	0.9	**	6-7	34.5-37.1	37.5	446(-6)			スターターン	80.0																																																																							
2021110087	2024-09-14	3中京3	晴	12.0	3歳以上1勝クラス		15.0	3.0	4.0	5.9	4.0	1	鮫島克駿	54.0	ダ1400		良	**	1:23.6	-0.5	**	2-2	34.4-37.3	37.1	448(+2)			(タイセイブロウ)	800.0																																																																							
2021110087	2024-10-13	5京都4	晴	12.0	亀岡特別(2勝クラス)		9.0	8.0	9.0			除	鮫島克駿	54.0	ダ1400		良	**			**		34.9-37.8		440(-8)			ギーロカスタル																																																																								
2021110087	2024-10-27	5京都8	曇	12.0	3歳以上2勝クラス		12.0	7.0	10.0	4.0	3.0	1	吉村誠之	51.0	ダ1400		良	**	1:23.6	-0.1	**	2-2	34.3-37.4	37.1	442(-6)			(リジル)	1140.0																																																																							
2021110087	2025-01-18	1中京6	晴	11.0	遠江S(3勝クラス)		16.0	4.0	8.0	17.9	8.0	16	坂井瑠星	55.0	ダ1400		良	**	1:27.0	3.7	**	11-12	35.3-35.8	38.5	458(+16)			モズミギカタアガリ																																																																								
2021110087	2025-02-22	1京都7	曇	10.0	河原町S(3勝クラス)		16.0	8.0	15.0	8.8	5.0	12	吉村誠之	53.0	ダ1400		良	**	1:25.5	1.6	**	2-2	35.1-36.9	38.5	458(0)			ニシキギミッチー																																																																								
2021110087	2025-04-06	2阪神4	晴	12.0	陽春S(3勝クラス)		11.0	3.0	3.0	22.4	8.0	11	吉村誠之	56.0	ダ1200		良	**	1:13.8	2.4	**	10-10	34.3-37.1	37.8	452(-6)			エコロガイア																																																																								
2021110087	2025-04-20	2阪神8	曇	11.0	心斎橋S(3勝クラス)		11.0	7.0	8.0	87.3	11.0	11	小崎綾也	56.0	芝1400		良	**	1:21.5	1.6	**	2-2	33.8-34.8	36.4	450(-2)			ナムラアトム																																																																								
2021110087	2025-11-23	4京都6	晴	10.0	LトレーナーC(3勝クラス)		16.0	1.0	2.0	158.7	16.0	16	田口貫太	56.0	ダ1400		良	**	1:28.4	4.7	**	1-3	34.9-36.6	41.3	464(+14)			フェルヴェンテ																																																																								
2021110088	2024-03-16	1中京3	晴	4.0	3歳未勝利		12.0	3.0	3.0	47.6	10.0	4	松山弘平	55.0	芝2000		良	**	2:00.6	1.0	**	8-8-8-8	36.1-35.5	35.7	444(0)			コルレオニス	83.0																																																																							
2021110088	2024-04-06	2阪神5	晴	4.0	3歳未勝利		16.0	4.0	8.0	10.1	3.0	4	松山弘平	55.0	芝2000		良	**	2:01.0	0.8	**	6-5-5-5	35.8-35.7	36.2	442(-2)			ヤングスカーレット	83.0																																																																							
2021110088	2024-07-14	3小倉6	雨	4.0	3歳未勝利		18.0	4.0	7.0	4.9	2.0	1	松山弘平	55.0	芝2000		重	**	2:04.8	0.0	**	2-2-1-1	35.8-38.5	38.5	446(+4)			(スピードリッチ)	550.0																																																																							
2021110088	2024-09-21	3中京6	晴	7.0	3歳以上1勝クラス		16.0	6.0	12.0	10.1	5.0	8	松山弘平	53.0	芝2000		良	**	2:01.3	0.9	**	12-12-4-7	36.1-34.5	34.9	454(+8)			ヤングスカーレット																																																																								
2021110088	2024-11-02	3福島1	雨	9.0	三春駒特別(1勝クラス)		14.0	1.0	1.0	3.4	2.0	3	丸山元気	54.0	芝2000		重	**	2:03.8	0.7	**	1-1-1-1	35.8-37.7	38.4	452(-2)			ディマイザキッド	286.1																																																																							
2021110088	2024-11-24	6京都8	曇	7.0	3歳以上1勝クラス		18.0	1.0	1.0	10.1	6.0	1	岩田望来	54.0	芝1800		良	**	1:46.9	0.0	**	3-4	35.3-34.6	34.3	456(+4)			(マルカオペラ)	800.0																																																																							
2021110088	2025-01-19	1中山7	曇	8.0	4歳以上2勝クラス		14.0	7.0	11.0	7.4	4.0	1	戸崎圭太	55.0	芝1800		良	**	1:48.3	-0.2	**	2-2-2-2	37.3-34.7	34.6	452(-4)			(ガールズレジェンド)	1140.0																																																																							
2021110088	2025-02-09	1東京4	晴	10.0	初音S(3勝クラス)		16.0	6.0	11.0	12.1	4.0	3	ルメール	55.0	芝1800		良	**	1:45.5	0.0	**	4-2-2	34.9-35.2	34.7	448(-4)			カナテープ	464.8																																																																							
2021110088	2025-03-23	2中山8	晴	10.0	スピカS(3勝クラス)		16.0	4.0	7.0	6.6	3.0	4	横山武史	56.0	芝1800		良	**	1:47.0	0.3	**	7-8-9-8	36.7-35.5	35.1	450(+2)			アドマイヤマツリ	280.0																																																																							
2021110088	2025-04-06	3中山4	晴	11.0	美浦S(3勝クラス)		16.0	8.0	16.0	8.2	4.0	8	石川裕紀	56.0	芝2000		良	**	2:00.3	0.7	**	1-1-1-1	35.9-35.7	36.4	452(+2)			レガーロデルシエロ																																																																								
2021110088	2025-06-28	2福島1	晴	11.0	バーデンバーデンC(3勝クラス)		16.0	2.0	4.0	5.4	2.0	5	津村明秀	56.0	芝2000		良	**	1:59.5	0.2	**	3-3-4-3	34.6-36.2	36.1	448(-4)			アンゴラブラック	184.0																																																																							
2021110088	2025-10-05	3京都2	曇	9.0	大原S(3勝クラス)		9.0	6.0	6.0	6.0	3.0	7	松山弘平	56.0	芝2000		稍	**	2:00.1	0.7	**	3-3-3-3	36.1-34.3	34.8	458(+10)			レディーヴァリュー																																																																								
2021110088	2025-11-01	4東京10	曇	10.0	紅葉S(3勝クラス)		12.0	7.0	9.0	18.1	6.0	2	横山武史	56.0	芝1600		良	**	1:32.8	0.0	**	2-2	35.6-33.5	33.2	452(-6)			チェルビアット	748.0																																																																							
2021110103	2023-12-09	5阪神3	晴	6.0	2歳新馬		9.0	3.0	3.0	1.8	1.0	2	坂井瑠星	55.0	ダ1800		良	**	1:56.5	0.1	**	4-4-4-4	37.6-38.6	38.1	446(0)			エーデル	235.0																																																																							
2021110103	2024-01-20	1京都6	小雨	2.0	3歳未勝利		12.0	3.0	3.0	1.7	1.0	2	坂井瑠星	55.0	ダ1800		稍	**	1:54.5	0.6	**	4-4-4-4	36.4-38.9	39.1	444(-2)			キングオブフジ	220.0																																																																							
2021110103	2024-02-17	2京都7	曇	2.0	3歳未勝利		15.0	6.0	11.0	3.9	2.0	3	坂井瑠星	55.0	ダ1800		稍	**	1:54.9	1.6	**	6-6-10-8	36.6-37.6	38.4	444(0)			リューデスハイム	140.0																																																																							
2021110103	2024-06-08	1函館1	晴	6.0	3歳未勝利		14.0	6.0	9.0	4.0	3.0	1	北村友一	55.0	ダ1700		良	**	1:46.0	-0.9	**	12-11-1-1	29.9-37.4	37.4	448(+4)			(ミッションルース)	550.0																																																																							
2021110103	2024-07-13	1函館11	晴	9.0	湯浜特別(1勝クラス)		12.0	1.0	1.0	3.4	2.0	1	北村友一	53.0	ダ1700		良	**	1:45.8	-0.6	**	6-6-6-5	30.5-37.0	36.4	446(-2)			(レーヴドレフォン)	1138.7																																																																							
2021110103	2024-07-21	1札幌2	晴	10.0	大倉山特別(2勝クラス)		8.0	8.0	8.0	1.7	1.0	1	北村友一	53.0	ダ1700		良	**	1:46.1	-1.0	**	4-4-4-3	31.3-37.9	37.0	446(0)			(シンヨモギネス)	1567.5																																																																							
2021110103	2024-10-13	5京都4	晴	10.0	アカイトリノムスメC(3勝クラス)		13.0	7.0	11.0	2.9	1.0	4	北村友一	53.0	ダ1800		良	**	1:52.8	0.6	**	6-6-7-6	37.0-36.8	36.8	446(0)			ダンテバローズ	280.0																																																																							
2021110103	2025-01-13	1中京5	晴	10.0	雅S(3勝クラス)		15.0	3.0	6.0	14.3	6.0	6	北村友一	54.0	ダ1800		良	**	1:53.3	1.2	**	13-13-13-14	37.5-37.3	37.4	446(0)			スナークラファエロ																																																																								
2021110103	2025-04-06	3中山4	晴	10.0	アリエスS(3勝クラス)		16.0	7.0	14.0	10.5	5.0	10	杉原誠人	56.0	ダ1800		稍	**	1:53.6	1.7	**	10-9-10-12	36.0-37.8	38.6	450(+4)			マンマリアーレ																																																																								
2021110103	2025-07-27	1札幌2	晴	10.0	ポプラS(3勝クラス)		8.0	4.0	4.0	9.3	4.0	3	北村友一	56.0	ダ1700		重	**	1:43.6	0.8	**	4-4-3-3	30.7-35.8	36.3	460(+10)			ラタフォレスト	462.5																																																																							
2021110103	2025-08-16	1札幌7	晴	11.0	報知杯大雪H(3勝クラス)		14.0	4.0	6.0	6.8	3.0	4	浜中俊	54.0	ダ1700		良	**	1:44.7	0.4	**	10-10-10-9	29.1-38.3	37.6	454(-6)			コトホドサヨウニ	280.0																																																																							
2021110123	2023-09-23	4阪神6		5.0	2歳新馬								武豊		芝1600				1:37.1	2.5		2-2	36.1-34.5	36.9	468(0)																																	晴		13.0	8.0	12.0	22.1	8.0	12	55.0	良	**	**		アルバニー																													
2021110123	2023-11-26	3京都8		1.0	2歳未勝利								松若風馬		ダ1200				1:13.9	1.4		4-5	35.1-37.4	38.1	466(-2)																																	曇		16.0	7.0	14.0	4.6	2.0	7	56.0	良	**	**		ゴッドカインド																													
2021110123	2023-12-09	4中京3		1.0	2歳未勝利								松若風馬		ダ1800				1:56.3	0.4		5-5-5-4	37.5-38.8	38.9	466(0)				220.0																													晴		10.0	7.0	7.0	9.2	4.0	2	56.0	良	**	**		タイセイアディクト																													
2021110123	2024-01-06	1京都1		1.0	3歳未勝利								松若風馬		ダ1800				1:56.2	0.8		6-6-5-5	36.3-39.5	39.8	468(+2)				55.0																													晴		16.0	7.0	14.0	5.0	2.0	5	57.0	良	**	**		セレブレイトエール																													
2021110123	2024-01-28	1小倉6		1.0	3歳未勝利								西塚洸二		ダ1700				1:48.5	0.2		2-2-3-3	31.1-39.4	39.4	460(-8)				220.0																													晴		11.0	6.0	6.0	3.0	2.0	2	54.0	良	**	**		ヤマニンアラクリア																													
2021110123	2024-04-07	1福島2		1.0	3歳未勝利								西塚洸二		ダ1700				1:47.5	-0.3		5-5-4-2	29.9-39.8	39.4	464(+4)				550.0																													晴		15.0	4.0	6.0	3.3	1.0	1	55.0	良	**	**		(オモカゲジョー)																													
2021110123	2024-04-27	1新潟1		9.0	わらび賞(1勝クラス)								西塚洸二		ダ1800				1:56.5	3.0		3-3-3-5	36.7-37.5	40.2	464(0)																																	晴		14.0	5.0	8.0	30.4	8.0	13	57.0	良	**	**		コトホドサヨウニ																													
2021110123	2024-07-21	3小倉8		12.0	3歳以上1勝クラス								西塚洸二		ダ1700				1:46.8	2.1		3-3-5-8	29.2-37.8	39.5	464(0)																																	晴		15.0	6.0	10.0	51.0	11.0	12	54.0	稍	**	**		モズアカボス																													
2021110123	2024-10-20	4新潟6		12.0	3歳以上1勝クラス								小沢大仁		ダ1200				1:12.6	1.1		12-11	34.6-36.9	36.9	468(+4)																																	晴		13.0	7.0	10.0	24.2	6.0	6	56.0	稍	**	**		ドゥータップ																													
2021110123	2024-11-09	6京都3		7.0	3歳以上1勝クラス								池添謙一		ダ1200				1:12.4	1.2		13-13	34.9-36.3	35.7	470(+2)																																	晴		16.0	7.0	13.0	56.8	8.0	7	57.0	良	**	**		クリノオリーブ																													
2021110123	2024-11-30	4中京1		6.0	3歳以上1勝クラス								西塚洸二		ダ1400				1:25.6	1.0		12-11	35.1-37.4	37.1	472(+2)				80.0																													晴		16.0	3.0	6.0	29.4	7.0	5	56.0	良	**	**		アンシール																													
2021110123	2024-12-21	7京都7		8.0	3歳以上1勝クラス								吉村誠之		ダ1400				1:25.9	1.1		7-8	35.4-36.9	37.5	478(+6)																																	曇		16.0	2.0	4.0	30.2	10.0	6	55.0	良	**	**		ビダーヤ																													
2021110123	2025-02-08	1小倉5		8.0	4歳以上1勝クラス								松若風馬		ダ1700				1:44.7	0.8		4-3-3-3	29.3-37.2	37.7	472(-6)				120.0																													小雪		15.0	5.0	9.0	9.4	5.0	4	57.0	稍	**	**		サイドキック																													
2021110123	2025-04-20	1福島4		12.0	4歳以上1勝クラス								永島まな		ダ1700				1:47.8	1.3		3-3-3-2	30.7-37.6	38.7	472(0)				200.0																													曇		15.0	8.0	14.0	3.8	2.0	3	56.0	良	**	**		トーレ																													
2021110123	2025-07-06	2小倉4		12.0	3歳以上1勝クラス								松山弘平		ダ1700				1:46.6	1.2		10-10-11-10	29.8-37.9	38.2	470(-2)																																	晴		16.0	3.0	5.0	13.4	5.0	7	58.0	良	**	**		ジューンエオス																													
2021110123	2025-10-11	3京都3		12.0	3歳以上1勝クラス								団野大成		ダ1400				1:23.4	0.2		8-6	34.3-37.2	36.8	470(0)				120.0																													晴		16.0	3.0	6.0	57.8	11.0	4	58.0	良	**	**		ゴールデンカイト																													
2021110123	2025-11-01	3京都10		7.0	3歳以上1勝クラス								団野大成		ダ1400				1:24.5	0.8		8-9	35.0-36.6	36.8	472(+2)																																	晴		16.0	6.0	12.0	4.7	2.0	6	58.0	重	**	**		ヴリトラハン																													
2021110123	2025-12-28	5阪神8		7.0	3歳以上1勝クラス								斎藤新		ダ1400				1:24.9	1.0		6-7	34.3-37.3	37.6	474(+2)																																	晴		16.0	5.0	9.0	8.3	4.0	6	58.0	良	**	**		ニューオーリンズ																													
2021110123	2026-01-17	1京都6		7.0	4歳以上1勝クラス								斎藤新		ダ1400				1:26.2	1.2		6-9	36.0-36.6	37.0	478(+4)																																	晴		15.0	5.0	10.0	16.8	5.0	10	58.0	良				レーティッシュ																													
2021110134	2023-08-19	3新潟3		3.0	2歳新馬								菅原明良		ダ1800								39.2-39.1		計不																																	晴		14.0	2.0	2.0			除	55.0	良	**	**		ブループリマドンナ																													
2021110134	2023-10-09	4東京3		6.0	2歳新馬								戸崎圭太		ダ1400				1:26.3	-0.2		2-2	35.7-38.0	37.9	502(0)				720.0																													雨		15.0	3.0	5.0	2.7	1.0	1	56.0	不	**	**		(エッカート)																													
2021110134	2023-12-10	5中山4		7.0	2歳1勝クラス								池添謙一		ダ1800				2:00.5	8.0		6-6-7-15	37.1-37.9	45.0	506(+4)																																	晴		16.0	4.0	8.0	36.8	11.0	16	56.0	良	**	**		ミッキーファイト																													
2021110134	2024-02-25	1阪神2		5.0	3歳1勝クラス								松若風馬		ダ1200				1:13.6	2.4		8-9	35.3-35.9	37.3	506(0)																																	小雨		10.0	2.0	2.0	23.8	6.0	9	57.0	不	**	**		ネグレスコ																													
2021110134	2024-03-10	1中京2		10.0	昇竜S(OP)								吉田隼人		ダ1400				1:27.0	1.6		7-8	35.9-37.1	38.1	506(0)																																	晴		9.0	5.0	5.0	65.0	7.0	7	57.0	良	**	**		チカッパ																													
2021110134	2024-04-20	2東京1		6.0	3歳1勝クラス								吉田豊		ダ1600				1:39.2	2.0		11-8	35.1-37.2	38.0	502(-4)																																	晴		16.0	3.0	5.0	155.9	14.0	10	57.0	良	**	**		ブシン																													
2021110134	2024-05-18	2東京9		6.0	3歳1勝クラス								戸崎圭太		ダ1600				1:40.5	4.3		2-2	35.5-35.6	39.8	498(-4)																																	晴		10.0	2.0	2.0	77.9	8.0	9	57.0	良	**	**		アッシュルバニパル																													
2021110134	2024-06-27	園田		8.0	JRA交流円山川特別								吉村智洋		ダ1400				1:33.6	2.8		5-5-6-6		40.6	492(-6)																																	曇		9.0	2.0	2.0	11.4	4.0	6	56.0	良	**	**		ドンカポノ																													
2021110134	2024-11-16	6京都5		7.0	3歳以上1勝クラス								渡辺竜也		ダ1400				1:25.6	1.0		8-9	34.4-38.0	38.0	510(+18)																																	小雨		16.0	5.0	10.0	179.0	15.0	9	57.0	良	**	**		アストラカ																													
2021110134	2024-11-26	船橋		10.0	フェイスフルブーツ特(B2B3)								Ｍ．ミシ		ダ1700				1:49.0	0.3		2-2-2-2	30.6-39.9	39.4	514(+4)				160.0																													晴		12.0	6.0	8.0	6.8	3.0	2	55.0	良	**	**		モデルハント																													
2021110134	2024-12-28	7京都9		8.0	3歳以上1勝クラス								田口貫太		ダ1800				1:56.6	2.8		2-2-4-6	36.9-38.7	41.1	510(-4)																																	晴		16.0	6.0	12.0	76.8	14.0	13	56.0	良	**	**		ペンナヴェローチェ																													
2021110134	2025-02-05	川崎		10.0	フェブラリースター賞(B2B3)								笹川翼		ダ1600				1:45.4	1.0		2-2-2-3	38.8-39.9	40.9	503(-7)				60.0																													晴		11.0	6.0	6.0	4.1	2.0	4	57.0	稍	**	**		マイケルマキシマス																													
2021110134	2025-04-19	2阪神7		12.0	4歳以上1勝クラス								団野大成		ダ1400								34.7-38.3		506(+3)																																	晴		15.0	4.0	7.0			除	58.0	良	**	**		マイティマイティー																													
2021110134	2025-11-08	5東京1		7.0	3歳以上1勝クラス								松岡正海		ダ1300				1:18.7	0.8		2-2	29.5-36.5	37.2	530(+27)				120.0																													晴		16.0	7.0	13.0	154.1	14.0	4	58.0	良	**	**		ドントゥザムーン																													
2021110134	2025-11-23	4京都6		6.0	3歳以上1勝クラス								マーカン		ダ1400				1:26.1	2.0		2-2	34.9-37.1	39.0	532(+2)																																	晴		16.0	4.0	7.0	79.9	13.0	12	58.0	良	**	**		ポッドドンナー																													
2021110134	2026-01-17	1京都6		7.0	4歳以上1勝クラス								松本大輝		ダ1400				1:27.0	2.0		2-2	36.0-36.6	38.5	544(+12)																																	晴		15.0	3.0	6.0	126.4	12.0	13	57.0	良				レーティッシュ																													
2021110136	2023-10-28	2京都8		4.0	2歳新馬								モレイラ		ダ1400				1:27.6	0.8		2-2	35.7-38.6	39.2	480(0)				180.0	晴		11.0	5.0	5.0	3.7	2.0	3	56.0	良	**	**		メイショウザンゲツ																																																									
2021110136	2023-12-02	4中京1		1.0	2歳未勝利								永島まな		ダ1400				1:26.7	0.8		1-1	35.8-37.3	38.1	484(+4)				55.0	晴		16.0	8.0	15.0	4.3	3.0	5	53.0	良	**	**		テイエムリステット																																																									
2021110136	2024-02-25	1阪神2		2.0	3歳未勝利								ルメート		ダ1400				1:28.9	4.7		1-1	34.5-37.7	42.4	478(-6)					小雨		14.0	1.0	1.0	4.7	2.0	12	57.0	不	**	**		グランメドウ																																																									
2021110136	2024-05-18	3京都9		2.0	3歳未勝利								岩田望来		ダ1200				1:12.6	-0.7		1-1	35.7-36.9	36.9	480(+2)				550.0	晴		16.0	5.0	9.0	6.1	3.0	1	57.0	良	**	**		(カフジニホニウム)																																																									
2021110136	2024-10-20	4新潟6		12.0	3歳以上1勝クラス								佐々木大		ダ1200				1:11.8	0.3		1-1	34.6-36.9	37.2	484(+4)				320.0	晴		13.0	8.0	13.0	3.2	2.0	2	57.0	稍	**	**		ドゥータップ																																																									
2021110136	2024-11-03	3福島2		12.0	3歳以上1勝クラス								丹内祐次		ダ1150				1:07.4	-0.5		1-1	31.9-35.5	35.5	488(+4)				800.0	晴		10.0	1.0	1.0	1.5	1.0	1	57.0	重	**	**		(アイファーベア)																																																									
2021110136	2024-12-01	5中山2		12.0	3歳以上2勝クラス								ビュイッ		ダ1200				1:10.8	-0.2		1-1	34.1-36.7	36.7	486(-2)				1140.0	晴		16.0	5.0	9.0	3.4	1.0	1	57.0	良	**	**		(ショウナンアビアス)																																																									
2021110136	2024-12-22	5中山8		12.0	フェアウェルS(3勝クラス)								坂井瑠星		ダ1200				1:12.5	1.7		2-2	33.3-37.5	39.2	494(+8)					晴		16.0	8.0	15.0	1.8	1.0	12	57.0	良	**	**		ケイアイアニラ																																																									
2021110136	2025-03-01	2中山1		10.0	春風S(3勝クラス)								菅原明良		ダ1200				1:12.0	1.0		4-5	33.8-37.2	37.6	492(-2)					晴		16.0	7.0	13.0	6.4	3.0	6	56.0	良	**	**		ニットウバジル																																																									
2021110136	2025-04-13	1福島2		10.0	やまびこS(3勝クラス)								丹内祐次		ダ1150				1:08.8	0.1		3-3	30.4-38.3	38.0	490(-2)				184.0	雨		16.0	4.0	7.0	7.1	2.0	5	58.0	良	**	**		シークレットヴァウ																																																									
2021110136	2025-06-15	3阪神4		12.0	リボン賞(3勝クラス)								戸崎圭太		ダ1200				1:12.3	1.9		1-1	33.8-36.6	38.5	492(+2)					晴		16.0	3.0	5.0	4.9	3.0	15	56.0	重	**	**		ムーヴ																																																									
2021110136	2025-07-12	2小倉5		11.0	釜山S(3勝クラス)								吉村誠之		ダ1000				0:59.6	0.6		7-8	33.9-36.4	36.2	488(-4)					晴		10.0	8.0	9.0	4.2	2.0	8	58.0	良	**	**		スマートアイ																																																									
2021110136	2025-11-15	3福島3		11.0	フルーツラインC(3勝クラス)								松本大輝		ダ1150				1:08.8	0.2		1-1	31.7-36.9	37.1	484(-4)				184.0	晴		16.0	2.0	4.0	13.3	6.0	5	58.0	良	**	**		メイショウカゼマチ																																																									
2022100004	2025-02-16	1東京6	晴	3.0	3歳新馬		16.0	8.0	16.0	12.8	4.0	6	大野拓弥	57.0	ダ1600		良	**	1:41.1	1.5	**	10-8	36.5-37.3	37.5	474(0)			ホウオウゴールド																																																																								
2022100004	2025-03-08	1阪神3	晴	2.0	3歳未勝利		12.0	5.0	5.0	33.6	8.0	10	鮫島克駿	57.0	ダ1800		良	**	1:58.9	3.8	**	3-3-3-2	38.0-37.7	41.0	468(-6)			ロードヴォイジャー																																																																								
2022100004	2025-04-06	2阪神4	晴	3.0	3歳未勝利		16.0	5.0	9.0	56.5	10.0	8	鮫島克駿	57.0	ダ1400		良	**	1:27.3	1.4	**	9-6	35.5-37.7	38.5	464(-4)			ザックザク																																																																								
2022100004	2025-05-31	2京都11	曇	4.0	3歳未勝利		17.0	1.0	1.0	61.7	12.0	13	永島まな	55.0	芝1400		良	**	1:22.7	1.4	**	17-17	34.1-35.8	35.3	464(0)			ダンツアトム																																																																								
2022100004	2025-06-29	1函館6	曇	2.0	3歳未勝利		12.0	8.0	11.0	34.3	7.0	7	鮫島克駿	57.0	ダ1000		良	**	1:00.5	1.4	**	6-5	35.2-35.7	36.6	460(-4)			ストラテージュ																																																																								
2022100004	2025-07-19	1函館11	曇	2.0	3歳未勝利		12.0	6.0	8.0	86.8	10.0	4	鮫島克駿	57.0	ダ1000		良	**	0:59.9	1.2	**	11-9	34.7-35.6	35.4	460(0)			レストプレドゥモア	84.0																																																																							
2022100004	2025-11-05	笠松	曇	5.0	C18組		10.0	8.0	10.0	4.6	3.0	7	望月洵輝	57.0	ダ1400		良	**	1:32.6	2.5	**	6-5-4		41.4	477(+17)			ラストショット																																																																								
2022100004	2025-11-14	笠松	晴	7.0	ブラックベリー記念(C)		10.0	8.0	10.0	5.7	3.0	3	塚本征吾	57.0	ダ1400		良	**	1:31.1	0.7	**	4-4-3		39.9	470(-7)			ハルカサクソラ	10.0																																																																							
2022100004	2025-11-27	笠松	曇	7.0	C21組		8.0	8.0	8.0	5.1	3.0	1	丸野勝虎	57.0	ダ1400		良	**	1:30.3	-0.4	**	3-3-1		38.9	467(-3)			(メジャーラッシュ)	40.0																																																																							
2022100008	2024-12-22	7京都8		6.0	2歳新馬								高杉吏麒		芝1800				1:50.9	1.0		1-1	37.0-35.0	36.0	424(0)					曇		14.0	8.0	14.0	52.8	12.0	6	53.0	良	**	**		マトラコーニッシュ																																																									
2022100008	2025-01-25	1中京8		6.0	3歳未勝利								高杉吏麒		芝1600				1:38.1	2.6		2-4-4	36.1-35.0	37.2	424(0)					晴		16.0	3.0	5.0	43.6	10.0	14	54.0	良	**	**		グローリーリンク																																																									
2022100008	2025-02-15	1京都5		3.0	3歳未勝利								古川吉洋		ダ1400				1:29.4	3.2		8-9	35.2-38.5	40.9	422(-2)					晴		16.0	1.0	1.0	176.8	14.0	16	55.0	良	**	**		スニーカースキル																																																									
2022100008	2025-06-22	3阪神6		3.0	3歳未勝利								河原田菜		芝1600				1:35.6	1.8		8-8	34.5-35.1	36.2	432(+10)					曇		18.0	4.0	7.0	282.0	17.0	11	51.0	良	**	**		フェイトライン																																																									
2022100008	2025-09-15	4阪神5		6.0	3歳未勝利								柴田裕一		芝2200				2:15.8	3.6		4-5-5-6	34.0-36.0	39.0	430(-2)					晴		18.0	4.0	8.0	360.8	17.0	18	52.0	良	**	**		アスクコモンタレヴ																																																									
2022100008	2025-12-11	笠松		1.0	C24組								高木健		ダ1400				1:33.9	2.5		2-3-5		41.6	436(+6)					晴		8.0	2.0	2.0	22.4	4.0	7	55.0	良	**	**		バックパック																																																									
2022100008	2025-12-26	笠松		2.0	C23組								井口裕貴		ダ1400				1:32.7	0.9		2-2-2		41.0	432(-4)				16.0	曇		8.0	3.0	3.0	14.7	4.0	2	52.0	重	**	**		ジーティーララバイ																																																									
2022100008	2026-01-06	笠松		3.0	好きです笠松競馬(C)								井口裕貴		ダ1400				1:33.6	-0.4		3-1-1		39.9	431(-1)				40.0	晴		8.0	8.0	8.0	1.2	1.0	1	52.0	良	**	**		(レイーナアスール)																																																									
2022100018	2024-10-26	5京都7		4.0	2歳新馬								吉村誠之		ダ1400				1:26.1	0.6		8-7	35.8-37.2	37.1	464(0)				290.0																													曇		16.0	6.0	11.0	20.0	6.0	2	53.0	良	**	**		ヴィリアリート																													
2022100018	2024-11-10	6京都4		1.0	2歳未勝利								吉村誠之		ダ1400				1:25.7	-0.3		5-4	34.7-38.7	38.3	470(+6)				550.0																													晴		16.0	3.0	6.0	7.5	4.0	1	53.0	良	**	**		(アスゴッド)																													
2022100018	2024-12-21	7京都7		9.0	万両賞(1勝クラス)								吉村誠之		芝1400				1:22.3	0.6		9-8	35.9-34.0	34.1	470(0)				107.0																													曇		12.0	6.0	8.0	50.1	9.0	5	56.0	良	**	**		ライラ																													
2022100018	2025-10-26	3京都9		6.0	3歳以上1勝クラス								吉村誠之		ダ1400				1:23.8	0.4		7-7	34.4-36.8	36.7	476(+6)				120.0																													曇		11.0	6.0	7.0	15.7	6.0	4	55.0	重	**	**		アンビシャスヨシノ																													
2022100018	2025-11-23	4京都6		6.0	3歳以上1勝クラス								吉村誠之		ダ1400				1:24.1	-0.3		11-8	34.9-37.1	36.2	478(+2)				800.0																													晴		16.0	8.0	15.0	9.0	5.0	1	56.0	良	**	**		(ジェミート)																													
2022100018	2026-01-17	1京都6		12.0	4歳以上2勝クラス								吉村誠之		芝1600				1:33.7	0.2		8-8	35.2-34.5	34.0	480(+2)				300.0																													晴		18.0	1.0	1.0	8.7	5.0	3	57.0	良				カズミクラーシュ																													
2022100019	2024-11-09	3福島3		5.0	2歳新馬								丹内祐次		芝2000				2:05.4	0.7		14-14-13-11	36.7-36.4	35.9	458(0)					晴		16.0	2.0	4.0	6.0	2.0	6	55.0	良	**	**		ピリカサンライズ																																																									
2022100019	2024-11-30	5中山1		3.0	2歳未勝利								北村宏司		芝2000				2:02.2	0.1		14-14-8-2	37.1-34.7	34.2	456(-2)				220.0	晴		14.0	5.0	7.0	19.1	5.0	2	55.0	良	**	**		フクノブルーレイク																																																									
2022100019	2024-12-22	5中山8		4.0	2歳未勝利								坂井瑠星		芝2000				2:01.8	0.5		10-8-7-5	36.4-36.1	36.1	454(-2)					晴		18.0	8.0	16.0	8.7	4.0	6	55.0	良	**	**		ロジャリーマイン																																																									
2022100019	2025-03-01	2中山1		5.0	3歳未勝利								田辺裕信		芝2000				2:01.5	0.0		8-7-8-8	35.8-35.7	34.8	452(-2)				140.0	晴		18.0	5.0	9.0	6.5	3.0	3	55.0	良	**	**		グッドレッスン																																																									
2022100019	2025-03-15	2中山5		5.0	3歳未勝利								田辺裕信		芝2200				2:14.5	0.7		14-14-9-4	35.8-34.7	34.9	450(-2)				84.0	曇		18.0	7.0	14.0	8.1	6.0	4	55.0	良	**	**		レッドバンデ																																																									
2022100019	2025-04-13	3中山6		6.0	3歳未勝利								北村宏司		芝2000				2:01.8	0.1		8-8-8-6	36.5-34.9	34.3	454(+4)				220.0	雨		18.0	7.0	14.0	2.4	1.0	2	55.0	良	**	**		シャドウメテオ																																																									
2022100019	2025-04-26	1福島5		3.0	3歳未勝利								丹内祐次		芝2000				2:02.0	0.4		11-9-6-6	35.2-36.8	36.3	456(+2)				140.0	晴		16.0	1.0	1.0	1.4	1.0	3	55.0	良	**	**		ティティナ																																																									
2022100019	2025-07-05	1函館7		3.0	3歳未勝利								丹内祐次		芝2000				2:02.0	0.0		7-4-2-1	35.0-36.8	36.7	466(+10)				220.0	曇		13.0	6.0	9.0	2.9	1.0	2	55.0	重	**	**		モルビド																																																									
2022100019	2025-08-03	2新潟4		11.0	3歳未勝利								菅原明良		芝2000				2:00.7	0.0		5-6-11-13	36.3-35.4	34.6	460(-6)				560.0	晴		14.0	2.0	2.0	4.1	3.0	1	55.0	良	**	**		(マイネルアウルム)																																																									
2022100019	2025-08-31	3新潟4		8.0	3歳以上1勝クラス								菅原明良		芝2000				1:57.1	-0.8		7-7	35.3-34.1	33.3	464(+4)				800.0	晴		9.0	7.0	7.0	6.8	3.0	1	53.0	良	**	**		(ベストミーエヴァー)																																																									
2022100019	2025-11-16	5東京4		8.0	3歳以上2勝クラス								菅原明良		芝1800				1:45.5	0.0		10-12-8	35.8-33.7	33.1	468(+4)				800.0	晴		13.0	1.0	1.0	3.6	2.0	1	54.0	良	**	**		(キングノジョー)																																																									
2022100061	2024-08-17	2中京3		6.0	2歳新馬								和田竜二		ダ1800				1:58.9	4.3		12-10-12-9	37.5-37.5	40.9	466(0)																			晴		16.0	8.0	15.0	29.1	5.0	8	55.0	良	**	**		クァンタムウェーブ																																											
2022100061	2024-09-07	3中京1		3.0	2歳未勝利								太宰啓介		芝2000				2:03.3	1.8		3-4-4-4	37.1-34.4	35.5	458(-8)				83.0															晴		5.0	1.0	1.0	41.1	4.0	4	55.0	良	**	**		モルティフレーバー																																											
2022100061	2024-09-21	3中京6		2.0	2歳未勝利								太宰啓介		芝2000				2:02.6	0.3		1-1-1-1	37.5-35.2	35.5	456(-2)				140.0															晴		9.0	7.0	7.0	72.5	9.0	3	55.0	良	**	**		サンライズグラシア																																											
2022100061	2024-12-07	7京都3		7.0	2歳未勝利								太宰啓介		芝2000				2:01.3	0.3		1-1-1-1	36.8-34.6	34.9	468(+12)				220.0															晴		10.0	2.0	2.0	19.6	6.0	2	56.0	良	**	**		ダノンシーマ																																											
2022100061	2024-12-28	7京都9		3.0	2歳未勝利								太宰啓介		芝2000				2:02.6	0.9		3-3-2-2	36.0-35.4	36.1	466(-2)																			晴		16.0	3.0	6.0	4.6	3.0	10	56.0	良	**	**		リガーレ																																											
2022100061	2025-04-13	1福島2		5.0	3歳未勝利								角田大和		芝1800				1:49.1	0.1		6-7-8-7	36.7-35.7	35.2	470(+4)				140.0															曇		16.0	5.0	10.0	6.0	4.0	3	57.0	良	**	**		マイネルフルムーン																																											
2022100061	2025-05-10	1新潟3		6.0	3歳未勝利								角田大和		芝2000				2:04.7	1.4		3-3-3-4	36.0-36.8	37.9	462(-8)																			曇		16.0	3.0	6.0	3.0	1.0	7	57.0	稍	**	**		マドモアゼルアスク																																											
2022100061	2025-06-15	3阪神4		2.0	3歳未勝利								松山弘平		ダ1800				1:51.6	-0.3		1-1-1-1	36.6-36.8	36.8	464(+2)				560.0															曇		14.0	1.0	1.0	6.4	3.0	1	57.0	不	**	**		(フランキーバローズ)																																											
2022100061	2025-09-13	4阪神3		12.0	3歳以上1勝クラス								武豊		ダ1800				1:52.1	0.3		1-1-1-1	37.0-37.9	38.2	462(-2)				320.0															曇		14.0	3.0	3.0	1.8	1.0	2	55.0	良	**	**		キーチパルフェ																																											
2022100061	2025-10-04	3京都1		4.0	3歳以上1勝クラス								武豊		ダ1800				1:50.7	-0.5		1-1-1-1	36.6-37.2	37.2	466(+4)				800.0															雨		14.0	4.0	5.0	1.3	1.0	1	56.0	重	**	**		(マジックブルー)																																											
2022100061	2026-01-18	1京都7		10.0	大津特別(2勝クラス)								松山弘平		ダ1800				1:54.3	0.7		3-3-3-3	37.5-37.4	37.7	484(+18)																																																													晴		16.0	4.0	7.0	4.7	2.0	8	57.0	良	**	**		バッケンレコード	202608010710
2022100069	2024-11-09	3福島3		5.0	2歳新馬								横山琉人		芝2000				2:06.5	1.8		14-14-14-15	36.7-36.4	36.9	556(0)					晴		16.0	5.0	10.0	40.3	11.0	15	55.0	良	**	**		ピリカサンライズ																																																									
2022100069	2024-12-22	5中山8		4.0	2歳未勝利								鮫島克駿		芝2000				2:04.8	3.5		18-18-18-18	36.4-36.1	38.1	562(+6)					晴		18.0	5.0	10.0	265.0	13.0	18	56.0	良	**	**		ロジャリーマイン																																																									
2022100069	2025-02-09	1東京4		2.0	3歳未勝利								江田照男		ダ2100				2:18.7	4.3		16-16-15-15	31.1-39.4	41.4	554(-8)					晴		16.0	4.0	7.0	163.4	13.0	13	57.0	良	**	**		マウントバーノン																																																									
2022100069	2025-07-11	名古屋		3.0	3歳15組								細川智史		ダ1500				1:38.6	2.9		12-6-6		41.1	568(+14)				5.5	晴		12.0	6.0	8.0	12.5	6.0	5	57.0	良	**	**		アイガー																																																									
2022100069	2025-07-24	名古屋		1.0	名古屋モーニングフィ(3歳)								細川智史		ダ1500				1:38.4	1.1		11-10-8		38.9	559(-9)					晴		12.0	5.0	5.0	3.2	1.0	7	57.0	良	**	**		メイショウキタダケ																																																									
2022100069	2025-08-18	名古屋		1.0	名古屋モーニングフィ(3歳)								細川智史		ダ1400				1:35.5	4.5		11-11-10		43.0	558(-1)					晴		11.0	4.0	4.0	7.6	4.0	10	57.0	良	**	**		エマダイヤモンド																																																									
2022100076	2024-06-16	1函館4	曇	5.0	2歳新馬		7.0	2.0	2.0	54.5	7.0	2	長浜鴻緒	52.0	芝1200		良	**	1:10.0	0.7	**	5-5	34.1-35.2	34.7	460(0)			ニシノラヴァンダ	290.0																																																																							
2022100076	2024-06-30	1函館8	晴	1.0	2歳未勝利		5.0	5.0	5.0	3.3	3.0	5	長浜鴻緒	52.0	芝1200		良	**	1:11.8	1.8	**	2-2	34.3-35.7	37.5	464(+4)			シュードタキライト	55.0																																																																							
2022100076	2024-12-01	5中山2	晴	1.0	2歳未勝利		16.0	7.0	13.0	6.0	3.0	3	長浜鴻緒	53.0	ダ1200		良	**	1:13.2	0.6	**	2-2	34.7-37.9	38.2	466(+2)			レーヴレジェンド	140.0																																																																							
2022100076	2024-12-15	5中山6	晴	1.0	2歳未勝利		16.0	2.0	3.0	5.7	2.0	4	長浜鴻緒	53.0	ダ1200		良	**	1:13.6	0.6	**	1-1	34.9-38.1	38.7	474(+8)			フェスタリア	83.0																																																																							
2022100076	2025-01-05	1中山1	晴	1.0	3歳未勝利		16.0	6.0	12.0	7.3	3.0	5	長浜鴻緒	54.0	ダ1200		良	**	1:13.4	1.2	**	2-2	34.5-37.7	38.7	476(+2)			ピッツァナポリ	56.0																																																																							
2022100076	2025-01-18	1中山6	晴	1.0	3歳未勝利		16.0	8.0	16.0	12.7	4.0	5	長浜鴻緒	54.0	ダ1200		良	**	1:13.9	1.2	**	5-4	34.7-38.0	38.7	476(0)			ペイシャマリーン	56.0																																																																							
2022100076	2025-02-15	1小倉7	晴	1.0	3歳未勝利		14.0	4.0	5.0	19.1	6.0	1	永島まな	55.0	ダ1700		良	**	1:47.6	-0.3	**	1-1-1-1	30.3-38.6	38.6	470(-6)			(マンオブザマッチ)	560.0																																																																							
2022100076	2025-04-06	3中山4	小雨	6.0	3歳1勝クラス		14.0	6.0	9.0	116.4	12.0	14	木幡巧也	57.0	ダ1800		稍	**	1:58.4	5.1	**	2-2-3-13	36.2-39.1	43.9	474(+4)			ゴッドエスパーダ																																																																								
2022100076	2025-06-14	1函館1	曇	12.0	3歳以上1勝クラス		14.0	6.0	9.0	17.5	6.0	12	長浜鴻緒	53.0	ダ1700		良	**	1:48.8	3.0	**	3-3-3-5	29.9-37.3	40.0	474(0)			プラムダンディ																																																																								
2022100076	2025-06-28	1函館5	晴	12.0	3歳以上1勝クラス		14.0	5.0	8.0	176.6	13.0	14	和田陽希	52.0	ダ1700		稍	**	1:49.9	4.8	**	6-7-5-13	29.9-37.9	42.2	476(+2)			アレスグート																																																																								
2022100076	2025-09-07	2札幌6	晴	12.0	3歳以上1勝クラス		14.0	6.0	9.0	147.6	12.0	13	和田陽希	52.0	ダ1700		稍	**	1:51.8	6.1	**	3-3-7-13	28.8-38.8	44.3	492(+16)			ジュンラトゥール																																																																								
2022100076	2025-10-25	4新潟3	曇	9.0	稲光特別(1勝クラス)		18.0	3.0	6.0	124.5	14.0	9	横山琉人	57.0	芝1000		良	**	0:55.7	0.7	**	4	33.4-32.3	32.8	480(-12)			スペルキャスター																																																																								
2022100076	2025-11-08	5東京1	晴	12.0	3歳以上1勝クラス		14.0	8.0	13.0	339.8	14.0	12	遠藤汰月	54.0	芝1600		良	**	1:35.6	2.1	**	14-14	36.6-33.5	33.9	492(+12)			ダノンエンブレム																																																																								
2022100076	2025-11-24	5東京6	晴	12.0	3歳以上1勝クラス		18.0	3.0	5.0	534.8	16.0	18	長浜鴻緒	55.0	芝1600		良	**	1:35.5	3.5	**	7-6	34.6-34.5	37.3	488(-4)			レッドキングリー																																																																								
2022100083	2024-07-20	1札幌1	晴	5.0	2歳新馬		14.0	2.0	2.0	46.3	10.0	4	長浜鴻緒	52.0	ダ1700		良	**	1:49.0	3.3	**	11-11-10-8	30.8-37.3	39.0	430(0)			ナチュラルライズ	110.0																																																																							
2022100083	2024-08-17	2札幌3	曇	2.0	2歳未勝利		14.0	6.0	9.0	20.2	6.0	4	高杉吏麒	52.0	ダ1700		良	**	1:48.4	0.4	**	10-10-11-10	30.5-37.8	37.0	432(+2)			ルージュマローネ	83.0																																																																							
2022100083	2024-11-03	5東京2	晴	2.0	2歳未勝利		15.0	1.0	2.0	4.3	2.0	5	佐々木大	56.0	ダ1600		重	**	1:37.9	0.9	**	8-8	34.6-38.2	38.1	424(-8)			カンレイスキー	55.0																																																																							
2022100083	2024-11-24	5東京8	晴	3.0	2歳未勝利		16.0	1.0	1.0	22.8	8.0	12	長浜鴻緒	53.0	ダ1600		良	**	1:41.5	3.3	**	14-14	35.5-36.7	38.5	428(+4)			ダンツファイター																																																																								
2022100083	2025-04-06	3中山4	曇	3.0	3歳未勝利		13.0	5.0	6.0	20.1	4.0	4	石神深道	54.0	ダ1800		稍	**	1:56.0	1.1	**	1-1-1-1	37.9-37.4	38.5	420(-8)			グレイテストソング	84.0																																																																							
2022100083	2025-04-26	1福島5	晴	6.0	3歳未勝利		15.0	6.0	10.0	12.9	5.0	12	石神深道	54.0	ダ1700		良	**	1:50.7	2.4	**	6-7-9-12	30.4-39.6	40.8	426(+6)			マテンロウカナロア																																																																								
2022100083	2025-07-05	2福島3	晴	8.0	3歳未勝利		16.0	3.0	6.0	10.9	5.0	8	今村聖奈	55.0	芝1800		良	**	1:51.7	1.1	**	2-3-3-4	36.6-35.8	36.6	426(0)			ペプロス																																																																								
2022100083	2025-08-19	盛岡	晴	7.0	アンバー賞(3歳)		12.0	7.0	9.0	9.7	4.0	6	今村聖奈	54.0	芝1700		良	**	1:46.8	1.9	**	3-4-6-7		37.6	423(-3)			ブドワールドール																																																																								
2022100083	2025-09-14	4中山4	曇	8.0	3歳以上1勝クラス		15.0	4.0	7.0	84.9	10.0	8	今村聖奈	53.0	ダ1800		稍	**	1:54.4	2.8	**	2-2-3-6	37.3-36.9	39.4	414(-9)			キョウキランブ																																																																								
2022100083	2025-09-27	4阪神8	晴	6.0	3歳以上1勝クラス		13.0	4.0	5.0	429.9	12.0	8	富田暁	55.0	ダ1800		良	**	1:53.9	1.4	**	2-2-2-2	37.5-37.5	38.9	410(-4)			ストップヤーニング																																																																								
2022100083	2025-10-18	4東京6	晴	6.0	3歳以上1勝クラス		15.0	8.0	15.0	126.9	10.0	15	山本聡哉	56.0	ダ1600		良	**	1:42.4	5.2	**	13-14	35.0-37.8	40.5	426(+16)			ヘリオトロープ																																																																								
2022100084	2024-07-07	2福島4		5.0	2歳新馬								戸崎圭太		芝2000				2:01.2	-0.1		5-3-4-4	35.9-35.4	34.7	474(0)				720.0																													晴		11.0	2.0	2.0	5.6	3.0	1	55.0	良	**	**		(リトルジャイアンツ)																													
2022100084	2024-08-11	2札幌2		8.0	コスモス賞(OP)								丹内祐次		芝1800				1:54.9	5.7		3-3-3-5	37.4-35.0	40.4	474(0)																																	晴		7.0	2.0	2.0	2.0	1.0	7	55.0	良	**	**		アスクシュタイン																													
2022100084	2024-09-28	4中山8		9.0	芙蓉S(OP)								丹内祐次		芝2000				2:02.8	-0.1		2-2-2-2	36.3-35.3	35.1	484(+10)				1620.3																													曇		9.0	2.0	2.0	10.7	4.0	1	55.0	良	**	**		(レーヴドロペラ)																													
2022100084	2024-12-28	5中山9		11.0	ホープフルS(GI)								丹内祐次		芝2000				2:01.5	1.0		2-2-3-3	36.0-35.5	36.0	488(+4)																																	晴		18.0	2.0	3.0	46.2	10.0	7	56.0	良	**	**		クロワデュノール																													
2022100084	2025-02-09	1京都4		11.0	きさらぎ賞(GIII)								丹内祐次		芝1800				1:49.1	2.1		1-1	34.4-35.7	37.8	488(0)																																	晴		10.0	1.0	1.0	22.1	7.0	9	57.0	稍	**	**		サトノシャイニング																													
2022100084	2025-03-16	2中山6		11.0	スプリングS(GII)								津村明秀		芝1800				1:52.1	0.6		6-7-7-7	37.5-38.1	38.0	484(-4)																																	小雨		12.0	5.0	6.0	12.1	6.0	8	57.0	重	**	**		ピコチャンブラック																													
2022100084	2025-04-12	3中山5		11.0	ニュージーランドT(GII)								三浦皇成		芝1600				1:33.3	0.9		6-6-5	34.3-34.7	34.6	486(+2)																																	晴		14.0	6.0	9.0	41.0	9.0	8	57.0	良	**	**		イミグラントソング																													
2022100084	2025-08-02	1札幌3		10.0	釧路湿原特別(2勝クラス)								丹内祐次		芝1800				1:47.6	0.5		10-10-14-12	36.3-35.5	35.0	496(+10)				155.0																													晴		14.0	6.0	9.0	11.9	4.0	5	55.0	良	**	**		リラボニート																													
2022100084	2025-08-24	2札幌2		12.0	オールスターJ第4戦(2勝クラス)								本田正重		芝1800				1:48.8	0.1		7-7-6-6	36.2-35.7	35.4	502(+6)				395.2																													晴		14.0	6.0	10.0	7.7	3.0	3	56.0	良	**	**		ピンクジン																													
2022100084	2025-10-13	3京都5		10.0	堀川特別(2勝クラス)								戸崎圭太		芝1800				1:46.6	0.8		9-8	35.7-33.5	33.6	494(-8)																																	曇		10.0	3.0	3.0	7.5	4.0	7	56.0	良	**	**		ローランドバローズ																													
2022100084	2025-11-01	3京都10		9.0	北野特別(2勝クラス)								丹内祐次		芝2000				2:00.3	0.8		8-8-7-7	35.9-34.2	34.5	500(+6)																																	晴		11.0	2.0	2.0	16.4	6.0	7	56.0	良	**	**		エコロディノス																													
2022100084	2026-01-17	1京都6		9.0	稲荷特別(2勝クラス)								松山弘平		芝2000				2:01.0	-0.1		1-1-1-1	36.0-34.5	34.5	504(+4)				1603.8																													晴		10.0	8.0	9.0	4.1	3.0	1	57.0	良				(ハートメテオ)																													
2022100093	2025-02-02	1東京2	小雨	4.0	3歳新馬		16.0	6.0	12.0	38.5	11.0	13	吉田豊	57.0	ダ1600		稍	**	1:44.0	2.9	**	13-13	35.3-38.5	39.7	488(0)			ウィテカービート																																																																								
2022100093	2025-04-06	3中山4	曇	1.0	3歳未勝利		13.0	5.0	7.0	302.1	12.0	7	吉田豊	57.0	ダ1800		稍	**	1:57.1	1.6	**	12-11-11-12	35.1-40.8	40.7	484(-4)			キタノラブミー																																																																								
2022100093	2025-04-26	2東京1	曇	3.0	3歳未勝利		16.0	5.0	9.0	59.9	8.0	13	松山弘平	57.0	ダ2100		稍	**	2:16.7	3.5	**	12-12-16-16	31.2-39.0	40.3	484(0)			ダカラフェスティヴ																																																																								
2022100093	2025-06-15	3東京4	小雨	2.0	3歳未勝利		16.0	1.0	1.0	390.2	15.0	14	荻野極	57.0	ダ2100		重	**	2:16.9	6.3	**	16-16-16-16	30.2-38.1	41.9	486(+2)			ラントレイル																																																																								
2022100096	2024-11-17	5東京6	晴	4.0	2歳新馬		16.0	8.0	15.0	2.2	1.0	11	田辺裕信	56.0	ダ1600		良	**	1:42.4	3.0	**	7-5	36.1-36.9	39.3	506(0)			レイクストライプス																																																																								
2022100096	2025-02-08	1東京3	晴	3.0	3歳未勝利		16.0	6.0	11.0	90.6	6.0	9	長浜鴻緒	54.0	ダ1600		良	**	1:42.1	3.1	**	12-12	35.9-37.8	39.0	508(+2)			アドマイヤデイトナ																																																																								
2022100096	2025-04-06	3中山4	曇	3.0	3歳未勝利		13.0	3.0	3.0	30.2	6.0	7	内田博幸	57.0	ダ1800		稍	**	1:57.6	2.7	**	11-11-7-7	37.9-37.4	39.3	500(-8)			グレイテストソング																																																																								
2022100096	2025-05-10	2東京5	小雨	2.0	3歳未勝利		14.0	6.0	10.0	160.0	13.0	8	原優介	57.0	ダ2100		重	**	2:14.2	2.9	**	10-11-10-10	31.6-35.1	36.9	508(+8)			マーゴットゲイン																																																																								
2022100096	2025-07-27	2新潟2	晴	4.0	3歳未勝利		15.0	8.0	15.0	50.2	10.0	12	内田博幸	57.0	ダ1800		良	**	1:56.4	2.6	**	4-3-4-4	36.7-39.3	41.4	514(+6)			ディースプレマシー																																																																								
2022100096	2025-09-15	4中山5	曇	3.0	3歳未勝利		16.0	6.0	11.0	219.2	12.0	7	上里直汰	54.0	ダ1800		良	**	1:57.6	3.6	**	12-12-10-10	37.4-37.7	40.0	514(0)			ディーズゴールド																																																																								
2022100098	2025-01-18	1中京6	晴	3.0	3歳新馬		16.0	3.0	5.0	4.9	2.0	1	高杉吏麒	54.0	ダ1400		良	**	1:26.8	-0.4	**	2-2	35.8-38.4	38.4	470(0)			(エルサトアナ)	620.0																																																																							
2022100098	2025-03-09	1阪神4	晴	4.0	3歳1勝クラス		16.0	5.0	10.0	4.3	2.0	1	高杉吏麒	54.0	ダ1400		良	**	1:24.8	-0.4	**	3-3	34.4-38.0	37.7	464(-6)			(タマモティーカップ)	800.0																																																																							
2022100098	2025-04-06	2阪神4	晴	9.0	バイオレットS(OP)		15.0	8.0	14.0	4.1	2.0	9	高杉吏麒	55.0	ダ1400		良	**	1:25.1	1.1	**	4-4	33.9-38.1	38.7	464(0)			ヤマニンチェルキ																																																																								
2022100098	2025-07-05	2福島3	晴	10.0	横手特別(2勝クラス)		15.0	7.0	13.0	5.5	2.0	5	菅原明良	53.0	ダ1700		良	**	1:46.6	1.1	**	11-11-9-8	30.9-36.6	36.9	486(+22)			プロミストジーン	155.0																																																																							
2022100098	2025-08-02	1札幌3	晴	12.0	大倉山特別(2勝クラス)		14.0	1.0	1.0	4.5	2.0	3	キング	53.0	ダ1700		良	**	1:45.8	1.2	**	1-1-1-1	31.0-36.7	37.9	482(-4)			スマートケープ	394.4																																																																							
2022100098	2025-08-24	2札幌2	晴	10.0	オールスターJ第3戦(2勝クラス)		14.0	6.0	10.0	3.7	1.0	1	ハマーハ	54.0	ダ1700		良	**	1:45.5	-0.5	**	2-2-2-1	31.3-37.4	37.3	486(+4)			(カプラローラ)	1594.1																																																																							
2022100098	2025-11-24	3福島6	曇	11.0	奥羽S(3勝クラス)		15.0	4.0	6.0	6.1	2.0	14	高杉吏麒	54.0	ダ1700		良	**	1:48.0	1.8	**	4-6-11-9	30.8-37.7	38.3	482(-4)			シェットランド																																																																								
2022100098	2025-12-21	5中山6	曇	10.0	北総S(3勝クラス)		15.0	7.0	12.0	23.2	7.0	12	マーカン	55.0	ダ1800		重	**	1:53.1	2.0	**	1-1-1-1	36.4-36.9	38.9	482(0)			イムホテプ																																																																								
2022100106	2024-08-10	3新潟1		6.0	2歳新馬								原優介		芝1400				1:23.5	1.2		10-11	34.7-35.7	35.9	466(0)																																															晴		18.0	1.0	2.0	32.1	8.0	6	54.0	良	**	**		セナマリン															
2022100106	2024-12-21	5中山7		3.0	2歳未勝利								石橋脩		芝1600				1:35.0	0.5		6-4-4	34.8-36.0	36.0	466(0)				83.0																																											晴		16.0	4.0	7.0	16.6	7.0	4	55.0	良	**	**		コムユンプリュム															
2022100106	2025-07-05	2福島3		8.0	3歳未勝利								石橋脩		芝1800				1:50.6	-0.3		1-1-1-1	36.6-35.8	35.8	466(0)				560.0																																											晴		16.0	3.0	5.0	10.3	4.0	1	55.0	良	**	**		(ウインベアトリス)															
2022100106	2025-08-16	2新潟7		6.0	中郷特別(1勝クラス)								荻野極		芝1800				1:46.3	1.5		2-2	34.8-33.5	35.0	468(+2)				111.0																																											晴		11.0	6.0	8.0	61.0	9.0	5	53.0	良	**	**		エストゥペンダ															
2022100106	2025-12-14	5中京4		6.0	3歳以上1勝クラス								菊沢一樹		芝2000				2:02.6	1.4		2-2-2-2	36.8-34.9	36.2	478(+10)																																															曇		18.0	4.0	7.0	15.9	8.0	14	55.0	稍	**	**		テンミラクルスター															
2022100137	2025-03-08	1阪神3	晴	3.0	3歳未勝利		16.0	6.0	11.0	24.4	6.0	13	富田暁	57.0	ダ1200		良	**	1:16.4	2.2	**	12-9	37.1-37.1	38.4	474(0)			ロードヴァルカン																																																																								
2022100137	2025-03-23	1阪神8	晴	2.0	3歳未勝利		16.0	8.0	16.0	125.9	12.0	16	高倉稜	57.0	ダ1200		良	**	1:17.1	3.4	**	7-9	35.8-37.9	40.6	474(0)			ミルトライディーン																																																																								
2022100137	2025-04-06	2阪神4	晴	3.0	3歳未勝利		16.0	3.0	5.0	315.6	15.0	15	高倉稜	57.0	ダ1400		良	**	1:29.1	3.2	**	14-15	35.5-37.7	39.7	470(-4)			ザックザク																																																																								
2022100137	2025-07-15	金沢	曇	3.0	3歳B　4特編(3歳4)		12.0	8.0	11.0	4.1	2.0	12	中島龍也	57.0	ダ1400		良	**	1:35.9	5.5	**	8-9-9-11		44.2	473(+3)			クロライナ																																																																								
2022100137	2025-07-29	金沢	晴	1.0	3歳B　8		9.0	7.0	7.0	54.4	7.0	9	松戸政也	57.0	ダ1400		良	**	1:34.5	6.3	**	1-1-2-4		44.2	459(-14)			ハクサンサクヤヒメ																																																																								
2022100137	2025-09-08	金沢	雨	2.0	3歳B　8		11.0	7.0	9.0	89.9	8.0	6	兼子千央	57.0	ダ1500		不	**	1:40.0	5.6	**	8-7-6-6		41.7	462(+3)			ハクサンハナビ																																																																								
2022100137	2025-09-20	金沢	曇	1.0	C217		10.0	7.0	7.0	47.4	7.0	7	兼子千央	57.0	ダ1500		良	**	1:39.7	1.2	**	4-3-5-5		41.3	467(+5)			ララセリーヌ																																																																								
2022100137	2025-10-07	金沢	曇	1.0	C218		8.0	2.0	2.0	54.8	7.0	8	兼子千央	57.0	ダ1400		良	**	1:35.3	5.6	**	1-1-1-6		45.2	470(+3)			デルマラメール																																																																								
2022100137	2025-10-25	金沢	晴	1.0	楽天競馬ならポイント(C2)		10.0	8.0	10.0	24.3	5.0	2	松戸政也	57.0	ダ900		良	**	0:56.4	0.8	**	2-2		37.1	470(0)			トーアローダンテ	14.4																																																																							
2022100137	2025-11-23	金沢	晴	1.0	兼六園雪吊り特別(C2)		9.0	7.0	7.0	17.2	4.0	5	松戸政也	57.0	ダ900		重	**	0:57.1	1.5	**	4-4		37.7	476(+6)			トーアローダンテ	4.5																																																																							
2022100137	2025-12-01	金沢	曇	3.0	こうへいくん26歳お(C2)		7.0	6.0	6.0	17.8	4.0	7	兼子千央	57.0	ダ1500		稍	**	1:41.3	2.5	**	1-1-1-2		45.0	467(-9)			ブランクシート																																																																								
2022100137	2025-12-15	金沢	曇	10.0	千丈温泉特別(C2)		10.0	2.0	2.0	24.8	4.0	2	松戸政也	57.0	ダ900		不	**	0:56.1	0.4	**	3-3		36.9	474(+7)			パープルヘイズ	14.4																																																																							
2022100137	2025-12-28	金沢	晴	9.0	ポイントで馬券を買お(C1)		10.0	3.0	3.0	26.9	7.0	4	松戸政也	57.0	ダ900		不	**	0:56.0	1.1	**	3-3		36.6	468(-6)			トーアローダンテ	5.7																																																																							
2022100157	2024-12-22	5中山8		5.0	2歳新馬								小林脩斗		ダ1200				1:16.7	3.5		11-10	35.2-38.0	40.1	440(0)					晴		16.0	6.0	11.0	47.1	9.0	10	53.0	良	**	**		シュヴァルボヌール																																																									
2022100157	2025-03-08	2中山3		3.0	3歳未勝利								上里直汰		ダ1200				1:14.9	3.4		10-11	34.8-36.7	39.3	436(-4)					曇		16.0	3.0	5.0	173.1	11.0	15	52.0	重	**	**		チャロ																																																									
2022100157	2025-06-17	金沢		2.0	3歳B　6								吉田晃浩		ダ1500				1:39.5	2.3		7-7-6-5		40.6	442(+6)					晴		11.0	6.0	7.0	28.7	6.0	6	55.0	良	**	**		ヴィオラダンサー																																																									
2022100157	2025-07-01	金沢		2.0	祝!祝!祝!世界が祝(3歳)								河原田菜		ダ1400				1:33.4	3.4		9-8-10-10		41.4	436(-6)					曇		10.0	4.0	4.0	7.2	4.0	10	51.0	良	**	**		エイトビートレター																																																									
2022100157	2025-07-15	金沢		1.0	3歳B　6特編(3歳6)								吉田晃浩		ダ1500				1:40.9	3.0		4-5-4-5		43.2	441(+5)					曇		12.0	8.0	12.0	21.3	6.0	7	55.0	良	**	**		ジョウネツ																																																									
2022100157	2025-07-29	金沢		2.0	3歳B　7								吉田晃浩		ダ1400				1:33.3	2.0		2-3-3-4		42.3	440(-1)					晴		10.0	5.0	5.0	154.9	7.0	6	55.0	良	**	**		ノーブルジェネシス																																																									
2022100157	2025-09-08	金沢		2.0	3歳B　8								吉田晃浩		ダ1500				1:42.8	8.4		10-10-10-10		43.4	449(+9)					雨		11.0	6.0	6.0	56.4	6.0	10	55.0	不	**	**		ハクサンハナビ																																																									
2022100157	2025-09-20	金沢		2.0	C216								吉田晃浩		ダ1500				1:43.8	5.6		11-11-11-11		43.9	442(-7)					曇		11.0	7.0	8.0	74.2	10.0	11	55.0	良	**	**		ヴェルドロ																																																									
2022100157	2025-10-26	佐賀		10.0	SAGAリベンジャー(C2)								金山昇馬		ダ1300				1:28.3	3.5		11-11-11-11		39.7	448(+6)					曇		11.0	2.0	2.0	133.7	11.0	11	54.0	良	**	**		レイズサンライズ																																																									
2022100157	2025-11-07	佐賀		12.0	SAGAリベンジャー(C2)								金山昇馬		ダ1400				1:37.0	3.2		11-11-10-7		42.0	431(-17)					晴		12.0	2.0	2.0	113.1	11.0	6	54.0	良	**	**		マダムシーファー																																																									
2022100157	2025-11-22	佐賀		9.0	SAGAリベンジャー(C2)								金山昇馬		ダ900				0:58.2	2.8		10-10		38.2	453(+22)					晴		11.0	1.0	1.0	132.7	11.0	8	54.0	良	**	**		アルデコンティ																																																									
2022100157	2025-12-13	佐賀		10.0	SAGAリベンジャー(C2)								金山昇馬		ダ1300				1:30.7	2.8		9-9-10-10		41.1	449(-4)					小雨		11.0	6.0	6.0	216.2	10.0	11	54.0	良	**	**		エールヴェガ																																																									
2022100158	2024-12-22	7京都8		4.0	2歳新馬								高杉吏麒		ダ1800				1:56.9	2.2		6-6-7-6	37.4-38.1	39.5	450(0)				180.0	曇		13.0	2.0	2.0	11.5	5.0	3	54.0	良	**	**		タイセイドラード																																																									
2022100158	2025-01-11	1中京3		1.0	3歳未勝利								高杉吏麒		ダ1800				1:57.6	3.8		13-14-14-15	36.2-38.9	41.1	450(0)					晴		16.0	1.0	2.0	20.0	8.0	12	55.0	良	**	**		エンマ																																																									
2022100158	2025-03-22	2中京3		5.0	3歳未勝利								北村友一		芝1600				1:36.3	1.1		12-9-10	35.3-35.4	35.7	442(-8)					晴		16.0	8.0	16.0	86.8	10.0	8	57.0	良	**	**		ツーエムクロノス																																																									
2022100158	2025-04-13	2阪神6		4.0	3歳未勝利								吉村誠之		芝2000				2:02.5	0.6		4-4-4-3	36.6-35.4	35.6	442(0)					小雨		14.0	7.0	13.0	142.2	10.0	6	56.0	良	**	**		メイショウビストロ																																																									
2022100158	2025-05-04	2京都4		2.0	3歳未勝利								高杉吏麒		ダ1800				1:55.9	2.1		2-2-3-3	36.4-38.5	40.3	440(-2)					晴		14.0	5.0	7.0	17.7	4.0	9	56.0	稍	**	**		スコーピオンイメル																																																									
2022100158	2025-05-18	1新潟6		6.0	3歳未勝利								大野拓弥		ダ1800				1:55.4	0.4		2-1-1-1	36.6-40.5	40.9	440(0)				140.0	曇		14.0	5.0	7.0	14.2	6.0	3	57.0	良	**	**		キタノブレイク																																																									
2022100158	2025-08-30	4中京3		4.0	3歳未勝利								高杉吏麒		ダ1800				1:57.7	4.6		3-5-5-14	36.8-38.0	42.0	456(+16)					晴		15.0	5.0	10.0	19.5	7.0	14	56.0	良	**	**		ハッピーダンチャン																																																									
2022100161	2024-07-14	1函館12		5.0	2歳新馬								北村友一		芝1800				1:51.7	-0.3		1-1-1-1	38.8-34.7	34.7	492(0)				720.0																																											晴		9.0	4.0	4.0	4.7	2.0	1	55.0	良	**	**		(リアライズオーラム)															
2022100161	2024-08-11	2札幌2		8.0	コスモス賞(OP)								北村友一		芝1800				1:49.2	-1.1		1-1-1-1	37.4-35.0	35.0	488(-4)				1614.7																																											晴		7.0	1.0	1.0	2.6	2.0	1	55.0	良	**	**		(ゴーゴータカシ)															
2022100161	2024-08-31	2札幌7		11.0	札幌2歳S(GIII)								北村友一		芝1800				1:51.5	1.2		1-1-1-1	36.3-37.2	38.4	490(+2)																																															晴		12.0	8.0	11.0	3.5	2.0	7	55.0	重	**	**		マジックサンズ															
2022100161	2024-12-28	5中山9		11.0	ホープフルS(GI)								横山武史		芝2000				2:01.5	1.0		11-10-12-10	36.0-35.5	35.3	496(+6)																																															晴		18.0	5.0	10.0	65.7	12.0	6	56.0	良	**	**		クロワデュノール															
2022100161	2025-03-09	2中山4		11.0	報知弥生ディープ記念(GII)								横山武史		芝2000				2:01.7	0.4		8-8-11-12	35.9-37.2	36.5	498(+2)																																															晴		14.0	6.0	9.0	27.9	8.0	6	57.0	稍	**	**		ファウストラーゼン															
2022100161	2025-03-29	2阪神1		11.0	毎日杯(GIII)								川田将雅		芝1800				1:46.5	0.6		4-3	35.2-33.3	33.7	498(0)				620.0																																											曇		9.0	4.0	4.0	7.9	4.0	4	57.0	良	**	**		ファンダム															
2022100161	2025-10-25	4新潟3		10.0	菅名岳特別(2勝クラス)								松本大輝		ダ1800				1:50.7	-0.5		2-2-2-2	35.9-36.7	36.7	518(+20)				1587.1																																											曇		15.0	2.0	2.0	4.5	3.0	1	56.0	良	**	**		(アラレタバシル)															
2022100182	2024-10-06	4東京2	曇	3.0	2歳新馬		16.0	1.0	1.0	159.6	16.0	15	江田照男	56.0	ダ1600		重	**	1:41.1	4.3	**	4-4	35.3-36.3	40.1	498(0)			マリブオレンジ																																																																								
2022100182	2024-10-26	4東京7	曇	3.0	2歳未勝利		16.0	7.0	13.0	506.6	13.0	10	佐藤翔馬	53.0	ダ1600		良	**	1:40.9	2.3	**	14-15	34.8-38.4	38.6	494(-4)			アレスグート																																																																								
2022100182	2025-02-23	1東京8	晴	2.0	3歳未勝利		16.0	6.0	12.0	129.9	10.0	4	丸田恭介	57.0	ダ2100		良	**	2:16.0	0.8	**	9-8-9-7	30.7-39.6	39.2	512(+18)			ディペンダブル	84.0																																																																							
2022100182	2025-03-16	2中山6	雨	3.0	3歳未勝利		15.0	7.0	12.0	14.8	3.0	4	丸田恭介	57.0	ダ1800		不	**	1:55.2	0.5	**	2-3-3-3	37.8-39.5	39.7	502(-10)			アールプロスト	84.0																																																																							
2022100182	2025-04-06	3中山4	曇	3.0	3歳未勝利		13.0	8.0	12.0	5.0	2.0	3	丸田恭介	57.0	ダ1800		稍	**	1:55.4	0.5	**	2-2-2-2	37.9-37.4	37.8	498(-4)			グレイテストソング	140.0																																																																							
2022100182	2025-04-27	1福島6	晴	3.0	3歳未勝利		15.0	4.0	7.0	2.9	1.0	1	丸田恭介	57.0	ダ1700		良	**	1:48.8	-0.1	**	5-5-3-2	30.5-38.8	38.6	496(-2)			(ヒサエノオモカゲ)	560.0																																																																							
2022100182	2025-09-28	4中山9	晴	6.0	3歳以上1勝クラス		16.0	8.0	16.0	38.3	11.0	12	丸田恭介	55.0	ダ1800		良	**	1:55.7	1.4	**	4-5-5-5	37.9-37.9	39.0	498(+2)			フジレイメイ																																																																								
2022100182	2025-10-26	4東京9	小雨	12.0	3歳以上1勝クラス		16.0	6.0	11.0	90.4	14.0	8	丸田恭介	56.0	ダ1600		不	**	1:37.0	1.3	**	9-9	35.3-35.3	35.9	504(+6)			チュウワチーフ																																																																								
2022100182	2025-11-23	5東京5	曇	7.0	3歳以上1勝クラス		16.0	8.0	15.0	19.2	8.0	10	遠藤汰月	53.0	ダ2100		良	**	2:14.7	2.1	**	4-4-4-4	31.2-37.0	38.8	502(-2)			タイキインドラ																																																																								
2022100187	2024-10-27	5京都8	晴	4.0	2歳新馬		16.0	3.0	5.0	32.7	11.0	6	浜中俊	55.0	ダ1800		良	**	1:57.8	3.3	**	13-13-13-12	37.4-38.1	39.3	458(0)			ゴールデンクラウド																																																																								
2022100187	2024-11-10	6京都4	晴	2.0	2歳未勝利		10.0	2.0	2.0	163.4	9.0	8	浜中俊	55.0	ダ1800		良	**	1:57.5	4.1	**	4-4-9-7	35.9-38.4	41.5	462(+4)			チムニートップス																																																																								
2022100187	2025-03-01	1小倉11	曇	7.0	3歳未勝利		16.0	2.0	3.0	74.7	10.0	8	川端海翼	52.0	ダ1700		良	**	1:49.5	2.0	**	16-16-11-9	30.7-38.9	38.6	464(+2)			グレイスフルマーチ																																																																								
2022100187	2025-03-22	2中京3	晴	6.0	3歳未勝利		12.0	5.0	6.0	123.0	10.0	8	川端海翼	52.0	ダ1800		良	**	1:56.4	1.4	**	9-9-9-9	36.9-39.1	39.7	452(-12)			ポッドフォルク																																																																								
2022100187	2025-04-06	2阪神4	晴	2.0	3歳未勝利		15.0	7.0	14.0	266.4	13.0	11	川端海翼	52.0	ダ1800		良	**	1:58.5	5.3	**	11-11-14-13	37.4-36.7	40.1	456(+4)			ブラックアダマス																																																																								
2022100187	2025-06-21	3阪神5	晴	2.0	3歳未勝利		16.0	4.0	7.0	219.1	13.0	12	河原田菜	51.0	ダ1800		良	**	1:59.3	4.0	**	8-9-10-9	37.1-40.5	43.2	440(-16)			オーケアニス																																																																								
2022100187	2025-10-12	盛岡	小雨	1.0	C2十一組		9.0	6.0	6.0	14.1	5.0	6	鈴木祐	54.0	ダ1200		良	**	1:15.8	2.0	**	3-7		39.0	440(0)			エウクレイア																																																																								
2022100187	2025-10-19	盛岡	曇	3.0	C2十組		11.0	8.0	11.0	25.7	4.0	5	大坪慎	54.0	ダ1200		重	**	1:15.4	1.3	**	7-7		37.5	430(-10)			ゴダルティチェコ	2.8																																																																							
2022100187	2025-11-01	盛岡	曇	3.0	盛岡市職員盛駿会会長(C2)		8.0	1.0	1.0	15.9	4.0	5	大坪慎	54.0	ダ1200		不	**	1:14.4	2.5	**	4-5		37.8	437(+7)			シャラ	2.8																																																																							
2022100187	2025-11-10	盛岡	曇	2.0	C2十組		10.0	2.0	2.0	8.7	4.0	3	山本政聡	54.0	ダ1200		稍	**	1:14.8	0.8	**	1-1		38.5	435(-2)			レベチアミーゴ	8.0																																																																							
2022100187	2025-11-24	水沢	曇	4.0	C2九組		11.0	6.0	7.0	2.6	1.0	1	関本玲花	52.0	ダ1300		良	**	1:25.2	-0.5	**	1-1-1-1		39.8	440(+5)			(クィーンルージュ)	40.0																																																																							
2022100187	2025-12-09	水沢	曇	4.0	走れ!オッズパーク賞(C2)		10.0	7.0	7.0	6.3	4.0	3	関本玲花	52.0	ダ1300		不	**	1:23.6	0.7	**	2-2-2-2		39.1	454(+14)			フォルトリアン	8.0																																																																							
2022100187	2025-12-15	水沢	曇	5.0	C2五組		12.0	3.0	3.0	4.4	2.0	9	関本玲花	52.0	ダ1400		不	**	1:31.5	1.7	**	4-4-8-10		41.0	444(-10)			ゴールデンレディー																																																																								
2022100187	2025-12-30	水沢	曇	3.0	C2六組		9.0	2.0	2.0	10.2	4.0	8	山本政聡	54.0	ダ1400		重	**	1:31.1	2.5	**	6-7-8-8		39.8	454(+10)			フルオブエナジー																																																																								
2022100201	2024-12-22	7京都8		4.0	2歳新馬								団野大成		ダ1800				2:00.8	6.1		2-3-2-4	37.4-38.1	43.8	474(0)					曇		13.0	8.0	12.0	14.0	6.0	11	55.0	良	**	**		タイセイドラード																																																									
2022100201	2025-02-16	1京都6		3.0	3歳未勝利								藤懸貴志		ダ1400				1:28.0	1.2		10-11	35.8-38.2	38.5	470(-4)					曇		16.0	4.0	7.0	25.5	6.0	6	55.0	稍	**	**		ニシノジェダイ																																																									
2022100201	2025-03-02	1小倉12		5.0	3歳未勝利								川須栄彦		芝1800				1:52.4	0.8		1-1-1-1	36.6-38.1	38.9	472(+2)				84.0	雨		16.0	5.0	10.0	47.0	11.0	4	55.0	重	**	**		ミュージシャン																																																									
2022100201	2025-03-15	2中京1		3.0	3歳未勝利								川須栄彦		芝1600				1:36.1	0.8		6-5-5	36.0-34.8	35.0	472(0)				84.0	曇		16.0	7.0	14.0	23.3	5.0	4	55.0	良	**	**		ケリフレッドアスク																																																									
2022100201	2025-04-13	1福島2		5.0	3歳未勝利								鷲頭虎太		芝1800				1:49.1	0.1		4-3-3-3	36.7-35.7	35.6	462(-10)				84.0	曇		16.0	4.0	7.0	8.9	6.0	4	52.0	良	**	**		マイネルフルムーン																																																									
2022100201	2025-05-10	2京都5		5.0	3歳未勝利								坂井瑠星		芝1800				1:48.6	0.6		3-3	34.3-36.2	36.5	468(+6)				140.0	曇		15.0	5.0	8.0	3.1	1.0	3	55.0	稍	**	**		ライトトラック																																																									
2022100201	2025-05-24	2京都9		5.0	3歳未勝利								坂井瑠星		芝2000				2:01.6	0.5		3-5-5-4	36.5-36.4	36.6	476(+8)				140.0	小雨		16.0	4.0	7.0	7.3	4.0	3	55.0	良	**	**		サラダ																																																									
2022100201	2025-06-14	1函館1		4.0	3歳未勝利								鷲頭虎太		芝1800				1:46.6	0.6		2-2-3-3	34.6-35.3	35.7	482(+6)				220.0	晴		15.0	4.0	7.0	8.6	3.0	2	52.0	良	**	**		ウインベラーノ																																																									
2022100201	2025-07-12	1函館9		3.0	3歳未勝利								鷲頭虎太		芝1800				1:47.3	-0.2		3-3-3-3	35.6-35.6	35.4	488(+6)				560.0	晴		12.0	4.0	4.0	3.1	1.0	1	52.0	良	**	**		(パーフェクトパール)																																																									
2022100201	2025-07-27	1札幌2		8.0	3歳以上1勝クラス								鷲頭虎太		芝1800				1:47.4	-0.4		2-2-2-2	35.9-35.6	35.4	490(+2)				800.0	晴		8.0	2.0	2.0	2.5	1.0	1	50.0	稍	**	**		(ダークブロンド)																																																									
2022100201	2025-09-14	4阪神4		11.0	関西TVローズS(GII)								鷲頭虎太		芝1800				1:45.6	2.1		2-2	34.0-35.0	37.1	490(0)					晴		17.0	8.0	16.0	157.5	16.0	14	55.0	良	**	**		カムニャック																																																									
2022100201	2025-11-24	3福島6		10.0	五色沼特別(2勝クラス)								鮫島克駿		芝1800				1:47.5	0.0		1-1-1-1	36.2-35.0	35.0	490(0)				513.0	曇		16.0	1.0	1.0	8.0	3.0	2	54.0	良	**	**		ノーランサンライズ																																																									
2022100201	2025-12-21	5中山6		9.0	チバテレ杯(2勝クラス)								マーカン		芝2000				2:00.9	0.1		2-2-2-2	35.7-35.9	35.8	486(-4)				393.5	曇		11.0	7.0	9.0	6.0	4.0	3	55.0	重	**	**		シャドウメテオ																																																									
2022100201	2026-01-11	1中山4		9.0	初咲賞(2勝クラス)								三浦皇成		芝1800				1:47.9	-0.1		1-1-1-1	37.2-35.0	35.0	486(0)				1610.1	晴		13.0	5.0	7.0	3.1	1.0	1	55.0	良	**	**		(コムユンプリュム)																																																									
2022100204	2024-10-27	5京都8		5.0	2歳新馬								池添謙一		芝1600				1:35.1	0.9		3-3	35.1-34.9	35.5	474(0)				110.0																													曇		10.0	4.0	4.0	5.2	4.0	4	56.0	良	**	**		リラエンブレム																													
2022100204	2024-11-16	6京都5		3.0	2歳未勝利								池添謙一		ダ1400				1:25.5	-0.5		4-2	34.3-38.7	38.4	468(-6)				550.0																													曇		13.0	8.0	13.0	2.9	1.0	1	56.0	良	**	**		(ミライエイゴウ)																													
2022100204	2025-01-12	1中京4		7.0	3歳1勝クラス								池添謙一		ダ1400				1:24.1	0.0		4-4	35.0-36.9	36.6	472(+4)				320.0																													曇		16.0	4.0	7.0	21.2	5.0	2	57.0	良	**	**		マテンロウコマンド																													
2022100204	2025-02-16	1京都6		4.0	3歳1勝クラス								池添謙一		ダ1400				1:24.9	-1.0		4-1	35.4-37.0	36.7	472(0)				800.0																													曇		11.0	8.0	11.0	2.0	1.0	1	57.0	稍	**	**		(ゴールデンカイト)																													
2022100204	2025-10-05	3京都2		8.0	3歳以上2勝クラス								池添謙一		ダ1400				1:22.7	0.1		6-5	33.8-37.0	36.1	476(+4)				460.0																													曇		16.0	3.0	5.0	2.5	1.0	2	56.0	重	**	**		タマモティーカップ																													
2022100204	2025-10-26	3京都9		12.0	嵯峨野特別(2勝クラス)								池添謙一		ダ1400				1:22.8	-0.2		5-5	34.1-36.7	36.3	478(+2)				1589.9																													曇		16.0	7.0	13.0	2.5	1.0	1	56.0	重	**	**		(ウルスクローム)																													
2022100204	2025-12-21	5阪神6		9.0	御影S(3勝クラス)								池添謙一		ダ1400				1:22.6	0.1		4-4	34.0-36.8	36.6	484(+6)				464.8																													雨		16.0	3.0	6.0	1.7	1.0	3	57.0	重	**	**		トリリオンボーイ																													
2022100204	2026-01-17	1京都6		11.0	羅生門S(3勝クラス)								池添謙一		ダ1400				1:24.7	0.8		11-9	35.3-36.2	36.1	486(+2)				187.0																													晴		16.0	4.0	7.0	2.1	1.0	5	57.0	良				エストレヤデベレン																													
2022100224	2024-09-22	4中山7		5.0	2歳新馬								永野猛蔵		芝1800				1:52.7	2.8		7-8-8-10	37.3-34.8	36.8	426(0)					曇		14.0	8.0	14.0	46.8	7.0	12	55.0	良	**	**		テリオスルナ																																																									
2022100224	2024-12-22	5中山8		2.0	2歳未勝利								藤懸貴志		ダ1800				1:59.0	1.3		16-16-15-15	37.3-41.5	41.0	442(+16)					晴		16.0	4.0	7.0	111.6	13.0	7	56.0	良	**	**		ドーバーブライト																																																									
2022100224	2025-01-18	1中山6		2.0	3歳未勝利								藤懸貴志		ダ1800				1:57.4	2.0		13-12-12-9	37.2-39.8	40.3	440(-2)					晴		16.0	8.0	15.0	99.0	10.0	8	57.0	良	**	**		カージオイド																																																									
2022100224	2025-01-26	1中京9		3.0	3歳未勝利								酒井学		ダ1900				2:05.9	4.6		4-5-5-5	30.0-38.0	41.9	434(-6)					晴		11.0	8.0	10.0	176.9	10.0	11	57.0	良	**	**		ライノ																																																									
2022100224	2025-03-30	3中山2		3.0	3歳未勝利								菊沢一樹		ダ1800				1:56.7	2.1		8-8-7-8	37.6-38.8	40.0	438(+4)					曇		14.0	5.0	7.0	111.1	10.0	7	57.0	稍	**	**		グレイスザクラウン																																																									
2022100224	2025-04-26	2東京1		3.0	3歳未勝利								木幡巧也		ダ2100				2:18.1	4.9		2-3-4-4	31.2-39.0	43.1	440(+2)					曇		16.0	3.0	6.0	79.2	12.0	16	57.0	稍	**	**		ダカラフェスティヴ																																																									
2022100224	2025-06-14	3東京3		3.0	3歳未勝利								菊沢一樹		ダ1400				1:27.8	2.9		8-9	36.6-35.6	37.7	442(+2)					曇		16.0	5.0	9.0	71.4	11.0	13	57.0	良	**	**		ジェイエルバース																																																									
2022100224	2025-07-27	2新潟2		5.0	3歳未勝利								木幡巧也		ダ1200				1:14.8	3.2		14-14	34.9-36.7	38.4	438(-4)					晴		15.0	1.0	1.0	126.7	14.0	15	57.0	良	**	**		トラストパイロ																																																									
2022100224	2025-09-05	名古屋		3.0	3歳15組								細川智史		ダ1400				1:32.5	1.6		8-9-7		41.0	451(+13)					曇		11.0	4.0	4.0	18.4	7.0	7	57.0	不	**	**		サンパギータチャン																																																									
2022100224	2025-10-03	名古屋		1.0	3歳20組								塚本征吾		ダ920				0:58.3	0.4		2		38.3	458(+7)				11.0	曇		12.0	8.0	11.0	3.0	2.0	3	57.0	良	**	**		ヘヴンリーゴール																																																									
2022100224	2025-10-14	名古屋		7.0	C25組								塚本征吾		ダ1500				1:39.0	0.6		3-3-3		40.6	452(-6)				11.0	小雨		12.0	7.0	10.0	7.8	4.0	3	57.0	良	**	**		グールマン																																																									
2022100224	2025-10-28	名古屋		8.0	C24組								塚本征吾		ダ1500				1:38.2	-0.1		6-4-3		40.3	452(0)				55.0	晴		12.0	8.0	12.0	4.9	2.0	1	57.0	稍	**	**		(メイショウイチモン)																																																									
2022100224	2025-11-11	名古屋		8.0	仁王川特別(C)								塚本征吾		ダ1700				1:52.4	1.2		5-5-4		39.9	449(-3)				10.5	晴		11.0	8.0	10.0	12.3	6.0	4	57.0	稍	**	**		サンダーフレア																																																									
2022100224	2025-11-21	名古屋		5.0	C12組								塚本征吾		ダ1500				1:37.3	-0.2		3-3-1		39.0	450(+1)				55.0	晴		12.0	6.0	8.0	2.9	2.0	1	57.0	良	**	**		(レイナティア)																																																									
2022100224	2025-12-10	名古屋		10.0	茶臼山特別(C)								村上弘樹		ダ1700				1:53.1	2.1		9-10-9		40.2	450(0)					晴		12.0	2.0	2.0	152.1	11.0	10	57.0	良	**	**		アップショウグン																																																									
2022100224	2025-12-24	名古屋		1.0	C7組								塚本征吾		ダ1400				1:29.3	-0.1		4-2-1		38.5	444(-6)				55.0	雨		11.0	8.0	11.0	1.7	1.0	1	57.0	不	**	**		(ジャックミント)																																																									
2022100224	2026-01-03	名古屋		7.0	無病息災を願う黒豆賞(C)								塚本征吾		ダ1400				1:31.4	0.8		3-3-3		40.9	441(-3)					曇		12.0	7.0	9.0	3.7	3.0	7	57.0	稍	**	**		アイドルアイズ																																																									
2022100260	2024-12-08	4中京4		5.0	2歳新馬								江田照男		芝2000				2:05.3	1.4		3-3-2-3	35.9-35.0	36.1	432(0)					晴		12.0	7.0	10.0	56.3	10.0	8	56.0	良	**	**		エムズ																																																									
2022100260	2024-12-22	5中山8		4.0	2歳未勝利								江田照男		芝2000				2:02.7	1.4		14-14-13-10	36.4-36.1	36.6	434(+2)					晴		18.0	7.0	13.0	302.3	15.0	12	56.0	良	**	**		ロジャリーマイン																																																									
2022100260	2025-02-08	1東京3		3.0	3歳未勝利								江田照男		ダ1600				1:44.9	5.9		2-6	35.9-37.8	42.7	432(-2)					晴		16.0	4.0	7.0	120.5	8.0	15	57.0	良	**	**		アドマイヤデイトナ																																																									
2022100260	2025-04-27	1福島6		2.0	3歳未勝利								今村聖奈		芝1200				1:09.6	0.7		13-13	34.1-34.8	34.0	424(-8)				56.0	晴		16.0	6.0	12.0	116.7	11.0	5	54.0	良	**	**		ユーティジャーニー																																																									
2022100260	2025-05-17	1新潟5		6.0	3歳未勝利								丹内祐次		芝1000				0:57.0	0.7		4	34.1-33.2	33.6	430(+6)				140.0	雨		16.0	8.0	16.0	3.8	1.0	3	57.0	稍	**	**		ハッピーダンシング																																																									
2022100260	2025-05-25	1新潟8		1.0	3歳未勝利								江田照男		芝1200				1:12.3	1.7		11-12	34.8-35.8	36.3	424(-6)					小雨		16.0	2.0	3.0	22.6	8.0	12	57.0	稍	**	**		ティピティーナ																																																									
2022100260	2025-06-22	1函館4		1.0	3歳未勝利								舟山瑠泉		芝1200				1:10.5	1.0		5-5	34.0-35.5	36.0	434(+10)					曇		15.0	5.0	9.0	53.4	9.0	10	54.0	重	**	**		ベビーズブレス																																																									
2022100260	2025-06-29	1函館6		3.0	3歳未勝利								横山和生		芝1200				1:10.2	1.1		3-4	34.3-34.8	35.6	430(-4)					曇		12.0	1.0	1.0	88.7	9.0	12	57.0	良	**	**		ペイシャアーサー																																																									
2022100260	2025-08-28	船橋		5.0	3歳四								山中悠希		ダ1200				1:17.1	1.2		10-10-10	36.2-39.7	39.0	451(+21)					晴		10.0	2.0	2.0	8.9	5.0	8	56.0	良	**	**		ヒョイザブロー																																																									
2022100260	2025-10-01	船橋		5.0	3歳四								山中悠希		ダ1200				1:19.0	2.5		3-2-3	36.9-39.6	41.9	446(-5)					曇		12.0	4.0	4.0	25.0	9.0	8	56.0	稍	**	**		ファンタジースカイ																																																									
2022100260	2025-11-03	船橋		3.0	石崎駿・森泰斗開業記(3歳)								山中悠希		ダ1200				1:19.0	3.5		10-10-10	37.1-38.4	40.2	445(-1)					晴		11.0	3.0	3.0	275.3	10.0	8	56.0	稍	**	**		セイウンユズカ																																																									
2022100260	2025-11-26	浦和		3.0	浦和800ラウンド(3歳)								及川烈		ダ800				0:49.8	1.7		7-6	36.1-35.3	36.2	436(-9)					晴		9.0	8.0	8.0	32.2	6.0	6	55.0	良	**	**		エスシーボニー																																																									
2022100260	2025-12-09	船橋		2.0	3歳一								及川烈		ダ1200				1:18.4	2.3		7-7-7	37.3-38.8	39.9	431(-5)					晴		9.0	7.0	7.0	196.4	8.0	6	55.0	良	**	**		ポッドバディ																																																									
2022100260	2025-12-22	浦和		1.0	3歳一								篠谷葵		ダ1500				1:40.4	2.9		9-1-5-6	31.8-38.6	41.4	440(+9)					晴		12.0	7.0	9.0	361.8	12.0	8	56.0	良	**	**		タカミノガコイ																																																									
2022100260	2026-01-06	浦和		5.0	新座市制施行55周年(C3)								櫻井光輔		ダ1500				1:39.9	1.6		11-11-9-8	30.3-40.4	40.4	441(+1)					晴		11.0	6.0	7.0	131.8	9.0	7	56.0	稍	**	**		ランボー																																																									
2022100278	2024-10-20	4東京6	晴	4.0	2歳新馬		16.0	3.0	5.0	35.2	7.0	6	北村宏司	56.0	ダ1400		良	**	1:27.7	3.0	**	13-12	36.2-36.1	37.5	440(0)			スナッピードレッサ																																																																								
2022100278	2024-11-10	5東京4	曇	1.0	2歳未勝利		15.0	1.0	1.0	38.3	8.0	4	北村宏司	56.0	ダ1400		良	**	1:27.2	1.6	**	6-5	35.5-37.6	38.7	444(+4)			フォースミラクル	83.0																																																																							
2022100278	2025-02-23	1東京8	晴	1.0	3歳未勝利		16.0	8.0	16.0	28.6	11.0	12	石橋脩	57.0	ダ1400		良	**	1:28.8	2.4	**	5-5	36.0-38.0	39.7	444(0)			プライベートアイズ																																																																								
2022100278	2025-04-06	3中山4	曇	3.0	3歳未勝利		13.0	4.0	5.0	61.0	8.0	10	北村宏司	57.0	ダ1800		稍	**	1:58.4	3.5	**	11-12-10-9	37.9-37.4	39.6	446(+2)			グレイテストソング																																																																								
2022100278	2025-05-11	2東京6	晴	2.0	3歳未勝利		16.0	8.0	16.0	303.8	12.0	10	北村宏司	57.0	ダ1400		稍	**	1:25.7	1.8	**	15-16	34.7-36.8	36.9	446(0)			アラスカフレイバー																																																																								
2022100278	2025-09-07	4中山2	晴	7.0	3歳未勝利		16.0	6.0	11.0	106.2	11.0	5	木幡巧也	57.0	ダ1200		良	**	1:13.2	1.1	**	12-11	34.7-37.4	37.0	442(-4)			キタノライブリー	56.0																																																																							
2022100278	2025-09-14	4中山4	曇	6.0	3歳未勝利		16.0	1.0	2.0	115.9	13.0	10	木幡巧也	57.0	ダ1800		稍	**	1:56.1	3.1	**	14-15-13-12	36.4-38.6	40.5	442(0)			ブレゲアン																																																																								
2022100278	2025-10-21	大井	曇	2.0	伝統と未来、躍進する(3歳)		10.0	7.0	8.0	2.0	1.0	2	鷹見陸	55.0	ダ1200		稍	**	1:14.9	1.1	**	5-5	36.2-37.6	38.0	450(+8)			サマーツアー	56.0																																																																							
2022100278	2025-11-10	大井	晴	3.0	C218　19		13.0	6.0	8.0	2.3	1.0	1	野畑凌	56.0	ダ1200		稍	**	1:13.5	-0.1	**	2-2	36.4-37.1	37.0	452(+2)			(バーミーズルビー)	100.0																																																																							
2022100278	2025-12-03	大井	曇	8.0	モンタナ賞(C2十)		15.0	1.0	1.0	1.2	1.0	1	野畑凌	56.0	ダ1200		良	**	1:13.9	-1.0	**	8-5	35.7-38.2	37.3	462(+10)			(ビップライアン)	100.0																																																																							
2022100278	2025-12-30	大井	晴	6.0	C2七　八		14.0	8.0	14.0	1.7	1.0	2	野畑凌	56.0	ダ1200		稍	**	1:14.4	0.1	**	4-3	35.4-38.9	38.4	460(-2)			ポアゾンノアール	40.0																																																																							
2022100318	2024-07-28	2新潟2		4.0	2歳新馬								秋山稔樹		芝1600				1:37.2	1.7		1-1	36.0-34.4	36.1	438(0)					曇		12.0	8.0	12.0	227.8	12.0	11	54.0	良	**	**		プロクレイア																																																									
2022100318	2024-10-14	4新潟4		2.0	2歳未勝利								秋山稔樹		芝1400				1:24.7	2.2		2-2	34.0-36.7	38.8	444(+6)					晴		18.0	6.0	12.0	153.5	14.0	17	55.0	良	**	**		サンナイアガラ																																																									
2022100318	2024-12-22	5中山8		3.0	2歳未勝利								長浜鴻緒		芝1200				1:10.8	1.0		11-14	33.5-36.3	36.4	442(-2)					晴		16.0	3.0	5.0	247.6	15.0	13	52.0	良	**	**		ミクストベリーズ																																																									
2022100318	2025-03-02	2中山2		3.0	3歳未勝利								遠藤汰月		ダ1200				1:15.5	2.8		1-1	34.6-38.1	40.9	436(-6)					晴		16.0	4.0	7.0	129.0	11.0	14	52.0	良	**	**		シュレン																																																									
2022100318	2025-04-20	1福島4		1.0	3歳未勝利								石田拓郎		ダ1150				1:10.8	2.0		10-10	31.4-37.4	37.2	446(+10)					曇		16.0	5.0	9.0	82.8	10.0	6	52.0	良	**	**		ファムエレガンテ																																																									
2022100318	2025-05-25	2東京10		3.0	3歳未勝利								石川裕紀		ダ1300				1:18.6	1.8		13-13	28.9-36.2	35.7	450(+4)					曇		16.0	8.0	15.0	77.3	8.0	7	55.0	不	**	**		アメリカンビヨンド																																																									
2022100318	2025-08-23	3新潟1		6.0	3歳未勝利								石田拓郎		ダ1200				1:13.2	2.3		10-9	34.1-36.8	37.7	434(-16)					晴		15.0	4.0	6.0	53.9	12.0	12	52.0	良	**	**		ロッカバイベイビー																																																									
2022100318	2025-10-03	名古屋		6.0	くう、たい、りょう、(3歳)								丹羽克輝		ダ1400				1:34.1	2.2		2-1-2		42.8	443(+9)				8.3	曇		11.0	7.0	10.0	3.3	2.0	4	55.0	良	**	**		メイショウクレピス																																																									
2022100318	2025-10-14	名古屋		7.0	C25組								丹羽克輝		ダ1500				1:39.9	1.5		6-6-6		41.2	448(+5)					小雨		12.0	6.0	8.0	7.2	3.0	6	55.0	良	**	**		グールマン																																																									
2022100318	2025-10-28	名古屋		5.0	C27組								丹羽克輝		ダ1500				1:40.8	1.1		5-4-5		42.4	448(0)				8.3	晴		12.0	5.0	5.0	13.4	3.0	4	55.0	稍	**	**		エストソール																																																									
2022100318	2025-11-07	名古屋		7.0	C32組								丹羽克輝		ダ1500				1:40.4	1.8		4-4-6		41.8	450(+2)					晴		12.0	2.0	2.0	13.1	6.0	7	55.0	良	**	**		アルヴェッター																																																									
2022100318	2025-11-20	名古屋		3.0	C23組								丹羽克輝		ダ1500				1:39.8	1.1		6-5-2		40.7	452(+2)					晴		12.0	5.0	5.0	14.4	4.0	6	55.0	良	**	**		サンマルメロディー																																																									
2022100318	2025-12-04	名古屋		3.0	C26組								丹羽克輝		ダ1500				1:40.0	2.3		9-8-8		41.3	453(+1)					曇		12.0	8.0	12.0	32.8	6.0	6	55.0	稍	**	**		カリビアンブルー																																																									
2022100318	2025-12-21	水沢		3.0	C2十組								阿部英俊		ダ1300				1:22.7	0.6		4-4-4-3		38.6	443(-10)				14.0	晴		11.0	1.0	1.0	3.5	2.0	2	54.0	重	**	**		ミエノシリウス																																																									
2022100318	2025-12-29	水沢		4.0	C2九組								阿部英俊		ダ1300				1:23.7	0.5		2-2-2-2		38.8	445(+2)				5.2	晴		11.0	8.0	11.0	1.8	1.0	4	54.0	重	**	**		パルピタシオン																																																									
2022100325	2024-08-18	3新潟4		5.0	2歳新馬								内田博幸		芝1800				1:50.6	1.1		3-3	36.9-34.5	35.4	462(0)					晴		12.0	2.0	2.0	259.0	11.0	7.0	55.0	良	**	**		パッションリッチ																																																									
2022100325	2024-09-08	4中山2		2.0	2歳未勝利								内田博幸		芝2000				2:01.8	0.6		1-1-1-1	35.2-34.6	35.2	464(+2)					晴		9.0	5.0	5.0	58.5	6.0	6.0	55.0	良	**	**		パートオブワールド																																																									
2022100325	2024-10-12	4新潟3		6.0	2歳未勝利								武藤雅		芝2000				2:02.9	0.6		2-2-2-2	35.0-36.4	36.9	466(+2)				55.0	晴		14.0	2.0	2.0	8.2	5.0	5.0	56.0	良	**	**		ビーオンザカバー																																																									
2022100325	2024-11-02	3福島1		1.0	2歳未勝利								長浜鴻緒		ダ1700				1:50.2	2.9		3-2-2-4	30.4-37.8	40.7	464(-2)					雨		15.0	8.0	15.0	10.5	6.0	11.0	53.0	稍	**	**		レッドベルダンス																																																									
2022100325	2024-12-22	5中山8		1.0	2歳未勝利								武藤雅		ダ1200				1:15.2	3.1		4-5	34.0-38.1	40.9	472(+8)					晴		16.0	2.0	4.0	95.1	9.0	12.0	56.0	良	**	**		エコロヴァイス																																																									
2022100325	2025-02-08	1東京3		3.0	3歳未勝利								武藤雅		ダ1600				1:42.2	3.2		1-1	35.9-37.8	41.0	480(+8)					晴		16.0	3.0	6.0	214.6	11.0	10.0	57.0	良	**	**		アドマイヤデイトナ																																																									
2022100325	2025-03-26	園田		10.0	JRA交流諭鶴羽山特								小崎綾也		ダ1400				1:31.6	0.0		3-3-1-1		41.2	478(-2)				60.0	晴		10.0	7.0	8.0	5.6	4.0	2.0	55.0	良	**	**		レイナボニータ																																																									
2022100325	2025-05-24	1新潟7		5.0	3歳未勝利								佐々木大		芝1800				1:49.1	0.1		1-1	36.6-35.9	36.0	472(-6)				220.0	曇		16.0	7.0	14.0	11.8	7.0	2.0	57.0	良	**	**		ウィズマスタング																																																									
2022100325	2025-06-22	1函館4		4.0	3歳未勝利								小林美駒		芝1800				1:49.8	0.9		6-1-1-1	34.8-38.8	39.7	472(0)					曇		16.0	4.0	8.0	6.7	4.0	10.0	53.0	重	**	**		ゼットエイト																																																									
2022100325	2025-07-06	1函館8		6.0	3歳未勝利								黛弘人		芝2000				2:03.4	0.8		1-1-2-2	37.1-35.7	36.4	474(+2)				220.0	曇		12.0	5.0	6.0	14.0	5.0	2.0	57.0	稍	**	**		ミクニインスパイア																																																									
2022100325	2025-07-19	1函館11		5.0	3歳未勝利								黛弘人		芝2000				2:00.4	0.5		1-1-1-1	35.2-35.8	36.3	472(-2)				84.0	晴		16.0	5.0	9.0	7.0	3.0	4.0	57.0	良	**	**		ラブリーリディア																																																									
2022100325	2025-08-03	1札幌4		3.0	3歳未勝利								横山武史		芝2000				2:02.4	0.5		1-1-1-1	37.0-35.4	35.9	472(0)				56.0	晴		16.0	5.0	9.0	6.2	3.0	5.0	57.0	良	**	**		パーフェクトパール																																																									
2022100325	2025-08-16	1札幌7		4.0	3歳未勝利								黛弘人		芝1500				1:28.4	0.4		10-12-9	29.3-35.4	34.7	472(0)				220.0	晴		14.0	4.0	5.0	16.3	6.0	2.0	57.0	良	**	**		ワタシマツワ																																																									
2022100325	2025-08-30	2札幌3		4.0	3歳未勝利								黛弘人		芝1500				1:32.1	1.3		8-9-8	30.2-36.6	36.6	476(+4)					小雨		14.0	7.0	11.0	4.5	2.0	8.0	57.0	稍	**	**		トレヴィ																																																									
2022100325	2025-10-14	金沢		6.0	B24								吉原寛人		ダ1400				1:28.7	-0.2		2-2-1-1		38.8	483(+7)				50.0	雨		9.0	8.0	8.0	1.1	1.0	1.0	57.0	稍	**	**		(チョボナイノ)																																																									
2022100325	2025-10-28	金沢		12.0	グリーンチャンネル開(B2)								加藤翔馬		ダ1400				1:30.2	0.2		9-9-3-2		39.4	484(+1)				8.8	曇		12.0	1.0	1.0	2.1	1.0	3.0	57.0	稍	**	**		レギウス																																																									
2022100325	2025-11-10	金沢		11.0	楽天ポイントで馬券が(B2)								吉原寛人		ダ1400				1:31.2	1.7		8-8-7-6		39.0	481(-3)				6.6	曇		9.0	3.0	3.0	1.8	1.0	4.0	57.0	重	**	**		マニーヒーロー																																																									
2022100325	2025-12-09	金沢		10.0	馬券を買うならSPA(B2)								吉原寛人		ダ1400				1:31.2	2.2		1-1-1-1		42.0	492(+11)					曇		9.0	8.0	9.0	4.4	3.0	7.0	57.0	重	**	**		スカイトライア																																																									
2022100325	2025-12-19	金沢		11.0	一里野温泉特別(B2)								吉原寛人		ダ1400				1:29.5	-0.1		1-1-1-1		38.1	495(+3)				55.0	晴		10.0	7.0	7.0	4.5	3.0	1.0	57.0	重	**	**		(カクシン)																																																									
2022100325	2025-12-26	金沢		9.0	B13								加藤翔馬		ダ1500										計不					雪		0.0	2.0	2.0				56.0	不																																																													
2022100328	2025-01-13	1中京5	晴	5.0	3歳新馬		16.0	8.0	15.0	3.9	2.0	4	小崎綾也	57.0	芝1600		良	**	1:38.0	0.2	**	3-2-2	36.5-35.2	35.3	490(0)			トワイライトシティ	93.0																																																																							
2022100328	2025-02-01	1京都1	晴	3.0	3歳未勝利		15.0	7.0	13.0	3.1	2.0	1	西村淳也	57.0	ダ1400		良	**	1:25.5	-0.3	**	2-1	36.0-37.2	37.1	484(-6)			(ニシノジェダイ)	560.0																																																																							
2022100328	2025-03-23	2中山8	晴	8.0	3歳1勝クラス		15.0	6.0	11.0	6.7	3.0	2	津村明秀	57.0	ダ1200		良	**	1:11.5	0.3	**	3-2	33.8-37.4	37.5	486(+2)			アスタールフナ	320.0																																																																							
2022100328	2025-04-06	2阪神4	晴	9.0	バイオレットS(OP)		15.0	5.0	8.0	88.6	15.0	10	鮫島克駿	57.0	ダ1400		良	**	1:25.5	1.5	**	8-7	33.9-38.1	38.3	482(-4)			ヤマニンチェルキ																																																																								
2022100328	2025-06-22	3阪神6	晴	8.0	3歳以上1勝クラス		16.0	2.0	3.0	7.0	3.0	3	高杉吏麒	54.0	ダ1400		良	**	1:24.7	0.6	**	8-7	33.8-38.2	37.8	480(-2)			ホウショウマリス	200.0																																																																							
2022100328	2025-08-02	3中京3	晴	10.0	3歳以上1勝クラス		13.0	6.0	9.0	2.8	1.0	2	小崎綾也	55.0	ダ1400		良	**	1:24.7	0.2	**	2-2	34.0-38.8	38.8	478(-2)			カルパ	320.0																																																																							
2022100328	2025-09-20	4阪神6	曇	9.0	3歳以上1勝クラス		16.0	4.0	8.0	1.7	1.0	1	小崎綾也	56.0	ダ1400		良	**	1:24.4	0.0	**	11-9	34.4-37.9	36.5	484(+6)			(メイケイレイン)	800.0																																																																							
2022100328	2025-10-18	4東京6	曇	12.0	3歳以上2勝クラス		14.0	7.0	12.0	3.1	1.0	6	小崎綾也	56.0	ダ1400		良	**	1:25.6	0.9	**	9-9	35.5-36.8	36.9	488(+4)			コシュデリ																																																																								
2022100360	2024-10-20	4東京6		5.0	2歳新馬								北村宏司		芝1800				1:50.4	1.9		13-14-15	35.9-34.3	34.9	502(0)					晴		18.0	5.0	10.0	7.6	6.0	13	56.0	良	**	**		エネルジコ																																																									
2022100360	2024-12-22	5中山8		2.0	2歳未勝利								北村宏司		ダ1800				1:58.8	1.1		5-6-7-8	37.3-41.5	41.9	506(+4)				55.0	晴		16.0	4.0	8.0	34.7	9.0	5	56.0	良	**	**		ドーバーブライト																																																									
2022100360	2025-01-12	1中山4		2.0	3歳未勝利								北村宏司		ダ1800				1:57.8	3.6		4-4-2-3	37.0-38.8	42.2	506(0)					曇		16.0	3.0	6.0	23.6	5.0	7	57.0	良	**	**		サムシャイン																																																									
2022100360	2025-03-01	2中山1		1.0	3歳未勝利								北村宏司		ダ1800				1:57.6	1.2		3-3-2-2	37.1-40.4	41.5	506(0)					晴		15.0	1.0	1.0	20.6	6.0	7	57.0	良	**	**		ロードソルスティス																																																									
2022100360	2025-03-22	2中京3		6.0	3歳未勝利								小崎綾也		ダ1800				1:55.6	0.6		6-3-4-4	36.9-39.1	39.5	494(-12)				220.0	晴		12.0	3.0	3.0	23.9	7.0	2	57.0	良	**	**		ポッドフォルク																																																									
2022100360	2025-05-18	1新潟6		6.0	3歳未勝利								佐々木大		ダ1800				1:55.5	0.5		3-3-3-3	36.6-40.5	40.8	502(+8)				84.0	曇		14.0	3.0	4.0	7.2	2.0	4	57.0	良	**	**		キタノブレイク																																																									
2022100360	2025-06-14	1函館1		6.0	3歳未勝利								横山和生		ダ1700				1:46.2	0.9		11-11-6-4	29.7-38.0	38.2	494(-8)				140.0	晴		14.0	3.0	3.0	6.8	4.0	3	57.0	良	**	**		コスモシェルベット																																																									
2022100360	2025-07-06	1函館8		3.0	3歳未勝利								横山和生		ダ1700				1:48.1	2.5		8-6-5-4	29.2-38.1	40.1	504(+10)					曇		13.0	6.0	8.0	4.5	2.0	10	57.0	稍	**	**		ブレイクバウンズ																																																									
2022100360	2025-09-03	門別		7.0	デネブ特別(C1)								丹内祐次		ダ1700				1:51.1	0.6		3-3-1-2		39.8	498(-6)				7.0	晴		8.0	7.0	7.0	3.0	2.0	5	57.0	稍	**	**		ハイゼンスレイ																																																									
2022100360	2025-11-03	船橋		6.0	感動の、渦になれ。記(C1)								笹川翼		ダ1500				1:37.8	-0.8		4-4-5-4	32.5-40.5	40.3	505(+7)				120.0	晴		12.0	8.0	11.0	2.9	2.0	1	56.0	稍	**	**		(ヨドノタイヨウ)																																																									
2022100360	2025-12-12	船橋		10.0	師走賞(C1二)								笹川翼		ダ1600				1:43.1	0.6		4-4-3-2	37.6-39.8	39.6	512(+7)				72.0	晴		14.0	8.0	14.0	3.1	1.0	2	56.0	良	**	**		グランピクニック																																																									
2022100360	2026-01-09	浦和		12.0	初春特別(C1)								笹川翼		ダ2000				2:12.0	-0.9		3-3-1-1	38.1-39.8	39.7	508(-4)				180.0	晴		12.0	5.0	6.0	1.4	1.0	1	56.0	良	**	**		(マリアッチ)																																																									
2022100366	2025-04-24	門別		1.0	3歳条件未勝利(未勝利)								黒澤愛斗		ダ1200				1:16.2	1.5		7-7		38.6	488(0)				7.0																																											晴		12.0	2.0	2.0	3.3	2.0	4	55.0	重	**	**		ヤマトオーザー															
2022100366	2025-05-08	門別		1.0	3歳条件未勝利(未勝利)								黒澤愛斗		ダ1200				1:16.5	0.1		5-1		40.2	494(+6)				14.0																																											晴		14.0	6.0	10.0	2.8	2.0	2	55.0	良	**	**		リュウワンメリー															
2022100366	2025-05-21	門別		1.0	3歳条件未勝利(未勝利)								小野楓馬		ダ1200				1:15.9	0.0		6-3		39.8	488(-6)				14.0																																											晴		12.0	6.0	7.0	1.6	1.0	2	55.0	良	**	**		ニンリル															
2022100366	2025-06-10	門別		5.0	3歳以上C4ー4								小野楓馬		ダ1200				1:15.7	-0.1		3-3		38.6	496(+8)				40.0																																											晴		9.0	3.0	3.0	1.2	1.0	1	55.0	良	**	**		(フォーチュンデイズ)															
2022100366	2025-06-25	門別		8.0	ひだかEZOCA特別(C4)								服部茂史		ダ1200				1:15.3	0.0		8-6		37.9	492(-4)				55.0																																											晴		12.0	1.0	1.0	7.7	2.0	1	55.0	良	**	**		(アイルヴィータ)															
2022100366	2025-07-16	門別		9.0	リアトリス特別(C3)								服部茂史		ダ1200				1:15.1	0.3		3-3		38.4	490(-2)				15.4																																											曇		9.0	8.0	9.0	3.3	2.0	2	55.0	稍	**	**		テーオーエジソン															
2022100366	2025-07-31	門別		9.0	優駿の里安平町あびら(C3)								服部茂史		ダ1200				1:15.1	0.0		3-3		37.5	490(0)				11.2																																											晴		11.0	8.0	11.0	2.5	1.0	2	55.0	稍	**	**		キスメット															
2022100366	2025-08-27	門別		8.0	静内ロータリークラブ(C3)								服部茂史		ダ1200				1:15.9	-0.4		6-6		37.9	486(-4)				40.0																																											曇		9.0	6.0	6.0	1.6	1.0	1	55.0	良	**	**		(ヤマニンファリダ)															
2022100371	2024-09-16	3中京5		4.0	2歳新馬								藤懸貴志		ダ1400				1:28.1	4.2		1-1	34.9-36.8	41.0	420(0)																																															晴		14.0	7.0	12.0	7.7	4.0	9	55.0	稍	**	**		ミリアッドラヴ															
2022100371	2024-10-05	5京都1		1.0	2歳未勝利								吉村誠之		ダ1200				1:13.5	1.9		2-2	34.8-36.8	38.5	420(0)				220.0																																											晴		12.0	5.0	6.0	7.0	2.0	2	53.0	稍	**	**		テーオーエルビス															
2022100371	2024-10-27	5京都8		1.0	2歳未勝利								吉村誠之		ダ1200				1:12.4	-0.3		2-2	35.1-37.3	37.2	426(+6)				550.0																																											晴		9.0	8.0	8.0	2.9	1.0	1	53.0	良	**	**		(ワイルドブッター)															
2022100371	2025-01-19	1中京7		6.0	3歳1勝クラス								吉村誠之		ダ1200				1:13.0	1.7		4-4	33.8-37.5	38.2	430(+4)																																															晴		10.0	7.0	7.0	45.2	8.0	9	55.0	良	**	**		ペイシャケイプ															
2022100371	2025-02-01	1京都1		7.0	3歳1勝クラス								吉村誠之		ダ1200				1:13.2	0.9		2-2	36.0-36.3	37.1	424(-6)				320.0																																											曇		8.0	5.0	5.0	33.5	6.0	2	55.0	良	**	**		ドラゴンウェルズ															
2022100371	2025-05-10	2京都5		6.0	3歳1勝クラス								田山旺佑		ダ1200				1:10.5	-0.2		2-2	34.5-36.0	35.9	422(-2)				800.0																																											曇		16.0	3.0	6.0	20.6	7.0	1	54.0	重	**	**		(ワンダラー)															
2022100371	2025-07-13	2小倉6		9.0	雲仙特別(2勝クラス)								田山旺佑		ダ1000				1:00.8	2.0		2-4	33.7-36.5	38.5	422(0)																																															曇		14.0	6.0	10.0	22.5	8.0	12	55.0	良	**	**		アマルナ															
2022100371	2025-10-12	3京都4		9.0	円山特別(2勝クラス)								田山旺佑		ダ1200				1:11.3	1.2		2-2	34.3-35.8	36.6	436(+14)																																															小雨		14.0	8.0	13.0	14.8	6.0	7	57.0	良	**	**		アメリカンビキニ															
2022100371	2025-11-02	3京都11		8.0	3歳以上2勝クラス								田山旺佑		ダ1200				1:14.3	3.1		5-5	35.2-36.0	38.6	430(-6)																																															晴		15.0	8.0	15.0	11.0	5.0	15	54.0	稍	**	**		ゲッティヴィラ															
2022100378	2024-12-22	5中山8		5.0	2歳新馬								小林美駒		ダ1200				1:15.7	2.5		6-4	35.2-38.0	39.9	418(0)					晴		16.0	8.0	15.0	5.6	2.0	6	51.0	良	**	**		シュヴァルボヌール																																																									
2022100378	2025-01-19	1中山7		2.0	3歳未勝利								小林美駒		ダ1800				2:00.8	4.5		6-9-14-14	38.3-39.1	41.4	418(0)					晴		16.0	5.0	10.0	51.7	7.0	12	51.0	良	**	**		ロンパイア																																																									
2022100378	2025-04-13	1福島2		1.0	3歳未勝利								石田拓郎		ダ1700				1:50.6	1.5		14-14-12-10	30.4-38.9	39.1	418(0)					曇		15.0	3.0	5.0	141.6	15.0	8	52.0	良	**	**		エルバステラ																																																									
2022100378	2025-04-27	2東京2		1.0	3歳未勝利								小林凌大		ダ1400				1:27.9	1.4		12-13	35.3-39.0	38.6	416(-2)					晴		16.0	7.0	14.0	495.3	16.0	9	55.0	稍	**	**		ミッシオーネ																																																									
2022100378	2025-06-22	3東京6		2.0	3歳未勝利								小林凌大		ダ1600				1:39.7	2.8		10-9	35.1-36.9	38.7	410(-6)					晴		16.0	1.0	1.0	30.4	10.0	13	55.0	良	**	**		ワスカル																																																									
2022100378	2025-08-24	3新潟2		2.0	3歳未勝利								遠藤汰月		ダ1800				1:56.3	2.1		14-14-14-15	36.3-38.6	39.1	418(+8)					晴		15.0	8.0	14.0	251.6	15.0	8	52.0	良	**	**		メイショウコウベ																																																									
2022100378	2025-09-18	名古屋		3.0	3歳14組								大畑慧悟		ダ1500				1:42.8	5.0		10-7-7		44.2	430(+12)					晴		12.0	3.0	3.0	3.1	2.0	9	55.0	良	**	**		ダズラー																																																									
2022100378	2025-10-03	名古屋		5.0	3歳牝馬凛								大畑慧悟		ダ1500										423(-7)					曇		10.0	3.0	3.0			除	55.0	良	**	**		ストラティファイド																																																									
2022100378	2025-10-14	名古屋		3.0	C29組								大畑慧悟		ダ1500				1:40.9	0.1		4-3-2		42.0	424(-6)				19.3	曇		12.0	6.0	8.0	5.5	2.0	2	55.0	良	**	**		ホウショウビフウ																																																									
2022100378	2025-11-10	名古屋		1.0	C30組								大畑慧悟		ダ1500				1:40.2	2.1		7-5-5		42.1	428(+4)				8.3	晴		11.0	6.0	7.0	3.3	2.0	4	55.0	稍	**	**		ミヤイグアス																																																									
2022100378	2025-11-25	名古屋		7.0	秋麗駒(C)								大畑慧悟		ダ1500				1:40.7	2.9		1-1-7		43.2	430(+2)					曇		12.0	8.0	12.0	20.8	7.0	11	55.0	稍	**	**		エンジェルナンバー																																																									
2022100378	2025-12-11	笠松		5.0	こうたもう夜遊びでき(C)								大畑慧悟		ダ1400				1:31.2	-0.1		5-4-4		39.3	415(-15)				40.0	曇		10.0	8.0	9.0	24.6	5.0	1	55.0	良	**	**		(ブレイズボーイ)																																																									
2022100378	2025-12-29	笠松		9.0	ライチョウ特別(C)								大畑慧悟		ダ1400				1:32.0	2.1		7-7-6		40.1	411(-4)					晴		8.0	7.0	7.0	26.9	6.0	6	55.0	良	**	**		ミルキープリンセス																																																									
2022100378	2026-01-07	笠松		2.0	だてクリニック新年会(C)								大畑慧悟		ダ1400				1:33.4	2.4		4-4-5		40.3	416(+5)				4.0	曇		6.0	1.0	1.0	4.9	2.0	5	55.0	良	**	**		バックパック																																																									
2022100381	2025-03-29	2阪神1		1.0	3歳未勝利								森田誠也		ダ1400				1:28.3	2.3		3-5	35.0-38.7	40.7	474(0)																																	晴		16.0	1.0	1.0	24.1	8.0	10	52.0	稍	**	**		リトルスカーレット																													
2022100381	2025-05-31	2京都11		5.0	3歳未勝利								団野大成		芝1800				1:46.7	-0.2		2-2	35.4-34.6	34.6	470(-4)				560.0																													曇		18.0	7.0	15.0	12.5	6.0	1	55.0	良	**	**		(アルディスティーノ)																													
2022100381	2025-07-19	2小倉7		8.0	3歳以上1勝クラス								団野大成		芝2000				2:04.3	1.8		3-3-2-3	35.9-36.5	38.2	482(+12)																																	晴		10.0	8.0	10.0	4.3	2.0	7	53.0	良	**	**		マトラコーニッシュ																													
2022100381	2025-09-14	4阪神4		7.0	3歳以上1勝クラス								西村淳也		芝1600				1:34.7	0.2		1-1	36.5-33.4	33.6	486(+4)				320.0																													曇		14.0	4.0	6.0	13.0	5.0	2	54.0	良	**	**		ロンドボス																													
2022100381	2025-11-01	3京都10		12.0	3歳以上1勝クラス								団野大成		芝1600				1:33.7	0.0		6-4	36.0-34.1	33.7	476(-10)				800.0																													晴		15.0	8.0	15.0	21.0	6.0	1	55.0	良	**	**		(ミッキースターダム)																													
2022100381	2026-01-17	1京都6		12.0	4歳以上2勝クラス								団野大成		芝1600				1:34.0	0.5		2-2	35.2-34.5	34.8	480(+4)																																	晴		18.0	5.0	9.0	4.6	1.0	7	55.0	良				カズミクラーシュ																													
2022100384	2024-10-06	5京都2		4.0	2歳新馬								吉村誠之		芝1400				1:22.9	1.6		16-15	34.8-35.0	34.7	458(0)					晴		17.0	6.0	11.0	70.3	11.0	12	52.0	良	**	**		インフローレ																																																									
2022100384	2024-10-26	4東京7		2.0	2歳未勝利								原優介		芝2000				2:05.6	0.6		10-8-10	39.2-33.4	33.1	456(-2)					曇		11.0	6.0	7.0	158.0	8.0	6	54.0	良	**	**		リアライズオーラム																																																									
2022100384	2024-11-09	5東京3		3.0	2歳未勝利								原優介		芝2000				2:03.5	1.0		8-10-10	38.0-34.1	34.3	464(+8)					晴		12.0	5.0	6.0	55.8	7.0	9	54.0	良	**	**		リアンベーレ																																																									
2022100384	2024-12-22	5中山8		4.0	2歳未勝利								幸英明		芝2000				2:02.5	1.2		11-11-12-10	36.4-36.1	36.5	450(-14)					晴		18.0	5.0	9.0	98.0	8.0	9	55.0	良	**	**		ロジャリーマイン																																																									
2022100384	2025-02-09	1小倉6		2.0	3歳未勝利								菊沢一樹		芝1800				1:52.6	1.4		9-9-8-6	36.7-36.6	37.2	450(0)				140.0	曇		16.0	8.0	15.0	15.5	7.0	3	55.0	稍	**	**		ヴォラヴィア																																																									
2022100384	2025-03-01	1小倉11		1.0	3歳未勝利								菊沢一樹		芝1800				1:51.7	1.6		7-8-5-4	37.2-36.2	37.4	440(-10)					曇		16.0	3.0	5.0	45.2	10.0	16	55.0	良	**	**		メイショウピリカ																																																									
2022100384	2025-04-26	1福島5		3.0	3歳未勝利								菊沢一樹		芝2000				2:02.5	0.9		12-13-10-9	35.2-36.8	36.3	438(-2)					晴		16.0	6.0	12.0	37.7	8.0	10	55.0	良	**	**		ティティナ																																																									
2022100384	2025-05-18	2東京8		5.0	3歳未勝利								田辺裕信		芝2400				2:29.3	1.3		13-13-13-12	36.4-34.4	34.6	448(+10)					曇		13.0	5.0	6.0	150.3	13.0	12	55.0	稍	**	**		ビリングス																																																									
2022100399	2024-07-07	2福島4		6.0	2歳新馬								津村明秀		芝1200				1:11.6	1.1		1-1	35.1-35.4	36.5	436(0)					晴		11.0	8.0	11.0	13.8	7.0	7	55.0	良	**	**		セイウンビッグバン																																																									
2022100399	2024-08-25	3新潟6		3.0	2歳未勝利								津村明秀		芝1000				0:57.1	0.4		4	33.6-33.8	34.0	434(-2)				140.0	曇		11.0	6.0	7.0	5.7	4.0	3	55.0	良	**	**		チョングク																																																									
2022100399	2024-09-14	4中山3		1.0	2歳未勝利								永野猛蔵		ダ1200				1:14.5	1.7		13-12	34.8-38.0	37.9	434(0)				83.0	晴		14.0	4.0	6.0	12.4	6.0	4	55.0	良	**	**		アルデショワ																																																									
2022100399	2024-11-02	5東京1		1.0	2歳未勝利								原優介		ダ1300				1:20.2	2.7		11-10	29.4-36.3	37.5	434(0)					雨		14.0	5.0	7.0	14.4	5.0	11	54.0	重	**	**		フリッカージャブ																																																									
2022100399	2024-11-10	5東京4		1.0	2歳未勝利								佐藤翔馬		ダ1400				1:28.9	3.3		9-9	35.5-37.6	39.7	440(+6)					曇		15.0	8.0	14.0	39.7	9.0	13	52.0	良	**	**		フォースミラクル																																																									
2022100399	2024-12-22	5中山8		1.0	2歳未勝利								池添謙一		ダ1200				1:14.8	2.7		9-10	34.0-38.1	39.8	440(0)					晴		16.0	4.0	7.0	71.8	7.0	9	55.0	良	**	**		エコロヴァイス																																																									
2022100399	2025-01-18	1中山6		2.0	3歳未勝利								津村明秀		ダ1800				2:00.4	5.0		3-3-6-9	37.2-39.8	43.8	442(+2)					晴		16.0	3.0	5.0	199.4	12.0	14	55.0	良	**	**		カージオイド																																																									
2022100399	2025-03-29	2中京5		1.0	3歳未勝利								松本大輝		ダ1400				1:27.9	3.9		13-14	35.4-36.6	38.6	434(-8)					曇		16.0	5.0	10.0	195.5	14.0	13	54.0	稍	**	**		キョラムン																																																									
2022100399	2025-04-21	名古屋		9.0	3歳4組								宮下瞳		ダ1500				1:39.6	1.4		3-3-9		40.6	455(+21)					晴		10.0	8.0	11.0	7.4	3.0	6	53.0	良	**	**		フローラビーナス																																																									
2022100399	2025-05-06	名古屋		2.0	3歳4組								塚本征吾		ダ1500				1:38.3	0.5		3-4-6		40.0	447(-8)					雨		11.0	1.0	1.0	6.7	4.0	7	55.0	不	**	**		ミキノオーボエ																																																									
2022100399	2025-05-20	名古屋		9.0	3歳5組								宮下瞳		ダ1500				1:39.6	0.9		3-4-2		41.3	446(-1)				8.7	晴		12.0	1.0	1.0	34.6	5.0	4	53.0	稍	**	**		エニーサンダー																																																									
2022100399	2025-06-03	名古屋		4.0	3歳3組								今井貴大		ダ1500				1:37.2	0.4		1-1-1		40.3	450(+4)				20.3	雨		12.0	5.0	6.0	34.6	8.0	2	55.0	不	**	**		エスパノーラ																																																									
2022100399	2025-06-24	浦和		1.0	ランチタイムチャレン(3歳)								中山遥人		ダ1400				1:31.4	2.9		5-6-7-10	37.3-38.0	39.6	444(-6)					曇		12.0	7.0	9.0	16.4	5.0	11	51.0	良	**	**		スピンディエゴール																																																									
2022100399	2025-07-21	浦和		2.0	3歳四								見越彬央		ダ1400				1:30.6	2.6		3-3-3-3	37.9-37.4	39.4	451(+7)				18.0	晴		9.0	6.0	6.0	37.4	6.0	5	54.0	良	**	**		マルセルテソーロ																																																									
2022100399	2025-08-15	浦和		5.0	3歳二								中山遥人		ダ1500				1:38.5	1.6		4-5-6-9	29.9-41.0	42.0	451(0)					晴		12.0	5.0	6.0	66.2	9.0	8	51.0	良	**	**		ツガノローマン																																																									
2022100399	2025-08-28	船橋		3.0	3歳三								中島良美		ダ1200				1:17.6	2.2		7-7-9	36.8-38.6	39.6	448(-3)					晴		10.0	7.0	8.0	112.0	10.0	10	52.0	良	**	**		クリスタルケイブ																																																									
2022100399	2025-09-26	浦和		2.0	浦和800ラウンド(3歳)								中島良美		ダ800				0:49.0	1.4		7-8	34.8-35.6	36.1	459(+11)					晴		12.0	8.0	12.0	201.1	12.0	9	52.0	良	**	**		オレイア																																																									
2022100399	2025-10-14	川崎		5.0	金沢競馬大雨災害復興(C2五)								中島良美		ダ1400				1:36.5	4.5		10-11-11-11	38.4-41.1	43.5	450(-9)					曇		12.0	1.0	1.0	132.5	11.0	12	52.0	良	**	**		ニシノヤングマン																																																									
2022100416	2024-07-20	1札幌1		5.0	2歳新馬								角田大河		ダ1700				1:50.3	4.6		9-8-5-5	30.8-37.3	41.3	480(0)																																															晴		14.0	5.0	7.0	66.7	12.0	8	54.0	良	**	**		ナチュラルライズ															
2022100416	2024-09-07	3中京1		1.0	2歳未勝利								角田大和		ダ1400				1:25.8	1.0		2-2	35.2-37.5	38.3	470(-10)				83.0																																											晴		10.0	7.0	7.0	14.5	6.0	4	54.0	良	**	**		サディーク															
2022100416	2024-09-16	3中京5		1.0	2歳未勝利								角田大和		ダ1400				1:25.9	-1.2		1-1	35.5-37.5	37.5	468(-2)				550.0																																											晴		10.0	4.0	4.0	3.1	1.0	1	54.0	稍	**	**		(インマイブラッド)															
2022100416	2025-07-27	3中京2		10.0	3歳以上1勝クラス								角田大和		ダ1400				1:25.7	1.1		5-5	34.8-37.3	37.8	480(+12)																																															晴		12.0	1.0	1.0	22.5	8.0	6	53.0	良	**	**		アメリカンポリス															
2022100416	2025-08-17	3中京8		10.0	3歳以上1勝クラス								角田大和		ダ1400				1:25.2	0.5		13-13	33.9-38.9	38.1	478(-2)				200.0																																											晴		16.0	5.0	9.0	18.4	5.0	3	53.0	良	**	**		エイプリルインパリ															
2022100416	2025-09-07	4阪神2		6.0	3歳以上1勝クラス								角田大和		ダ1400				1:26.2	2.2		1-1	33.8-37.9	40.1	484(+6)																																															晴		15.0	2.0	3.0	9.3	5.0	12	54.0	良	**	**		ポートデラメール															
2022100417	2024-10-05	4東京1	小雨	4.0	2歳新馬		15.0	8.0	14.0	90.2	13.0	5	横山和生	55.0	芝1600		良	**	1:35.5	0.5	**	1-1	35.8-34.3	34.8	488(0)			ロンドボス	72.0																																																																							
2022100417	2024-10-27	4東京8	晴	3.0	2歳未勝利		11.0	2.0	2.0	23.1	6.0	4	横山和生	55.0	芝1400		良	**	1:21.6	0.9	**	6-8	34.3-34.7	34.5	492(+4)			チューラワンサ	83.0																																																																							
2022100417	2024-11-24	5東京8	晴	2.0	2歳未勝利		18.0	8.0	17.0	18.5	6.0	7	横山和生	55.0	芝1600		良	**	1:35.7	1.2	**	8-7	35.3-34.9	35.3	492(0)			ブルーベリーフィズ																																																																								
2022100417	2025-04-06	3中山4	小雨	5.0	3歳未勝利		16.0	3.0	5.0	10.5	4.0	1	石田拓郎	52.0	芝1600		良	**	1:34.2	-0.1	**	6-6-5	35.1-35.0	34.4	492(0)			(コア)	560.0																																																																							
2022100417	2025-04-27	2東京2	晴	6.0	3歳1勝クラス		9.0	6.0	6.0	10.2	3.0	7	長浜鴻緒	53.0	芝1600		良	**	1:33.5	1.3	**	3-3	34.6-34.6	35.6	486(-6)			アスクセクシーモア																																																																								
2022100417	2025-07-06	2福島4	晴	8.0	3歳以上1勝クラス		14.0	3.0	3.0	6.2	3.0	3	石田拓郎	50.0	芝1800		良	**	1:49.0	0.3	**	3-3-3-4	35.1-37.0	36.5	474(-12)			コスモアンソロジー	200.0																																																																							
2022100417	2025-07-27	2新潟2	晴	12.0	3歳以上1勝クラス		16.0	6.0	12.0	6.9	3.0	1	石田拓郎	50.0	芝1400		良	**	1:20.5	-0.2	**	13-13	33.8-34.9	33.9	480(+6)			(クレオズニードル)	800.0																																																																							
2022100417	2025-11-23	5東京5	曇	12.0	3歳以上2勝クラス		18.0	8.0	16.0	24.0	10.0	16	石田拓郎	52.0	芝1400		良	**	1:21.6	1.1	**	16-14	35.0-33.8	33.3	492(+12)			アニトラ																																																																								
2022100417	2025-12-21	5中山6	雨	12.0	3歳以上2勝クラス		16.0	8.0	15.0	47.0	10.0	10	長浜鴻緒	53.0	芝1600		重	**	1:35.5	1.0	**	14-14-14	35.5-35.8	35.4	486(-6)			メタルスピード																																																																								
2022100432	2024-11-24	5東京8		5.0	2歳新馬								石川裕紀		ダ1600				1:39.4	0.7		6-3	35.3-37.5	37.5	470(0)				290.0															晴		16.0	7.0	13.0	6.7	3.0	2	55.0	良	**	**		リアライズカミオン																																											
2022100432	2024-12-15	5中山6		2.0	2歳未勝利								石川裕紀		ダ1800				1:56.0	-0.2		1-1-1-1	37.4-39.0	39.0	470(0)				550.0															晴		16.0	3.0	5.0	2.9	1.0	1	55.0	良	**	**		(デルマアポロニア)																																											
2022100432	2025-03-01	2中山1		7.0	3歳1勝クラス								石川裕紀		芝1800				1:49.0	1.9		3-3-3-3	35.8-35.8	37.3	468(-2)																			晴		9.0	8.0	9.0	9.9	4.0	7	55.0	良	**	**		ブラックルビー																																											
2022100432	2025-03-23	1阪神8		6.0	3歳1勝クラス								高杉吏麒		ダ1800				1:59.0	5.6		1-1-4-4	37.8-38.5	43.5	466(-2)																			晴		16.0	3.0	5.0	74.4	12.0	16	54.0	良	**	**		カナルビーグル																																											
2022100432	2025-05-18	2東京8		6.0	3歳1勝クラス								石川裕紀		ダ1600				1:36.4	1.7		2-2	34.3-36.1	37.7	472(+6)																			曇		16.0	6.0	12.0	87.5	11.0	8	55.0	重	**	**		メモリアカフェ																																											
2022100432	2025-07-19	2福島7		6.0	3歳以上1勝クラス								石川裕紀		ダ1700				1:45.5	-0.3		1-1-1-1	29.9-38.0	38.0	466(-6)				800.0															晴		14.0	6.0	9.0	14.1	7.0	1	53.0	良	**	**		(フィールオーサム)																																											
2022100432	2025-11-15	3福島3		10.0	西郷特別(2勝クラス)								石川裕紀		ダ1700				1:50.9	5.0		14-14-8-10	30.8-37.1	41.3	462(-4)																			晴		15.0	8.0	14.0	6.0	4.0	15	52.0	良	**	**		テーオールビー																																											
2022100432	2025-12-28	5中山8		8.0	ハッピーエンドC(2勝クラス)								横山琉人		ダ1800				1:56.4	3.5		4-4-6-7	37.2-38.2	41.4	466(+4)																			晴		13.0	6.0	9.0	48.5	7.0	10	55.0	良	**	**		ジェイエルマスター																																											
2022100432	2026-01-18	1中山7		8.0	4歳以上2勝クラス								石川裕紀		ダ1800				1:57.6	4.0		14-14-16-16	36.8-38.9	40.4	458(-8)																																																													晴		16.0	7.0	13.0	24.4	9.0	16	55.0	良	**	**		レディーフランシス	202606010708
2022100439	2025-01-11	1中京3		3.0	3歳新馬								今村聖奈		ダ1800				1:56.0	1.6		12-12-11-7	36.8-38.5	38.8	470(0)				62.0																													晴		16.0	4.0	8.0	21.8	8.0	5	52.0	良	**	**		リープアップ																													
2022100439	2025-02-02	1京都2		1.0	3歳未勝利								川又賢治		ダ1800				1:56.0	0.4		8-8-4-4	37.1-40.0	39.5	472(+2)				140.0																													曇		12.0	8.0	11.0	5.1	3.0	3	55.0	稍	**	**		デルマサクラサク																													
2022100439	2025-03-09	1阪神4		1.0	3歳未勝利								今村聖奈		ダ1800				1:56.8	1.2		7-7-8-7	38.5-37.7	38.3	468(-4)				84.0																													晴		15.0	6.0	10.0	4.3	2.0	4	52.0	良	**	**		ツキノアカリ																													
2022100439	2025-03-23	1阪神8		1.0	3歳未勝利								坂井瑠星		ダ1800				1:56.8	1.0		5-3-5-3	37.0-39.0	39.7	466(-2)				220.0																													晴		11.0	4.0	4.0	3.3	1.0	2	55.0	良	**	**		ヒメモモアスク																													
2022100439	2025-05-18	2京都8		2.0	3歳未勝利								岩田望来		ダ1800				1:52.2	-0.2		8-8-6-6	35.3-38.4	37.9	466(0)				560.0																													晴		12.0	4.0	5.0	2.8	1.0	1	55.0	重	**	**		(ベルシエル)																													
2022100439	2025-05-31	2京都11		9.0	鳳雛S(L)								岩田望来		ダ1800				1:54.2	0.4		7-8-7-5	37.8-36.8	36.5	470(+4)				483.1																													曇		9.0	8.0	8.0	26.8	6.0	3	55.0	良	**	**		ハグ																													
2022100439	2025-07-13	2小倉6		7.0	3歳以上1勝クラス								坂井瑠星		ダ1700				1:48.4	1.4		11-11-11-13	29.6-39.5	40.0	462(-8)																																	曇		16.0	1.0	1.0	2.7	1.0	8	53.0	良	**	**		マキシマムビスタ																													
2022100439	2025-07-26	3中京1		8.0	遠州灘特別(2勝クラス)								坂井瑠星		ダ1800				1:54.5	0.2		3-3-2-3	38.9-37.9	38.0	464(+2)				624.4																													晴		7.0	7.0	7.0	5.7	2.0	2	53.0	良	**	**		パルクリチュード																													
2022100439	2025-09-21	4阪神7		8.0	3歳以上1勝クラス								坂井瑠星		ダ1800				1:56.0	0.4		4-4-6-6	38.0-37.8	37.8	470(+6)																																	曇		13.0	1.0	1.0	1.7	1.0	6	53.0	良	**	**		フクキタテーラー																													
2022100439	2025-10-13	3京都5		4.0	3歳以上1勝クラス								坂井瑠星		ダ1800				1:54.1	1.9		4-5-5-6	37.0-37.5	38.9	478(+8)																																	晴		13.0	8.0	12.0	3.1	1.0	6	54.0	良	**	**		プリンセッサ																													
2022100439	2025-10-26	3京都9		7.0	3歳以上1勝クラス								岩田望来		ダ1800				1:52.5	0.7		8-8-5-4	37.0-36.2	36.3	474(-4)				200.0																													曇		12.0	6.0	8.0	8.3	3.0	3	54.0	重	**	**		ステアハート																													
2022100439	2025-12-06	5阪神1		7.0	3歳以上1勝クラス								岩田望来		ダ1800				1:54.0	0.4		3-3-3-3	37.9-37.9	38.0	470(-4)				120.0																													晴		14.0	7.0	12.0	7.7	4.0	4	55.0	良	**	**		サンライズシュガー																													
2022100439	2026-01-04	1京都1		7.0	4歳以上1勝クラス								岩田望来		ダ1800				1:54.0	0.5		9-9-8-7	37.3-37.3	37.2	470(0)				330.0																													曇		10.0	8.0	10.0	2.8	2.0	2	55.0	良	**	**		クインズショコラ																													
2022100439	2026-01-17	1京都6		8.0	4歳以上1勝クラス								岩田望来		ダ1800				1:54.0	1.2		5-5-5-6	36.7-37.0	37.7	470(0)				210.0																													晴		8.0	5.0	5.0	5.6	3.0	3	55.0	良				ロカヒ																													
2022100462	2024-12-22	5中山8		6.0	2歳新馬								菅原明良		芝1600				1:37.4	0.8		11-10-10	36.2-35.6	35.5	466(0)					晴		15.0	7.0	12.0	22.9	5.0	9	56.0	良	**	**		ディオデルマーレ																																																									
2022100462	2025-03-15	2中山5		6.0	3歳未勝利								杉原誠人		芝1800				1:49.4	0.5		6-8-8-6	36.7-35.6	35.4	466(0)				84.0	曇		16.0	1.0	1.0	40.2	8.0	4	57.0	良	**	**		グロスビーク																																																									
2022100462	2025-04-05	3中山3		5.0	3歳未勝利								杉原誠人		芝2000				2:02.3	1.5		3-3-5-4	35.6-35.4	36.4	462(-4)					晴		18.0	8.0	18.0	31.5	7.0	12	57.0	良	**	**		ヤマニンエイドロン																																																									
2022100462	2025-06-01	2東京12		4.0	3歳未勝利								横山和生		芝1600				1:36.1	1.4		13-13	35.7-34.6	34.4	460(-2)					晴		14.0	3.0	5.0	8.3	5.0	10	57.0	稍	**	**		ダノンエンブレム																																																									
2022100462	2025-07-26	2新潟1		5.0	3歳未勝利								杉原誠人		芝1800				1:47.3	1.3		16-15	35.2-33.5	33.7	460(0)					晴		18.0	1.0	2.0	21.3	5.0	8	57.0	良	**	**		ボウウィンドウ																																																									
2022100462	2025-08-03	2新潟4		11.0	3歳未勝利								杉原誠人		芝2000				2:01.8	1.1		3-3-7-9	36.3-35.4	36.0	458(-2)					晴		14.0	1.0	1.0	80.6	11.0	12	57.0	良	**	**		マカナ																																																									
2022100469	2025-02-02	1東京2	小雨	4.0	3歳新馬		16.0	4.0	8.0	36.3	9.0	3	嶋田純次	57.0	ダ1600		稍	**	1:41.2	0.1	**	9-8	35.3-38.5	37.7	514(0)			ウィテカービート	160.0																																																																							
2022100469	2025-04-06	3中山4	曇	1.0	3歳未勝利		13.0	8.0	13.0	2.4	2.0	11	嶋田純次	57.0	ダ1800		稍	**	1:58.1	2.6	**	1-1-1-2	35.1-40.8	43.4	512(-2)			キタノラブミー																																																																								
2022100476	2024-11-09	6京都3	晴	4.0	2歳新馬		15.0	5.0	8.0	7.7	4.0	4	池添謙一	56.0	ダ1800		良	**	1:54.5	3.3	**	3-3-2-3	36.8-36.3	39.4	508(0)			ナルカミ	110.0																																																																							
2022100476	2024-11-24	6京都8	曇	2.0	2歳未勝利		13.0	1.0	1.0	3.1	1.0	4	西村淳也	56.0	ダ1800		良	**	1:55.6	1.1	**	1-1-1-1	36.7-39.1	40.2	504(-4)			ゴッドエスパーダ	83.0																																																																							
2022100476	2025-02-23	1京都8	晴	3.0	3歳未勝利		16.0	7.0	13.0	2.9	1.0	2	池添謙一	57.0	ダ1400		良	**	1:26.2	0.3	**	14-12	35.0-38.8	37.3	524(+20)			ユウトザレン	220.0																																																																							
2022100476	2025-03-16	2中京2	曇	3.0	3歳未勝利		16.0	4.0	7.0	2.9	1.0	5	西村淳也	57.0	ダ1400		重	**	1:24.7	1.2	**	6-6	35.0-36.2	37.0	514(-10)			ハードセルツァー	56.0																																																																							
2022100476	2025-04-06	2阪神4	晴	3.0	3歳未勝利		16.0	8.0	16.0	3.0	2.0	1	西村淳也	57.0	ダ1400		良	**	1:25.9	-0.2	**	3-3	35.5-37.7	37.5	516(+2)			(エイシンマールス)	560.0																																																																							
2022100490	2024-06-29	1函館7	晴	5.0	2歳新馬		9.0	2.0	2.0	5.1	4.0	2	鮫島克駿	55.0	芝1200		良	**	1:10.2	0.8	**	3-3	34.8-34.6	35.0	464(0)			エンドレスサマー	290.0																																																																							
2022100490	2024-07-13	1函館11	晴	11.0	函館2歳S(GIII)		14.0	4.0	6.0	97.3	12.0	7	菱田裕二	55.0	芝1200		良	**	1:09.8	0.6	**	2-2	34.0-35.2	35.6	454(-10)			サトノカルナバル																																																																								
2022100490	2024-08-11	2札幌2	晴	1.0	2歳未勝利		7.0	3.0	3.0	1.3	1.0	1	鮫島克駿	55.0	芝1200		良	**	1:09.6	-0.2	**	3-3	34.8-34.8	34.3	446(-8)			(エイシンパンタレイ)	550.0																																																																							
2022100490	2024-09-01	2札幌8	晴	9.0	シンガポールTC賞(OP)		10.0	8.0	9.0	7.7	4.0	3	菱田裕二	55.0	芝1200		稍	**	1:10.5	0.4	**	5-7	34.2-35.9	35.8	448(+2)			カワキタマナレア	403.1																																																																							
2022100490	2024-09-21	4中山6	曇	9.0	カンナS(OP)		8.0	5.0	5.0	12.8	4.0	2	横山武史	55.0	芝1200		良	**	1:07.7	0.5	**	3-3	32.6-34.6	33.8	440(-8)			エコロジーク	645.0																																																																							
2022100490	2024-11-02	6京都1	雨	11.0	KBSファンタジーS(GIII)		15.0	3.0	4.0	19.5	10.0	2	富田暁	55.0	芝1400		不	**	1:22.8	0.0	**	1-1	36.0-34.7	34.7	448(+8)			ダンツエラン	1215.4																																																																							
2022100490	2024-12-08	7京都4	曇	11.0	阪神ジュベナイルF(GI)		18.0	3.0	6.0	133.8	15.0	9	田口貫太	55.0	芝1600		良	**	1:34.4	1.0	**	3-3	34.2-34.9	35.7	448(0)			アルマヴェローチェ																																																																								
2022100490	2025-03-08	1阪神3	曇	11.0	フィリーズレビュー(GII)		18.0	6.0	12.0	9.7	6.0	5	松山弘平	55.0	芝1400		良	**	1:21.2	0.5	**	6-6	33.2-35.8	35.8	452(+4)			ショウナンザナドゥ	520.0																																																																							
2022100490	2025-03-22	2中京3	晴	11.0	中スポ賞ファルコンS(GIII)		18.0	3.0	5.0	25.1	10.0	12	丹内祐次	55.0	芝1400		良	**	1:22.1	1.1	**	12-16	34.4-35.0	34.9	450(-2)			ヤンキーバローズ																																																																								
2022100490	2025-04-06	2阪神4	晴	9.0	バイオレットS(OP)		15.0	5.0	9.0	43.2	11.0	8	田口貫太	55.0	ダ1400		良	**	1:24.9	0.9	**	8-9	33.9-38.1	37.6	446(-4)			ヤマニンチェルキ																																																																								
2022100490	2025-07-20	1函館12	晴	9.0	潮騒特別(2勝クラス)		13.0	2.0	2.0	5.6	2.0	1	横山武史	53.0	芝1200		良	**	1:07.9	-0.3	**	2-2	33.7-34.2	34.2	440(-6)			(ピコアーガイル)	1578.7																																																																							
2022100490	2025-07-26	1札幌1	小雨	11.0	TVh賞(3勝クラス)		12.0	8.0	12.0	8.6	3.0	9	吉田隼人	53.0	芝1200		良	**	1:08.5	1.1	**	5-5	33.8-33.6	34.2	436(-4)			カルプスペルシュ																																																																								
2022100490	2025-08-31	2札幌4	曇	11.0	日高S(3勝クラス)		13.0	4.0	4.0	22.1	9.0	13	斎藤新	53.0	芝1500		稍	**	1:31.2	1.7	**	4-7-11	30.0-35.7	36.7	446(+10)			リラボニート																																																																								
2022100490	2025-11-09	4京都2	小雨	10.0	貴船S(3勝クラス)		12.0	6.0	8.0	16.0	5.0	7	坂井瑠星	55.0	ダ1200		不	**	1:10.5	0.6	**	7-9	34.1-35.8	35.4	456(+10)			アガシ																																																																								
2022100490	2025-11-29	4京都7	晴	10.0	東山S(3勝クラス)		12.0	6.0	7.0	22.9	9.0	7	西村淳也	54.0	芝1400		良	**	1:22.6	0.3	**	2-2	36.4-33.7	33.9	456(0)			ヤブサメ																																																																								
2022100490	2025-12-14	5中京4	晴	11.0	知立S(3勝クラス)		10.0	7.0	7.0	14.6	7.0	1	丸山元気	55.0	芝1200		稍	**	1:08.7	-0.1	**	5-5	33.8-34.9	34.0	460(+4)			(ベイビーキッス)	1861.7																																																																							
2022100490	2026-01-11	1京都4	晴	11.0	淀短距離S(L)		16.0	8.0	16.0	43.7	12.0	11	北村友一	55.0	芝1200		良	**	1:09.5	0.6	**	13-14	34.6-34.3	33.5	458(-2)			ヤブサメ																																																																								
2022100512	2024-10-19	4東京5	晴	6.0	2歳新馬		17.0	4.0	8.0	152.5	14.0	13	江田照男	55.0	芝1400		良	**	1:24.8	1.9	**	7-7	36.6-34.2	35.4	474(0)			コルチェスター																																																																								
2022100512	2024-12-21	5中山7	晴	1.0	2歳未勝利		16.0	7.0	14.0	112.8	9.0	10	武藤雅	55.0	ダ1200		良	**	1:14.1	2.1	**	11-10	34.1-37.9	38.7	472(-2)			トリリオンボーイ																																																																								
2022100512	2025-03-22	2中山7	晴	1.0	3歳未勝利		16.0	8.0	15.0	109.4	7.0	7	上里直汰	52.0	ダ1200		重	**	1:14.0	2.6	**	2-3	35.3-36.1	38.5	480(+8)			パラサイコロジー																																																																								
2022100512	2025-04-06	3中山4	曇	2.0	3歳未勝利		16.0	6.0	12.0	79.6	9.0	5	上里直汰	52.0	ダ1200		稍	**	1:13.7	1.1	**	7-9	35.2-37.4	37.8	472(-8)			クインズシフォン	56.0																																																																							
2022100512	2025-04-27	1福島6	晴	1.0	3歳未勝利		16.0	1.0	2.0	41.1	10.0	10	上里直汰	52.0	ダ1150		良	**	1:11.2	2.4	**	9-9	32.0-36.8	38.4	472(0)			フェデルミエール																																																																								
2022100512	2025-07-12	2福島5	曇	3.0	3歳未勝利		16.0	7.0	14.0	138.3	11.0	10	武藤雅	55.0	ダ1150		良	**	1:10.5	1.7	**	13-11	32.0-36.8	37.0	480(+8)			サンタアニタ																																																																								
2022100512	2025-09-08	盛岡	曇	6.0	3歳C2四組		9.0	4.0	4.0	1.2	1.0	1	塚本涼人	54.0	ダ1200		良	**	1:13.2	-1.2	**	1-1		37.3	476(-4)			(ユニークカラー)	50.0																																																																							
2022100512	2025-10-07	水沢	曇	2.0	C2三組		8.0	6.0	6.0	1.1	1.0	3	塚本涼人	54.0	ダ1400		稍	**	1:31.7	0.7	**	1-1-1-2		41.4	480(+4)			ハクシンダンス	8.0																																																																							
2022100512	2025-11-05	船橋	曇	4.0	3歳三		11.0	5.0	5.0	14.4	3.0	3	實川純一	54.0	ダ1200		良	**	1:16.0	1.1	**	6-5-5	36.2-38.7	39.0	493(+13)			チェリスト	30.0																																																																							
2022100512	2025-12-10	船橋	晴	1.0	スプリントDAY賞(3歳)		10.0	8.0	10.0	11.1	3.0	4	實川純一	54.0	ダ1200		良	**	1:15.7	0.5	**	1-1-1	36.4-38.8	39.3	491(-2)			ハイスピードバイオ	15.0																																																																							
2022100534	2025-01-13	1中京5	晴	4.0	3歳新馬		15.0	7.0	13.0	35.6	10.0	10	北村友一	55.0	ダ1200		良	**	1:15.6	2.0	**	13-13	36.2-37.4	36.9	412(0)			ヨリノレジェンド																																																																								
2022100534	2025-03-22	1阪神7	晴	1.0	3歳未勝利		15.0	5.0	8.0	131.7	13.0	10	和田竜二	55.0	ダ1400		良	**	1:28.3	1.4	**	10-10	34.5-39.5	40.1	414(+2)			リンゲルブルーメ																																																																								
2022100534	2025-04-06	2阪神4	晴	2.0	3歳未勝利		15.0	8.0	16.0	200.2	12.0	12	Ｍ．デム	55.0	ダ1800		良	**	1:58.5	5.3	**	10-10-13-14	37.4-36.7	40.1	412(-2)			ブラックアダマス																																																																								
2022100534	2025-05-25	高知	晴	1.0	3歳ー5		11.0	5.0	6.0	7.8	3.0	6	岡村卓弥	55.0	ダ1300		不	**	1:26.6	1.6	**	4-4-5-6		40.7	411(-1)			ベルヴィオレット																																																																								
2022100534	2025-06-07	高知	曇	1.0	3歳ー5		8.0	5.0	5.0	9.0	5.0	3	井上瑛太	55.0	ダ1400		稍	**	1:34.7	0.4	**	8-8-8-5		40.0	406(-5)			スリーローズマリー	15.0																																																																							
2022100534	2025-06-22	高知	曇	2.0	3歳ー5		11.0	6.0	6.0	11.6	5.0	5	岡村卓弥	55.0	ダ1300		重	**	1:25.2	0.6	**	2-2-2-4		40.1	406(0)			アオイフォトグラフ	6.0																																																																							
2022100534	2025-07-06	高知	晴	8.0	3歳ー4		11.0	3.0	3.0	4.9	3.0	3	永森大智	55.0	ダ1400		良	**	1:32.8	1.2	**	5-5-5-3		39.6	403(-3)			ワイドレッド	15.0																																																																							
2022100534	2025-08-16	佐賀	晴	2.0	C2ー22組		9.0	6.0	6.0	1.3	1.0	1	飛田愛斗	54.0	ダ1300		良	**	1:25.5	-0.5	**	4-3-1-1		37.9	419(+16)			(ミリアドタレント)	40.0																																																																							
2022100534	2025-09-04	佐賀	小雨	5.0	熊沢重文さん来場記念(C2)		12.0	5.0	6.0	1.7	1.0	1	山口勲	54.0	ダ1400		良	**	1:32.1	-1.2	**	1-1-1-1		39.5	424(+5)			(カシノマーキュリー)	40.0																																																																							
2022100534	2025-09-21	佐賀	晴	2.0	C2ー7組		12.0	7.0	10.0	1.7	1.0	1	山口勲	54.0	ダ1300		重	**	1:24.5	-0.6	**	1-1-1-1		38.3	423(-1)			(アイアムルンルン)	40.0																																																																							
2022100534	2025-10-05	佐賀	曇	9.0	おひつじ座特選(C2)		10.0	8.0	9.0	1.6	1.0	1	山口勲	54.0	ダ1400		重	**	1:30.7	-0.4	**	3-3-2-2		39.9	425(+2)			(ナンゴクトップガン)	45.0																																																																							
2022100534	2025-10-27	佐賀	晴	2.0	C1ー7組		8.0	8.0	8.0	1.5	1.0	1	山口勲	54.0	ダ1300		良	**	1:25.0	-0.5	**	3-2-2-1		39.1	422(-3)			(ライネスヘルツ)	42.0																																																																							
2022100534	2025-11-07	佐賀	晴	7.0	C1ー4組		12.0	5.0	6.0	1.7	1.0	7	山口勲	54.0	ダ1300		良	**	1:25.3	0.7	**	3-3-5-4		39.4	424(+2)			フェアリーハイ																																																																								
2022100534	2025-11-22	佐賀	晴	6.0	いい夫婦の日賞(C1)		9.0	5.0	5.0	1.9	1.0	5	山口勲	54.0	ダ1400		良	**	1:31.7	1.1	**	5-5-4-5		40.4	422(-2)			エムティピース	3.4																																																																							
2022100534	2025-12-14	佐賀	曇	6.0	さがけいば×焼肉ウエ(C1)		11.0	6.0	6.0	33.8	6.0	5	山口勲	54.0	ダ1400		稍	**	1:32.6	2.1	**	9-8-9-8		39.5	424(+2)			オールスティール	3.4																																																																							
2022100534	2026-01-05	佐賀	晴	9.0	KYUSHUDREA(C1)		11.0	8.0	10.0	40.7	8.0	10	山口勲	54.0	ダ1400		良	**	1:33.9	3.2	**	7-8-9-10		39.6	426(+2)			エイシンダズル																																																																								
2022100546	2024-09-14	4中山3	晴	4.0	2歳新馬		16.0	1.0	1.0	92.3	12.0	15	荻野極	55.0	ダ1800		良	**	2:03.2	6.9	**	13-13-9-11	37.4-38.4	44.3	450(0)			バギーウィップ																																																																								
2022100546	2025-03-29	2中京5	晴	5.0	3歳未勝利		18.0	5.0	9.0	282.4	17.0	15	藤懸貴志	57.0	芝2200		重	**	2:17.9	3.0	**	18-18-15-14	35.9-35.9	37.6	436(-14)			バルナバ																																																																								
2022100546	2025-04-06	2阪神4	晴	2.0	3歳未勝利		15.0	5.0	10.0	541.0	15.0	13	城戸義政	57.0	ダ1800		良	**	1:58.6	5.4	**	14-13-12-12	37.4-36.7	40.4	442(+6)			ブラックアダマス																																																																								
2022100546	2025-05-07	園田	曇	6.0	3歳C1		12.0	3.0	3.0	63.6	8.0	9	土方颯太	55.0	ダ1400		重	**	1:35.6	3.2	**	12-12-12-12		41.2	448(+6)			タッセル																																																																								
2022100546	2025-05-22	園田	曇	6.0	3歳C1		10.0	6.0	6.0	296.0	10.0	10	土方颯太	55.0	ダ1400		稍	**	1:35.6	3.2	**	10-10-10-10		40.8	446(-2)			ヴァラドン																																																																								
2022100546	2025-06-11	園田	曇	8.0	3歳C1二		10.0	8.0	9.0	157.4	8.0	7	土方颯太	55.0	ダ1400		不	**	1:35.8	3.7	**	9-9-9-8		42.8	452(+6)			ホシクズロンリネス																																																																								
2022100546	2025-11-04	園田	晴	3.0	C3二		10.0	2.0	2.0	53.4	7.0	8	土方颯太	56.0	ダ1400		稍	**	1:36.7	1.7	**	10-10-10-8		41.5	471(+19)			グランロゼ																																																																								
2022100620	2024-08-10	3新潟1		6.0	2歳新馬								津村明秀		芝1400				1:23.0	0.7		7-6	34.7-35.7	35.8	426(0)				290.0	晴		18.0	4.0	8.0	37.0	9.0	2	55.0	良	**	**		セナマリン																																																									
2022100620	2024-09-01	3新潟8		1.0	2歳未勝利								津村明秀		芝1400				1:23.3	0.9		3-3	35.5-34.6	35.1	426(0)				140.0	晴		12.0	5.0	6.0	6.9	4.0	3	55.0	良	**	**		マリノトニトゥルス																																																									
2022100620	2024-09-22	4中山7		2.0	2歳未勝利								津村明秀		芝1200				1:09.4	0.6		9-8	34.8-34.0	33.5	428(+2)				83.0	曇		10.0	3.0	3.0	3.2	2.0	4	55.0	良	**	**		ニシノクードクール																																																									
2022100620	2024-12-08	5中山4		2.0	2歳未勝利								横山和生		芝1200				1:09.1	0.5		3-3	33.6-35.0	35.2	432(+4)				140.0	晴		16.0	8.0	16.0	9.5	4.0	3	55.0	良	**	**		マイネルステラート																																																									
2022100620	2024-12-22	5中山8		3.0	2歳未勝利								横山和生		芝1200				1:09.9	0.1		3-3	33.5-36.3	36.2	430(-2)				220.0	晴		16.0	2.0	3.0	7.4	4.0	2	55.0	良	**	**		ミクストベリーズ																																																									
2022100620	2025-02-16	1小倉8		2.0	3歳未勝利								丹内祐次		芝1200				1:09.8	0.2		2-4	34.7-34.9	34.9	430(0)				56.0	曇		18.0	2.0	3.0	5.4	4.0	5	55.0	良	**	**		チェルビアット																																																									
2022100620	2025-02-23	1小倉10		2.0	3歳未勝利								小林美駒		芝1200				1:09.0	0.4		4-3	33.5-35.1	35.2	428(-2)					晴		18.0	1.0	2.0	3.7	2.0	7	51.0	良	**	**		ペガサスノース																																																									
2022100620	2025-04-20	3中山8		2.0	3歳未勝利								横山武史		ダ1200				1:13.7	1.2		5-5	35.0-37.5	38.2	422(-6)				84.0	曇		16.0	1.0	1.0	6.4	3.0	4	55.0	良	**	**		アサクサグレース																																																									
2022100620	2025-05-10	2東京5		1.0	3歳未勝利								横山武史		ダ1300				1:17.2	0.0		4-3	29.8-35.5	35.1	426(+4)				220.0	小雨		16.0	1.0	2.0	12.3	3.0	2	55.0	重	**	**		ハーモニーソング																																																									
2022100620	2025-05-25	2東京10		3.0	3歳未勝利								横山武史		ダ1300				1:16.9	0.1		4-2	28.9-36.2	35.9	422(-4)				220.0	曇		16.0	8.0	16.0	2.7	1.0	2	55.0	不	**	**		アメリカンビヨンド																																																									
2022100620	2025-06-07	3東京1		6.0	3歳未勝利								横山武史		ダ1300				1:18.9	0.4		4-5	29.5-37.1	36.9	424(+2)				140.0	晴		16.0	3.0	5.0	1.7	1.0	3	55.0	良	**	**		ナムラペルル																																																									
2022100620	2025-06-21	3東京5		7.0	3歳未勝利								レーン		ダ1300				1:18.0	-0.2		4-3	29.7-36.4	36.1	420(-4)				560.0	晴		16.0	2.0	3.0	1.7	1.0	1	55.0	良	**	**		(エテオクロス)																																																									
2022100620	2025-09-20	4中山6		3.0	3歳以上1勝クラス								横山武史		ダ1200				1:11.6	0.1		4-4	33.2-38.3	38.0	434(+14)				200.0	曇		16.0	6.0	12.0	3.5	2.0	3	54.0	重	**	**		ニシノクードクール																																																									
2022100620	2025-10-11	4東京3		12.0	3歳以上1勝クラス								横山武史		ダ1400				1:26.2	1.4		4-5	35.7-36.6	37.6	436(+2)					小雨		16.0	5.0	9.0	5.3	4.0	7	54.0	稍	**	**		トラヴェリンバンド																																																									
2022100620	2025-12-20	5中山5		8.0	3歳以上1勝クラス								横山武史		ダ1200				1:11.7	1.2		7-7	33.6-36.9	37.1	444(+8)				80.0	曇		16.0	6.0	11.0	8.9	4.0	5	55.0	良	**	**		ダンケルド																																																									
2022100620	2026-01-10	1中山3		12.0	4歳以上1勝クラス								横山武史		ダ1200				1:12.8	0.3		4-2	34.7-37.8	37.8	438(-6)				210.0	晴		16.0	1.0	1.0	5.5	3.0	3	56.0	良	**	**		キボウノホシ																																																									
2022100622	2025-02-10	1京都3		5.0	3歳未勝利								ルメート		芝1600				1:37.6	1.3		10-11	36.3-34.6	35.1	440(0)																			晴		18.0	3.0	5.0	28.4	9.0	9	55.0	良	**	**		インヴォーグ																																											
2022100622	2025-08-16	3中京7		11.0	3歳未勝利								小沢大仁		芝1400				1:21.5	1.7		2-2	33.4-35.1	36.6	442(+2)																			晴		17.0	3.0	5.0	17.3	6.0	14	55.0	良	**	**		ベルサ																																											
2022100622	2025-09-14	4阪神4		3.0	3歳未勝利								小沢大仁		ダ1800				1:55.2	2.5		9-8-11-12	36.3-38.2	39.2	442(0)																			曇		15.0	1.0	2.0	36.3	7.0	6	55.0	良	**	**		ミライエイゴウ																																											
2022100622	2025-10-12	高知		2.0	C3ー21								井上瑛太		ダ1600				1:47.1	-3.0		1-1-1-1		37.5	451(+9)				60.0															曇		9.0	3.0	3.0	1.5	1.0	1	55.0	稍	**	**		(ブリスディーシャ)																																											
2022100622	2025-10-26	高知		8.0	C3ー14								井上瑛太		ダ1300				1:22.1	-2.3		1-1-1-1		37.4	452(+1)				60.0															晴		11.0	3.0	3.0	1.0	1.0	1	55.0	不	**	**		(リワードエレイン)																																											
2022100622	2025-12-13	5中京3		8.0	3歳以上1勝クラス								西村淳也		ダ1400				1:24.5	-0.3		1-1	34.6-37.5	37.5	440(-12)				800.0															曇		16.0	2.0	3.0	5.7	3.0	1	55.0	良	**	**		(フォースミラクル)																																											
2022100622	2026-01-18	1京都7		9.0	小倉山特別(2勝クラス)								西村淳也		ダ1400				1:25.5	0.9		3-1	34.6-37.5	38.2	448(+8)																																																													晴		16.0	8.0	15.0	11.8	4.0	10	55.0	良	**	**		トゥロン	202608010709
2022100627	2024-11-30	5中山1		5.0	2歳新馬								西村淳也		芝1200				1:09.3	0.3		2-2	34.3-34.7	34.9	536(0)				180.0	晴		16.0	5.0	10.0	11.8	5.0	3	55.0	良	**	**		ヴィヴァラリス																																																									
2022100627	2024-12-22	5中山8		1.0	2歳未勝利								坂井瑠星		ダ1200				1:12.4	0.3		2-1	34.0-38.1	38.3	536(0)				220.0	晴		16.0	2.0	3.0	4.2	3.0	2	55.0	良	**	**		エコロヴァイス																																																									
2022100627	2025-01-13	1中山5		1.0	3歳未勝利								横山和生		ダ1200				1:12.6	-0.2		1-1	34.4-38.2	38.2	538(+2)				560.0	晴		16.0	8.0	15.0	1.1	1.0	1	55.0	良	**	**		(アサクサグレース)																																																									
2022100627	2025-04-13	3中山6		8.0	3歳1勝クラス								横山和生		ダ1200				1:11.6	0.4		2-1	34.0-37.2	37.6	524(-14)				120.0	雨		16.0	4.0	8.0	4.8	3.0	4	55.0	良	**	**		ハードセルツァー																																																									
2022100627	2025-06-21	1函館3		9.0	下北半島特別(1勝クラス)								横山和生		芝1200				1:08.4	0.0		1-1	33.8-34.6	34.6	528(+4)				1138.0	曇		10.0	4.0	4.0	2.5	1.0	1	53.0	良	**	**		(マキシマムドライブ)																																																									
2022100627	2025-07-06	1函館8		9.0	立待岬特別(2勝クラス)								横山和生		芝1200				1:09.8	0.4		1-1	34.6-34.8	35.2	530(+2)					晴		11.0	2.0	2.0	16.7	5.0	6	53.0	稍	**	**		ルージュラナキラ																																																									
2022100627	2025-08-17	1札幌8		10.0	大通公園特別(2勝クラス)								横山和生		ダ1000				0:58.7	0.0		4-3	34.2-35.9	35.5	544(+14)				1573.8	曇		11.0	7.0	8.0	3.7	2.0	1	54.0	稍	**	**		(パールフロント)																																																									
2022100627	2025-09-28	4中山9		12.0	外房S(3勝クラス)								横山典弘		ダ1200				1:11.5	0.6		4-4	33.7-37.2	37.4	536(-8)					晴		16.0	7.0	14.0	4.8	2.0	9	52.0	良	**	**		カズゴルティス																																																									
2022100627	2025-12-28	5中山8		10.0	フェアウェルS(3勝クラス)								横山和生		ダ1200				1:11.9	1.0		2-2	33.4-37.5	38.4	542(+6)					晴		16.0	6.0	11.0	14.0	6.0	10	55.0	良	**	**		カンパニョーラ																																																									
2022100628	2024-12-22	5中山8		6.0	2歳新馬								横山武史		芝1600				1:37.3	0.7		4-3-4	36.2-35.6	36.0	430(0)					晴		15.0	3.0	4.0	51.2	8.0	8	55.0	良	**	**		ディオデルマーレ																																																									
2022100628	2025-03-16	2中京2		5.0	3歳未勝利								永島まな		芝1400				1:25.5	1.5		11-12	34.2-37.4	37.1	422(-8)					曇		18.0	3.0	6.0	34.0	10.0	13	53.0	重	**	**		ラミアメンテ																																																									
2022100628	2025-09-03	門別		6.0	3歳以上C4ー3								岩橋勇二		ダ1000				1:06.5	4.0		8-11		40.9	460(+38)					晴		12.0	7.0	10.0	4.8	2.0	12	55.0	稍	**	**		サウスヴィルステラ																																																									
2022100628	2025-10-07	門別		5.0	3歳以上C4ー3								藤田凌駕		ダ1000				1:04.7	1.7		5-5		39.7	448(-12)					曇		12.0	1.0	1.0	41.4	6.0	8	53.0	良	**	**		シルバーコムコム																																																									
2022100628	2025-10-30	門別		3.0	3歳以上C4ー2								小野楓馬		ダ1000				1:04.5	2.4		4-5		39.5	446(-2)					晴		11.0	8.0	10.0	58.8	9.0	10	55.0	稍	**	**		ランスロット																																																									
2022100628	2025-11-12	門別		6.0	3歳以上C4ー2								服部茂史		ダ1000				1:04.1	2.1		5-4		39.3	444(-2)					晴		11.0	7.0	9.0	92.0	7.0	7	55.0	稍	**	**		ニッシンゲッポ																																																									
2022100628	2025-12-14	佐賀		9.0	SAGAリベンジャー(C2)								長谷川蓮		ダ1300										444(0)					曇		12.0	1.0	1.0	23.1	6.0	中	53.0	稍	**	**		フェールアシュバル																																																									
2022100628	2026-01-04	佐賀		9.0	SAGAリベンジャー(C2)								長谷川蓮		ダ900				0:55.9	0.6		4-3		36.9	447(+3)				4.8	曇		10.0	4.0	4.0	24.7	6.0	4	53.0	良	**	**		ブラーブサージュ																																																									
2022100632	2024-08-17	2中京3		5.0	2歳新馬								西村淳也		芝1400				1:22.1	0.1		2-2	34.8-35.3	35.0	448(0)				290.0	晴		18.0	3.0	5.0	3.0	1.0	2	55.0	良	**	**		ラヴェンデル																																																									
2022100632	2024-09-14	3中京3		3.0	2歳未勝利								川田将雅		芝1600				1:34.7	0.4		3-4-3	35.0-35.2	35.3	446(-2)				55.0	晴		15.0	3.0	4.0	2.0	1.0	5	55.0	良	**	**		ウォーターガーベラ																																																									
2022100632	2024-11-30	7京都1		6.0	2歳未勝利								川田将雅		芝1400				1:22.4	0.4		5-5	34.8-35.4	35.2	454(+8)				83.0	晴		12.0	2.0	2.0	3.2	2.0	4	55.0	良	**	**		スライビングロード																																																									
2022100632	2024-12-22	7京都8		3.0	2歳未勝利								団野大成		芝1400				1:21.7	0.1		1-2	34.6-35.5	35.6	458(+4)				220.0	曇		18.0	4.0	8.0	4.5	2.0	2	55.0	良	**	**		ウィンストン																																																									
2022100632	2025-01-06	1中京2		6.0	3歳未勝利								団野大成		芝1400				1:23.5	1.3		3-2	33.5-36.4	37.7	456(-2)					曇		18.0	8.0	18.0	4.9	2.0	12	55.0	良	**	**		ザカリナン																																																									
2022100632	2025-02-15	1小倉7		2.0	3歳未勝利								佐々木大		芝1200				1:08.5	0.5		2-2	33.1-34.9	35.1	452(-4)				220.0	晴		18.0	2.0	4.0	2.9	1.0	2	55.0	良	**	**		ヴェントゥーラ																																																									
2022100632	2025-04-12	1福島1		2.0	3歳未勝利								丹内祐次		芝1200				1:09.3	0.0		4-2	34.1-35.2	35.0	454(+2)				560.0	曇		16.0	1.0	2.0	1.3	1.0	1	55.0	良	**	**		(ペイシャアーサー)																																																									
2022100632	2025-06-14	1函館1		7.0	3歳以上1勝クラス								丹内祐次		芝1200				1:07.5	0.3		1-1	32.6-34.6	34.9	458(+4)				320.0	晴		14.0	8.0	14.0	7.3	4.0	2	53.0	良	**	**		ラパンチュール																																																									
2022100632	2025-06-28	1函館5		9.0	長万部特別(1勝クラス)								丹内祐次		芝1200				1:09.0	0.4		1-1	34.2-34.4	34.8	458(0)				170.0	晴		8.0	1.0	1.0	1.8	1.0	4	53.0	良	**	**		エルサトアナ																																																									
2022100632	2025-07-13	1函館10		12.0	3歳以上1勝クラス								丹内祐次		芝1200				1:10.2	1.7		2-2	32.3-36.2	37.9	458(0)					晴		8.0	5.0	5.0	3.6	3.0	8	53.0	良	**	**		ブライティアダイヤ																																																									
2022100632	2025-08-17	1札幌8		9.0	小樽特別(1勝クラス)								横山和生		芝1200				1:10.1	-0.2		9-7	34.8-35.3	34.5	450(-8)				1147.1	曇		16.0	6.0	12.0	7.3	4.0	1	54.0	稍	**	**		(ジョーブラック)																																																									
2022100632	2025-09-06	2札幌5		10.0	札幌スポニチ賞(2勝クラス)								横山和生		芝1200				1:09.5	0.2		7-7	34.3-35.0	34.5	456(+6)				395.0	曇		16.0	1.0	2.0	5.0	3.0	3	54.0	良	**	**		サウンドモリアーナ																																																									
2022100632	2025-11-29	4京都7		12.0	3歳以上2勝クラス								西村淳也		芝1200				1:09.2	0.8		11-12	33.6-34.8	33.9	464(+8)					晴		16.0	8.0	15.0	7.7	3.0	10	55.0	良	**	**		ジュンヴァンケット																																																									
2022100655	2024-08-10	2札幌1		5.0	2歳新馬								鮫島克駿		芝1500				1:30.2	0.5		4-4-4	30.7-34.9	35.0	446(0)				180.0																													晴		7.0	6.0	6.0	3.7	3.0	3	55.0	良	**	**		クリノメイ																													
2022100655	2024-08-25	2札幌6		1.0	2歳未勝利								モレイラ		芝1500				1:30.6	0.3		4-2-2	30.3-34.8	34.8	444(-2)				83.0																													晴		7.0	6.0	6.0	3.3	2.0	4	55.0	良	**	**		ウォーターエアリー																													
2022100655	2024-11-24	6京都8		3.0	2歳未勝利								小沢大仁		芝1600				1:36.3	1.5		17-16	35.0-35.4	35.9	434(-10)																																	曇		18.0	7.0	13.0	30.4	8.0	14	54.0	良	**	**		ベイリークロア																													
2022100655	2024-12-14	4中京5		5.0	2歳未勝利								長岡禎仁		芝2000				2:03.6	1.0		9-10-12-12	36.8-35.3	35.4	434(0)				55.0																													晴		18.0	3.0	6.0	81.4	8.0	5	55.0	良	**	**		ノラリクラリ																													
2022100655	2025-01-12	1中京4		6.0	3歳未勝利								長岡禎仁		芝2000				2:02.6	1.0		10-8-8-7	35.7-36.9	37.3	436(+2)				140.0																													曇		18.0	2.0	3.0	81.6	14.0	3	55.0	良	**	**		レーゼドラマ																													
2022100655	2025-02-23	1小倉10		5.0	3歳未勝利								角田大和		芝2000				2:01.8	0.3		6-8-8-7	36.0-36.2	35.9	436(0)				56.0																													小雨		13.0	1.0	1.0	8.9	4.0	5	55.0	良	**	**		コスモアンソロジー																													
2022100655	2025-03-16	1阪神6		5.0	3歳未勝利								長岡禎仁		芝2000				2:03.5	0.1		12-13-1-1	37.2-37.1	37.2	438(+2)				140.0																													小雨		16.0	3.0	6.0	21.7	7.0	3	55.0	稍	**	**		ヴィーナスバブル																													
2022100655	2025-05-11	2京都6		5.0	3歳未勝利								高杉吏麒		芝2200				2:15.8	0.1		4-4-6-5	37.2-34.6	34.2	444(+6)				220.0																													曇		12.0	1.0	1.0	3.5	2.0	2	54.0	良	**	**		サンライズバブル																													
2022100655	2025-05-25	2京都10		5.0	3歳未勝利								高杉吏麒		芝2200				2:15.5	0.0		12-12-7-6	35.8-36.0	35.5	444(0)				560.0																													曇		14.0	3.0	3.0	2.5	1.0	1	54.0	重	**	**		(メイショウキンタイ)																													
2022100655	2025-06-21	3阪神5		7.0	3歳以上1勝クラス								吉村誠之		芝2400				2:27.5	0.7		7-7-5-5	35.8-35.4	35.5	444(0)																																	晴		10.0	8.0	10.0	5.6	3.0	7	51.0	良	**	**		ミントマーク																													
2022100655	2025-09-21	4阪神7		7.0	3歳以上1勝クラス								吉村誠之		芝2000				2:00.2	0.7		9-10-13-13	34.8-36.0	34.7	448(+4)																																	晴		13.0	8.0	12.0	26.8	8.0	7	52.0	良	**	**		キーパフォーマー																													
2022100655	2025-10-05	3京都2		7.0	3歳以上1勝クラス								長岡禎仁		芝2000				2:01.0	0.9		5-5-2-2	35.0-35.0	35.6	450(+2)																																	小雨		12.0	6.0	8.0	14.1	6.0	8	54.0	稍	**	**		フォーキャンドルズ																													
2022100655	2025-11-02	3京都11		7.0	3歳以上1勝クラス								長岡禎仁		芝2200				2:14.5	1.2		13-11-1-2	36.2-34.4	35.6	450(0)																																	晴		16.0	1.0	2.0	40.5	10.0	12	54.0	良	**	**		スカイサーベイ																													
2022100655	2026-01-17	1京都6		8.0	4歳以上1勝クラス								西村淳也		ダ1800				1:54.7	1.9		8-8-8-6	36.7-37.0	38.2	450(0)				82.0																													晴		8.0	4.0	4.0	19.5	5.0	5	55.0	良				ロカヒ																													
2022100662	2024-12-22	7京都8		6.0	2歳新馬								岩田望来		芝1800				1:50.8	0.9		3-2	37.0-35.0	35.9	466(0)				72.0	曇		14.0	8.0	13.0	5.8	3.0	5	55.0	良	**	**		マトラコーニッシュ																																																									
2022100662	2025-01-18	1中京6		6.0	3歳未勝利								岩田望来		芝1600				1:36.7	1.8		10-10-10	34.9-35.7	36.4	452(-14)					晴		16.0	5.0	9.0	19.5	6.0	12	55.0	良	**	**		アスクセクシーモア																																																									
2022100662	2025-07-26	1札幌1		4.0	3歳未勝利								吉田隼人		芝1500				1:28.6	1.1		4-5-6	29.2-35.0	35.6	454(+2)					曇		14.0	8.0	13.0	14.6	6.0	6	55.0	良	**	**		シンヒダカゴールド																																																									
2022100662	2025-08-31	2札幌4		4.0	3歳未勝利								横山和生		芝2000				2:03.1	0.3		2-2-1-1	35.3-37.7	38.0	460(+6)				140.0	曇		16.0	5.0	10.0	20.3	9.0	3	55.0	稍	**	**		エオアリイ																																																									
2022100663	2024-08-18	2中京4		5.0	2歳新馬								川須栄彦		芝1600				1:36.0	1.3		5-5-5	34.1-36.2	36.9	484(0)					晴		16.0	3.0	5.0	27.1	9.0	8	55.0	良	**	**		ビップデイジー																																																									
2022100663	2024-09-07	3中京1		1.0	2歳未勝利								川須栄彦		ダ1400				1:25.9	1.1		4-4	35.2-37.5	38.3	480(-4)				55.0	晴		10.0	2.0	2.0	3.6	2.0	5	55.0	良	**	**		サディーク																																																									
2022100663	2024-09-21	3中京6		1.0	2歳未勝利								松山弘平		ダ1400				1:27.1	1.9		4-3	34.4-38.3	39.8	480(0)					晴		9.0	2.0	2.0	4.2	4.0	6	55.0	良	**	**		フィドルファドル																																																									
2022100663	2024-12-22	7京都8		2.0	2歳未勝利								酒井学		芝1600				1:36.1	1.3		5-5	34.9-36.1	36.6	476(-4)					曇		18.0	1.0	2.0	78.5	14.0	10	55.0	良	**	**		グラフィティアート																																																									
2022100663	2025-01-19	1中京7		2.0	3歳未勝利								吉村誠之		ダ1800				1:56.9	2.3		4-5-6-7	38.3-38.1	39.3	478(+2)					曇		13.0	5.0	6.0	21.0	7.0	10	53.0	良	**	**		ロードトルネード																																																									
2022100663	2025-04-13	1福島2		1.0	3歳未勝利								秋山稔樹		ダ1700				1:50.3	1.2		3-3-3-3	30.4-38.9	39.9	472(-6)				84.0	曇		15.0	5.0	8.0	7.9	5.0	4	55.0	良	**	**		エルバステラ																																																									
2022100663	2025-04-26	1福島5		1.0	3歳未勝利								秋山稔樹		ダ1700				1:50.7	2.9		1-2-3-4	30.8-39.4	42.0	476(+4)					晴		15.0	1.0	1.0	17.2	6.0	13	55.0	良	**	**		キミオモウハナ																																																									
2022100663	2025-07-05	2小倉3		6.0	3歳未勝利								亀田温心		ダ1700				1:49.7	2.6		4-3-3-4	29.4-39.4	41.6	482(+6)					晴		16.0	2.0	4.0	53.6	11.0	12	55.0	良	**	**		ルクスメンデス																																																									
2022100663	2025-09-03	園田		7.0	C2二								笹田知宏		ダ1400				1:34.6	2.5		5-5-6-7		41.2	512(+30)					晴		10.0	6.0	6.0	6.3	4.0	9	55.0	良	**	**		ビッグリヴァーサル																																																									
2022100663	2025-09-25	園田		7.0	C2二								笹田知宏		ダ1400				1:32.2	0.5		6-6-6-4		40.2	502(-10)				10.5	曇		10.0	5.0	5.0	49.1	7.0	4	55.0	良	**	**		インティパイロ																																																									
2022100663	2025-10-22	園田		3.0	C2二								笹田知宏		ダ1400				1:35.1	0.6		3-3-5-3		40.1	508(+6)				10.5	曇		10.0	3.0	3.0	4.4	3.0	4	55.0	稍	**	**		ニホンピロマーベル																																																									
2022100675	2024-11-30	5中山1		5.0	2歳新馬								石川裕紀		芝1200				1:09.0	0.0		3-3	34.3-34.7	34.5	426(0)				290.0	晴		16.0	4.0	7.0	2.9	1.0	2	55.0	良	**	**		ヴィヴァラリス																																																									
2022100675	2024-12-22	5中山8		3.0	2歳未勝利								横山琉人		芝1200				1:11.9	2.1		11-10	33.5-36.3	37.6	424(-2)					晴		16.0	2.0	4.0	3.0	1.0	16	54.0	良	**	**		ミクストベリーズ																																																									
2022100688	2025-02-22	1京都7		4.0	3歳新馬								幸英明		ダ1400				1:31.4	4.0		15-15	36.2-38.5	38.5	518(0)																			晴		15.0	3.0	4.0	32.8	10.0	13	57.0	良	**	**		アクアマリーナ																																											
2022100688	2025-03-16	1阪神6		2.0	3歳未勝利								幸英明		ダ1800				1:57.1	3.3		11-11-10-7	38.0-38.5	39.1	502(-16)				56.0															小雨		11.0	8.0	10.0	53.0	6.0	5	57.0	稍	**	**		シドニーホバート																																											
2022100688	2025-03-29	2阪神1		4.0	3歳未勝利								幸英明		ダ2000				2:09.3	0.6		12-12-12-9	36.9-39.7	38.9	496(-6)				56.0															晴		12.0	5.0	5.0	54.9	9.0	5	57.0	稍	**	**		カルテシウス																																											
2022100688	2025-04-19	2阪神7		3.0	3歳未勝利								幸英明		ダ2000				2:08.6	0.1		16-16-14-8	36.2-39.0	37.8	496(0)				220.0															晴		16.0	3.0	5.0	24.7	8.0	2	57.0	良	**	**		ミラクルブルー																																											
2022100688	2025-11-15	3福島3		6.0	3歳以上1勝クラス								秋山稔樹		ダ2400				2:36.7	2.1		11-11-7-7	38.8-40.0	41.2	510(+14)																			晴		16.0	3.0	6.0	25.0	10.0	11	56.0	良	**	**		オオタチ																																											
2022100688	2025-12-06	5中京1		7.0	3歳以上1勝クラス								亀田温心		ダ1800				1:54.6	0.9		15-15-12-9	36.8-38.2	37.9	502(-8)				120.0															晴		16.0	3.0	5.0	13.5	6.0	4	57.0	良	**	**		ストーンズ																																											
2022100688	2026-01-12	1京都5		8.0	4歳以上1勝クラス								古川吉洋		ダ1900				2:03.6	3.3		11-10-13-13	30.7-37.5	39.8	512(+10)																			晴		15.0	7.0	13.0	22.8	7.0	14	57.0	良	**	**		グレイルクエスト																																											
2022100688	2026-01-18	1京都7		7.0	4歳以上1勝クラス								古川吉洋		ダ1900				2:01.6	1.2		10-10-5-6	30.7-38.4	38.8	506(-6)																																																													晴		11.0	1.0	1.0	77.8	10.0	8	57.0	良	**	**		エンマ	202608010707
2022100707	2025-04-06	3中山4	小雨	5.0	3歳未勝利		16.0	7.0	14.0	111.7	11.0	7	大野拓弥	57.0	芝1600		良	**	1:35.3	1.1	**	15-16-15	35.1-35.0	34.5	462(0)			ガーネットウインク																																																																								
2022100707	2025-04-27	2東京2	晴	5.0	3歳未勝利		14.0	3.0	3.0	29.0	4.0	14	大野拓弥	57.0	芝1800		良	**	1:48.8	2.4	**	8-8-6	35.8-34.6	36.3	466(+4)			アールヴィヴァン																																																																								
2022100707	2025-06-21	3東京5	晴	3.0	3歳未勝利		16.0	2.0	3.0	151.3	11.0	10	丸田恭介	57.0	ダ1600		良	**	1:39.2	1.5	**	1-1	35.4-38.0	39.5	466(0)			カフェロワドール																																																																								
2022100707	2025-07-19	2福島7	晴	8.0	3歳未勝利		16.0	4.0	7.0	88.0	15.0	11	小沢大仁	57.0	芝2000		良	**	2:05.4	2.7	**	4-6-3-5	35.1-37.5	39.7	466(0)			エテルニータ																																																																								
2022100729	2024-08-17	2中京3		6.0	2歳新馬								中井裕二		ダ1800				2:02.9	8.3		13-13-10-11	37.5-37.5	45.0	504(0)																																															晴		16.0	5.0	9.0	37.2	8.0	15	55.0	良	**	**		クァンタムウェーブ															
2022100729	2024-09-21	3中京6		3.0	2歳未勝利								中井裕二		ダ1400				1:26.9	1.7		8-8	34.7-38.4	39.5	502(-2)																																															晴		16.0	3.0	5.0	140.8	15.0	9	55.0	良	**	**		ユウトザユウト															
2022100729	2024-10-19	4新潟5		3.0	2歳未勝利								中井裕二		ダ1200				1:12.4	0.3		2-2	35.4-36.7	37.0	498(-4)				220.0																																											曇		12.0	6.0	7.0	14.6	4.0	2	56.0	良	**	**		ブリッツアロング															
2022100729	2025-04-20	1福島4		1.0	3歳未勝利								中井裕二		ダ1150				1:10.7	1.9		1-2	31.4-37.4	39.3	508(+10)				56.0																																											曇		16.0	7.0	14.0	4.2	3.0	5	57.0	良	**	**		ファムエレガンテ															
2022100729	2025-05-11	1新潟4		2.0	3歳未勝利								中井裕二		ダ1200				1:12.5	-0.1		1-1	34.1-38.4	38.4	504(-4)				560.0																																											小雨		15.0	3.0	5.0	9.3	5.0	1	57.0	稍	**	**		(ジュエルハウス)															
2022100729	2025-06-14	1函館1		8.0	3歳以上1勝クラス								中井裕二		ダ1000				0:58.6	0.7		3-2	34.6-34.8	35.2	500(-4)				320.0																																											晴		12.0	2.0	2.0	17.3	7.0	2	55.0	良	**	**		タッカージーティー															
2022100729	2025-06-28	1函館5		8.0	3歳以上1勝クラス								中井裕二		ダ1000				0:58.6	0.1		5-4	34.0-35.9	35.4	502(+2)				120.0																																											晴		12.0	6.0	7.0	5.7	4.0	4	55.0	稍	**	**		サベージラヴ															
2022100729	2025-07-20	1函館12		7.0	3歳以上1勝クラス								小林美駒		ダ1000				0:58.9	0.0		1-2	34.3-36.1	36.1	502(0)				320.0																																											晴		12.0	8.0	12.0	4.0	2.0	2	51.0	良	**	**		パールフロント															
2022100729	2025-08-09	1札幌5		7.0	3歳以上1勝クラス								小林美駒		ダ1000				0:58.6	-0.1		1-1	34.3-35.7	35.7	504(+2)				800.0																																											晴		12.0	3.0	3.0	2.8	1.0	1	53.0	重	**	**		(ボディブロー)															
2022100729	2025-11-22	3福島5		10.0	福島放送賞(2勝クラス)								中井裕二		ダ1150				1:08.8	0.1		5-3	31.4-37.3	37.0	508(+4)				630.6																																											晴		16.0	6.0	12.0	30.9	7.0	2	57.0	良	**	**		ルージュアズライト															
2022100729	2025-12-06	5中京1		10.0	中京日経賞(2勝クラス)								中井裕二		ダ1200				1:11.9	1.0		4-4	34.8-36.1	36.9	502(-6)																																															晴		13.0	6.0	9.0	17.7	5.0	6	57.0	良	**	**		ゼットエール															
2022100749	2024-10-14	4東京4	晴	4.0	2歳新馬		16.0	5.0	10.0	235.1	16.0	4	五十嵐雄	56.0	ダ1400		良	**	1:26.7	2.3	**	14-13	35.1-36.9	37.0	486(0)			ベンヌ	110.0																																																																							
2022100749	2024-10-26	4新潟7	晴	2.0	2歳未勝利		12.0	2.0	2.0	19.6	9.0	6	石橋脩	56.0	ダ1800		良	**	1:56.1	2.3	**	7-8-4-5	37.1-37.6	39.4	486(0)			ブラックジジ																																																																								
2022100749	2024-11-10	5東京4	曇	1.0	2歳未勝利		15.0	7.0	12.0	12.8	5.0	2	石田拓郎	53.0	ダ1400		良	**	1:26.4	0.8	**	14-12	35.5-37.6	36.8	488(+2)			フォースミラクル	220.0																																																																							
2022100749	2024-11-24	5東京8	晴	1.0	2歳未勝利		16.0	7.0	14.0	17.8	6.0	5	石田拓郎	53.0	ダ1400		良	**	1:27.3	0.7	**	12-9	36.7-37.0	36.9	504(+16)			ヘルヴェティオス	55.0																																																																							
2022100749	2025-02-01	1東京1	晴	1.0	3歳未勝利		16.0	8.0	16.0	9.7	4.0	5	長浜鴻緒	54.0	ダ1400		良	**	1:26.9	0.5	**	7-7	36.5-37.3	37.2	500(-4)			サトノシャムロック	56.0																																																																							
2022100749	2025-02-15	1東京5	晴	1.0	3歳未勝利		16.0	1.0	1.0	18.0	6.0	9	長浜鴻緒	54.0	ダ1400		良	**	1:28.2	0.6	**	9-9	36.0-38.5	38.3	500(0)			マイネルブリオン																																																																								
2022100749	2025-03-23	2中京4	晴	2.0	3歳未勝利		13.0	8.0	13.0	7.5	3.0	1	丹内祐次	57.0	ダ1800		良	**	1:54.1	-0.8	**	8-7-7-6	37.1-39.3	38.6	498(-2)			(インターアーバン)	560.0																																																																							
2022100749	2025-04-06	3中山4	小雨	6.0	3歳1勝クラス		14.0	8.0	13.0	32.8	8.0	5	石橋脩	57.0	ダ1800		稍	**	1:54.0	0.7	**	10-10-10-8	36.2-39.1	38.6	492(-6)			ゴッドエスパーダ	80.0																																																																							
2022100749	2025-05-03	1新潟1	晴	9.0	わらび賞(1勝クラス)		15.0	8.0	15.0	10.3	5.0	8	丹内祐次	57.0	ダ1800		稍	**	1:54.8	2.0	**	11-12-11-10	37.2-37.3	38.2	488(-4)			バギーウィップ																																																																								
2022100749	2025-06-07	3東京1	曇	12.0	3歳以上1勝クラス		15.0	4.0	7.0	20.6	6.0	6	丹内祐次	55.0	ダ1600		良	**	1:37.3	0.6	**	8-8	34.9-37.4	36.8	496(+8)			ロッシニアーナ																																																																								
2022100749	2025-10-18	4新潟1	曇	6.0	3歳以上1勝クラス		15.0	5.0	8.0	19.6	5.0	3	丹内祐次	56.0	ダ1800		良	**	1:54.1	0.9	**	9-8-7-6	36.5-38.4	38.3	494(-2)			ゴールデンクラウド	200.0																																																																							
2022100749	2025-11-15	3福島3	晴	6.0	3歳以上1勝クラス		16.0	1.0	2.0	6.6	3.0	2	丹内祐次	56.0	ダ2400		良	**	2:34.7	0.1	**	8-7-5-3	38.8-40.0	39.3	494(0)			オオタチ	320.0																																																																							
2022100749	2025-12-14	5中山4	曇	8.0	3歳以上1勝クラス		14.0	7.0	12.0	4.5	2.0	2	丹内祐次	56.0	ダ2500		稍	**	2:43.5	0.3	**	4-4-5-3	30.2-39.5	39.5	498(+4)			ダカラフェスティヴ	320.0																																																																							
2022100749	2026-01-05	1中山2	晴	4.0	4歳以上1勝クラス		13.0	7.0	11.0	1.5	1.0	1	丹内祐次	57.0	ダ2400		稍	**	2:37.0	-0.5	**	9-9-2-2	36.4-40.2	40.1	502(+4)			(スマートクオーレ)	820.0																																																																							
2022100785	2024-06-23	4京都8		5.0	2歳新馬								戸崎圭太		芝1800				1:52.6	0.5		3-3	37.7-34.6	34.9	508(0)				180.0	小雨		8.0	8.0	9.0	16.2	5.0	3	55.0	重	**	**		エリキング																																																									
2022100785	2024-08-18	2中京4		3.0	2歳未勝利								鮫島克駿		芝2000				2:02.7	2.3		2-2-2-2	38.1-34.0	36.0	514(+6)				83.0	晴		6.0	3.0	3.0	5.6	2.0	4	55.0	良	**	**		サラコスティ																																																									
2022100785	2024-09-08	3中京2		3.0	2歳未勝利								鮫島克駿		芝1600				1:36.2	1.7		3-3-3	34.5-35.9	37.4	506(-8)				55.0	晴		7.0	2.0	2.0	8.0	3.0	5	55.0	良	**	**		マイネルチケット																																																									
2022100785	2024-11-10	6京都4		2.0	2歳未勝利								鮫島克駿		ダ1800				1:56.6	3.2		5-5-5-5	35.9-38.4	41.1	518(+12)					晴		10.0	8.0	10.0	6.4	3.0	7	56.0	良	**	**		チムニートップス																																																									
2022100785	2024-11-23	6京都7		2.0	2歳未勝利								西村淳也		ダ1800				1:57.5	3.4		3-3-3-5	37.4-37.6	40.6	514(-4)					曇		14.0	6.0	10.0	28.7	5.0	12	56.0	良	**	**		ブルックリンダンス																																																									
2022100785	2024-12-08	4中京4		4.0	2歳未勝利								小沢大仁		芝1400				1:23.6	0.9		13-12	34.7-35.9	35.6	510(-4)				55.0	晴		15.0	6.0	11.0	23.3	6.0	5	55.0	良	**	**		デリュージョン																																																									
2022100785	2024-12-22	7京都8		3.0	2歳未勝利								角田大和		芝1400				1:25.7	4.1		4-6	34.6-35.5	39.1	510(0)					曇		18.0	8.0	16.0	63.9	14.0	17	56.0	良	**	**		ウィンストン																																																									
2022100785	2025-05-03	2京都3		2.0	3歳未勝利								シュタル		ダ1400				1:25.3	1.7		3-3	34.9-36.7	38.1	512(+2)					晴		16.0	2.0	3.0	88.3	11.0	11	57.0	重	**	**		ソリスクラヴィス																																																									
2022100785	2025-06-28	2小倉1		4.0	3歳未勝利								角田大和		芝1800				1:48.2	1.0		3-3-3-3	35.1-36.7	37.4	510(-2)				56.0	晴		16.0	1.0	1.0	25.4	8.0	5	57.0	良	**	**		ラトラース																																																									
2022100785	2025-07-13	2小倉6		4.0	3歳未勝利								角田大和		芝1800				1:49.8	0.4		2-2-2-1	36.9-36.7	37.1	512(+2)					曇		16.0	8.0	15.0	34.7	8.0	6	57.0	良	**	**		マテンロウギフト																																																									
2022100785	2025-10-12	3京都4		4.0	障害3歳以上未勝利								小牧加矢		障2910				3:25.9	7.8		12-12-12-12	105.1-0.0	14.2	528(+16)					曇		12.0	2.0	2.0	14.3	6.0	12	58.0	良				ヴィアルークス																																																									
2022100785	2025-11-02	3京都11		4.0	障害3歳以上未勝利								小牧加矢		障2910				3:24.2	1.0		4-5-6-6	108.0-0.0	14.0	524(-4)					晴		10.0	2.0	2.0	23.6	7.0	6	58.0	良				ゲインサポート																																																									
2022100785	2025-11-30	4京都8		5.0	障害3歳以上未勝利								小牧加矢		障2910				3:20.0	-0.8		2-2-2-1	106.1-0.0	13.7	532(+8)				840.0	晴		9.0	6.0	6.0	8.3	3.0	1	58.0	良				(レッドファーロ)																																																									
2022100787	2024-12-22	7京都8		4.0	2歳新馬								荻野極		ダ1800				2:12.7	18.0		9-10-13-13	37.4-38.1	49.6	452(0)					曇		13.0	3.0	3.0	112.6	12.0	13	55.0	良	**	**		タイセイドラード																																																									
2022100838	2024-09-29	3中京9		5.0	2歳新馬								吉村誠之		芝1400				1:25.4	0.9		12-10	36.5-35.6	35.5	444(0)					曇		15.0	3.0	5.0	30.5	10.0	8	52.0	重	**	**		ワース																																																									
2022100838	2024-12-22	7京都8		2.0	2歳未勝利								斎藤新		芝1600				1:37.7	2.9		9-9	34.9-36.1	37.9	436(-8)					曇		18.0	2.0	3.0	286.3	17.0	18	55.0	良	**	**		グラフィティアート																																																									
2022100838	2025-01-13	1中京5		3.0	3歳未勝利								松本大輝		ダ1900				2:07.1	4.7		8-9-14-14	30.4-38.8	42.1	430(-6)					晴		16.0	6.0	12.0	329.9	15.0	16	54.0	良	**	**		ジーティーアメリカ																																																									
2022100838	2025-02-11	名古屋		1.0	3歳7組								阪野学		ダ1500										計不					晴		10.0	8.0	11.0			取	54.0	稍	**	**		サンズ																																																									
2022100872	2025-03-22	2中山7		1.0	3歳未勝利								北村宏司		ダ1200				1:13.9	2.5		9-10	35.3-36.1	37.5	484(0)				56.0																																											晴		16.0	7.0	14.0	42.9	5.0	5	55.0	重	**	**		パラサイコロジー															
2022100872	2025-04-19	3中山7		1.0	3歳未勝利								北村宏司		ダ1200				1:13.4	1.5		8-8	34.8-37.1	37.3	484(0)																																															晴		14.0	3.0	4.0	49.4	7.0	6	55.0	良	**	**		ドナカルナバル															
2022100872	2025-05-25	2東京10		3.0	3歳未勝利								北村宏司		ダ1300				1:19.3	2.5		15-15	28.9-36.2	36.1	484(0)																																															曇		16.0	4.0	7.0	42.5	7.0	12	55.0	不	**	**		アメリカンビヨンド															
2022100872	2025-07-27	2新潟2		5.0	3歳未勝利								菊沢一樹		ダ1200				1:12.3	0.7		5-5	34.9-36.7	36.9	478(-6)				220.0																																											晴		15.0	6.0	10.0	34.7	10.0	2	55.0	良	**	**		トラストパイロ															
2022100872	2025-08-23	3新潟1		6.0	3歳未勝利								菊沢一樹		ダ1200				1:11.5	0.6		1-1	34.1-36.8	37.4	480(+2)				220.0																																											晴		15.0	8.0	14.0	4.5	2.0	2	55.0	良	**	**		ロッカバイベイビー															
2022100872	2025-09-13	4中山3		3.0	3歳未勝利								菊沢一樹		ダ1200				1:11.8	1.2		3-3	33.8-36.8	37.7	484(+4)																																															曇		16.0	4.0	7.0	10.9	6.0	7	55.0	不	**	**		ダンケルド															
2022100872	2025-10-19	盛岡		9.0	C1								山本聡哉		ダ1400				1:24.4	0.0		1-1		36.4	488(+4)				17.5																																											曇		11.0	2.0	2.0	2.2	1.0	2	54.0	重	**	**		エテオクロス															
2022100872	2025-11-02	盛岡		6.0	C1								山本聡哉		ダ1400				1:25.7	-0.8		5-2		37.6	490(+2)				50.0																																											曇		10.0	1.0	1.0	1.0	1.0	1	54.0	重	**	**		(ヴィオレーヌ)															
2022100872	2025-11-18	盛岡		6.0	C1								山本聡哉		ダ1200				1:13.0	-1.6		3-2		37.3	490(0)				50.0																																											小雪		12.0	5.0	6.0	1.0	1.0	1	54.0	良	**	**		(イキザマ)															
2022100876	2024-12-22	5中山8		5.0	2歳新馬								岩部純二		ダ1200								35.2-38.0		416(0)					晴		16.0	1.0	2.0	244.8	16.0	中	55.0	良	**	**		シュヴァルボヌール																																																									
2022100876	2025-07-05	2福島3		7.0	3歳未勝利								原優介		芝1200				1:22.2	12.7		16-16	34.6-34.9	44.8	422(+6)					晴		16.0	8.0	16.0	166.2	14.0	16	55.0	良	**	**		ノーブルオリンポス																																																									
2022100876	2025-10-14	名古屋		4.0	C28組								阪野学		ダ1400				1:34.3	1.8		2-1-2		42.0	417(-5)					曇		11.0	7.0	9.0	55.9	9.0	9	55.0	良	**	**		シャイニーセーラー																																																									
2022100876	2025-10-28	名古屋		3.0	C29組								松本一心		ダ1400				1:33.6	2.4		5-4-5		41.6	415(-2)				8.3	晴		12.0	6.0	8.0	29.0	6.0	4	54.0	稍	**	**		ブライトビギニング																																																									
2022100876	2025-11-07	名古屋		7.0	C32組								望月洵輝		ダ1500				1:39.8	1.2		6-7-3		40.8	417(+2)				11.0	晴		12.0	5.0	5.0	6.9	4.0	3	55.0	良	**	**		アルヴェッター																																																									
2022100876	2025-11-25	名古屋		6.0	LJS名古屋ラウンド(C)								関本玲花		ダ1400				1:32.2	0.2		8-7-6		38.7	404(-13)				15.0	曇		8.0	7.0	7.0	65.0	8.0	4	53.0	稍	**	**		ベアショット																																																									
2022100876	2025-12-18	名古屋		7.0	BAOOへGO!賞(C)								望月洵輝		ダ1500				1:38.5	0.3		2-2-1		40.0	405(+1)				19.3	晴		12.0	3.0	3.0	5.8	2.0	2	55.0	稍	**	**		ターミネーター																																																									
2022100876	2026-01-02	名古屋		7.0	鶴寿賞(C)								望月洵輝		ダ1500				1:37.4	0.1		1-1-1		39.4	396(-9)				19.3	曇		11.0	1.0	1.0	3.0	2.0	2	55.0	良	**	**		ドリームジャック																																																									
2022100896	2024-09-22	4中山7	曇	5.0	2歳新馬		14.0	8.0	13.0	23.5	6.0	1	小林勝太	53.0	芝1800		良	**	1:49.9	-0.3	**	1-1-1-1	37.3-34.8	34.8	410(0)			(アルティテュード)	720.0																																																																							
2022100896	2024-10-19	4東京5	晴	9.0	アイビーS(L)		8.0	1.0	1.0	41.2	6.0	7	横山武史	55.0	芝1800		良	**	1:47.7	1.9	**	6-6-6	35.7-34.3	34.5	404(-6)			マスカレードボール																																																																								
2022100896	2025-01-06	1中山2	小雨	7.0	3歳1勝クラス		12.0	4.0	4.0	53.2	10.0	10	菅原明良	55.0	芝2000		良	**	2:03.3	2.6	**	3-3-4-4	35.3-36.8	38.5	404(0)			ゴーソーファー																																																																								
2022100896	2025-01-18	1中山6	晴	9.0	菜の花賞(1勝クラス)		16.0	3.0	6.0	244.5	14.0	10	三浦皇成	55.0	芝1600		良	**	1:34.4	1.2	**	12-9-9	34.9-34.7	35.1	400(-4)			コムユンプリュム																																																																								
2022100896	2025-04-06	3中山4	曇	7.0	3歳1勝クラス		9.0	3.0	3.0	70.3	9.0	9	菊沢一樹	55.0	芝1600		良	**	1:35.3	1.1	**	7-7-7	35.7-34.5	35.0	404(+4)			ジョイフルニュース																																																																								
2022100896	2025-04-19	1福島3	晴	9.0	ひめさゆり賞(1勝クラス)		10.0	8.0	10.0	145.9	10.0	10	古川吉洋	55.0	芝2000		良	**	2:04.2	5.4	**	1-2-2-9	35.4-35.9	40.5	396(-8)			デルアヴァー																																																																								
2022100896	2025-05-24	2東京9	曇	6.0	3歳1勝クラス		13.0	4.0	6.0	336.4	13.0	12	石川裕紀	55.0	ダ1600		良	**	1:40.1	2.2	**	9-9	35.9-36.7	37.8	408(+12)			フィリップバローズ																																																																								
2022100896	2025-08-25	川崎	晴	9.0	C1三　四五(C1四)		8.0	3.0	3.0	12.5	5.0	4	伊藤裕人	53.0	ダ1400		良	**	1:32.6	0.4	**	6-6-8-6	40.1-39.4	39.5	412(+4)			クワイトポッシブル	18.0																																																																							
2022100896	2025-09-12	川崎	曇	8.0	ちくさんフードフェア(C1二)		12.0	7.0	10.0	24.3	11.0	12	伊藤裕人	53.0	ダ1400		重	**	1:34.8	1.7	**	11-12-10-12	40.0-40.4	40.9	415(+3)			タイセイフランク																																																																								
2022100896	2025-10-15	川崎	雨	12.0	雪ノ下賞(C1)		14.0	5.0	8.0	48.4	10.0	9	小野楓馬	54.0	ダ1500		重	**	1:39.1	0.7	**	7-8-8-6	31.5-40.8	40.6	409(-6)			ペータース																																																																								
2022100896	2025-11-19	川崎	晴	12.0	バーボン賞(C1二)		14.0	4.0	6.0	239.2	13.0	8	増田充宏	51.0	ダ1500		良	**	1:38.1	0.8	**	12-12-14-10	30.6-40.8	40.0	407(-2)			スターグリップ																																																																								
2022100896	2025-12-18	川崎	晴	12.0	キリマンジャロ賞(C1二)		14.0	8.0	13.0	195.0	13.0	11	増田充宏	54.0	ダ1500		稍	**	1:39.9	3.4	**	14-14-14-14	31.3-38.8	39.9	405(-2)			ファイヤーウィップ																																																																								
2022100896	2026-01-02	川崎	晴	12.0	坊主めくり賞(C1C2)		14.0	6.0	10.0	149.2	14.0	11	増田充宏	55.0	ダ2000		稍	**	2:20.5	1.8	**	6-7-9-9	41.6-39.7	40.5	406(+1)			ヘニーズネフュー																																																																								
2022100916	2024-10-20	4新潟6	晴	5.0	2歳新馬		17.0	7.0	13.0	62.0	13.0	7	大野拓弥	56.0	芝1200		良	**	1:11.7	1.5	**	11-11	34.5-35.7	34.9	496(0)			サウスバンク																																																																								
2022100916	2024-11-02	5東京1	雨	3.0	2歳未勝利		12.0	8.0	11.0	12.5	5.0	10	大野拓弥	56.0	ダ1400		重	**	1:27.1	2.4	**	6-5	36.3-35.9	37.9	506(+10)			キアヌ																																																																								
2022100916	2025-04-06	3中山4	曇	2.0	3歳未勝利		16.0	5.0	10.0	30.7	7.0	13	大野拓弥	57.0	ダ1200		稍	**	1:15.2	2.6	**	14-16	35.2-37.4	38.5	508(+2)			クインズシフォン																																																																								
2022100916	2025-05-11	佐賀	曇	10.0	SAGAリベンジャー(3歳)		12.0	5.0	6.0	5.5	3.0	8	山田義貴	56.0	ダ1400		重	**	1:34.0	2.6	**	9-10-8-7		40.7	525(+17)			ハヤブサナンデヒメ																																																																								
2022100916	2025-05-24	佐賀	小雨	11.0	SAGAリベンジャー(3歳)		12.0	7.0	10.0	4.3	3.0	2	山田義貴	56.0	ダ900		不	**	0:56.2	0.7	**	6-5		37.3	513(-12)			エイシンアヤメ	14.4																																																																							
2022100916	2025-06-08	佐賀	小雨	11.0	SAGAリベンジャー(3歳)		11.0	7.0	9.0	4.5	2.0	5	山田義貴	56.0	ダ1400		良	**	1:33.5	1.8	**	3-3-2-4		41.8	521(+8)			アーチーテソーロ	3.6																																																																							
2022100916	2025-06-21	佐賀	曇	1.0	3歳ー9組		7.0	3.0	3.0	8.1	4.0	2	山田義貴	56.0	ダ1400		良	**	1:33.2	0.6	**	5-4-3-4		39.2	517(-4)			ニシノイッキサス	14.4																																																																							
2022100916	2025-07-13	佐賀	曇	1.0	3歳ー8組		11.0	8.0	11.0	31.1	4.0	3	山田義貴	56.0	ダ1400		稍	**	1:32.6	1.1	**	3-3-3-3		41.2	508(-9)			レミギノテソーロ	8.1																																																																							
2022100916	2025-09-30	名古屋	晴	5.0	3歳10組		11.0	2.0	2.0	37.3	5.0	11	柿原翔	57.0	ダ1500		良	**	1:41.1	2.6	**	10-10-11		41.3	515(+7)			カシマスウィープ																																																																								
2022100916	2025-10-15	名古屋	晴	3.0	C19組		10.0	5.0	6.0			取	柿原翔	57.0	ダ1400		重	**			**				計不			センビトウリョウ																																																																								
2022100916	2025-11-10	名古屋	晴	5.0	やすくん35歳おめで(C)		11.0	6.0	6.0	202.4	10.0	9	柿原翔	57.0	ダ1500		稍	**	1:41.6	5.1	**	11-11-9		42.3	512(-3)			ジーティーアムール																																																																								
2022100916	2025-11-20	名古屋	晴	7.0	C19組		12.0	5.0	6.0	123.8	9.0	8	宮下瞳	55.0	ダ1500		良	**	1:39.2	0.9	**	4-4-4		40.5	494(-18)			アーキハッカー																																																																								
2022100916	2025-12-04	名古屋	晴	8.0	C21組		12.0	7.0	9.0	41.9	9.0	9	大畑慧悟	57.0	ダ1500		稍	**	1:41.0	2.7	**	8-4-7		42.5	500(+6)			ムンディ																																																																								
2022100916	2025-12-18	名古屋	晴	6.0	C27組		12.0	8.0	11.0	203.2	12.0	11	柿原翔	57.0	ダ1500		稍	**	1:41.3	2.8	**	5-4-12		42.6	495(-5)			ミズイロ																																																																								
2022100916	2026-01-01	名古屋	晴	5.0	びっくり!シャチウマ(C)		12.0	5.0	6.0	179.2	11.0	12	柿原翔	57.0	ダ1500		良	**	1:43.1	5.2	**	10-12-12		42.4	483(-12)			ベストセラー																																																																								
2022100916	2026-01-13	名古屋	曇	4.0	C30組		11.0	6.0	6.0	45.1	10.0	3	柿原翔	57.0	ダ1400		良		1:33.8	0.6		1-1-2		40.8	489(+6)			サンライズロンドン	11.0																																																																							
2022100933	2025-01-18	1中京6	晴	3.0	3歳新馬		16.0	1.0	1.0	91.7	12.0	2	松本大輝	54.0	ダ1400		良	**	1:27.2	0.4	**	1-1	35.8-38.4	38.8	416(0)			ベルギューン	250.0																																																																							
2022100933	2025-02-02	1小倉4	曇	2.0	3歳未勝利		16.0	4.0	7.0	27.6	9.0	5	松本大輝	54.0	芝1200		重	**	1:10.9	0.9	**	11-10	34.4-35.6	35.2	410(-6)			ベイビーキッス	56.0																																																																							
2022100933	2025-02-23	1小倉10	晴	2.0	3歳未勝利		18.0	7.0	14.0	14.5	5.0	3	松本大輝	54.0	芝1200		良	**	1:08.7	0.1	**	2-2	33.5-35.1	35.1	412(+2)			ペガサスノース	140.0																																																																							
2022100933	2025-03-16	1阪神6	小雨	1.0	3歳未勝利		16.0	1.0	2.0	7.3	3.0	2	松本大輝	54.0	ダ1200		稍	**	1:14.2	1.2	**	3-2	35.9-37.1	37.9	414(+2)			モンテディアーナ	220.0																																																																							
2022100933	2025-04-06	2阪神4	晴	1.0	3歳未勝利		16.0	1.0	2.0	8.2	4.0	6	松本大輝	54.0	ダ1200		良	**	1:14.7	1.3	**	6-6	35.5-37.9	38.6	416(+2)			バシリス																																																																								
2022100933	2025-05-24	2京都9	小雨	1.0	3歳未勝利		16.0	4.0	8.0	30.3	9.0	2	和田陽希	52.0	ダ1200		良	**	1:11.9	1.0	**	2-2	34.8-36.1	37.1	428(+12)			バッハアルプゼー	220.0																																																																							
2022100933	2025-06-15	1函館2	曇	1.0	3歳未勝利		16.0	5.0	10.0	3.2	1.0	1	松本大輝	54.0	芝1200		良	**	1:07.8	-0.2	**	2-2	33.4-34.4	34.1	422(-6)			(サマースピリット)	560.0																																																																							
2022100933	2025-06-28	1函館5	晴	9.0	長万部特別(1勝クラス)		8.0	3.0	3.0	6.0	3.0	1	松本大輝	53.0	芝1200		良	**	1:08.6	0.0	**	2-2	34.2-34.4	34.2	426(+4)			(ブルーアイドガール)	1133.1																																																																							
2022100933	2025-08-16	1札幌7	晴	10.0	知床特別(2勝クラス)		13.0	5.0	7.0	7.7	6.0	5	松本大輝	54.0	芝1200		良	**	1:08.8	0.2	**	1-2	34.5-34.1	34.3	434(+8)			エスペシャリー	155.0																																																																							
2022100933	2025-10-05	3京都2	曇	12.0	3歳以上2勝クラス		16.0	1.0	1.0	9.2	6.0	8	松本大輝	54.0	芝1200		稍	**	1:08.5	0.6	**	3-3	33.3-34.6	34.9	426(-8)			ブラックケリー																																																																								
2022100933	2025-11-15	4京都3	晴	9.0	深草特別(2勝クラス)		15.0	2.0	3.0	16.8	4.0	8	武豊	55.0	ダ1200		良	**	1:11.8	0.8	**	9-8	34.6-36.4	35.6	424(-2)			ジェネラーレ																																																																								
2022100933	2025-12-20	5阪神5	曇	12.0	3歳以上2勝クラス		16.0	8.0	16.0	35.2	9.0	11	太宰啓介	55.0	芝1200		良	**	1:09.3	1.1	**	6-6	33.3-34.9	35.0	414(-10)			ブルーアイドガール																																																																								
2022100933	2026-01-18	1京都7		9.0	小倉山特別(2勝クラス)								太宰啓介		ダ1400				1:28.4	3.8		2-2	34.6-37.5	41.2	420(+6)																																																													晴		16.0	3.0	5.0	320.0	16.0	16	55.0	良	**	**		トゥロン	202608010709
2022100958	2024-11-10	5東京4		5.0	2歳新馬								佐藤翔馬		芝1600				1:37.5	1.7		8-8	37.1-34.0	34.6	444(0)					曇		10.0	3.0	3.0	195.4	10.0	6	52.0	良	**	**		ティラトーレ																																																									
2022100958	2024-11-24	5東京8		2.0	2歳未勝利								大野拓弥		芝1600				1:37.7	3.2		17-17	35.3-34.9	35.9	442(-2)					晴		18.0	2.0	3.0	347.0	15.0	15	55.0	良	**	**		ブルーベリーフィズ																																																									
2022100958	2024-12-22	5中山8		1.0	2歳未勝利								佐藤翔馬		ダ1200				1:13.5	1.4		10-10	34.0-38.1	38.2	440(-2)				83.0	晴		16.0	5.0	9.0	424.2	16.0	4	52.0	良	**	**		エコロヴァイス																																																									
2022100958	2025-01-11	1中山3		1.0	3歳未勝利								佐藤翔馬		ダ1200				1:14.3	1.8		7-10	33.9-38.6	39.8	436(-4)					晴		16.0	1.0	2.0	33.2	9.0	13	52.0	稍	**	**		エベリンテソーロ																																																									
2022100958	2025-07-20	2福島8		7.0	3歳未勝利								佐藤翔馬		ダ1150				1:11.6	1.8		8-9	32.0-37.8	38.7	416(-20)					晴		15.0	5.0	8.0	83.7	11.0	12	52.0	良	**	**		アイドル																																																									
2022100958	2025-09-07	4中山2		7.0	3歳未勝利								佐藤翔馬		ダ1200				1:17.6	5.5		15-16	34.7-37.4	40.5	446(+30)					晴		16.0	5.0	10.0	170.7	12.0	16	52.0	良	**	**		キタノライブリー																																																									
2022100960	2024-11-16	5東京5	曇	5.0	2歳新馬		11.0	8.0	11.0	69.1	8.0	7	丸田恭介	55.0	芝1600		良	**	1:36.2	1.5	**	9-9	35.6-34.8	34.6	434(0)			インプロペリア																																																																								
2022100960	2025-04-06	3中山4	小雨	5.0	3歳未勝利		16.0	6.0	12.0	84.6	10.0	8	原優介	55.0	芝1600		良	**	1:35.5	1.3	**	12-8-8	35.1-35.0	35.6	426(-8)			ガーネットウインク																																																																								
2022100960	2025-05-24	2東京9	曇	4.0	3歳未勝利		18.0	5.0	10.0	187.6	11.0	4	原優介	55.0	芝1600		良	**	1:34.3	0.3	**	13-12	34.6-35.1	34.0	430(+4)			テンダールック	84.0																																																																							
2022100960	2025-06-21	3東京5	晴	4.0	3歳未勝利		16.0	1.0	1.0	76.7	11.0	8	丸田恭介	55.0	芝1600		良	**	1:34.1	1.0	**	11-10	34.7-35.1	35.1	438(+8)			ジャサルディア																																																																								
2022100960	2025-08-23	3新潟1	晴	4.0	3歳未勝利		16.0	6.0	11.0	29.5	5.0	6	原優介	55.0	芝1800		良	**	1:47.4	1.3	**	14-14	34.9-34.1	34.4	428(-10)			ミエノフェアリー																																																																								
2022100997	2025-03-08	1阪神3		2.0	3歳未勝利								吉村誠之		ダ1800				2:00.9	5.8		8-8-8-10	38.0-37.7	41.9	512(0)																																	晴		12.0	6.0	8.0	6.6	4.0	11	55.0	良	**	**		ロードヴォイジャー																													
2022100997	2025-04-24	名古屋		10.0	名古屋CCチェリー賞(3歳)								吉村誠之		ダ1500				1:37.4	0.8		7-7-7		40.2	506(-6)				21.0																													晴		11.0	4.0	4.0	17.7	5.0	4	56.0	稍	**	**		イエローブリック																													
2022100997	2025-05-10	2東京5		3.0	3歳未勝利								北村宏司		ダ1600				1:36.6	0.5		3-2	35.6-35.6	36.0	508(+2)				140.0																													小雨		15.0	4.0	7.0	54.4	6.0	3	57.0	重	**	**		ヘリオトロープ																													
2022100997	2025-05-25	2京都10		1.0	3歳未勝利								吉村誠之		ダ1400				1:25.3	1.9		12-13	34.9-36.5	37.1	504(-4)																																	曇		16.0	7.0	13.0	5.3	3.0	11	56.0	不	**	**		テーオーライマン																													
2022100997	2025-06-21	1函館3		3.0	3歳未勝利								横山武史		ダ1700				1:47.7	1.6		8-8-10-8	29.7-38.4	39.1	504(0)				84.0																													晴		13.0	8.0	13.0	6.3	3.0	4	57.0	良	**	**		サンライズバレット																													
2022100997	2025-07-13	1函館10		4.0	3歳未勝利								横山武史		ダ1700				1:49.1	2.4		1-1-2-2	30.5-38.5	40.8	516(+12)																																	晴		13.0	5.0	6.0	7.5	2.0	7	57.0	良	**	**		ロードスカイブルー																													
2022100997	2025-07-26	1札幌1		3.0	3歳未勝利								丹内祐次		ダ1700				1:45.9	0.3		2-2-2-2	29.6-38.5	38.8	506(-10)				220.0																													曇		14.0	8.0	13.0	10.4	4.0	2	57.0	良	**	**		ディアウス																													
2022100997	2025-08-10	1札幌6		4.0	3歳未勝利								丹内祐次		ダ1700				1:47.1	0.1		2-1-1-1	30.1-39.8	39.9	502(-4)				220.0																													晴		14.0	7.0	12.0	3.1	2.0	2	57.0	稍	**	**		マーウォルス																													
2022100997	2025-08-24	2札幌2		3.0	3歳未勝利								丹内祐次		ダ1700				1:46.5	-0.3		2-2-2-1	30.5-38.7	38.7	504(+2)				560.0																													晴		14.0	6.0	10.0	2.4	1.0	1	57.0	良	**	**		(ビービーバザーク)																													
2022100997	2025-09-07	2札幌6		12.0	3歳以上1勝クラス								丹内祐次		ダ1700				1:46.9	1.2		6-5-2-1	28.8-38.8	39.9	508(+4)				80.0																													晴		14.0	8.0	13.0	2.5	1.0	5	55.0	稍	**	**		ジュンラトゥール																													
2022100997	2026-01-05	1京都2		7.0	4歳以上1勝クラス								吉村誠之		ダ1800				1:56.6	4.6		2-2-2-3	35.4-38.1	42.4	504(-4)																																	晴		15.0	3.0	4.0	18.5	8.0	14	57.0	良	**	**		ルクスフレンジー																													
2022100997	2026-01-17	1京都6		8.0	4歳以上1勝クラス								吉村誠之		ダ1800				1:55.8	3.0		3-4-5-6	36.7-37.0	39.6	506(+2)																																	晴		8.0	6.0	6.0	21.5	6.0	7	57.0	良				ロカヒ																													
2022100998	2024-10-13	4東京3		5.0	2歳新馬								横山和生		芝1600				1:37.9	0.1		7-7	37.8-33.7	33.0	482(0)				110.0	晴		15.0	4.0	7.0	2.9	1.0	4	56.0	良	**	**		テイクイットオール																																																									
2022100998	2024-10-27	4新潟8		5.0	2歳未勝利								西塚洸二		芝1400				1:25.6	2.5		5-5	34.0-37.3	39.0	498(+16)					晴		11.0	8.0	11.0	1.9	1.0	10	55.0	良	**	**		イノキ																																																									
2022100998	2024-12-22	7京都8		3.0	2歳未勝利								国分恭介		芝1400				1:22.3	0.7		6-4	34.6-35.5	35.6	486(-12)				55.0	曇		18.0	5.0	9.0	14.5	6.0	5	56.0	良	**	**		ウィンストン																																																									
2022100998	2025-01-11	1中京3		12.0	3歳未勝利								吉村誠之		芝1600				1:36.8	0.7		5-5-4	35.3-36.2	36.4	486(0)				56.0	晴		16.0	5.0	9.0	19.7	8.0	5	55.0	良	**	**		マッドマックス																																																									
2022100998	2025-01-25	1中京8		5.0	3歳未勝利								浜中俊		芝1400				1:23.5	1.4		2-2	34.7-35.3	36.4	486(0)					晴		18.0	8.0	18.0	13.4	4.0	11	57.0	良	**	**		チムグクル																																																									
2022100998	2025-02-15	1京都5		1.0	3歳未勝利								和田竜二		ダ1200				1:13.9	1.1		5-6	35.8-37.0	37.7	496(+10)				84.0	晴		16.0	3.0	5.0	11.2	4.0	4	57.0	良	**	**		ハヤテノツバサ																																																									
2022100998	2025-03-01	1小倉11		2.0	3歳未勝利								佐々木大		芝1200				1:09.9	0.6		6-5	33.8-35.5	35.7	494(-2)				140.0	曇		18.0	1.0	2.0	8.8	5.0	3	57.0	良	**	**		セイプリーズ																																																									
2022100998	2025-06-14	1函館1		1.0	3歳未勝利								浜中俊		芝1200				1:08.9	1.0		9-7	33.3-34.6	34.9	496(+2)					晴		16.0	8.0	16.0	25.7	7.0	8	57.0	良	**	**		エスペシャリー																																																									
2022100998	2025-06-22	1函館4		1.0	3歳未勝利								佐々木大		芝1200				1:10.2	0.7		9-9	34.0-35.5	35.2	496(0)					曇		15.0	7.0	13.0	7.5	4.0	7	57.0	重	**	**		ベビーズブレス																																																									
2022100998	2025-07-19	1函館11		4.0	3歳未勝利								浜中俊		芝1200				1:09.2	0.9		9-9	33.9-34.4	34.3	498(+2)					晴		15.0	7.0	12.0	14.7	6.0	6	57.0	良	**	**		キントラダンサー																																																									
2022100998	2025-08-17	1札幌8		9.0	小樽特別(1勝クラス)								浜中俊		芝1200				1:10.3	0.2		6-4	34.8-35.3	35.0	500(+2)				450.6	曇		16.0	8.0	16.0	30.1	8.0	2	56.0	稍	**	**		ハリウッドメモリー																																																									
2022100998	2025-09-07	2札幌6		4.0	3歳未勝利								浜中俊		芝1200				1:10.7	0.2		15-12	34.2-36.3	35.0	500(0)				84.0	曇		16.0	7.0	13.0	5.1	3.0	4	57.0	稍	**	**		グリフォン																																																									
2022100998	2025-10-15	園田		7.0	C2二								吉村智洋		ダ1400				1:32.0	-0.3		5-5-3-3		39.1	500(0)				70.0	曇		10.0	7.0	8.0	1.7	1.0	1	57.0	良	**	**		(ネバーセイグッバイ)																																																									
2022100998	2025-10-30	園田		9.0	C1二								吉村智洋		ダ1400				1:31.6	0.3		5-5-2-2		39.7	494(-6)				44.0	晴		9.0	5.0	5.0	3.1	2.0	2	57.0	良	**	**		ステラノヴァ																																																									
2022100998	2025-11-19	園田		12.0	C1								下原理		ダ1700				1:55.4	0.8		11-11-8-7		40.0	499(+5)					曇		12.0	2.0	2.0	6.6	4.0	6	57.0	良	**	**		ディザーヴユー																																																									
2022100998	2025-12-03	園田		9.0	C1二								笹田知宏		ダ1400				1:33.0	0.5		6-7-5-5		39.5	494(-5)					曇		12.0	8.0	11.0	2.6	2.0	9	57.0	良	**	**		スプリガン																																																									
2022100998	2025-12-23	園田		10.0	PLAY!オッズパー(C1)								笹田知宏		ダ1400				1:32.2	1.0		7-7-4-4		38.9	498(+4)				27.5	晴		9.0	7.0	7.0	6.6	3.0	3	57.0	稍	**	**		ショートストップ																																																									
2022101020	2025-02-15	1京都5	晴	5.0	3歳新馬		16.0	1.0	1.0	53.3	11.0	9	松若風馬	55.0	ダ1200		良	**	1:16.0	1.3	**	1-1	35.6-39.1	40.4	458(0)			エナジーガンツ																																																																								
2022101020	2025-04-06	2阪神4	晴	1.0	3歳未勝利		16.0	8.0	16.0	35.7	9.0	5	川又賢治	55.0	ダ1200		良	**	1:14.6	1.2	**	11-11	35.5-37.9	37.6	454(-4)			バシリス	56.0																																																																							
2022101020	2025-04-27	1福島6	晴	1.0	3歳未勝利		16.0	4.0	7.0	45.1	11.0	8	川又賢治	55.0	ダ1150		良	**	1:11.0	2.2	**	14-13	32.0-36.8	37.5	450(-4)			フェデルミエール																																																																								
2022101020	2025-05-10	2京都5	曇	4.0	3歳未勝利		12.0	3.0	3.0	81.4	11.0	12	川又賢治	55.0	ダ1800		重	**	1:57.1	6.2	**	2-2-4-7	35.7-37.4	42.4	450(0)			アンジュアルディ																																																																								
2022101020	2025-07-12	1函館9	晴	1.0	3歳未勝利		14.0	7.0	11.0	50.0	8.0	6	和田陽希	52.0	芝1200		良	**	1:09.2	1.1	**	11-12	33.1-35.0	34.2	456(+6)			セゾンデフィーユ																																																																								
2022101020	2025-08-30	2札幌3	小雨	4.0	3歳未勝利		14.0	6.0	10.0	39.9	9.0	11	小林美駒	52.0	芝1500		稍	**	1:32.8	2.0	**	13-12-13	30.2-36.6	36.7	462(+6)			トレヴィ																																																																								
2022101020	2025-10-30	園田	晴	7.0	C2二		9.0	8.0	9.0	29.3	6.0	7	小谷哲平	52.0	ダ1400		良	**	1:33.9	2.3	**	8-8-8-7		40.9	468(+6)			カワキタホクレア																																																																								
2022101030	2024-12-22	5中山8		6.0	2歳新馬								黛弘人		芝1600				1:40.4	3.8		13-13-14	36.2-35.6	37.5	444(0)					晴		15.0	4.0	6.0	226.5	15.0	14	55.0	良	**	**		ディオデルマーレ																																																									
2022101044	2024-11-10	5東京4		4.0	2歳新馬								戸崎圭太		ダ1300				1:21.4	1.3		9-8	31.0-36.3	36.8	466(0)				72.0																																											曇		16.0	8.0	15.0	7.2	4.0	5	56.0	良	**	**		ピコレッド															
2022101044	2024-12-01	7京都2		1.0	2歳未勝利								戸崎圭太		ダ1200				1:14.9	1.5		11-10	35.9-37.5	37.9	464(-2)																																															晴		15.0	2.0	2.0	6.7	5.0	10	56.0	良	**	**		ペイシャケイプ															
2022101044	2025-02-15	1小倉7		1.0	3歳未勝利								藤岡佑介		ダ1700				1:48.3	0.7		9-10-10-10	30.3-38.6	38.2	462(-2)				84.0																																											晴		14.0	7.0	11.0	15.1	5.0	4	57.0	良	**	**		ダイチラポール															
2022101044	2025-03-01	1小倉11		7.0	3歳未勝利								丹内祐次		ダ1700				1:47.5	-0.3		4-3-4-3	30.7-38.9	38.6	458(-4)				560.0																																											曇		16.0	1.0	2.0	4.6	2.0	1	57.0	良	**	**		(ガラク)															
2022101044	2025-04-26	2京都1		7.0	3歳1勝クラス								幸英明		ダ1800				1:55.0	2.3		9-9-6-6	35.9-38.3	40.1	456(-2)																																															晴		12.0	8.0	12.0	55.8	10.0	9	57.0	良	**	**		ロードラビリンス															
2022101044	2025-06-15	1函館2		12.0	3歳以上1勝クラス								丹内祐次		ダ1700				1:46.4	1.0		7-6-8-6	29.9-37.6	38.1	454(-2)				200.0																																											曇		11.0	3.0	3.0	18.4	7.0	3	55.0	良	**	**		グレイテストソング															
2022101044	2025-06-28	1函館5		12.0	3歳以上1勝クラス								丹内祐次		ダ1700				1:45.4	0.3		5-4-4-4	29.9-37.9	37.9	456(+2)				200.0																																											晴		14.0	3.0	4.0	11.7	7.0	3	55.0	稍	**	**		アレスグート															
2022101044	2025-08-02	1札幌3		8.0	3歳以上1勝クラス								丹内祐次		ダ1700				1:47.3	1.9		3-3-4-5	30.0-38.1	39.7	444(-12)																																															晴		11.0	1.0	1.0	8.0	3.0	10	55.0	良	**	**		リアライズカミオン															
2022101044	2025-11-16	3福島4		3.0	3歳以上1勝クラス								松若風馬		ダ1700				1:47.0	1.0		6-5-2-2	29.2-38.7	39.7	464(+20)																																															晴		15.0	4.0	7.0	7.6	3.0	7	56.0	良	**	**		ユウェンタース															
2022101053	2024-11-02	3福島1		5.0	2歳新馬								亀田温心		芝1200				1:12.0	1.1		2-2	35.2-35.7	36.6	474(0)																																															雨		16.0	7.0	14.0	4.5	2.0	7	55.0	稍	**	**		クロユキ															
2022101053	2024-11-30	4中京1		4.0	2歳未勝利								亀田温心		芝1200				1:09.5	0.4		8-8	34.3-34.8	34.3	478(+4)				140.0																																											曇		17.0	3.0	5.0	38.6	8.0	3	55.0	良	**	**		タガノアンファン															
2022101053	2025-02-02	1小倉4		2.0	3歳未勝利								柴田裕一		芝1200				1:10.1	0.1		3-3	34.4-35.6	35.3	476(-2)				220.0																																											曇		16.0	1.0	1.0	8.7	5.0	2	52.0	重	**	**		ベイビーキッス															
2022101053	2025-02-23	1小倉10		2.0	3歳未勝利								柴田裕一		芝1200				1:08.6	0.0		4-3	33.5-35.1	34.8	480(+4)				560.0																																											晴		18.0	3.0	5.0	2.7	1.0	1	52.0	良	**	**		(ブラックティンカー)															
2022101053	2025-06-14	3阪神3		9.0	3歳以上1勝クラス								岩田望来		芝1600				1:35.9	1.1		4-4	36.2-34.9	35.7	480(0)																																															雨		13.0	2.0	2.0	9.0	4.0	8	53.0	重	**	**		スマートミストラル															
2022101053	2025-07-13	2小倉6		12.0	3歳以上1勝クラス								菱田裕二		芝1200				1:08.8	0.2		13-12	33.2-35.4	34.9	482(+2)																																															曇		15.0	4.0	8.0	3.7	2.0	7	53.0	良	**	**		ドナウパール															
2022101053	2025-08-17	3中京8		12.0	3歳以上1勝クラス								亀田温心		芝1200				1:09.0	0.5		6-6	34.1-34.4	34.5	480(-2)																																															晴		18.0	6.0	12.0	5.8	2.0	6	54.0	良	**	**		ブルーサンセット															
2022101053	2025-11-15	3福島3		7.0	3歳以上1勝クラス								石田拓郎		芝1200				1:09.8	0.5		2-3	34.4-34.9	35.3	482(+2)																																															晴		16.0	7.0	13.0	11.9	7.0	8	52.0	良	**	**		クインズスピカ															
2022101062	2025-01-25	1中京8		4.0	3歳新馬								団野大成		ダ1800				1:56.4	-0.7		3-3-4-3	38.0-39.4	39.0	482(0)				620.0																													晴		16.0	3.0	5.0	4.5	1.0	1	57.0	良	**	**		(ランツフート)																													
2022101062	2025-06-08	3阪神2		8.0	3歳以上1勝クラス								岩田望来		ダ1800				1:56.3	3.1		7-7-7-6	37.2-37.2	39.6	490(+8)																																	曇		13.0	7.0	10.0	5.7	3.0	10	55.0	良	**	**		チュウジョウ																													
2022101062	2025-09-28	4阪神9		7.0	3歳以上1勝クラス								鮫島克駿		ダ1400				1:25.8	1.2		10-10	34.3-38.2	38.4	488(-2)																																	晴		16.0	4.0	8.0	10.6	6.0	10	56.0	良	**	**		ゲイルライダー																													
2022101062	2025-10-19	4新潟2		6.0	3歳以上1勝クラス								斎藤新		ダ1800				1:54.4	1.7		10-10-11-11	36.2-38.0	38.3	492(+4)																																	曇		15.0	2.0	2.0	23.4	10.0	12	56.0	重	**	**		ケーヴァラ																													
2022101062	2025-12-07	5中京2		6.0	3歳以上1勝クラス								岩田望来		ダ1400				1:24.7	0.1		12-12	34.6-38.1	36.5	488(-4)				200.0																													晴		16.0	3.0	5.0	56.1	10.0	3	57.0	良	**	**		カレンワッツアップ																													
2022101062	2025-12-28	5阪神8		7.0	3歳以上1勝クラス								西塚洸二		ダ1400				1:25.4	1.5		8-9	34.3-37.3	37.9	490(+2)																																	晴		16.0	3.0	6.0	15.1	7.0	9	56.0	良	**	**		ニューオーリンズ																													
2022101062	2026-01-17	1京都6		7.0	4歳以上1勝クラス								西塚洸二		ダ1400				1:25.7	0.7		14-12	36.0-36.6	36.2	502(+12)				82.0																													晴		15.0	6.0	12.0	60.5	10.0	5	56.0	良				レーティッシュ																													
2022101068	2024-11-02	6京都1		6.0	2歳新馬								田口貫太		芝1600				1:37.1	0.2		2-2	36.0-36.5	36.5	426(0)				180.0	雨		14.0	5.0	8.0	41.0	12.0	3	54.0	重	**	**		サウンドサンライズ																																																									
2022101068	2024-12-01	7京都2		2.0	2歳未勝利								田口貫太		芝1600				1:36.7	0.7		3-3	36.4-34.3	34.8	430(+4)				83.0	晴		10.0	7.0	8.0	12.5	4.0	4	54.0	良	**	**		ブーディガ																																																									
2022101068	2024-12-22	7京都8		1.0	2歳未勝利								Ｍ．デム		ダ1400				1:26.1	-0.2		8-5	35.3-38.2	37.7	428(-2)				550.0	曇		16.0	6.0	12.0	6.3	3.0	1	55.0	良	**	**		(ナリタヒカリ)																																																									
2022101068	2025-02-02	1京都2		4.0	3歳1勝クラス								田口貫太		ダ1400				1:26.0	0.3		4-4	35.5-37.4	37.3	416(-12)				120.0	曇		7.0	7.0	7.0	15.7	6.0	4	54.0	稍	**	**		ヤマニンバロネス																																																									
2022101068	2025-03-09	1阪神4		4.0	3歳1勝クラス								川又賢治		ダ1400				1:26.8	2.0		11-11	34.4-38.0	38.7	416(0)					晴		16.0	8.0	15.0	10.7	5.0	7	55.0	良	**	**		ベルギューン																																																									
2022101068	2025-06-01	2京都12		6.0	3歳1勝クラス								藤岡佑介		ダ1400				1:32.1	7.9		9-14	34.0-37.8	45.0	426(+10)					晴		14.0	6.0	9.0	19.5	9.0	14	55.0	良	**	**		ソリスクラヴィス																																																									
2022101068	2025-11-08	4京都1		7.0	3歳以上1勝クラス								鮫島克駿		ダ1400				1:24.4	0.5		13-10	34.6-37.4	36.4	444(+18)				80.0	晴		16.0	7.0	13.0	22.5	5.0	5	55.0	良	**	**		ランスオブセヘル																																																									
2022101068	2025-11-24	3福島6		2.0	3歳以上1勝クラス								鮫島克駿		ダ1700				1:48.5	1.7		3-3-10-12	29.5-39.1	39.8	448(+4)					晴		15.0	1.0	1.0	8.8	4.0	13	54.0	良	**	**		ステラスプレンダー																																																									
2022101073	2024-12-08	5中山4		5.0	2歳新馬								嶋田純次		芝1800				1:50.6	1.2		14-13-13-13	37.7-35.5	35.5	474(0)					晴		16.0	6.0	11.0	139.7	15.0	12	56.0	良	**	**		バースライト																																																									
2022101073	2024-12-22	5中山8		4.0	2歳未勝利								長浜鴻緒		芝2000				2:03.0	1.7		8-8-13-16	36.4-36.1	36.9	474(0)					晴		18.0	2.0	3.0	375.5	18.0	14	53.0	良	**	**		ロジャリーマイン																																																									
2022101073	2025-02-16	1東京6		2.0	3歳未勝利								武藤雅		ダ2100				2:15.9	0.7		1-1-1-2	31.6-37.4	38.1	464(-10)				220.0	晴		16.0	7.0	13.0	10.8	5.0	2	57.0	良	**	**		タイセイデクスター																																																									
2022101073	2025-03-08	2中山3		6.0	3歳未勝利								武藤雅		ダ1800				1:56.2	0.7		4-4-2-3	38.1-38.6	39.2	466(+2)				140.0	曇		16.0	7.0	13.0	7.4	3.0	3	57.0	稍	**	**		プロスペクトパーク																																																									
2022101073	2025-12-08	船橋		6.0	C2二　三								岡村健司		ダ1500				1:40.0	3.2		3-4-4-4	32.4-38.3	41.2	466(0)					晴		13.0	8.0	12.0	4.5	3.0	12	56.0	良	**	**		デザーヴ																																																									
2022101073	2026-01-07	浦和		8.0	門松飾り特別(C2)								岡村健司		ダ2000				2:14.0	-0.3		2-2-2-1	39.0-39.2	39.1	471(+5)				150.0	曇		11.0	3.0	3.0	4.0	3.0	1	56.0	稍	**	**		(コスモグッドラック)																																																									
2022101075	2024-12-22	5中山8		5.0	2歳新馬								松岡正海		ダ1200				1:15.6	2.4		6-6	35.2-38.0	39.8	444(0)				110.0	晴		16.0	6.0	12.0	98.3	12.0	4	55.0	良	**	**		シュヴァルボヌール																																																									
2022101075	2025-01-19	1中山7		1.0	3歳未勝利								松岡正海		ダ1200				1:14.6	2.5		15-14	34.2-37.9	38.9	442(-2)					晴		16.0	1.0	2.0	214.5	14.0	11	55.0	良	**	**		スターランウェイ																																																									
2022101075	2025-03-22	2中山7		1.0	3歳未勝利								遠藤汰月		ダ1200				1:14.5	3.1		9-10	35.3-36.1	38.0	450(+8)					晴		16.0	4.0	7.0	136.9	8.0	8	52.0	重	**	**		パラサイコロジー																																																									
2022101075	2025-04-27	2東京2		1.0	3歳未勝利								江田照男		ダ1400				1:28.3	1.8		7-7	35.3-39.0	39.8	450(0)					晴		16.0	6.0	11.0	394.2	15.0	13	55.0	稍	**	**		ミッシオーネ																																																									
2022101075	2025-05-17	2東京7		3.0	3歳未勝利								小林凌大		ダ1300				1:19.5	0.8		12-12	29.6-37.0	36.4	458(+8)					雨		16.0	1.0	1.0	295.7	16.0	7	55.0	稍	**	**		シンガソング																																																									
2022101075	2025-06-15	3東京4		1.0	3歳未勝利								遠藤汰月		ダ1400				1:24.5	0.2		13-13	34.8-37.3	35.9	464(+6)				84.0	小雨		16.0	1.0	2.0	127.4	13.0	4	52.0	重	**	**		キカオクベシ																																																									
2022101075	2025-07-06	2福島4		6.0	3歳未勝利								遠藤汰月		ダ1150				1:09.8	1.2		6-6	31.5-37.1	37.2	466(+2)				84.0	曇		16.0	2.0	4.0	32.7	9.0	4	52.0	良	**	**		エスシーレベッカ																																																									
2022101075	2025-08-02	2新潟3		5.0	3歳未勝利								遠藤汰月		ダ1200				1:14.2	1.8		13-12	34.9-37.5	37.2	468(+2)					晴		15.0	1.0	1.0	15.0	6.0	9	52.0	良	**	**		ガールネクストドア																																																									
2022101075	2025-10-28	浦和		2.0	ランチタイムチャレン(C2六)								福原杏		ダ1400				1:29.0	0.2		1-1-1-1	37.3-38.2	38.4	481(+13)				40.0	晴		12.0	6.0	8.0	6.7	4.0	2	54.0	重	**	**		モリオン																																																									
2022101075	2025-11-26	浦和		5.0	C2五　六								張田昂		ダ1500				1:40.1	3.9		7-7-4-6	30.6-39.4	42.8	473(-8)					晴		11.0	6.0	8.0	2.6	2.0	9	54.0	良	**	**		ジーティーエンジン																																																									
2022101075	2025-12-22	浦和		5.0	埼玉のど真ん中!東松(C2)								福原杏		ダ1400				1:31.4	0.7		4-3-3-1	37.2-40.0	40.6	470(-3)				10.0	晴		12.0	6.0	9.0	30.1	5.0	5	54.0	良	**	**		パワーオブザキング																																																									
2022101075	2026-01-07	浦和		2.0	ランチタイムチャレン(C2)								笹川翼		ダ1400				1:31.7	1.9		5-4-5-3	38.5-38.1	39.5	468(-2)				10.0	曇		12.0	4.0	4.0	4.7	2.0	5	54.0	稍	**	**		ソレイケドンチャン																																																									
2022101103	2024-09-21	4中山6		5.0	2歳新馬								横山武史		芝1600				1:36.4	1.6		8-9-11	36.8-33.6	34.3	432(0)					曇		16.0	8.0	15.0	21.7	5.0	6	55.0	良	**	**		キュクロープス																																																									
2022101103	2024-10-12	5京都3		3.0	2歳未勝利								西村淳也		芝1600				1:34.6	0.2		10-11	34.7-35.6	35.2	438(+6)				83.0	晴		16.0	8.0	15.0	21.5	9.0	4	56.0	良	**	**		ドラゴンブースト																																																									
2022101103	2024-12-01	7京都2		3.0	2歳未勝利								西村淳也		芝1800				1:49.2	0.7		3-3	35.9-34.1	34.6	440(+2)				55.0	晴		11.0	5.0	5.0	4.8	2.0	5	56.0	良	**	**		サタデーサンライズ																																																									
2022101103	2024-12-22	7京都8		3.0	2歳未勝利								西村淳也		芝1400				1:22.2	0.6		12-9	34.6-35.5	34.8	446(+6)				140.0	曇		18.0	8.0	17.0	10.3	5.0	3	56.0	良	**	**		ウィンストン																																																									
2022101103	2025-01-06	1中京2		6.0	3歳未勝利								吉村誠之		芝1400				1:22.2	-0.1		12-11	33.5-36.4	35.3	444(-2)				560.0	曇		18.0	2.0	4.0	7.4	4.0	1	55.0	良	**	**		(エクレア)																																																									
2022101103	2025-03-29	2阪神1		6.0	3歳1勝クラス								岩田康誠		芝1400				1:21.2	0.8		12-10	33.6-35.4	34.9	438(-6)					晴		12.0	8.0	12.0	10.7	5.0	8	57.0	良	**	**		ムイ																																																									
2022101103	2025-04-20	2阪神8		7.0	3歳1勝クラス								長浜鴻緒		芝1600				1:35.4	1.1		10-10	36.5-33.4	33.7	444(+6)					曇		11.0	5.0	5.0	11.3	4.0	9	55.0	良	**	**		マテンロウサン																																																									
2022101103	2025-07-26	3中京1		12.0	3歳以上1勝クラス								田山旺佑		芝1600				1:33.7	0.7		8-7-8	35.1-34.0	33.9	442(-2)					晴		10.0	7.0	7.0	34.2	7.0	6	52.0	良	**	**		ミニトランザット																																																									
2022101103	2025-08-16	3中京7		12.0	3歳以上1勝クラス								松山弘平		芝1600				1:34.1	0.4		10-7-7	36.3-34.0	33.5	448(+6)				120.0	晴		10.0	1.0	1.0	11.7	6.0	4	55.0	良	**	**		コリカンチャ																																																									
2022101103	2025-08-31	4中京4		8.0	3歳以上1勝クラス								岩田康誠		芝1600				1:32.4	1.1		8-7-5	34.2-34.4	34.8	450(+2)				120.0	晴		16.0	2.0	3.0	35.2	8.0	4	55.0	良	**	**		グローリーリンク																																																									
2022101103	2025-12-06	5阪神1		12.0	3歳以上1勝クラス								岩田康誠		芝1600				1:35.1	0.6		1-1	36.9-33.6	34.2	456(+6)					晴		15.0	7.0	13.0	32.3	9.0	9	57.0	良	**	**		マイエレメント																																																									
2022101103	2025-12-27	5阪神7		7.0	3歳以上1勝クラス								吉村誠之		芝1800				1:47.5	1.3		2-2	35.4-34.2	35.3	458(+2)					晴		15.0	8.0	14.0	87.9	12.0	11	57.0	良	**	**		サタデーサンライズ																																																									
2022101127	2024-11-23	6京都7		5.0	2歳新馬								高杉吏麒		芝1600				1:36.3	0.7		8-9	35.8-35.1	35.0	454(0)																																															曇		11.0	4.0	4.0	50.8	9.0	7	53.0	良	**	**		ワイルデンウーリー															
2022101127	2025-03-29	2中京5		1.0	3歳未勝利								鮫島克駿		ダ1400				1:24.0	0.0		1-1	35.4-36.6	36.6	458(+4)				220.0																																											曇		16.0	4.0	8.0	8.9	4.0	2	55.0	稍	**	**		キョラムン															
2022101127	2025-04-13	2阪神6		1.0	3歳未勝利								鮫島克駿		ダ1400				1:26.6	1.8		8-7	35.1-37.4	38.3	458(0)				56.0																																											曇		16.0	1.0	1.0	2.3	1.0	5	55.0	良	**	**		ミヤジマナ															
2022101127	2025-05-10	2京都5		1.0	3歳未勝利								川田将雅		ダ1400				1:22.7	0.1		1-1	34.3-36.3	36.4	460(+2)				220.0																																											曇		16.0	3.0	6.0	2.9	1.0	2	55.0	重	**	**		ステアハート															
2022101127	2025-06-07	3阪神1		1.0	3歳未勝利								川田将雅		ダ1400				1:25.7	-0.6		2-1	35.4-37.6	37.6	452(-8)				560.0																																											晴		15.0	7.0	13.0	1.3	1.0	1	55.0	良	**	**		(テーオーヴァルナイ)															
2022101127	2025-10-13	3京都5		7.0	3歳以上1勝クラス								永島まな		ダ1400				1:24.3	0.3		2-2	34.2-37.9	38.1	480(+28)				320.0																																											曇		15.0	7.0	12.0	6.7	4.0	2	52.0	良	**	**		スニーカースキル															
2022101127	2025-11-08	4京都1		7.0	3歳以上1勝クラス								川田将雅		ダ1400				1:23.9	0.0		1-1	34.6-37.4	37.4	480(0)				320.0																																											晴		16.0	1.0	1.0	2.1	1.0	2	55.0	良	**	**		ランスオブセヘル															
2022101137	2024-11-16	5東京5		4.0	2歳新馬								横山武史		芝1400				1:25.3	1.3		2-2	37.4-34.0	35.1	466(0)					曇		11.0	7.0	8.0	17.7	7.0	10	56.0	良	**	**		エルマーゴ																																																									
2022101137	2024-12-22	5中山8		1.0	2歳未勝利								小林脩斗		ダ1200				1:14.3	2.2		14-12	34.0-38.1	38.6	470(+4)					晴		16.0	4.0	8.0	138.8	12.0	7	54.0	良	**	**		エコロヴァイス																																																									
2022101137	2025-02-09	1東京4		1.0	3歳未勝利								長浜鴻緒		ダ1400				1:28.6	2.5		13-13	36.5-37.1	37.8	468(-2)					晴		16.0	5.0	9.0	98.4	11.0	8	54.0	良	**	**		ショウナンヤッホー																																																									
2022101137	2025-03-16	2中山6		4.0	3歳未勝利								佐藤翔馬		ダ1800				1:57.0	1.5		8-8-6-9	37.3-40.0	41.0	462(-6)					雨		16.0	7.0	14.0	89.9	13.0	9	54.0	不	**	**		オンザスクエア																																																									
2022101137	2025-04-12	3中山5		6.0	3歳未勝利								津村明秀		ダ1800				1:57.7	2.1		7-7-6-9	37.7-39.6	41.0	460(-2)					晴		12.0	7.0	9.0	115.6	8.0	10	57.0	良	**	**		ピコシー																																																									
2022101137	2025-05-11	1新潟4		3.0	3歳未勝利								佐藤翔馬		ダ1800				1:57.4	2.4		10-10-6-6	36.7-40.6	42.2	462(+2)					曇		14.0	7.0	11.0	121.4	13.0	10	54.0	稍	**	**		タガノマルアフ																																																									
2022101137	2025-06-17	水沢		7.0	3歳C2三組								高松亮		ダ1300				1:23.1	-0.3		4-4-4-3		39.1	474(+12)				50.0	晴		9.0	5.0	5.0	2.2	2.0	1	56.0	良	**	**		(アイビースピネル)																																																									
2022101137	2025-07-13	盛岡		6.0	3歳C2一組								高松亮		ダ1200				1:14.4	0.8		6-5		37.4	474(0)				3.5	晴		12.0	6.0	7.0	1.9	1.0	5	56.0	良	**	**		ダブルスチール																																																									
2022101137	2025-07-27	盛岡		6.0	3歳C2一組								高松亮		ダ1200				1:13.8	0.4		3-3		37.5	470(-4)				10.0	曇		12.0	8.0	11.0	4.8	2.0	3	56.0	良	**	**		マッセダムール																																																									
2022101137	2025-08-10	盛岡		7.0	カッパ淵賞(3歳C2)								高松亮		ダ1200				1:15.2	2.5		7-9		38.1	473(+3)					曇		12.0	8.0	11.0	7.7	3.0	7	56.0	良	**	**		ペイシャケリー																																																									
2022101137	2025-08-24	盛岡		7.0	3歳C2一組								高松亮		ダ1200				1:13.5	1.3		5-3		37.5	468(-5)				10.0	晴		12.0	2.0	2.0	17.0	5.0	3	56.0	良	**	**		アラック																																																									
2022101137	2025-09-01	盛岡		9.0	3歳C1二組								高松亮		ダ1400				1:25.9	-1.0		4-4		37.3	466(-2)				60.0	曇		10.0	2.0	2.0	15.9	4.0	1	56.0	良	**	**		(エコロジェイド)																																																									
2022101137	2025-09-15	水沢		7.0	3歳B2二組								高松亮		ダ1400				1:28.9	-0.5		3-3-3-3		38.8	470(+4)				70.0	曇		10.0	6.0	6.0	1.6	1.0	1	56.0	稍	**	**		(エーデルムート)																																																									
2022101137	2025-09-30	水沢		7.0	B2四組								高松亮		ダ1600				1:43.1	-0.8		1-1-1-1		38.3	472(+2)				60.0	晴		8.0	2.0	2.0	1.3	1.0	1	56.0	重	**	**		(ゴールドオリス)																																																									
2022101137	2025-10-19	盛岡		12.0	トパーズC(重賞)								高松亮		ダ1800				1:55.6	2.4		7-7-7-7		38.1	470(-2)					曇		12.0	6.0	8.0	18.8	3.0	7	56.0	重	**	**		リケアカプチーノ																																																									
2022101137	2025-10-26	盛岡		8.0	B2二組								高松亮		ダ1600				1:39.8	-0.2		2-1		37.9	472(+2)				60.0	小雨		9.0	8.0	8.0	2.2	1.0	1	56.0	稍	**	**		(サトノミスチーフ)																																																									
2022101137	2025-11-10	盛岡		9.0	B2一組								高松亮		ダ1600				1:40.0	1.7		5-5		38.5	466(-6)				7.8	曇		12.0	8.0	11.0	4.9	2.0	4	56.0	稍	**	**		ブラックレーション																																																									
2022101137	2025-12-16	川崎		7.0	アストレア賞(C2)								鷹見陸		ダ2000				2:20.6	2.9		6-6-7-9	39.7-41.0	43.3	471(+5)					晴		14.0	3.0	4.0	2.1	1.0	12	55.0	重	**	**		ファイヤーボール																																																									
2022101137	2026-01-04	川崎		9.0	獅子舞賞(C2)								野畑凌		ダ1600				1:48.0	1.5		5-5-8-8	38.5-40.8	41.5	471(0)					晴		13.0	6.0	8.0	5.2	2.0	10	56.0	稍	**	**		タケルサバイバル																																																									
2022101140	2024-09-14	4中山3		4.0	2歳新馬								菅原明良		ダ1800				1:59.0	2.7		9-12-12-13	37.4-38.4	39.9	456(0)					晴		16.0	1.0	2.0	11.5	4.0	8	55.0	良	**	**		バギーウィップ																																																									
2022101140	2024-12-22	5中山8		2.0	2歳未勝利								菅原明良		ダ1800				2:00.0	2.3		5-5-7-11	37.3-41.5	43.0	468(+12)					晴		16.0	8.0	16.0	15.3	6.0	13	56.0	良	**	**		ドーバーブライト																																																									
2022101140	2025-01-19	1中山7		3.0	3歳未勝利								菅原明良		ダ1800				1:59.6	1.9		7-7-12-13	39.5-39.6	40.3	462(-6)					晴		16.0	2.0	4.0	58.2	14.0	11	57.0	良	**	**		チンプンカンプン																																																									
2022101140	2025-03-15	2中山5		2.0	3歳未勝利								菅原明良		ダ1800				1:57.7	1.6		7-10-8-7	38.2-39.8	40.1	466(+4)					晴		16.0	7.0	14.0	197.8	13.0	6	57.0	稍	**	**		ナムラジミー																																																									
2022101140	2025-04-12	3中山5		3.0	3歳未勝利								菅原明良		ダ1800				1:56.9	2.0		6-6-7-7	37.6-38.8	39.7	462(-4)					晴		13.0	4.0	5.0	156.6	11.0	8	57.0	稍	**	**		ヴィーデ																																																									
2022101140	2025-07-05	2福島3		2.0	3歳未勝利								菅原明良		ダ1700				1:50.1	2.8		14-13-13-12	30.1-38.6	39.9	470(+8)					曇		15.0	5.0	8.0	33.3	10.0	12	57.0	稍	**	**		カイトヴィント																																																									
2022101140	2025-08-03	2新潟4		9.0	3歳未勝利								菅原明良		ダ1800				1:56.8	2.8		13-13-13-13	36.5-38.5	39.5	468(-2)					晴		15.0	1.0	1.0	138.2	15.0	11	57.0	良	**	**		ホークライト																																																									
2022101174	2024-06-30	2福島2	曇	5.0	2歳新馬		16.0	8.0	16.0	71.9	11.0	12	菊沢一樹	55.0	芝1800		良	**	1:51.6	1.7	**	9-9-6-8	37.1-35.3	36.4	456(0)			デルアヴァー																																																																								
2022101174	2024-07-14	2福島6	晴	2.0	2歳未勝利		8.0	2.0	2.0	104.0	8.0	6	柴田大知	55.0	芝1800		良	**	1:52.0	1.3	**	8-8-8-8	36.7-36.1	36.5	454(-2)			コスモキャバリエ																																																																								
2022101174	2024-08-03	2新潟3	曇	2.0	2歳未勝利		7.0	1.0	1.0	270.4	7.0	6	柴田大知	55.0	芝1600		良	**	1:35.3	2.0	**	6-7	35.5-33.7	34.8	456(+2)			アルレッキーノ																																																																								
2022101174	2024-08-31	3新潟7	曇	2.0	2歳未勝利		10.0	2.0	2.0	10.4	4.0	5	柴田大知	55.0	ダ1800		良	**	1:59.2	0.6	**	3-4-4-4	39.0-39.7	40.0	456(0)			アルマグラース	55.0																																																																							
2022101174	2024-09-15	4中山4	晴	3.0	2歳未勝利		13.0	4.0	4.0	28.1	8.0	5	柴田大知	55.0	ダ1800		良	**	1:57.5	2.1	**	5-5-7-5	36.5-39.6	40.6	466(+10)			リュキア	55.0																																																																							
2022101174	2024-10-06	4東京2	曇	1.0	2歳未勝利		11.0	7.0	8.0	16.4	4.0	6	柴田大知	56.0	ダ1600		重	**	1:37.9	1.2	**	8-9	35.5-36.4	36.8	466(0)			ドゥカート																																																																								
2022101174	2025-02-22	1東京7	晴	3.0	3歳未勝利		16.0	6.0	12.0	66.4	11.0	16	柴田大知	57.0	ダ1600		良	**	1:43.1	2.8	**	9-8	36.7-36.9	39.0	442(-24)			プルシャプラ																																																																								
2022101174	2025-04-06	3中山4	曇	1.0	3歳未勝利		13.0	8.0	12.0	65.7	8.0	13	柴田大知	57.0	ダ1800		稍	**	1:59.7	4.2	**	7-7-7-9	35.1-40.8	43.8	446(+4)			キタノラブミー																																																																								
2022101174	2025-04-19	3中山7	晴	2.0	3歳未勝利		10.0	5.0	5.0	287.5	10.0	10	柴田大知	57.0	ダ1800		良	**	1:58.7	5.4	**	5-5-7-7	37.5-38.2	41.8	450(+4)			リザードアイランド																																																																								
2022101174	2025-05-26	佐賀	晴	4.0	3歳ー6組		9.0	8.0	8.0	5.8	2.0	2	田中純	56.0	ダ1400		稍	**	1:33.7	0.8	**	2-2-2-2		40.5	460(+10)			グラブビクトリー	14.4																																																																							
2022101174	2025-06-09	佐賀	雨	1.0	3歳ー5組		11.0	8.0	11.0	1.8	1.0	2	田中純	56.0	ダ1300		稍	**	1:26.1	1.1	**	3-3-2-2		40.9	457(-3)			ミナミジュウジセイ	14.4																																																																							
2022101174	2025-07-05	佐賀	晴	6.0	AIパッカル賞(3歳)		10.0	3.0	3.0	21.6	5.0	2	田中純	56.0	ダ1400		良	**	1:31.5	1.1	**	4-4-4-4		39.9	452(-5)			リネンドライブ	14.4																																																																							
2022101174	2025-07-21	佐賀	晴	4.0	エル・ランチョ・グラ(3歳)		10.0	5.0	5.0	3.4	3.0	1	小松丈二	56.0	ダ1400		重	**	1:31.8	-0.3	**	10-6-4-1		39.9	451(-1)			(ハインズテソーロ)	45.0																																																																							
2022101174	2025-08-23	佐賀	曇	7.0	C2ー10組		11.0	1.0	1.0	5.0	2.0	2	田中純	56.0	ダ1300		不	**	1:24.3	0.7	**	3-3-3-2		38.5	451(0)			メージャーテソーロ	12.8																																																																							
2022101174	2025-09-06	佐賀	晴	6.0	C2ー9組		9.0	6.0	6.0	2.1	1.0	7	小松丈二	56.0	ダ1400		良	**	1:33.6	2.1	**	4-4-6-6		41.7	456(+5)			ラブビーチ																																																																								
2022101174	2025-09-20	佐賀	曇	7.0	C2ー8組		12.0	2.0	2.0	6.4	3.0	3	田中純	56.0	ダ1400		不	**	1:31.2	0.5	**	6-5-6-2		39.3	460(+4)			アイビーイダテン	7.2																																																																							
2022101174	2025-10-04	佐賀	雨	2.0	C2ー7組		12.0	8.0	11.0	1.9	1.0	3	田中純	56.0	ダ1400		不	**	1:30.5	0.2	**	8-8-7-5		39.3	467(+7)			メイショウタダカツ	7.2																																																																							
2022101174	2025-10-18	佐賀	曇	4.0	C2ー6組		11.0	6.0	7.0	1.6	1.0	3	田中純	56.0	ダ1400		良	**	1:32.7	0.8	**	4-4-3-4		39.8	462(-5)			ユッカラン	7.2																																																																							
2022101174	2025-11-01	佐賀	晴	5.0	C2ー5組		11.0	7.0	9.0	8.3	4.0	5	田中純	56.0	ダ1400		良	**	1:33.4	0.8	**	5-4-4-4		39.5	470(+8)			ニライカナイアロー	3.2																																																																							
2022101174	2025-11-15	佐賀	晴	6.0	C2ー5組		11.0	6.0	7.0	19.3	3.0	4	田中純	56.0	ダ1400		良	**	1:32.4	1.9	**	6-5-5-3		39.7	469(-1)			エイシンダズル	4.8																																																																							
2022101174	2025-12-06	佐賀	晴	4.0	C2ー5組		11.0	6.0	7.0	47.6	4.0	5	田中純	56.0	ダ1400		良	**	1:33.3	1.9	**	8-8-8-9		39.9	471(+2)			フランクテソーロ	3.2																																																																							
2022101174	2025-12-28	佐賀	晴	4.0	SAGAジョッキーズ(C2)		12.0	6.0	7.0	34.7	7.0	10	田中直人	56.0	ダ1400		稍	**	1:33.7	2.0	**	7-8-10-10		40.9	468(-3)			ファーレンジョー																																																																								
2022101188	2024-12-22	5中山8		5.0	2歳新馬								木幡育也		ダ1200				1:15.6	2.4		11-12	35.2-38.0	39.0	502(0)				72.0	晴		16.0	3.0	5.0	19.1	6.0	5	56.0	良	**	**		シュヴァルボヌール																																																									
2022101188	2025-01-11	1中山3		1.0	3歳未勝利								戸崎圭太		ダ1200				1:13.0	0.5		11-11	33.9-38.6	37.8	510(+8)				56.0	晴		16.0	4.0	8.0	9.1	6.0	5	57.0	稍	**	**		エベリンテソーロ																																																									
2022101188	2025-02-09	1東京4		1.0	3歳未勝利								戸崎圭太		ダ1400				1:26.7	0.6		3-3	36.5-37.1	37.4	514(+4)				220.0	晴		16.0	6.0	12.0	3.5	2.0	2	57.0	良	**	**		ショウナンヤッホー																																																									
2022101188	2025-03-01	2中山1		2.0	3歳未勝利								戸崎圭太		ダ1200				1:12.9	0.4		4-4	34.9-37.6	37.6	512(-2)				140.0	晴		16.0	6.0	12.0	4.6	3.0	3	57.0	良	**	**		ルシード																																																									
2022101188	2025-03-30	3中山2		2.0	3歳未勝利								戸崎圭太		ダ1200				1:13.0	0.5		7-7	34.2-38.3	38.1	510(-2)				84.0	曇		16.0	3.0	6.0	2.0	1.0	4	57.0	稍	**	**		エコロカディス																																																									
2022101188	2025-04-26	2東京1		2.0	3歳未勝利								戸崎圭太		ダ1400				1:25.8	0.0		2-2	36.3-36.7	36.6	508(-2)				220.0	曇		16.0	5.0	9.0	2.2	1.0	2	57.0	稍	**	**		アイアムイチバン																																																									
2022101188	2025-05-11	2東京6		2.0	3歳未勝利								戸崎圭太		ダ1400				1:23.9	-0.2		3-3	34.7-36.8	36.5	502(-6)				560.0	晴		16.0	6.0	11.0	2.7	1.0	1	57.0	稍	**	**		(マックスキュー)																																																									
2022101203	2024-07-21	1札幌2		5.0	2歳新馬								浜中俊		芝1800				1:49.0	1.2		3-3-4-4	36.9-34.8	35.6	434(0)																																	晴		8.0	6.0	6.0	57.1	8.0	6	55.0	良	**	**		キングスコール																													
2022101203	2024-08-03	1札幌5		1.0	2歳未勝利								浜中俊		芝1500				1:29.7	0.2		4-3-3	30.3-35.4	35.3	434(0)				140.0																													曇		10.0	7.0	8.0	14.5	6.0	3	55.0	良	**	**		ソロモン																													
2022101203	2024-08-25	2札幌6		1.0	2歳未勝利								浜中俊		芝1500				1:30.6	0.3		1-1-1	30.3-34.8	35.1	436(+2)				55.0																													晴		7.0	7.0	7.0	5.0	3.0	5	55.0	良	**	**		ウォーターエアリー																													
2022101203	2024-11-30	4中京1		4.0	2歳未勝利								横山和生		芝1200				1:10.4	1.3		5-5	34.3-34.8	35.6	442(+6)																																	曇		17.0	8.0	17.0	29.4	7.0	7	55.0	良	**	**		タガノアンファン																													
2022101203	2024-12-08	7京都4		3.0	2歳未勝利								松山弘平		芝1600				1:36.9	2.0		3-3	35.0-36.0	37.6	440(-2)																																	晴		10.0	7.0	7.0	18.1	3.0	7	55.0	良	**	**		モンテシート																													
2022101203	2025-03-01	1小倉11		1.0	3歳未勝利								松本大輝		芝1800				1:51.5	1.4		11-11-10-7	37.2-36.2	36.9	444(+4)																																	曇		16.0	4.0	7.0	88.3	13.0	13	54.0	良	**	**		メイショウピリカ																													
2022101203	2025-03-29	水沢		6.0	3歳C1二組								山本聡哉		ダ1400				1:30.5	-0.1		4-4-3-2		39.3	439(-5)				60.0																													曇		11.0	8.0	11.0	2.3	2.0	1	54.0	稍	**	**		(インディーフィルム)																													
2022101203	2025-04-22	水沢		6.0	3歳B2一組								山本聡哉		ダ1400				1:30.4	-0.2		1-1-1-1		39.0	443(+4)				70.0																													晴		9.0	4.0	4.0	1.7	1.0	1	54.0	良	**	**		(コックリサン)																													
2022101203	2025-05-12	盛岡		6.0	3歳B1二組								山本聡哉		ダ1400				1:27.3	-0.8		3-1		38.1	438(-5)				80.0																													曇		7.0	5.0	5.0	1.4	1.0	1	54.0	重	**	**		(リュウノコルサ)																													
2022101203	2025-05-25	盛岡		7.0	3歳B1								山本聡哉		ダ1600				1:40.9	-0.8		1-1		38.0	441(+3)				80.0																													小雨		8.0	6.0	6.0	1.7	1.0	1	54.0	不	**	**		(サンカリプソ)																													
2022101203	2025-06-22	水沢		7.0	3歳B1								山本聡哉		ダ1600				1:44.7	0.8		6-6-4-5		40.1	443(+2)																																	曇		9.0	6.0	6.0	1.5	1.0	6	54.0	良	**	**		コックリサン																													
2022101203	2025-07-06	盛岡		12.0	サファイア賞(重賞)								山本聡哉		芝1700				1:47.5	0.2		3-3-3-3		35.8	446(+3)				122.5																													曇		12.0	6.0	7.0	1.7	1.0	2	54.0	良	**	**		サンカリプソ																													
2022101203	2025-08-31	2札幌4		9.0	北辰特別(1勝クラス)								和田陽希		芝2600				2:45.9	3.1		8-8-14-14	37.8-37.0	38.4	444(-2)																																	曇		14.0	6.0	9.0	217.8	14.0	14	53.0	稍	**	**		ボンドロア																													
2022101203	2025-11-24	3福島6		12.0	3歳以上1勝クラス								上野翔		芝2000				2:01.4	0.8		8-7-11-12	35.8-34.9	35.0	444(0)																																	曇		16.0	1.0	2.0	349.0	16.0	10	54.0	良	**	**		イガッチ																													
2022101203	2025-12-27	5中山7		7.0	3歳以上1勝クラス								上野翔		芝2200				2:15.0	0.3		7-8-13-11	36.0-35.9	35.2	446(+2)																																	曇		18.0	2.0	4.0	480.1	18.0	7	54.0	良	**	**		ウィッシュツリー																													
2022101203	2026-01-17	1中山6		7.0	4歳以上1勝クラス								上野翔		芝2200				2:13.2	1.2		11-11-10-9	36.6-35.6	35.7	450(+4)																																	晴		12.0	8.0	12.0	102.6	9.0	9	55.0	良				クリフハンガー																													
2022101227	2024-08-10	3新潟1		5.0	2歳新馬								柴田善臣		芝1800				1:49.1	1.3		10-10	36.1-34.7	33.7	464(0)				72.0															晴		16.0	8.0	15.0	40.9	8.0	5	55.0	良	**	**		ジーティーマン																																											
2022101227	2024-10-06	4東京2		2.0	2歳未勝利								松岡正海		芝2000				2:01.1	0.9		3-3-3	36.5-34.9	34.7	470(+6)				140.0															曇		7.0	3.0	3.0	11.2	3.0	3	55.0	良	**	**		エデルクローネ																																											
2022101227	2024-11-10	3福島4		2.0	2歳未勝利								松岡正海		芝2000				2:03.9	0.5		8-8-5-4	35.7-37.4	37.4	470(0)																			晴		16.0	7.0	13.0	12.1	5.0	6	55.0	良	**	**		ジェットブレード																																											
2022101227	2024-12-14	5中山5		7.0	2歳未勝利								松岡正海		芝1800				1:48.6	0.4		1-1-1-1	35.8-35.5	35.9	466(-4)				140.0															晴		16.0	7.0	13.0	81.7	11.0	3	55.0	良	**	**		ノビリシマビジョン																																											
2022101227	2025-01-11	1中山3		2.0	3歳未勝利								松岡正海		ダ1800				1:57.3	2.4		4-5-2-3	37.7-38.2	40.4	468(+2)				140.0															晴		16.0	4.0	7.0	3.9	3.0	3	55.0	稍	**	**		リバースザトレンド																																											
2022101227	2025-02-09	1東京4		3.0	3歳未勝利								横山典弘		ダ1600				1:39.4	-0.9		3-3	36.1-37.6	37.4	468(0)				560.0															晴		16.0	6.0	11.0	4.9	3.0	1	55.0	良	**	**		(ブルージュ)																																											
2022101227	2025-03-22	2中山7		11.0	フラワーC(GIII)								江田照男		芝1800				1:49.2	1.4		5-5-4-4	35.5-35.4	36.5	468(0)																			晴		16.0	8.0	15.0	177.3	13.0	8	55.0	良	**	**		レーゼドラマ																																											
2022101227	2025-10-04	4東京1		8.0	3歳以上1勝クラス								横山典弘		ダ1600				1:38.1	0.0		7-6	36.2-36.8	36.2	484(+16)				800.0															曇		16.0	6.0	12.0	14.8	6.0	1	54.0	良	**	**		(ジェイエルマスター)																																											
2022101227	2025-10-19	4東京7		10.0	西湖特別(2勝クラス)								横山典弘		ダ1600				1:38.5	1.0		9-8	35.5-36.3	36.4	492(+8)																			曇		13.0	8.0	13.0	7.0	2.0	9	54.0	良	**	**		クールブロン																																											
2022101227	2025-12-07	5中京2		9.0	犬山特別(2勝クラス)								ルメール		ダ1800				1:54.5	2.0		5-4-4-4	36.4-38.5	40.1	486(-6)																			晴		16.0	1.0	1.0	4.6	1.0	11	55.0	良	**	**		エイシンナデシコ																																											
2022101227	2026-01-18	1中山7		8.0	4歳以上2勝クラス								松岡正海		ダ1800				1:54.6	1.0		11-11-7-6	36.8-38.9	39.2	486(0)				300.0																																																									晴		16.0	4.0	8.0	24.0	8.0	3	55.0	良	**	**		レディーフランシス	202606010708
2022101237	2024-08-11	3新潟2	晴	5.0	2歳新馬		13.0	2.0	2.0	206.1	13.0	12	石神深道	52.0	芝1600		良	**	1:37.9	2.1	**	9-9	35.3-35.1	36.5	408(0)			マスカレードボール																																																																								
2022101237	2024-08-31	3新潟7	曇	2.0	2歳未勝利		10.0	6.0	6.0	168.5	10.0	10	石神深道	52.0	ダ1800		良	**	2:00.7	2.1	**	6-7-8-8	39.0-39.7	41.0	398(-10)			アルマグラース																																																																								
2022101237	2024-12-01	5中山2	晴	1.0	2歳未勝利		16.0	8.0	16.0	370.2	14.0	14	柴田大知	56.0	ダ1200		良	**	1:15.8	3.2	**	8-8	34.7-37.9	40.3	414(+16)			レーヴレジェンド																																																																								
2022101237	2024-12-14	5中山5	晴	2.0	2歳未勝利		16.0	3.0	5.0	456.4	15.0	13	柴田大知	56.0	ダ1800		良	**	2:01.7	5.0	**	11-11-12-13	38.2-40.1	43.7	408(-6)			ニシノケンタマン																																																																								
2022101237	2025-04-06	3中山4	小雨	5.0	3歳未勝利		16.0	8.0	15.0	407.8	16.0	16	柴田大知	57.0	芝1600		良	**	1:36.5	2.3	**	10-10-11	35.1-35.0	36.5	390(-18)			ガーネットウインク																																																																								
2022101237	2025-05-17	1新潟5	雨	2.0	3歳未勝利		15.0	6.0	10.0	354.9	15.0	13	柴田大知	57.0	ダ1200		稍	**	1:15.4	2.7	**	12-13	34.9-37.8	39.1	376(-14)			アイアンソリッド																																																																								
2022101237	2025-06-27	名古屋	晴	4.0	3歳10組		12.0	1.0	1.0	36.6	8.0	7	大原浩司	57.0	ダ1500		重	**	1:41.0	3.0	**	8-7-7		42.3	399(+23)			ジーティーウララ																																																																								
2022101237	2025-07-11	名古屋	晴	3.0	3歳15組		12.0	1.0	1.0	134.4	11.0	10	小笠原羚	53.0	ダ1500		良	**	1:41.9	6.2	**	7-10-9		43.8	395(-4)			アイガー																																																																								
2022101237	2025-07-25	名古屋	晴	3.0	3歳18組		10.0	4.0	4.0	134.9	9.0	7	大原浩司	57.0	ダ1400		良	**	1:34.1	3.2	**	9-9-9		41.0	394(-1)			ラブスノー																																																																								
2022101237	2025-08-22	名古屋	晴	2.0	名古屋モーニングフィ(3歳)		11.0	7.0	9.0	200.6	11.0	8	大原浩司	57.0	ダ1500		良	**	1:40.7	2.6	**	7-7-7		41.6	397(+3)			アルクドラ																																																																								
2022101237	2025-09-05	名古屋	小雨	1.0	名古屋モーニングフィ(3歳)		12.0	3.0	3.0	124.6	10.0	6	大原浩司	57.0	ダ920		不	**	0:59.9	2.1	**	8		39.3	398(+1)			ジョーテルプジ																																																																								
2022101237	2025-10-03	名古屋	曇	1.0	3歳20組		12.0	6.0	8.0	77.2	10.0	6	阪野学	57.0	ダ920		良	**	0:58.9	1.0	**	4		38.4	402(+4)			ヘヴンリーゴール																																																																								
2022101237	2025-10-14	名古屋	曇	1.0	C31組		12.0	7.0	10.0	26.5	6.0	4	筒井勇介	57.0	ダ920		良	**	0:58.3	1.7	**	5		37.8	400(-2)			マーブルチャン	8.3																																																																							
2022101237	2025-10-28	名古屋	晴	5.0	C27組		12.0	3.0	3.0	265.2	12.0	11	尾崎章生	57.0	ダ1500		稍	**	1:42.9	3.2	**	9-9-11		43.5	402(+2)			エストソール																																																																								
2022101238	2024-08-03	1札幌5		5.0	2歳新馬								佐々木大		芝1200				1:10.2	1.2		6-6	34.2-34.8	34.7	398(0)				180.0	晴		9.0	8.0	8.0	53.2	8.0	3	55.0	良	**	**		カワキタマナレア																																																									
2022101238	2024-08-24	2札幌5		1.0	2歳未勝利								佐々木大		芝1200				1:10.7	1.0		2-2	35.0-34.7	35.6	400(+2)				83.0	晴		7.0	5.0	5.0	22.4	5.0	4	55.0	良	**	**		ロードヴェルト																																																									
2022101238	2024-08-31	2札幌7		1.0	2歳未勝利								丹内祐次		芝1200				1:12.3	0.9		8-8	35.3-36.1	36.1	398(-2)					曇		13.0	6.0	9.0	13.9	5.0	6	55.0	重	**	**		オイランブチ																																																									
2022101238	2024-10-06	5京都2		2.0	2歳未勝利								吉田隼人		芝1400				1:21.9	0.6		9-9	34.1-35.4	35.0	396(-2)					晴		14.0	5.0	7.0	136.3	11.0	8	55.0	良	**	**		ランフォーヴァウ																																																									
2022101238	2024-10-19	5京都5		2.0	2歳未勝利								岩田康誠		芝1600				1:36.5	1.2		6-6	35.2-35.6	36.2	398(+2)					小雨		10.0	5.0	5.0	67.7	9.0	9	55.0	良	**	**		ブルーミングローズ																																																									
2022101238	2024-12-22	7京都8		3.0	2歳未勝利								丹内祐次		芝1400				1:24.1	2.5		17-16	34.6-35.5	36.1	400(+2)					曇		18.0	7.0	14.0	150.3	15.0	16	55.0	良	**	**		ウィンストン																																																									
2022101238	2025-01-25	1中京8		1.0	3歳未勝利								古川吉洋		ダ1200				1:15.0	2.5		13-13	35.3-37.2	37.7	398(-2)					晴		15.0	5.0	9.0	114.2	11.0	10	55.0	良	**	**		エコロレオナ																																																									
2022101238	2025-02-15	1京都5		3.0	3歳未勝利								西塚洸二		ダ1400				1:27.8	1.6		12-12	35.2-38.5	38.9	402(+4)					晴		16.0	4.0	7.0	464.2	16.0	11	54.0	良	**	**		スニーカースキル																																																									
2022101238	2025-04-24	浦和		9.0	ツインメイト特別(3歳)								見越彬央		ダ1400				1:30.3	-0.1		2-2-1-1	37.6-39.6	39.5	403(+1)				300.0	曇		12.0	5.0	6.0	13.1	7.0	1	54.0	良	**	**		(セレブウマザンマイ)																																																									
2022101238	2025-05-28	浦和		8.0	ポピー特別(3歳)								見越彬央		ダ1500				1:36.6	0.9		8-6-5-7	31.3-39.0	39.3	404(+1)					晴		12.0	7.0	10.0	8.1	4.0	8	54.0	良	**	**		ルナフォルトゥーナ																																																									
2022101238	2025-07-24	浦和		5.0	南区ヒマワリ賞(C1)								野畑凌		ダ1500				1:35.8	-1.2		1-1-1-1	31.2-39.4	39.4	400(-4)				120.0	晴		6.0	3.0	3.0	2.4	2.0	1	53.0	良	**	**		(スマイルスライヴ)																																																									
2022101238	2025-09-23	浦和		9.0	秋桜特別(C1)								野畑凌		ダ1500				1:37.5	0.7		1-1-1-1	31.4-39.2	39.9	406(+6)					晴		12.0	5.0	5.0	5.1	2.0	8	53.0	良	**	**		ツェルニー																																																									
2022101238	2026-01-07	浦和		5.0	特選(C1)								桑村真明		ダ800				0:50.0	2.4		4-9	35.0-35.5	37.6	429(+23)					曇		12.0	6.0	7.0	7.2	3.0	12	54.0	稍	**	**		シェナウエーブ																																																									
2022101250	2024-08-10	2札幌1		5.0	2歳新馬								佐々木大		芝1500				1:29.7	-0.1		3-2-3	30.7-34.9	34.8	444(0)				720.0																																											晴		7.0	1.0	1.0	3.2	2.0	1	55.0	良	**	**		(ウォーターエアリー)															
2022101250	2024-09-29	4中山9		9.0	サフラン賞(1勝クラス)								佐々木大		芝1600				1:35.2	0.0		6-5-4	35.8-34.9	34.3	444(0)				1091.7																																											曇		9.0	2.0	2.0	18.4	4.0	1	55.0	良	**	**		(ミラーダカリエンテ)															
2022101250	2024-12-08	7京都4		11.0	阪神ジュベナイルF(GI)								荻野琢真		芝1600				1:34.9	1.5		17-16	34.2-34.9	35.1	448(+4)																																															曇		18.0	6.0	11.0	103.5	14.0	14	55.0	良	**	**		アルマヴェローチェ															
2022101250	2025-03-02	1阪神2		11.0	チューリップ賞(GII)								酒井学		芝1600				1:34.0	0.0		4-3	35.7-34.2	33.7	446(-2)				5307.8																																											小雨		14.0	2.0	2.0	39.3	9.0	1	55.0	良	**	**		(ウォーターガーベラ)															
2022101250	2025-04-13	2阪神6		11.0	桜花賞(GI)								酒井学		芝1600				1:36.0	2.9		2-2	34.5-34.5	37.3	440(-6)																																															雨		18.0	7.0	15.0	27.3	7.0	15	55.0	稍	**	**		エンブロイダリー															
2022101250	2025-06-18	川崎		11.0	関東オークス【指定交(JpnII)								佐々木大		ダ2100				2:18.6	1.3		4-4-4-4	28.9-39.8	40.7	429(-11)				350.0																																											晴		14.0	3.0	4.0	11.2	5.0	4	55.0	良	**	**		メモリアカフェ															
2022101250	2025-10-02	船橋		11.0	マリーンC(JpnIII)								佐々木大		ダ1800				1:57.7	4.1		3-3-4-10	36.8-38.2	41.9	452(+23)																																															晴		10.0	8.0	9.0	13.1	3.0	9	55.0	稍	**	**		プラウドフレール															
2022101250	2025-10-19	3京都7		11.0	秋華賞(GI)								酒井学		芝2000				1:59.0	0.7		11-14-14-15	35.6-35.3	34.7	454(+2)																																															曇		18.0	4.0	7.0	180.6	17.0	7	55.0	良	**	**		エンブロイダリー															
2022101250	2025-11-22	3福島5		11.0	福島記念(GIII)								酒井学		芝2000				2:00.7	0.8		8-6-7-7	36.1-34.2	34.3	450(-4)																																															晴		16.0	2.0	3.0	15.7	6.0	9	53.0	良	**	**		ニシノティアモ															
2022101259	2024-12-22	5中山8	晴	6.0	2歳新馬		15.0	1.0	1.0	23.7	6.0	2	戸崎圭太	55.0	芝1600		良	**	1:36.6	0.0	**	1-1-1	36.2-35.6	35.6	424(0)			ディオデルマーレ	290.0																																																																							
2022101259	2025-01-19	1中山7	小雨	12.0	3歳未勝利		16.0	2.0	3.0	4.3	2.0	1	戸崎圭太	55.0	芝1600		良	**	1:35.7	0.0	**	7-6-5	35.6-35.8	35.2	428(+4)			(ガンビーチ)	560.0																																																																							
2022101259	2025-04-06	3中山4	曇	7.0	3歳1勝クラス		9.0	4.0	4.0	29.2	6.0	7	荻野極	55.0	芝1600		良	**	1:35.3	1.1	**	4-6-7	35.7-34.5	35.1	422(-6)			ジョイフルニュース																																																																								
2022101259	2025-05-03	2東京3	晴	5.0	3歳1勝クラス		9.0	8.0	8.0	32.6	6.0	5	幸英明	55.0	芝1400		良	**	1:21.7	0.5	**	8-7	35.7-33.3	33.1	428(+6)			ウイントワイライト	80.0																																																																							
2022101259	2025-09-07	2札幌6	晴	8.0	3歳以上1勝クラス		16.0	2.0	4.0	21.2	7.0	15	佐々木大	54.0	芝1200		稍	**	1:12.0	2.0	**	11-16	34.3-35.7	36.5	432(+4)			ブルーアイドガール																																																																								
2022101259	2025-10-05	4東京2	晴	7.0	3歳以上1勝クラス		18.0	7.0	15.0	49.5	9.0	15	丸山元気	54.0	芝1400		良	**	1:21.3	1.2	**	9-11	34.6-34.1	34.2	428(-4)			レイククレセント																																																																								
2022101259	2026-01-11	1中山4	晴	8.0	4歳以上1勝クラス		16.0	6.0	11.0	257.2	14.0	13	丸山元気	55.0	芝1600		良	**	1:35.3	3.2	**	7-7-13	33.8-35.3	37.7	434(+6)			クライスレリアーナ																																																																								
2022101273	2024-08-17	2中京3	晴	6.0	2歳新馬		16.0	4.0	8.0	214.6	16.0	9	松本大輝	54.0	ダ1800		良	**	1:59.1	4.5	**	15-15-13-12	37.5-37.5	40.7	474(0)			クァンタムウェーブ																																																																								
2022101273	2024-09-16	3中京5	晴	2.0	2歳未勝利		10.0	2.0	2.0	68.8	9.0	7	吉村誠之	52.0	ダ1800		稍	**	1:57.5	1.8	**	10-10-9-8	37.2-39.6	39.1	470(-4)			パワーストーン																																																																								
2022101273	2024-10-05	5京都1	晴	2.0	2歳未勝利		10.0	8.0	10.0	31.4	8.0	7	国分恭介	56.0	ダ1800		稍	**	1:59.5	4.0	**	6-6-6-5	37.0-39.0	42.5	474(+4)			シュラザック																																																																								
2022101273	2024-10-27	5京都8	晴	3.0	2歳未勝利		12.0	1.0	1.0	159.6	11.0	10	吉村誠之	53.0	芝2000		良	**	2:04.3	2.7	**	5-5-7-7	35.8-35.7	37.8	476(+2)			ロードガレリア																																																																								
2022101273	2024-12-15	7京都6	晴	3.0	2歳未勝利		14.0	4.0	6.0	373.7	13.0	4	田口貫太	55.0	ダ1800		良	**	1:56.8	1.7	**	2-2-2-3	37.2-37.7	39.3	482(+6)			サマーナイト	83.0																																																																							
2022101273	2025-01-05	1中京1	晴	1.0	3歳未勝利		16.0	1.0	1.0	95.9	8.0	6	田口貫太	56.0	ダ1800		良	**	1:56.4	1.6	**	8-6-7-6	37.7-37.8	38.9	488(+6)			ルヴァンユニベール																																																																								
2022101273	2025-03-22	2中京3	晴	6.0	3歳未勝利		12.0	4.0	4.0	21.3	6.0	5	西村淳也	57.0	ダ1800		良	**	1:56.2	1.2	**	1-1-1-1	36.9-39.1	40.3	474(-14)			ポッドフォルク	56.0																																																																							
2022101273	2025-04-06	2阪神4	晴	2.0	3歳未勝利		15.0	2.0	3.0	29.4	5.0	4	西村淳也	57.0	ダ1800		良	**	1:55.5	2.3	**	4-3-3-3	37.4-36.7	38.8	476(+2)			ブラックアダマス	84.0																																																																							
2022101273	2025-05-10	2京都5	曇	2.0	3歳未勝利		16.0	6.0	11.0	5.7	2.0	7	松山弘平	57.0	ダ1900		重	**	2:00.9	1.2	**	1-2-1-2	29.7-38.8	40.0	478(+2)			メリトーリアス																																																																								
2022101273	2025-05-31	2京都11	曇	3.0	3歳未勝利		15.0	2.0	2.0	25.5	8.0	5	松山弘平	57.0	ダ1800		良	**	1:54.5	1.0	**	4-4-4-5	37.3-37.8	38.4	474(-4)			カンピドリオ	56.0																																																																							
2022101273	2025-06-29	2小倉2	晴	4.0	3歳未勝利		16.0	6.0	11.0	51.2	10.0	11	長岡禎仁	57.0	ダ1700		良	**	1:48.8	2.0	**	6-6-4-6	30.1-38.0	39.5	464(-10)			チャチャピンク																																																																								
2022101273	2025-08-02	1札幌3	晴	3.0	3歳未勝利		14.0	6.0	9.0	28.9	9.0	5	舟山瑠泉	54.0	ダ1700		良	**	1:48.1	1.1	**	5-5-5-4	30.4-37.5	38.2	464(0)			ラルフテソーロ	56.0																																																																							
2022101273	2025-08-16	1札幌7	晴	6.0	3歳未勝利		14.0	7.0	11.0	67.5	10.0	11	佐々木大	57.0	ダ1700		良	**	1:49.2	2.5	**	6-6-7-10	30.2-38.5	40.4	466(+2)			ミスティマウンテン																																																																								
2022101289	2024-12-22	5中山8		5.0	2歳新馬								武藤雅		ダ1200				1:16.6	3.4		9-7	35.2-38.0	40.2	426(0)					晴		16.0	7.0	14.0	168.2	13.0	8	55.0	良	**	**		シュヴァルボヌール																																																									
2022101289	2025-01-26	1中山9		1.0	3歳未勝利								武藤雅		ダ1200				1:15.2	2.5		14-14	34.2-38.5	39.5	428(+2)					晴		16.0	8.0	15.0	447.0	15.0	15	55.0	良	**	**		イズルード																																																									
2022101289	2025-02-27	浦和		7.0	ツインシャイン特別(3歳)								野畑凌		ダ1400				1:35.2	4.5		7-7-10-12	38.2-39.9	43.4	418(-10)					晴		12.0	7.0	10.0	83.3	10.0	12	54.0	良	**	**		アステローペ																																																									
2022101289	2025-04-06	佐賀		9.0	SAGAリベンジャー(3歳)								長谷川蓮		ダ1300				1:28.5	1.6		6-6-5-7		41.7	436(+18)					晴		11.0	4.0	4.0	32.1	7.0	8	51.0	良	**	**		カシノエイサップ																																																									
2022101289	2025-04-27	佐賀		10.0	SAGAリベンジャー(3歳)								長谷川蓮		ダ900				0:56.8	0.6		7-5		37.3	428(-8)				5.4	晴		12.0	6.0	7.0	31.5	6.0	4	51.0	良	**	**		ミンスパイ																																																									
2022101289	2025-05-11	佐賀		10.0	SAGAリベンジャー(3歳)								山下裕貴		ダ1400				1:37.3	5.9		4-4-6-12		45.0	441(+13)					曇		12.0	6.0	7.0	95.4	11.0	12	54.0	重	**	**		ハヤブサナンデヒメ																																																									
2022101289	2025-05-24	佐賀		11.0	SAGAリベンジャー(3歳)								山口勲		ダ900				0:57.5	2.0		7-8		38.8	432(-9)					小雨		12.0	6.0	7.0	5.8	4.0	7	54.0	不	**	**		エイシンアヤメ																																																									
2022101289	2025-06-07	佐賀		11.0	SAGAリベンジャー(3歳)								西森将司		ダ900				0:57.1	0.9		7-6		38.3	435(+3)					曇		12.0	5.0	5.0	23.6	6.0	8	54.0	良	**	**		ニシノキヨハ																																																									
2022101289	2025-06-21	佐賀		9.0	SAGAリベンジャー(3歳)								青海大樹		ダ1400				1:36.3	3.5		7-7-6-7		44.2	434(-1)					曇		11.0	1.0	1.0	97.8	8.0	7	53.0	良	**	**		レミギノテソーロ																																																									
2022101289	2025-07-12	佐賀		11.0	SAGAリベンジャー(3歳)								川島拓		ダ900				0:58.9	3.2		10-10		38.4	437(+3)					小雨		10.0	1.0	1.0	25.6	6.0	10	54.0	良	**	**		ゴームズ																																																									
2022101290	2024-07-21	2福島8		6.0	2歳新馬								大江原比		芝1200				1:11.6	0.6		3-4	35.5-35.5	35.7	460(0)				110.0																													晴		11.0	2.0	2.0	6.1	4.0	4	51.0	良	**	**		アブキールベイ																													
2022101290	2024-08-11	3新潟2		3.0	2歳未勝利								大江原比		芝1400				1:22.8	0.6		9-9	33.9-36.3	36.0	454(-6)				83.0																													晴		14.0	8.0	13.0	19.5	7.0	4	51.0	良	**	**		キョウエイボニータ																													
2022101290	2024-09-01	3新潟8		1.0	2歳未勝利								大江原比		芝1400				1:22.4	0.0		1-1	35.5-34.6	34.6	452(-2)				550.0																													晴		12.0	6.0	8.0	10.5	5.0	1	51.0	良	**	**		(ルチアーナ)																													
2022101290	2024-11-02	5東京1		11.0	京王杯2歳S(GII)								原優介		芝1400				1:22.3	1.1		1-1	34.9-34.9	36.0	460(+8)																																	小雨		14.0	5.0	8.0	170.7	13.0	11	55.0	稍	**	**		パンジャタワー																													
2022101290	2025-08-09	2新潟5		5.0	3歳以上1勝クラス								遠藤汰月		ダ1200				1:13.2	1.1		11-12	33.8-38.3	37.9	444(-16)																																	晴		15.0	2.0	3.0	6.2	2.0	12	51.0	良	**	**		サンダーアリュール																													
2022101290	2025-11-15	3福島3		12.0	3歳以上1勝クラス								菊沢一樹		芝1200				1:09.2	0.0		1-1	33.5-35.7	35.7	470(+26)				800.0																													晴		16.0	4.0	8.0	9.8	5.0	1	55.0	良	**	**		(サウンドレイラ)																													
2022101290	2025-12-06	5中山1		12.0	3歳以上2勝クラス								石橋脩		芝1200				1:07.8	0.3		3-3	33.9-33.6	33.6	476(+6)																																	晴		13.0	6.0	11.0	28.2	7.0	6	55.0	良	**	**		アンドアイラヴハー																													
2022101290	2026-01-17	1中山6		12.0	4歳以上2勝クラス								菊沢一樹		芝1200				1:08.1	0.1		2-2	34.3-33.7	33.7	476(0)				180.0																													晴		16.0	6.0	11.0	9.2	5.0	4	56.0	良				カンシン																													
2022101312	2024-11-02	6京都1	雨	6.0	2歳新馬		14.0	6.0	10.0	13.5	7.0	10	角田大和	55.0	芝1600		重	**	1:38.3	1.4	**	3-3	36.0-36.5	37.6	434(0)			サウンドサンライズ																																																																								
2022101312	2025-02-08	1小倉5	晴	2.0	3歳未勝利		16.0	6.0	12.0	66.7	11.0	13	松若風馬	55.0	芝1800		稍	**	1:51.9	2.4	**	2-2-2-2	35.9-36.6	38.9	432(-2)			タガノアビー																																																																								
2022101312	2025-02-16	1京都6	曇	3.0	3歳未勝利		16.0	2.0	4.0	140.6	13.0	5	角田大和	55.0	ダ1400		稍	**	1:27.6	0.8	**	2-1	35.8-38.2	39.0	426(-6)			ニシノジェダイ	56.0																																																																							
2022101312	2025-04-06	2阪神4	晴	1.0	3歳未勝利		16.0	4.0	8.0	8.1	3.0	2	横山和生	55.0	ダ1200		良	**	1:13.9	0.5	**	10-8	35.5-37.9	37.3	422(-4)			バシリス	220.0																																																																							
2022101312	2025-04-19	1福島3	晴	1.0	3歳未勝利		16.0	8.0	15.0	4.1	2.0	5	角田大和	55.0	ダ1150		良	**	1:10.7	1.3	**	7-7	31.6-37.8	38.4	424(+2)			タルトポワール	56.0																																																																							
2022101312	2025-05-10	1新潟3	曇	3.0	3歳未勝利		15.0	6.0	11.0	11.1	6.0	5	角田大和	55.0	ダ1200		稍	**	1:13.1	0.2	**	5-5	35.3-37.6	37.3	426(+2)			オースミライト	56.0																																																																							
2022101312	2025-07-27	3中京2	晴	4.0	3歳未勝利		16.0	4.0	7.0	6.9	5.0	7	田山旺佑	52.0	ダ1200		良	**	1:13.0	0.7	**	5-5	35.0-37.3	37.4	430(+4)			メイショウサトノヒ																																																																								
2022101312	2025-09-17	名古屋	曇	10.0	名古屋CCライム賞(3歳)		12.0	3.0	3.0	8.5	3.0	9	大畑慧悟	55.0	ダ1500		良	**	1:38.3	2.5	**	3-3-3		41.3	449(+19)			シュパネントウィル																																																																								
2022101312	2025-10-01	名古屋	晴	6.0	3歳3組		12.0	7.0	10.0	4.4	3.0	10	大畑雅章	55.0	ダ1500		良	**	1:39.0	2.3	**	3-2-8		41.7	448(-1)			アールオブケント																																																																								
2022101312	2025-10-16	名古屋	曇	12.0	B5組		12.0	6.0	7.0	9.1	3.0	9	大畑雅章	55.0	ダ920		不	**	0:58.3	3.0	**	7		37.5	447(-1)			ブラックティンカー																																																																								
2022101312	2025-11-12	名古屋	曇	5.0	C11組		11.0	6.0	7.0	15.3	3.0	1	大畑雅章	55.0	ダ1400		稍	**	1:29.7	-0.8	**	1-1-1		39.2	446(-1)			(マンノデュエット)	55.0																																																																							
2022101312	2025-12-04	名古屋	晴	10.0	アケルナル特別(B)		12.0	7.0	10.0	5.0	3.0	1	大畑雅章	55.0	ダ1400		稍	**	1:29.4	-0.6	**	1-1-1		38.5	451(+5)			(ルクスシュナイダー)	85.0																																																																							
2022101312	2025-12-18	名古屋	晴	10.0	カストル特別(B)		10.0	6.0	6.0	2.4	1.0	3	大畑雅章	55.0	ダ1500		稍	**	1:36.1	0.5	**	1-1-1		39.1	448(-3)			アキヨシパワー	17.0																																																																							
2022101312	2026-01-01	名古屋	晴	12.0	願いを込めた絵馬賞(B)		12.0	7.0	10.0	4.7	3.0	2	今井貴大	55.0	ダ1400		良	**	1:29.5	0.3	**	1-1-1		39.0	446(-2)			ミスティライラック	22.8																																																																							
2022101412	2025-03-30	2中京6	晴	5.0	3歳未勝利		18.0	4.0	8.0	82.8	12.0	10	松岡正海	55.0	芝1200		良	**	1:11.3	0.9	**	13-12	35.1-35.3	34.7	406(0)			ビービーエフォート																																																																								
2022101412	2025-04-06	3中山4	曇	2.0	3歳未勝利		16.0	2.0	3.0	36.0	8.0	14	松岡正海	55.0	ダ1200		稍	**	1:15.2	2.6	**	4-4	35.2-37.4	39.7	404(-2)			クインズシフォン																																																																								
2022101412	2025-06-21	1函館3	曇	1.0	3歳未勝利		16.0	4.0	7.0	44.2	10.0	4	小林美駒	51.0	芝1200		良	**	1:09.0	0.2	**	3-2	33.6-35.2	35.1	408(+4)			グッバイウェーブ	84.0																																																																							
2022101412	2025-07-12	1函館9	晴	1.0	3歳未勝利		14.0	2.0	2.0	12.2	4.0	3	小林美駒	51.0	芝1200		良	**	1:08.9	0.8	**	2-2	33.1-35.0	35.6	422(+14)			セゾンデフィーユ	140.0																																																																							
2022101412	2025-07-26	1札幌1	曇	4.0	3歳未勝利		14.0	8.0	14.0	10.2	5.0	2	小林美駒	52.0	芝1500		良	**	1:27.5	0.0	**	2-2-2	29.2-35.0	34.8	422(0)			シンヒダカゴールド	220.0																																																																							
2022101412	2025-08-16	1札幌7	晴	4.0	3歳未勝利		14.0	6.0	10.0	3.1	1.0	1	小林美駒	52.0	芝1500		良	**	1:28.0	-0.4	**	1-1-1	29.3-35.4	35.4	426(+4)			(ハクサンミラクル)	560.0																																																																							
2022101412	2025-10-25	4新潟3	曇	12.0	3歳以上1勝クラス		17.0	5.0	10.0	16.6	7.0	1	丹内祐次	54.0	芝1400		良	**	1:21.3	-0.2	**	4-4	34.3-35.2	34.9	414(-12)			(ベルサ)	800.0																																																																							
2022101412	2025-12-21	5中京6	曇	12.0	尾張特別(2勝クラス)		18.0	6.0	11.0	14.8	8.0	14	吉田隼人	53.0	芝1400		稍	**	1:22.8	0.9	**	4-4	34.6-35.5	35.8	420(+6)			リチャードバローズ																																																																								
2022101412	2026-01-10	1中山3	晴	10.0	初凪賞(2勝クラス)		16.0	6.0	11.0	61.2	12.0	14	長岡禎仁	55.0	芝1600		良	**	1:35.3	1.5	**	2-5-6	35.4-34.7	35.7	416(-4)			マテンロウブラボー																																																																								
2022101424	2024-12-08	5中山4	晴	5.0	2歳新馬		16.0	1.0	1.0	135.3	14.0	11.0	内田博幸	56.0	芝1800		良	**	1:50.6	1.2	**	7-6-8-10	37.7-35.5	36.1	500(0)			バースライト																																																																								
2022101424	2025-03-16	1阪神6	小雨	3.0	3歳未勝利		16.0	3.0	5.0	54.6	9.0	3.0	Ｍ．デム	57.0	ダ1400		稍	**	1:27.2	1.0	**	15-12	34.8-38.9	37.9	508(+8)			サンマルノヴェル	140.0																																																																							
2022101424	2025-04-06	2阪神4	晴	3.0	3歳未勝利		16.0	3.0	6.0	13.6	4.0	10.0	Ｍ．デム	57.0	ダ1400		良	**	1:27.6	1.7	**	12-6	35.5-37.7	38.6	510(+2)			ザックザク																																																																								
2022101424	2025-06-08	3阪神2	晴	3.0	3歳未勝利		16.0	4.0	8.0	34.9	8.0	4.0	国分恭介	57.0	ダ1400		良	**	1:26.9	1.3	**	10-5	35.2-37.7	38.0	506(-4)			ペイドラロワール	84.0																																																																							
2022101424	2025-07-06	2小倉4	晴	2.0	3歳未勝利		16.0	6.0	11.0	26.9	7.0	5.0	Ｍ．デム	57.0	ダ1700		良	**	1:48.7	0.7	**	12-12-11-9	29.2-40.8	40.2	506(0)			ココデイック	56.0																																																																							
2022101424	2025-09-07	4阪神2	晴	3.0	3歳未勝利		16.0	2.0	4.0	86.8	11.0	11.0	国分恭介	57.0	ダ1400		良	**	1:26.9	1.4	**	12-12	34.7-38.3	38.8	506(0)			ダノンプリマ																																																																								
2022101424	2025-10-21	金沢	曇	6.0	YJSトライアルラウ(C2)		12.0	3.0	3.0	4.2	2.0	2.0	城野慈尚	57.0	ダ1400		良	**	1:31.5	0.1	**	6-6-6-6		38.9	522(+16)			パブリックスフィア	19.2																																																																							
2022101424	2025-11-04	金沢	晴	7.0	金沢競馬C2プレミア		8.0	7.0	7.0	6.8	3.0	7.0	甲賀弘隆	57.0	ダ1400		重	**	1:31.5	2.4	**	4-3-4-6		40.6	510(-12)			ルシャリオ																																																																								
2022101424	2025-11-17	金沢	曇	7.0	C23		8.0	2.0	2.0	1.6	1.0	1.0	吉田晃浩	57.0	ダ1500		良	**	1:39.8	-0.3	**	5-5-3-1		41.1	512(+2)			(チョウノヨウニマウ)	43.0																																																																							
2022101424	2025-12-08	金沢	雨	7.0	C12　特別編成(C1特別)		8.0	2.0	2.0	46.4	5.0	5.0	柴田勇真	57.0	ダ1400		重	**	1:30.6	0.6	**	5-5-5-5		39.2	515(+3)			スナドケイ	4.5																																																																							
2022101424	2025-12-15	金沢	曇	6.0	C24		8.0	1.0	1.0	1.7	1.0	2.0	柴田勇真	57.0	ダ1400		不	**	1:30.4	1.1	**	3-3-2-2		38.3	516(+1)			カービスベイ	13.7																																																																							
2022101424	2025-12-26	金沢	雪	7.0	淳ちゃん!どーしたら(C2)		0.0	1.0	1.0				柴田勇真	57.0	ダ1400		不								計不																																																																											
2022101426	2024-06-08	3東京3		5.0	2歳新馬								原優介		芝1600				1:35.9	0.8		3-2	37.4-33.8	34.3	490(0)				290.0	晴		8.0	2.0	2.0	4.7	3.0	2	54.0	良	**	**		コートアリシアン																																																									
2022101426	2024-06-23	3東京8		1.0	2歳未勝利								原優介		芝1600				1:36.8	1.0		2-2	34.6-37.2	37.9	496(+6)					曇		10.0	4.0	4.0	4.9	2.0	7	54.0	稍	**	**		レーヴドロペラ																																																									
2022101426	2024-09-01	2札幌8		1.0	2歳未勝利								横山武史		芝1500				1:32.7	1.9		3-2-2	29.8-36.0	37.8	494(-2)					晴		12.0	7.0	10.0	15.4	6.0	10	55.0	稍	**	**		ヒシアマン																																																									
2022101426	2024-09-29	4中山9		1.0	2歳未勝利								原優介		ダ1200				1:14.2	1.7		4-5	33.7-38.8	40.2	488(-6)					曇		16.0	5.0	9.0	5.0	2.0	11	54.0	良	**	**		リアルショット																																																									
2022101426	2024-12-22	5中山8		3.0	2歳未勝利								菅原明良		芝1200				1:09.9	0.1		14-10	33.5-36.3	35.4	506(+18)				140.0	晴		16.0	3.0	6.0	10.3	6.0	3	56.0	良	**	**		ミクストベリーズ																																																									
2022101426	2025-02-01	1小倉3		6.0	3歳未勝利								丹内祐次		芝1200				1:10.0	0.4		14-13	33.8-35.8	35.2	500(-6)				56.0	雨		18.0	7.0	14.0	5.2	2.0	5	57.0	稍	**	**		セサンパ																																																									
2022101426	2025-02-22	1小倉9		7.0	3歳未勝利								丹内祐次		芝1200				1:09.0	0.3		11-6	33.8-34.9	34.3	496(-4)				140.0	曇		18.0	1.0	1.0	5.5	3.0	3	57.0	良	**	**		ウインマスカレード																																																									
2022101426	2025-03-23	2中京4		4.0	3歳未勝利								丹内祐次		芝1400				1:22.3	0.4		7-7	34.1-35.8	35.5	494(-2)				84.0	晴		18.0	8.0	17.0	5.7	3.0	4	57.0	良	**	**		カシオペア																																																									
2022101426	2025-07-13	2福島6		4.0	3歳未勝利								原優介		芝1200				1:11.2	0.5		3-2	34.5-36.2	36.4	492(-2)				84.0	晴		16.0	1.0	2.0	7.5	3.0	4	57.0	良	**	**		ルシェロアズーリ																																																									
2022101426	2025-07-27	2新潟2		11.0	3歳未勝利								石神深道		芝1000				0:55.7	0.7		9	32.8-32.8	32.9	488(-4)				140.0	晴		16.0	5.0	10.0	2.8	1.0	3	54.0	良	**	**		イスラコラソン																																																									
2022101426	2025-08-17	2新潟8		12.0	3歳未勝利								石神深道		芝1200				1:10.4	0.6		11-11	34.2-35.6	35.3	492(+4)					晴		18.0	2.0	3.0	10.2	5.0	9	54.0	良	**	**		タイキオーベロン																																																									
2022101426	2025-09-23	高知		2.0	GC開局30周年記念(C3)								林謙佑		ダ1600				1:49.0	2.0		5-5-3-4		40.6	513(+21)				12.0	曇		7.0	5.0	5.0	16.3	5.0	4	57.0	良	**	**		シンリンゲンカイ																																																									
2022101426	2025-10-05	高知		4.0	C3ー2								岡村卓弥		ダ1400				1:33.4	0.6		7-6-4-4		41.6	503(-10)				6.0	晴		12.0	5.0	6.0	4.3	3.0	5	57.0	重	**	**		ドウフォルス																																																									
2022101426	2025-10-19	高知		10.0	C3ー2								岡村卓弥		ダ1300				1:25.7	1.0		5-2-3-2		39.6	504(+1)				9.0	曇		11.0	3.0	3.0	14.5	4.0	4	57.0	稍	**	**		ビッキーファースト																																																									
2022101426	2025-11-01	高知		5.0	C2ー7								岡村卓弥		ダ1300				1:25.5	0.9		7-6-8-8		39.7	498(-6)					晴		10.0	7.0	8.0	5.6	2.0	6	57.0	不	**	**		アスキーアート																																																									
2022101426	2025-11-15	高知		3.0	C2ー8								林謙佑		ダ1600				1:48.1	1.6		1-1-1-2		40.7	507(+9)				17.5	晴		8.0	6.0	6.0	32.7	3.0	3	57.0	重	**	**		ショウサンキズナ																																																									
2022101426	2025-11-29	高知		2.0	四国の畜産物特別(C2)								林謙佑		ダ1400				1:35.5	1.0		10-10-9-6		41.9	516(+9)				7.0	晴		10.0	2.0	2.0	3.7	2.0	5	57.0	良	**	**		コースタルテラス																																																									
2022101426	2025-12-13	高知		1.0	C2ー7								岡村卓弥		ダ1400				1:35.5	2.7		6-7-8-7		42.8	521(+5)					曇		11.0	2.0	2.0	72.2	8.0	11	57.0	良	**	**		トルタカプレーゼ																																																									
2022101426	2025-12-28	高知		12.0	ファイナルレース(C2)								岡村卓弥		ダ1600				1:51.5	1.8		6-5-7-9		43.7	518(-3)					晴		11.0	8.0	10.0	7.4	4.0	8	57.0	良	**	**		モノノフゴールド																																																									
2022101426	2026-01-10	高知		5.0	C2ー5								林謙佑		ダ1300				1:26.0	0.8		5-5-5-5		40.1	510(-8)				7.0	晴		10.0	8.0	11.0	217.2	8.0	5	57.0	良	**	**		ダノンウィルヘルム																																																									
2022101434	2025-03-15	2中京1		3.0	3歳未勝利								角田大和		芝1600				1:36.3	1.0		11-10-10	36.0-34.8	34.6	440(0)				56.0																																											曇		16.0	5.0	10.0	59.8	8.0	5	55.0	良	**	**		ケリフレッドアスク															
2022101434	2025-06-01	2京都12		3.0	3歳未勝利								角田大和		芝1600				1:35.0	0.5		3-3	34.4-35.8	36.1	448(+8)				140.0																																											曇		18.0	8.0	18.0	5.9	3.0	3	55.0	良	**	**		コリカンチャ															
2022101434	2025-06-14	3阪神3		4.0	3歳未勝利								角田大和		芝1600				1:35.1	0.3		4-2	35.4-35.2	35.4	446(-2)				140.0																																											小雨		18.0	8.0	16.0	11.3	6.0	3	55.0	稍	**	**		ジーティードレス															
2022101434	2025-07-06	2小倉4		3.0	3歳未勝利								角田大和		芝1200				1:08.7	0.0		3-3	33.6-35.1	34.9	440(-6)				220.0																																											晴		18.0	1.0	2.0	8.2	5.0	2	55.0	良	**	**		ブライアーヒル															
2022101434	2025-08-02	3中京3		12.0	3歳未勝利								角田大和		芝1200				1:07.8	0.1		2-2	33.4-34.3	34.3	446(+6)				220.0																																											晴		16.0	4.0	8.0	3.5	1.0	2	55.0	良	**	**		パリコレジェンヌ															
2022101434	2025-08-23	4中京1		4.0	3歳未勝利								角田大和		芝1200				1:08.2	0.4		8-7	33.8-34.0	33.8	446(0)				56.0																																											曇		18.0	7.0	14.0	2.9	1.0	5	55.0	良	**	**		ヤマニンレセディ															
2022101434	2025-09-07	4阪神2		3.0	3歳未勝利								角田大和		ダ1400				1:25.5	-0.1		2-2	34.7-38.3	38.1	450(+4)				560.0																																											晴		16.0	3.0	6.0	4.9	2.0	1	55.0	良	**	**		(トップレディー)															
2022101434	2025-12-28	5阪神8		7.0	3歳以上1勝クラス								富田暁		ダ1400				1:24.5	0.6		2-2	34.3-37.3	37.6	462(+12)				200.0																																											晴		16.0	5.0	10.0	11.7	5.0	3	55.0	良	**	**		ニューオーリンズ															
2022101448	2025-01-25	1中京8		6.0	3歳未勝利								岩田康誠		芝1600				1:35.5	-0.9		9-9-9	36.1-35.0	34.1	514(0)				560.0															晴		16.0	1.0	1.0	4.3	2.0	1	55.0	良	**	**		(ヴァイスクレー)																																											
2022101448	2025-02-10	1京都3		10.0	エルフィンS(L)								松山弘平		芝1600				1:35.4	0.1		3-3	35.3-34.8	34.6	516(+2)				806.4															晴		9.0	6.0	6.0	3.2	2.0	2	55.0	良	**	**		ヴーレヴー																																											
2022101448	2025-05-03	2東京3		10.0	スイートピーS(L)								松山弘平		芝1800				1:46.3	0.4		4-7-7	35.6-33.8	33.6	506(-10)				300.0															晴		13.0	6.0	8.0	2.3	1.0	4	55.0	良	**	**		ルージュソリテール																																											
2022101448	2025-05-24	2京都9		9.0	メルボルンT(1勝クラス)								川田将雅		芝1600				1:35.0	0.1		7-4	34.0-36.3	35.9	512(+6)				284.2															雨		13.0	5.0	6.0	1.9	1.0	3	55.0	稍	**	**		グラフィティアート																																											
2022101448	2025-08-31	4中京4		8.0	3歳以上1勝クラス								北村友一		芝1600				1:31.3	-0.8		4-4-5	34.2-34.4	33.7	514(+2)				800.0															晴		16.0	1.0	2.0	1.7	1.0	1	53.0	良	**	**		(ロールザダイス)																																											
2022101448	2025-09-20	4阪神6		10.0	夕月特別(2勝クラス)								北村友一		芝2000				1:57.6	-0.2		2-2-2-2	35.3-35.8	35.1	512(-2)				1566.8															曇		7.0	1.0	1.0	1.4	1.0	1	53.0	良	**	**		(ウィルサヴァイブ)																																											
2022101448	2025-10-19	4東京7		12.0	甲斐路S(3勝クラス)								内田博幸		芝1800				1:46.0	0.6		4-3-3	35.6-34.1	34.4	510(-2)				184.0															小雨		18.0	5.0	10.0	3.2	2.0	5	54.0	良	**	**		ニシノティアモ																																											
2022101448	2025-12-28	5中山8		12.0	2025ファイナルS(3勝クラス)								北村友一		芝1600				1:33.9	0.3		3-4-4	35.6-34.0	33.8	514(+4)				607.4															晴		16.0	3.0	5.0	3.7	2.0	2	54.0	良	**	**		ジョイフルニュース																																											
2022101448	2026-01-18	1中山7		9.0	若潮S(3勝クラス)								北村友一		芝1600				1:31.7	0.0		4-5-5	34.1-34.9	34.2	510(-4)				475.0																																																									晴		15.0	5.0	8.0	2.4	1.0	3	55.0	良	**	**		ポルカリズム	202606010709
2022101461	2024-06-30	1函館8		5.0	2歳新馬								武豊		芝1800				1:51.8	0.9		3-3-2-2	36.5-36.1	36.9	452(0)																																															曇		11.0	6.0	7.0	5.3	3.0	7	55.0	良	**	**		ゴーゴータカシ															
2022101461	2024-10-19	5京都5		3.0	2歳未勝利								武豊		芝1800				1:49.6	0.7		9-8	35.5-34.9	34.9	450(-2)				55.0																																											小雨		10.0	7.0	8.0	20.3	6.0	5	56.0	良	**	**		タイセイリコルド															
2022101461	2024-11-16	6京都5		4.0	2歳未勝利								武豊		芝1800				1:49.8	0.6		5-5	35.5-35.2	35.2	448(-2)																																															曇		14.0	4.0	6.0	11.5	5.0	7	56.0	良	**	**		フォーキャンドルズ															
2022101461	2024-12-07	7京都3		2.0	2歳未勝利								武豊		ダ1800				1:57.9	4.0		4-4-5-4	37.5-36.4	39.8	448(0)																																															晴		7.0	2.0	2.0	10.3	4.0	6	56.0	良	**	**		カナルビーグル															
2022101461	2025-03-22	2中京3		5.0	3歳未勝利								永島まな		芝1600				1:36.3	1.1		4-6-6	35.3-35.4	36.0	460(+12)																																															晴		16.0	6.0	12.0	36.7	6.0	7	55.0	良	**	**		ツーエムクロノス															
2022101461	2025-04-26	1福島5		6.0	3歳未勝利								永島まな		ダ1700				1:50.1	1.8		13-13-14-12	30.4-39.6	39.2	462(+2)																																															晴		15.0	1.0	1.0	44.9	10.0	8	55.0	良	**	**		マテンロウカナロア															
2022101461	2025-05-11	2京都6		5.0	3歳未勝利								幸英明		芝2200				2:16.3	0.6		6-6-3-2	37.2-34.6	35.0	456(-6)																																															曇		12.0	2.0	2.0	23.3	7.0	6	57.0	良	**	**		サンライズバブル															
2022101461	2025-05-24	2京都9		5.0	3歳未勝利								幸英明		芝2000				2:02.2	1.1		10-7-4-2	36.5-36.4	37.4	454(-2)																																															小雨		16.0	5.0	10.0	39.1	10.0	8	57.0	良	**	**		サラダ															
2022101461	2025-07-13	2小倉6		4.0	3歳未勝利								幸英明		芝1800				1:50.1	0.7		14-15-15-15	36.9-36.7	35.9	458(+4)																																															曇		16.0	5.0	9.0	40.4	9.0	9	57.0	良	**	**		マテンロウギフト															
2022101461	2025-08-31	3新潟4		1.0	障害3歳以上未勝利								難波剛健		障2850				3:12.3	2.3		9-11-10-10	103.0-0.0	13.5	464(+6)																																															晴		14.0	8.0	13.0	40.7	9.0	7	58.0	良				ホウオウエクレール															
2022101461	2025-09-21	4阪神7		1.0	障害3歳以上未勝利								難波剛健		障2970				3:23.6	1.8		3-3-4-4	106.0-0.0	13.7	456(-8)				210.0																																											晴		8.0	1.0	1.0	9.6	5.0	3	58.0	良				コパノニコルソン															
2022101461	2025-10-18	3京都6		4.0	障害3歳以上未勝利								難波剛健		障2910				3:19.9	1.9		6-8-6-6	105.0-0.0	13.7	468(+12)				84.0																																											雨		11.0	4.0	4.0	21.3	7.0	5	58.0	良				ホウオウプレシャス															
2022101464	2024-09-15	4中山4		5.0	2歳新馬								嶋田純次		芝1600				1:35.2	-0.6		10-6-4	35.7-34.8	34.2	408(0)				720.0																													晴		16.0	2.0	3.0	5.2	3.0	1	55.0	良	**	**		(レディオンステージ)																													
2022101464	2024-11-17	5東京6		8.0	赤松賞(1勝クラス)								嶋田純次		芝1600				1:34.0	0.1		7-6	36.2-34.0	33.4	416(+8)				435.0																													晴		7.0	3.0	3.0	2.8	2.0	2	55.0	良	**	**		マピュース																													
2022101464	2025-01-12	1中山4		11.0	フェアリーS(GIII)								嶋田純次		芝1600				1:34.5	1.7		7-10-11	34.1-35.5	35.9	416(0)																																	曇		16.0	4.0	8.0	4.7	1.0	9	55.0	良	**	**		エリカエクスプレス																													
2022101464	2025-02-15	1東京5		11.0	デイリー杯クイーンC(GIII)								嶋田純次		芝1600				1:34.6	2.4		10-11	34.2-35.0	36.1	412(-4)																																	晴		14.0	6.0	9.0	45.4	11.0	12	55.0	良	**	**		エンブロイダリー																													
2022101464	2025-07-13	2福島6		9.0	織姫賞(1勝クラス)								嶋田純次		芝1800				1:49.4	0.7		5-6-8-5	35.6-36.1	36.1	412(0)																																	晴		13.0	5.0	6.0	9.0	3.0	7	53.0	良	**	**		ミラーダカリエンテ																													
2022101464	2025-08-16	2新潟7		6.0	中郷特別(1勝クラス)								横山琉人		芝1800				1:46.5	1.7		7-9	34.8-33.5	34.0	410(-2)																																	晴		11.0	7.0	10.0	20.1	6.0	9	53.0	良	**	**		エストゥペンダ																													
2022101464	2025-09-07	4中山2		12.0	3歳以上1勝クラス								木幡巧也		芝1200				1:09.3	0.5		9-9	35.1-33.7	33.6	410(0)																																	晴		16.0	3.0	6.0	4.6	3.0	9	54.0	良	**	**		ユキノエミリオ																													
2022101464	2025-11-22	3福島5		12.0	3歳以上1勝クラス								丹内祐次		芝1200				1:09.6	0.5		7-7	34.3-34.8	34.5	410(0)																																	晴		16.0	6.0	12.0	5.9	3.0	10	55.0	良	**	**		ガットネロ																													
2022101464	2025-12-13	5中山3		7.0	3歳以上1勝クラス								長浜鴻緒		ダ1200				1:12.3	-0.3		4-4	35.1-37.2	36.9	420(+10)				800.0																													曇		16.0	4.0	8.0	13.7	7.0	1	53.0	良	**	**		(エフエイト)																													
2022101464	2026-01-17	1中山6		12.0	4歳以上2勝クラス								横山武史		芝1200				1:09.7	1.7		5-8	34.3-33.7	35.1	416(-4)																																	晴		16.0	8.0	16.0	29.5	11.0	16	56.0	良				カンシン																													
2022101465	2024-11-03	3福島2	晴	6.0	2歳新馬		15.0	4.0	7.0	65.6	12.0	6	松岡正海	55.0	ダ1700		重	**	1:48.4	0.9	**	13-11-9-11	29.8-39.0	39.3	450(0)			シーソーゲーム																																																																								
2022101465	2024-11-30	5中山1	晴	2.0	2歳未勝利		16.0	3.0	6.0	32.5	10.0	1	松岡正海	55.0	ダ1800		稍	**	1:55.2	-0.1	**	13-13-10-6	36.9-40.7	39.7	446(-4)			(ネクストダンサー)	550.0																																																																							
2022101465	2025-04-06	3中山4	小雨	6.0	3歳1勝クラス		14.0	7.0	11.0	46.4	10.0	9	松岡正海	55.0	ダ1800		稍	**	1:54.8	1.5	**	8-7-6-5	36.2-39.1	39.9	446(0)			ゴッドエスパーダ																																																																								
2022101465	2025-05-11	2京都6	曇	6.0	3歳1勝クラス		11.0	5.0	5.0	56.0	9.0	5	松若風馬	55.0	ダ1800		稍	**	1:54.5	1.2	**	11-11-9-8	36.9-36.9	37.1	440(-6)			ツキノアカリ	80.0																																																																							
2022101465	2025-06-22	1函館4	曇	12.0	3歳以上1勝クラス		12.0	8.0	12.0	12.5	6.0	7	松岡正海	53.0	ダ1700		重	**	1:46.5	0.9	**	6-5-5-4	29.1-38.7	39.2	444(+4)			ネクストダンサー																																																																								
2022101465	2025-07-12	1函館9	晴	7.0	3歳以上1勝クラス		10.0	8.0	9.0	16.5	5.0	5	松岡正海	53.0	ダ1700		良	**	1:47.0	0.6	**	1-2-2-1	30.4-38.0	38.6	450(+6)			リアルクィーン	80.0																																																																							
2022101465	2025-07-26	1札幌1	小雨	9.0	3歳以上1勝クラス		13.0	7.0	10.0	22.9	7.0	3	松岡正海	53.0	ダ1700		良	**	1:46.0	0.5	**	9-9-8-8	29.7-38.1	37.8	448(-2)			ショウナンヤッホー	200.0																																																																							
2022101465	2025-08-09	1札幌5	晴	8.0	3歳以上1勝クラス		11.0	5.0	5.0	12.0	6.0	8	佐々木大	53.0	ダ1700		重	**	1:46.8	1.3	**	10-10-10-9	29.9-38.9	37.6	452(+4)			ナリタヒカリ																																																																								
2022101465	2025-09-27	4中山8	晴	6.0	3歳以上1勝クラス		16.0	5.0	10.0	20.9	6.0	3	松岡正海	53.0	ダ1800		良	**	1:54.9	0.1	**	10-10-4-2	38.7-37.8	37.7	452(0)			レディーフランシス	200.0																																																																							
2022101465	2025-12-14	5中京4	曇	7.0	3歳以上1勝クラス		15.0	5.0	8.0	7.8	3.0	3	亀田温心	55.0	ダ1800		稍	**	1:55.1	0.1	**	11-11-9-8	37.7-39.0	38.3	448(-4)			コウジョリョウゾク	200.0																																																																							
2022101465	2026-01-12	1中山5	晴	7.0	4歳以上1勝クラス		15.0	5.0	8.0	9.7	4.0	4	松岡正海	55.0	ダ1800		良	**	1:55.6	1.8	**	11-11-10-4	37.6-38.0	38.7	450(+2)			フィールオーサム	120.0																																																																							
2022101481	2024-06-15	3東京5		6.0	2歳新馬								内田博幸		ダ1400				1:28.8	2.9		14-14	35.8-37.7	38.1	472(0)																			晴		15.0	3.0	5.0	119.5	12.0	12	55.0	良	**	**		クレーキング																																											
2022101481	2024-08-04	1札幌6		1.0	2歳未勝利								池添謙一		ダ1700				1:50.9	3.4		8-9-10-11	30.1-39.4	40.8	476(+4)																			曇		14.0	6.0	9.0	157.4	12.0	8	55.0	稍	**	**		ベルベルコンパス																																											
2022101481	2024-10-06	4東京2		1.0	2歳未勝利								松岡正海		ダ1600				1:39.1	2.4		10-10	35.5-36.4	37.8	480(+4)																			曇		11.0	6.0	7.0	118.2	11.0	9	56.0	重	**	**		ドゥカート																																											
2022101481	2025-01-19	1中山7		3.0	3歳未勝利								江田照男		ダ1800				1:59.9	2.2		15-16-15-15	39.5-39.6	40.0	480(0)																			晴		16.0	1.0	1.0	56.0	13.0	13	57.0	良	**	**		チンプンカンプン																																											
2022101481	2025-03-23	2中山8		1.0	3歳未勝利								江田照男		ダ1800				1:57.4	1.8		1-1-1-3	38.1-38.5	40.3	478(-2)																			晴		16.0	4.0	8.0	162.4	13.0	7	57.0	稍	**	**		フジレイメイ																																											
2022101481	2025-04-12	3中山5		6.0	3歳未勝利								江田照男		ダ1800				1:57.2	1.6		2-2-2-2	37.7-39.6	41.1	478(0)																			晴		12.0	7.0	10.0	145.6	10.0	9	57.0	良	**	**		ピコシー																																											
2022101481	2025-04-26	2東京1		3.0	3歳未勝利								ディー		ダ2100				2:13.6	0.4		1-1-1-1	31.2-39.0	39.4	468(-10)				220.0															曇		16.0	5.0	10.0	73.1	10.0	2	57.0	稍	**	**		ダカラフェスティヴ																																											
2022101481	2025-05-24	2東京9		3.0	3歳未勝利								ディー		ダ2100				2:13.2	0.7		2-2-2-2	31.1-38.5	39.0	466(-2)				56.0															曇		16.0	8.0	15.0	8.4	5.0	5	57.0	良	**	**		ネイチャーズロウ																																											
2022101481	2025-06-22	3東京6		3.0	3歳未勝利								ディー		ダ2100				2:14.7	2.1		1-1-1-1	30.9-37.9	40.0	468(+2)																			晴		16.0	1.0	1.0	15.4	7.0	7	57.0	良	**	**		ブルージャイアント																																											
2022101481	2025-07-19	1函館11		3.0	3歳未勝利								丹内祐次		ダ2400				2:34.2	-0.6		1-1-1-1	38.1-38.0	38.0	468(0)				560.0															曇		12.0	3.0	3.0	22.0	7.0	1	57.0	良	**	**		(マブアンドフェール)																																											
2022101481	2025-10-13	4東京5		7.0	3歳以上1勝クラス								江田照男		ダ2100				2:14.4	1.3		1-1-1-1	31.0-39.1	40.4	470(+2)																			曇		16.0	1.0	2.0	14.1	7.0	11	56.0	良	**	**		コスモコンフェルマ																																											
2022101481	2025-11-01	4東京10		7.0	3歳以上1勝クラス								江田照男		ダ2100				2:11.9	2.2		1-1-1-1	30.2-37.4	39.6	474(+4)																			曇		16.0	1.0	1.0	58.8	14.0	12	56.0	重	**	**		ロングウェイホーム																																											
2022101481	2026-01-05	1中山2		4.0	4歳以上1勝クラス								江田照男		ダ2400				2:42.5	5.5		1-1-13-13	36.4-40.2	44.0	476(+2)																			晴		13.0	2.0	2.0	9.0	2.0	13	57.0	稍	**	**		キャストロププ																																											
2022101481	2026-01-18	1中山7		6.0	4歳以上1勝クラス								松岡正海		ダ1800				1:57.2	1.6		8-8-8-10	38.5-38.6	39.4	478(+2)																																																													晴		14.0	2.0	2.0	40.7	6.0	10	57.0	良	**	**		リラゲイル	202606010706
2022101484	2024-12-22	5中山8		5.0	2歳新馬								横山武史		ダ1200				1:15.0	1.8		8-7	35.2-38.0	38.7	462(0)				290.0	晴		16.0	8.0	16.0	13.7	4.0	2	56.0	良	**	**		シュヴァルボヌール																																																									
2022101484	2025-01-12	1中山4		1.0	3歳未勝利								横山武史		ダ1200				1:14.4	1.8		14-15	34.1-38.5	38.4	462(0)					曇		16.0	2.0	4.0	8.5	3.0	12	57.0	良	**	**		エルオレンス																																																									
2022101484	2025-04-27	2東京2		2.0	3歳未勝利								横山武史		ダ1600				1:41.2	3.0		12-12	35.5-38.0	39.2	460(-2)					晴		16.0	5.0	10.0	56.5	11.0	14	57.0	稍	**	**		ファンタイムギフト																																																									
2022101484	2025-05-18	2東京8		1.0	3歳未勝利								内田博幸		ダ1400				1:27.3	2.4		14-14	36.0-36.6	37.5	458(-2)					晴		16.0	8.0	15.0	129.4	13.0	16	57.0	重	**	**		ブリックンクリック																																																									
2022101484	2025-06-22	高知		7.0	3歳ー2								中島良美		ダ1300				1:25.7	1.5		7-7-8-5		38.7	457(-1)				6.0	曇		9.0	8.0	8.0	9.5	3.0	5	55.0	重	**	**		クエンカ																																																									
2022101484	2025-07-20	高知		4.0	ウナギ特別(3歳)								中島良美		ダ1600				1:48.2	3.6		5-6-6-8		41.8	453(-4)					晴		10.0	8.0	11.0	39.3	7.0	9	55.0	不	**	**		ナムラクレープ																																																									
2022101484	2025-08-02	高知		8.0	鳴子特別(3歳)								中島良美		ダ1300				1:26.4	1.7		8-9-8-7		40.5	451(-2)					晴		11.0	7.0	8.0	145.1	8.0	8	55.0	良	**	**		イットウショウグウ																																																									
2022101484	2025-09-14	高知		9.0	3歳ー2								阿部基嗣		ダ1400				1:33.3	1.2		9-9-10-7		39.7	455(+4)					晴		12.0	6.0	8.0	112.2	12.0	6	55.0	重	**	**		コパノジェームス																																																									
2022101484	2025-09-28	高知		12.0	ファイナルレース(3歳)								城野慈尚		ダ1300				1:26.5	1.8		7-8-8-8		40.1	457(+2)					曇		11.0	7.0	10.0	5.9	4.0	9	56.0	不	**	**		ジョウショーメイク																																																									
2022101484	2025-10-11	高知		3.0	C3ー12								葛山晃平		ダ1600				1:51.6	2.3		9-9-9-7		40.2	461(+4)					曇		9.0	2.0	2.0	48.5	7.0	6	57.0	稍	**	**		ダノンファスト																																																									
2022101484	2025-10-25	高知		3.0	愛媛県いしづち特別(C3)								葛山晃平		ダ1300				1:26.0	1.3		10-9-8-7		39.9	459(-2)					曇		12.0	5.0	5.0	127.6	8.0	7	57.0	不	**	**		リバティフレイム																																																									
2022101484	2025-11-08	高知		11.0	ファイナルレース(C3)								上田将司		ダ1400				1:34.6	1.4		8-8-8-9		41.6	457(-2)					晴		12.0	8.0	11.0	14.4	9.0	10	57.0	稍	**	**		ヴィルヘルム																																																									
2022101484	2025-11-24	高知		9.0	C3ー14								葛山晃平		ダ1600				1:50.8	3.2		7-7-7-6		42.7	461(+4)					曇		9.0	2.0	2.0	107.3	7.0	7	57.0	良	**	**		モーニングヘイズ																																																									
2022101484	2025-12-07	高知		11.0	ファイナルレース(C3)								石本純也		ダ1300				1:29.8	3.4		10-10-10-8		41.5	461(0)					晴		12.0	4.0	4.0	18.1	9.0	10	57.0	良	**	**		アルデココ																																																									
2022101484	2025-12-21	高知		5.0	C3ー14								葛山晃平		ダ1400				1:34.1	2.7		9-9-9-9		40.3	456(-5)					曇		10.0	1.0	1.0	182.7	8.0	9	57.0	重	**	**		ディープカインズ																																																									
2022101484	2026-01-01	高知		4.0	C3ー12								阿部基嗣		ダ1300				1:26.7	1.8		3-4-4-4		39.5	461(+5)				15.0	晴		8.0	2.0	2.0	132.0	7.0	3	55.0	良	**	**		リワードインペリオ																																																									
2022101484	2026-01-12	高知		4.0	ポンカン特別(C3)								石本純也		ダ1400				1:34.2	0.7		6-7-8-8		40.8	462(+1)				6.0	晴		9.0	3.0	3.0	30.7	5.0	5	57.0	良	**	**		チャンピオンリボン																																																									
2022101488	2024-08-18	2中京4		5.0	2歳新馬								北村友一		芝1600				1:36.6	1.9		12-12-12	34.1-36.2	36.6	436(0)					晴		16.0	8.0	15.0	45.4	12.0	13	55.0	良	**	**		ビップデイジー																																																									
2022101488	2024-11-02	6京都1		1.0	2歳未勝利								鷲頭虎太		ダ1800				1:58.9	5.8		4-4-6-7	35.3-39.8	43.5	442(+6)					雨		7.0	2.0	2.0	46.2	5.0	7	52.0	不	**	**		レイナデアルシーラ																																																									
2022101488	2024-12-22	7京都8		2.0	2歳未勝利								小沢大仁		芝1600				1:36.4	1.6		9-9	34.9-36.1	36.6	442(0)					曇		18.0	2.0	4.0	282.2	16.0	16	54.0	良	**	**		グラフィティアート																																																									
2022101488	2025-03-01	1小倉11		2.0	3歳未勝利								川端海翼		芝1200				1:10.4	1.1		14-14	33.8-35.5	35.5	438(-4)					曇		18.0	4.0	7.0	177.2	14.0	9	52.0	良	**	**		セイプリーズ																																																									
2022101488	2025-05-18	2京都8		3.0	3歳未勝利								鷲頭虎太		芝1200				1:09.8	0.4		13-14	34.2-35.2	34.0	440(+2)				140.0	晴		16.0	5.0	10.0	80.9	12.0	3	52.0	稍	**	**		ブライティアブーケ																																																									
2022101488	2025-05-31	2京都11		4.0	3歳未勝利								鷲頭虎太		芝1400				1:22.4	1.1		15-16	34.1-35.8	35.5	432(-8)					曇		17.0	5.0	9.0	17.7	7.0	10	52.0	良	**	**		ダンツアトム																																																									
2022101488	2025-07-12	2小倉5		6.0	3歳未勝利								田山旺佑		芝1200				1:09.7	0.6		14-13	33.7-35.4	34.8	426(-6)				140.0	晴		18.0	8.0	16.0	23.0	7.0	3	52.0	良	**	**		ピアストイヤーズ																																																									
2022101488	2025-08-02	3中京3		12.0	3歳未勝利								田山旺佑		芝1200				1:08.8	1.1		13-13	33.4-34.3	33.7	430(+4)					晴		16.0	5.0	10.0	16.5	6.0	12	52.0	良	**	**		パリコレジェンヌ																																																									
2022101488	2025-09-05	園田		8.0	亜咲花♪LiveVo(C2)								小谷哲平		ダ1400				1:33.4	0.3		6-6-4-3		41.3	426(-4)				28.0	曇		10.0	8.0	10.0	4.8	2.0	2	52.0	不	**	**		ルクスコロン																																																									
2022101488	2025-09-24	園田		7.0	不破万作☆来場記念C(C2)								小谷哲平		ダ1400				1:33.4	1.1		3-3-3-3		40.0	434(+8)					曇		10.0	8.0	9.0	2.3	1.0	7	52.0	良	**	**		フッカツラヴ																																																									
2022101488	2025-10-16	園田		10.0	YJSトライアルラウ(C2)								西塚洸二		ダ1400				1:34.5	2.4		5-4-5-6		41.0	429(-5)					曇		12.0	6.0	7.0	8.9	3.0	9	55.0	良	**	**		ベラジオガルフ																																																									
2022101488	2025-10-30	園田		6.0	C2三								大山龍太		ダ1400				1:34.3	2.1		5-5-7-6		41.3	429(0)					晴		9.0	2.0	2.0	91.2	7.0	7	55.0	良	**	**		デイムサンライズ																																																									
2022101488	2025-11-20	園田		5.0	柏原町母坪スプリ(C3)								小谷哲平		ダ1230				1:24.1	3.1		6-5-6-10		42.3	435(+6)					晴		12.0	8.0	12.0	13.2	4.0	11	53.0	良	**	**		ラピダニーニャ																																																									
2022101488	2025-12-09	園田		3.0	C3一								小谷哲平		ダ1400				1:34.4	0.7		6-5-6-5		40.2	437(+2)				6.0	晴		10.0	1.0	1.0	47.8	7.0	5	53.0	良	**	**		ヤマニンラベーラ																																																									
2022101488	2025-12-31	園田		2.0	C3一								土方颯太		ダ1400				1:34.6	0.0		6-5-4-3		41.8	435(-2)				24.0	晴		10.0	2.0	2.0	5.6	3.0	2	54.0	良	**	**		ゲンタツ																																																									
2022101557	2024-11-10	6京都4	晴	4.0	2歳新馬		14.0	3.0	3.0	7.8	3.0	1	岩田望来	55.0	ダ1400		良	**	1:25.5	-0.2	**	1-1	35.4-37.6	37.6	440(0)			(バシリス)	720.0																																																																							
2022101557	2024-12-07	4中京3	曇	9.0	つわぶき賞(1勝クラス)		12.0	6.0	7.0	42.9	11.0	9	柴田裕一	55.0	芝1400		良	**	1:23.3	1.4	**	1-1	33.8-36.0	37.4	440(0)			ルージュラナキラ																																																																								
2022101557	2025-01-19	1中京7	晴	6.0	3歳1勝クラス		10.0	7.0	8.0	28.2	7.0	2	柴田裕一	52.0	ダ1200		良	**	1:11.7	0.4	**	7-7	33.8-37.5	36.3	444(+4)			ペイシャケイプ	320.0																																																																							
2022101557	2025-03-02	1阪神2	小雨	4.0	3歳1勝クラス		16.0	8.0	16.0	6.3	3.0	2	高杉吏麒	54.0	ダ1200		良	**	1:12.5	0.0	**	1-1	35.6-36.9	36.9	442(-2)			ヤマニンチェルキ	320.0																																																																							
2022101557	2025-03-23	2中山8	晴	8.0	3歳1勝クラス		15.0	5.0	8.0	2.8	1.0	1	小林美駒	51.0	ダ1200		良	**	1:11.2	-0.3	**	1-1	33.8-37.4	37.4	444(+2)			(ハクサンアイリス)	800.0																																																																							
2022101557	2025-04-06	2阪神4	晴	9.0	バイオレットS(OP)		15.0	2.0	2.0	49.7	12.0	11	池添謙一	55.0	ダ1400		良	**	1:25.5	1.5	**	2-2	33.9-38.1	39.4	440(-4)			ヤマニンチェルキ																																																																								
2022101557	2025-07-13	2小倉6	曇	9.0	雲仙特別(2勝クラス)		14.0	7.0	11.0	4.3	2.0	14	高杉吏麒	53.0	ダ1000		良	**	1:02.3	3.5	**	14-14	33.7-36.5	35.7	448(+8)			アマルナ																																																																								
2022101557	2025-08-02	3中京3	晴	8.0	浜松特別(2勝クラス)		14.0	4.0	5.0	6.6	3.0	2	高杉吏麒	54.0	ダ1200		良	**	1:11.4	0.2	**	2-2	34.6-36.6	36.7	454(+6)			テーオーエルビス	628.8																																																																							
2022101557	2025-08-30	4中京3	晴	9.0	清洲特別(2勝クラス)		16.0	6.0	12.0	3.8	2.0	3	高杉吏麒	54.0	ダ1200		良	**	1:11.1	0.1	**	2-2	34.0-37.0	37.0	452(-2)			メイショウヤーキス	395.0																																																																							
2022101557	2025-10-12	3京都4	小雨	9.0	円山特別(2勝クラス)		14.0	5.0	8.0	4.4	2.0	2	川田将雅	55.0	ダ1200		良	**	1:10.3	0.2	**	2-2	34.3-35.8	35.7	452(0)			アメリカンビキニ	629.2																																																																							
2022101557	2025-11-02	3京都11	晴	8.0	3歳以上2勝クラス		15.0	7.0	14.0	2.4	1.0	3	柴田裕一	53.0	ダ1200		稍	**	1:11.5	0.3	**	6-7	35.2-36.0	35.6	450(-2)			ゲッティヴィラ	230.0																																																																							
2022101557	2026-01-11	1中山4	晴	12.0	4歳以上2勝クラス		16.0	1.0	2.0	5.6	3.0	10	柴田裕一	54.0	ダ1200		良	**	1:12.2	1.3	**	1-1	33.1-37.8	39.1	448(-2)			スプランドゥール																																																																								
2022101571	2024-06-08	1函館1		5.0	2歳新馬								石神深道		芝1000				0:58.5	0.9		3-4	33.8-34.8	35.1	430(0)					晴		11.0	4.0	4.0	31.8	9.0	7	52.0	良	**	**		ヒデノブルースカイ																																																									
2022101571	2024-12-22	5中山8		3.0	2歳未勝利								石神深道		芝1200				1:11.4	1.6		2-2	33.5-36.3	37.8	440(+10)					晴		16.0	6.0	12.0	246.4	14.0	14	52.0	良	**	**		ミクストベリーズ																																																									
2022101571	2025-02-15	1小倉7		2.0	3歳未勝利								石神深道		芝1200				1:11.0	3.0		2-2	33.1-34.9	37.7	428(-12)					晴		18.0	3.0	5.0	257.5	16.0	15	52.0	良	**	**		ヴェントゥーラ																																																									
2022101571	2025-05-17	1新潟5		6.0	3歳未勝利								石神深道		芝1000				0:56.3	-0.5		2	34.1-33.2	33.2	430(+2)				560.0	雨		16.0	7.0	14.0	8.5	4.0	1	52.0	稍	**	**		(ラブカマクフィー)																																																									
2022101571	2025-08-16	2新潟7		11.0	3歳以上1勝クラス								石神深道		芝1000				0:56.5	1.5		6	32.5-32.9	34.0	444(+14)					晴		18.0	2.0	3.0	17.0	7.0	16	51.0	良	**	**		イスラコラソン																																																									
2022101571	2025-10-18	4新潟1		12.0	3歳以上1勝クラス								石神深道		芝1000				0:57.4	2.1		2	32.9-33.1	35.1	434(-10)					小雨		18.0	5.0	10.0	57.1	12.0	18	52.0	良	**	**		シュラフ																																																									
2022101587	2024-07-13	2福島5		6.0	2歳新馬								津村明秀		芝1200				1:11.3	0.8		4-4	35.1-35.4	35.5	460(0)																			晴		8.0	2.0	2.0	6.7	4.0	6	55.0	良	**	**		キタノクニカラ																																											
2022101587	2024-09-15	4中山4		1.0	2歳未勝利								丹内祐次		ダ1200				1:14.4	0.9		1-1	35.4-38.1	39.0	460(0)				83.0															晴		12.0	7.0	9.0	24.9	6.0	4	55.0	良	**	**		サノノワンダー																																											
2022101587	2024-10-14	4新潟4		1.0	2歳未勝利								吉村誠之		ダ1200				1:13.2	0.7		9-9	34.3-38.2	38.0	460(0)				55.0															晴		13.0	5.0	6.0	11.3	7.0	5	53.0	良	**	**		シルフズミスチーフ																																											
2022101587	2024-10-27	4新潟8		2.0	2歳未勝利								丹内祐次		ダ1200				1:14.6	3.1		3-3	34.5-37.0	39.8	462(+2)																			晴		15.0	4.0	7.0	25.6	7.0	13	56.0	良	**	**		カネショウレジェン																																											
2022101587	2025-01-06	1中山2		1.0	3歳未勝利								長浜鴻緒		ダ1200				1:14.2	1.7		13-12	34.2-38.3	37.8	480(+18)																			曇		16.0	6.0	11.0	84.2	9.0	13	54.0	良	**	**		パシーヴ																																											
2022101587	2025-03-18	浦和		7.0	ツインサドル特別(3歳)								吉原寛人		ダ1400				1:31.4	0.9		4-4-4-4	37.2-39.9	40.6	481(+1)				30.0															晴		12.0	3.0	3.0	5.5	3.0	5	56.0	稍	**	**		パンクビート																																											
2022101587	2025-04-19	1福島3		1.0	3歳未勝利								古川吉洋		ダ1150				1:12.0	2.6		16-15	31.6-37.8	37.8	470(-11)																			晴		16.0	3.0	5.0	78.5	11.0	12	57.0	良	**	**		タルトポワール																																											
2022101587	2025-04-26	1福島5		4.0	3歳未勝利								内田博幸		芝1200				1:09.9	1.2		10-10	33.7-35.0	34.5	470(0)				56.0															晴		12.0	4.0	4.0	121.1	12.0	5	57.0	良	**	**		カウンターセブン																																											
2022101587	2025-05-25	1新潟8		1.0	3歳未勝利								武藤雅		芝1200				1:11.3	0.7		11-10	34.8-35.8	35.3	470(0)				56.0															小雨		16.0	3.0	6.0	44.6	10.0	5	57.0	稍	**	**		ティピティーナ																																											
2022101587	2025-06-15	1函館2		1.0	3歳未勝利								長浜鴻緒		芝1200				1:08.7	0.9		14-13	33.4-34.4	33.7	464(-6)																			曇		16.0	7.0	13.0	29.3	11.0	6	55.0	良	**	**		エルサトアナ																																											
2022101587	2025-06-22	1函館4		1.0	3歳未勝利								上里直汰		芝1200				1:10.3	0.8		12-10	34.0-35.5	35.1	464(0)																			曇		15.0	7.0	14.0	17.7	6.0	8	54.0	重	**	**		ベビーズブレス																																											
2022101587	2025-07-19	2福島7		7.0	3歳未勝利								内田博幸		芝1200				1:12.3	1.1		15-12	35.3-35.9	35.6	462(-2)																			晴		16.0	6.0	12.0	21.1	7.0	11	57.0	良	**	**		フォルトレス																																											
2022101587	2025-08-17	2新潟8		12.0	3歳未勝利								内田博幸		芝1200				1:10.4	0.6		16-16	34.2-35.6	34.3	466(+4)																			晴		18.0	5.0	10.0	120.8	16.0	7	57.0	良	**	**		タイキオーベロン																																											
2022101587	2025-09-07	4中山2		12.0	3歳以上1勝クラス								野中悠太		芝1200				1:09.5	0.7		16-15	35.1-33.7	33.2	464(-2)																			晴		16.0	1.0	2.0	201.1	15.0	13	56.0	良	**	**		ユキノエミリオ																																											
2022101587	2025-09-15	4阪神5		8.0	3歳以上1勝クラス								和田陽希		芝1800				1:46.7	1.8		5-4	34.7-34.4	35.9	468(+4)																			晴		8.0	4.0	4.0	171.5	8.0	7	52.0	良	**	**		エバーグルーヴ																																											
2022101587	2025-11-02	3京都11		4.0	障害3歳以上未勝利								大江原圭		障2910				3:27.6	4.4		7-7-8-8	108.0-0.0	14.3	468(0)																			晴		10.0	8.0	10.0	102.5	9.0	8	58.0	良				ゲインサポート																																											
2022101587	2025-11-29	4京都7		4.0	障害3歳以上未勝利								大江原圭		障2910				3:22.6	0.8		7-7-6-5	111.0-0.0	13.9	470(+2)				130.0															晴		9.0	4.0	4.0	84.3	9.0	4	58.0	良				ソルアマゾン																																											
2022101587	2025-12-28	5阪神8		5.0	障害3歳以上未勝利								大江原圭		障2970				3:25.8	1.2		9-8-4-2	108.0-0.0	13.9	476(+6)				210.0															晴		14.0	4.0	6.0	10.0	4.0	3	58.0	良				ナックエルドラド																																											
2022101587	2026-01-18	1中山7		4.0	障害4歳以上未勝利								大江原圭		障2880				3:16.3	2.7		10-10-8-8	106.1-0.0	13.6	476(0)																																																													晴		14.0	8.0	14.0	36.7	7.0	10	59.0	良				アスクオンディープ	202606010704
2022101598	2024-09-21	3中京6		5.0	2歳新馬								永島まな		芝1600				1:36.0	0.1		1-1-1	36.0-34.7	34.8	404(0)				290.0	晴		14.0	4.0	5.0	40.6	12.0	2	53.0	良	**	**		ザラタン																																																									
2022101598	2024-10-14	4新潟4		2.0	2歳未勝利								永島まな		芝1400				1:23.5	1.0		9-9	34.0-36.7	36.9	402(-2)					晴		18.0	2.0	3.0	7.1	4.0	11	53.0	良	**	**		サンナイアガラ																																																									
2022101598	2024-12-22	7京都8		3.0	2歳未勝利								永島まな		芝1400				1:23.3	1.7		10-9	34.6-35.5	35.9	398(-4)					曇		18.0	4.0	7.0	38.5	11.0	10	53.0	良	**	**		ウィンストン																																																									
2022101598	2025-02-23	1小倉10		2.0	3歳未勝利								橋木太希		芝1200				1:10.1	1.5		2-3	33.5-35.1	36.5	408(+10)					晴		18.0	7.0	15.0	79.5	10.0	15	52.0	良	**	**		ペガサスノース																																																									
2022101598	2025-04-20	2阪神8		1.0	3歳未勝利								橋木太希		ダ1400				1:31.3	5.5		9-11	34.4-39.0	43.2	400(-8)					曇		16.0	1.0	2.0	131.6	13.0	15	52.0	良	**	**		ニューオーリンズ																																																									
2022101598	2025-06-04	名古屋		4.0	3歳2組								加藤聡一		ダ1500				1:38.5	1.2		4-3-3		41.0	408(+8)				5.8	晴		12.0	7.0	9.0	10.1	5.0	5	55.0	重	**	**		スーパーホース																																																									
2022101598	2025-06-24	名古屋		7.0	3歳3組								加藤聡一		ダ1500				1:39.1	2.9		4-5-9		41.8	402(-6)					小雨		12.0	8.0	11.0	24.2	7.0	11	55.0	不	**	**		レイナティア																																																									
2022101598	2025-07-10	名古屋		1.0	名古屋モーニングフィ(3歳)								加藤聡一		ダ1500				1:37.1	0.5		11-10-9		39.3	397(-5)				11.0	晴		12.0	5.0	6.0	59.4	7.0	3	55.0	良	**	**		サンマイメ																																																									
2022101598	2025-08-20	名古屋		10.0	名古屋CCラズベリー(3歳)								加藤聡一		ダ1500				1:40.6	6.0		10-10-10		42.8	406(+9)					晴		12.0	6.0	7.0	260.7	10.0	9	55.0	良	**	**		シンギタイ																																																									
2022101599	2025-01-13	1中京5		5.0	3歳新馬								泉谷楓真		芝1600				1:39.7	1.9		13-13-13	36.5-35.2	36.0	466(0)																																															晴		16.0	4.0	8.0	128.6	14.0	14	54.0	良	**	**		トワイライトシティ															
2022101599	2025-03-09	2中山4		1.0	3歳未勝利								舟山瑠泉		ダ1800				1:55.5	0.2		7-7-6-6	37.1-40.2	40.0	450(-16)				220.0																																											晴		16.0	8.0	16.0	86.5	11.0	2	52.0	重	**	**		ノーブルノワール															
2022101599	2025-04-19	1福島3		4.0	3歳未勝利								舟山瑠泉		ダ1700				1:49.5	2.2		7-8-11-11	30.0-39.2	39.8	446(-4)																																															晴		15.0	4.0	7.0	6.6	4.0	10	52.0	良	**	**		ルージュミラージュ															
2022101599	2025-07-21	名古屋		3.0	父72歳ハッピーバー(3歳)								加藤聡一		ダ1500				1:35.7	0.0		4-3-3		37.0	464(+18)				55.0																																											晴		11.0	7.0	9.0	2.8	1.0	1	55.0	良	**	**		(タランチュラ)															
2022101599	2025-08-19	名古屋		10.0	くずきり特別(3歳)								加藤聡一		ダ1700				1:52.7	1.7		3-4-5		41.5	459(-5)																																															晴		12.0	8.0	12.0	1.6	1.0	7	55.0	良	**	**		ジュライファースト															
2022101599	2025-09-02	名古屋		8.0	3歳2組								加藤聡一		ダ1500										計不																																															晴		11.0	5.0	5.0			取	55.0	良	**	**		キタノボンボヤージ															
2022101599	2025-09-17	名古屋		7.0	3歳3組								加藤聡一		ダ1500				1:36.7	0.0		7-8-4		38.8	460(+1)				19.3																																											曇		12.0	8.0	11.0	3.9	2.0	2	55.0	良	**	**		アースノイド															
2022101599	2025-10-17	名古屋		2.0	C6組								加藤聡一		ダ1500				1:37.2	-0.5		6-7-3		39.1	469(+9)				55.0																																											晴		12.0	6.0	8.0	2.0	1.0	1	55.0	重	**	**		(バレアリックシー)															
2022101599	2025-10-31	名古屋		10.0	ハロウィン・ナイト特(C)								加藤聡一		ダ1700				1:50.7	-0.6		8-8-3		39.4	466(-3)				85.0																																											雨		12.0	7.0	10.0	3.3	2.0	1	55.0	重	**	**		(ジーティーウララ)															
2022101599	2025-11-11	名古屋		9.0	B7組								加藤聡一		ダ1500				1:37.5	0.5		7-7-5		38.4	464(-2)				13.0																																											晴		11.0	7.0	9.0	1.4	1.0	3	55.0	稍	**	**		マリアナジャズ															
2022101607	2025-01-11	1中京3	晴	3.0	3歳新馬		16.0	6.0	12.0	13.8	5.0	16	鮫島克駿	55.0	ダ1800		良	**	2:00.5	6.1	**	3-3-4-4	36.8-38.5	44.1	484(0)			リープアップ																																																																								
2022101607	2025-03-23	2中京4	晴	1.0	3歳未勝利		16.0	2.0	3.0	49.5	10.0	3	和田竜二	55.0	ダ1200		良	**	1:13.6	0.7	**	1-1	35.2-37.7	38.4	478(-6)			セレジェイラ	140.0																																																																							
2022101607	2025-04-06	2阪神4	晴	1.0	3歳未勝利		16.0	3.0	6.0	20.6	5.0	7	和田竜二	55.0	ダ1200		良	**	1:14.9	1.5	**	3-2	35.5-37.9	39.1	482(+4)			バシリス																																																																								
2022101607	2025-06-14	1函館1	晴	3.0	3歳未勝利		12.0	8.0	11.0	3.4	1.0	1	佐々木大	55.0	ダ1000		良	**	0:59.7	-0.3	**	1-1	35.4-36.4	36.4	484(+2)			(コッコラーレ)	560.0																																																																							
2022101607	2025-06-28	1函館5	晴	8.0	3歳以上1勝クラス		12.0	4.0	4.0	25.1	9.0	12	佐々木大	53.0	ダ1000		稍	**	0:59.8	1.3	**	4-5	34.0-35.9	36.8	490(+6)			サベージラヴ																																																																								
2022101607	2025-08-24	2札幌2	晴	7.0	3歳以上1勝クラス		11.0	8.0	11.0	4.6	2.0	2	舟山瑠泉	51.0	ダ1000		良	**	0:59.5	0.1	**	1-1	35.3-35.7	35.8	500(+10)			タミゼ	320.0																																																																							
2022101607	2025-11-08	3福島1	晴	8.0	3歳以上1勝クラス		16.0	8.0	16.0	18.1	6.0	6	舟山瑠泉	52.0	ダ1150		良	**	1:09.3	0.6	**	3-3	31.2-37.5	37.9	498(-2)			ジャスパーソレイユ																																																																								
2022101607	2025-12-07	5阪神2	晴	7.0	3歳以上1勝クラス		11.0	8.0	10.0	20.7	8.0	9	田山旺佑	52.0	ダ1200		良	**	1:14.2	1.6	**	1-2	34.8-37.8	39.4	490(-8)			モンテディアーナ																																																																								
2022101629	2024-09-28	4中山8	曇	5.0	2歳新馬		15.0	4.0	8.0	10.3	4.0	1	佐々木大	55.0	芝1600		良	**	1:36.0	-0.3	**	9-8-5	35.9-35.6	34.7	470(0)			(ニシノエピカリ)	720.0																																																																							
2022101629	2024-10-26	4東京7	曇	11.0	アルテミスS(GIII)		11.0	8.0	11.0	79.9	9.0	8	津村明秀	55.0	芝1600		良	**	1:34.5	0.7	**	9-9	35.1-33.6	33.5	464(-6)			ブラウンラチェット																																																																								
2022101629	2025-01-18	1中山6	晴	9.0	菜の花賞(1勝クラス)		16.0	6.0	11.0	24.0	6.0	14	佐々木大	55.0	芝1600		良	**	1:34.6	1.4	**	10-11-12	34.9-34.7	35.1	462(-2)			コムユンプリュム																																																																								
2022101629	2025-04-06	3中山4	曇	7.0	3歳1勝クラス		9.0	6.0	6.0	10.1	4.0	8	田辺裕信	55.0	芝1600		良	**	1:35.3	1.1	**	1-1-1	35.7-34.5	35.6	454(-8)			ジョイフルニュース																																																																								
2022101629	2025-05-11	1新潟4	曇	9.0	ゆきつばき賞(1勝クラス)		13.0	1.0	1.0	14.5	7.0	11	荻野極	55.0	芝1200		稍	**	1:12.1	1.6	**	4-4	33.9-36.6	37.9	440(-14)			オンザブルースカイ																																																																								
2022101629	2025-07-27	2新潟2	晴	12.0	3歳以上1勝クラス		16.0	5.0	10.0	24.8	9.0	2	大野拓弥	53.0	芝1400		良	**	1:20.7	0.2	**	1-1	33.8-34.9	35.1	458(+18)			ガーネットウインク	320.0																																																																							
2022101629	2025-08-10	2新潟6	雨	12.0	3歳以上1勝クラス		18.0	3.0	6.0	5.5	3.0	1	大野拓弥	53.0	芝1400		重	**	1:24.0	0.0	**	1-1	35.2-36.4	36.4	460(+2)			(アルレッキーノ)	800.0																																																																							
2022101629	2025-10-05	4東京2	曇	9.0	tvk賞(2勝クラス)		17.0	2.0	3.0	11.6	6.0	12	大野拓弥	54.0	芝1400		良	**	1:20.6	0.8	**	5-6	33.9-34.3	34.6	466(+6)			ジュドー																																																																								
2022101629	2025-11-23	5東京5	曇	12.0	3歳以上2勝クラス		18.0	1.0	2.0	31.5	12.0	7	石神深道	52.0	芝1400		良	**	1:21.0	0.5	**	1-1	35.0-33.8	34.3	466(0)			アニトラ																																																																								
2022101629	2025-12-20	5阪神5	曇	12.0	3歳以上2勝クラス		16.0	1.0	2.0	21.8	8.0	15	和田竜二	55.0	芝1200		良	**	1:09.7	1.5	**	1-1	33.3-34.9	36.4	458(-8)			ブルーアイドガール																																																																								
2022101656	2024-10-26	5京都7		4.0	2歳新馬								田口貫太		ダ1400				1:26.9	1.4		13-12	35.8-37.2	37.6	424(0)					曇		16.0	7.0	14.0	19.6	5.0	6	54.0	良	**	**		ヴィリアリート																																																									
2022101656	2024-11-30	4中京1		1.0	2歳未勝利								高杉吏麒		ダ1400				1:25.7	0.6		7-7	34.8-38.3	37.9	416(-8)				140.0	曇		16.0	7.0	14.0	5.8	4.0	3	53.0	良	**	**		フルドド																																																									
2022101656	2024-12-22	7京都8		1.0	2歳未勝利								高杉吏麒		ダ1400				1:27.1	1.0		11-9	35.3-38.2	38.4	420(+4)				83.0	曇		16.0	7.0	13.0	14.8	7.0	4	53.0	良	**	**		オリージネアリア																																																									
2022101656	2025-01-12	1中京4		3.0	3歳未勝利								松山弘平		ダ1200				1:13.1	0.2		11-8	35.2-37.7	37.0	422(+2)				84.0	曇		16.0	5.0	9.0	11.2	5.0	4	55.0	良	**	**		ヴェントインコーダ																																																									
2022101656	2025-04-13	2阪神6		1.0	3歳未勝利								松山弘平		ダ1400				1:27.5	2.7		5-4	35.1-37.4	39.4	416(-6)					曇		16.0	2.0	3.0	14.1	5.0	9	55.0	良	**	**		ミヤジマナ																																																									
2022101656	2025-05-11	2京都6		1.0	3歳未勝利								シュタル		ダ1200				1:12.6	0.3		9-8	34.7-37.6	36.1	412(-4)				140.0	晴		16.0	4.0	7.0	12.7	6.0	3	55.0	稍	**	**		ジェバーダ																																																									
2022101656	2025-06-01	2京都12		1.0	3歳未勝利								菱田裕二		ダ1200				1:14.2	1.9		5-6	35.2-37.1	38.2	414(+2)					晴		15.0	5.0	9.0	6.5	4.0	7	55.0	良	**	**		ペンテリコン																																																									
2022101656	2025-07-12	2小倉5		3.0	3歳未勝利								松山弘平		ダ1000				0:59.7	0.6		7-5	34.3-36.3	36.3	414(0)				84.0	晴		14.0	3.0	3.0	24.4	8.0	4	55.0	良	**	**		ミトノキャット																																																									
2022101656	2025-08-09	3中京5		5.0	3歳未勝利								田山旺佑		ダ1200				1:12.8	0.2		11-10	34.7-37.9	36.9	414(0)				140.0	曇		16.0	3.0	6.0	15.8	8.0	3	52.0	良	**	**		キーガッツ																																																									
2022101656	2025-08-23	4中京1		7.0	3歳未勝利								田山旺佑		ダ1200				1:12.8	-0.2		11-9	35.0-37.8	37.1	416(+2)				560.0	晴		16.0	6.0	12.0	5.8	3.0	1	52.0	良	**	**		(ダンツトラバース)																																																									
2022101683	2024-10-27	5京都8		5.0	2歳新馬								西村淳也		芝1600				1:35.2	1.0		2-2	35.1-34.9	35.7	496(0)				72.0	曇		10.0	3.0	3.0	8.7	5.0	5	56.0	良	**	**		リラエンブレム																																																									
2022101683	2024-12-22	7京都8		3.0	2歳未勝利								吉村誠之		芝1400				1:21.6	-0.1		2-1	34.6-35.5	35.5	502(+6)				550.0	曇		18.0	3.0	6.0	4.4	1.0	1	54.0	良	**	**		(ハリウッドメモリー)																																																									
2022101683	2025-02-16	1京都6		4.0	3歳1勝クラス								吉村誠之		ダ1400				1:26.3	1.4		5-5	35.4-37.0	38.0	506(+4)					曇		11.0	6.0	7.0	9.3	4.0	7	55.0	稍	**	**		ピエマンソン																																																									
2022101683	2025-03-29	2阪神1		6.0	3歳1勝クラス								吉村誠之		芝1400				1:20.8	0.4		5-5	33.6-35.4	35.3	500(-6)				120.0	晴		12.0	5.0	6.0	4.7	2.0	4	55.0	良	**	**		ムイ																																																									
2022101683	2025-05-03	2京都3		6.0	3歳1勝クラス								吉村誠之		芝1400				1:22.1	0.6		2-1	36.0-33.9	34.5	496(-4)				80.0	晴		9.0	4.0	4.0	4.6	3.0	5	56.0	稍	**	**		タガノアンファン																																																									
2022101683	2025-05-25	2京都10		6.0	3歳1勝クラス								松山弘平		芝1200				1:10.8	0.6		10-9	35.0-35.2	35.1	494(-2)				80.0	曇		13.0	5.0	7.0	5.8	3.0	5	57.0	重	**	**		アオイレーギーナ																																																									
2022101683	2025-07-05	2小倉3		8.0	3歳以上1勝クラス								川田将雅		芝1200				1:08.5	1.0		5-4	33.5-34.0	34.6	488(-6)				320.0	晴		9.0	6.0	6.0	3.5	2.0	2	55.0	良	**	**		フリッカージャブ																																																									
2022101683	2025-07-27	3中京2		12.0	3歳以上1勝クラス								川田将雅		芝1200				1:08.0	0.1		2-2	33.7-34.2	34.2	492(+4)				80.0	晴		9.0	8.0	9.0	1.8	1.0	5	55.0	良	**	**		ピースフルナイト																																																									
2022101683	2025-08-30	2札幌3		12.0	3歳以上1勝クラス								横山武史		芝1200				1:11.0	0.8		6-6	34.4-35.8	35.5	492(0)					曇		15.0	7.0	13.0	5.1	1.0	6	56.0	稍	**	**		ムチャスグラシアス																																																									
2022101683	2025-12-20	5中京5		12.0	3歳以上1勝クラス								小沢大仁		芝1400				1:21.2	0.4		10-10	33.4-36.0	34.7	494(+2)					小雨		18.0	6.0	11.0	18.3	10.0	6	57.0	稍	**	**		ガンマジーティーピ																																																									
2022101697	2024-10-05	5京都1		5.0	2歳新馬								田口貫太		芝1600				1:34.7	0.3		5-4	35.2-34.8	34.7	462(0)				180.0	晴		15.0	7.0	13.0	31.0	7.0	3	55.0	良	**	**		テレサ																																																									
2022101697	2024-12-22	7京都8		2.0	2歳未勝利								浜中俊		芝1600				1:34.8	-0.2		16-15	34.9-36.1	34.5	476(+14)				550.0	曇		18.0	5.0	9.0	2.7	1.0	1	56.0	良	**	**		(パープルパライソ)																																																									
2022101697	2025-01-25	1中京8		9.0	若駒S(L)								幸英明		芝2000				2:03.0	0.7		7-8-5-5	37.5-35.5	35.6	474(-2)				200.0	晴		10.0	7.0	8.0	25.2	7.0	5	57.0	良	**	**		ジュタ																																																									
2022101697	2025-04-26	2京都1		8.0	あやめ賞(1勝クラス)								浜中俊		芝1800				1:47.0	0.1		5-4	36.1-33.6	33.1	470(-4)				444.8	晴		7.0	3.0	3.0	4.0	3.0	2	57.0	良	**	**		キングメーカー																																																									
2022101697	2025-05-24	2京都9		9.0	メルボルンT(1勝クラス)								浜中俊		芝1600				1:34.9	0.0		12-9	34.0-36.3	35.5	466(-4)				1139.4	雨		13.0	1.0	1.0	6.0	3.0	1	57.0	稍	**	**		(ゼンダンハヤブサ)																																																									
2022101697	2025-06-21	3阪神5		9.0	舞子特別(2勝クラス)								坂井瑠星		芝1600				1:33.1	0.5		10-9	34.5-34.6	34.3	466(0)				155.0	晴		13.0	4.0	5.0	2.5	1.0	5	54.0	良	**	**		ハワイアンティアレ																																																									
2022101697	2025-11-23	4京都6		9.0	花見小路特別(2勝クラス)								武豊		芝1600				1:34.2	0.7		12-12	35.6-33.6	33.5	474(+8)					晴		13.0	8.0	12.0	7.4	3.0	7	56.0	良	**	**		ダノンフェアレディ																																																									
2022101697	2025-12-28	5阪神8		9.0	フォーチュンC(2勝クラス)								高杉吏麒		芝1600				1:34.2	0.2		3-4	35.6-34.8	33.7	476(+2)				230.0	晴		12.0	7.0	9.0	5.6	3.0	4	56.0	良	**	**		マイエレメント																																																									
2022101757	2025-04-06	2阪神4	晴	3.0	3歳未勝利		16.0	8.0	15.0	324.8	16.0	12	幸英明	55.0	ダ1400		良	**	1:28.7	2.8	**	14-14	35.5-37.7	39.2	442(0)			ザックザク																																																																								
2022101757	2025-06-08	3阪神2	曇	6.0	3歳未勝利		18.0	6.0	11.0	265.0	16.0	17	荻野極	55.0	芝1800		良	**	1:49.3	2.8	**	10-17	34.8-34.8	35.6	426(-16)			ジョワイユノエル																																																																								
2022101757	2025-06-15	3阪神4	曇	4.0	3歳未勝利		15.0	4.0	7.0	452.2	15.0	13	幸英明	55.0	芝2200		重	**	2:18.3	3.3	**	13-13-15-15	35.0-36.4	38.3	430(+4)			ピエタンツァ																																																																								
2022101757	2025-08-09	3中京5	曇	5.0	3歳未勝利		16.0	7.0	14.0	242.0	16.0	7	国分恭介	55.0	ダ1200		良	**	1:13.8	1.2	**	13-12	34.7-37.9	37.5	430(0)			キーガッツ																																																																								
2022101757	2025-10-02	門別	晴	5.0	3歳以上C4ー3		11.0	6.0	6.0	3.7	2.0	2	岩橋勇二	55.0	ダ1200		稍	**	1:15.2	0.0	**	2-2		38.1	452(+22)			パッションビラーゴ	11.2																																																																							
2022101757	2025-10-15	門別	晴	7.0	3歳以上C4ー2		8.0	5.0	5.0	1.2	1.0	1	落合玄太	55.0	ダ1200		稍	**	1:15.4	0.0	**	1-1		39.0	454(+2)			(クアトロフォルトナ)	40.0																																																																							
2022101757	2025-10-28	門別	晴	8.0	3歳以上C3ー2C4		9.0	3.0	3.0	1.2	1.0	1	落合玄太	55.0	ダ1000		稍	**	1:02.2	-0.1	**	3-3		37.3	444(-10)			(カナデルエア)	40.0																																																																							
2022101757	2025-11-11	門別	曇	10.0	グランシャリオドリー(C2)		15.0	4.0	6.0	8.2	5.0	7	小野楓馬	55.0	ダ1200		稍	**	1:15.7	0.8	**	6-6		38.9	442(-2)			レイホープ																																																																								
2022101761	2024-10-19	4東京5		5.0	2歳新馬								池添謙一		芝2000				2:02.8	0.4		7-7-9	37.9-34.2	33.9	462(0)				180.0	晴		13.0	2.0	2.0	9.8	3.0	3	56.0	良	**	**		キングノジョー																																																									
2022101761	2024-11-24	5東京8		4.0	2歳未勝利								ムーア		芝2000				2:01.8	0.1		4-3-3	37.0-33.9	33.7	470(+8)				220.0	晴		12.0	6.0	8.0	2.8	2.0	2	56.0	良	**	**		ウィクトルウェルス																																																									
2022101761	2024-12-22	5中山8		4.0	2歳未勝利								ムーア		芝2000				2:01.7	0.4		1-1-1-1	36.4-36.1	36.5	474(+4)				55.0	晴		18.0	2.0	4.0	2.7	2.0	5	56.0	良	**	**		ロジャリーマイン																																																									
2022101761	2025-03-15	2中山5		5.0	3歳未勝利								戸崎圭太		芝2200				2:14.6	0.8		2-2-5-7	35.8-34.7	35.3	478(+4)				56.0	曇		18.0	2.0	4.0	5.2	4.0	5	57.0	良	**	**		レッドバンデ																																																									
2022101761	2025-04-12	1福島1		5.0	3歳未勝利								佐々木大		芝2000				2:01.8	0.6		4-5-5-5	35.6-36.7	36.9	470(-8)					曇		16.0	8.0	15.0	3.0	1.0	11	57.0	良	**	**		ベラトール																																																									
2022101761	2025-05-11	2東京6		3.0	3歳未勝利								レーン		芝2000				2:00.2	-0.2		3-4-3	37.1-35.3	35.0	474(+4)				560.0	晴		12.0	3.0	3.0	3.3	2.0	1	57.0	良	**	**		(マイネルトラオム)																																																									
2022101763	2025-01-26	1中山9	晴	4.0	3歳新馬		16.0	2.0	4.0	3.7	1.0	3	木幡巧也	55.0	ダ1200		良	**	1:13.4	0.5	**	2-2	35.4-37.5	37.9	452(0)			ワンダラー	160.0																																																																							
2022101763	2025-02-08	1東京3	晴	1.0	3歳未勝利		16.0	7.0	14.0	6.3	3.0	11	木幡巧也	55.0	ダ1400		良	**	1:29.4	2.7	**	4-4	36.2-37.6	39.6	458(+6)			セギレエルビエント																																																																								
2022101763	2025-03-30	3中山2	曇	2.0	3歳未勝利		16.0	8.0	16.0	7.6	4.0	12	木幡巧也	55.0	ダ1200		稍	**	1:14.0	1.5	**	4-4	34.2-38.3	39.4	452(-6)			エコロカディス																																																																								
2022101763	2025-04-06	3中山4	曇	2.0	3歳未勝利		16.0	6.0	11.0	21.8	6.0	6	木幡巧也	55.0	ダ1200		稍	**	1:13.9	1.3	**	4-4	35.2-37.4	38.3	452(0)			クインズシフォン																																																																								
2022101763	2025-04-19	3中山7	晴	1.0	3歳未勝利		14.0	5.0	8.0	102.0	12.0	3	木幡巧也	55.0	ダ1200		良	**	1:12.7	0.8	**	4-4	34.8-37.1	37.6	454(+2)			ドナカルナバル	140.0																																																																							
2022101763	2025-05-04	2東京4	晴	2.0	3歳未勝利		16.0	7.0	14.0	29.3	8.0	12	木幡巧也	55.0	ダ1400		稍	**	1:27.1	1.9	**	11-12	36.1-36.3	37.1	452(-2)			ポッドベル																																																																								
2022101763	2025-08-31	3新潟4	晴	7.0	3歳未勝利		15.0	4.0	6.0	26.4	8.0	4	木幡巧也	55.0	ダ1200		良	**	1:12.3	0.3	**	2-2	34.7-37.3	37.3	454(+2)			デルマエアロール	84.0																																																																							
2022101763	2025-09-13	4中山3	曇	3.0	3歳未勝利		16.0	8.0	15.0	28.6	9.0	11	木幡巧也	55.0	ダ1200		不	**	1:12.6	2.0	**	10-10	33.8-36.8	37.9	444(-10)			ダンケルド																																																																								
2022101774	2025-01-05	1中京1	晴	5.0	3歳新馬		18.0	8.0	16.0	296.5	18.0	18	橋木太希	54.0	芝2000		良	**	2:08.1	6.4	**	11-8-11-16	36.9-35.5	40.2	490(0)			ジーティーアダマン																																																																								
2022101774	2025-02-22	1小倉9	曇	7.0	3歳未勝利		18.0	2.0	3.0	318.1	17.0	14	石田拓郎	54.0	芝1200		良	**	1:10.3	1.6	**	17-16	33.8-34.9	34.9	490(0)			ウインマスカレード																																																																								
2022101774	2025-03-09	1阪神4	晴	2.0	3歳未勝利		16.0	2.0	3.0	259.5	16.0	9	永島まな	55.0	ダ1400		良	**	1:28.3	1.6	**	9-10	34.8-39.3	39.7	478(-12)			チュウワチーフ																																																																								
2022101774	2025-03-22	1阪神7	晴	3.0	3歳未勝利		16.0	2.0	3.0	378.1	15.0	12	松若風馬	57.0	ダ1400		良	**	1:28.3	3.5	**	10-10	34.2-38.4	40.3	474(-4)			ガビーズブラザー																																																																								
2022101774	2025-04-06	2阪神4	晴	2.0	3歳未勝利		15.0	6.0	11.0	361.0	14.0	9	松若風馬	57.0	ダ1800		良	**	1:58.1	4.9	**	3-3-3-7	37.4-36.7	41.1	474(0)			ブラックアダマス																																																																								
2022101774	2025-06-22	3阪神6	曇	1.0	3歳未勝利		16.0	8.0	16.0	285.0	15.0	14	松若風馬	57.0	ダ1400		良	**	1:28.8	3.1	**	13-11	34.4-38.9	40.7	470(-4)			リメンバーヒム																																																																								
2022101774	2025-08-06	川崎	晴	7.0	オーガストフラワー賞(3歳C1)		10.0	4.0	4.0	30.4	6.0	10	町田直希	56.0	ダ1500		良	**	1:41.2	4.0	**	2-2-2-3	30.4-40.6	44.4	483(+13)			トリプルバレル																																																																								
2022101789	2024-12-21	5中山7	晴	5.0	2歳新馬		16.0	6.0	11.0	262.1	16.0	14	長浜鴻緒	52.0	芝1800		良	**	1:55.2	4.0	**	14-14-12-14	38.9-33.7	36.4	472(0)			ジョスラン																																																																								
2022101789	2025-01-21	高知	晴	2.0	竜頭盃(3歳)		11.0	5.0	5.0	126.6	10.0	11	郷間勇太	54.0	ダ1900		稍	**	2:20.6	6.6	**	10-8-9-9		47.0	473(+1)			リューノス																																																																								
2022101789	2025-04-06	3中山4	曇	2.0	3歳未勝利		16.0	2.0	4.0	375.2	16.0	15	野中悠太	55.0	ダ1200		稍	**	1:15.8	3.2	**	15-14	35.2-37.4	38.8	460(-13)			クインズシフォン																																																																								
2022101789	2025-07-23	門別	晴	6.0	3歳以上C4ー3		9.0	4.0	4.0	63.2	7.0	7	桑村真明	55.0	ダ1200		良	**	1:17.9	1.3	**	4-4		40.2	458(-2)			エデュース																																																																								
2022101789	2025-08-12	門別	晴	5.0	3歳以上C4ー3		9.0	5.0	5.0	80.6	9.0	9	塩津璃菜	51.0	ダ1200		良	**	1:19.8	3.6	**	4-9		42.4	458(0)			ディルブランド																																																																								
2022101789	2025-08-26	門別	曇	6.0	新冠産米「判官伝説」(C4)		12.0	4.0	4.0	584.7	12.0	12	塩津璃菜	51.0	ダ1200		良	**	1:18.7	3.1	**	3-6		42.1	458(0)			ウインドファルクス																																																																								
2022101789	2025-09-11	門別	晴	5.0	3歳以上C4ー3		10.0	6.0	6.0	112.4	8.0	9	塩津璃菜	51.0	ダ1000		良	**	1:04.5	2.0	**	9-10		38.5	456(-2)			イマーシブ																																																																								
2022101789	2025-09-24	門別	曇	10.0	グランシャリオドリー(C4)		12.0	5.0	5.0	140.8	10.0	7	石川倭	55.0	ダ1200		良	**	1:17.8	1.5	**	11-9		39.7	458(+2)			ユーライナー																																																																								
2022101789	2025-10-07	門別	曇	10.0	グランシャリオドリー(C4)		12.0	7.0	9.0	197.5	12.0	12	岩橋勇二	55.0	ダ1700		良	**	1:56.6	3.5	**	7-8-8-12		43.8	464(+6)			ジンガブリッツ																																																																								
2022101789	2025-10-21	門別	曇	10.0	グランシャリオドリー(C4)		11.0	3.0	3.0	255.0	11.0	8	岩橋勇二	55.0	ダ1200		稍	**	1:17.6	1.0	**	1-1		40.7	466(+2)			エメラルドシティー																																																																								
2022101789	2025-11-05	門別	晴	4.0	3歳以上C4ー2		9.0	2.0	2.0	51.7	6.0	4	塩津璃菜	51.0	ダ1000		稍	**	1:03.5	1.3	**	5-3		38.3	468(+2)			アンヘルカイド	5.6																																																																							
2022101789	2025-11-11	門別	曇	6.0	3歳以上C4ー2		12.0	6.0	8.0	29.4	7.0	5	塩津璃菜	51.0	ダ1000		稍	**	1:03.5	0.7	**	3-3		38.3	466(-2)			サンダーエフェクト	2.8																																																																							
2022101789	2025-12-04	名古屋	曇	3.0	C26組		12.0	6.0	7.0	20.6	5.0	5	大畑慧悟	55.0	ダ1500		稍	**	1:40.0	2.3	**	2-6-7		41.9	471(+5)			カリビアンブルー	5.5																																																																							
2022101789	2025-12-18	名古屋	晴	4.0	C29組		12.0	8.0	12.0	36.1	6.0	3	大畑慧悟	55.0	ダ1500		稍	**	1:39.3	1.0	**	8-9-6		40.2	464(-7)			ルミナスピラー	11.0																																																																							
2022101789	2026-01-01	名古屋	晴	8.0	安全祈願賞(C)		12.0	8.0	11.0	13.1	6.0	6	丸野勝虎	55.0	ダ1500		良	**	1:38.9	1.4	**	10-10-8		40.7	469(+5)			クインズモンブラン																																																																								
2022101821	2024-11-16	6京都5	小雨	6.0	2歳新馬		16.0	1.0	1.0	18.0	5.0	3	幸英明	56.0	ダ1800		良	**	1:55.0	0.4	**	13-11-11-9	37.6-38.0	37.0	512(0)			ヒルノハンブルク	180.0																																																																							
2022101821	2024-12-15	7京都6	晴	3.0	2歳未勝利		14.0	8.0	14.0	2.7	2.0	3	川田将雅	56.0	ダ1800		良	**	1:56.8	1.7	**	6-5-6-5	37.2-37.7	39.0	502(-10)			サマーナイト	140.0																																																																							
2022101821	2025-03-08	1阪神3	晴	2.0	3歳未勝利		12.0	8.0	12.0	3.4	2.0	1	西村淳也	57.0	ダ1800		良	**	1:55.1	-1.0	**	1-1-1-1	38.0-37.7	37.7	510(+8)			(ダイシンレアレア)	560.0																																																																							
2022101821	2025-04-06	2阪神4	晴	5.0	3歳1勝クラス		14.0	7.0	11.0	5.0	2.0	6	西村淳也	57.0	ダ1800		良	**	1:54.9	2.2	**	2-2-3-2	36.5-38.2	40.2	502(-8)			テスティモーネ																																																																								
2022101821	2025-06-21	3阪神5	晴	8.0	3歳以上1勝クラス		16.0	3.0	6.0	22.2	6.0	8	長岡禎仁	55.0	ダ1800		良	**	1:54.4	1.4	**	3-3-3-2	35.9-37.6	38.9	502(0)			タガノバビロン																																																																								
2022101821	2025-11-08	3福島1	晴	12.0	3歳以上1勝クラス		15.0	6.0	11.0	4.6	1.0	5	丹内祐次	56.0	ダ1700		良	**	1:46.6	0.7	**	7-7-4-5	30.0-38.5	38.8	502(0)			タイセイマンボ	80.0																																																																							
2022101821	2025-11-22	3福島5	晴	6.0	3歳以上1勝クラス		15.0	3.0	5.0	12.2	4.0	2	丹内祐次	56.0	ダ1700		良	**	1:46.2	0.1	**	2-2-2-1	30.2-38.8	38.9	508(+6)			マテンロウブレイブ	320.0																																																																							
2022101826	2024-11-09	6京都3		5.0	2歳新馬								泉谷楓真		芝1600				1:37.8	2.3		4-3	35.8-34.2	36.2	490(0)																																															晴		14.0	6.0	9.0	155.6	11.0	13	55.0	良	**	**		ミニトランザット															
2022101826	2025-01-11	1中京3		2.0	3歳未勝利								河原田菜		ダ1200				1:13.8	0.2		14-10	34.9-38.7	37.5	502(+12)				140.0																																											晴		16.0	5.0	9.0	76.1	12.0	3	53.0	良	**	**		ワイルドブッター															
2022101826	2025-01-25	1中京8		1.0	3歳未勝利								幸英明		ダ1200				1:14.5	2.0		9-7	35.3-37.2	37.9	496(-6)																																															晴		15.0	5.0	10.0	8.0	2.0	6	57.0	良	**	**		エコロレオナ															
2022101826	2025-04-12	2阪神5		2.0	3歳未勝利								森田誠也		ダ1400				1:26.9	1.7		3-7	34.4-38.2	39.5	494(-2)																																															晴		16.0	3.0	5.0	103.1	11.0	8	54.0	良	**	**		テーオーミリカン															
2022101826	2025-05-24	2京都9		1.0	3歳未勝利								太宰啓介		ダ1200				1:12.8	1.9		12-12	34.8-36.1	36.5	494(0)																																															小雨		16.0	2.0	4.0	29.1	8.0	9	57.0	良	**	**		バッハアルプゼー															
2022101826	2025-07-12	2小倉5		3.0	3歳未勝利								太宰啓介		ダ1000				1:00.1	1.0		7-5	34.3-36.3	36.7	494(0)				56.0																																											晴		14.0	7.0	11.0	55.4	9.0	5	57.0	良	**	**		ミトノキャット															
2022101826	2025-07-27	3中京2		4.0	3歳未勝利								太宰啓介		ダ1200				1:12.5	0.2		2-2	35.0-37.3	37.3	494(0)				84.0																																											晴		16.0	7.0	14.0	29.6	10.0	4	57.0	良	**	**		メイショウサトノヒ															
2022101826	2025-08-17	3中京8		9.0	3歳未勝利								太宰啓介		ダ1200				1:13.9	1.1		10-10	34.5-38.3	38.4	498(+4)																																															晴		16.0	4.0	8.0	16.2	6.0	9	57.0	良	**	**		リードプリンシパル															
2022101826	2025-09-27	高知		4.0	3歳ー1								上田将司		ダ1300				1:26.0	0.8		2-2-3-5		40.1	506(+8)																																															曇		12.0	1.0	1.0	3.7	2.0	7	57.0	不	**	**		クエンカ															
2022101826	2025-10-11	高知		2.0	C3ー13								岡遼太郎		ダ1600				1:50.4	0.6		2-2-2-2		39.3	512(+6)				24.0																																											曇		9.0	3.0	3.0	5.9	2.0	2	57.0	稍	**	**		ビバジョー															
2022101826	2025-10-25	高知		6.0	C3ー9								岡遼太郎		ダ1300				1:23.8	-0.6		2-2-2-1		39.7	505(-7)				60.0																																											小雨		10.0	3.0	3.0	7.5	3.0	1	57.0	不	**	**		(アルデヤーノ)															
2022101826	2025-11-08	高知		8.0	C3ー7								岡遼太郎		ダ1400				1:31.5	-2.1		3-3-3-1		38.7	507(+2)				60.0																																											晴		9.0	2.0	2.0	2.1	1.0	1	57.0	稍	**	**		(オセアダイナスティ)															
2022101848	2024-11-30	5中山1	晴	5.0	2歳新馬		16.0	3.0	6.0	64.9	13.0	10	大野拓弥	56.0	芝1200		良	**	1:09.9	0.9	**	13-13	34.3-34.7	33.3	450(0)			ヴィヴァラリス																																																																								
2022101848	2024-12-14	5中山5	晴	9.0	ひいらぎ賞(1勝クラス)		13.0	6.0	9.0	272.7	12.0	11	大野拓弥	56.0	芝1600		良	**	1:34.4	2.0	**	13-13-13	34.3-35.1	35.8	452(+2)			デンクマール																																																																								
2022101848	2025-03-01	2中山1	晴	6.0	3歳未勝利		16.0	5.0	10.0	168.4	13.0	13	長浜鴻緒	54.0	芝1800		良	**	1:49.7	1.8	**	11-12-10-12	36.1-34.4	35.3	458(+6)			エンジェルブリーズ																																																																								
2022101848	2025-03-23	2中京4	晴	2.0	3歳未勝利		13.0	5.0	7.0	42.5	6.0	9	西塚洸二	56.0	ダ1800		良	**	1:58.5	4.4	**	8-7-10-12	37.1-39.3	42.4	448(-10)			キャストロププ																																																																								
2022101848	2025-04-06	3中山4	曇	3.0	3歳未勝利		13.0	6.0	8.0	172.3	10.0	5	石田拓郎	54.0	ダ1800		稍	**	1:57.0	2.1	**	7-7-6-5	37.9-37.4	38.9	450(+2)			グレイテストソング	56.0																																																																							
2022101848	2025-04-19	1福島3	晴	4.0	3歳未勝利		15.0	6.0	11.0	145.9	14.0	8	石田拓郎	54.0	ダ1700		良	**	1:48.4	1.1	**	10-10-8-8	30.0-39.2	39.2	444(-6)			ルージュミラージュ																																																																								
2022101848	2025-05-04	2東京4	晴	3.0	3歳未勝利		16.0	1.0	1.0	128.0	8.0	6	水口優也	57.0	ダ1600		稍	**	1:39.1	2.0	**	6-6	35.6-36.6	37.6	450(+6)			ノアヴィヴァーチェ																																																																								
2022101848	2025-05-17	2東京7	雨	2.0	3歳未勝利		16.0	1.0	1.0	66.5	8.0	4	木幡巧也	57.0	ダ1600		稍	**	1:39.2	0.5	**	10-9	35.5-37.5	37.1	446(-4)			クリオシダード	84.0																																																																							
2022101848	2025-06-07	3東京1	晴	3.0	3歳未勝利		16.0	7.0	14.0	24.2	7.0	6	木幡巧也	57.0	ダ1600		良	**	1:38.9	1.4	**	7-7	35.1-37.0	37.6	446(0)			ファリーザ																																																																								
2022101848	2025-06-22	3東京6	晴	2.0	3歳未勝利		16.0	5.0	10.0	68.7	12.0	11	石神深道	54.0	ダ1600		良	**	1:39.3	2.4	**	10-11	35.1-36.9	38.1	442(-4)			ワスカル																																																																								
2022101848	2025-08-17	2新潟8	晴	2.0	3歳未勝利		15.0	6.0	11.0	85.6	10.0	14	内田博幸	57.0	ダ1800		良	**	2:02.4	8.0	**	2-5-10-12	36.6-40.1	45.9	442(0)			アバレリュウ																																																																								
2022101848	2025-11-25	浦和	雨	2.0	ランチタイムチャレン(3歳)		12.0	8.0	12.0	9.5	4.0	8	室陽一朗	56.0	ダ1500		良	**	1:39.1	2.0	**	10-8-7-6	30.8-40.0	41.2	456(+14)			マーゴットフェスタ																																																																								
2022101848	2025-12-24	浦和	雨	2.0	いちごのまち吉見賞(3歳)		11.0	3.0	3.0	16.8	6.0	2	室陽一朗	56.0	ダ1400		稍	**	1:31.6	2.0	**	3-4-6-3	38.5-39.2	40.3	458(+2)			オンサイト	60.0																																																																							
2022101848	2026-01-08	浦和	晴	5.0	ここが好き、やっぱり(C2八)		12.0	6.0	8.0	20.0	7.0	9	室陽一朗	56.0	ダ1400		良	**	1:34.1	2.5	**	5-5-8-10	37.5-40.2	42.0	462(+4)			トーセンアデレード																																																																								
2022101874	2025-03-08	1阪神3	晴	3.0	3歳未勝利		16.0	7.0	14.0	153.5	11.0	9	高倉稜	57.0	ダ1200		良	**	1:16.2	2.0	**	16-16	37.1-37.1	37.1	500(0)			ロードヴァルカン																																																																								
2022101874	2025-03-22	1阪神7	晴	3.0	3歳未勝利		16.0	3.0	6.0	192.5	12.0	3	和田竜二	57.0	ダ1400		良	**	1:26.2	1.4	**	12-10	34.2-38.4	38.1	498(-2)			ガビーズブラザー	140.0																																																																							
2022101874	2025-04-06	2阪神4	晴	2.0	3歳未勝利		15.0	3.0	6.0	12.3	3.0	3	和田竜二	57.0	ダ1800		良	**	1:55.0	1.8	**	9-9-6-4	37.4-36.7	38.0	498(0)			ブラックアダマス	140.0																																																																							
2022101874	2025-04-26	2京都1	晴	2.0	3歳未勝利		16.0	3.0	5.0	11.6	6.0	10	和田竜二	57.0	ダ1800		良	**	1:55.5	1.8	**	6-5-6-6	36.1-39.1	40.2	496(-2)			パーフェクト																																																																								
2022101874	2025-05-17	2京都7	雨	1.0	3歳未勝利		10.0	2.0	2.0			取	和田竜二	57.0	ダ1800		不	**			**		37.5-36.6		計不			ユキノクラウン																																																																								
2022101874	2025-05-31	2京都11	曇	3.0	3歳未勝利		15.0	1.0	1.0	17.7	5.0	8	和田竜二	57.0	ダ1800		良	**	1:55.3	1.8	**	10-10-12-9	37.3-37.8	38.4	500(+4)			カンピドリオ																																																																								
2022101874	2025-08-02	3中京3	晴	3.0	3歳未勝利		16.0	8.0	15.0	13.2	4.0	8	田口貫太	57.0	ダ1800		良	**	1:56.6	1.9	**	14-14-14-11	37.5-38.4	39.1	494(-6)			オーケーエンジェル																																																																								
2022101874	2025-09-26	園田	曇	8.0	C2二		10.0	8.0	10.0	2.5	1.0	5	大山龍太	56.0	ダ1400		稍	**	1:32.8	0.7	**	9-9-9-9		39.3	489(-5)			ジンガー	7.0																																																																							
2022101874	2025-10-22	園田	曇	4.0	揖西町小犬丸(C2)		10.0	7.0	8.0	6.0	3.0	9	大山龍太	57.0	ダ1400		稍	**	1:34.9	3.1	**	5-6-10-9		42.4	494(+5)			ヴィータレヴィス																																																																								
2022101874	2025-11-06	園田	晴	9.0	C2一		10.0	4.0	4.0	22.1	6.0	5	大山龍太	57.0	ダ1400		良	**	1:34.0	0.5	**	5-4-6-4		39.7	486(-8)			ゼットヒーロ	7.0																																																																							
2022101874	2025-11-26	園田	曇	3.0	C3一		12.0	5.0	5.0	2.4	1.0	6	大山龍太	57.0	ダ1400		稍	**	1:34.9	1.0	**	10-10-6-6		41.7	489(+3)			エイシンスキッピオ																																																																								
2022102024	2024-10-14	4東京4	晴	4.0	2歳新馬		16.0	2.0	4.0	36.3	10.0	8	嶋田純次	55.0	ダ1400		良	**	1:27.3	2.9	**	7-8	35.1-36.9	38.6	450(0)			ベンヌ																																																																								
2022102024	2024-11-03	3福島2	晴	1.0	2歳未勝利		16.0	7.0	13.0	51.7	10.0	6	嶋田純次	55.0	ダ1150		不	**	1:09.6	1.6	**	8-7	31.4-36.6	37.3	448(-2)			ゴメンネジロー																																																																								
2022102024	2025-03-23	2中京4	晴	4.0	3歳未勝利		18.0	6.0	11.0	190.5	15.0	16	永島まな	53.0	芝1400		良	**	1:24.5	2.6	**	15-16	34.1-35.8	36.5	448(0)			カシオペア																																																																								
2022102024	2025-04-06	3中山4	曇	3.0	3歳未勝利		13.0	6.0	9.0	221.6	12.0	12	嶋田純次	55.0	ダ1800		稍	**	1:58.6	3.7	**	9-10-13-12	37.9-37.4	39.4	448(0)			グレイテストソング																																																																								
2022102024	2025-05-28	門別	曇	2.0	3歳条件4組40万円		8.0	6.0	6.0	10.5	3.0	3	阿岸潤一	54.0	ダ1200		良	**	1:15.3	0.6	**	3-2		38.7	464(+16)			エイイチ	12.6																																																																							
2022102024	2025-06-12	門別	曇	9.0	とままえメロン特別(C4)		8.0	1.0	1.0	5.6	3.0	2	阿岸潤一	54.0	ダ1200		稍	**	1:15.9	0.5	**	7-6		38.1	460(-4)			ゴールデンスキーム	15.4																																																																							
2022102024	2025-07-01	門別	晴	10.0	グランシャリオドリー(C4)		11.0	4.0	4.0	7.5	5.0	2	阿岸潤一	54.0	ダ1200		良	**	1:15.1	0.5	**	7-6		37.8	462(+2)			ホワイトマジック	15.4																																																																							
2022102024	2025-07-15	門別	曇	9.0	夏いちごすずあかね賞(C4)		10.0	2.0	2.0	5.6	3.0	1	阿岸潤一	54.0	ダ1200		稍	**	1:15.9	-0.3	**	9-9		38.1	460(-2)			(ウナトライオン)	40.0																																																																							
2022102024	2025-07-31	門別	晴	9.0	優駿の里安平町あびら(C3)		11.0	7.0	8.0	6.4	4.0	3	阿岸潤一	54.0	ダ1200		稍	**	1:15.6	0.5	**	4-3		37.8	456(-4)			キスメット	8.4																																																																							
2022102024	2025-08-14	門別	曇	10.0	グランシャリオドリー(C3)		12.0	8.0	11.0	5.1	4.0	5	阿岸潤一	54.0	ダ1200		良	**	1:15.8	0.9	**	8-7		38.3	456(0)			ブラストバローズ	3.8																																																																							
2022102024	2025-08-26	門別	曇	9.0	新冠・新ひだか2デイ(C3)		11.0	8.0	10.0	6.2	4.0	1	松井伸也	55.0	ダ1600		良	**	1:45.8	-0.3	**	3-3-3-1		41.0	460(+4)			(ファーマシャイン)	40.0																																																																							
2022102024	2025-09-18	門別	晴	8.0	日高町建設協会2特別(B4)		11.0	8.0	10.0	15.3	5.0	4	松井伸也	55.0	ダ1600		良	**	1:45.2	0.6	**	2-2-2-2		41.3	462(+2)			ケイアイアンタレス	9.1																																																																							
2022102024	2025-10-02	門別	晴	11.0	ゲッカビジン特別(C1)		11.0	5.0	5.0	5.9	2.0	4	松井伸也	55.0	ダ1700		稍	**	1:53.0	0.9	**	1-1-1-1		42.0	464(+2)			ファーマシャイン	7.7																																																																							
2022102024	2025-10-16	門別	曇	11.0	シクラメン特別(C1)		11.0	1.0	1.0	13.0	5.0	3	黒澤愛斗	55.0	ダ1800		稍	**	1:59.9	0.2	**	2-3-4-5		42.4	464(0)			ビリーヴアンドラン	11.6																																																																							
2022102024	2025-10-30	門別	晴	8.0	ケナフ特別(C1)		12.0	4.0	4.0	15.1	4.0	2	黒澤愛斗	55.0	ダ1700		稍	**	1:51.5	0.1	**	2-4-4-3		40.0	462(-2)			ブレスドナイル	15.4																																																																							
2022102035	2024-12-08	7京都4		4.0	2歳新馬								幸英明		ダ1400				1:28.2	1.6		8-7	36.0-37.7	38.7	446(0)				110.0	晴		16.0	7.0	14.0	34.9	8.0	4	55.0	良	**	**		ヤマニンバロネス																																																									
2022102035	2024-12-22	7京都8		1.0	2歳未勝利								田口貫太		ダ1400				1:27.0	0.9		8-6	35.3-38.2	38.6	446(0)				140.0	曇		16.0	8.0	16.0	92.1	10.0	3	54.0	良	**	**		オリージネアリア																																																									
2022102035	2025-01-13	1中京5		2.0	3歳未勝利								幸英明		ダ1400				1:27.9	1.9		7-7	35.3-37.9	39.0	444(-2)					晴		16.0	4.0	8.0	43.2	9.0	6	55.0	良	**	**		ゲイルライダー																																																									
2022102035	2025-04-27	2京都2		1.0	3歳未勝利								幸英明		ダ1200								36.7-36.3		440(-4)					晴		15.0	8.0	16.0			除	55.0	良	**	**		ペプチドクレマチス																																																									
2022102035	2025-05-10	1新潟3		3.0	3歳未勝利								川端海翼		ダ1200				1:13.3	0.4		11-10	35.3-37.6	36.9	440(-4)					曇		15.0	5.0	8.0	24.4	7.0	8	52.0	稍	**	**		オースミライト																																																									
2022102035	2025-07-27	1札幌2		1.0	3歳未勝利								鮫島克駿		ダ1700				1:45.5	0.3		11-11-9-7	29.4-39.0	38.1	446(+6)				84.0	曇		14.0	7.0	11.0	4.8	2.0	4	55.0	不	**	**		メイショウハマギク																																																									
2022102035	2025-08-16	1札幌7		2.0	3歳未勝利								武豊		ダ1700				1:46.8	0.5		10-10-9-3	29.9-38.8	38.5	450(+4)				84.0	晴		14.0	7.0	12.0	3.3	1.0	4	55.0	良	**	**		サウンドルーチェ																																																									
2022102035	2025-08-31	2札幌4		2.0	3歳未勝利								武豊		ダ1700				1:48.3	2.1		9-11-11-11	29.8-38.8	39.6	450(0)					曇		14.0	6.0	9.0	4.8	3.0	9	55.0	稍	**	**		ユージュアーナ																																																									
2022102035	2025-10-16	園田		4.0	伯牙弾琴鏡7ハロ(C2)								杉浦健太		ダ1400				1:32.8	1.9		9-9-6-4		40.1	467(+17)				17.5	曇		10.0	4.0	4.0	6.8	3.0	3	55.0	良	**	**		ステラノヴァ																																																									
2022102035	2025-11-03	園田		5.0	C2一								杉浦健太		ダ1400				1:33.8	1.6		2-3-2-2		41.2	455(-12)				17.5	晴		10.0	7.0	7.0	6.4	2.0	3	55.0	稍	**	**		ハギノインスパイア																																																									
2022102035	2025-11-26	園田		12.0	錦秋花咲賞C2								田野豊三		ダ1230				1:21.6	1.1		4-4-4-3		40.5	459(+4)				8.0	晴		10.0	3.0	3.0	10.1	5.0	5	55.0	稍	**	**		ジュウオウ																																																									
2022102035	2025-12-17	園田		8.0	C2一								田野豊三		ダ1400				1:33.0	1.1		5-4-5-4		40.3	455(-4)				17.5	曇		9.0	6.0	6.0	5.4	2.0	3	55.0	良	**	**		ダイシンアレス																																																									
2022102039	2024-08-24	3新潟5		6.0	2歳新馬								杉原誠人		ダ1200				1:14.9	0.5		11-10	36.1-38.3	37.8	512(0)				180.0																																											晴		14.0	4.0	7.0	2.9	2.0	3	55.0	良	**	**		モカラマーズ															
2022102039	2024-09-15	4中山4		1.0	2歳未勝利								杉原誠人		ダ1200				1:13.5	-0.3		6-6	35.4-38.1	37.4	514(+2)				550.0																																											晴		12.0	8.0	11.0	3.0	2.0	1	55.0	良	**	**		(レイオーバー)															
2022102039	2024-10-14	4東京4		9.0	プラタナス賞(1勝クラス)								杉原誠人		ダ1600				1:38.4	0.8		6-6	36.6-35.8	35.9	516(+2)				272.7																																											晴		8.0	8.0	8.0	7.5	3.0	3	56.0	良	**	**		メルキオル															
2022102039	2024-11-09	5東京3		9.0	オキザリス賞(1勝クラス)								岩田康誠		ダ1400				1:26.3	1.2		14-13	36.2-36.2	36.0	520(+4)				160.0																																											晴		16.0	8.0	15.0	14.2	6.0	4	56.0	良	**	**		プロミストジーン															
2022102039	2025-01-12	1中京4		7.0	3歳1勝クラス								田口貫太		ダ1400				1:25.1	1.0		9-7	35.0-36.9	37.2	532(+12)																																															曇		16.0	1.0	1.0	32.9	6.0	6	56.0	良	**	**		マテンロウコマンド															
2022102039	2025-02-01	1東京1		4.0	3歳1勝クラス								菅原明良		ダ1600				1:38.1	0.9		10-10	35.2-36.4	36.2	530(-2)				200.0																																											晴		13.0	2.0	2.0	40.2	9.0	3	57.0	良	**	**		ヘニーガイスト															
2022102039	2025-02-16	1東京6		4.0	3歳1勝クラス								横山和生		ダ1600				1:38.1	0.0		8-8	35.6-37.3	36.2	520(-10)				800.0																																											晴		11.0	6.0	6.0	5.6	3.0	1	57.0	良	**	**		(クラリネットソナタ)															
2022102039	2025-05-10	2東京5		10.0	青竜S(OP)								横山和生		ダ1600				1:35.9	0.3		10-10	36.2-35.3	34.6	514(-6)				453.4																																											曇		11.0	1.0	1.0	20.6	5.0	3	57.0	重	**	**		ポールセン															
2022102039	2025-06-08	3東京2		12.0	小金井特別(2勝クラス)								横山和生		ダ1600				1:36.2	0.3		12-11	34.8-36.5	35.5	516(+2)				629.8																																											曇		14.0	7.0	12.0	2.3	1.0	2	55.0	良	**	**		ゴールデンオスカー															
2022102039	2025-08-10	2新潟6		7.0	レパードS(GIII)								大野拓弥		ダ1800				1:51.1	0.6		14-14-14-13	35.8-36.9	36.4	520(+4)				370.0																																											雨		15.0	5.0	8.0	28.9	9.0	5	57.0	不	**	**		ドンインザムード															
2022102039	2025-10-19	4東京7		10.0	西湖特別(2勝クラス)								戸崎圭太		ダ1600				1:37.7	0.2		11-10	35.5-36.3	35.4	524(+4)				629.2																																											曇		13.0	6.0	8.0	1.7	1.0	2	56.0	良	**	**		クールブロン															
2022102039	2025-11-15	5東京3		9.0	三浦特別(2勝クラス)								戸崎圭太		ダ1600				1:37.6	0.3		10-10	35.7-36.7	35.7	522(-2)				395.4																																											晴		16.0	6.0	12.0	1.8	1.0	3	57.0	良	**	**		ロフティストーリー															
2022102039	2026-01-05	1中山2		9.0	初茜賞(2勝クラス)								戸崎圭太		ダ1800				1:53.3	0.6		3-3-2-3	37.1-38.7	39.0	528(+6)				638.6																																											晴		12.0	8.0	12.0	3.0	2.0	2	57.0	稍	**	**		オーケーバーディー															
2022102062	2024-11-09	6京都3	晴	4.0	2歳新馬		15.0	7.0	13.0	19.6	8.0	3	団野大成	56.0	ダ1800		良	**	1:54.2	3.0	**	10-9-8-4	36.8-36.3	38.1	522(0)			ナルカミ	180.0																																																																							
2022102062	2024-12-01	4中京2	晴	1.0	2歳未勝利		12.0	6.0	7.0	4.5	2.0	1	川田将雅	56.0	ダ1800		良	**	1:53.2	-0.2	**	2-2-2-2	37.3-37.1	37.0	526(+4)			(メイショウズイウン)	550.0																																																																							
2022102062	2025-01-26	1中京9	晴	4.0	3歳1勝クラス		8.0	1.0	1.0	2.6	1.0	2	川田将雅	57.0	ダ1800		良	**	1:53.3	0.1	**	6-5-4-3	37.2-37.4	37.0	528(+2)			イサナ	320.0																																																																							
2022102062	2025-02-16	1東京6	晴	4.0	3歳1勝クラス		11.0	6.0	7.0	2.6	1.0	8	キング	57.0	ダ1600		良	**	1:39.6	1.5	**	6-6	35.6-37.3	37.9	532(+4)			サノノワンダー																																																																								
2022102062	2025-04-06	3中山4	小雨	6.0	3歳1勝クラス		14.0	5.0	7.0	5.0	4.0	6	佐々木大	57.0	ダ1800		稍	**	1:54.1	0.8	**	4-4-3-4	36.2-39.1	39.5	520(-12)			ゴッドエスパーダ																																																																								
2022102062	2025-05-03	1新潟1	晴	9.0	わらび賞(1勝クラス)		15.0	2.0	2.0	9.6	4.0	2	荻野極	57.0	ダ1800		稍	**	1:53.5	0.7	**	5-3-3-3	37.2-37.3	37.7	522(+2)			バギーウィップ	449.6																																																																							
2022102062	2025-05-25	2京都10	曇	7.0	3歳1勝クラス		16.0	4.0	8.0	6.2	3.0	6	松山弘平	57.0	ダ1800		重	**	1:51.0	1.4	**	11-10-11-11	35.5-36.6	37.1	526(+4)			トリポリタニア																																																																								
2022102062	2025-08-23	3新潟1	晴	8.0	3歳以上1勝クラス		11.0	8.0	11.0	2.7	1.0	1	荻野極	55.0	ダ1800		良	**	1:52.8	-0.3	**	2-2-2-2	36.8-38.2	38.2	520(-6)			(サンカルミア)	800.0																																																																							
2022102062	2025-10-25	4新潟3	曇	10.0	菅名岳特別(2勝クラス)		15.0	5.0	8.0	4.4	2.0	4	荻野極	56.0	ダ1800		良	**	1:51.8	1.1	**	6-7-5-5	35.9-36.7	37.3	528(+8)			アスクシュタイン	230.0																																																																							
2022102062	2025-11-09	3福島2	小雨	10.0	河北新報杯(2勝クラス)		15.0	7.0	12.0	3.5	2.0	4	丹内祐次	56.0	ダ1700		良	**	1:45.7	0.2	**	4-5-5-6	30.1-37.8	37.6	528(0)			アレナパラシオ	230.0																																																																							
2022102062	2025-12-13	5中山3	曇	8.0	3歳以上2勝クラス		15.0	7.0	12.0	3.3	2.0	1	戸崎圭太	57.0	ダ1800		良	**	1:54.3	0.0	**	4-5-2-3	37.5-38.5	38.2	534(+6)			(パイシャオピン)	1140.0																																																																							
2022102062	2025-12-21	5中山6	曇	10.0	北総S(3勝クラス)		15.0	2.0	3.0	16.8	6.0	3	石橋脩	57.0	ダ1800		重	**	1:51.5	0.4	**	7-5-6-6	36.4-36.9	36.7	536(+2)			イムホテプ	465.5																																																																							
2022102062	2026-01-17	1中山6		10.0	アレキサンドライトS(3勝クラス)								戸崎圭太		ダ1800				1:53.4	1.2		5-5-4-5	37.4-37.5	38.0	532(-4)																																	晴		16.0	8.0	15.0	2.8	1.0	6	56.0	良				チュウワクリスエス																													
2022102085	2025-04-06	2阪神4	晴	3.0	3歳未勝利		16.0	1.0	1.0	100.1	11.0	6	古川吉洋	55.0	ダ1400		良	**	1:27.1	1.2	**	16-15	35.5-37.7	37.3	512(0)			ザックザク																																																																								
2022102085	2025-05-03	2東京3	晴	2.0	3歳未勝利		16.0	2.0	3.0	7.4	4.0	3	幸英明	55.0	ダ1600		不	**	1:36.8	1.6	**	13-12	34.8-35.7	36.2	510(-2)			ジェイエルマスター	140.0																																																																							
2022102085	2025-05-25	2京都10	曇	1.0	3歳未勝利		16.0	1.0	2.0	15.4	5.0	2	古川吉洋	55.0	ダ1400		不	**	1:23.6	0.2	**	8-9	34.9-36.5	35.9	520(+10)			テーオーライマン	220.0																																																																							
2022102085	2025-06-14	3阪神3	曇	2.0	3歳未勝利		16.0	8.0	15.0	3.0	1.0	2	幸英明	55.0	ダ1400		稍	**	1:25.6	0.3	**	5-3	34.9-38.1	37.9	516(-4)			ケイアイブイスリー	220.0																																																																							
2022102085	2025-07-13	2小倉6	曇	3.0	3歳未勝利		16.0	1.0	1.0	3.6	2.0	11	幸英明	55.0	ダ1700		良	**	1:49.6	1.8	**	6-6-8-6	30.3-38.9	40.0	510(-6)			ハッコウイチウ																																																																								
2022102085	2025-08-08	園田	雨	7.0	C2一		10.0	8.0	10.0	1.1	1.0	1	小牧太	55.0	ダ1400		重	**	1:30.6	-0.8	**	1-1-1-1		39.6	509(-1)			(ベスポジ)	70.0																																																																							
2022102085	2025-08-22	園田	晴	9.0	ミルクボーイ内海☆来(C1)		9.0	4.0	4.0	1.1	1.0	1	小牧太	55.0	ダ1400		良	**	1:30.6	-0.9	**	3-3-3-1		38.7	509(0)			(ベルドラゴ)	110.0																																																																							
2022102085	2025-10-26	3京都9	曇	6.0	3歳以上1勝クラス		11.0	1.0	1.0	8.1	3.0	8	佐々木大	54.0	ダ1400		重	**	1:24.5	1.1	**	3-4	34.4-36.8	37.6	502(-7)			アンビシャスヨシノ																																																																								
2022102085	2025-12-07	5阪神2	晴	7.0	3歳以上1勝クラス		11.0	7.0	9.0	5.9	4.0	3	古川吉洋	55.0	ダ1200		良	**	1:12.7	0.1	**	9-9	34.8-37.8	36.9	512(+10)			モンテディアーナ	200.0																																																																							
2022102127	2024-12-14	7京都5	曇	6.0	2歳新馬		14.0	7.0	12.0	46.4	8.0	5	池添謙一	56.0	ダ1200		良	**	1:15.3	2.1	**	11-11	36.4-36.8	37.0	458(0)			ペイシャヴァルツー	72.0																																																																							
2022102127	2025-01-13	1中京5	晴	2.0	3歳未勝利		16.0	8.0	16.0	87.1	12.0	15	池添謙一	57.0	ダ1400		良	**	1:29.6	3.6	**	14-14	35.3-37.9	40.2	462(+4)			ゲイルライダー																																																																								
2022102127	2025-02-16	1京都6	曇	3.0	3歳未勝利		16.0	6.0	12.0	71.9	8.0	2	高杉吏麒	56.0	ダ1400		稍	**	1:27.1	0.3	**	13-14	35.8-38.2	37.4	464(+2)			ニシノジェダイ	220.0																																																																							
2022102127	2025-03-09	1阪神4	晴	2.0	3歳未勝利		16.0	4.0	7.0	7.5	4.0	2	高杉吏麒	56.0	ダ1400		良	**	1:27.2	0.5	**	9-7	34.8-39.3	38.8	462(-2)			チュウワチーフ	220.0																																																																							
2022102127	2025-04-06	2阪神4	晴	3.0	3歳未勝利		16.0	4.0	7.0	4.5	3.0	3	高杉吏麒	56.0	ダ1400		良	**	1:26.3	0.4	**	3-4	35.5-37.7	37.8	462(0)			ザックザク	140.0																																																																							
2022102127	2025-05-03	2京都3	晴	2.0	3歳未勝利		16.0	5.0	9.0	5.5	3.0	2	高杉吏麒	56.0	ダ1400		重	**	1:23.7	0.1	**	11-8	34.9-36.7	35.4	464(+2)			ソリスクラヴィス	220.0																																																																							
2022102127	2025-05-31	2京都11	曇	2.0	3歳未勝利		16.0	4.0	8.0	1.5	1.0	6	高杉吏麒	56.0	ダ1400		良	**	1:25.2	0.2	**	14-9	35.1-37.5	36.5	468(+4)			モレポブラーノ																																																																								
2022102127	2025-08-02	3中京3	晴	5.0	3歳未勝利		16.0	6.0	11.0	3.6	2.0	1	高杉吏麒	56.0	ダ1400		良	**	1:24.8	-1.1	**	4-4	34.6-37.9	37.6	458(-10)			(シュパネントウィル)	560.0																																																																							
2022102127	2025-10-04	3京都1	曇	6.0	3歳以上1勝クラス		16.0	7.0	14.0	3.7	1.0	3	高杉吏麒	56.0	ダ1400		不	**	1:22.7	0.2	**	13-13	33.6-37.3	35.8	470(+12)			サンダーロード	200.0																																																																							
2022102127	2025-11-01	3京都10	晴	7.0	3歳以上1勝クラス		16.0	1.0	2.0	2.5	1.0	2	高杉吏麒	57.0	ダ1400		重	**	1:23.9	0.2	**	8-9	35.0-36.6	36.2	472(+2)			ヴリトラハン	320.0																																																																							
2022102127	2025-11-30	4京都8	晴	4.0	3歳以上1勝クラス		16.0	4.0	8.0	2.0	1.0	2	高杉吏麒	57.0	ダ1400		良	**	1:25.5	0.3	**	6-7	34.6-38.0	37.7	470(-2)			アンビシャスヨシノ	320.0																																																																							
2022102127	2025-12-28	5阪神8	晴	7.0	3歳以上1勝クラス		16.0	7.0	14.0	2.0	1.0	2	高杉吏麒	57.0	ダ1400		良	**	1:24.5	0.6	**	9-6	34.3-37.3	37.1	472(+2)			ニューオーリンズ	320.0																																																																							
2022102127	2026-01-17	1京都6		7.0	4歳以上1勝クラス								高杉吏麒		ダ1400				1:25.2	0.2		6-6	36.0-36.6	36.1	476(+4)				330.0																													晴		15.0	8.0	16.0	1.9	1.0	2	57.0	良				レーティッシュ																													
2022102173	2024-06-08	1函館1		5.0	2歳新馬								横山和生		芝1000				0:58.5	0.9		6-6	33.8-34.8	34.3	424(0)					晴		11.0	1.0	1.0	30.4	8.0	6	55.0	良	**	**		ヒデノブルースカイ																																																									
2022102173	2024-12-22	5中山8		3.0	2歳未勝利								横山武史		芝1200				1:10.1	0.3		7-6	33.5-36.3	36.2	450(+26)					晴		16.0	4.0	8.0	42.7	9.0	7	56.0	良	**	**		ミクストベリーズ																																																									
2022102173	2025-01-25	1小倉1		2.0	3歳未勝利								横山武史		芝1200				1:09.6	0.9		16-17	33.3-35.4	34.5	450(0)					晴		17.0	3.0	5.0	61.1	9.0	10	57.0	良	**	**		オンザブルースカイ																																																									
2022102173	2025-02-09	1小倉6		6.0	3歳未勝利								橋木太希		芝1200				1:11.3	0.8		8-7	33.8-36.7	36.6	454(+4)					晴		17.0	6.0	11.0	41.8	11.0	10	54.0	稍	**	**		アーサーズウェイン																																																									
2022102173	2025-03-09	2中山4		2.0	3歳未勝利								秋山稔樹		ダ1200				1:12.9	1.3		7-8	34.1-37.5	37.8	450(-4)					晴		16.0	5.0	10.0	15.1	7.0	8	57.0	重	**	**		ナインオブレター																																																									
2022102173	2025-04-19	3中山7		3.0	3歳未勝利								江田照男		ダ1200				1:15.4	2.6		14-15	35.3-37.5	38.0	446(-4)					晴		16.0	1.0	2.0	79.5	13.0	15	57.0	良	**	**		ショーモッシュ																																																									
2022102173	2025-07-15	金沢		9.0	金沢競馬3歳Bプレミ								平瀬城久		ダ1500				1:39.9	2.5		12-12-12-12		39.0	466(+20)					曇		12.0	6.0	7.0	22.4	7.0	11	57.0	良	**	**		エイトビートレター																																																									
2022102173	2025-07-29	金沢		2.0	3歳B　7								吉原寛人		ダ1400				1:33.3	2.0		9-10-10-9		40.1	461(-5)				4.3	晴		10.0	6.0	6.0	2.3	2.0	5	57.0	良	**	**		ノーブルジェネシス																																																									
2022102173	2025-09-08	金沢		3.0	祝#9辻直人36歳年(3歳)								鈴木太一		ダ1400				1:31.1	2.1		5-7-5-5		39.5	460(-1)				4.3	雨		12.0	8.0	11.0	70.7	10.0	5	57.0	不	**	**		イイデテッシン																																																									
2022102173	2025-09-20	金沢		4.0	C214								吉原寛人		ダ1400				1:32.4	1.3		10-10-10-10		39.4	458(-2)					曇		11.0	2.0	2.0	7.0	3.0	6	57.0	良	**	**		ピエノダモーレ																																																									
2022102173	2025-10-07	金沢		5.0	りきちゃん☆はるちゃ(C2)								栗原大河		ダ1400				1:30.4	1.5		2-2-3-2		40.7	456(-2)				13.7	曇		8.0	8.0	8.0	15.0	4.0	2	57.0	良	**	**		パブリックスフィア																																																									
2022102173	2025-10-21	金沢		1.0	第1回イレコンドルま(C2)								加藤翔馬		ダ1400				1:32.6	0.4		7-7-6-6		39.4	449(-7)				6.8	曇		7.0	2.0	2.0	1.5	1.0	3	57.0	良	**	**		ラストヨンマル																																																									
2022102173	2025-11-04	金沢		3.0	C25　特別編成(C2特別)								田知弘久		ダ1400				1:32.7	3.0		7-7-7-7		39.0	456(+7)					晴		7.0	3.0	3.0	13.9	4.0	6	57.0	不	**	**		カドバンソコヂカラ																																																									
2022102173	2025-11-16	金沢		6.0	C211								鈴木太一		ダ1400				1:33.6	2.8		3-3-3-5		42.0	448(-8)				5.1	晴		8.0	7.0	7.0	13.8	5.0	4	57.0	良	**	**		マリアディオーサ																																																									
2022102173	2025-12-01	金沢		5.0	C213								鈴木太一		ダ1400				1:30.9	0.0		1-1-1-1		37.7	450(+2)				43.0	曇		8.0	5.0	5.0	5.7	4.0	1	57.0	稍	**	**		(ピュアコレクション)																																																									
2022102173	2025-12-15	金沢		2.0	C28								鈴木太一		ダ1400				1:32.7	1.9		3-3-4-4		42.0	454(+4)				4.3	曇		11.0	8.0	11.0	22.3	6.0	5	57.0	不	**	**		リケアダージリン																																																									
2022102196	2025-04-06	2阪神4	晴	4.0	3歳未勝利		14.0	7.0	11.0	14.8	7.0	8	田山旺佑	54.0	芝2400		良	**	2:28.0	1.4	**	11-11-14-13	36.2-35.5	35.2	510(0)			セイキュート																																																																								
2022102196	2025-04-19	2阪神7	晴	4.0	3歳未勝利		16.0	8.0	16.0	8.5	4.0	5	松山弘平	57.0	芝2200		良	**	2:14.8	1.1	**	8-8-4-2	34.8-35.6	36.5	502(-8)			ファーングロット	56.0																																																																							
2022102196	2025-05-03	2京都3	晴	4.0	3歳未勝利		16.0	6.0	11.0	2.4	1.0	1	坂井瑠星	57.0	ダ1900		重	**	1:59.8	-0.8	**	6-6-3-2	29.3-37.6	37.3	498(-4)			(ハイアップグレード)	560.0																																																																							
2022102196	2025-08-10	3中京6	曇	10.0	3歳以上1勝クラス		13.0	5.0	7.0	2.4	1.0	10	田山旺佑	52.0	ダ1900		良	**	2:03.3	2.4	**	8-8-9-9	30.9-38.3	39.2	516(+18)			メイケイロゼッタ																																																																								
2022102196	2025-09-14	4阪神4	曇	8.0	3歳以上1勝クラス		13.0	1.0	1.0	16.3	5.0	13	松山弘平	55.0	ダ2000		良	**	2:11.7	6.8	**	5-5-11-13	35.4-38.2	43.7	514(-2)			シャンパンポップ																																																																								
2022102196	2025-12-06	5阪神1	晴	7.0	3歳以上1勝クラス		14.0	6.0	10.0	76.5	11.0	1	加藤祥太	57.0	ダ1800		良	**	1:53.6	-0.1	**	2-2-2-2	37.9-37.9	37.7	518(+4)			(メイショウオグマ)	800.0																																																																							
2022102198	2025-02-15	1京都5	晴	5.0	3歳新馬		16.0	5.0	10.0	20.1	6.0	15	川須栄彦	55.0	ダ1200		良	**	1:17.7	3.0	**	6-8	35.6-39.1	41.2	494(0)			エナジーガンツ																																																																								
2022102198	2025-04-06	2阪神4	晴	1.0	3歳未勝利		16.0	6.0	12.0	85.8	11.0	12	川須栄彦	55.0	ダ1200		良	**	1:16.1	2.7	**	8-6	35.5-37.9	39.9	496(+2)			バシリス																																																																								
2022102198	2025-04-26	2京都1	晴	2.0	3歳未勝利		16.0	1.0	1.0	134.9	13.0	15	川須栄彦	55.0	ダ1800		良	**	1:57.5	3.8	**	1-1-1-1	36.1-39.1	42.9	490(-6)			パーフェクト																																																																								
2022102198	2025-06-22	3阪神6	曇	1.0	3歳未勝利		16.0	5.0	9.0	74.6	12.0	2	川須栄彦	55.0	ダ1400		良	**	1:26.2	0.5	**	2-2	34.4-38.9	39.3	492(+2)			リメンバーヒム	220.0																																																																							
2022102198	2025-07-05	2小倉3	晴	2.0	3歳未勝利		16.0	3.0	6.0	11.2	5.0	8	川須栄彦	55.0	ダ1700		良	**	1:48.6	1.2	**	2-2-2-4	30.2-38.2	39.0	478(-14)			ヴォルクメア																																																																								
2022102198	2025-08-24	4中京2	晴	4.0	3歳未勝利		16.0	5.0	9.0	6.9	4.0	10	川須栄彦	55.0	ダ1400		良	**	1:27.3	2.3	**	9-8	34.6-38.5	39.8	490(+12)			イーブンベター																																																																								
2022102198	2025-11-10	大井	晴	2.0	C218　19		13.0	6.0	8.0	5.5	3.0	9	西啓太	54.0	ダ1600		稍	**	1:45.4	2.9	**	3-3-3-4	37.4-39.9	42.6	497(+7)			テンシノトリブン																																																																								
2022102198	2025-12-02	大井	曇	2.0	C212　1314(C213)		13.0	8.0	12.0	8.1	3.0	13	西啓太	54.0	ダ1400		良	**	1:33.8	5.1	**	5-4-8	36.1-40.0	44.7	490(-7)			ワクシングムーン																																																																								
2022102227	2025-04-27	1福島6		3.0	3歳未勝利								斎藤新		ダ1700				1:50.4	1.6		5-6-7-11	30.5-38.8	39.7	496(0)																			晴		15.0	2.0	3.0	8.2	3.0	11	57.0	良	**	**		ティアップドライブ																																											
2022102227	2025-05-11	1新潟4		3.0	3歳未勝利								斎藤新		ダ1800				1:56.3	1.3		11-11-9-8	36.7-40.6	40.4	490(-6)				56.0															曇		14.0	5.0	8.0	5.8	3.0	5	57.0	稍	**	**		タガノマルアフ																																											
2022102227	2025-05-24	1新潟7		6.0	3歳未勝利								斎藤新		ダ1800				1:54.7	0.0		4-4-2-2	36.8-39.6	39.4	486(-4)				560.0															曇		15.0	8.0	15.0	5.7	2.0	1	57.0	良	**	**		(フランキーバローズ)																																											
2022102227	2026-01-18	1中山7		6.0	4歳以上1勝クラス								斎藤新		ダ1800				1:57.1	1.5		3-3-5-4	38.5-38.6	39.7	492(+6)																																																													晴		14.0	6.0	9.0	17.1	4.0	8	57.0	良	**	**		リラゲイル	202606010706
2022102252	2024-10-19	4東京5		5.0	2歳新馬								柴田大知		芝2000				2:05.7	3.3		10-9-11	37.9-34.2	36.6	450(0)					晴		13.0	6.0	8.0	172.6	12.0	13	56.0	良	**	**		キングノジョー																																																									
2022102252	2024-10-26	4東京7		2.0	2歳未勝利								柴田大知		芝2000				2:06.3	1.3		10-11-11	39.2-33.4	33.6	444(-6)					曇		11.0	7.0	9.0	445.0	10.0	9	56.0	良	**	**		リアライズオーラム																																																									
2022102252	2024-12-22	5中山8		4.0	2歳未勝利								木幡巧也		芝2000				2:04.8	3.5		16-16-17-17	36.4-36.1	38.4	450(+6)					晴		18.0	3.0	5.0	282.3	14.0	17	56.0	良	**	**		ロジャリーマイン																																																									
2022102252	2025-01-19	1中山7		2.0	3歳未勝利								横山琉人		ダ1800				2:01.3	5.0		14-14-13-13	38.3-39.1	42.0	452(+2)					晴		16.0	3.0	5.0	89.7	11.0	13	56.0	良	**	**		ロンパイア																																																									
2022102252	2025-01-25	1中山8		2.0	3歳未勝利								木幡巧也		ダ1800				1:59.5	3.7		4-4-7-8	38.9-38.7	41.6	452(0)					曇		16.0	1.0	2.0	231.0	13.0	9	57.0	良	**	**		チュウワクリスエス																																																									
2022102252	2025-05-11	佐賀		10.0	SAGAリベンジャー(3歳)								竹吉徹		ダ1400				1:33.2	1.8		5-5-4-5		41.0	453(+1)				3.6	曇		12.0	7.0	9.0	18.1	7.0	5	56.0	重	**	**		ハヤブサナンデヒメ																																																									
2022102252	2025-05-24	佐賀		11.0	SAGAリベンジャー(3歳)								竹吉徹		ダ900				0:56.4	0.9		3-3		37.8	448(-5)				8.1	小雨		12.0	8.0	12.0	2.8	1.0	3	56.0	不	**	**		エイシンアヤメ																																																									
2022102252	2025-06-08	佐賀		11.0	SAGAリベンジャー(3歳)								石川慎将		ダ1400				1:33.2	1.5		2-2-2-2		41.5	447(-1)				5.4	小雨		11.0	4.0	4.0	5.0	3.0	4	56.0	良	**	**		アーチーテソーロ																																																									
2022102280	2025-01-12	1中山4	曇	4.0	3歳新馬		16.0	4.0	7.0	5.0	3.0	3	原田和真	57.0	ダ1800		良	**	1:56.0	1.6	**	2-2-2-2	37.4-38.1	39.5	478(0)			イムホテプ	160.0																																																																							
2022102280	2025-01-25	1中山8	曇	2.0	3歳未勝利		16.0	8.0	16.0	2.9	2.0	1	原田和真	57.0	ダ1800		良	**	1:55.8	-0.4	**	1-1-1-1	38.9-38.7	38.7	480(+2)			(ハルノアラシ)	560.0																																																																							
2022102280	2025-03-15	2中京1	曇	6.0	3歳1勝クラス		13.0	5.0	7.0	20.2	8.0	2	原田和真	57.0	ダ1800		良	**	1:53.1	0.2	**	1-1-1-1	37.6-37.9	38.1	480(0)			ブルックリンダンス	320.0																																																																							
2022102280	2025-04-06	3中山4	小雨	6.0	3歳1勝クラス		14.0	3.0	4.0	3.2	1.0	11	原田和真	57.0	ダ1800		稍	**	1:55.2	1.9	**	1-1-1-1	36.2-39.1	41.0	490(+10)			ゴッドエスパーダ																																																																								
2022102280	2025-05-03	1新潟1	晴	9.0	わらび賞(1勝クラス)		15.0	4.0	7.0	13.8	6.0	5	原田和真	57.0	ダ1800		稍	**	1:54.3	1.5	**	8-9-8-8	37.2-37.3	38.0	486(-4)			バギーウィップ	111.0																																																																							
2022102280	2025-06-29	1函館6	晴	8.0	3歳以上1勝クラス		11.0	8.0	11.0	2.6	1.0	1	小林美駒	51.0	ダ1700		良	**	1:45.1	-0.2	**	1-1-1-1	28.5-40.2	40.2	490(+4)			(ライフゲート)	800.0																																																																							
2022102280	2025-08-24	2札幌2	晴	10.0	オールスターJ第3戦(2勝クラス)		14.0	4.0	6.0	5.0	3.0	4	戸崎圭太	56.0	ダ1700		良	**	1:46.5	1.0	**	1-1-1-2	31.3-37.4	38.4	498(+8)			ベルギューン	230.0																																																																							
2022102280	2025-09-07	2札幌6	晴	9.0	旭川特別(2勝クラス)		14.0	8.0	13.0	4.1	3.0	2	浜中俊	55.0	ダ1700		稍	**	1:45.6	0.3	**	2-3-2-1	30.0-37.5	37.7	496(-2)			トーセンサウダージ	629.0																																																																							
2022102280	2025-09-28	4中山9	晴	8.0	3歳以上2勝クラス		16.0	4.0	7.0	4.0	2.0	1	小林美駒	52.0	ダ1800		良	**	1:52.9	-0.1	**	2-2-2-1	35.9-38.5	38.4	494(-2)			(アイウィル)	1140.0																																																																							
2022102280	2025-12-07	5中山2	晴	10.0	市川S(3勝クラス)		16.0	2.0	3.0	14.5	7.0	3	原田和真	55.0	ダ1800		良	**	1:52.7	0.4	**	2-2-1-1	36.7-37.6	38.0	494(0)			クラウンシエンタ	464.8																																																																							
2022102280	2026-01-17	1中山6		10.0	アレキサンドライトS(3勝クラス)								原田和真		ダ1800				1:52.2	-0.6		2-2-2-2	37.4-37.5	37.4	498(+4)				1905.0																													晴		16.0	2.0	3.0	6.7	4.0	1	56.0	良				(ホウオウバリスタ)																													
2022102285	2024-12-22	7京都8		4.0	2歳新馬								永島まな		ダ1800				1:59.2	4.5		9-9-8-9	37.4-38.1	41.5	510(0)					曇		13.0	7.0	10.0	34.6	9.0	7	54.0	良	**	**		タイセイドラード																																																									
2022102285	2025-02-01	1京都1		6.0	3歳未勝利								ルメート		芝1800				1:51.0	3.9		9-9	35.5-35.5	37.2	508(-2)					曇		10.0	1.0	1.0	171.0	9.0	10	57.0	良	**	**		フェアリーライク																																																									
2022102285	2025-02-15	1京都5		2.0	3歳未勝利								松若風馬		ダ1800				1:58.4	3.2		12-12-12-11	36.8-39.2	41.3	506(-2)					晴		12.0	3.0	3.0	141.3	10.0	12	57.0	良	**	**		サンディエゴ																																																									
2022102285	2025-06-29	2小倉2		4.0	3歳未勝利								永島まな		ダ1700				1:48.4	1.6		13-13-14-14	30.1-38.0	37.9	504(-2)					晴		16.0	3.0	6.0	271.7	16.0	9	55.0	良	**	**		チャチャピンク																																																									
2022102285	2025-08-16	3中京7		4.0	3歳未勝利								永島まな		ダ1800				1:56.9	2.4		14-15-13-12	37.4-38.6	39.1	510(+6)					晴		16.0	2.0	3.0	113.6	11.0	8	55.0	良	**	**		ワイドクリーガー																																																									
2022102285	2025-09-17	名古屋		10.0	名古屋CCライム賞(3歳)								永島まな		ダ1500				1:39.1	3.3		9-9-9		41.3	513(+3)					曇		12.0	7.0	10.0	20.3	5.0	10	55.0	良	**	**		シュパネントウィル																																																									
2022102285	2025-10-14	名古屋		6.0	ゆうきみきお誕生日お(C)								大原浩司		ダ1500				1:40.1	0.5		9-8-9		40.4	504(-9)				5.5	曇		11.0	7.0	9.0	7.5	4.0	5	57.0	良	**	**		エピックサイクル																																																									
2022102285	2025-11-07	名古屋		6.0	あおい誕生日おめでと(C)								塚本征吾		ダ1500				1:39.4	0.3		8-8-5		40.2	513(+9)				19.3	晴		12.0	2.0	2.0	3.5	1.0	2	57.0	良	**	**		サーフギャラクシー																																																									
2022102285	2025-11-20	名古屋		6.0	C20組								塚本征吾		ダ1500				1:38.2	0.7		10-9-5		39.1	512(-1)				11.0	晴		12.0	6.0	8.0	3.1	2.0	3	57.0	良	**	**		コスモクイーンビー																																																									
2022102285	2025-12-04	名古屋		9.0	C20組								塚本征吾		ダ1500				1:37.6	0.2		7-5-2		39.7	499(-13)				19.3	晴		12.0	8.0	12.0	5.0	3.0	2	57.0	稍	**	**		ドラゴンラック																																																									
2022102285	2025-12-19	名古屋		6.0	荒木利裕お誕生日記念(C)								丹羽克輝		ダ1500				1:37.8	0.8		6-5-3		39.5	501(+2)				11.0	晴		12.0	2.0	2.0	24.1	5.0	3	57.0	稍	**	**		バティストゥータ																																																									
2022102285	2026-01-02	名古屋		10.0	初陽賞(C)								塚本征吾		ダ1500										計不					曇		11.0	4.0	4.0			取	57.0	良	**	**		アルデスト																																																									
2022102300	2025-02-01	1東京1		5.0	3歳新馬								団野大成		芝1600				1:39.2	3.4		12-14	35.7-35.2	36.4	458(0)																			晴		16.0	8.0	16.0	17.8	6.0	15	57.0	良	**	**		マテンロウバローズ																																											
2022102300	2025-02-22	1京都7		3.0	3歳未勝利								岩田康誠		ダ1900				2:03.7	1.8		11-11-11-10	30.2-39.0	39.1	452(-6)																			晴		12.0	4.0	4.0	77.1	9.0	6	57.0	良	**	**		ランツフート																																											
2022102300	2025-04-05	2阪神3		3.0	3歳未勝利								岩田康誠		ダ1800				1:56.1	0.6		11-11-14-14	38.2-39.2	38.1	442(-10)				56.0															晴		16.0	3.0	5.0	14.3	7.0	5	57.0	良	**	**		スマートクラビ																																											
2022102300	2025-04-26	2京都1		2.0	3歳未勝利								岩田康誠		ダ1800				1:53.7	0.0		14-14-13-12	36.1-39.1	37.8	442(0)				220.0															晴		16.0	8.0	16.0	14.1	9.0	2	57.0	良	**	**		パーフェクト																																											
2022102300	2025-05-17	2京都7		2.0	3歳未勝利								岩田康誠		ダ1900				2:00.2	1.4		10-10-7-5	29.5-37.0	37.7	444(+2)				84.0															雨		10.0	4.0	4.0	2.7	2.0	4	57.0	不	**	**		クロノスバレット																																											
2022102300	2025-06-15	1函館2		2.0	3歳未勝利								岩田康誠		ダ1700				1:46.6	0.6		10-10-11-10	29.9-38.6	38.1	442(-2)				140.0															晴		14.0	4.0	5.0	5.7	3.0	3	57.0	良	**	**		ライフゲート																																											
2022102300	2025-06-28	1函館5		6.0	3歳未勝利								岩田康誠		ダ1700				1:46.1	-0.4		12-12-7-2	29.3-38.9	38.1	442(0)				560.0															晴		12.0	7.0	10.0	4.9	3.0	1	57.0	稍	**	**		(ララエキリーブル)																																											
2022102300	2025-08-31	2札幌4		9.0	北辰特別(1勝クラス)								丹内祐次		芝2600				2:44.0	1.2		13-13-13-7	37.8-37.0	36.9	444(+2)																			曇		14.0	4.0	5.0	32.0	11.0	6	55.0	稍	**	**		ボンドロア																																											
2022102300	2026-01-05	1京都2		7.0	4歳以上1勝クラス								岩田康誠		ダ1800				1:53.1	1.1		15-14-15-13	35.4-38.1	37.4	440(-4)				120.0															晴		15.0	2.0	3.0	5.8	2.0	4	57.0	良	**	**		ルクスフレンジー																																											
2022102300	2026-01-18	1京都7		7.0	4歳以上1勝クラス								岩田康誠		ダ1900				2:00.5	0.1		11-11-11-11	30.7-38.4	37.1	444(+4)				210.0																																																									晴		11.0	7.0	9.0	4.4	2.0	3	57.0	良	**	**		エンマ	202608010707
2022102303	2024-09-15	3中京4		5.0	2歳新馬								岩田望来		芝2000				2:04.7	1.8		4-4-4-4	36.2-37.0	38.4	454(0)				72.0															曇		9.0	2.0	2.0	30.1	7.0	5	55.0	稍	**	**		スリーキングス																																											
2022102303	2024-10-05	5京都1		3.0	2歳未勝利								岩田望来		芝1800				1:48.1	1.3		2-2	36.2-34.6	35.8	446(-8)																			晴		8.0	6.0	6.0	37.3	7.0	6	56.0	良	**	**		ミュージアムマイル																																											
2022102303	2024-10-27	5京都8		2.0	2歳未勝利								Ｍ．デム		ダ1800				1:55.2	1.5		12-12-9-9	37.3-39.1	38.8	456(+10)				55.0															晴		13.0	7.0	11.0	4.8	3.0	5	56.0	良	**	**		コシュデリ																																											
2022102303	2024-11-10	6京都4		2.0	2歳未勝利								岩田望来		ダ1800				1:56.0	2.6		5-5-6-6	35.9-38.4	40.5	456(0)																			晴		10.0	5.0	5.0	14.9	5.0	6	56.0	良	**	**		チムニートップス																																											
2022102303	2025-03-19	笠松		8.0	関ヶ原宿特別(3歳)								岡部誠		ダ1400				1:31.8	0.6		5-5-4		40.9	457(+1)				7.0															晴		8.0	2.0	2.0	3.4	2.0	4	56.0	良	**	**		バヤシーフェイス																																											
2022102303	2025-03-30	2阪神2		3.0	3歳未勝利								古川奈穂		ダ1800				1:57.4	1.8		5-6-6-5	37.3-38.7	39.8	454(-3)				56.0															晴		9.0	8.0	8.0	24.5	7.0	5	54.0	良	**	**		アートレスマインド																																											
2022102303	2025-04-19	3中山7		4.0	3歳未勝利								北村宏司		ダ1800				1:58.1	2.8		2-3-2-4	37.2-38.9	41.6	450(-4)																			晴		13.0	5.0	6.0	15.7	4.0	10	57.0	良	**	**		アルティテュード																																											
2022102303	2025-07-13	2小倉6		4.0	3歳未勝利								岩田康誠		芝1800				1:49.8	0.4		8-8-8-9	36.9-36.7	36.5	454(+4)				56.0															曇		16.0	3.0	6.0	45.5	10.0	5	57.0	良	**	**		マテンロウギフト																																											
2022102303	2025-07-27	3中京2		11.0	3歳未勝利								岩田康誠		芝2200				2:13.7	0.1		2-2-2-2	35.5-35.0	34.8	458(+4)				140.0															晴		11.0	7.0	9.0	25.2	6.0	3	57.0	良	**	**		ホウオウレイヴン																																											
2022102303	2025-08-10	3中京6		9.0	3歳未勝利								松若風馬		芝2000				2:02.0	0.1		8-8-7-5	36.6-34.2	33.9	458(0)				220.0															曇		14.0	7.0	12.0	4.0	2.0	2	57.0	良	**	**		クラヴァンス																																											
2022102303	2025-08-24	4中京2		8.0	3歳未勝利								西塚洸二		芝2000				2:00.1	0.1		5-5-3-2	37.5-34.3	34.1	460(+2)				220.0															晴		15.0	3.0	5.0	5.0	2.0	2	56.0	良	**	**		シェーラ																																											
2022102303	2025-09-07	4阪神2		4.0	3歳未勝利								岩田望来		芝2000				1:58.8	0.3		3-4-4-4	35.5-36.5	35.9	462(+2)				220.0															晴		16.0	5.0	10.0	3.3	1.0	2	57.0	良	**	**		フィオレストラーダ																																											
2022102303	2025-09-15	4阪神5		6.0	3歳未勝利								岩田康誠		芝2200				2:12.2	-0.7		14-12-9-8	34.0-36.0	34.9	460(-2)				560.0															晴		18.0	1.0	2.0	1.9	1.0	1	57.0	良	**	**		(ペプチドモガミ)																																											
2022102303	2025-12-07	5中京2		12.0	栄特別(1勝クラス)								岩田望来		芝2200				2:12.8	0.7		10-10-10-8	35.1-34.9	34.0	466(+6)				111.0															晴		10.0	8.0	10.0	3.0	1.0	5	56.0	良	**	**		ホウオウレイヴン																																											
2022102303	2025-12-21	5阪神6		7.0	3歳以上1勝クラス								岩田望来		芝2200				2:13.6	0.9		7-7-7-10	34.9-36.2	36.6	472(+6)				80.0															雨		18.0	3.0	5.0	3.4	1.0	5	56.0	重	**	**		ヴァリージア																																											
2022102303	2026-01-18	1京都7		8.0	4歳以上1勝クラス								岩田康誠		芝2400				2:26.6	0.0		2-2-4-4	36.7-36.0	35.5	474(+2)				330.0																																																									晴		12.0	5.0	6.0	3.7	2.0	2	57.0	良	**	**		オメガナビゲーター	202608010708
2022102310	2025-01-26	1中山9	晴	4.0	3歳新馬		16.0	3.0	5.0	4.1	2.0	9	横山武史	55.0	ダ1200		良	**	1:15.3	2.4	**	9-7	35.4-37.5	39.0	452(0)			ワンダラー																																																																								
2022102310	2025-03-01	2中山1	晴	2.0	3歳未勝利		16.0	3.0	5.0	45.8	6.0	14	谷原柚希	51.0	ダ1200		良	**	1:15.9	3.4	**	11-10	34.9-37.6	40.1	440(-12)			ルシード																																																																								
2022102310	2025-04-06	3中山4	曇	2.0	3歳未勝利		16.0	4.0	8.0	79.8	10.0	16	谷原柚希	51.0	ダ1200		稍	**	1:19.2	6.6	**	2-2	35.2-37.4	43.9	432(-8)			クインズシフォン																																																																								
2022102310	2025-06-07	高知	曇	1.0	3歳ー5		8.0	2.0	2.0	4.8	3.0	1	赤岡修次	55.0	ダ1400		稍	**	1:34.3	0.0	**	1-1-1-1		41.8	450(+18)			(アオイフォトグラフ)	60.0																																																																							
2022102310	2025-06-22	高知	曇	2.0	3歳ー5		11.0	3.0	3.0	5.3	3.0	2	井上瑛太	55.0	ダ1300		重	**	1:24.8	0.2	**	1-1-1-1		39.8	446(-4)			アオイフォトグラフ	24.0																																																																							
2022102310	2025-07-19	高知	晴	1.0	3歳ー3		8.0	3.0	3.0	2.4	2.0	1	井上瑛太	55.0	ダ800		不	**	0:48.8	-0.1	**	2-1		36.3	444(-2)			(アオイフォトグラフ)	60.0																																																																							
2022102310	2025-08-02	高知	晴	7.0	3歳ー3		12.0	8.0	11.0	9.6	2.0	5	塚本征吾	55.0	ダ1300		良	**	1:26.6	1.0	**	3-4-4-1		41.2	446(+2)			ハンドレインジ	3.0																																																																							
2022102310	2025-12-07	高知	晴	2.0	C3ー17		10.0	7.0	8.0	8.0	3.0	2	上田将司	55.0	ダ1300		良	**	1:26.9	0.2	**	1-2-2-2		40.8	469(+23)			ニットウライジン	24.0																																																																							
2022102310	2025-12-21	高知	曇	4.0	宗石調教師お疲れ様特(C3)		11.0	8.0	10.0	4.6	2.0	1	上田将司	55.0	ダ1400		重	**	1:31.3	-1.4	**	1-1-1-1		39.8	464(-5)			(サイモングリット)	60.0																																																																							
2022102310	2026-01-11	高知	晴	3.0	C3ー11		10.0	8.0	9.0	5.6	2.0	2	上田将司	55.0	ダ1400		良	**	1:33.5	0.9	**	1-1-1-1		41.0	460(-4)			コスモルーテウス	24.0																																																																							
2022102315	2024-12-22	5中山8		5.0	2歳新馬								ルメール		ダ1200				1:13.2	-1.8		2-2	35.2-38.0	37.9	482(0)				720.0	晴		16.0	5.0	10.0	1.5	1.0	1	55.0	良	**	**		(ダノンメナージュ)																																																									
2022102315	2025-02-15	1東京5		7.0	3歳1勝クラス								笹川翼		芝1400				1:22.0	0.9		11-11	34.1-35.5	33.8	480(-2)					晴		12.0	6.0	8.0	13.5	6.0	10	55.0	良	**	**		シルバーレイン																																																									
2022102315	2025-07-06	2福島4		12.0	3歳以上1勝クラス								三浦皇成		ダ1150				1:07.8	-0.2		3-2	31.2-36.6	36.4	486(+6)				800.0	晴		15.0	3.0	5.0	3.4	1.0	1	53.0	良	**	**		(ピコテンダー)																																																									
2022102315	2025-09-20	4中山6		12.0	3歳以上2勝クラス								三浦皇成		ダ1200				1:10.5	0.0		3-3	34.2-36.3	36.0	486(0)				460.0	曇		16.0	8.0	15.0	1.7	1.0	2	54.0	重	**	**		エコロエイト																																																									
2022102315	2025-11-22	3福島5		10.0	福島放送賞(2勝クラス)								三浦皇成		ダ1150				1:08.9	0.2		5-5	31.4-37.3	37.0	484(-2)				395.3	晴		16.0	7.0	13.0	1.5	1.0	3	55.0	良	**	**		ルージュアズライト																																																									
2022102315	2025-12-13	5中山3		12.0	3歳以上2勝クラス								プーシャ		ダ1200				1:11.2	-0.6		3-3	34.3-36.9	36.6	486(+2)				1140.0	曇		13.0	6.0	9.0	1.7	1.0	1	55.0	良	**	**		(モリノセピア)																																																									
2022102338	2024-10-14	4新潟4	晴	5.0	2歳新馬		15.0	4.0	7.0	6.0	3.0	2	浜中俊	56.0	ダ1800		良	**	1:56.1	0.1	**	3-3-2-2	38.2-37.8	37.8	496(0)			スワッガー	290.0																																																																							
2022102338	2024-10-26	4新潟7	晴	2.0	2歳未勝利		12.0	7.0	9.0	2.2	1.0	4	横山琉人	55.0	ダ1800		良	**	1:54.4	0.6	**	2-2-2-2	37.1-37.6	38.0	492(-4)			ブラックジジ	83.0																																																																							
2022102338	2024-11-23	5東京7	晴	3.0	2歳未勝利		14.0	6.0	10.0	14.2	7.0	3	戸崎圭太	56.0	芝1800		良	**	1:48.6	0.5	**	2-2-2	36.4-34.5	34.9	488(-4)			ベストシーン	140.0																																																																							
2022102338	2024-12-22	5中山8	晴	4.0	2歳未勝利		18.0	4.0	8.0	12.2	5.0	7	戸崎圭太	56.0	芝2000		良	**	2:02.0	0.7	**	2-2-2-2	36.4-36.1	36.7	488(0)			ロジャリーマイン																																																																								
2022102338	2025-04-06	3中山4	小雨	5.0	3歳未勝利		16.0	2.0	4.0	4.6	2.0	2	石川裕紀	57.0	芝1600		良	**	1:34.3	0.1	**	5-4-2	35.1-35.0	34.8	484(-4)			ガーネットウインク	220.0																																																																							
2022102338	2025-05-04	2東京4	晴	4.0	3歳未勝利		15.0	3.0	4.0	2.9	1.0	10	石川裕紀	57.0	芝1600		良	**	1:34.3	1.0	**	5-5	35.2-34.8	35.4	484(0)			アセンブリールーム																																																																								
2022102338	2025-05-25	2東京10	曇	5.0	3歳未勝利		17.0	2.0	3.0	4.7	3.0	1	岩田望来	57.0	芝1800		稍	**	1:48.5	0.0	**	8-7-7	36.9-34.6	34.1	488(+4)			(オルグジェシダ)	560.0																																																																							
2022102338	2025-08-16	1札幌7	晴	12.0	石狩特別(1勝クラス)		12.0	8.0	12.0	3.8	2.0	5	キング	55.0	芝1800		良	**	1:49.2	0.4	**	8-8-7-4	36.6-35.6	35.4	484(-4)			ショウナンバルドル	111.0																																																																							
2022102338	2025-08-24	2札幌2	晴	9.0	ルスツ特別(1勝クラス)		13.0	8.0	12.0	11.5	5.0	7	ティータ	55.0	芝2000		良	**	2:02.6	1.3	**	3-3-3-3	36.3-36.3	37.3	486(+2)			コスモアバンサ																																																																								
2022102338	2025-09-13	4中山3	曇	12.0	3歳以上1勝クラス		16.0	4.0	7.0	17.6	6.0	7	津村明秀	55.0	芝2000		稍	**	2:01.1	0.7	**	7-7-7-6	35.6-34.0	34.1	478(-8)			ミクニインスパイア																																																																								
2022102338	2025-11-09	5東京2	小雨	7.0	3歳以上1勝クラス		16.0	7.0	14.0	37.2	8.0	13	岩田望来	57.0	ダ1600		稍	**	1:40.3	2.4	**	4-3	35.4-36.8	38.9	490(+12)			ディーズゴールド																																																																								
2022102338	2025-11-29	5東京7	晴	6.0	3歳以上1勝クラス		16.0	6.0	11.0	99.1	10.0	11	岩田望来	57.0	ダ1600		良	**	1:39.5	1.8	**	8-9	35.7-36.3	37.3	498(+8)			コーカサスゴールド																																																																								
2022102338	2026-01-17	1中山6		7.0	4歳以上1勝クラス								田辺裕信		芝2200				2:12.6	0.6		3-3-2-3	36.6-35.6	36.1	502(+4)																																	晴		12.0	7.0	9.0	15.9	7.0	8	57.0	良				クリフハンガー																													
2022102347	2024-09-29	4中山9		3.0	2歳新馬								石川裕紀		芝1200				1:11.9	2.6		15-14	34.9-34.4	34.5	456(0)																																															曇		16.0	1.0	1.0	146.7	16.0	15	55.0	良	**	**		カンシン															
2022102347	2024-12-21	5中山7		3.0	2歳未勝利								江田照男		芝1600				1:36.0	1.5		15-12-11	34.8-36.0	35.7	464(+8)																																															晴		16.0	7.0	13.0	180.1	12.0	13	55.0	良	**	**		コムユンプリュム															
2022102347	2025-01-18	1中山6		2.0	3歳未勝利								江田照男		ダ1800				1:56.4	1.0		3-3-2-2	37.2-39.8	40.7	462(-2)				84.0																																											晴		16.0	6.0	12.0	235.6	13.0	4	55.0	良	**	**		カージオイド															
2022102347	2025-02-01	1東京1		3.0	3歳未勝利								江田照男		ダ1600				1:39.8	0.1		2-2	34.9-38.6	38.7	464(+2)				220.0																																											晴		16.0	5.0	10.0	12.4	5.0	2	55.0	良	**	**		ユーディキウム															
2022102347	2025-03-02	2中山2		4.0	3歳未勝利								江田照男		ダ1800				1:55.9	-0.5		7-7-1-1	37.6-39.4	39.4	460(-4)				560.0																																											晴		16.0	3.0	6.0	6.8	3.0	1	55.0	良	**	**		(デルマアポロニア)															
2022102347	2025-09-27	4中山8		6.0	3歳以上1勝クラス								江田照男		ダ1800				1:55.8	1.0		13-13-2-2	38.7-37.8	38.7	482(+22)																																															晴		16.0	1.0	1.0	21.5	7.0	9	53.0	良	**	**		レディーフランシス															
2022102347	2025-10-26	4新潟4		8.0	3歳以上1勝クラス								江田照男		ダ1800				1:54.2	1.9		2-2-2-1	36.2-37.6	39.5	488(+6)																																															雨		12.0	3.0	3.0	12.7	4.0	6	54.0	稍	**	**		テーオーマルコーニ															
2022102347	2025-11-01	4東京10		6.0	3歳以上1勝クラス								江田照男		ダ1400				1:24.2	1.3		1-1	34.0-36.7	38.0	486(-2)																																															曇		15.0	7.0	13.0	39.9	9.0	8	55.0	重	**	**		セギレエルビエント															
2022102360	2025-01-13	1中京5		4.0	3歳新馬								中井裕二		ダ1200				1:13.9	0.3		4-4	36.2-37.4	37.3	458(0)				250.0																													晴		15.0	4.0	7.0	32.9	9.0	2	57.0	良	**	**		ヨリノレジェンド																													
2022102360	2025-02-01	1小倉3		1.0	3歳未勝利								中井裕二		ダ1000				0:59.4	0.1		6-6	34.1-36.9	36.2	442(-16)				220.0																													曇		14.0	7.0	12.0	5.3	3.0	2	57.0	良	**	**		フェアリーメドウ																													
2022102360	2025-05-24	2京都9		1.0	3歳未勝利								中井裕二		ダ1200				1:12.2	1.3		14-12	34.8-36.1	35.8	456(+14)				84.0																													小雨		16.0	3.0	6.0	5.4	3.0	4	57.0	良	**	**		バッハアルプゼー																													
2022102360	2025-06-21	3阪神5		3.0	3歳未勝利								松山弘平		ダ1200				1:13.0	0.6		7-5	35.4-37.0	37.0	458(+2)				84.0																													晴		16.0	8.0	15.0	1.9	1.0	4	57.0	良	**	**		ウルスクローム																													
2022102360	2025-07-19	2小倉7		2.0	3歳未勝利								松山弘平		ダ1000				0:58.2	0.4		5-5	34.1-35.3	35.3	462(+4)				84.0																													晴		14.0	7.0	11.0	4.1	3.0	4	57.0	重	**	**		アスコットアイ																													
2022102360	2025-08-16	3中京7		5.0	3歳未勝利								松山弘平		ダ1400				1:25.2	0.2		6-5	35.6-37.6	37.2	458(-4)				140.0																													晴		16.0	4.0	8.0	5.1	3.0	3	57.0	良	**	**		ワンウェイトゥヘル																													
2022102360	2025-08-31	4中京4		4.0	3歳未勝利								松山弘平		ダ1400				1:25.4	-0.1		4-3	35.0-38.3	38.1	458(0)				560.0																													晴		16.0	8.0	15.0	2.6	1.0	1	57.0	良	**	**		(オオデンタ)																													
2022102360	2025-12-20	5中京5		7.0	3歳以上1勝クラス								丸山元気		ダ1400				1:25.9	0.6		10-9	35.6-37.2	36.9	454(-4)																																	小雨		15.0	1.0	2.0	32.1	9.0	7	57.0	稍	**	**		ペイドラロワール																													
2022102360	2026-01-17	1京都6		7.0	4歳以上1勝クラス								松山弘平		ダ1400				1:25.6	0.6		3-4	36.0-36.6	36.8	456(+2)				210.0																													晴		15.0	2.0	3.0	21.5	7.0	3	57.0	良				レーティッシュ																													
2022102362	2024-06-29	2福島1	晴	6.0	2歳新馬		9.0	6.0	6.0	50.2	8.0	5	佐藤翔馬	52.0	ダ1150		良	**	1:12.5	1.5	**	6-6	33.3-37.7	37.4	476(0)			ラインパシオン	72.0																																																																							
2022102362	2024-07-20	2福島7	曇	1.0	2歳未勝利		13.0	5.0	7.0	112.4	11.0	10	佐藤翔馬	52.0	ダ1150		良	**	1:10.6	1.2	**	10-10	31.9-37.5	37.3	472(-4)			アイビーヒメチャン																																																																								
2022102362	2024-10-05	4東京1	小雨	2.0	2歳未勝利		16.0	3.0	6.0	134.8	10.0	9	木幡初也	56.0	ダ1400		重	**	1:26.8	3.2	**	6-7	35.3-36.1	38.4	482(+10)			ルークススペイ																																																																								
2022102362	2024-10-14	4東京4	晴	1.0	2歳未勝利		16.0	2.0	4.0	193.8	12.0	10	佐藤翔馬	53.0	ダ1300		良	**	1:20.7	1.8	**	7-6	29.7-36.7	37.7	480(-2)			ドントゥザムーン																																																																								
2022102362	2024-12-21	5中山7	晴	1.0	2歳未勝利		16.0	3.0	6.0	419.7	15.0	9	佐藤翔馬	53.0	ダ1200		良	**	1:14.1	2.1	**	8-10	34.1-37.9	38.8	482(+2)			トリリオンボーイ																																																																								
2022102362	2025-01-25	1中京8	晴	1.0	3歳未勝利		15.0	6.0	12.0	200.4	12.0	14	嶋田純次	57.0	ダ1200		良	**	1:16.1	3.6	**	5-6	35.3-37.2	40.0	482(0)			エコロレオナ																																																																								
2022102362	2025-03-08	2中山3	曇	3.0	3歳未勝利		16.0	8.0	16.0	161.7	10.0	6	木幡巧也	57.0	ダ1200		重	**	1:13.6	2.1	**	10-8	34.8-36.7	38.0	480(-2)			チャロ																																																																								
2022102362	2025-04-06	3中山4	曇	2.0	3歳未勝利		16.0	1.0	1.0	94.0	11.0	8	佐藤翔馬	54.0	ダ1200		稍	**	1:14.2	1.6	**	7-7	35.2-37.4	38.3	480(0)			クインズシフォン																																																																								
2022102362	2025-04-20	3中山8	曇	2.0	3歳未勝利		16.0	7.0	13.0	388.8	14.0	8	佐藤翔馬	54.0	ダ1200		良	**	1:14.6	2.1	**	5-5	35.0-37.5	39.1	480(0)			アサクサグレース																																																																								
2022102362	2025-05-11	2東京6	晴	2.0	3歳未勝利		16.0	4.0	7.0	560.7	14.0	11	大野拓弥	57.0	ダ1400		稍	**	1:26.1	2.2	**	12-11	34.7-36.8	38.0	480(0)			アラスカフレイバー																																																																								
2022102378	2024-11-02	5東京1		6.0	2歳新馬								石川裕紀		ダ1600				1:39.7	0.3		3-3	37.4-35.6	35.8	502(0)				180.0	小雨		16.0	6.0	11.0	7.8	4.0	3	56.0	重	**	**		ボルトテソーロ																																																									
2022102378	2024-11-24	5東京8		3.0	2歳未勝利								石川裕紀		ダ1600				1:39.6	1.4		13-12	35.5-36.7	36.8	512(+10)					晴		16.0	5.0	9.0	6.0	4.0	9	56.0	良	**	**		ダンツファイター																																																									
2022102378	2024-12-22	5中山8		2.0	2歳未勝利								マーカン		ダ1800				1:59.3	1.6		5-6-6-3	37.3-41.5	42.5	500(-12)					晴		16.0	5.0	9.0	5.6	3.0	9	56.0	良	**	**		ドーバーブライト																																																									
2022102378	2025-03-23	2中山8		5.0	3歳未勝利								田辺裕信		芝1600				1:35.5	1.1		1-2-4	34.9-36.1	37.0	502(+2)					晴		16.0	1.0	2.0	33.3	10.0	7	57.0	良	**	**		ブルスカメンテ																																																									
2022102378	2025-04-27	2東京2		2.0	3歳未勝利								田辺裕信		ダ1600				1:38.2	-0.3		7-7	35.5-38.0	37.4	496(-6)				560.0	晴		16.0	1.0	1.0	7.1	4.0	1	57.0	稍	**	**		(イトウ)																																																									
2022102378	2025-05-24	2東京9		6.0	3歳1勝クラス								田辺裕信		ダ1600				1:37.9	0.0		7-8	35.9-36.7	35.9	498(+2)				200.0	曇		13.0	3.0	4.0	35.7	11.0	3	57.0	良	**	**		フィリップバローズ																																																									
2022102378	2025-06-21	3東京5		12.0	3歳以上1勝クラス								田辺裕信		ダ1600				1:37.0	0.4		12-11	34.7-37.0	35.6	498(0)				80.0	晴		16.0	2.0	4.0	7.7	4.0	5	55.0	良	**	**		チザルピーノ																																																									
2022102378	2025-10-04	4東京1		8.0	3歳以上1勝クラス								丹内祐次		ダ1600				1:38.6	0.5		2-2	36.2-36.8	37.2	500(+2)				120.0	曇		16.0	4.0	7.0	10.0	5.0	4	56.0	良	**	**		ヴォンフレ																																																									
2022102378	2025-11-02	4東京11		7.0	3歳以上1勝クラス								レーン		ダ1600				1:37.1	1.3		7-6	34.8-36.8	37.3	502(+2)					曇		15.0	4.0	7.0	14.2	6.0	7	57.0	重	**	**		ジェイエルマスター																																																									
2022102378	2025-12-21	5中山6		8.0	3歳以上1勝クラス								石川裕紀		ダ1800				1:52.7	1.4		9-9-7-4	36.8-37.8	38.5	512(+10)					曇		15.0	8.0	16.0	13.1	7.0	13	57.0	重	**	**		コンティオ																																																									
2022102383	2024-08-25	3新潟6	曇	5.0	2歳新馬		9.0	8.0	9.0	17.4	6.0	5	和田竜二	55.0	芝1800		良	**	1:50.8	1.1	**	7-7	37.4-34.4	34.6	514(0)			ゴーソーファー	72.0																																																																							
2022102383	2024-09-14	3中京3	晴	2.0	2歳未勝利		8.0	1.0	1.0	3.9	3.0	2	柴田裕一	52.0	ダ1800		良	**	1:55.7	2.3	**	5-5-5-5	38.3-36.6	38.3	502(-12)			メルキオル	220.0																																																																							
2022102383	2024-09-28	3中京8	曇	2.0	2歳未勝利		11.0	2.0	2.0	4.9	2.0	1	柴田裕一	52.0	ダ1800		良	**	1:54.6	-0.2	**	3-2-6-5	37.6-38.5	38.0	502(0)			(ヤングアメリカンズ)	550.0																																																																							
2022102383	2024-11-03	6京都2	晴	9.0	もちの木賞(1勝クラス)		12.0	5.0	6.0	81.4	11.0	8	幸英明	56.0	ダ1800		重	**	1:54.5	2.9	**	12-12-11-11	36.1-37.7	39.4	502(0)			クァンタムウェーブ																																																																								
2022102383	2024-12-08	5中山4	晴	7.0	2歳1勝クラス		13.0	5.0	7.0	87.0	10.0	7	菱田裕二	56.0	ダ1800		良	**	1:55.8	1.7	**	2-2-2-1	37.0-39.1	40.8	504(+2)			ジャナドリア																																																																								
2022102383	2025-02-09	1京都4	晴	4.0	3歳1勝クラス		10.0	3.0	3.0	173.4	10.0	6	岩田康誠	57.0	ダ1800		稍	**	1:55.7	2.2	**	9-9-10-9	36.7-37.8	38.5	516(+12)			グランドプラージュ																																																																								
2022102383	2025-02-23	1京都8	曇	6.0	3歳1勝クラス		10.0	1.0	1.0	39.7	9.0	3	岩田康誠	57.0	ダ1900		良	**	2:03.6	0.6	**	10-10-10-9	31.2-37.4	36.8	512(-4)			ルヴァンユニベール	200.0																																																																							
2022102383	2025-03-15	2中京1	曇	6.0	3歳1勝クラス		13.0	7.0	10.0	22.9	9.0	9	柴田裕一	54.0	ダ1800		良	**	1:54.2	1.3	**	12-12-13-13	37.6-37.9	37.8	508(-4)			ブルックリンダンス																																																																								
2022102383	2025-04-06	2阪神4	晴	5.0	3歳1勝クラス		14.0	5.0	8.0	37.5	7.0	7	岩田康誠	57.0	ダ1800		良	**	1:55.0	2.3	**	14-14-13-14	36.5-38.2	38.7	512(+4)			テスティモーネ																																																																								
2022102383	2025-06-15	3阪神4	曇	6.0	3歳以上1勝クラス		16.0	5.0	10.0	115.9	13.0	11	河原田菜	51.0	ダ1800		重	**	1:53.5	2.1	**	13-13-13-11	36.1-38.5	38.8	514(+2)			シャルクハフト																																																																								
2022102383	2025-08-23	4中京1	晴	12.0	3歳以上1勝クラス		7.0	3.0	3.0	20.3	6.0	2	田山旺佑	52.0	ダ1800		良	**	1:54.2	0.1	**	6-6-6-6	38.1-39.0	38.1	504(-10)			カミノレアル	320.0																																																																							
2022102383	2025-09-14	4阪神4	曇	8.0	3歳以上1勝クラス		13.0	5.0	7.0	56.4	8.0	3	柴田裕一	52.0	ダ2000		良	**	2:05.9	1.0	**	7-7-6-6	35.4-38.2	38.6	508(+4)			シャンパンポップ	200.0																																																																							
2022102383	2025-12-20	5中京5	小雨	3.0	3歳以上1勝クラス		16.0	3.0	5.0	4.7	3.0	6	小林美駒	54.0	ダ1900		稍	**	2:01.1	1.2	**	13-15-12-10	30.9-38.0	37.8	518(+10)			スルーザナイト																																																																								
2022102387	2024-10-05	4東京1		5.0	2歳新馬								佐々木大		芝2000				2:03.4	1.0		4-4-4	37.5-33.8	33.8	456(0)				110.0															小雨		12.0	8.0	12.0	135.7	11.0	4	56.0	稍	**	**		レッドキングリー																																											
2022102387	2024-10-20	4東京6		3.0	2歳未勝利								内田博幸		芝1800				1:51.2	1.2		3-3-3	37.2-33.9	34.9	450(-6)																			晴		10.0	7.0	7.0	8.7	4.0	7	56.0	良	**	**		プレシャスデイ																																											
2022102387	2024-12-08	4中京4		4.0	2歳未勝利								柴田裕一		芝1400				1:23.7	1.0		8-8	34.7-35.9	36.0	450(0)																			晴		15.0	5.0	9.0	33.6	7.0	7	53.0	良	**	**		デリュージョン																																											
2022102387	2025-02-08	1東京3		3.0	3歳未勝利								内田博幸		ダ1600				1:43.5	4.5		8-6	35.9-37.8	41.3	464(+14)																			晴		16.0	5.0	9.0	81.0	5.0	13	57.0	良	**	**		アドマイヤデイトナ																																											
2022102387	2025-03-29	2中京5		5.0	3歳未勝利								吉田隼人		芝2200				2:16.3	1.4		6-6-7-7	35.9-35.9	36.8	444(-20)																			晴		18.0	3.0	6.0	44.8	9.0	11	57.0	重	**	**		バルナバ																																											
2022102387	2025-05-10	1新潟3		5.0	3歳未勝利								舟山瑠泉		芝1600				1:35.6	0.3		13-12	35.1-35.8	34.9	446(+2)																			曇		15.0	5.0	9.0	93.8	11.0	6	54.0	稍	**	**		マニス																																											
2022102387	2025-08-02	2新潟3		11.0	3歳未勝利								石神深道		芝1600				1:33.3	0.6		8-9	34.6-34.7	34.3	446(0)				56.0															晴		17.0	2.0	4.0	69.4	11.0	5	54.0	良	**	**		アンダーザライト																																											
2022102387	2025-08-23	3新潟1		3.0	3歳未勝利								石神深道		芝1600				1:36.1	1.4		13-16	36.3-34.0	33.7	448(+2)																			晴		18.0	2.0	4.0	30.8	8.0	8	54.0	良	**	**		ミッキーソルジャー																																											
2022102387	2026-01-18	1中山7		4.0	障害4歳以上未勝利								中村将之		障2880				3:17.1	3.5		7-9-10-11	106.1-0.0	13.7	472(+24)																																																													晴		14.0	4.0	5.0	245.8	13.0	11	59.0	良				アスクオンディープ	202606010704
2022102434	2024-10-26	4東京7		4.0	2歳新馬								岩田康誠		芝1400				1:23.1	-0.1		1-1	37.0-33.8	33.8	466(0)				720.0																													曇		13.0	4.0	5.0	7.1	4.0	1	55.0	良	**	**		(ブルーベリーフィズ)																													
2022102434	2024-12-07	4中京3		9.0	つわぶき賞(1勝クラス)								岩田康誠		芝1400				1:21.9	0.0		12-11	33.8-36.0	35.1	466(0)				1095.2																													曇		12.0	7.0	9.0	13.6	7.0	1	55.0	良	**	**		(ナムラクララ)																													
2022102434	2025-03-08	1阪神3		11.0	フィリーズレビュー(GII)								岩田康誠		芝1400				1:21.8	1.1		7-8	33.2-35.8	36.3	468(+2)																																	曇		18.0	3.0	6.0	4.5	1.0	10	55.0	良	**	**		ショウナンザナドゥ																													
2022102434	2025-04-12	3中山5		11.0	ニュージーランドT(GII)								岩田康誠		芝1600				1:33.1	0.7		2-2-2	34.3-34.7	34.9	468(0)																																	晴		14.0	4.0	6.0	14.5	4.0	7	55.0	良	**	**		イミグラントソング																													
2022102434	2025-07-06	1函館8		9.0	立待岬特別(2勝クラス)								横山武史		芝1200				1:09.4	-0.1		5-5	34.6-34.8	34.2	462(-6)				1574.5																													晴		11.0	6.0	7.0	4.4	3.0	1	53.0	稍	**	**		(リリーフィールド)																													
2022102434	2025-09-07	4中山2		10.0	セプテンバーS(3勝クラス)								鮫島克駿		芝1200				1:07.0	-0.2		4-5	33.1-33.9	33.5	458(-4)				1868.0																													晴		12.0	5.0	6.0	5.0	2.0	1	53.0	良	**	**		(マックアルイーン)																													
2022102434	2025-12-07	5中山2		11.0	ラピスラズリS(L)								横山和生		芝1200				1:07.6	0.5		5-6	33.5-33.6	33.7	458(0)				685.1																													晴		16.0	2.0	4.0	3.1	1.0	3	54.0	良	**	**		ロードフォアエース																													
2022102434	2026-01-17	1中山6		11.0	カーバンクルS(OP)								横山和生		芝1200				1:07.7	0.3		2-2	33.7-33.7	34.0	462(+4)				230.0																													晴		16.0	2.0	4.0	4.0	1.0	5	54.0	良				ウイングレイテスト																													
2022102442	2024-09-16	3中京5		4.0	2歳新馬								小沢大仁		ダ1400				1:28.2	4.3		7-6	34.9-36.8	40.5	446(0)					晴		14.0	8.0	14.0	48.7	10.0	10	54.0	稍	**	**		ミリアッドラヴ																																																									
2022102442	2024-11-03	3福島2		1.0	2歳未勝利								武藤雅		ダ1150				1:09.9	1.9		7-7	31.4-36.6	37.8	456(+10)					晴		16.0	8.0	16.0	147.6	14.0	10	55.0	不	**	**		ゴメンネジロー																																																									
2022102442	2024-12-22	5中山8		1.0	2歳未勝利								長浜鴻緒		ダ1200				1:15.9	3.8		6-6	34.0-38.1	41.4	434(-22)					晴		16.0	3.0	5.0	251.4	14.0	15	52.0	良	**	**		エコロヴァイス																																																									
2022102442	2025-02-15	1小倉7		3.0	3歳未勝利								河原田菜		ダ1000				1:01.2	1.8		10-11	34.3-36.6	37.4	422(-12)					晴		14.0	6.0	10.0	280.8	14.0	14	51.0	良	**	**		ワイルドゴーア																																																									
2022102442	2025-04-12	1福島1		6.0	3歳未勝利								上里直汰		芝1200				1:09.8	1.4		7-9	33.2-35.2	35.7	434(+12)					曇		16.0	1.0	1.0	215.2	15.0	12	52.0	良	**	**		カランダッシュ																																																									
2022102442	2025-06-28	2福島1		8.0	3歳未勝利								江田照男		芝1200				1:10.2	1.3		8-9	33.1-35.8	36.4	442(+8)					晴		16.0	6.0	12.0	187.3	14.0	8	55.0	良	**	**		バシレイア																																																									
2022102442	2025-10-03	名古屋		6.0	くう、たい、りょう、(3歳)								木之前葵		ダ1400				1:35.7	3.8		6-8-9		44.0	459(+17)					曇		11.0	6.0	7.0	16.3	4.0	9	53.0	良	**	**		メイショウクレピス																																																									
2022102442	2025-10-14	名古屋		3.0	C29組								阪野学		ダ1500				1:43.4	2.6		1-1-5		44.6	449(-10)					曇		12.0	3.0	3.0	35.6	9.0	10	55.0	良	**	**		ホウショウビフウ																																																									
2022102442	2025-10-28	名古屋		2.0	C30組								阪野学		ダ1500				1:42.9	1.9		1-1-3		44.5	450(+1)					晴		11.0	6.0	8.0	61.6	8.0	8	55.0	稍	**	**		メイショウトサンコ																																																									
2022102442	2025-11-07	名古屋		1.0	C38組								阪野学		ダ920				0:58.6	-0.2		1		38.5	446(-4)				55.0	晴		10.0	7.0	8.0	5.5	3.0	1	55.0	良	**	**		(ローズクォーツ)																																																									
2022102442	2025-11-25	名古屋		1.0	C9組								阪野学		ダ920				0:57.9	1.7		5		37.9	445(-1)				8.3	小雨		12.0	5.0	6.0	74.0	9.0	4	55.0	稍	**	**		センビトウリョウ																																																									
2022102442	2025-12-10	名古屋		12.0	梅初月賞(B)								阪野学		ダ920				0:57.8	1.5		3		37.9	447(+2)					晴		12.0	5.0	6.0	65.1	8.0	7	55.0	良	**	**		ミカノヴェニュス																																																									
2022102442	2025-12-23	名古屋		8.0	C8組								阪野学		ダ920				0:57.9	1.6		7		38.1	445(-2)					小雨		12.0	7.0	9.0	176.4	10.0	7	55.0	稍	**	**		オーセンティアン																																																									
2022102442	2026-01-14	名古屋		8.0	920m戦なずな賞(C)								阪野学		ダ920				0:58.1	0.6		2		38.3	445(0)				5.5	曇		12.0	6.0	8.0	13.2	7.0	5	55.0	良				イッカクセンキン																																																									
2022102446	2025-02-16	1東京6		3.0	3歳新馬								菅原隆一		ダ1600				1:40.5	0.9		13-13	36.5-37.3	36.4	498(0)				160.0															晴		16.0	5.0	9.0	91.3	12.0	3	57.0	良	**	**		ホウオウゴールド																																											
2022102446	2025-05-04	2東京4		3.0	3歳未勝利								菅原隆一		ダ1600				1:37.1	-0.7		10-8	35.6-36.6	35.4	490(-8)				560.0															晴		16.0	2.0	4.0	4.6	2.0	1	57.0	稍	**	**		(サトミノエンジェル)																																											
2022102446	2025-05-24	2東京9		6.0	3歳1勝クラス								菅原隆一		ダ1600				1:38.1	0.2		10-9	35.9-36.7	35.9	484(-6)																			曇		13.0	6.0	10.0	3.1	2.0	6	57.0	良	**	**		フィリップバローズ																																											
2022102446	2025-08-23	3新潟1		8.0	3歳以上1勝クラス								菅原隆一		ダ1800				1:54.2	1.4		8-8-7-6	36.8-38.2	38.9	494(+10)																			晴		11.0	8.0	10.0	4.6	3.0	6	55.0	良	**	**		ミライヘノカギ																																											
2022102446	2025-12-14	5中京4		9.0	大須特別(1勝クラス)								菅原隆一		ダ1800				1:55.8	1.6		10-10-9-9	37.3-39.8	40.4	502(+8)																			晴		12.0	6.0	8.0	6.2	4.0	6	57.0	稍	**	**		レッドボブ																																											
2022102446	2026-01-04	1中山1		7.0	4歳以上1勝クラス								矢野貴之		ダ1800				1:54.7	0.9		12-12-13-11	36.7-39.6	39.3	496(-6)				120.0															晴		16.0	2.0	4.0	16.5	7.0	4	57.0	稍	**	**		バタール																																											
2022102446	2026-01-18	1中山7		6.0	4歳以上1勝クラス								菅原明良		ダ1800				1:56.1	0.5		7-7-7-7	38.5-38.6	38.6	500(+4)				210.0																																																									晴		14.0	7.0	11.0	8.2	3.0	3	57.0	良	**	**		リラゲイル	202606010706
2022102452	2024-12-22	5中山8		6.0	2歳新馬								野中悠太		芝1600				1:38.8	2.2		11-7-8	36.2-35.6	37.2	472(0)					晴		15.0	2.0	3.0	206.8	13.0	12	56.0	良	**	**		ディオデルマーレ																																																									
2022102452	2025-03-02	1小倉12		2.0	3歳未勝利								菊沢一樹		芝1200				1:11.7	1.5		17-16	34.4-35.8	35.5	462(-10)					曇		18.0	4.0	7.0	93.1	13.0	11	57.0	稍	**	**		スネーフリンガ																																																									
2022102452	2025-04-27	1福島6		4.0	3歳未勝利								内田博幸		芝1200				1:10.9	1.1		13-13	35.1-34.7	34.8	458(-4)					晴		16.0	8.0	16.0	131.8	11.0	10	57.0	良	**	**		タマカヅラ																																																									
2022102452	2025-06-21	3東京5		3.0	3歳未勝利								石神深道		ダ1600				1:39.2	1.5		3-3	35.4-38.0	38.0	458(0)					晴		16.0	1.0	1.0	383.4	16.0	9	54.0	良	**	**		カフェロワドール																																																									
2022102452	2025-07-20	高知		1.0	3歳ー4								岡村卓弥		ダ800				0:50.3	1.7		7-4		37.0	459(+1)				6.0	晴		9.0	1.0	1.0	1.6	1.0	5	57.0	不	**	**		ジークマインド																																																									
2022102452	2025-08-03	高知		6.0	3歳ー6								井上瑛太		ダ1300				1:25.9	0.3		3-3-3-2		41.0	457(-2)				15.0	晴		12.0	2.0	2.0	6.2	3.0	3	57.0	良	**	**		ハッスルアニキ																																																									
2022102452	2025-09-13	高知		2.0	3歳ー8								林謙佑		ダ1400				1:36.2	3.2		4-4-5-4		44.0	457(0)					曇		12.0	2.0	2.0	9.9	3.0	6	57.0	不	**	**		フジルバーブ																																																									
2022102452	2025-09-28	高知		3.0	3歳ー7								林謙佑		ダ1300				1:26.4	0.3		5-7-9-6		39.2	457(0)					曇		11.0	3.0	3.0	38.6	9.0	7	57.0	不	**	**		アーベントゾンネ																																																									
2022102452	2025-10-12	高知		3.0	C3ー20								林謙佑		ダ1600				1:49.5	1.3		2-2-2-3		42.5	457(0)					曇		11.0	4.0	4.0	26.0	9.0	7	57.0	稍	**	**		スーパーキティ																																																									
2022102452	2025-10-25	高知		11.0	ファイナルレース(C3)								林謙佑		ダ1300				1:25.8	0.9		7-6-5-4		39.6	459(+2)				6.0	曇		12.0	7.0	9.0	30.1	11.0	5	57.0	不	**	**		ニューウォーク																																																									
2022102452	2025-11-09	高知		1.0	C3ー19								林謙佑		ダ1400				1:30.4	-0.4		1-1-1-1		37.8	454(-5)				60.0	曇		10.0	8.0	10.0	5.2	3.0	1	57.0	不	**	**		(イドリス)																																																									
2022102452	2025-11-24	高知		8.0	C3ー15								林謙佑		ダ1600				1:50.0	2.0		10-9-9-7		41.9	452(-2)					曇		10.0	3.0	3.0	23.2	5.0	6	57.0	良	**	**		フーイナム																																																									
2022102452	2025-12-07	高知		4.0	C3ー15								林謙佑		ダ1300				1:27.0	0.6		3-3-3-2		40.2	450(-2)				9.0	晴		11.0	4.0	4.0	12.7	6.0	4	57.0	良	**	**		コールイングミー																																																									
2022102452	2025-12-21	高知		5.0	C3ー14								林謙佑		ダ1400				1:31.6	0.2		2-2-2-1		40.3	449(-1)				24.0	曇		10.0	8.0	9.0	7.0	3.0	2	57.0	重	**	**		ディープカインズ																																																									
2022102452	2026-01-01	高知		5.0	破魔矢特別(C3)								林謙佑		ダ1300				1:27.0	0.3		6-6-5-5		40.1	451(+2)				15.0	晴		8.0	1.0	1.0	5.1	4.0	3	57.0	良	**	**		ムタビリス																																																									
2022102452	2026-01-11	高知		3.0	C3ー11								林謙佑		ダ1400				1:35.8	3.2		3-3-3-3		43.0	444(-7)					晴		10.0	1.0	1.0	44.0	4.0	10	57.0	良	**	**		コスモルーテウス																																																									
2022102480	2024-12-22	5中山8		6.0	2歳新馬								原田和真		芝1600				1:38.7	2.1		9-10-10	36.2-35.6	36.9	472(0)					晴		15.0	4.0	7.0	128.6	12.0	11	56.0	良	**	**		ディオデルマーレ																																																									
2022102480	2025-05-17	2東京7		3.0	3歳未勝利								横山和生		ダ1300				1:20.4	1.7		14-14	29.6-37.0	37.0	458(-14)					雨		16.0	3.0	5.0	79.0	10.0	10	57.0	稍	**	**		シンガソング																																																									
2022102480	2025-06-21	3東京5		3.0	3歳未勝利								石橋脩		ダ1600				1:42.6	4.9		6-6	35.4-38.0	41.2	452(-6)					晴		16.0	3.0	5.0	309.8	14.0	16	57.0	良	**	**		カフェロワドール																																																									
2022102480	2025-12-18	名古屋		2.0	C31組								塚本征吾		ダ1500				1:40.0	2.6		4-5-6		41.6	473(+21)					晴		12.0	2.0	2.0	6.6	4.0	10	57.0	重	**	**		ケイアイカラキア																																																									
2022102480	2026-01-01	名古屋		1.0	2026金シャチゴー(C)								塚本征吾		ダ920				0:58.2	1.2		4		38.0	468(-5)				11.0	晴		12.0	8.0	11.0	3.5	2.0	3	57.0	良	**	**		エクメノポリス																																																									
2022102480	2026-01-13	名古屋		2.0	C32組								塚本征吾		ダ1500				1:39.9	0.0		2-2-2		39.0	465(-3)				55.0	曇		11.0	6.0	7.0	2.8	2.0	1	57.0	良				(ベニハンマード)																																																									
2022102493	2024-06-09	1函館2	小雨	5.0	2歳新馬		14.0	5.0	7.0	80.1	13.0	13	松岡正海	55.0	芝1200		良	**	1:11.9	2.2	**	5-7	34.7-35.0	36.7	448(0)			エメラヴィ																																																																								
2022102493	2024-07-06	2福島3	曇	1.0	2歳未勝利		8.0	3.0	3.0	33.2	5.0	7	石神深道	52.0	芝1200		良	**	1:11.3	1.2	**	4-6	34.3-35.8	36.5	448(0)			ホウオウブースター																																																																								
2022102493	2024-07-28	2新潟2	曇	2.0	2歳未勝利		9.0	1.0	1.0	20.3	5.0	3	石神深道	52.0	ダ1200		良	**	1:13.3	1.1	**	3-3	35.3-36.9	37.7	450(+2)			スカイブルー	140.0																																																																							
2022102493	2024-08-17	3新潟3	晴	3.0	2歳未勝利		15.0	6.0	10.0	5.8	3.0	10	松岡正海	55.0	ダ1200		良	**	1:15.3	2.3	**	10-10	34.4-38.6	38.6	454(+4)			ニシノリンダ																																																																								
2022102493	2024-10-14	4東京4	晴	1.0	2歳未勝利		16.0	4.0	7.0	59.6	8.0	2	吉田隼人	56.0	ダ1300		良	**	1:19.1	0.2	**	4-3	29.7-36.7	36.6	464(+10)			ドントゥザムーン	220.0																																																																							
2022102493	2024-10-27	4新潟8	晴	2.0	2歳未勝利		15.0	3.0	4.0	6.0	5.0	7	吉田隼人	56.0	ダ1200		良	**	1:13.4	1.9	**	12-12	34.5-37.0	37.5	468(+4)			カネショウレジェン																																																																								
2022102493	2024-11-02	5東京1	雨	1.0	2歳未勝利		14.0	8.0	14.0	6.6	3.0	4	松山弘平	56.0	ダ1300		重	**	1:19.0	1.5	**	4-5	29.4-36.3	36.9	468(0)			フリッカージャブ	83.0																																																																							
2022102493	2024-11-17	5東京6	晴	1.0	2歳未勝利		16.0	1.0	1.0	27.0	6.0	2	横山武史	56.0	ダ1300		良	**	1:19.1	0.2	**	2-1	29.5-36.9	37.1	466(-2)			スパルタンキング	220.0																																																																							
2022102493	2024-12-08	5中山4	晴	1.0	2歳未勝利		15.0	3.0	5.0	3.2	2.0	2	吉田隼人	56.0	ダ1200		良	**	1:12.8	0.1	**	7-7	33.9-38.8	37.4	468(+2)			テイオームサシ	220.0																																																																							
2022102493	2024-12-21	5中山7	晴	1.0	2歳未勝利		16.0	2.0	3.0	2.6	1.0	1	横山武史	56.0	ダ1200		良	**	1:12.0	-0.4	**	4-3	34.1-37.9	37.1	468(0)			(チャロ)	550.0																																																																							
2022102493	2025-02-01	1京都1	曇	7.0	3歳1勝クラス		8.0	3.0	3.0	4.9	3.0	5	西村淳也	57.0	ダ1200		良	**	1:13.6	1.3	**	8-8	36.0-36.3	35.8	478(+10)			ドラゴンウェルズ	80.0																																																																							
2022102493	2025-02-22	1東京7	晴	2.0	3歳1勝クラス		16.0	6.0	11.0	17.6	4.0	2	吉田豊	57.0	ダ1400		良	**	1:25.6	0.1	**	14-14	35.6-37.0	36.1	476(-2)			ベルジュロネット	320.0																																																																							
2022102493	2025-03-16	2中京2	小雨	10.0	昇竜S(OP)		12.0	5.0	6.0	33.0	9.0	6	吉田隼人	57.0	ダ1400		重	**	1:24.0	0.8	**	9-9	34.5-37.0	36.2	470(-6)			マテンロウコマンド																																																																								
2022102493	2025-04-06	2阪神4	晴	9.0	バイオレットS(OP)		15.0	3.0	4.0	62.7	13.0	12	吉田隼人	57.0	ダ1400		良	**	1:25.8	1.8	**	15-13	33.9-38.1	37.1	470(0)			ヤマニンチェルキ																																																																								
2022102493	2025-05-17	2東京7	雨	7.0	3歳1勝クラス		14.0	5.0	7.0	8.5	3.0	3	吉田豊	57.0	ダ1400		不	**	1:24.2	1.4	**	12-10	34.2-36.3	36.3	474(+4)			ベンヌ	200.0																																																																							
2022102493	2025-06-01	2東京12	晴	5.0	3歳1勝クラス		11.0	7.0	8.0	9.5	4.0	1	吉田豊	57.0	ダ1400		重	**	1:23.0	-0.1	**	9-9	35.5-35.3	34.3	476(+2)			(レーティッシュ)	800.0																																																																							
2022102493	2025-06-22	3東京6	晴	9.0	甲州街道特別(2勝クラス)		16.0	6.0	11.0	4.9	2.0	7	吉田豊	55.0	ダ1400		良	**	1:24.3	0.9	**	13-13	34.8-37.0	35.9	480(+4)			トクシーカイザー																																																																								
2022102493	2025-09-07	4阪神2	晴	12.0	3歳以上2勝クラス		12.0	2.0	2.0	10.4	4.0	5	横山武史	56.0	ダ1400		良	**	1:24.8	0.6	**	10-9	35.3-36.8	36.2	478(-2)			ダノンスウィッチ	114.0																																																																							
2022102493	2025-10-04	4東京1	曇	12.0	3歳以上2勝クラス		16.0	2.0	3.0	13.6	8.0	8	吉田隼人	56.0	ダ1400		良	**	1:25.5	0.7	**	14-11	35.7-36.8	36.6	482(+4)			ピックアップライン																																																																								
2022102493	2025-11-02	4東京11	曇	12.0	清里特別(2勝クラス)		13.0	5.0	6.0	15.6	5.0	13	吉田隼人	57.0	ダ1600		重	**	1:38.7	1.3	**	11-11	36.4-36.0	36.0	482(0)			ロッシニアーナ																																																																								
2022102493	2025-11-29	4京都7	晴	8.0	3歳以上2勝クラス		16.0	7.0	13.0	14.1	5.0	1	岩田康誠	57.0	ダ1200		良	**	1:11.9	-0.1	**	10-8	35.3-36.6	35.6	482(0)			(マサノユニコーン)	1140.0																																																																							
2022102493	2025-12-21	5阪神6	雨	9.0	御影S(3勝クラス)		16.0	8.0	15.0	32.1	7.0	1	岩田康誠	57.0	ダ1400		重	**	1:22.5	0.0	**	16-14	34.0-36.8	35.2	484(+2)			(ダノンスウィッチ)	1873.6																																																																							
2022102493	2026-01-10	1京都3	晴	11.0	すばるS(L)		16.0	8.0	15.0	10.7	3.0	10	岩田康誠	56.0	ダ1400		良	**	1:25.0	1.4	**	16-16	35.1-36.4	36.1	484(0)			キタノズエッジ																																																																								
2022102499	2024-10-27	4東京8		4.0	2歳新馬								横山和生		ダ1600				1:42.5	3.6		3-4	36.4-37.3	40.2	470(0)					晴		16.0	3.0	6.0	168.4	14.0	11	55.0	良	**	**		タガノバビロン																																																									
2022102499	2024-12-22	5中山8		1.0	2歳未勝利								松岡正海		ダ1200				1:14.9	2.8		10-12	34.0-38.1	39.5	472(+2)					晴		16.0	1.0	1.0	213.4	13.0	10	55.0	良	**	**		エコロヴァイス																																																									
2022102499	2025-01-25	1中山8		3.0	3歳未勝利								松岡正海		ダ1200				1:13.9	0.9		7-7	35.0-38.0	38.3	466(-6)					曇		16.0	8.0	15.0	64.6	10.0	8	55.0	良	**	**		ポップグルーヴ																																																									
2022102499	2025-03-29	3中山1		1.0	3歳未勝利								松岡正海		ダ1200				1:13.4	2.1		12-11	34.1-37.2	37.9	466(0)					小雨		16.0	6.0	12.0	53.7	6.0	8	55.0	良	**	**		ゴールドハンマー																																																									
2022102499	2025-06-07	3東京1		2.0	3歳未勝利								松岡正海		ダ1400				1:28.4	2.9		8-9	35.1-37.5	39.6	464(-2)					晴		16.0	6.0	12.0	216.2	12.0	14	55.0	良	**	**		ブルージュ																																																									
2022102499	2025-07-20	高知		2.0	3歳ー7								井上瑛太		ダ1600				1:46.1	0.2		3-3-3-2		39.4	456(-8)				24.0	晴		10.0	6.0	6.0	12.5	5.0	2	55.0	不	**	**		シャンクドール																																																									
2022102499	2025-08-03	高知		7.0	3歳ー5								吉原寛人		ダ1300				1:26.1	0.8		10-9-8-7		39.8	462(+6)				9.0	晴		12.0	7.0	9.0	1.8	1.0	4	55.0	良	**	**		トウカイクレオス																																																									
2022102499	2025-09-13	高知		2.0	3歳ー8								吉原寛人		ダ1400				1:33.0	-1.3		8-6-4-1		41.1	463(+1)				60.0	曇		12.0	7.0	10.0	2.2	2.0	1	55.0	不	**	**		(アイロッソ)																																																									
2022102499	2025-09-28	高知		5.0	3歳ー5								吉原寛人		ダ1300				1:26.2	1.3		5-5-3-2		40.8	460(-3)				6.0	曇		10.0	8.0	10.0	3.8	3.0	5	55.0	不	**	**		エターナルライズ																																																									
2022102499	2025-10-26	高知		4.0	C3ー16								宮川実		ダ1300				1:25.2	0.4		6-5-4-2		39.3	466(+6)				24.0	晴		12.0	8.0	12.0	7.3	5.0	2	55.0	不	**	**		マイネルアース																																																									
2022102499	2025-11-09	高知		8.0	C3ー15								永森大智		ダ1400				1:29.7	0.4		2-2-2-2		39.9	461(-5)				15.0	晴		10.0	8.0	10.0	1.9	1.0	3	55.0	不	**	**		ディヴァージオン																																																									
2022102500	2024-12-22	7京都8		6.0	2歳新馬								北村友一		芝1800				1:49.9	-0.3		13-12	37.0-35.0	34.0	424(0)				720.0	曇		14.0	4.0	5.0	5.3	2.0	1	55.0	良	**	**		(メイショウビストロ)																																																									
2022102500	2025-02-10	1京都3		10.0	エルフィンS(L)								北村友一		芝1600								35.3-34.8		424(0)					晴		9.0	7.0	7.0			除	55.0	良	**	**		ヴーレヴー																																																									
2022102500	2025-03-29	2阪神1		9.0	君子蘭賞(1勝クラス)								岩田望来		芝1800				1:46.1	0.3		9-9	35.1-34.6	34.4	424(0)				111.0	晴		14.0	5.0	7.0	4.0	2.0	5	55.0	良	**	**		ルクスジニア																																																									
2022102500	2025-06-22	3阪神6		7.0	3歳以上1勝クラス								松山弘平		芝2000				2:01.5	0.4		6-6-6-6	36.9-35.7	35.6	436(+12)				120.0	晴		9.0	6.0	6.0	1.8	1.0	4	53.0	良	**	**		オデット																																																									
2022102500	2025-07-19	2小倉7		8.0	3歳以上1勝クラス								松山弘平		芝2000				2:02.5	-0.4		6-6-7-7	35.9-36.5	36.0	434(-2)				800.0	晴		10.0	1.0	1.0	4.6	3.0	1	53.0	良	**	**		(サタデーサンライズ)																																																									
2022102500	2025-09-14	4阪神4		11.0	関西TVローズS(GII)								池添謙一		芝1800				1:44.0	0.5		11-11	34.0-35.0	34.6	432(-2)					晴		17.0	6.0	12.0	81.5	13.0	7	55.0	良	**	**		カムニャック																																																									
2022102500	2025-10-04	3京都1		8.0	3歳以上2勝クラス								団野大成		芝2000				1:59.4	0.1		7-8-8-8	36.1-35.4	35.0	430(-2)				460.0	曇		12.0	8.0	12.0	11.0	4.0	2	54.0	重	**	**		ウイントレメンデス																																																									
2022102500	2025-11-30	4京都8		8.0	3歳以上2勝クラス								団野大成		芝2200				2:13.4	1.1		3-3-3-3	36.7-34.7	35.6	428(-2)					晴		8.0	7.0	7.0	2.6	2.0	6	54.0	良	**	**		サクソンジェンヌ																																																									
2022102513	2025-04-06	3中山4	小雨	5.0	3歳未勝利		16.0	3.0	6.0	74.2	9.0	14	小林脩斗	55.0	芝1600		良	**	1:36.1	1.9	**	10-6-5	35.1-35.0	36.3	444(0)			ガーネットウインク																																																																								
2022102513	2025-06-22	1函館4	曇	4.0	3歳未勝利		16.0	8.0	15.0	274.3	16.0	16	原田和真	55.0	芝1800		重	**	1:53.5	4.6	**	15-15-15-16	34.8-38.8	40.7	456(+12)			ゼットエイト																																																																								
2022102513	2025-08-03	高知	晴	6.0	3歳ー6		12.0	7.0	10.0	13.4	6.0	6	近藤翔月	52.0	ダ1300		良	**	1:27.1	1.5	**	1-1-1-1		42.5	460(+4)			ハッスルアニキ																																																																								
2022102513	2025-09-13	高知	曇	1.0	3歳ー9		11.0	8.0	12.0	18.3	8.0	11	近藤翔月	52.0	ダ1400		不	**	1:42.8	10.3	**	1-1-2-4		50.7	476(+16)			アメリカンクール																																																																								
2022102516	2024-06-01	4京都1		5.0	2歳新馬								菱田裕二		芝1600				1:36.4	2.6		10-11	35.7-33.8	35.2	450(0)																			晴		11.0	7.0	8.0	92.1	9.0	7	55.0	良	**	**		ダノンフェアレディ																																											
2022102516	2024-07-06	3小倉3		2.0	2歳未勝利								角田大和		芝1800				1:49.7	1.1		9-8-6-4	35.8-37.3	37.7	454(+4)				83.0															晴		9.0	7.0	7.0	25.9	6.0	4	54.0	良	**	**		ジャルディニエ																																											
2022102516	2024-07-27	2新潟1		1.0	2歳未勝利								角田大和		芝1800				1:47.0	1.5		2-2	35.1-34.3	35.6	458(+4)				140.0															晴		6.0	4.0	4.0	51.3	5.0	3	54.0	良	**	**		エンブロイダリー																																											
2022102516	2024-08-18	2中京4		3.0	2歳未勝利								角田大和		芝2000				2:01.9	1.5		2-3-2-2	38.1-34.0	35.2	456(-2)				220.0															晴		6.0	2.0	2.0	11.3	3.0	2	54.0	良	**	**		サラコスティ																																											
2022102516	2024-12-15	7京都6		4.0	2歳未勝利								角田大和		芝1800				1:49.4	0.5		9-9	36.3-34.9	34.7	472(+16)				140.0															晴		14.0	5.0	7.0	39.4	6.0	3	56.0	良	**	**		ショウヘイ																																											
2022102516	2025-01-11	1中京3		5.0	3歳未勝利								角田大和		芝2200				2:17.1	0.6		14-12-16-16	35.8-35.6	35.1	474(+2)				56.0															晴		18.0	1.0	1.0	7.3	5.0	5	57.0	良	**	**		マイユニバース																																											
2022102516	2025-03-22	1阪神7		4.0	3歳未勝利								武豊		ダ2000				2:11.1	-0.2		3-3-3-3	38.2-38.6	38.3	476(+2)				560.0															晴		11.0	6.0	6.0	2.6	1.0	1	57.0	良	**	**		(ケイアイワイラーパ)																																											
2022102516	2025-05-11	2東京6		5.0	3歳1勝クラス								浜中俊		ダ2100				2:10.8	1.7		3-3-3-3	30.2-36.8	38.1	476(0)																			晴		15.0	2.0	3.0	23.0	10.0	11	57.0	稍	**	**		ピカピカサンダー																																											
2022102516	2025-07-12	2小倉5		8.0	3歳以上1勝クラス								太宰啓介		ダ1700				1:46.3	-0.4		10-10-9-9	29.7-39.0	38.0	478(+2)				800.0															晴		16.0	4.0	7.0	64.0	12.0	1	55.0	良	**	**		(ギュルヴィ)																																											
2022102516	2025-09-06	4阪神1		9.0	出石特別(2勝クラス)								太宰啓介		ダ1800				1:53.0	1.1		7-7-7-7	37.6-36.6	36.9	488(+10)				230.0															晴		9.0	8.0	8.0	5.8	2.0	4	55.0	稍	**	**		トリポリタニア																																											
2022102516	2025-10-19	3京都7		12.0	聚楽第特別(2勝クラス)								太宰啓介		ダ1800				1:51.0	0.1		7-7-6-5	34.9-37.4	36.8	490(+2)				629.2															曇		14.0	4.0	6.0	10.7	6.0	2	56.0	良	**	**		テスティモーネ																																											
2022102516	2025-11-29	4京都7		9.0	栂尾特別(2勝クラス)								武豊		ダ1800				1:53.4	0.1		8-9-7-7	37.1-36.8	36.2	496(+6)				394.8															晴		13.0	5.0	6.0	1.9	1.0	3	56.0	良	**	**		カペルブリュッケ																																											
2022102516	2026-01-18	1京都7		10.0	大津特別(2勝クラス)								武豊		ダ1800				1:53.6	-0.2		10-10-10-10	37.5-37.4	36.3	496(0)				1615.0																																																									晴		16.0	6.0	12.0	3.4	1.0	1	57.0	良	**	**		(マイティマイティー)	202608010710
2022102534	2024-12-22	7京都8	曇	4.0	2歳新馬		13.0	8.0	13.0	8.4	4.0	9	菱田裕二	56.0	ダ1800		良	**	1:59.6	4.9	**	6-6-5-6	37.4-38.1	42.4	486(0)			タイセイドラード																																																																								
2022102534	2025-01-11	1中京3	晴	1.0	3歳未勝利		16.0	8.0	16.0	94.1	13.0	13	菱田裕二	57.0	ダ1800		良	**	1:57.6	3.8	**	8-10-12-13	36.2-38.9	41.4	482(-4)			エンマ																																																																								
2022102534	2025-01-25	1小倉1	晴	1.0	3歳未勝利		12.0	7.0	10.0	76.5	11.0	12	川端海翼	54.0	ダ1700		良	**	1:51.7	5.6	**	6-5-8-11	31.4-37.1	41.7	474(-8)			グランキングオー																																																																								
2022102534	2025-04-06	3中山4	曇	3.0	3歳未勝利		13.0	5.0	7.0	212.7	11.0	9	水沼元輝	54.0	ダ1800		稍	**	1:58.2	3.3	**	5-5-9-9	37.9-37.4	39.6	502(+28)			グレイテストソング																																																																								
2022102534	2025-04-19	3中山7	晴	4.0	3歳未勝利		13.0	7.0	10.0	257.6	12.0	8	土田真翔	54.0	ダ1800		良	**	1:57.6	2.3	**	11-11-13-13	37.2-38.9	39.6	492(-10)			アルティテュード																																																																								
2022102534	2025-05-17	1新潟5	雨	4.0	3歳未勝利		12.0	3.0	3.0	74.4	8.0	7	水沼元輝	54.0	ダ1800		稍	**	1:56.4	2.0	**	6-7-9-8	37.5-38.0	39.3	492(0)			ハミルトン																																																																								
2022102534	2025-06-03	船橋	雨	6.0	ナイスビット特別(3歳未格)		12.0	7.0	9.0	13.2	6.0	8	水沼元輝	53.0	ダ1800		不	**	1:59.4	2.1	**	5-5-5-5	36.5-40.1	41.4	495(+3)			ディオスパーダ																																																																								
2022102534	2025-07-13	2福島6	晴	6.0	3歳未勝利		15.0	2.0	2.0	151.0	10.0	10	杉原誠人	57.0	ダ1700		良	**	1:50.0	3.2	**	8-8-12-13	30.8-38.1	39.5	496(+1)			タキノボリ																																																																								
2022102534	2025-07-27	2新潟2	晴	4.0	3歳未勝利		15.0	7.0	13.0	179.9	13.0	6	石田拓郎	54.0	ダ1800		良	**	1:55.1	1.3	**	5-5-6-7	36.7-39.3	39.7	496(0)			ディースプレマシー																																																																								
2022102534	2025-08-30	佐賀	晴	2.0	C2ー29組		9.0	2.0	2.0	3.4	2.0	3	金山昇馬	56.0	ダ1400		良	**	1:31.6	0.7	**	3-3-3-3		39.8	495(-1)			アドベントシーズン	7.2																																																																							
2022102534	2025-09-13	佐賀	曇	3.0	C2ー25組		12.0	7.0	10.0	1.7	1.0	2	金山昇馬	56.0	ダ1400		稍	**	1:31.8	0.6	**	2-2-2-2		40.0	496(+1)			ポンペルモ	12.8																																																																							
2022102534	2025-09-27	佐賀	曇	8.0	AIパッカル賞(C2)		11.0	4.0	4.0	1.6	1.0	1	金山昇馬	56.0	ダ1400		重	**	1:31.1	-0.1	**	3-4-4-4		39.9	502(+6)			(ラストプリンセス)	40.0																																																																							
2022102534	2025-10-13	佐賀	晴	3.0	山口勲騎手監修「がば(C2)		12.0	6.0	7.0	3.3	3.0	3	金山昇馬	56.0	ダ1300		良	**	1:24.8	0.6	**	2-2-2-1		39.4	502(0)			ウィズプライド	7.2																																																																							
2022102542	2024-06-02	3東京2		5.0	2歳新馬								原優介		芝1600				1:37.9	1.5		12-12	37.1-33.7	34.1	470(0)					曇		12.0	6.0	8.0	18.4	6.0	8	54.0	稍	**	**		ミリオンローズ																																																									
2022102542	2024-06-22	4京都7		1.0	2歳未勝利								原優介		芝1600				1:35.7	2.2		5-6	34.8-35.2	36.8	472(+2)				55.0	晴		7.0	7.0	7.0	58.6	4.0	5	54.0	良	**	**		ショウナンザナドゥ																																																									
2022102542	2024-12-22	5中山8		1.0	2歳未勝利								石橋脩		ダ1200				1:15.6	3.5		15-15	34.0-38.1	39.5	474(+2)					晴		16.0	1.0	2.0	106.9	11.0	14	55.0	良	**	**		エコロヴァイス																																																									
2022102542	2025-02-01	1東京1		3.0	3歳未勝利								原優介		ダ1600				1:45.0	5.3		1-1	34.9-38.6	43.9	478(+4)					晴		16.0	2.0	4.0	310.2	16.0	16	54.0	良	**	**		ユーディキウム																																																									
2022102542	2025-05-17	2東京7		5.0	3歳未勝利								松岡正海		芝1400				1:25.1	2.7		2-2	35.1-35.2	37.8	480(+2)					雨		18.0	4.0	8.0	187.3	11.0	16	55.0	良	**	**		ベラジオワールド																																																									
2022102542	2025-08-09	2新潟5		12.0	3歳未勝利								石田拓郎		芝1400				1:22.9	1.6		18-18	34.0-35.6	35.5	474(-6)					晴		18.0	6.0	11.0	302.1	17.0	15	52.0	良	**	**		サウンドリアン																																																									
2022102542	2025-09-14	高知		11.0	ファイナルレース(3歳)								吉原寛人		ダ1400				1:33.6	2.1		8-8-9-6		40.7	475(+1)					晴		12.0	3.0	3.0	20.5	7.0	6	55.0	重	**	**		アルデヤーノ																																																									
2022102542	2025-09-28	高知		4.0	3歳ー6								近藤翔月		ダ1300				1:26.5	1.6		3-3-3-6		40.4	477(+2)					曇		12.0	8.0	12.0	17.5	5.0	7	52.0	不	**	**		スマートアリスター																																																									
2022102542	2025-10-12	高知		6.0	C3ー19								近藤翔月		ダ1600				1:50.8	3.3		8-10-10-10		41.6	478(+1)					曇		11.0	2.0	2.0	68.5	9.0	10	52.0	稍	**	**		フーイナム																																																									
2022102542	2025-10-26	高知		11.0	ファイナルレース(C3)								佐原秀泰		ダ1300				1:26.5	1.2		1-1-1-1		41.0	474(-4)				9.0	晴		12.0	7.0	10.0	26.2	12.0	4	55.0	不	**	**		シティオブロンドン																																																									
2022102542	2025-11-09	高知		3.0	C3ー17								近藤翔月		ダ1400				1:32.1	3.1		12-11-10-9		39.0	480(+6)					晴		12.0	5.0	5.0	33.9	7.0	7	52.0	不	**	**		アンダーザブリッジ																																																									
2022102542	2025-11-24	高知		12.0	ファイナルレース(C3)								佐原秀泰		ダ1600				1:51.8	1.8		4-3-5-4		41.9	476(-4)				6.0	曇		11.0	4.0	4.0	20.0	8.0	5	55.0	良	**	**		チャンピオンリボン																																																									
2022102542	2025-12-07	高知		11.0	ファイナルレース(C3)								近藤翔月		ダ1300				1:26.4	-0.5		1-2-2-2		40.4	477(+1)				60.0	晴		12.0	8.0	12.0	6.3	4.0	1	53.0	良	**	**		(メルヘンライズ)																																																									
2022102542	2025-12-21	高知		7.0	C3ー13								近藤翔月		ダ1400				1:34.5	3.2		3-5-5-5		41.9	476(-1)					曇		10.0	6.0	6.0	32.3	6.0	8	53.0	重	**	**		メイショウイヌワシ																																																									
2022102542	2026-01-12	高知		3.0	C3ー13								近藤翔月		ダ1400				1:34.0	0.0		4-5-5-2		41.0	475(-1)				60.0	晴		10.0	4.0	4.0	62.3	6.0	1	53.0	良	**	**		(ソルデマジョ)																																																									
2022102576	2024-06-23	1函館6	曇	5.0	2歳新馬		5.0	3.0	3.0	12.8	4.0	4	角田大河	54.0	芝1200		良	**	1:10.7	0.9	**	3-4	34.9-34.9	35.6	466(0)			ヤンキーバローズ	110.0																																																																							
2022102576	2024-07-13	1函館11	晴	1.0	2歳未勝利		10.0	4.0	4.0	19.8	6.0	8	角田大河	54.0	芝1800		良	**	1:53.6	2.2	**	1-1-1-2	36.9-36.4	38.6	464(-2)			イガッチ																																																																								
2022102576	2024-08-17	2札幌3	曇	2.0	2歳未勝利		14.0	4.0	6.0	64.7	10.0	8	小林勝太	53.0	ダ1700		良	**	1:49.2	1.2	**	7-6-8-9	30.5-37.8	38.4	460(-4)			ルージュマローネ																																																																								
2022102576	2024-10-26	4新潟7	晴	2.0	2歳未勝利		12.0	6.0	7.0	14.9	4.0	5	柴田裕一	53.0	ダ1800		良	**	1:55.6	1.8	**	5-4-6-6	37.1-37.6	38.6	468(+8)			ブラックジジ	55.0																																																																							
2022102576	2024-11-16	6京都5	曇	2.0	2歳未勝利		11.0	5.0	5.0	73.8	8.0	11	柴田裕一	53.0	ダ1800		良	**	1:59.9	5.7	**	6-7-10-10	36.4-38.7	43.6	474(+6)			ベイラム																																																																								
2022102576	2025-03-13	園田	曇	10.0	JRA交流三熊山特別		10.0	2.0	2.0	14.3	5.0	1	柴田裕一	52.0	ダ1870		稍	**	2:07.4	0.0	**	2-2-2-2		41.4	465(-9)			(レイヤー)	150.0																																																																							
2022102576	2025-04-06	2阪神4	晴	5.0	3歳1勝クラス		14.0	4.0	5.0	367.0	14.0	14	柴田裕一	54.0	ダ1800		良	**	1:57.5	4.8	**	6-7-9-11	36.5-38.2	41.9	472(+7)			テスティモーネ																																																																								
2022102576	2025-06-22	3阪神6	晴	8.0	3歳以上1勝クラス		16.0	6.0	12.0	398.9	16.0	16	田山旺佑	52.0	ダ1400		良	**	1:29.2	5.1	**	4-5	33.8-38.2	42.7	474(+2)			ホウショウマリス																																																																								
2022102576	2025-07-13	金沢	晴	7.0	ウマれながらにスター(3歳)		10.0	8.0	10.0	1.8	1.0	3	中島龍也	57.0	ダ1400		良	**	1:30.3	0.2	**	5-4-3-3		38.5	473(-1)			クインズパフェ	8.8																																																																							
2022102576	2025-07-27	金沢	晴	8.0	瑞樹&萌ウェディング(3歳)		9.0	7.0	7.0	1.9	1.0	3	中島龍也	57.0	ダ1400		良	**	1:29.9	1.1	**	6-5-4-4		39.5	470(-3)			モカチャン	7.6																																																																							
2022102576	2025-09-07	金沢	曇	8.0	3歳A　2		12.0	5.0	5.0	6.3	3.0	4	中島龍也	57.0	ダ1400		良	**	1:31.8	2.4	**	8-7-6-5		41.0	467(-3)			モカチャン	6.6																																																																							
2022102576	2025-09-29	金沢	曇	2.0	俺たちのキュートなお(C1)		11.0	7.0	8.0	3.3	2.0	1	中島龍也	57.0	ダ1500		稍	**	1:36.9	0.0	**	1-1-1-1		39.1	470(+3)			(ジーティージン)	45.0																																																																							
2022102576	2025-10-11	金沢	曇	7.0	みんなを笑顔に幸福に(B2)		11.0	5.0	5.0	1.8	1.0	3	中島龍也	57.0	ダ1500		良	**	1:37.2	0.2	**	3-3-3-2		40.7	476(+6)			ギンザターゲット	8.0																																																																							
2022102576	2025-10-28	金沢	曇	7.0	能登復興支援おりひめ(C1)		7.0	1.0	1.0	1.2	1.0	1	中島龍也	57.0	ダ1400		稍	**	1:29.6	-0.8	**	1-1-1-1		37.6	472(-4)			(ラシェンテ)	45.0																																																																							
2022102576	2025-11-11	金沢	晴	11.0	B24		11.0	8.0	11.0	2.5	1.0	6	中島龍也	57.0	ダ1400		稍	**	1:30.0	1.3	**	5-5-4-4		39.3	476(+4)			スカイトライア																																																																								
2022102576	2025-11-24	金沢	曇	8.0	B22　特別編成(B2特別)		8.0	7.0	7.0	8.7	5.0	2	塚本征吾	57.0	ダ1400		稍	**	1:30.3	0.2	**	4-4-4-4		39.1	466(-10)			サンエスペランス	16.0																																																																							
2022102576	2025-12-08	金沢	雨	9.0	B24		10.0	2.0	2.0	2.4	1.0	3	中島龍也	57.0	ダ1400		重	**	1:30.4	1.4	**	5-5-3-3		39.7	474(+8)			ブレイクネック	8.0																																																																							
2022102576	2025-12-16	金沢	雨	10.0	B24		10.0	2.0	2.0	2.5	1.0	2	中島龍也	57.0	ダ1500		不	**	1:35.9	0.3	**	3-3-2-2		38.4	474(0)			リンクアームズ	16.0																																																																							
2022102576	2025-12-27	金沢	雨	10.0	B23		12.0	4.0	4.0	20.6	4.0	10	加藤聡一	57.0	ダ1400		不	**	1:30.2	1.9	**	5-6-7-7		39.5	478(+4)			マヒオレ																																																																								
2022102576	2026-01-14	名古屋	曇	12.0	やぎ座特別(B)		10.0	7.0	7.0	14.4	6.0	6	塚本征吾	57.0	ダ1500		良		1:38.8	2.2		6-7-7		41.4	490(+12)			ヤルダバオト																																																																								
2022102600	2024-11-16	6京都5	小雨	6.0	2歳新馬		16.0	5.0	9.0	76.5	12.0	10	田口貫太	54.0	ダ1800		良	**	1:56.8	2.2	**	3-3-4-7	37.6-38.0	39.7	468(0)			ヒルノハンブルク																																																																								
2022102600	2024-12-15	7京都6	晴	1.0	2歳未勝利		13.0	6.0	8.0	58.8	9.0	3	古川吉洋	55.0	ダ1800		良	**	1:57.3	1.2	**	1-1-1-2	37.1-37.9	39.1	464(-4)			ドゥラリス	140.0																																																																							
2022102600	2025-01-06	1中京2	曇	1.0	3歳未勝利		16.0	4.0	7.0	8.6	4.0	13	古川吉洋	55.0	ダ1800		良	**	1:58.4	2.1	**	1-1-1-1	37.5-39.6	41.7	464(0)			コンテナライン																																																																								
2022102600	2025-02-09	1京都4	晴	2.0	3歳未勝利		14.0	6.0	9.0	5.4	3.0	1	高杉吏麒	54.0	ダ1800		稍	**	1:56.6	-0.4	**	4-4-3-3	37.3-39.6	39.2	452(-12)			(ヨドギミ)	560.0																																																																							
2022102600	2025-04-06	2阪神4	晴	5.0	3歳1勝クラス		14.0	6.0	10.0	182.4	13.0	11	古川吉洋	55.0	ダ1800		良	**	1:55.6	2.9	**	12-12-12-11	36.5-38.2	39.5	448(-4)			テスティモーネ																																																																								
2022102600	2025-07-06	2小倉4	晴	12.0	3歳以上1勝クラス		16.0	3.0	6.0	119.7	13.0	12	川須栄彦	53.0	ダ1700		良	**	1:47.4	2.0	**	7-5-6-5	29.8-37.9	39.5	464(+16)			ジューンエオス																																																																								
2022102600	2025-08-21	園田	晴	7.0	B1		5.0	4.0	4.0	3.9	2.0	3	鴨宮祥行	55.0	ダ1400		良	**	1:31.3	1.0	**	3-3-2-3		39.8	469(+5)			ミルトプライム	37.5																																																																							
2022102600	2025-12-04	園田	晴	10.0	カンツバキ賞B2一		8.0	8.0	8.0	2.2	1.0	1	鴨宮祥行	55.0	ダ1400		良	**	1:31.9	-0.1	**	4-4-2-2		39.8	474(+5)			(サトノルクソン)	130.0																																																																							
2022102600	2025-12-24	園田	曇	9.0	B1		9.0	5.0	5.0	5.6	2.0	4	鴨宮祥行	55.0	ダ1700		不	**	1:55.0	1.3	**	3-3-3-3		38.5	470(-4)			エイシンレオ	25.5																																																																							
2022102600	2026-01-15	園田	晴	11.0	コウノトリ賞(重賞)		11.0	8.0	11.0	172.1	10.0	10	新庄海誠	55.0	ダ1870		良		2:04.8	2.0		8-8-9-9		39.6	476(+6)			スマートアンバー																																																																								
2022102607	2024-12-22	5中山8		5.0	2歳新馬								佐藤翔馬		ダ1200				1:17.5	4.3		13-13	35.2-38.0	40.5	430(0)					晴		16.0	2.0	3.0	227.5	15.0	12	52.0	良	**	**		シュヴァルボヌール																																																									
2022102607	2025-01-25	1中山8		3.0	3歳未勝利								野中悠太		ダ1200				1:15.2	2.2		14-14	35.0-38.0	39.1	436(+6)					曇		16.0	5.0	9.0	300.7	15.0	14	55.0	良	**	**		ポップグルーヴ																																																									
2022102607	2025-03-08	2中山3		3.0	3歳未勝利								遠藤汰月		ダ1200				1:14.7	3.2		14-15	34.8-36.7	38.6	440(+4)					曇		16.0	5.0	9.0	258.1	14.0	14	52.0	重	**	**		チャロ																																																									
2022102607	2025-04-24	浦和		9.0	ツインメイト特別(3歳)								遠藤汰月		ダ1400				1:32.4	2.1		8-8-10-10	37.6-39.6	40.8	436(-4)					曇		12.0	7.0	9.0	75.7	11.0	10	51.0	良	**	**		グーフドリファール																																																									
2022102607	2025-06-06	名古屋		2.0	3歳9組								山田祥雄		ダ1500				1:39.2	0.7		4-4-4		41.9	437(+1)				5.8	晴		11.0	6.0	8.0	16.9	6.0	5	55.0	良	**	**		タガノポストマン																																																									
2022102607	2025-06-27	名古屋		4.0	3歳10組								宮下瞳		ダ1500				1:38.0	-0.2		5-4-2		39.9	440(+3)				58.0	晴		12.0	7.0	10.0	5.2	3.0	1	53.0	重	**	**		(ララナチュール)																																																									
2022102607	2025-07-08	名古屋		4.0	八宇子さん誕生日記念(3歳)								宮下瞳		ダ1700				1:52.6	1.4		7-8-8		40.2	440(0)					晴		12.0	8.0	11.0	8.3	4.0	7	53.0	良	**	**		マサムネ																																																									
2022102607	2025-07-21	名古屋		2.0	名古屋モーニングフィ(3歳)								山田祥雄		ダ1500				1:36.9	1.3		5-7-5		40.2	435(-5)				5.5	晴		11.0	2.0	2.0	51.3	7.0	5	55.0	良	**	**		テンダリー																																																									
2022102607	2025-08-20	名古屋		1.0	名古屋モーニングフィ(3歳)								山田祥雄		ダ1500				1:38.3	1.9		10-9-7		40.2	433(-2)					晴		11.0	6.0	6.0	63.3	8.0	8	55.0	良	**	**		マイネルメドリング																																																									
2022102607	2025-09-03	名古屋		5.0	3歳5組								山田祥雄		ダ1700				1:52.7	0.0		9-7-2		39.3	433(0)				19.3	晴		12.0	6.0	7.0	55.8	8.0	2	55.0	良	**	**		ロジアンドモルタル																																																									
2022102607	2025-09-17	名古屋		4.0	3歳5組								山田祥雄		ダ1500				1:37.3	0.5		10-7-4		38.7	435(+2)				11.0	曇		12.0	8.0	11.0	40.6	8.0	3	55.0	良	**	**		レオネッサ																																																									
2022102607	2025-10-01	名古屋		5.0	3歳4組								山田祥雄		ダ1400				1:30.8	0.6		11-10-5		38.8	436(+1)				11.0	晴		12.0	6.0	7.0	7.2	3.0	3	55.0	良	**	**		マンノミューズ																																																									
2022102607	2025-10-16	名古屋		6.0	C10組								山田祥雄		ダ1500				1:36.9	-0.5		10-8-3		38.6	435(-1)				55.0	曇		12.0	2.0	2.0	5.2	2.0	1	55.0	不	**	**		(ヌンルチル)																																																									
2022102607	2025-10-31	名古屋		10.0	ハロウィン・ナイト特(C)								山田祥雄		ダ1700				1:51.3	0.6		12-12-7		38.9	434(-1)				29.8	雨		12.0	8.0	12.0	13.7	5.0	2	55.0	重	**	**		ピラニアキッス																																																									
2022102607	2025-11-13	名古屋		4.0	C4組								山田祥雄		ダ1400				1:30.6	0.4		10-3-3		38.7	434(0)				19.3	曇		11.0	7.0	9.0	2.6	1.0	2	55.0	稍	**	**		ボッシュ																																																									
2022102607	2025-12-24	大井		6.0	リトル・プリンセス賞(C2)								西啓太		ダ1600				1:45.9	1.3		7-7-10-9	38.1-40.7	41.4	434(0)					雨		12.0	7.0	9.0	5.0	3.0	6	54.0	重	**	**		コーゲンカイショウ																																																									
2022102607	2026-01-12	大井		8.0	C215　16								西啓太		ダ1600				1:46.0	2.3		12-9-4-5	39.4-39.6	41.7	433(-1)					晴		13.0	3.0	3.0	32.8	7.0	11	54.0	良	**	**		メイショウタビズキ																																																									
2022102616	2024-12-22	7京都8		4.0	2歳新馬								酒井学		ダ1800				1:57.6	2.9		4-5-5-4	37.4-38.1	40.4	474(0)				110.0	曇		13.0	5.0	7.0	27.5	8.0	4	56.0	良	**	**		タイセイドラード																																																									
2022102616	2025-01-06	1中京2		5.0	3歳未勝利								幸英明		芝2000				2:04.5	1.6		3-3-3-3	37.2-35.2	36.5	468(-6)					曇		18.0	1.0	2.0	131.4	13.0	11	57.0	良	**	**		ミラージュナイト																																																									
2022102616	2025-05-31	2京都11		3.0	3歳未勝利								酒井学		ダ1800				1:54.5	1.0		4-5-4-5	37.3-37.8	38.4	476(+8)					曇		15.0	2.0	3.0	43.8	9.0	6	57.0	良	**	**		カンピドリオ																																																									
2022102616	2025-06-15	3阪神4		2.0	3歳未勝利								ディー		ダ1800				1:52.8	1.2		6-6-4-3	36.6-36.8	37.5	474(-2)				84.0	曇		14.0	7.0	11.0	9.0	4.0	4	57.0	不	**	**		メイショウヤシマ																																																									
2022102616	2025-07-06	2小倉4		2.0	3歳未勝利								田口貫太		ダ1700				1:48.1	0.1		7-6-5-2	29.2-40.8	40.3	472(-2)				84.0	晴		16.0	1.0	2.0	6.6	4.0	4	57.0	良	**	**		ココデイック																																																									
2022102616	2025-07-27	3中京2		2.0	3歳未勝利								田口貫太		ダ1800				1:55.2	1.1		4-4-4-5	37.1-38.7	39.5	478(+6)					晴		16.0	6.0	12.0	7.1	4.0	8	57.0	良	**	**		テーオーシュタイン																																																									
2022102616	2025-10-16	名古屋		7.0	C9組								大畑雅章		ダ1500				1:35.7	0.0		2-2-1		39.2	471(-7)				19.3	曇		12.0	4.0	4.0	1.3	1.0	2	57.0	不	**	**		スマートシエラ																																																									
2022102616	2025-10-30	名古屋		6.0	祥都くん生誕1周年記(C)								加藤聡一		ダ1500				1:35.8	0.0		2-2-2		38.8	470(-1)				19.3	晴		12.0	5.0	6.0	2.3	2.0	2	57.0	良	**	**		ウィットビーアビー																																																									
2022102616	2025-11-12	名古屋		9.0	C8組								加藤聡一		ダ1500				1:36.6	0.2		1-1-2		40.1	466(-4)				19.3	曇		12.0	1.0	1.0	1.5	1.0	2	57.0	稍	**	**		ブルーユンチェリー																																																									
2022102616	2025-12-10	名古屋		3.0	甲斐さん優勝おめでと(C)								大畑慧悟		ダ1500				1:36.0	0.4		1-1-1		39.6	470(+4)				19.3	晴		12.0	2.0	2.0	2.0	2.0	2	57.0	良	**	**		セットクルール																																																									
2022102616	2025-12-24	名古屋		4.0	C4組								望月洵輝		ダ1500				1:36.2	-0.7		1-1-1		39.5	470(0)				55.0	小雨		11.0	5.0	5.0	1.1	1.0	1	57.0	不	**	**		(サンマイル)																																																									
2022102616	2026-01-05	名古屋		12.0	仕事始め賞(B)								望月洵輝		ダ1700				1:50.3	-0.3		2-2-1		39.4	468(-2)				65.0	晴		11.0	5.0	5.0	2.3	1.0	1	57.0	良	**	**		(プリティパール)																																																									
2022102624	2025-02-22	1京都7	晴	4.0	3歳新馬		15.0	6.0	11.0	13.3	7.0	5	和田竜二	57.0	ダ1400		良	**	1:28.5	1.1	**	4-4	36.2-38.5	39.2	470(0)			アクアマリーナ	62.0																																																																							
2022102624	2025-03-09	1阪神4	晴	2.0	3歳未勝利		16.0	2.0	4.0	28.3	7.0	4	和田竜二	57.0	ダ1400		良	**	1:27.7	1.0	**	7-7	34.8-39.3	39.5	466(-4)			チュウワチーフ	84.0																																																																							
2022102624	2025-04-06	2阪神4	晴	3.0	3歳未勝利		16.0	7.0	14.0	16.8	5.0	2	和田竜二	57.0	ダ1400		良	**	1:26.1	0.2	**	2-1	35.5-37.7	37.9	464(-2)			ザックザク	220.0																																																																							
2022102624	2025-04-26	2京都1	晴	1.0	3歳未勝利		16.0	2.0	4.0	11.4	4.0	3	和田竜二	57.0	ダ1400		良	**	1:25.2	0.7	**	3-3	34.7-37.6	38.1	462(-2)			アメリカンポリス	140.0																																																																							
2022102624	2025-07-05	2小倉3	晴	6.0	3歳未勝利		16.0	1.0	1.0	6.0	4.0	2	和田竜二	57.0	ダ1700		良	**	1:47.1	0.0	**	6-5-3-3	29.4-39.4	39.1	468(+6)			ルクスメンデス	220.0																																																																							
2022102624	2025-07-20	2小倉8	晴	3.0	3歳未勝利		16.0	5.0	10.0	3.0	1.0	1	和田竜二	57.0	ダ1700		稍	**	1:46.1	-0.6	**	2-2-2-2	29.7-38.9	38.8	472(+4)			(シェーネアウゲン)	560.0																																																																							
2022102624	2025-08-31	4中京4	晴	7.0	3歳以上1勝クラス		13.0	4.0	5.0	9.7	4.0	7	松若風馬	55.0	ダ1800		良	**	1:54.4	1.0	**	1-1-1-1	37.7-38.0	39.0	468(-4)			スーパージョック																																																																								
2022102624	2025-10-19	4新潟2	曇	6.0	3歳以上1勝クラス		15.0	6.0	11.0	9.1	7.0	2	河原田菜	52.0	ダ1800		重	**	1:53.5	0.8	**	5-3-3-3	36.2-38.0	38.5	474(+6)			ケーヴァラ	320.0																																																																							
2022102624	2025-12-13	5中京3	曇	8.0	3歳以上1勝クラス		16.0	8.0	16.0	4.3	2.0	3	松山弘平	57.0	ダ1400		良	**	1:24.9	0.4	**	5-6	34.6-37.5	37.1	468(-6)			マジックローズ	200.0																																																																							
2022102624	2026-01-12	1京都5	晴	7.0	4歳以上1勝クラス		16.0	7.0	13.0	8.2	5.0	2	松山弘平	57.0	ダ1400		良	**	1:25.2	0.1	**	5-5	36.2-36.8	36.5	470(+2)			メイケイレイン	330.0																																																																							
2022102635	2024-09-16	4中山5		6.0	2歳新馬								田辺裕信		芝1800				1:50.5	0.4		1-1-1-2	38.7-34.6	35.0	464(0)				180.0																																											曇		11.0	5.0	5.0	17.0	5.0	3	55.0	良	**	**		ブラウンラチェット															
2022102635	2024-10-13	4東京3		3.0	2歳未勝利								田辺裕信		芝1800				1:48.3	0.3		2-3-3	36.2-34.6	34.5	464(0)				140.0																																											晴		9.0	8.0	8.0	7.8	4.0	3	56.0	良	**	**		カラマティアノス															
2022102635	2024-11-23	5東京7		3.0	2歳未勝利								田辺裕信		芝1800				1:48.8	0.7		1-1-1	36.4-34.5	35.2	470(+6)																																															晴		14.0	5.0	7.0	12.7	6.0	8	56.0	良	**	**		ベストシーン															
2022102635	2025-01-06	1中山2		3.0	3歳未勝利								田辺裕信		ダ1800				2:00.3	5.1		4-4-6-9	37.0-40.0	44.1	466(-4)																																															曇		16.0	6.0	12.0	15.4	5.0	12	57.0	良	**	**		ニューファウンド															
2022102635	2025-05-04	2東京4		5.0	3歳未勝利								田辺裕信		芝1800				1:50.3	1.7		12-13-14	36.5-33.9	33.9	464(-2)																																															晴		16.0	3.0	5.0	19.4	6.0	15	57.0	良	**	**		テルケンユミクイン															
2022102635	2025-05-25	2東京10		4.0	3歳未勝利								田辺裕信		芝1600				1:33.7	-0.3		1-1	34.8-35.3	35.3	464(0)				560.0																																											曇		18.0	5.0	10.0	88.2	10.0	1	57.0	稍	**	**		(ジャサルディア)															
2022102635	2025-06-22	3東京6		8.0	3歳以上1勝クラス								田辺裕信		芝1600				1:34.2	0.3		1-1	34.5-36.1	36.4	464(0)																																															晴		15.0	6.0	10.0	16.9	6.0	6	55.0	良	**	**		マイネルフォルツァ															
2022102635	2025-10-05	4東京2		7.0	3歳以上1勝クラス								石田拓郎		芝1400				1:20.2	0.1		1-1	34.6-34.1	34.2	464(0)				320.0																																											晴		18.0	3.0	6.0	5.1	3.0	2	53.0	良	**	**		レイククレセント															
2022102635	2025-10-25	4新潟3		12.0	3歳以上1勝クラス								石田拓郎		芝1400				1:21.7	0.4		3-2	34.3-35.2	35.4	464(0)				120.0																																											曇		17.0	2.0	3.0	4.9	3.0	4	53.0	良	**	**		ワタシマツワ															
2022102635	2025-11-24	3福島6		8.0	3歳以上1勝クラス								石田拓郎		芝1200				1:08.7	-0.1		7-7	33.9-34.8	34.2	470(+6)				800.0																																											曇		16.0	3.0	6.0	6.0	3.0	1	54.0	良	**	**		(ワインクーラー)															
2022102635	2025-12-21	5中京6		12.0	尾張特別(2勝クラス)								石田拓郎		芝1400				1:22.5	0.6		2-2	34.6-35.5	35.7	466(-4)																																															曇		18.0	5.0	10.0	12.6	7.0	9	54.0	稍	**	**		リチャードバローズ															
2022102695	2024-09-21	4中山6		3.0	2歳新馬								木幡巧也		ダ1800				2:00.1	3.6		7-7-5-6	38.2-38.4	41.6	518(0)					曇		16.0	6.0	12.0	4.1	1.0	12	55.0	良	**	**		テンワンダーマン																																																									
2022102695	2024-09-29	4中山9		1.0	2歳未勝利								木幡巧也		ダ1200				1:14.2	1.7		11-11	33.7-38.8	39.6	520(+2)					曇		16.0	2.0	3.0	16.0	6.0	10	55.0	良	**	**		リアルショット																																																									
2022102695	2024-12-22	5中山8		1.0	2歳未勝利								木幡巧也		ダ1200				1:14.0	1.9		6-4	34.0-38.1	39.6	522(+2)					晴		16.0	6.0	12.0	90.4	8.0	6	56.0	良	**	**		エコロヴァイス																																																									
2022102695	2025-01-26	1中山9		1.0	3歳未勝利								木幡巧也		ダ1200				1:13.3	0.6		1-1	34.2-38.5	39.1	524(+2)				220.0	晴		16.0	2.0	3.0	24.5	5.0	2	57.0	良	**	**		イズルード																																																									
2022102695	2025-02-09	1東京4		1.0	3歳未勝利								木幡巧也		ダ1400				1:28.5	2.4		2-2	36.5-37.1	39.4	526(+2)					晴		16.0	6.0	11.0	10.1	5.0	7	57.0	良	**	**		ショウナンヤッホー																																																									
2022102695	2025-03-16	2中山6		2.0	3歳未勝利								木幡巧也		ダ1200				1:13.2	1.0		2-2	33.9-38.3	39.1	524(-2)					雨		16.0	3.0	5.0	14.0	5.0	7	57.0	不	**	**		ピコテンダー																																																									
2022102695	2025-03-29	2阪神1		3.0	3歳未勝利								Ｍ．デム		ダ1200				1:15.6	2.1		12-11	34.9-38.6	39.4	520(-4)					晴		16.0	5.0	10.0	12.1	6.0	13	57.0	稍	**	**		タイセイディアマン																																																									
2022102695	2025-04-26	1福島5		6.0	3歳未勝利								古川吉洋		ダ1700				1:52.5	4.2		4-5-5-9	30.4-39.6	43.4	520(0)					晴		15.0	4.0	7.0	62.1	12.0	14	57.0	良	**	**		マテンロウカナロア																																																									
2022102695	2025-06-30	船橋		2.0	3歳四								山崎誠士		ダ1200				1:14.9	0.0		2-2-2	35.7-39.2	39.2	516(-4)				170.0	晴		9.0	7.0	8.0	1.9	1.0	1	56.0	良	**	**		(テンタイカンソク)																																																									
2022102695	2025-07-31	船橋		8.0	乗馬クラブクレイン千(3歳)								野畑凌		ダ1200				1:15.4	0.9		2-2-2	36.4-38.1	38.8	509(-7)					晴		8.0	6.0	6.0	2.3	2.0	6	56.0	良	**	**		タイムイズマネー																																																									
2022102695	2025-08-30	船橋		7.0	入道雲特別(3歳)								野畑凌		ダ1200				1:15.2	0.3		1-1-1	36.0-38.9	39.2	517(+8)				40.0	晴		11.0	5.0	5.0	3.6	3.0	3	56.0	良	**	**		ザーシッダレイ																																																									
2022102695	2025-12-08	船橋		7.0	C1六　七								張田昂		ダ1200				1:18.3	4.1		4-3-4	35.8-38.4	42.1	518(+1)					晴		11.0	8.0	11.0	4.2	2.0	9	56.0	良	**	**		プライムブルー																																																									
2022102713	2024-10-26	5京都7		4.0	2歳新馬								古川吉洋		ダ1400				1:27.2	1.7		9-7	35.8-37.2	37.9	474(0)																																															曇		16.0	3.0	6.0	34.8	10.0	7	56.0	良	**	**		ヴィリアリート															
2022102713	2024-11-09	6京都3		2.0	2歳未勝利								古川吉洋		ダ1800				1:55.7	0.1		1-1-1-1	37.5-38.7	38.8	476(+2)				140.0																																											晴		14.0	4.0	6.0	22.9	7.0	3	56.0	良	**	**		ウォーターエルピス															
2022102713	2024-11-30	7京都1		3.0	2歳未勝利								古川吉洋		ダ1800				1:57.3	2.0		1-1-2-4	37.0-39.2	41.0	480(+4)																																															晴		11.0	8.0	10.0	16.7	4.0	11	56.0	稍	**	**		メイケイレイン															
2022102713	2025-01-19	1中京7		3.0	3歳未勝利								古川吉洋		ダ1400				1:26.1	0.7		3-4	34.9-38.3	38.6	476(-4)				220.0																																											曇		16.0	2.0	4.0	10.5	6.0	2	57.0	良	**	**		サンライズブレイク															
2022102713	2025-02-09	1京都4		3.0	3歳未勝利								古川吉洋		ダ1400				1:28.3	1.8		1-2	36.1-37.7	39.5	482(+6)																																															晴		16.0	1.0	1.0	5.1	3.0	11	57.0	稍	**	**		レイザリオ															
2022102713	2025-03-02	1阪神2		2.0	3歳未勝利								古川吉洋		ダ1400				1:27.6	1.1		10-9	34.7-39.3	39.2	476(-6)																																															小雨		16.0	6.0	11.0	14.4	6.0	7	57.0	良	**	**		ライツユーアップ															
2022102713	2025-04-27	2東京2		3.0	3歳未勝利								田辺裕信		ダ1300				1:19.6	1.0		11-11	29.8-36.5	36.2	480(+4)				140.0																																											晴		15.0	8.0	15.0	3.2	2.0	3	57.0	稍	**	**		ガンハンマー															
2022102713	2025-05-18	2京都8		1.0	3歳未勝利								森田誠也		ダ1400				1:24.4	0.5		3-3	35.1-36.9	36.8	480(0)				84.0																																											晴		16.0	8.0	16.0	16.8	4.0	4	54.0	重	**	**		ラファル															
2022102713	2025-06-07	3阪神1		4.0	3歳未勝利								森田誠也		ダ1200				1:14.4	1.7		2-1	35.6-37.1	38.8	478(-2)																																															曇		16.0	8.0	16.0	3.5	2.0	8	54.0	良	**	**		ドラゴンテイラー															
2022102713	2025-08-03	1札幌4		4.0	3歳未勝利								古川吉洋		ダ1700				1:47.7	0.6		4-4-3-3	30.1-39.6	39.9	482(+4)				140.0																																											晴		14.0	5.0	7.0	8.3	5.0	3	57.0	良	**	**		ザハント															
2022102713	2025-08-24	2札幌2		3.0	3歳未勝利								古川吉洋		ダ1700				1:47.1	0.6		8-7-6-4	30.5-38.7	38.9	478(-4)				140.0																																											晴		14.0	8.0	14.0	8.5	5.0	3	57.0	良	**	**		ジョードリウム															
2022102713	2025-09-07	2札幌6		5.0	3歳未勝利								古川吉洋		ダ1700				1:47.0	0.8		5-3-4-4	30.2-38.8	39.1	468(-10)																																															曇		14.0	4.0	5.0	8.1	4.0	6	57.0	稍	**	**		ドゥラエテルノ															
2022102735	2025-04-20	3中山8		3.0	3歳未勝利								北村友一		ダ1800				1:54.6	-0.2		7-6-4-4	35.9-40.4	39.5	526(0)				560.0															曇		12.0	6.0	7.0	22.7	5.0	1	57.0	良	**	**		(ライフゲート)																																											
2022102735	2025-05-03	2京都3		11.0	ユニコーンS(GIII)								岩田望来		ダ1900				2:04.6	7.8		10-10-11-13	29.8-36.6	43.6	518(-8)																			晴		13.0	5.0	7.0	67.3	10.0	13	57.0	稍	**	**		カナルビーグル																																											
2022102735	2025-07-06	2小倉4		12.0	3歳以上1勝クラス								内田博幸		ダ1700				1:47.0	1.6		15-15-16-14	29.8-37.9	38.0	508(-10)																			晴		16.0	2.0	3.0	22.2	8.0	10	55.0	良	**	**		ジューンエオス																																											
2022102735	2025-07-20	1函館12		12.0	3歳以上1勝クラス								黛弘人		ダ1700				1:46.5	0.9		4-6-8-8	30.0-38.7	38.9	500(-8)																			晴		13.0	7.0	10.0	13.1	8.0	7	55.0	良	**	**		オカメノコイ																																											
2022102735	2025-09-07	2札幌6		12.0	3歳以上1勝クラス								黛弘人		ダ1700				1:46.2	0.5		6-7-4-4	28.8-38.8	39.0	518(+18)				320.0															晴		14.0	4.0	5.0	4.3	2.0	2	55.0	稍	**	**		ジュンラトゥール																																											
2022102735	2025-09-27	4阪神8		6.0	3歳以上1勝クラス								川端海翼		ダ1800				1:53.3	0.8		3-3-4-4	37.5-37.5	38.0	512(-6)				80.0															晴		13.0	3.0	3.0	12.1	7.0	5	52.0	良	**	**		ストップヤーニング																																											
2022102735	2025-10-11	3京都3		9.0	3歳以上1勝クラス								古川奈穂		ダ1800				1:52.0	0.0		2-2-2-1	37.1-37.1	37.0	518(+6)				800.0															曇		12.0	4.0	4.0	3.6	2.0	1	53.0	良	**	**		(ゴールドダイアー)																																											
2022102735	2025-12-13	5中山3		8.0	3歳以上2勝クラス								プーシャ		ダ1800				1:55.7	1.4		1-1-1-1	37.5-38.5	39.9	510(-8)																			曇		15.0	4.0	6.0	9.6	5.0	10	57.0	良	**	**		ミライヘノカギ																																											
2022102735	2025-12-21	5阪神6		8.0	3歳以上2勝クラス								田口貫太		ダ1800				1:51.2	0.8		2-2-2-1	36.1-37.4	38.1	508(-2)				114.0															雨		15.0	3.0	4.0	20.7	6.0	5	57.0	重	**	**		デルアヴァー																																											
2022102735	2026-01-10	1中山3		8.0	4歳以上2勝クラス								古川奈穂		ダ1800				1:54.9	1.2		3-4-6-8	36.8-37.7	38.4	504(-4)																			晴		13.0	5.0	6.0	4.5	4.0	6	54.0	良	**	**		エクリプスルバン																																											
2022102735	2026-01-18	1京都7		10.0	大津特別(2勝クラス)								坂井瑠星		ダ1800				1:54.5	0.9		3-5-6-6	37.5-37.4	37.7	508(+4)																																																													晴		16.0	3.0	6.0	7.1	4.0	10	57.0	良	**	**		バッケンレコード	202608010710
2022102739	2024-11-02	6京都1		5.0	2歳新馬								国分恭介		ダ1400				1:25.6	0.9		7-7	34.9-37.8	37.5	434(0)				110.0	雨		16.0	1.0	2.0	65.7	11.0	4	55.0	不	**	**		ストップヤーニング																																																									
2022102739	2024-11-16	3福島5		2.0	2歳未勝利								国分恭介		ダ1700				1:49.6	1.0		14-14-9-8	31.0-38.8	38.7	434(0)				55.0	晴		15.0	4.0	7.0	13.9	6.0	5	55.0	良	**	**		マタミカンサン																																																									
2022102739	2024-12-07	7京都3		1.0	2歳未勝利								幸英明		ダ1400				1:28.3	0.0		3-3	36.6-38.6	38.3	432(-2)				220.0	晴		13.0	5.0	6.0	14.9	4.0	2	55.0	良	**	**		ヒミノエトワール																																																									
2022102739	2024-12-22	7京都8		1.0	2歳未勝利								国分恭介		ダ1400				1:26.3	0.2		11-9	35.3-38.2	37.6	428(-4)				220.0	曇		16.0	2.0	4.0	28.2	9.0	2	55.0	良	**	**		オリージネアリア																																																									
2022102739	2025-01-12	1中京4		2.0	3歳未勝利								幸英明		ダ1400				1:28.6	3.1		4-6	35.0-38.2	40.9	428(0)					曇		16.0	7.0	13.0	5.5	3.0	14	55.0	良	**	**		レーティッシュ																																																									
2022102739	2025-03-16	1阪神6		1.0	3歳未勝利								幸英明		ダ1200				1:14.7	1.7		12-6	35.9-37.1	37.6	432(+4)					小雨		16.0	4.0	7.0	13.8	5.0	6	55.0	稍	**	**		モンテディアーナ																																																									
2022102739	2025-03-29	2阪神1		1.0	3歳未勝利								団野大成		ダ1400				1:26.5	0.5		6-3	35.0-38.7	38.5	432(0)				140.0	晴		16.0	7.0	13.0	7.6	5.0	3	55.0	稍	**	**		リトルスカーレット																																																									
2022102739	2025-04-26	2京都1		1.0	3歳未勝利								団野大成		ダ1400				1:24.9	0.4		5-3	34.7-37.6	37.5	432(0)				220.0	晴		16.0	4.0	8.0	11.9	5.0	2	55.0	良	**	**		アメリカンポリス																																																									
2022102739	2025-05-10	2京都5		1.0	3歳未勝利								和田竜二		ダ1400				1:25.2	2.6		3-3	34.3-36.3	38.7	432(0)					曇		16.0	6.0	12.0	4.2	3.0	7	55.0	重	**	**		ステアハート																																																									
2022102739	2025-06-22	1函館4		2.0	3歳未勝利								国分恭介		ダ1700				1:44.9	0.0		8-7-6-3	28.8-37.7	37.2	426(-6)				220.0	曇		14.0	8.0	14.0	5.9	5.0	2	55.0	重	**	**		シェリルファミーユ																																																									
2022102739	2025-07-06	1函館8		3.0	3歳未勝利								武豊		ダ1700				1:46.6	1.0		11-10-6-6	29.2-38.1	38.3	428(+2)				56.0	曇		13.0	5.0	6.0	1.6	1.0	5	55.0	稍	**	**		ブレイクバウンズ																																																									
2022102739	2025-07-20	1函館12		2.0	3歳未勝利								武豊		ダ1700				1:46.2	-0.3		5-5-4-2	29.8-38.7	38.1	430(+2)				560.0	晴		13.0	5.0	6.0	3.0	1.0	1	55.0	良	**	**		(ペイシャキセキ)																																																									
2022102739	2025-08-09	1札幌5		8.0	3歳以上1勝クラス								武豊		ダ1700				1:45.5	-0.2		5-4-4-3	29.9-38.9	36.9	430(0)				800.0	晴		11.0	4.0	4.0	2.8	1.0	1	53.0	重	**	**		(エンプレスフレーム)																																																									
2022102739	2025-08-30	2札幌3		10.0	千歳特別(2勝クラス)								吉田隼人		ダ1700				1:46.1	3.2		8-9-9-7	29.3-37.6	39.9	438(+8)					曇		14.0	8.0	14.0	14.1	6.0	11	53.0	重	**	**		ベンヌ																																																									
2022102746	2024-11-23	6京都7		5.0	2歳新馬								Ｍ．デム		芝1600				1:35.7	0.1		3-3	35.8-35.1	34.9	460(0)				180.0	曇		11.0	8.0	11.0	11.0	5.0	3	56.0	良	**	**		ワイルデンウーリー																																																									
2022102746	2024-12-22	7京都8		2.0	2歳未勝利								Ｍ．デム		芝1600				1:35.0	0.2		13-13	34.9-36.1	34.9	462(+2)				220.0	曇		18.0	6.0	12.0	7.7	4.0	2	56.0	良	**	**		グラフィティアート																																																									
2022102746	2025-01-11	1中京3		12.0	3歳未勝利								Ｍ．デム		芝1600				1:37.0	0.9		16-16-15	35.3-36.2	35.6	462(0)					晴		16.0	2.0	3.0	4.9	2.0	7	57.0	良	**	**		マッドマックス																																																									
2022102746	2025-03-09	1阪神4		5.0	3歳未勝利								武豊		芝1600				1:35.2	1.3		5-6	35.5-34.4	35.3	458(-4)					晴		17.0	5.0	9.0	5.3	4.0	7	57.0	良	**	**		ホーリーノット																																																									
2022102746	2025-03-22	1阪神7		3.0	3歳未勝利								川又賢治		ダ1400				1:27.3	2.5		14-12	34.2-38.4	38.9	452(-6)					晴		16.0	8.0	16.0	25.4	7.0	9	57.0	良	**	**		ガビーズブラザー																																																									
2022102746	2025-06-07	3阪神1		3.0	3歳未勝利								川又賢治		芝1200				1:09.3	0.4		3-4	34.7-34.2	34.3	454(+2)				56.0	曇		16.0	3.0	6.0	14.9	6.0	5	57.0	良	**	**		コウセキ																																																									
2022102746	2025-06-28	2小倉1		7.0	3歳未勝利								坂井瑠星		芝1200				1:08.8	0.1		10-10	33.4-35.3	34.6	444(-10)				140.0	晴		15.0	8.0	14.0	6.0	2.0	3	57.0	良	**	**		ウインレオネッサ																																																									
2022102746	2025-07-12	2小倉5		6.0	3歳未勝利								坂井瑠星		芝1200				1:09.8	0.7		6-5	33.7-35.4	35.7	448(+4)					晴		18.0	5.0	10.0	2.3	1.0	6	57.0	良	**	**		ピアストイヤーズ																																																									
2022102746	2025-08-23	4中京1		4.0	3歳未勝利								川田将雅		芝1200				1:08.7	0.9		15-15	33.8-34.0	33.5	452(+4)					曇		18.0	7.0	15.0	10.8	6.0	9	57.0	良	**	**		ヤマニンレセディ																																																									
2022102746	2025-10-24	園田		9.0	C2一								吉村智洋		ダ1400				1:34.8	1.9		7-7-7-9		42.9	468(+16)					晴		9.0	5.0	5.0	2.7	2.0	7	57.0	良	**	**		ニシノオールマイト																																																									
2022102749	2024-11-30	5中山1		5.0	2歳新馬								三浦皇成		芝1200				1:09.0	0.0		11-9	34.3-34.7	33.6	400(0)				720.0																																											晴		16.0	3.0	5.0	58.3	11.0	1	55.0	良	**	**		(タケショウブラボー)															
2022102749	2025-02-15	1東京5		11.0	デイリー杯クイーンC(GIII)								キング		芝1600				1:34.1	1.9		10-9	34.2-35.0	35.9	392(-8)																																															晴		14.0	1.0	1.0	97.1	12.0	11	55.0	良	**	**		エンブロイダリー															
2022102749	2025-03-15	2中山5		11.0	アネモネS(L)								三浦皇成		芝1600				1:36.9	1.2		12-9-10	35.9-35.3	35.7	378(-14)																																															曇		12.0	6.0	7.0	99.6	11.0	12	55.0	良	**	**		トワイライトシティ															
2022102749	2025-05-24	1新潟7		9.0	はやぶさ賞(1勝クラス)								佐々木大		芝1000				0:56.8	1.5		10	33.4-32.6	33.3	382(+4)																																															小雨		15.0	4.0	7.0	42.6	9.0	11	55.0	良	**	**		ゼンダンタカ															
2022102749	2025-07-19	1函館11		12.0	3歳以上1勝クラス								鷲頭虎太		芝1200				1:09.6	1.2		12-12	33.4-35.0	34.9	390(+8)																																															晴		16.0	7.0	13.0	24.9	7.0	13	50.0	良	**	**		マジカルフェアリー															
2022102749	2025-08-10	1札幌6		7.0	3歳以上1勝クラス								浜中俊		芝1200				1:10.5	1.8		12-12	33.6-35.1	35.5	404(+14)																																															曇		15.0	3.0	4.0	72.2	12.0	11	54.0	良	**	**		キントラダンサー															
2022102749	2025-09-07	4中山2		12.0	3歳以上1勝クラス								吉田豊		芝1200				1:09.8	1.0		14-14	35.1-33.7	33.8	390(-14)																																															晴		16.0	7.0	13.0	152.5	13.0	16	54.0	良	**	**		ユキノエミリオ															
2022102749	2025-11-15	3福島3		7.0	3歳以上1勝クラス								水沼元輝		芝1200				1:10.7	1.4		14-15	34.4-34.9	35.3	378(-12)																																															晴		16.0	2.0	3.0	280.3	16.0	14	52.0	良	**	**		クインズスピカ															
2022102763	2024-11-03	5東京2		5.0	2歳新馬								佐々木大		芝1800				1:52.3	2.0		5-6-5	38.5-33.5	35.1	486(0)																																	晴		12.0	6.0	8.0	96.9	8.0	11	56.0	良	**	**		レイニング																													
2022102763	2024-11-09	5東京3		2.0	2歳未勝利								佐々木大		芝1600				1:36.8	2.1		9-9	35.5-34.7	35.6	484(-2)																																	晴		13.0	5.0	6.0	158.0	9.0	12	56.0	良	**	**		ツインピークス																													
2022102763	2024-12-28	5中山9		2.0	2歳未勝利								野中悠太		ダ1800				2:05.3	8.9		8-9-16-16	38.0-39.8	46.3	490(+6)																																	晴		16.0	7.0	13.0	240.9	13.0	16	56.0	良	**	**		オストラヴァ																													
2022102763	2025-07-12	2福島5		4.0	3歳未勝利								原優介		芝2000				2:16.7	13.0		12-16-16-16	37.1-36.6	45.4	482(-8)																																	曇		16.0	7.0	13.0	203.7	15.0	16	57.0	良	**	**		ポッポノフェスタ																													
2022102763	2025-08-27	門別		7.0	新ひだか建設協会賞(C4)								石川倭		ダ1000				1:03.0	-0.2		3-3		38.2	484(+2)				40.0																													晴		11.0	6.0	7.0	1.8	1.0	1	57.0	良	**	**		(イマーシブ)																													
2022102763	2025-09-11	門別		9.0	農業大事じゃあーりま(C3)								落合玄太		ダ1200				1:16.2	1.3		2-1		40.0	490(+6)				5.6																													曇		9.0	5.0	5.0	12.6	5.0	4	57.0	良	**	**		アーロッタレット																													
2022102763	2025-09-24	門別		7.0	3歳以上C3ー2C4								小杉亮		ダ1200				1:17.0	1.9		7-9		39.2	496(+6)																																	曇		12.0	6.0	7.0	33.2	7.0	9	57.0	良	**	**		トゥスイート																													
2022102763	2025-10-08	門別		8.0	サンゴソウ特別(C3)								石川倭		ダ1200				1:15.6	-1.0		2-2		39.6	496(0)				55.0																													晴		10.0	4.0	4.0	10.8	5.0	1	57.0	良	**	**		(スズロビンソン)																													
2022102763	2025-10-14	門別		9.0	ホクレンSS特別(C2)								宮内勇樹		ダ1200				1:15.8	1.5		1-1		40.3	500(+4)																																	晴		11.0	2.0	2.0	31.4	5.0	7	57.0	稍	**	**		アーロッタレット																													
2022102763	2025-10-28	門別		10.0	グランシャリオドリー(C2)								宮内勇樹		ダ1200				1:16.3	1.9		3-4		39.7	504(+4)																																	晴		12.0	1.0	1.0	92.9	8.0	9	57.0	稍	**	**		ウインドファルクス																													
2022102763	2025-11-11	門別		10.0	グランシャリオドリー(C2)								宮内勇樹		ダ1200				1:14.9	-0.3		2-2		38.7	504(0)				55.0																													曇		15.0	7.0	13.0	12.2	7.0	1	57.0	稍	**	**		(バルジール)																													
2022102763	2026-01-17	1中山6		6.0	4歳以上1勝クラス								佐々木大		ダ1200				1:19.0	7.1		5-11	34.3-37.6	44.3	506(+2)																																	晴		16.0	8.0	15.0	93.5	15.0	16	58.0	良				メッエフアパラ																													
2022102767	2025-01-13	1中山5	晴	5.0	3歳新馬		16.0	3.0	5.0	13.8	7.0	14	キング	55.0	ダ1200		良	**	1:18.1	3.9	**	11-12	34.8-39.4	41.7	500(0)			アドバンテスロード																																																																								
2022102767	2025-01-25	1中京8	晴	5.0	3歳未勝利		18.0	7.0	13.0	357.1	16.0	18	秋山稔樹	55.0	芝1400		良	**	1:26.1	4.0	**	11-12	34.7-35.3	38.1	492(-8)			チムグクル																																																																								
2022102767	2025-04-06	2阪神4	晴	1.0	3歳未勝利		16.0	5.0	10.0	336.8	13.0	11	松若風馬	55.0	ダ1200		良	**	1:15.4	2.0	**	13-12	35.5-37.9	37.7	488(-4)			バシリス																																																																								
2022102767	2025-04-19	3中山7	晴	1.0	3歳未勝利		14.0	1.0	1.0	183.1	13.0	13	松岡正海	55.0	ダ1200		良	**	1:15.2	3.3	**	11-11	34.8-37.1	38.7	482(-6)			ドナカルナバル																																																																								
2022102767	2025-05-23	名古屋	曇	2.0	3歳10組		12.0	6.0	8.0	18.3	4.0	11	今井貴大	55.0	ダ1500		良	**	1:46.0	7.1	**	7-10-11		47.2	490(+8)			タガノビギニング																																																																								
2022102767	2025-06-27	名古屋	晴	3.0	3歳11組		12.0	2.0	2.0	160.5	12.0	11	加藤誓二	55.0	ダ1500		重	**	1:41.7	3.7	**	10-12-11		43.4	474(-16)			タランチュラ																																																																								
2022102767	2025-07-11	名古屋	晴	2.0	名古屋モーニングフィ(3歳)		12.0	3.0	3.0	164.8	12.0	11	加藤誓二	55.0	ダ1500		良	**	1:41.5	3.7	**	12-12-10		41.8	478(+4)			ウエスタンクリス																																																																								
2022102767	2025-07-25	名古屋	晴	3.0	3歳18組		10.0	8.0	11.0	148.3	10.0	10	加藤誓二	55.0	ダ1400		良	**	1:34.5	3.6	**	4-2-6		42.2	470(-8)			ラブスノー																																																																								
2022102767	2025-08-22	名古屋	晴	1.0	名古屋モーニングフィ(3歳)		11.0	5.0	5.0	128.6	9.0	6	加藤誓二	55.0	ダ1400		良	**	1:35.1	3.0	**	9-8-8		40.7	478(+8)			ルミナスルビー																																																																								
2022102767	2025-09-05	名古屋	小雨	1.0	名古屋モーニングフィ(3歳)		12.0	8.0	12.0	17.1	6.0	3	細川智史	55.0	ダ920		不	**	0:58.7	0.9	**	3		38.5	475(-3)			ジョーテルプジ	11.0																																																																							
2022102767	2025-09-18	名古屋	晴	4.0	3歳13組		12.0	6.0	7.0	165.8	11.0	11	加藤誓二	55.0	ダ1500		良	**	1:42.9	5.0	**	11-12-12		43.1	476(+1)			オッシレイション																																																																								
2022102767	2025-10-02	名古屋	晴	2.0	3歳15組		12.0	7.0	10.0	398.9	12.0	11	加藤誓二	55.0	ダ1500		良	**	1:41.9	3.7	**	11-12-12		42.3	476(0)			カフジアッサム																																																																								
2022102767	2025-10-14	名古屋	小雨	7.0	C25組		12.0	8.0	11.0	132.2	11.0	11	加藤誓二	55.0	ダ1500		良	**	1:42.6	4.2	**	11-11-11		42.8	476(0)			グールマン																																																																								
2022102767	2025-10-28	名古屋	晴	5.0	C27組		12.0	8.0	12.0	84.7	9.0	6	細川智史	55.0	ダ1500		稍	**	1:40.9	1.2	**	7-5-6		42.5	480(+4)			エストソール																																																																								
2022102767	2025-11-07	名古屋	晴	5.0	C34組		11.0	2.0	2.0	116.9	11.0	11	加藤誓二	55.0	ダ1400		良	**	1:36.5	4.4	**	7-8-11		42.8	482(+2)			オイナリサン																																																																								
2022102767	2025-12-04	名古屋	曇	2.0	C27組		12.0	3.0	3.0	236.2	12.0	12	加藤誓二	55.0	ダ1500		稍	**	1:42.6	3.3	**	11-10-11		42.4	480(-2)			グルーヴィデザイン																																																																								
2022102767	2025-12-18	名古屋	晴	8.0	まい上がれ!しゃちひ(C)		12.0	7.0	9.0	137.5	11.0	11	加藤誓二	55.0	ダ1500		稍	**	1:44.8	6.1	**	9-8-11		46.1	481(+1)			アグネス																																																																								
2022102767	2026-01-01	名古屋	晴	2.0	麗春牝馬(C)		12.0	6.0	8.0	64.8	9.0	10	加藤誓二	55.0	ダ1500		良	**	1:43.0	2.7	**	7-8-9		44.4	483(+2)			アイルフィレール																																																																								
2022102767	2026-01-13	名古屋	曇	1.0	C33組		11.0	4.0	4.0	118.6	11.0	6	加藤誓二	55.0	ダ1500		良		1:41.8	2.2		9-8-6		42.0	483(0)			アーマードトラック																																																																								
2022102811	2024-07-13	2福島5		6.0	2歳新馬								嶋田純次		芝1200				1:10.8	0.3		2-2	35.1-35.4	35.5	426(0)				110.0	晴		8.0	8.0	8.0	3.8	2.0	4	55.0	良	**	**		キタノクニカラ																																																									
2022102811	2024-07-28	2新潟2		1.0	2歳未勝利								原優介		芝1400				1:21.6	1.0		8-6	33.9-35.2	35.6	420(-6)					曇		11.0	2.0	2.0	40.7	8.0	6	54.0	良	**	**		アーリントンロウ																																																									
2022102811	2024-10-14	4新潟4		2.0	2歳未勝利								大江原比		芝1400				1:23.0	0.5		16-16	34.0-36.7	35.7	426(+6)				83.0	晴		18.0	3.0	5.0	23.7	8.0	4	51.0	良	**	**		サンナイアガラ																																																									
2022102811	2024-10-26	4新潟7		6.0	2歳未勝利								長浜鴻緒		芝1600				1:36.3	1.2		13-13	36.0-34.3	34.6	424(-2)					晴		15.0	2.0	2.0	33.0	9.0	9	52.0	良	**	**		マイスターヴェルク																																																									
2022102811	2024-12-22	5中山8		1.0	2歳未勝利								嶋田純次		ダ1200				1:15.4	3.3		4-6	34.0-38.1	41.1	432(+8)					晴		16.0	5.0	10.0	33.1	4.0	13	55.0	良	**	**		エコロヴァイス																																																									
2022102811	2025-03-16	2中京2		5.0	3歳未勝利								横山琉人		芝1400				1:25.5	1.5		18-17	34.2-37.4	35.2	430(-2)					曇		18.0	6.0	12.0	22.0	8.0	12	54.0	重	**	**		ラミアメンテ																																																									
2022102811	2025-04-20	3中山8		4.0	3歳未勝利								内田博幸		芝2000				2:00.6	0.9		14-15-14-14	36.3-34.6	34.2	418(-12)					曇		16.0	2.0	4.0	100.2	10.0	10	55.0	良	**	**		ルトンワージ																																																									
2022102811	2025-08-18	浦和		6.0	ティータイムレディー(3歳)								見越彬央		ダ1400				1:32.9	3.3		11-10-10-10	37.2-39.9	41.8	433(+15)					曇		12.0	6.0	7.0	5.0	2.0	11	53.0	良	**	**		キャッスルエール																																																									
2022102811	2025-09-24	浦和		1.0	ランチタイムチャレン(3歳)								秋元耕成		ダ1400				1:31.5	1.7		12-12-7-5	37.9-38.5	39.0	443(+10)				16.0	晴		12.0	6.0	8.0	55.9	7.0	5	54.0	良	**	**		エコロスヴァル																																																									
2022102811	2025-10-31	浦和		3.0	C2十　11								秋元耕成		ダ1400				1:30.7	0.5		6-6-3-2	37.6-38.9	39.1	445(+2)				25.0	曇		10.0	7.0	7.0	33.1	6.0	3	54.0	稍	**	**		デイジーカプシーヌ																																																									
2022102811	2025-11-27	浦和		2.0	ランチタイムチャレン(C2)								西啓太		ダ1400				1:31.3	-0.5		12-12-6-4	37.8-39.9	38.6	445(0)				100.0	晴		13.0	8.0	13.0	7.8	4.0	1	54.0	良	**	**		(ペプチドスパークル)																																																									
2022102811	2025-12-23	浦和		5.0	市制施行71周年!東(C2)								秋元耕成		ダ1500				1:38.9	0.5		10-6-3-2	32.1-39.0	39.4	435(-10)				25.0	曇		12.0	7.0	9.0	17.5	7.0	3	54.0	良	**	**		ファイアスター																																																									
2022102811	2026-01-07	浦和		2.0	ランチタイムチャレン(C2)								秋元耕成		ダ1400				1:32.0	2.2		10-8-3-4	38.5-38.1	39.8	438(+3)					曇		12.0	7.0	10.0	10.0	6.0	6	54.0	稍	**	**		ソレイケドンチャン																																																									
2022102819	2024-06-23	1函館6		5.0	2歳新馬								大野拓弥		芝1200				1:10.5	0.7		5-5	34.9-34.9	35.0	474(0)				180.0																																											曇		5.0	1.0	1.0	22.6	5.0	3	55.0	良	**	**		ヤンキーバローズ															
2022102819	2024-07-06	1函館9		1.0	2歳未勝利								大野拓弥		芝1200				1:11.6	0.4		3-4	36.6-34.6	34.8	472(-2)				83.0																																											曇		7.0	4.0	4.0	25.9	6.0	4	55.0	良	**	**		ラパンチュール															
2022102819	2024-10-06	4新潟2		1.0	2歳未勝利								丹内祐次		ダ1200				1:12.0	0.1		3-3	34.7-37.2	36.9	484(+12)				220.0																																											晴		14.0	8.0	14.0	2.9	2.0	2	56.0	稍	**	**		ブラックトルネード															
2022102819	2024-10-19	4新潟5		3.0	2歳未勝利								佐々木大		ダ1200				1:12.1	-0.3		1-1	35.4-36.7	36.7	490(+6)				550.0																																											曇		12.0	6.0	8.0	1.3	1.0	1	56.0	良	**	**		(ビーマックス)															
2022102819	2024-12-14	4中京5		9.0	報知杯中京2歳S(OP)								丸山元気		芝1200				1:10.4	1.3		2-2	35.1-34.0	35.2	492(+2)																																															晴		11.0	8.0	11.0	107.8	9.0	8	56.0	良	**	**		アメリカンステージ															
2022102819	2025-01-19	1中山7		6.0	3歳1勝クラス								丸山元気		ダ1200				1:13.4	1.7		7-6	34.3-37.4	38.3	498(+6)																																															曇		16.0	7.0	14.0	13.4	5.0	8	57.0	良	**	**		エコロアゼル															
2022102819	2025-02-08	1東京3		7.0	3歳1勝クラス								大野拓弥		ダ1400				1:28.9	2.6		7-8	35.2-38.6	39.8	498(0)																																															晴		14.0	8.0	14.0	65.6	10.0	13	57.0	良	**	**		アパッシメント															
2022102819	2025-05-04	2東京4		6.0	3歳1勝クラス								内田博幸		ダ1400				1:27.2	3.2		10-10	35.1-36.9	38.9	490(-8)																																															晴		16.0	1.0	1.0	326.6	16.0	12	57.0	稍	**	**		ハリーケーン															
2022102819	2025-05-24	1新潟7		9.0	はやぶさ賞(1勝クラス)								丸山元気		芝1000				0:57.9	2.6		8	33.4-32.6	34.5	488(-2)																																															小雨		15.0	1.0	1.0	100.6	12.0	14	57.0	良	**	**		ゼンダンタカ															
2022102819	2025-10-25	4新潟3		7.0	3歳以上1勝クラス								丸山元気		ダ1200				1:14.8	3.3		5-5	34.7-36.8	39.4	508(+20)																																															晴		14.0	8.0	13.0	45.5	10.0	13	57.0	良	**	**		サンライズプルート															
2022102828	2024-10-06	5京都2		3.0	2歳新馬								池添謙一		ダ1800				1:58.0	1.5		4-3-5-5	37.8-37.5	38.8	484(0)				180.0															晴		16.0	5.0	9.0	5.8	2.0	3	56.0	良	**	**		ステイクオール																																											
2022102828	2024-10-27	5京都8		2.0	2歳未勝利								池添謙一		ダ1800				1:55.8	2.1		3-3-5-5	37.3-39.1	40.3	484(0)																			晴		13.0	3.0	3.0	10.0	5.0	7	56.0	良	**	**		コシュデリ																																											
2022102828	2024-11-30	7京都1		2.0	2歳未勝利								角田大和		ダ1400				1:28.5	1.9		13-13	36.3-37.7	37.5	480(-4)																			晴		13.0	6.0	8.0	28.4	8.0	8	56.0	稍	**	**		セディバン																																											
2022102828	2024-12-15	7京都6		2.0	2歳未勝利								池添謙一		ダ1400				1:27.2	1.4		8-8	35.7-37.5	37.9	480(0)				83.0															晴		16.0	6.0	12.0	38.0	5.0	4	56.0	良	**	**		シホノペルフェット																																											
2022102828	2025-03-16	2中京2		3.0	3歳未勝利								池添謙一		ダ1400				1:25.9	2.4		3-4	35.0-36.2	38.4	490(+10)																			曇		16.0	7.0	13.0	12.9	5.0	6	57.0	重	**	**		ハードセルツァー																																											
2022102828	2025-03-30	2阪神2		3.0	3歳未勝利								池添謙一		ダ1800				1:56.1	0.5		9-9-7-7	37.3-38.7	38.3	488(-2)				140.0															晴		9.0	4.0	4.0	12.6	5.0	3	57.0	良	**	**		アートレスマインド																																											
2022102828	2025-04-20	2阪神8		3.0	3歳未勝利								池添謙一		ダ1800				1:56.6	0.5		5-7-8-7	38.4-38.6	38.5	490(+2)				84.0															曇		16.0	7.0	13.0	5.8	4.0	4	57.0	良	**	**		スパイラルビジョン																																											
2022102828	2025-05-10	1新潟3		2.0	3歳未勝利								酒井学		ダ1800				1:56.3	0.7		8-6-7-7	37.7-38.6	38.4	498(+8)				220.0															曇		15.0	7.0	12.0	4.9	3.0	2	57.0	稍	**	**		チュラビックタイム																																											
2022102828	2025-06-21	1函館3		3.0	3歳未勝利								横山和生		ダ1700				1:47.0	0.9		10-10-4-4	29.7-38.4	39.0	502(+4)				220.0															晴		13.0	6.0	9.0	2.9	1.0	2	57.0	良	**	**		サンライズバレット																																											
2022102828	2025-07-05	1函館7		6.0	3歳未勝利								池添謙一		ダ1700				1:44.6	-0.5		2-2-2-2	29.8-37.7	37.4	502(0)				560.0															晴		12.0	6.0	8.0	2.9	1.0	1	57.0	重	**	**		(ザハント)																																											
2022102828	2025-07-19	1函館11		8.0	3歳以上1勝クラス								池添謙一		ダ1700				1:46.4	0.7		5-4-3-6	30.4-37.4	37.9	500(-2)																			晴		10.0	4.0	4.0	5.6	3.0	6	55.0	良	**	**		ライフゲート																																											
2022102828	2025-08-10	1札幌6		8.0	3歳以上1勝クラス								池添謙一		ダ1700				1:46.2	-0.2		3-3-2-2	31.1-37.2	37.1	502(+2)				800.0															曇		9.0	4.0	4.0	3.4	1.0	1	55.0	稍	**	**		(アーロンイメル)																																											
2022102828	2025-11-15	3福島3		10.0	西郷特別(2勝クラス)								川又賢治		ダ1700				1:47.6	1.7		8-10-4-7	30.8-37.1	38.4	504(+2)																			晴		15.0	4.0	7.0	22.8	8.0	11	54.0	良	**	**		テーオールビー																																											
2022102828	2025-12-21	5阪神6		8.0	3歳以上2勝クラス								池添謙一		ダ1800				1:53.6	3.2		3-5-4-4	36.1-37.4	40.3	504(0)																			雨		15.0	6.0	10.0	26.5	7.0	14	57.0	重	**	**		デルアヴァー																																											
2022102828	2026-01-18	1京都7		10.0	大津特別(2勝クラス)								角田大和		ダ1800				1:54.3	0.7		6-6-6-6	37.5-37.4	37.5	514(+10)																																																													晴		16.0	2.0	4.0	41.5	8.0	9	57.0	良	**	**		バッケンレコード	202608010710
2022102834	2024-12-22	5中山8		5.0	2歳新馬								丸田恭介		ダ1200				1:15.5	2.3		4-4	35.2-38.0	40.0	494(0)				180.0	晴		16.0	3.0	6.0	76.5	11.0	3	55.0	良	**	**		シュヴァルボヌール																																																									
2022102834	2025-01-13	1中山5		1.0	3歳未勝利								丸田恭介		ダ1200				1:14.6	2.0		4-4	34.4-38.2	39.8	492(-2)					晴		16.0	8.0	16.0	77.0	9.0	8	55.0	良	**	**		カウスリップ																																																									
2022102834	2025-02-22	1東京7		1.0	3歳未勝利								内田博幸		ダ1400				1:29.3	2.4		8-8	37.8-36.1	37.8	488(-4)					晴		16.0	7.0	14.0	163.0	13.0	12	55.0	良	**	**		フィザルモニカ																																																									
2022102834	2025-04-27	1福島6		1.0	3歳未勝利								小林脩斗		ダ1150				1:10.7	1.9		7-7	32.0-36.8	38.0	472(-16)				56.0	晴		16.0	7.0	14.0	157.9	13.0	5	55.0	良	**	**		フェデルミエール																																																									
2022102834	2025-05-10	1新潟3		3.0	3歳未勝利								小林脩斗		ダ1200				1:14.6	1.7		11-12	35.3-37.6	38.3	480(+8)					曇		15.0	7.0	13.0	164.3	12.0	14	55.0	稍	**	**		オースミライト																																																									
2022102834	2025-06-15	3東京4		1.0	3歳未勝利								小林脩斗		ダ1400				1:26.6	2.3		4-3	34.8-37.3	39.4	486(+6)					小雨		16.0	1.0	1.0	23.6	6.0	14	55.0	重	**	**		キカオクベシ																																																									
2022102878	2024-06-30	1函館8		5.0	2歳新馬								菱田裕二		芝1800				1:51.6	0.7		6-7-9-8	36.5-36.1	35.9	446(0)					曇		11.0	5.0	5.0	23.4	8.0	6	55.0	良	**	**		ゴーゴータカシ																																																									
2022102878	2024-08-18	2札幌4		1.0	2歳未勝利								佐々木大		芝1500				1:30.5	0.8		3-2-2	29.2-36.3	37.0	442(-4)					曇		9.0	8.0	9.0	10.9	5.0	7	55.0	良	**	**		オーケースマイル																																																									
2022102878	2024-08-24	2札幌5		1.0	2歳未勝利								長浜鴻緒		芝1200				1:10.9	1.2		4-4	35.0-34.7	35.5	440(-2)				55.0	晴		7.0	7.0	7.0	22.1	4.0	5	52.0	良	**	**		ロードヴェルト																																																									
2022102878	2024-08-31	2札幌7		1.0	2歳未勝利								高杉吏麒		芝1200				1:11.9	0.5		7-6	35.3-36.1	35.9	446(+6)				140.0	曇		13.0	4.0	5.0	23.9	6.0	3	52.0	重	**	**		オイランブチ																																																									
2022102878	2024-12-22	5中山8		3.0	2歳未勝利								戸崎圭太		芝1200				1:10.1	0.3		7-6	33.5-36.3	36.1	448(+2)					晴		16.0	1.0	2.0	52.4	12.0	6	55.0	良	**	**		ミクストベリーズ																																																									
2022102878	2025-01-13	1中山5		7.0	3歳1勝クラス								長浜鴻緒		芝1200				1:10.7	1.4		9-8	34.7-34.6	34.9	446(-2)					晴		11.0	2.0	2.0	86.0	9.0	8	52.0	良	**	**		モジャーリオ																																																									
2022102878	2025-02-09	1小倉6		6.0	3歳未勝利								石神深道		芝1200				1:11.0	0.5		13-12	33.8-36.7	35.6	446(0)				220.0	晴		17.0	3.0	5.0	41.6	10.0	2	52.0	稍	**	**		アーサーズウェイン																																																									
2022102878	2025-02-22	1小倉9		7.0	3歳未勝利								石神深道		芝1200				1:09.6	0.9		14-12	33.8-34.9	34.6	446(0)					曇		18.0	3.0	6.0	17.1	6.0	8	52.0	良	**	**		ウインマスカレード																																																									
2022102878	2025-04-12	1福島1		6.0	3歳未勝利								石神深道		芝1200				1:09.5	1.1		7-6	33.2-35.2	35.4	444(-2)				56.0	曇		16.0	7.0	13.0	35.4	8.0	5	52.0	良	**	**		カランダッシュ																																																									
2022102878	2025-05-03	1新潟1		5.0	3歳未勝利								長浜鴻緒		芝1400				1:22.9	0.4		3-3	34.1-36.5	36.7	438(-6)				220.0	晴		16.0	6.0	12.0	41.9	10.0	2	53.0	良	**	**		マーゴットカーラ																																																									
2022102878	2025-05-24	1新潟7		7.0	3歳未勝利								佐々木大		芝1400				1:23.9	0.9		6-7	34.6-36.2	36.6	440(+2)					曇		16.0	2.0	3.0	7.2	4.0	7	55.0	良	**	**		クリールスル																																																									
2022102878	2025-06-26	園田		8.0	3歳C1								高橋愛叶		ダ1230				1:21.7	-0.5		3-3-3-2		40.9	439(-1)				80.0	曇		11.0	5.0	5.0	2.3	1.0	1	53.0	重	**	**		(ヴィタコンパーニ)																																																									
2022102878	2025-07-16	園田		7.0	C2一								高橋愛叶		ダ1400				1:32.9	-0.2		2-2-1-1		39.2	440(+1)				70.0	晴		8.0	5.0	5.0	1.8	1.0	1	53.0	稍	**	**		(シナモンショコラ)																																																									
2022102878	2025-08-08	園田		10.0	北風ミシェル☆来場記(C1)								高橋愛叶		ダ1400				1:32.6	0.6		3-3-3-3		41.3	443(+3)				11.0	曇		10.0	6.0	6.0	6.0	3.0	5	53.0	重	**	**		イザグリーンライト																																																									
2022102878	2025-11-09	3福島2		12.0	3歳以上1勝クラス								舟山瑠泉		芝1200				1:09.5	0.4		8-7	33.8-35.3	35.0	452(+9)				200.0	小雨		16.0	4.0	8.0	49.6	11.0	3	52.0	良	**	**		バンディート																																																									
2022102878	2025-11-22	3福島5		12.0	3歳以上1勝クラス								舟山瑠泉		芝1200				1:09.5	0.4		7-7	34.3-34.8	34.4	454(+2)					晴		16.0	5.0	9.0	20.7	11.0	9	52.0	良	**	**		ガットネロ																																																									
2022102880	2024-08-29	船橋		3.0	ハイビスカスデビュー(2歳)								澤田龍哉		ダ1000				1:02.7	-1.3		2-2	36.1-38.6	38.5	435(0)				410.0																																											曇		6.0	5.0	5.0	1.2	1.0	1	54.0	良	**	**		(ロイヤルジョダーナ)															
2022102880	2024-09-24	船橋		2.0	2歳二								澤田龍哉		ダ1200				1:18.0	2.2		3-3-3	37.4-38.4	40.3	426(-9)																																															晴		8.0	7.0	7.0	7.8	4.0	6	54.0	良	**	**		ウィルシャイン															
2022102880	2025-01-20	船橋		4.0	3歳二								澤田龍哉		ダ1200				1:16.6	2.7		8-7-8	35.4-38.5	40.1	442(+16)																																															晴		12.0	5.0	6.0	40.8	8.0	9	56.0	稍	**	**		ジョイフルロック															
2022102880	2025-02-10	船橋		2.0	3歳二								澤田龍哉		ダ1200				1:15.9	1.0		8-8-7	36.5-38.4	38.1	435(-7)				30.0																																											晴		9.0	8.0	10.0	44.3	6.0	4	56.0	良	**	**		リュウノコルサ															
2022102880	2025-03-10	船橋		2.0	3歳三								澤田龍哉		ダ1200				1:17.3	0.9		9-8-8	37.4-39.0	37.9	430(-5)				50.0																																											晴		10.0	7.0	8.0	4.7	3.0	3	56.0	稍	**	**		ヒーサマウィン															
2022102880	2025-03-31	船橋		3.0	パドックビジョンは両(3歳)								澤田龍哉		ダ1500				1:39.0	1.1		2-2-2-2	32.3-38.8	39.5	425(-5)				39.0																																											曇		11.0	8.0	11.0	15.3	7.0	4	56.0	良	**	**		トールハンマー															
2022102880	2025-05-06	船橋		8.0	カザグルマ賞(3歳)								椿聡太		ダ1500				1:39.1	2.7		8-8-9-11	31.6-39.6	41.2	428(+3)																																															雨		12.0	1.0	1.0	28.6	9.0	9	53.0	不	**	**		ヒラボクラフィット															
2022102880	2025-05-13	川崎		3.0	大瑠璃賞(3歳)								澤田龍哉		ダ1500				1:39.4	0.3		6-5-5-6	29.5-42.8	42.7	420(-8)				100.0																																											晴		12.0	6.0	7.0	10.2	6.0	2	56.0	重	**	**		アドルナティック															
2022102880	2025-06-04	船橋		7.0	手賀沼特別(3歳)								澤田龍哉		ダ1500				1:38.5	0.4		9-9-12-10	30.2-41.9	40.5	421(+1)				37.5																																											晴		12.0	4.0	4.0	18.1	8.0	4	56.0	重	**	**		マキシマムパワー															
2022102880	2025-08-27	船橋		10.0	灯籠賞(C1七)								澤田龍哉		ダ1600				1:43.4	1.0		6-7-7-6	38.2-38.9	38.4	418(-3)				12.0																																											晴		13.0	5.0	6.0	14.5	6.0	5	55.0	良	**	**		シーニックビュー															
2022102880	2025-09-29	船橋		9.0	オリオンビール×新潟(C1)								澤田龍哉		ダ1500				1:39.4	3.4		8-8-9-9	32.5-38.3	39.9	419(+1)																																															晴		12.0	6.0	8.0	9.0	3.0	10	55.0	良	**	**		キープカミング															
2022102880	2025-11-03	船橋		6.0	感動の、渦になれ。記(C1)								澤田龍哉		ダ1500				1:39.6	1.8		8-7-10-10	32.5-40.5	40.9	426(+7)				12.0																																											晴		12.0	2.0	2.0	115.5	9.0	5	56.0	稍	**	**		シュヴァルノワール															
2022102880	2025-12-08	船橋		8.0	馬い!八丈西浜レモン(C1)								澤田龍哉		ダ1500				1:39.1	2.1		5-5-6-6	33.1-38.6	40.3	434(+8)																																															晴		12.0	4.0	4.0	10.4	6.0	6	56.0	良	**	**		サンダーバローズ															
2022102881	2024-12-14	7京都5	曇	6.0	2歳新馬		14.0	1.0	1.0	5.2	2.0	7	松山弘平	55.0	ダ1200		良	**	1:15.6	2.4	**	5-5	36.4-36.8	38.5	476(0)			ペイシャヴァルツー																																																																								
2022102881	2025-01-11	1中京3	晴	1.0	3歳未勝利		16.0	4.0	7.0	143.6	14.0	10	橋木太希	52.0	ダ1800		良	**	1:56.0	2.2	**	11-11-13-12	36.2-38.9	39.7	476(0)			エンマ																																																																								
2022102881	2025-04-06	2阪神4	晴	1.0	3歳未勝利		16.0	4.0	7.0	59.9	10.0	9	橋木太希	52.0	ダ1200		良	**	1:15.0	1.6	**	12-12	35.5-37.9	37.5	476(0)			バシリス																																																																								
2022102881	2025-05-11	高知	小雨	1.0	3歳ー6		10.0	7.0	8.0	1.6	1.0	2	多田羅誠	55.0	ダ1600		不	**	1:48.4	0.0	**	6-6-6-4		39.2	470(-6)			エクセルステート	24.0																																																																							
2022102881	2025-05-25	高知	晴	1.0	3歳ー5		11.0	7.0	9.0	2.1	1.0	2	上田将司	55.0	ダ1300		不	**	1:25.4	0.4	**	5-5-4-4		39.8	474(+4)			ベルヴィオレット	24.0																																																																							
2022102881	2025-06-08	高知	曇	1.0	3歳ー4		11.0	8.0	10.0	4.0	2.0	3	多田羅誠	55.0	ダ1400		稍	**	1:32.9	0.7	**	6-6-6-5		39.7	472(-2)			コパノディラン	15.0																																																																							
2022102881	2025-07-06	高知	晴	2.0	3歳ー6		7.0	6.0	6.0	7.9	4.0	2	岡村卓弥	55.0	ダ1600		良	**	1:48.1	0.1	**	2-2-2-2		39.8	476(+4)			ケーニッヒブルート	24.0																																																																							
2022102881	2025-07-20	高知	晴	3.0	3歳ー6		11.0	5.0	5.0	4.9	2.0	1	上田将司	55.0	ダ1600		不	**	1:45.6	-0.6	**	2-2-2-2		39.9	469(-7)			(ケンザン)	60.0																																																																							
2022102881	2025-08-02	高知	晴	1.0	3歳ー7		9.0	1.0	1.0	6.6	3.0	3	多田羅誠	55.0	ダ1600		良	**	1:49.4	0.5	**	3-1-1-1		41.4	466(-3)			ケーニッヒブルート	15.0																																																																							
2022102881	2025-09-14	高知	晴	7.0	3歳ー4		12.0	2.0	2.0	2.4	2.0	4	宮川実	55.0	ダ1400		重	**	1:32.4	1.3	**	1-1-1-3		40.1	468(+2)			ワイドレッド	9.0																																																																							
2022102881	2025-09-27	高知	曇	2.0	えひめ道後特別(3歳)		10.0	7.0	7.0	7.7	3.0	7	宮川実	55.0	ダ1300		不	**	1:26.5	2.3	**	6-7-8-8		39.6	466(-2)			トウカイクレオス																																																																								
2022102881	2025-10-12	高知	曇	9.0	C3ー16		10.0	2.0	2.0	6.8	4.0	3	宮川実	55.0	ダ1600		稍	**	1:47.8	1.1	**	3-3-4-3		40.7	468(+2)			リケアブラック	15.0																																																																							
2022102881	2025-10-26	高知	晴	1.0	C3ー19		10.0	1.0	1.0	2.8	1.0	6	宮川実	55.0	ダ1600		不	**	1:47.7	2.2	**	2-2-2-5		41.5	468(0)			アーベントゾンネ																																																																								
2022102881	2025-11-09	高知	晴	9.0	C3ー14		10.0	5.0	5.0	15.0	6.0	6	近藤翔月	52.0	ダ1400		不	**	1:30.3	1.7	**	6-6-7-7		38.7	464(-4)			カルリーノ																																																																								
2022102881	2025-11-23	高知	晴	11.0	ファイナルレース(C3)		11.0	2.0	2.0	3.6	2.0	1	宮川実	55.0	ダ1600		良	**	1:49.0	-0.8	**	1-1-1-1		40.6	468(+4)			(エコロマーベリック)	60.0																																																																							
2022102881	2025-12-06	高知	晴	3.0	C3ー11		11.0	8.0	11.0	12.5	5.0	5	郷間勇太	55.0	ダ1600		良	**	1:50.0	1.2	**	4-5-3-4		42.2	468(0)			アットワンス	6.0																																																																							
2022102881	2025-12-20	高知	曇	6.0	C3ー10		9.0	8.0	10.0	7.2	4.0	6	近藤翔月	53.0	ダ1400		稍	**	1:36.3	2.2	**	4-6-7-7		42.6	464(-4)			コールイングミー																																																																								
2022102881	2026-01-01	高知	晴	8.0	C3ー9		7.0	1.0	1.0	11.6	5.0	6	宮川実	55.0	ダ1600		良	**	1:50.5	2.2	**	3-3-4-6		41.8	465(+1)			クラウンセヘル																																																																								
2022102896	2024-10-26	5京都7	曇	5.0	2歳新馬		13.0	4.0	5.0	3.8	2.0	8	西村淳也	56.0	芝2000		良	**	2:03.4	1.2	**	3-3-7-3	37.3-34.8	35.7	514(0)			ミッキーゴールド																																																																								
2022102896	2024-12-15	7京都6	晴	4.0	2歳未勝利		14.0	1.0	1.0	19.0	4.0	6	幸英明	56.0	芝1800		良	**	1:49.9	1.0	**	9-10	36.3-34.9	35.0	510(-4)			ショウヘイ																																																																								
2022102896	2025-01-26	1中京9	晴	6.0	3歳未勝利		16.0	3.0	5.0	8.7	4.0	6	北村友一	57.0	芝2200		良	**	2:16.0	0.5	**	1-1-1-1	35.3-35.7	36.2	510(0)			ビゾー																																																																								
2022102896	2025-02-15	1京都5	晴	4.0	3歳未勝利		13.0	7.0	11.0	2.4	2.0	2	北村友一	57.0	ダ1800		良	**	1:56.1	0.0	**	6-6-3-4	37.4-39.8	39.3	510(0)			ソルトチューダ	220.0																																																																							
2022102896	2025-03-09	1阪神4	晴	3.0	3歳未勝利		12.0	8.0	12.0	2.2	2.0	2	北村友一	57.0	ダ1800		良	**	1:56.7	0.1	**	2-3-3-3	37.8-38.6	38.5	510(0)			エイユーファイヤー	220.0																																																																							
2022102896	2025-04-06	2阪神4	晴	2.0	3歳未勝利		15.0	5.0	9.0	1.3	1.0	2	モレイラ	57.0	ダ1800		良	**	1:55.0	1.8	**	4-5-6-4	37.4-36.7	38.0	504(-6)			ブラックアダマス	220.0																																																																							
2022102896	2025-05-17	1新潟5	雨	4.0	3歳未勝利		12.0	8.0	11.0	1.5	1.0	1	北村友一	57.0	ダ1800		稍	**	1:54.4	-0.6	**	1-1-1-1	37.5-38.0	38.0	502(-2)			(コスモシェルベット)	560.0																																																																							
2022102896	2025-06-28	1函館5	晴	12.0	3歳以上1勝クラス		14.0	1.0	1.0	4.7	2.0	9	北村友一	55.0	ダ1700		稍	**	1:46.2	1.1	**	9-9-9-8	29.9-37.9	38.2	512(+10)			アレスグート																																																																								
2022102896	2025-07-19	1函館11	晴	8.0	3歳以上1勝クラス		10.0	1.0	1.0	10.6	4.0	4	北村友一	55.0	ダ1700		良	**	1:46.3	0.6	**	1-1-1-1	30.4-37.4	38.0	514(+2)			ライフゲート	120.0																																																																							
2022102896	2025-08-23	2札幌1	晴	12.0	ニセコ特別(1勝クラス)		6.0	1.0	1.0	6.2	4.0	2	北村友一	55.0	ダ1700		稍	**	1:46.5	0.8	**	4-4-4-3	31.5-37.7	38.1	510(-4)			アーロンイメル	446.4																																																																							
2022102896	2025-09-06	2札幌5	曇	12.0	3歳以上1勝クラス		14.0	5.0	7.0	10.0	5.0	6	鮫島克駿	55.0	ダ1700		良	**	1:47.1	0.6	**	2-2-1-1	30.7-38.2	38.8	510(0)			メイショウツヨキ																																																																								
2022102896	2025-11-30	4京都8	晴	4.0	3歳以上1勝クラス		16.0	5.0	10.0	12.7	6.0	8	鮫島克駿	57.0	ダ1400		良	**	1:26.5	1.3	**	2-2	34.6-38.0	39.1	510(0)			アンビシャスヨシノ																																																																								
2022102906	2025-03-22	1阪神7		2.0	3歳未勝利								吉村誠之		ダ1800				1:56.9	1.5		6-6-8-8	38.9-38.6	38.6	494(0)				140.0															晴		9.0	8.0	9.0	39.8	7.0	3	53.0	良	**	**		ギュルヴィ																																											
2022102906	2025-04-12	2阪神5		3.0	3歳未勝利								吉村誠之		ダ1800				1:57.1	2.0		10-8-9-10	36.5-37.7	38.7	500(+6)																			晴		16.0	7.0	14.0	14.4	5.0	7	54.0	良	**	**		アカデミア																																											
2022102906	2025-05-04	2京都4		2.0	3歳未勝利								吉村誠之		ダ1800				1:54.4	0.6		11-12-10-10	36.4-38.5	38.1	498(-2)				84.0															晴		14.0	4.0	6.0	28.4	8.0	4	54.0	稍	**	**		スコーピオンイメル																																											
2022102906	2025-05-17	2京都7		2.0	3歳未勝利								吉村誠之		ダ1900				2:00.7	1.9		7-7-7-8	29.5-37.0	38.2	502(+4)																			雨		10.0	2.0	2.0	8.0	4.0	8	54.0	不	**	**		クロノスバレット																																											
2022102906	2025-06-01	2京都12		2.0	3歳未勝利								吉村誠之		ダ1900				2:01.9	0.4		3-5-4-5	29.8-38.8	38.8	502(0)				84.0															晴		14.0	7.0	12.0	8.9	4.0	4	54.0	良	**	**		マテンロウシルビア																																											
2022102906	2025-06-14	3阪神3		3.0	3歳未勝利								吉村誠之		ダ2000				2:09.9	1.9		4-4-6-6	35.1-39.8	40.8	498(-4)																			小雨		16.0	4.0	8.0	8.3	4.0	7	54.0	稍	**	**		ロックウイズユー																																											
2022102906	2025-08-17	3中京8		5.0	3歳未勝利								国分恭介		ダ1800				1:53.9	0.1		13-13-11-10	36.4-39.2	38.0	504(+6)				220.0															晴		16.0	7.0	13.0	48.4	11.0	2	55.0	良	**	**		アイブリンク																																											
2022102906	2025-08-31	4中京4		2.0	3歳未勝利								国分恭介		ダ1800				1:54.5	-0.1		14-15-13-10	37.9-38.4	37.4	512(+8)				560.0															晴		16.0	4.0	7.0	4.3	2.0	1	55.0	良	**	**		(エアニゲラ)																																											
2022102906	2025-09-21	4阪神7		8.0	3歳以上1勝クラス								国分恭介		ダ1800				1:55.8	0.2		10-9-8-8	38.0-37.8	37.4	506(-6)				200.0															曇		13.0	6.0	8.0	5.2	3.0	3	53.0	良	**	**		フクキタテーラー																																											
2022102906	2026-01-04	1京都1		7.0	4歳以上1勝クラス								吉村誠之		ダ1800				1:54.0	0.5		9-9-8-7	37.3-37.3	37.2	508(+2)				210.0															曇		10.0	5.0	5.0	5.4	3.0	3	55.0	良	**	**		クインズショコラ																																											
2022102906	2026-01-18	1京都7		7.0	4歳以上1勝クラス								吉村誠之		ダ1900				2:00.5	0.1		8-8-9-6	30.7-38.4	37.4	500(-8)				330.0																																																									晴		11.0	8.0	10.0	5.4	3.0	2	55.0	良	**	**		エンマ	202608010707
2022102916	2024-12-15	4中京6		5.0	2歳新馬								国分恭介		芝1400				1:25.5	2.5		16-17	35.3-35.6	35.1	488(0)																			晴		18.0	4.0	8.0	133.8	13.0	16	56.0	良	**	**		ホーリーブラッサム																																											
2022102916	2025-02-25	高知		2.0	横浪盃(3歳)								岡遼太郎		ダ1400				1:33.8	0.3		12-12-12-11		38.8	497(+9)				70.0															晴		12.0	6.0	8.0	6.9	4.0	2	56.0	良	**	**		リバイブローズ																																											
2022102916	2025-03-30	2阪神2		2.0	3歳未勝利								Ｍ．デム		ダ1400				1:27.7	1.7		13-13	35.3-38.2	38.6	496(-1)																			晴		16.0	4.0	7.0	16.0	8.0	10	57.0	良	**	**		メイショウゴールド																																											
2022102916	2025-04-27	2京都2		3.0	3歳未勝利								幸英明		芝1600				1:36.0	1.7		17-18	34.6-35.9	35.6	500(+4)																			晴		18.0	8.0	18.0	234.6	15.0	14	57.0	良	**	**		シャインベック																																											
2022102916	2025-05-04	2京都4		4.0	3歳未勝利								幸英明		芝2000				2:02.0	1.2		12-12-11-10	36.8-34.9	34.7	498(-2)																			晴		13.0	6.0	9.0	225.1	10.0	6	57.0	良	**	**		ダノンジョーカー																																											
2022102916	2025-06-14	3阪神3		6.0	3歳未勝利								幸英明		芝1800				1:49.5	1.4		11-12	35.6-34.8	35.2	492(-6)																			小雨		18.0	4.0	7.0	108.8	13.0	10	57.0	稍	**	**		ロードレジェロ																																											
2022102916	2025-07-22	佐賀		5.0	JRA交流サマーカッ(3歳)								山田義貴		ダ1860				2:02.1	0.3		9-9-4-3		38.7	485(-7)				25.6															晴		10.0	3.0	3.0	2.9	1.0	2	56.0	良	**	**		トモジャシック																																											
2022102916	2025-08-09	3中京5		2.0	3歳未勝利								幸英明		ダ1800				1:55.2	1.1		9-9-7-6	37.2-37.9	38.4	478(-7)																			曇		15.0	5.0	9.0	15.4	7.0	6	57.0	良	**	**		ヒサエノオモカゲ																																											
2022102916	2025-08-23	4中京1		2.0	3歳未勝利								田口貫太		ダ1800				1:54.3	0.3		14-15-15-15	37.3-39.1	37.1	478(0)				220.0															晴		16.0	5.0	9.0	43.5	9.0	2	57.0	良	**	**		タガノアニマシオン																																											
2022102916	2025-09-06	4阪神1		3.0	3歳未勝利								松山弘平		ダ1800				1:54.3	-0.1		13-13-12-6	37.0-39.2	38.0	480(+2)				560.0															晴		16.0	7.0	13.0	5.2	3.0	1	57.0	重	**	**		(コスモサンビタリア)																																											
2022102916	2025-12-06	5阪神1		7.0	3歳以上1勝クラス								松山弘平		ダ1800				1:54.8	1.2		8-8-7-7	37.9-37.9	38.2	488(+8)																			晴		14.0	4.0	6.0	13.6	6.0	9	57.0	良	**	**		サンライズシュガー																																											
2022102916	2026-01-05	1京都2		7.0	4歳以上1勝クラス								松山弘平		ダ1800				1:53.7	1.7		11-11-11-10	35.4-38.1	38.4	494(+6)																			晴		15.0	5.0	8.0	32.0	10.0	7	57.0	良	**	**		ルクスフレンジー																																											
2022102916	2026-01-18	1京都7		7.0	4歳以上1勝クラス								松山弘平		ダ1900				2:01.1	0.7		3-4-5-4	30.7-38.4	38.4	494(0)				82.0																																																									晴		11.0	7.0	8.0	29.8	8.0	5	57.0	良	**	**		エンマ	202608010707
2022102919	2024-09-16	3中京5		5.0	2歳新馬								和田竜二		芝1600				1:38.7	2.0		2-2-2	37.3-34.4	36.3	462(0)					晴		11.0	7.0	9.0	16.0	7.0	11	55.0	良	**	**		ゴージャス																																																									
2022102919	2024-10-12	5京都3		1.0	2歳未勝利								団野大成		ダ1200				1:15.5	2.1		4-4	36.1-37.3	38.9	468(+6)					晴		15.0	6.0	11.0	40.0	10.0	10	55.0	良	**	**		トゥインクルアップ																																																									
2022102919	2024-12-22	7京都8		1.0	2歳未勝利								吉田隼人		ダ1400				1:28.9	2.8		13-13	35.3-38.2	40.0	484(+16)					曇		16.0	8.0	15.0	291.6	16.0	15	55.0	良	**	**		オリージネアリア																																																									
2022102919	2025-01-19	1中京7		1.0	3歳未勝利								幸英明		ダ1200				1:15.8	3.1		8-8	35.4-37.3	39.7	486(+2)					曇		16.0	1.0	1.0	155.9	15.0	15	55.0	良	**	**		アオイレーギーナ																																																									
2022102919	2025-04-26	1福島5		3.0	3歳未勝利								古川奈穂		芝2000				2:05.3	3.7		10-12-13-14	35.2-36.8	38.8	486(0)					晴		16.0	2.0	4.0	201.3	14.0	15	52.0	良	**	**		ティティナ																																																									
2022102919	2025-06-03	金沢		2.0	3歳B　5								栗原大河		ダ1400				1:31.8	1.7		5-4-5-4		40.2	496(+10)					雨		10.0	4.0	4.0	11.0	4.0	6	55.0	不	**	**		ゴルティス																																																									
2022102919	2025-06-17	金沢		2.0	3歳B　6								加藤翔馬		ダ1500				1:40.2	3.0		2-2-2-2		42.1	491(-5)					晴		11.0	4.0	4.0	10.9	5.0	8	55.0	良	**	**		ヴィオラダンサー																																																									
2022102919	2025-07-15	金沢		2.0	3歳B　5特編(3歳5)								中島龍也		ダ1500				1:44.9	7.7		2-1-5-9		48.2	490(-1)					曇		10.0	8.0	9.0	14.3	7.0	10	55.0	良	**	**		エイユーサブリナ																																																									
2022102919	2025-07-29	金沢		2.0	3歳B　7								中島龍也		ダ1400				1:34.8	3.5		1-1-1-1		44.6	489(-1)					晴		10.0	8.0	10.0	22.8	4.0	8	55.0	良	**	**		ノーブルジェネシス																																																									
2022102956	2024-09-15	3中京4		5.0	2歳新馬								ルメール		芝2000				2:04.1	1.2		7-7-9-9	36.2-37.0	37.0	462(0)				180.0															曇		9.0	1.0	1.0	10.0	4.0	3	55.0	稍	**	**		スリーキングス																																											
2022102956	2024-09-29	3中京9		2.0	2歳未勝利								藤岡佑介		芝2000				2:08.0	0.7		6-5-6-6	39.7-34.5	34.7	462(0)				140.0															曇		9.0	3.0	3.0	6.0	3.0	3	55.0	重	**	**		バルティカ																																											
2022102956	2024-10-20	4新潟6		1.0	2歳未勝利								古川吉洋		芝2000				2:03.8	0.6		8-7-6-5	36.8-36.6	36.7	462(0)				140.0															晴		10.0	8.0	9.0	7.4	4.0	3	56.0	稍	**	**		ハイタイド																																											
2022102956	2024-12-28	7京都9		2.0	2歳未勝利								藤岡佑介		ダ1800				1:55.1	1.3		7-7-5-4	36.5-38.2	38.7	464(+2)				140.0															晴		16.0	6.0	12.0	17.2	7.0	3	56.0	良	**	**		メイショウアイナ																																											
2022102956	2025-01-11	1中京3		1.0	3歳未勝利								藤岡佑介		ダ1800				1:53.8	-0.7		13-13-1-1	36.2-38.9	38.9	466(+2)				560.0															晴		16.0	1.0	1.0	9.9	6.0	1	57.0	良	**	**		(エポエポサン)																																											
2022102956	2025-03-02	2中山2		6.0	3歳1勝クラス								藤岡佑介		ダ1800				1:55.2	1.3		12-12-6-5	37.3-38.1	38.9	464(-2)																			晴		16.0	3.0	5.0	11.9	5.0	9	57.0	良	**	**		アメージング																																											
2022102956	2025-03-15	2中京1		6.0	3歳1勝クラス								富田暁		ダ1800				1:53.2	0.3		13-13-2-2	37.6-37.9	38.1	462(-2)				200.0															曇		13.0	8.0	13.0	20.0	7.0	3	57.0	良	**	**		ブルックリンダンス																																											
2022102956	2025-06-15	3阪神4		6.0	3歳以上1勝クラス								藤岡佑介		ダ1800				1:52.9	1.5		9-9-1-1	36.1-38.5	40.0	470(+8)																			曇		16.0	3.0	5.0	18.0	5.0	7	55.0	重	**	**		シャルクハフト																																											
2022102956	2025-07-20	2小倉8		7.0	3歳以上1勝クラス								高倉稜		芝1800				1:50.5	1.0		7-5-4-5	37.5-36.1	36.3	462(-8)																			晴		10.0	5.0	5.0	8.8	5.0	7	55.0	良	**	**		キーウェーブ																																											
2022102956	2025-08-02	3中京3		9.0	3歳以上1勝クラス								松山弘平		ダ1800				1:54.5	0.8		9-10-2-3	38.0-38.4	39.1	464(+2)				120.0															晴		10.0	6.0	6.0	6.1	4.0	4	55.0	良	**	**		ショーダンサー																																											
2022102956	2025-10-19	4新潟2		8.0	3歳以上1勝クラス								富田暁		ダ2500				2:44.0	2.2		2-2-1-2	32.1-38.9	41.1	462(-2)																			曇		15.0	7.0	13.0	4.8	2.0	9	55.0	重	**	**		リエータメンテ																																											
2022102956	2025-11-02	3京都11		6.0	3歳以上1勝クラス								高倉稜		ダ1800				1:52.6	0.7		14-14-1-2	36.2-38.2	38.9	470(+8)				120.0															晴		14.0	7.0	12.0	35.0	8.0	4	56.0	稍	**	**		ゴールドダイアー																																											
2022102956	2025-12-13	5中京3		3.0	3歳以上1勝クラス								藤岡佑介		ダ1900				2:01.3	0.4		11-11-1-1	31.2-38.4	38.8	470(0)				320.0															曇		12.0	7.0	10.0	6.7	3.0	2	57.0	良	**	**		ギュルヴィ																																											
2022102956	2025-12-20	5中京5		6.0	3歳以上1勝クラス								森田誠也		ダ1800				1:55.1	1.2		16-16-7-7	37.8-38.0	38.3	472(+2)																			曇		16.0	8.0	16.0	6.4	4.0	9	54.0	稍	**	**		タガノヘラクレス																																											
2022102956	2026-01-05	1京都2		7.0	4歳以上1勝クラス								高倉稜		ダ1800				1:53.2	1.2		14-14-6-3	35.4-38.1	38.5	468(-4)				82.0															晴		15.0	2.0	2.0	40.0	11.0	5	57.0	良	**	**		ルクスフレンジー																																											
2022102956	2026-01-18	1京都7		7.0	4歳以上1勝クラス								高倉稜		ダ1900				2:00.4	-0.1		9-8-2-1	30.7-38.4	38.3	466(-2)				820.0																																																									晴		11.0	5.0	5.0	8.6	4.0	1	57.0	良	**	**		(オリジナルファイン)	202608010707
2022102957	2025-01-18	1中京6		6.0	3歳未勝利								角田大和		芝1600				1:36.2	1.3		16-16-16	34.9-35.7	35.3	428(0)																																															晴		16.0	5.0	10.0	156.6	12.0	9	55.0	良	**	**		アスクセクシーモア															
2022102957	2025-03-01	1小倉11		1.0	3歳未勝利								永島まな		芝1800				1:51.0	0.9		11-11-12-11	37.2-36.2	36.2	426(-2)																																															曇		16.0	5.0	9.0	56.8	12.0	7	53.0	良	**	**		メイショウピリカ															
2022102957	2025-03-16	1阪神6		5.0	3歳未勝利								松若風馬		芝2000				2:03.4	0.0		3-4-5-3	37.2-37.1	36.7	412(-14)				560.0																																											小雨		16.0	4.0	7.0	223.4	15.0	1	55.0	稍	**	**		(フララナキラ)															
2022102957	2025-06-15	1函館2		9.0	八雲特別(1勝クラス)								松若風馬		芝1800				1:47.6	1.0		7-6-9-10	35.8-35.4	35.7	432(+20)																																															曇		13.0	6.0	9.0	58.4	11.0	10	53.0	良	**	**		マルカオペラ															
2022102957	2025-06-28	1函館5		7.0	3歳以上1勝クラス								松若風馬		芝1800				1:47.9	1.1		9-9-8-9	34.8-35.7	36.1	434(+2)																																															晴		16.0	5.0	10.0	142.8	14.0	9	53.0	稍	**	**		マイスターヴェルク															
2022102957	2025-07-19	1函館11		9.0	湯浜特別(1勝クラス)								舟山瑠泉		芝1800				1:48.1	1.7		4-8-13-13	35.8-34.1	34.8	440(+6)																																															晴		14.0	3.0	4.0	146.4	13.0	9	53.0	良	**	**		サクラファレル															
2022102957	2025-11-29	4京都7		7.0	3歳以上1勝クラス								松若風馬		芝1800				1:46.9	0.6		7-8	34.1-35.1	34.9	438(-2)																																															晴		18.0	1.0	2.0	133.6	16.0	12	54.0	良	**	**		ジーティーマン															
2022102957	2026-01-11	1京都4		7.0	4歳以上1勝クラス								松若風馬		芝2000				2:03.3	1.4		4-4-4-4	35.5-34.8	35.7	438(0)																																															曇		14.0	3.0	3.0	94.4	13.0	13	55.0	良	**	**		ロールザダイス															
2022102962	2024-07-28	2新潟2		4.0	2歳新馬								野中悠太		芝1600				1:36.3	0.8		6-6	36.0-34.4	34.6	500(0)					曇		12.0	4.0	4.0	9.6	6.0	6	55.0	良	**	**		プロクレイア																																																									
2022102962	2024-09-08	4中山2		2.0	2歳未勝利								野中悠太		芝2000				2:02.9	1.7		2-2-2-2	35.2-34.6	36.3	506(+6)					晴		9.0	7.0	7.0	15.1	5.0	8	55.0	良	**	**		パートオブワールド																																																									
2022102962	2024-12-22	5中山8		3.0	2歳未勝利								丸山元気		芝1200				1:10.3	0.5		10-10	33.5-36.3	36.1	524(+18)					晴		16.0	5.0	10.0	22.0	7.0	8	56.0	良	**	**		ミクストベリーズ																																																									
2022102962	2025-04-05	3中山3		6.0	3歳未勝利								丸山元気		ダ1200				1:12.3	0.9		5-5	34.3-37.1	37.5	520(-4)				56.0	晴		16.0	7.0	14.0	7.1	3.0	5	57.0	稍	**	**		アシャカトベ																																																									
2022102962	2025-04-27	1福島6		2.0	3歳未勝利								丸山元気		芝1200				1:09.2	0.3		9-8	34.1-34.8	34.3	526(+6)				220.0	晴		16.0	8.0	15.0	13.4	4.0	2	57.0	良	**	**		ユーティジャーニー																																																									
2022102962	2025-05-24	1新潟7		7.0	3歳未勝利								荻野極		芝1400				1:23.0	0.0		10-10	34.6-36.2	35.2	524(-2)				220.0	曇		16.0	6.0	11.0	5.2	2.0	2	57.0	良	**	**		クリールスル																																																									
2022102962	2025-06-15	3東京4		4.0	3歳未勝利								丸山元気		芝1400				1:23.7	0.1		12-11	36.2-35.1	34.2	530(+6)				220.0	曇		18.0	8.0	18.0	5.8	3.0	2	57.0	稍	**	**		ザカート																																																									
2022102962	2025-07-13	2福島6		4.0	3歳未勝利								丸山元気		芝1200				1:10.9	0.2		5-4	34.5-36.2	35.9	526(-4)				140.0	晴		16.0	6.0	12.0	3.0	1.0	3	57.0	良	**	**		ルシェロアズーリ																																																									
2022102962	2025-08-02	2新潟3		11.0	3歳未勝利								丸山元気		芝1600				1:32.7	-0.3		8-8	34.6-34.7	33.9	532(+6)				560.0	晴		17.0	8.0	16.0	8.3	5.0	1	57.0	良	**	**		(デビューフライト)																																																									
2022102962	2025-10-19	4新潟2		7.0	3歳以上1勝クラス								丸山元気		芝1600				1:34.2	0.5		8-7	34.9-34.1	33.6	532(0)					曇		18.0	5.0	10.0	3.3	1.0	6	56.0	稍	**	**		ネーブルオレンジ																																																									
2022102962	2025-10-26	4新潟4		9.0	柏崎特別(1勝クラス)								野中悠太		芝1600				1:35.1	0.3		10-8	35.2-35.2	34.9	528(-4)				111.0	雨		14.0	7.0	12.0	6.1	3.0	5	56.0	稍	**	**		ジャズ																																																									
2022102965	2024-10-14	4東京4		4.0	2歳新馬								柴田善臣		ダ1400				1:25.7	1.3		9-6	35.1-36.9	37.1	490(0)				290.0	晴		16.0	7.0	14.0	85.6	13.0	2	56.0	良	**	**		ベンヌ																																																									
2022102965	2024-11-02	3福島1		1.0	2歳未勝利								柴田善臣		ダ1700				1:47.4	0.1		4-4-2-1	30.4-37.8	37.9	492(+2)				140.0	雨		15.0	7.0	13.0	6.5	3.0	3	56.0	稍	**	**		レッドベルダンス																																																									
2022102965	2024-12-22	5中山8		2.0	2歳未勝利								坂井瑠星		ダ1800				1:57.7	0.0		8-8-4-3	37.3-41.5	41.0	494(+2)				220.0	晴		16.0	2.0	4.0	2.8	1.0	2	56.0	良	**	**		ドーバーブライト																																																									
2022102965	2025-01-05	1中山1		2.0	3歳未勝利								丹内祐次		ダ1800				1:56.2	0.1		5-5-7-7	38.0-39.0	38.6	496(+2)				140.0	晴		16.0	1.0	2.0	8.2	6.0	3	57.0	良	**	**		フィーリウス																																																									
2022102965	2025-01-26	1中山9		3.0	3歳未勝利								岩田望来		ダ1800				1:55.3	0.9		3-3-3-2	37.9-38.5	39.3	500(+4)				84.0	晴		15.0	7.0	13.0	9.1	3.0	4	57.0	良	**	**		ロッシニアーナ																																																									
2022102965	2025-03-30	3中山2		4.0	3歳未勝利								石田拓郎		ダ1800				1:54.8	-1.2		4-4-4-4	37.8-38.1	37.8	498(-2)				560.0	曇		16.0	8.0	16.0	1.6	1.0	1	54.0	稍	**	**		(トキノカンピオーネ)																																																									
2022102965	2025-04-20	3中山8		6.0	3歳1勝クラス								岩田望来		ダ1800				1:54.4	1.5		7-5-5-7	36.6-37.5	38.6	500(+2)					曇		15.0	7.0	12.0	41.3	9.0	6	57.0	良	**	**		ナルカミ																																																									
2022102965	2025-05-31	2東京11		6.0	3歳1勝クラス								北村宏司		ダ1600				1:36.0	0.5		8-8	34.6-36.3	36.2	506(+6)				80.0	小雨		10.0	3.0	3.0	17.0	6.0	5	57.0	不	**	**		ルグランヴァン																																																									
2022102965	2025-07-12	2福島5		12.0	3歳以上1勝クラス								津村明秀		ダ1700				1:47.0	0.8		3-6-3-4	30.2-38.2	38.6	504(-2)				120.0	曇		15.0	7.0	13.0	3.5	2.0	4	55.0	良	**	**		プライベートアイズ																																																									
2022102965	2025-08-10	2新潟6		10.0	3歳以上1勝クラス								津村明秀		ダ1800				1:52.6	-0.2		4-4-3-3	36.3-38.2	37.9	504(0)				800.0	雨		15.0	5.0	9.0	6.8	3.0	1	55.0	不	**	**		(サンカルミア)																																																									
2022102980	2024-12-07	5中山3		5.0	2歳新馬								北村宏司		芝1600				1:37.0	0.3		8-10-10	36.7-35.0	34.5	442(0)				72.0	晴		16.0	2.0	4.0	11.4	4.0	5	55.0	良	**	**		ギフテッド																																																									
2022102980	2024-12-22	7京都8		2.0	2歳未勝利								柴田裕一		芝1600				1:35.8	1.0		13-13	34.9-36.1	35.7	436(-6)					曇		18.0	3.0	5.0	21.5	7.0	8	52.0	良	**	**		グラフィティアート																																																									
2022102980	2025-02-08	1小倉5		2.0	3歳未勝利								柴田裕一		芝1800				1:50.1	0.6		10-10-11-11	35.9-36.6	36.1	430(-6)				56.0	晴		16.0	1.0	1.0	24.8	8.0	5	52.0	稍	**	**		タガノアビー																																																									
2022102980	2025-05-17	2京都7		3.0	3歳未勝利								幸英明		芝1600				1:38.2	2.2		9-9	36.2-35.3	36.8	430(0)					雨		17.0	7.0	13.0	31.2	9.0	12	55.0	不	**	**		スマートミストラル																																																									
2022102980	2025-06-21	1函館3		4.0	3歳未勝利								横山武史		芝2000				2:02.0	1.8		13-12-8-8	34.7-36.8	37.3	434(+4)					晴		16.0	4.0	7.0	54.1	8.0	14	55.0	良	**	**		アオイタケル																																																									
2022102980	2025-06-28	1函館5		6.0	3歳未勝利								柴田裕一		ダ1700				1:50.5	4.4		8-8-9-10	29.3-38.9	42.1	436(+2)					晴		12.0	8.0	11.0	35.5	7.0	11	52.0	稍	**	**		アスクガンバーレ																																																									
2022102980	2025-08-31	4中京4		3.0	3歳未勝利								川端海翼		芝2000				2:01.8	2.7		8-9-9-10	35.7-34.7	36.5	440(+4)					晴		18.0	7.0	13.0	296.1	16.0	15	52.0	良	**	**		メイショウアイル																																																									
2022102980	2025-10-26	高知		7.0	C3ー15								井上瑛太		ダ1300				1:27.2	2.5		10-9-9-8		40.6	443(+3)					晴		10.0	4.0	4.0	26.6	8.0	8	55.0	不	**	**		モンストルオーソ																																																									
2022102980	2025-11-09	高知		7.0	C3ー16								井上瑛太		ダ1400				1:34.2	4.9		7-6-6-8		43.0	444(+1)					晴		8.0	3.0	3.0	65.4	6.0	8	55.0	不	**	**		カンプウ																																																									
2022102986	2024-11-10	6京都4		4.0	2歳新馬								酒井学		ダ1400				1:29.0	3.5		9-10	35.4-37.6	39.6	438(0)					晴		14.0	5.0	8.0	247.3	14.0	10	55.0	良	**	**		アスタールフナ																																																									
2022102986	2024-12-01	7京都2		2.0	2歳未勝利								酒井学		芝1600				1:37.6	1.6		7-7	36.4-34.3	35.3	438(0)					晴		10.0	4.0	4.0	263.8	10.0	10	55.0	良	**	**		ブーディガ																																																									
2022102986	2024-12-08	7京都4		3.0	2歳未勝利								永島まな		芝1600				1:36.2	1.3		8-8	35.0-36.0	35.8	434(-4)				83.0	晴		10.0	8.0	10.0	195.6	8.0	4	53.0	良	**	**		モンテシート																																																									
2022102986	2024-12-22	7京都8		2.0	2歳未勝利								川端海翼		芝1600				1:36.3	1.5		18-17	34.9-36.1	35.6	436(+2)					曇		18.0	8.0	16.0	311.5	18.0	15	52.0	良	**	**		グラフィティアート																																																									
2022102986	2025-03-01	1阪神1		5.0	3歳未勝利								幸英明		芝1600				1:35.8	1.9		13-11	35.6-33.6	34.8	420(-16)					晴		18.0	7.0	13.0	337.8	16.0	15	55.0	良	**	**		ルクスジニア																																																									
2022102986	2025-06-20	園田		8.0	3歳C1								小谷哲平		ダ1400				1:37.3	5.4		11-11-11-10		41.8	449(+29)					晴		11.0	3.0	3.0	31.4	7.0	10	52.0	良	**	**		エートルドゥエ																																																									
2022102986	2025-07-02	園田		2.0	仁位7ハロン3歳C1								小谷哲平		ダ1400				1:34.6	2.9		4-4-4-5		41.6	447(-2)				8.0	曇		11.0	8.0	10.0	85.3	8.0	5	52.0	良	**	**		シュタールペスカ																																																									
2022102986	2025-07-18	園田		7.0	C2二								小谷哲平		ダ1400				1:36.7	3.0		6-7-8-8		42.3	448(+1)					曇		9.0	4.0	4.0	69.1	7.0	8	52.0	重	**	**		エイシンサイネリア																																																									
2022102986	2025-07-31	園田		4.0	C2三								渡瀬和幸		ダ1400				1:34.3	2.2		4-4-4-4		42.7	443(-5)					晴		10.0	3.0	3.0	268.0	10.0	9	55.0	良	**	**		テイケイウル																																																									
2022102986	2025-11-27	園田		4.0	大仁田厚☆来場記念C(C3)								大山真吾		ダ1400				1:35.6	2.2		7-7-7-11		42.7	447(+4)					晴		12.0	7.0	10.0	42.8	9.0	10	55.0	稍	**	**		コルタード																																																									
2022102986	2025-12-10	園田		4.0	冬景パカ・レーヴ8.(C3)								渡瀬和幸		ダ1700				1:58.8	3.2		3-3-8-9		43.7	452(+5)					晴		11.0	8.0	11.0	344.4	11.0	11	55.0	良	**	**		エルナンデス																																																									
2022103002	2024-10-06	5京都2		4.0	2歳新馬								酒井学		芝1400				1:22.8	1.5		11-12	34.8-35.0	35.3	410(0)					晴		17.0	5.0	9.0	43.6	9.0	11	55.0	良	**	**		インフローレ																																																									
2022103002	2024-12-22	7京都8		3.0	2歳未勝利								酒井学		芝1400				1:23.5	1.9		18-17	34.6-35.5	35.3	402(-8)					曇		18.0	2.0	3.0	179.0	16.0	12	55.0	良	**	**		ウィンストン																																																									
2022103002	2025-03-01	1小倉11		2.0	3歳未勝利								鮫島良太		芝1200				1:10.7	1.4		12-9	33.8-35.5	36.1	404(+2)					曇		18.0	5.0	10.0	151.9	13.0	12	55.0	良	**	**		セイプリーズ																																																									
2022103002	2025-03-15	1阪神5		2.0	3歳未勝利								鮫島良太		ダ1200				1:14.8	2.6		13-10	35.2-37.0	38.1	402(-2)					曇		16.0	8.0	16.0	141.3	15.0	9	55.0	良	**	**		ゲッティヴィラ																																																									
2022103002	2025-05-10	1新潟3		3.0	3歳未勝利								鮫島良太		ダ1200				1:14.2	1.3		8-7	35.3-37.6	38.1	410(+8)					曇		15.0	7.0	12.0	343.9	15.0	11	55.0	稍	**	**		オースミライト																																																									
2022103014	2024-09-01	3新潟8	晴	5.0	2歳新馬		6.0	6.0	6.0	62.1	6.0	3	菊沢一樹	55.0	芝1800		良	**	1:54.1	1.2	**	5-5	39.7-33.1	33.9	460(0)			エンジェルマーク	180.0																																																																							
2022103014	2024-09-22	4中山7	曇	3.0	2歳未勝利		13.0	3.0	3.0	37.5	8.0	9	菊沢一樹	55.0	芝1800		良	**	1:51.1	2.0	**	13-13-13-13	35.9-34.1	34.7	460(0)			エンペラーズソード																																																																								
2022103014	2024-10-27	4新潟8	晴	1.0	2歳未勝利		18.0	7.0	14.0	40.1	10.0	11	菊沢一樹	56.0	芝1800		良	**	1:48.9	1.3	**	2-2	35.1-35.0	36.3	462(+2)			エルムラント																																																																								
2022103014	2024-12-15	5中山6	晴	3.0	2歳未勝利		16.0	1.0	2.0	54.0	9.0	7	丹内祐次	56.0	芝1600		良	**	1:35.1	0.7	**	5-6-5	35.9-35.0	35.4	464(+2)			ライラ																																																																								
2022103014	2025-04-06	3中山4	小雨	5.0	3歳未勝利		16.0	5.0	9.0	23.7	8.0	9	長浜鴻緒	54.0	芝1600		良	**	1:35.5	1.3	**	8-12-11	35.1-35.0	35.3	462(-2)			ガーネットウインク																																																																								
2022103014	2025-05-11	1新潟4	曇	5.0	3歳未勝利		16.0	1.0	2.0	27.7	8.0	3	菊沢一樹	57.0	芝1800		稍	**	1:50.2	0.2	**	5-5	36.2-35.6	35.3	462(0)			ベストレーサー	140.0																																																																							
2022103014	2025-05-24	1新潟7	曇	5.0	3歳未勝利		16.0	8.0	15.0	5.8	4.0	5	菊沢一樹	57.0	芝1800		良	**	1:49.8	0.8	**	2-2	36.6-35.9	35.5	460(-2)			ウィズマスタング	56.0																																																																							
2022103014	2025-06-22	3東京6	晴	4.0	3歳未勝利		16.0	2.0	4.0	59.7	8.0	5	ディー	57.0	芝1800		良	**	1:47.9	1.6	**	2-5-6	35.8-34.7	35.8	460(0)			サクラファレル	56.0																																																																							
2022103014	2025-07-20	2福島8	晴	8.0	3歳未勝利		14.0	5.0	7.0	10.3	4.0	4	菊沢一樹	57.0	芝1800		良	**	1:51.6	0.6	**	1-1-1-1	37.4-36.0	36.6	456(-4)			ポタリング	84.0																																																																							
2022103014	2025-08-10	2新潟6	雨	5.0	3歳未勝利		18.0	8.0	16.0	8.6	4.0	3	菊沢一樹	57.0	芝1800		稍	**	1:48.4	0.6	**	2-2	36.5-35.0	35.2	458(+2)			マイネルアズーロ	140.0																																																																							
2022103014	2025-08-30	3新潟3	晴	6.0	3歳未勝利		18.0	5.0	10.0	8.4	4.0	9	石神深道	54.0	芝1800		良	**	1:48.3	0.8	**	4-4	35.5-34.9	35.4	454(-4)			キョウエイグッド																																																																								
2022103014	2025-11-06	笠松	晴	9.0	オキザリス賞(C)		10.0	1.0	1.0	2.4	2.0	3	渡辺竜也	57.0	ダ1400		良	**	1:30.8	0.7	**	3-3-3		40.1	458(+4)			ランドプリメーロ	11.3																																																																							
2022103014	2025-11-18	笠松	曇	7.0	市川ビルメン隊長☆感(B)		9.0	7.0	7.0	1.8	1.0	5	望月洵輝	57.0	ダ1400		良	**	1:31.6	1.5	**	6-6-7		40.5	462(+4)			セブンスリーローズ	4.5																																																																							
2022103014	2025-12-03	笠松	曇	7.0	B8組		8.0	5.0	5.0	9.1	3.0	6	望月洵輝	57.0	ダ1400		良	**	1:30.8	1.5	**	4-3-4		40.4	466(+4)			オニマル																																																																								
2022103014	2025-12-16	笠松	晴	8.0	B9組		8.0	1.0	1.0	5.9	4.0	3	渡辺竜也	57.0	ダ1600		良	**	1:47.1	0.6	**	3-2-4		39.2	470(+4)			オイランブチ	11.3																																																																							
2022103014	2026-01-07	笠松	晴	8.0	七草粥賞(C)		8.0	6.0	6.0	4.3	3.0	1	渡辺竜也	57.0	ダ1600		良	**	1:46.4	-0.5	**	2-1-1		40.2	474(+4)			(ヒルノグラスゴー)	45.0																																																																							
2022103018	2024-12-22	5中山8		6.0	2歳新馬								丸田恭介		芝1600				1:37.6	1.0		10-10-10	36.2-35.6	35.7	454(0)					晴		15.0	5.0	9.0	213.8	14.0	10	55.0	良	**	**		ディオデルマーレ																																																									
2022103018	2025-05-17	1新潟5		6.0	3歳未勝利								永島まな		芝1000				0:58.4	2.1		14	34.1-33.2	34.2	452(-2)					雨		16.0	1.0	2.0	103.0	13.0	13	53.0	稍	**	**		ハッピーダンシング																																																									
2022103018	2025-06-07	3東京1		7.0	3歳未勝利								大野拓弥		芝1600				1:35.7	2.2		5-7	34.9-35.3	36.7	454(+2)					晴		18.0	8.0	17.0	400.3	14.0	12	55.0	良	**	**		キューティリップ																																																									
2022103018	2025-08-21	名古屋		1.0	名古屋モーニングフィ(3歳)								宮下瞳		ダ1400				1:30.1	-0.1		3-2-2		40.1	485(+31)				55.0	晴		10.0	7.0	8.0	11.2	4.0	1	53.0	良	**	**		(ケイマノキコウシ)																																																									
2022103018	2025-09-03	名古屋		4.0	3歳6組								山田祥雄		ダ1500				1:37.4	0.2		2-1-2		39.6	473(-12)				11.0	晴		12.0	6.0	8.0	5.6	3.0	3	55.0	良	**	**		ノボリディアマン																																																									
2022103018	2025-09-30	名古屋		7.0	3歳8組								宮下瞳		ダ1500				1:37.9	0.1		1-1-1		40.7	476(+3)				19.3	晴		12.0	1.0	1.0	2.9	2.0	2	53.0	良	**	**		コスモナッシュビル																																																									
2022103018	2025-10-16	名古屋		1.0	C13組								山田祥雄		ダ920				0:56.0	-0.5		1		36.1	471(-5)				55.0	小雨		12.0	3.0	3.0	3.6	2.0	1	55.0	重	**	**		(ワウワウワウ)																																																									
2022103018	2025-12-13	5中京3		2.0	3歳以上1勝クラス								松本大輝		ダ1200				1:14.7	2.3		16-16	35.7-36.7	37.3	472(+1)					曇		16.0	5.0	10.0	218.2	14.0	14	54.0	良	**	**		ノビル																																																									
2022103047	2024-11-02	6京都1		6.0	2歳新馬								団野大成		芝1600				1:37.6	0.7		5-5	36.0-36.5	36.7	464(0)					雨		14.0	6.0	9.0	6.8	3.0	9	55.0	重	**	**		サウンドサンライズ																																																									
2022103047	2024-11-30	7京都1		2.0	2歳未勝利								丹内祐次		ダ1400				1:26.9	0.3		2-2	36.3-37.7	37.9	464(0)				140.0	晴		13.0	7.0	10.0	11.1	6.0	3	55.0	稍	**	**		セディバン																																																									
2022103047	2024-12-22	7京都8		1.0	2歳未勝利								丹内祐次		ダ1400				1:27.1	1.0		3-2	35.3-38.2	39.1	462(-2)				55.0	曇		16.0	7.0	14.0	6.9	5.0	5	55.0	良	**	**		オリージネアリア																																																									
2022103047	2025-01-13	1中京5		2.0	3歳未勝利								武豊		ダ1400				1:27.0	1.0		4-4	35.3-37.9	38.4	456(-6)				140.0	晴		16.0	7.0	14.0	15.2	4.0	3	55.0	良	**	**		ゲイルライダー																																																									
2022103047	2025-02-02	1京都2		2.0	3歳未勝利								戸崎圭太		ダ1200				1:13.2	0.2		6-6	35.5-37.5	36.6	456(0)				220.0	曇		12.0	3.0	3.0	5.0	4.0	2	55.0	稍	**	**		キングコロネット																																																									
2022103047	2025-02-15	1京都5		1.0	3歳未勝利								武豊		ダ1200				1:12.8	0.0		1-1	35.8-37.0	37.0	454(-2)				220.0	晴		16.0	1.0	2.0	1.8	1.0	2	55.0	良	**	**		ハヤテノツバサ																																																									
2022103047	2025-03-01	1阪神1		2.0	3歳未勝利								武豊		ダ1200				1:13.7	-0.1		3-2	35.5-38.2	38.0	456(+2)				560.0	曇		16.0	7.0	14.0	2.2	1.0	1	55.0	良	**	**		(ミルトライディーン)																																																									
2022103047	2025-06-01	2京都12		6.0	3歳1勝クラス								小沢大仁		ダ1400				1:24.5	0.3		11-10	34.0-37.8	37.3	454(-2)				120.0	晴		14.0	6.0	10.0	14.9	7.0	4	55.0	良	**	**		ソリスクラヴィス																																																									
2022103047	2025-06-22	3阪神6		8.0	3歳以上1勝クラス								小沢大仁		ダ1400				1:24.1	-0.1		7-5	33.8-38.2	37.4	454(0)				800.0	晴		16.0	8.0	15.0	13.3	6.0	1	53.0	良	**	**		(ゴールデンカイト)																																																									
2022103047	2025-08-30	4中京3		9.0	清洲特別(2勝クラス)								小沢大仁		ダ1200				1:11.6	0.6		8-7	34.0-37.0	36.3	464(+10)				230.0	晴		16.0	2.0	3.0	5.5	3.0	4	54.0	良	**	**		メイショウヤーキス																																																									
2022103047	2025-09-21	4阪神7		12.0	3歳以上2勝クラス								小沢大仁		ダ1400				1:24.6	1.4		6-6	35.1-36.1	36.9	462(-2)					曇		15.0	3.0	6.0	6.3	4.0	7	54.0	良	**	**		ダノンフィーゴ																																																									
2022103047	2025-12-27	5阪神7		8.0	3歳以上2勝クラス								鷲頭虎太		ダ1400				1:24.4	0.7		5-5	33.8-37.8	38.2	462(0)				114.0	晴		16.0	1.0	2.0	14.3	7.0	5	53.0	稍	**	**		ベルジュロネット																																																									
2022103047	2026-01-18	1京都7		9.0	小倉山特別(2勝クラス)								鷲頭虎太		ダ1400				1:25.0	0.4		10-12	34.6-37.5	37.1	462(0)				240.0																																																									晴		16.0	5.0	9.0	16.1	6.0	4	55.0	良	**	**		トゥロン	202608010709
2022103052	2025-01-12	1中京4	曇	5.0	3歳新馬		16.0	8.0	15.0	113.3	13.0	11	吉田隼人	57.0	ダ1800		良	**	1:59.4	5.1	**	7-9-8-8	37.8-38.9	42.9	504(0)			ナンヨーパワフル																																																																								
2022103052	2025-04-06	3中山4	曇	1.0	3歳未勝利		13.0	2.0	2.0	189.5	11.0	3	上里直汰	54.0	ダ1800		稍	**	1:56.8	1.3	**	2-2-2-1	35.1-40.8	42.0	508(+4)			キタノラブミー	140.0																																																																							
2022103052	2025-04-20	1福島4	曇	6.0	3歳未勝利		15.0	3.0	4.0	5.4	3.0	5	上里直汰	54.0	ダ1700		良	**	1:49.3	0.7	**	2-2-2-3	29.8-41.2	41.5	502(-6)			ブルーカミング	56.0																																																																							
2022103052	2025-05-11	1新潟4	曇	3.0	3歳未勝利		14.0	8.0	13.0	12.4	5.0	4	上里直汰	54.0	ダ1800		稍	**	1:56.1	1.1	**	4-2-3-3	36.7-40.6	41.3	500(-2)			タガノマルアフ	84.0																																																																							
2022103052	2025-06-08	3東京2	曇	2.0	3歳未勝利		16.0	2.0	4.0	31.9	10.0	5	上里直汰	54.0	ダ2100		良	**	2:13.6	1.0	**	3-4-4-4	30.3-38.9	39.5	502(+2)			トライゴーニック	56.0																																																																							
2022103052	2025-06-29	2福島2	晴	3.0	3歳未勝利		15.0	3.0	5.0	12.0	5.0	13	小沢大仁	57.0	ダ1700		良	**	1:49.0	3.1	**	4-4-7-7	30.4-36.8	39.3	502(0)			ラストレガシー																																																																								
2022103052	2025-09-10	園田	曇	12.0	C2		11.0	5.0	5.0	2.2	1.0	9	小牧太	56.0	ダ1870		良	**	2:09.6	1.3	**	2-2-1-2		42.1	515(+13)			ワンダーグァルネリ																																																																								
2022103052	2025-09-24	園田	曇	8.0	ファイティングジョッ(C2)		12.0	2.0	2.0	10.2	5.0	11	笹川翼	56.0	ダ1700		良	**	1:56.6	1.8	**	5-5-6-5		41.1	514(-1)			ディザーヴユー																																																																								
2022103052	2025-11-06	園田	晴	7.0	C2二		10.0	8.0	10.0	8.4	3.0	1	井上幹太	57.0	ダ1400		良	**	1:32.1	-0.4	**	2-2-1-1		42.0	504(-10)			(ラクプエル)	70.0																																																																							
2022103052	2025-11-26	園田	曇	7.0	C1二		8.0	8.0	8.0	14.5	4.0	3	井上幹太	57.0	ダ1400		稍	**	1:32.3	0.6	**	1-1-1-1		39.6	501(-3)			クラウンハート	27.5																																																																							
2022103052	2025-12-18	園田	晴	9.0	グリーンチャンネル開(C1)		12.0	5.0	6.0	8.8	3.0	3	古川奈穂	54.0	ダ1700		良	**	1:54.3	0.6	**	1-1-1-2		40.6	505(+4)			エイシンアニーモ	27.5																																																																							
2022103052	2026-01-14	園田	晴	12.0	ヒナギク賞C1		12.0	7.0	10.0	7.6	5.0	6	井上幹太	57.0	ダ1400		良		1:31.5	0.8		3-3-3-3		40.7	503(-2)			ボンズドゥッカ																																																																								
2022103053	2024-08-18	3新潟4		5.0	2歳新馬								荻野極		芝1800				1:52.2	2.7		8-8	36.9-34.5	36.3	488(0)																																	晴		12.0	3.0	3.0	19.0	3.0	10	55.0	良	**	**		パッションリッチ																													
2022103053	2024-10-13	5京都4		3.0	2歳未勝利								岩田望来		芝2000				2:01.3	1.0		5-5-5-5	35.0-35.6	36.2	490(+2)				55.0																													晴		9.0	4.0	4.0	24.4	6.0	5	56.0	良	**	**		センツブラッド																													
2022103053	2024-10-27	5京都8		2.0	2歳未勝利								藤岡佑介		ダ1800				1:55.4	1.7		8-8-4-4	37.3-39.1	40.2	494(+4)																																	晴		13.0	8.0	14.0	4.3	2.0	6	56.0	良	**	**		コシュデリ																													
2022103053	2025-02-22	1京都7		3.0	3歳未勝利								岩田望来		ダ1900				2:03.0	1.1		7-7-7-6	30.2-39.0	39.2	504(+10)				84.0																													晴		12.0	5.0	5.0	6.8	4.0	4	57.0	良	**	**		ランツフート																													
2022103053	2025-03-22	1阪神7		4.0	3歳未勝利								坂井瑠星		ダ2000				2:11.3	0.2		2-2-2-1	38.2-38.6	38.7	500(-4)				220.0																													晴		11.0	7.0	9.0	4.1	2.0	2	57.0	良	**	**		バッケンレコード																													
2022103053	2025-06-28	1函館5		2.0	3歳未勝利								武豊		ダ2400				2:34.4	0.2		1-1-1-1	38.3-37.2	37.4	502(+2)				220.0																													晴		12.0	2.0	2.0	2.0	1.0	2	57.0	稍	**	**		ピストルスター																													
2022103053	2025-07-19	1函館11		3.0	3歳未勝利								武豊		ダ2400				2:36.2	2.0		5-6-6-5	38.1-38.0	38.9	508(+6)				84.0																													曇		12.0	1.0	1.0	1.9	1.0	4	57.0	良	**	**		アルデツヨシ																													
2022103053	2025-08-17	1札幌8		2.0	3歳未勝利								武豊		ダ2400				2:37.9	0.7		2-2-1-1	37.7-38.2	38.9	490(-18)				140.0																													雨		12.0	7.0	10.0	4.8	3.0	3	57.0	良	**	**		オオタチ																													
2022103053	2025-09-06	4阪神1		3.0	3歳未勝利								高杉吏麒		ダ1800				1:56.5	2.2		8-8-7-6	37.0-39.2	40.7	490(0)																																	晴		16.0	5.0	10.0	3.0	1.0	7	56.0	重	**	**		モズプリヴェール																													
2022103053	2025-09-27	4阪神8		7.0	3歳以上1勝クラス								富田暁		芝2200				2:14.6	1.0		1-1-1-2	35.4-35.2	36.2	492(+2)																																	晴		16.0	5.0	10.0	236.0	12.0	13	55.0	良	**	**		アロンディ																													
2022103053	2025-11-08	4京都1		12.0	3歳以上1勝クラス								田口貫太		芝2000				2:02.0	1.1		2-3-4-5	36.7-34.4	35.3	492(0)																																	晴		14.0	3.0	3.0	35.9	9.0	11	56.0	良	**	**		ノーランサンライズ																													
2022103053	2025-12-06	5中京1		2.0	3歳以上1勝クラス								吉村誠之		ダ1200				1:13.1	1.2		7-6	35.1-36.8	37.3	500(+8)																																	晴		13.0	5.0	7.0	18.1	7.0	6	56.0	良	**	**		セルヴァンス																													
2022103053	2025-12-14	5中京4		8.0	3歳以上1勝クラス								亀田温心		ダ1400				1:26.3	1.2		13-13	35.2-37.6	37.4	500(0)				80.0																													晴		16.0	2.0	3.0	63.4	13.0	5	57.0	稍	**	**		キョウエイカンセ																													
2022103053	2026-01-17	1京都6		7.0	4歳以上1勝クラス								亀田温心		ダ1400				1:26.7	1.7		6-7	36.0-36.6	37.6	500(0)																																	晴		15.0	3.0	5.0	217.1	14.0	11	57.0	良				レーティッシュ																													
2022103063	2024-12-14	7京都5		5.0	2歳新馬								団野大成		芝2000				2:02.6	0.0		7-6-7-5	37.0-35.5	35.1	474(0)				290.0															曇		10.0	8.0	10.0	16.8	5.0	2	55.0	良	**	**		メディテラニアン																																											
2022103063	2024-12-28	7京都9		3.0	2歳未勝利								鮫島克駿		芝2000				2:01.8	0.1		8-9-9-8	36.0-35.4	34.8	476(+2)				220.0															晴		16.0	4.0	7.0	3.5	1.0	2	55.0	良	**	**		リガーレ																																											
2022103063	2025-03-08	1阪神3		5.0	3歳未勝利								団野大成		芝2000				2:03.6	0.3		5-5-6-4	37.2-34.6	34.6	478(+2)				84.0															晴		13.0	3.0	3.0	2.2	1.0	4	55.0	良	**	**		グレートシール																																											
2022103063	2025-03-30	2中京6		4.0	3歳未勝利								坂井瑠星		芝2000				2:02.9	0.8		3-3-3-3	36.8-34.9	35.5	480(+2)																			晴		13.0	4.0	5.0	13.7	5.0	6	55.0	良	**	**		エキサイトバイオ																																											
2022103063	2025-04-27	2京都2		5.0	3歳未勝利								団野大成		芝2000				1:59.5	-0.2		2-2-2-2	35.6-34.9	34.8	480(0)				560.0															晴		14.0	7.0	12.0	2.7	1.0	1	55.0	良	**	**		(テレプシコーラ)																																											
2022103063	2025-08-17	2新潟8		11.0	3歳以上1勝クラス								三浦皇成		芝2400				2:26.1	0.7		5-5-6-6	35.3-36.2	36.2	492(+12)				80.0															晴		11.0	5.0	5.0	6.8	4.0	5	53.0	良	**	**		オビドス																																											
2022103063	2025-10-18	3京都6		7.0	3歳以上1勝クラス								森田誠也		芝2000				2:00.6	0.3		6-6-2-5	35.2-35.9	35.8	502(+10)				200.0															曇		8.0	7.0	7.0	2.6	1.0	3	51.0	良	**	**		バガン																																											
2022103063	2025-11-08	4京都1		12.0	3歳以上1勝クラス								高杉吏麒		芝2000				2:01.7	0.8		7-7-4-3	36.7-34.4	34.9	496(-6)																			晴		14.0	6.0	9.0	10.3	4.0	7	54.0	良	**	**		ノーランサンライズ																																											
2022103063	2026-01-18	1京都7		8.0	4歳以上1勝クラス								団野大成		芝2400				2:27.4	0.8		6-5-3-2	36.7-36.0	36.5	496(0)				82.0																																																									晴		12.0	7.0	9.0	9.2	5.0	5	55.0	良	**	**		オメガナビゲーター	202608010708
2022103065	2024-10-13	5京都4		4.0	2歳新馬								団野大成		芝1200				1:11.9	2.3		12-13	34.8-34.8	35.3	394(0)																																															晴		16.0	6.0	12.0	157.4	13.0	15	55.0	良	**	**		コモンスナイプ															
2022103065	2025-02-04	笠松		9.0	御嶽宿特別(3歳)								城戸義政		ダ1400				1:31.0	0.1		4-3-3		39.5	398(+4)				24.5																																											晴		9.0	6.0	6.0	28.7	7.0	2	54.0	良	**	**		ディアマイハニー															
2022103065	2025-02-22	1京都7		1.0	3歳未勝利								城戸義政		ダ1800				1:56.3	1.1		8-10-11-8	37.8-38.9	39.0	396(-2)				84.0																																											晴		11.0	8.0	11.0	122.6	10.0	4	55.0	良	**	**		クリノスワロー															
2022103065	2025-03-15	2中京1		1.0	3歳未勝利								城戸義政		ダ1800				1:57.2	1.8		7-6-10-7	37.7-38.7	39.6	390(-6)																																															曇		16.0	3.0	6.0	13.3	6.0	7	55.0	良	**	**		サリーチェ															
2022103065	2025-03-30	2中京6		1.0	3歳未勝利								城戸義政		ダ1800				1:56.9	1.7		11-10-8-8	38.3-38.7	39.5	390(0)																																															晴		12.0	8.0	12.0	70.4	11.0	9	55.0	稍	**	**		マリーヌ															
2022103065	2025-04-19	2阪神7		1.0	3歳未勝利								田中健		ダ1800				1:58.7	1.8		12-12-12-12	38.1-39.1	39.8	394(+4)																																															晴		16.0	8.0	15.0	173.7	14.0	12	55.0	良	**	**		ガールズデイアウト															
2022103065	2025-07-13	2小倉6		3.0	3歳未勝利								城戸義政		ダ1700				1:49.1	1.3		11-11-10-9	30.3-38.9	39.4	392(-2)																																															曇		16.0	8.0	16.0	242.9	15.0	7	55.0	良	**	**		ハッコウイチウ															
2022103065	2025-08-02	3中京3		3.0	3歳未勝利								城戸義政		ダ1800				1:55.5	0.8		4-2-3-5	37.5-38.4	38.9	382(-10)				84.0																																											晴		16.0	2.0	3.0	163.0	14.0	4	55.0	良	**	**		オーケーエンジェル															
2022103065	2025-08-23	4中京1		2.0	3歳未勝利								城戸義政		ダ1800				1:54.6	0.6		12-13-14-12	37.3-39.1	37.6	394(+12)				84.0																																											晴		16.0	8.0	15.0	94.2	13.0	4	55.0	良	**	**		タガノアニマシオン															
2022103065	2025-09-13	4阪神3		4.0	3歳未勝利								城戸義政		ダ1800				1:54.5	0.2		13-12-11-12	36.9-39.9	38.9	400(+6)				220.0																																											曇		16.0	6.0	11.0	16.5	7.0	2	55.0	良	**	**		バルミラクル															
2022103065	2025-10-04	3京都1		4.0	3歳以上1勝クラス								城戸義政		ダ1800				1:52.1	1.4		11-11-13-13	36.6-37.2	36.9	408(+8)																																															雨		14.0	5.0	7.0	65.7	11.0	10	54.0	重	**	**		メイショウヤシマ															
2022103065	2025-12-13	5中京3		3.0	3歳以上1勝クラス								藤懸貴志		ダ1900				2:02.4	1.5		6-7-7-7	31.2-38.4	39.0	404(-4)																																															曇		12.0	4.0	4.0	38.3	7.0	7	55.0	良	**	**		ギュルヴィ															
2022103065	2026-01-12	1京都5		6.0	4歳以上1勝クラス								城戸義政		ダ1800				1:55.4	0.4		9-9-9-9	38.2-38.4	37.0	412(+8)				120.0																																											晴		9.0	8.0	9.0	30.5	7.0	4	55.0	良	**	**		レディゴディヴァ															
2022103070	2024-10-06	4東京2		5.0	2歳新馬								小崎綾也		芝1800				1:50.1	0.9		8-8-9	36.4-33.8	34.0	468(0)																			曇		17.0	2.0	3.0	32.7	7.0	8	56.0	良	**	**		ガルダイア																																											
2022103070	2024-10-26	4東京7		2.0	2歳未勝利								戸崎圭太		芝2000				2:05.3	0.3		1-1-1	39.2-33.4	33.7	468(0)				140.0															曇		11.0	3.0	3.0	30.0	5.0	3	56.0	良	**	**		リアライズオーラム																																											
2022103070	2024-12-15	7京都6		4.0	2歳未勝利								岩田望来		芝1800				1:50.2	1.3		2-2	36.3-34.9	36.1	470(+2)																			晴		14.0	7.0	12.0	32.5	5.0	10	56.0	良	**	**		ショウヘイ																																											
2022103070	2025-01-18	1中京6		5.0	3歳未勝利								小崎綾也		芝2000				2:03.5	2.7		5-6-4-4	35.4-35.0	37.3	466(-4)																			晴		18.0	5.0	9.0	82.7	12.0	14	57.0	良	**	**		トッピボーン																																											
2022103070	2025-02-23	1京都8		2.0	3歳未勝利								荻野極		ダ1800				1:56.5	1.0		7-7-8-7	36.9-38.9	38.7	472(+6)																			晴		16.0	3.0	6.0	13.7	5.0	6	57.0	良	**	**		ニシノミチアキ																																											
2022103070	2025-03-30	2阪神2		3.0	3歳未勝利								荻野極		ダ1800				1:57.8	2.2		4-4-3-3	37.3-38.7	40.5	466(-6)																			晴		9.0	7.0	7.0	19.3	6.0	6	57.0	良	**	**		アートレスマインド																																											
2022103070	2025-05-18	2京都8		1.0	3歳未勝利								国分優作		ダ1400				1:25.7	1.8		5-7	35.1-36.9	37.9	468(+2)																			晴		16.0	1.0	1.0	119.5	13.0	12	57.0	重	**	**		ラファル																																											
2022103070	2025-06-22	3阪神6		4.0	3歳未勝利								国分優作		芝2400				2:27.8	1.9		7-7-6-6	37.4-35.0	36.5	464(-4)				56.0															晴		15.0	6.0	10.0	75.6	9.0	5	57.0	良	**	**		ボンドロア																																											
2022103070	2025-07-06	2小倉4		4.0	3歳未勝利								国分優作		芝2000				2:02.2	0.2		5-5-4-6	35.4-37.0	36.8	466(+2)				84.0															晴		18.0	8.0	16.0	70.2	11.0	4	57.0	良	**	**		ダノンジャガー																																											
2022103070	2025-07-20	2小倉8		4.0	3歳未勝利								国分優作		芝2000				2:03.8	0.6		5-5-4-5	36.1-36.8	37.0	460(-6)																			晴		18.0	4.0	8.0	14.5	8.0	6	57.0	良	**	**		サミダレナイツ																																											
2022103070	2025-08-24	2札幌2		4.0	3歳未勝利								坂井瑠星		芝2600				2:42.5	-0.2		2-2-2-1	37.0-38.5	38.5	464(+4)				560.0															晴		13.0	6.0	10.0	16.4	7.0	1	57.0	良	**	**		(ドラギニャン)																																											
2022103070	2025-09-20	4中山6		10.0	九十九里特別(2勝クラス)								戸崎圭太		芝2500				2:33.4	1.4		3-3-4-4	30.7-34.1	34.1	456(-8)				230.0															曇		9.0	3.0	3.0	6.9	3.0	4	55.0	良	**	**		マイユニバース																																											
2022103070	2025-12-21	5阪神6		7.0	3歳以上1勝クラス								坂井瑠星		芝2200				2:14.0	1.3		8-8-13-15	34.9-36.2	36.5	474(+18)																			雨		18.0	7.0	14.0	42.2	13.0	10	56.0	重	**	**		ヴァリージア																																											
2022103070	2026-01-18	1京都7		8.0	4歳以上1勝クラス								小崎綾也		芝2400				2:28.2	1.6		9-7-5-6	36.7-36.0	36.9	470(-4)																																																													晴		12.0	7.0	10.0	37.6	9.0	11	57.0	良	**	**		オメガナビゲーター	202608010708
2022103086	2024-10-13	4東京3		4.0	2歳新馬								永島まな		芝1400				1:23.5	1.9		6-9	35.3-34.3	35.5	446(0)					晴		14.0	6.0	9.0	44.7	8.0	7	53.0	良	**	**		レモンバーム																																																									
2022103086	2024-12-01	5中山2		3.0	2歳未勝利								小林美駒		芝1600				1:34.4	1.0		3-3-3	34.7-34.9	35.8	432(-14)				55.0	晴		15.0	7.0	12.0	217.6	12.0	5	51.0	良	**	**		ジョイフルニュース																																																									
2022103086	2024-12-22	5中山8		3.0	2歳未勝利								小林美駒		芝1200				1:10.8	1.0		1-1	33.5-36.3	37.3	430(-2)					晴		16.0	1.0	1.0	52.3	11.0	11	51.0	良	**	**		ミクストベリーズ																																																									
2022103086	2025-02-01	1小倉3		6.0	3歳未勝利								小林美駒		芝1200				1:10.1	0.5		5-7	33.8-35.8	35.7	434(+4)					雨		18.0	2.0	4.0	31.1	11.0	9	51.0	稍	**	**		セサンパ																																																									
2022103086	2025-05-11	1新潟4		6.0	3歳未勝利								石神深道		芝1000				0:58.0	0.7		3	33.9-34.6	35.2	436(+2)				84.0	曇		16.0	6.0	12.0	14.8	5.0	4	52.0	稍	**	**		マグネシアブリック																																																									
2022103086	2025-06-28	2福島1		8.0	3歳未勝利								石神深道		芝1200				1:10.1	1.2		2-2	33.1-35.8	36.9	426(-10)					晴		16.0	1.0	2.0	7.9	5.0	7	52.0	良	**	**		バシレイア																																																									
2022103086	2025-08-09	2新潟5		11.0	3歳未勝利								谷原柚希		芝1000				0:56.6	1.9		16	32.8-32.5	33.0	428(+2)					晴		18.0	4.0	8.0	42.8	11.0	16	51.0	良	**	**		フラッシュポイント																																																									
2022103086	2025-09-15	4中山5		4.0	3歳未勝利								小林美駒		芝1600				1:40.4	7.2		14-16-16	35.0-34.8	39.7	436(+8)					曇		16.0	8.0	16.0	178.5	14.0	16	52.0	良	**	**		オルグジェシダ																																																									
2022103086	2025-11-08	佐賀		3.0	C2ー19組								石川慎将		ダ1400				1:31.1	-0.1		2-2-2-2		39.1	451(+15)				40.0	曇		11.0	7.0	9.0	7.1	4.0	1	54.0	良	**	**		(レイズサンライズ)																																																									
2022103086	2025-11-30	佐賀		10.0	SAGAリベンジャー(C2)								石川慎将		ダ1400				1:30.3	0.0		2-1-1-1		39.3	445(-6)				12.8	晴		11.0	7.0	9.0	2.1	1.0	2	54.0	良	**	**		スティルザワン																																																									
2022103086	2025-12-27	佐賀		5.0	C2ー9組								石川慎将		ダ1400				1:31.6	0.0		2-2-2-2		38.0	446(+1)				12.8	曇		10.0	7.0	7.0	1.2	1.0	2	54.0	重	**	**		トルティーナ																																																									
2022103108	2025-03-09	2中山4	晴	5.0	3歳未勝利		16.0	2.0	3.0	117.7	11.0	3	吉田豊	55.0	芝1600		稍	**	1:36.8	1.8	**	10-11-9	35.8-35.6	36.6	452(0)			ルナルーチェット	140.0																																																																							
2022103108	2025-04-06	3中山4	小雨	5.0	3歳未勝利		16.0	6.0	11.0	13.0	5.0	12	松岡正海	55.0	芝1600		良	**	1:35.8	1.6	**	1-2-2	35.1-35.0	36.5	448(-4)			ガーネットウインク																																																																								
2022103108	2025-06-28	2福島1	晴	8.0	3歳未勝利		16.0	3.0	6.0	8.0	6.0	13	丸山元気	55.0	芝1200		良	**	1:11.1	2.2	**	3-5	33.1-35.8	37.8	448(0)			バシレイア																																																																								
2022103146	2024-09-29	4中山9		3.0	2歳新馬								坂井瑠星		芝1200				1:09.3	-0.5		1-1	34.9-34.4	34.4	462(0)				720.0																													曇		16.0	2.0	4.0	3.2	1.0	1	55.0	良	**	**		(エコロヴァイス)																													
2022103146	2024-12-07	5中山3		9.0	黒松賞(1勝クラス)								マーカン		芝1200				1:07.8	0.1		5-5	32.9-34.8	34.1	466(+4)				438.0																													晴		13.0	4.0	5.0	3.8	2.0	2	56.0	良	**	**		サウスバンク																													
2022103146	2025-01-11	1中京3		6.0	3歳1勝クラス								坂井瑠星		芝1200				1:10.3	0.3		2-2	34.5-35.5	35.7	464(-2)				120.0																													晴		7.0	7.0	7.0	1.8	1.0	4	57.0	良	**	**		フードマン																													
2022103146	2025-03-16	2中山6		6.0	3歳1勝クラス								三浦皇成		芝1200				1:11.1	0.2		5-4	34.2-36.7	36.5	468(+4)				320.0																													雨		8.0	5.0	5.0	3.7	3.0	2	57.0	重	**	**		ソーダーンライト																													
2022103146	2025-04-12	2阪神5		6.0	3歳1勝クラス								坂井瑠星		芝1200				1:08.1	0.0		7-6	33.9-34.2	33.6	466(-2)				800.0																													晴		11.0	8.0	10.0	4.1	3.0	1	57.0	良	**	**		(タガノアンファン)																													
2022103146	2025-05-31	2京都11		11.0	葵S(GIII)								坂井瑠星		芝1200				1:08.6	0.3		9-9	33.5-34.8	33.5	466(0)																																	曇		16.0	6.0	11.0	6.9	3.0	8	57.0	良	**	**		アブキールベイ																													
2022103146	2025-08-09	3中京5		6.0	中京スポニチ賞(2勝クラス)								川田将雅		芝1400				1:21.3	0.3		4-6	35.8-33.7	33.5	468(+2)																																	晴		11.0	8.0	10.0	4.3	2.0	8	55.0	良	**	**		スリールミニョン																													
2022103146	2025-10-05	3京都2		12.0	3歳以上2勝クラス								坂井瑠星		芝1200				1:08.3	0.4		11-11	33.3-34.6	33.7	462(-6)				290.0																													曇		16.0	5.0	9.0	4.8	2.0	3	57.0	稍	**	**		ブラックケリー																													
2022103146	2025-11-02	3京都11		12.0	3歳以上2勝クラス								北村友一		芝1400				1:21.5	0.1		10-9	36.4-33.4	32.7	468(+6)				170.0																													晴		12.0	7.0	9.0	5.7	3.0	4	57.0	良	**	**		ハワイアンタイム																													
2022103146	2026-01-17	1中山6		12.0	4歳以上2勝クラス								菅原明良		芝1200				1:08.0	-0.1		10-8	34.3-33.7	33.0	470(+2)				1190.0																													晴		16.0	4.0	8.0	5.8	3.0	1	58.0	良				(ヴァンヴィーヴ)																													
2022103199	2024-08-10	2中京1		5.0	2歳新馬								坂井瑠星		芝1200				1:10.4	1.2		5-5	35.5-33.7	34.4	422(0)				110.0	晴		14.0	3.0	4.0	12.5	6.0	4	55.0	良	**	**		エイシンワンド																																																									
2022103199	2024-09-14	3中京3		3.0	2歳未勝利								西村淳也		芝1600				1:34.5	0.2		1-1-1	35.0-35.2	35.4	424(+2)				140.0	晴		15.0	4.0	6.0	97.2	12.0	3	55.0	良	**	**		ウォーターガーベラ																																																									
2022103199	2024-10-19	5京都5		2.0	2歳未勝利								西村淳也		芝1600				1:37.0	1.7		2-2	35.2-35.6	37.1	428(+4)					小雨		10.0	7.0	7.0	5.3	3.0	10	55.0	良	**	**		ブルーミングローズ																																																									
2022103199	2024-12-01	7京都2		2.0	2歳未勝利								吉村誠之		芝1600				1:36.5	0.5		1-1	36.4-34.3	34.8	426(-2)				220.0	晴		10.0	8.0	10.0	27.3	6.0	2	53.0	良	**	**		ブーディガ																																																									
2022103199	2024-12-22	7京都8		2.0	2歳未勝利								吉村誠之		芝1600				1:36.0	1.2		3-3	34.9-36.1	36.8	424(-2)					曇		18.0	1.0	1.0	25.9	9.0	9	53.0	良	**	**		グラフィティアート																																																									
2022103199	2025-02-10	1京都3		5.0	3歳未勝利								鮫島克駿		芝1600				1:38.1	1.8		2-6	36.3-34.6	36.1	424(0)					晴		18.0	6.0	12.0	62.8	13.0	13	55.0	良	**	**		インヴォーグ																																																									
2022103199	2025-04-12	1福島1		2.0	3歳未勝利								田口貫太		芝1200				1:09.9	0.6		8-7	34.1-35.2	35.2	422(-2)					曇		16.0	2.0	3.0	30.8	6.0	6	55.0	良	**	**		ハリウッドメモリー																																																									
2022103199	2025-06-15	1函館2		1.0	3歳未勝利								松若風馬		芝1200				1:09.8	2.0		9-13	33.4-34.4	35.3	426(+4)					曇		16.0	8.0	16.0	51.4	12.0	16	55.0	良	**	**		エルサトアナ																																																									
2022103199	2025-06-22	1函館4		2.0	3歳未勝利								鮫島克駿		ダ1700				1:48.6	3.7		6-7-12-14	28.8-37.7	40.3	428(+2)					曇		14.0	5.0	7.0	66.1	9.0	14	55.0	重	**	**		シェリルファミーユ																																																									
2022103199	2025-08-30	2札幌3		4.0	3歳未勝利								石川倭		芝1500				1:31.5	0.7		5-3-3	30.2-36.6	36.6	430(+2)				84.0	小雨		14.0	2.0	2.0	162.1	13.0	4	55.0	稍	**	**		トレヴィ																																																									
2022103199	2025-09-07	2札幌6		4.0	3歳未勝利								泉谷楓真		芝1200				1:11.5	1.0		14-14	34.2-36.3	35.9	436(+6)					曇		16.0	8.0	15.0	110.7	13.0	12	55.0	稍	**	**		グリフォン																																																									
2022103199	2025-10-24	笠松		7.0	にしの日仁志乃記念(C)								大原浩司		ダ1400				1:30.8	0.4		6-5-6		39.9	438(+2)				10.0	曇		8.0	4.0	4.0	4.2	3.0	3	55.0	良	**	**		サツキバラード																																																									
2022103199	2025-11-06	笠松		7.0	C4組								大原浩司		ダ1400				1:31.9	0.8		5-4-4		39.8	438(0)				6.0	晴		10.0	3.0	3.0	7.8	3.0	4	55.0	良	**	**		ニホンピロペリー																																																									
2022103199	2026-01-09	笠松		3.0	C8組								深澤杏花		ダ1400				1:32.3	0.7		5-6-5		40.3	438(0)				6.0	晴		10.0	8.0	9.0	3.0	2.0	4	53.0	良	**	**		カミガミノウタゲ																																																									
2022103206	2024-12-22	5中山8		6.0	2歳新馬								石川裕紀		芝1600				1:36.7	0.1		7-5-4	36.2-35.6	35.3	450(0)				110.0	晴		15.0	6.0	10.0	40.6	7.0	4	55.0	良	**	**		ディオデルマーレ																																																									
2022103206	2025-01-19	1中山7		12.0	3歳未勝利								石川裕紀		芝1600				1:35.7	0.0		12-11-8	35.6-35.8	34.6	450(0)				84.0	小雨		16.0	6.0	12.0	9.1	5.0	4	55.0	良	**	**		ショウナンマリーナ																																																									
2022103206	2025-02-15	1東京5		6.0	3歳未勝利								田辺裕信		芝1800				1:49.2	1.3		3-2-3	36.4-34.6	35.8	446(-4)					晴		16.0	6.0	11.0	5.0	3.0	11	55.0	良	**	**		マリアイリダータ																																																									
2022103206	2025-06-21	1函館3		7.0	3歳未勝利								横山武史		芝1800				1:49.4	2.5		8-9-8-9	34.9-35.4	37.2	446(0)					曇		16.0	8.0	16.0	25.8	6.0	15	55.0	良	**	**		ハートメテオ																																																									
2022103206	2025-07-12	1函館9		1.0	3歳未勝利								北村友一		芝1200				1:09.9	1.8		12-11	33.1-35.0	34.6	446(0)					晴		14.0	8.0	14.0	67.3	11.0	12	55.0	良	**	**		セゾンデフィーユ																																																									
2022103211	2024-10-20	5京都6		3.0	2歳新馬								武豊		ダ1200				1:12.2	-1.8		1-1	35.9-36.3	36.3	500(0)				720.0																																											晴		16.0	3.0	5.0	2.3	1.0	1	56.0	稍	**	**		(トップレジェンド)															
2022103211	2024-12-08	7京都4		6.0	2歳1勝クラス								武豊		ダ1200				1:12.6	1.4		6-4	35.1-36.1	36.8	508(+8)				120.0																																											曇		10.0	5.0	5.0	1.6	1.0	4	56.0	良	**	**		アメリカンステージ															
2022103211	2025-04-20	2阪神8		6.0	3歳1勝クラス								横山典弘		ダ1200				1:12.7	0.0		12-6	35.1-37.6	36.9	504(-4)				800.0																																											曇		16.0	7.0	14.0	2.2	1.0	1	57.0	良	**	**		(ルークススペイ)															
2022103211	2026-01-05	1京都2		8.0	4歳以上2勝クラス								武豊		ダ1200				1:13.2	0.7		11-10	35.8-36.7	36.3	520(+16)																																															晴		15.0	3.0	4.0	4.2	1.0	7	58.0	良	**	**		イリフィ															
2022103229	2024-08-24	2中京5		5.0	2歳新馬								菱田裕二		芝1600				1:36.4	1.3		6-6-6	36.4-34.5	35.2	458(0)																																															晴		16.0	2.0	4.0	36.2	8.0	8	55.0	良	**	**		ショウナンラフィネ															
2022103229	2024-09-14	3中京3		1.0	2歳未勝利								菱田裕二		ダ1400				1:25.8	0.5		2-2	35.3-37.6	38.0	452(-6)				83.0																																											晴		9.0	5.0	5.0	6.2	3.0	4	55.0	良	**	**		ヤマニンシュラ															
2022103229	2024-11-02	6京都1		2.0	2歳未勝利								浜中俊		ダ1200				1:13.4	2.7		2-2	34.8-35.9	38.4	460(+8)				83.0																																											雨		11.0	7.0	9.0	6.1	3.0	4	56.0	不	**	**		アメリカンステージ															
2022103229	2024-11-24	6京都8		1.0	2歳未勝利								浜中俊		ダ1200				1:13.8	1.2		4-4	35.2-37.4	38.1	470(+10)																																															曇		16.0	8.0	16.0	8.6	5.0	8	56.0	良	**	**		レーンアジリティ															
2022103229	2025-02-09	1京都4		1.0	3歳未勝利								幸英明		ダ1200				1:13.5	-1.1		2-2	37.0-36.5	36.3	476(+6)				560.0																																											晴		13.0	8.0	13.0	4.5	2.0	1	57.0	稍	**	**		(ドゥドゥ)															
2022103229	2025-03-02	1阪神2		4.0	3歳1勝クラス								幸英明		ダ1200				1:14.3	1.8		5-2	35.6-36.9	38.4	474(-2)																																															小雨		16.0	7.0	13.0	75.2	12.0	14	57.0	良	**	**		ヤマニンチェルキ															
2022103229	2025-06-14	3阪神3		7.0	3歳以上1勝クラス								国分恭介		ダ1200				1:13.6	1.2		9-9	35.3-37.1	37.4	468(-6)																																															小雨		16.0	8.0	15.0	58.2	10.0	8	55.0	重	**	**		プレアデスグループ															
2022103229	2025-08-02	3中京3		10.0	3歳以上1勝クラス								吉村誠之		ダ1400				1:25.2	0.7		6-5	34.0-38.8	38.3	458(-10)				200.0																																											晴		13.0	6.0	8.0	42.8	8.0	3	54.0	良	**	**		カルパ															
2022103229	2025-08-24	4中京2		12.0	3歳以上1勝クラス								菱田裕二		ダ1400				1:25.5	0.9		7-7	34.3-38.4	38.6	458(0)				120.0																																											晴		14.0	6.0	10.0	29.8	7.0	4	55.0	良	**	**		ダイシンリンク															
2022103229	2025-09-15	4阪神5		12.0	3歳以上1勝クラス								菱田裕二		ダ1400				1:24.8	0.1		4-2	35.4-37.0	36.8	462(+4)				320.0																																											晴		15.0	8.0	15.0	30.1	10.0	2	56.0	良	**	**		タマモティーカップ															
2022103229	2025-10-04	3京都1		6.0	3歳以上1勝クラス								菱田裕二		ダ1400				1:23.4	0.9		4-4	33.6-37.3	37.8	462(0)																																															曇		16.0	3.0	6.0	9.4	5.0	7	56.0	不	**	**		サンダーロード															
2022103229	2025-11-30	4京都8		4.0	3歳以上1勝クラス								菱田裕二		ダ1400				1:25.5	0.3		3-4	34.6-38.0	37.9	468(+6)				200.0																																											晴		16.0	2.0	3.0	12.2	5.0	3	57.0	良	**	**		アンビシャスヨシノ															
2022103229	2025-12-20	5中京5		7.0	3歳以上1勝クラス								菱田裕二		ダ1400				1:26.0	0.7		7-5	35.6-37.2	37.3	468(0)																																															小雨		15.0	3.0	6.0	8.9	5.0	8	57.0	稍	**	**		ペイドラロワール															
2022103229	2025-12-28	5阪神8		7.0	3歳以上1勝クラス								菱田裕二		ダ1400				1:24.8	0.9		12-9	34.3-37.3	37.1	470(+2)				120.0																																											晴		16.0	6.0	12.0	12.4	6.0	4	57.0	良	**	**		ニューオーリンズ															
2022103231	2025-02-01	1京都1	曇	5.0	3歳新馬		16.0	7.0	13.0	37.1	10.0	16	ルメート	55.0	ダ1400		良	**	1:31.8	4.8	**	16-16	36.6-37.3	39.9	516(0)			ラブミーナッソー																																																																								
2022103231	2025-02-22	1京都7	晴	2.0	3歳未勝利		15.0	5.0	9.0	352.9	12.0	14	城戸義政	55.0	ダ1200		良	**	1:16.1	2.9	**	15-15	35.9-37.3	38.1	510(-6)			シークザドリーム																																																																								
2022103231	2025-03-16	1阪神6	小雨	1.0	3歳未勝利		16.0	7.0	13.0	202.4	14.0	15	角田大和	55.0	ダ1200		稍	**	1:16.9	3.9	**	16-16	35.9-37.1	39.1	510(0)			モンテディアーナ																																																																								
2022103231	2025-04-06	2阪神4	晴	1.0	3歳未勝利		16.0	1.0	1.0	362.3	14.0	10	田山旺佑	52.0	ダ1200		良	**	1:15.1	1.7	**	9-8	35.5-37.9	38.6	504(-6)			バシリス																																																																								
2022103231	2025-06-21	3阪神5	晴	3.0	3歳未勝利		16.0	7.0	14.0	108.5	10.0	10	河原田菜	51.0	ダ1200		良	**	1:15.4	3.0	**	8-8	35.4-37.0	39.3	508(+4)			ウルスクローム																																																																								
2022103231	2025-08-21	園田	晴	9.0	C2二		10.0	5.0	5.0	8.1	4.0	2	山本屋太	54.0	ダ1400		良	**	1:32.5	0.2	**	1-1-1-1		41.2	503(-5)			クツワノセキトリ	28.0																																																																							
2022103231	2025-09-11	園田	曇	7.0	C2二		10.0	7.0	8.0	2.9	2.0	5	山本屋太	54.0	ダ1400		重	**	1:34.0	0.8	**	2-2-2-3		40.8	500(-3)			サトノハルモニア	7.0																																																																							
2022103231	2025-10-03	園田	雨	12.0	C2		11.0	6.0	8.0			取	山本屋太	54.0	ダ1400		稍	**			**				計不			スプリガン																																																																								
2022103231	2025-11-12	園田	曇	5.0	柏原町挙田スプリ(C2)		12.0	1.0	1.0	48.1	8.0	7	山本屋太	55.0	ダ1230		稍	**	1:23.3	2.0	**	4-3-5-3		41.2	494(-6)			テーオーヴァルナイ																																																																								
2022103231	2025-12-10	園田	晴	5.0	冬霞パカ・リュミエー(C2)		12.0	8.0	11.0	8.7	5.0	2	山本屋太	55.0	ダ820		良	**	0:50.3	0.1	**	2-2		36.1	493(-1)			メイショウマサツラ	28.0																																																																							
2022103231	2026-01-03	園田	曇	9.0	午年も声優が叫ぶパカ(C2)		12.0	4.0	4.0	3.6	2.0	1	高橋愛叶	54.0	ダ820		良	**	0:50.8	0.0	**	1-1		36.8	497(+4)			(バフェ)	90.0																																																																							
2022103241	2024-11-30	7京都1	晴	5.0	2歳新馬		13.0	5.0	7.0	56.5	8.0	12	岩田望来	56.0	芝1800		良	**	1:52.2	2.8	**	1-2	37.5-33.1	35.9	488(0)			マディソンガール																																																																								
2022103241	2025-02-02	1小倉4	曇	1.0	3歳未勝利		15.0	6.0	11.0	57.5	11.0	12	松本大輝	56.0	ダ1700		不	**	1:51.7	6.5	**	10-11-14-13	29.3-38.5	42.0	484(-4)			ローズマイスター																																																																								
2022103241	2025-03-15	2中京1	曇	4.0	3歳未勝利		15.0	5.0	9.0	146.9	13.0	13	河原田菜	53.0	ダ1800		良	**	1:58.0	2.7	**	2-2-3-3	37.3-38.8	41.2	480(-4)			カミノレアル																																																																								
2022103241	2025-04-06	2阪神4	晴	3.0	3歳未勝利		16.0	6.0	11.0	306.6	14.0	13	柴田裕一	54.0	ダ1400		良	**	1:28.8	2.9	**	1-2	35.5-37.7	40.6	482(+2)			ザックザク																																																																								
2022103241	2025-05-20	金沢	曇	1.0	3歳B　5		9.0	5.0	5.0	1.2	1.0	1	中島龍也	57.0	ダ1400		良	**	1:30.1	-0.8	**	1-1-1-1		38.9	483(+1)			(クインズパフェ)	43.0																																																																							
2022103241	2025-06-03	金沢	雨	6.0	パープルトルマリン特(3歳)		11.0	8.0	11.0	1.5	1.0	5	中島龍也	57.0	ダ1400		不	**	1:30.3	0.3	**	6-5-4-3		39.8	482(-1)			イクアンロー	4.5																																																																							
2022103241	2025-06-17	金沢	晴	6.0	3歳B　2		10.0	2.0	2.0	2.6	2.0	4	中島龍也	57.0	ダ1500		良	**	1:36.9	0.3	**	1-1-1-1		39.9	481(-1)			フェルナンダ	5.1																																																																							
2022103241	2025-07-15	金沢	曇	9.0	金沢競馬3歳Bプレミ		12.0	8.0	12.0	3.2	1.0	2	中島龍也	57.0	ダ1500		良	**	1:38.1	0.7	**	1-1-1-1		39.8	482(+1)			エイトビートレター	15.3																																																																							
2022103241	2025-07-29	金沢	晴	9.0	カーネリアン特別(3歳)		8.0	1.0	1.0	1.5	1.0	6	中島龍也	57.0	ダ1400		良	**	1:33.8	4.2	**	4-4-3-3		43.0	482(0)			ネガイハカナウ																																																																								
2022103241	2025-09-23	金沢	曇	4.0	C26		11.0	4.0	4.0	17.5	4.0	9	柴田勇真	57.0	ダ1400		良	**	1:33.0	2.9	**	3-3-5-5		41.2	474(-8)			ベルアーブル																																																																								
2022103241	2025-11-05	金沢	曇	6.0	全日本松井家柳井家ウ(C2特別)		8.0	2.0	2.0	7.2	3.0	8	中島龍也	57.0	ダ1400		稍	**	1:37.0	6.2	**	2-2-3-6		46.7	471(-3)			ビヨンドザシーン																																																																								
2022103241	2025-11-17	金沢	曇	7.0	C23		8.0	4.0	4.0	4.7	2.0	8	中島龍也	57.0	ダ1500		良	**	1:44.9	5.1	**	1-1-1-3		46.3	461(-10)			サイモンバズユー																																																																								
2022103246	2024-12-22	5中山8		5.0	2歳新馬								津村明秀		ダ1200				1:16.7	3.5		1-3	35.2-38.0	41.5	464(0)					晴		16.0	1.0	1.0	29.4	7.0	11	55.0	良	**	**		シュヴァルボヌール																																																									
2022103246	2025-01-26	1中山9		1.0	3歳未勝利								横山和生		ダ1200				1:15.1	2.4		2-3	34.2-38.5	40.7	454(-10)					晴		16.0	3.0	6.0	113.0	13.0	14	55.0	良	**	**		イズルード																																																									
2022103246	2025-04-20	1福島4		1.0	3歳未勝利								小林美駒		ダ1150				1:11.8	3.0		13-13	31.4-37.4	36.5	454(0)					曇		16.0	3.0	5.0	57.7	8.0	13	51.0	良	**	**		ファムエレガンテ																																																									
2022103246	2025-05-17	2東京7		1.0	3歳未勝利								遠藤汰月		ダ1400				1:27.5	2.5		16-16	34.8-37.9	37.7	450(-4)					雨		16.0	2.0	3.0	294.7	12.0	11	52.0	稍	**	**		エイミームーン																																																									
2022103246	2025-07-26	2新潟1		5.0	3歳未勝利								遠藤汰月		芝1800				1:48.2	2.2		11-11	35.2-33.5	34.9	460(+10)					晴		18.0	2.0	4.0	379.7	17.0	18	52.0	良	**	**		ボウウィンドウ																																																									
2022103246	2025-09-22	水沢		2.0	3歳C2六組								菅原辰徳		ダ1300				1:26.1	3.9		3-3-3-7		41.8	486(+26)					晴		11.0	6.0	7.0	29.1	7.0	10	54.0	稍	**	**		フォーエリーゼ																																																									
2022103246	2025-09-28	水沢		4.0	C2十一組								佐々木志		ダ1300				1:28.1	4.5		2-2-6-7		43.9	476(-10)					晴		9.0	8.0	8.0	39.0	7.0	8	54.0	良	**	**		ショウナンナスカ																																																									
2022103246	2025-10-13	盛岡		1.0	C2								菅原辰徳		ダ1000				1:01.0	0.8		1-1		37.3	470(-6)				14.0	晴		11.0	1.0	1.0	9.1	6.0	2	54.0	良	**	**		ファータフィオーレ																																																									
2022103246	2025-10-19	盛岡		2.0	C2								菅原辰徳		ダ1000				0:59.1	-0.8		1-1		35.2	461(-9)				40.0	曇		11.0	5.0	5.0	2.3	1.0	1	54.0	重	**	**		(シプレーノート)																																																									
2022103246	2025-10-28	盛岡		2.0	C2三組								菅原辰徳		ダ1400				1:27.3	1.4		1-1		39.7	467(+6)				2.8	曇		10.0	2.0	2.0	8.4	6.0	5	54.0	稍	**	**		サンタアナウインド																																																									
2022103246	2025-11-11	盛岡		2.0	C2								菅原辰徳		ダ1000				0:59.7	-0.1		1-1		35.8	469(+2)				40.0	晴		10.0	6.0	6.0	4.5	3.0	1	54.0	稍	**	**		(ファータフィオーレ)																																																									
2022103246	2025-11-17	盛岡		2.0	C2								菅原辰徳		ダ1000				1:01.6	0.4		2-3		38.1	467(-2)					曇		12.0	2.0	2.0	1.5	1.0	6	54.0	稍	**	**		トウヨウノマジョ																																																									
2022103246	2025-12-02	水沢		10.0	レックススタッド特別(C1)								菅原辰徳		ダ1400				1:33.5	3.6		2-2-4-9		43.3	473(+6)					曇		10.0	8.0	9.0	26.8	5.0	10	54.0	稍	**	**		ファリア																																																									
2022103246	2025-12-14	水沢		6.0	C1								菅原辰徳		ダ850				0:52.1	-0.2		1-1		37.2	468(-5)				50.0	小雨		10.0	3.0	3.0	1.9	1.0	1	54.0	不	**	**		(プレイフルネス)																																																									
2022103246	2025-12-31	水沢		6.0	C1								佐々木志		ダ850				0:51.8	0.8		8-7		36.4	465(-3)					曇		9.0	2.0	2.0	16.7	5.0	9	54.0	重	**	**		コスモタラゴン																																																									
2022103251	2024-12-22	7京都8		6.0	2歳新馬								菱田裕二		芝1800				1:50.2	0.3		5-5	37.0-35.0	35.0	446(0)				290.0	曇		14.0	7.0	11.0	16.0	7.0	2	56.0	良	**	**		マトラコーニッシュ																																																									
2022103251	2025-01-18	1中京6		5.0	3歳未勝利								菱田裕二		芝2000				2:01.3	0.5		14-14-8-4	35.4-35.0	35.2	444(-2)				220.0	晴		18.0	3.0	6.0	14.3	8.0	2	57.0	良	**	**		トッピボーン																																																									
2022103251	2025-03-15	1阪神5		5.0	3歳未勝利								菱田裕二		芝1800				1:49.0	1.4		11-11	36.4-34.2	34.7	440(-4)					小雨		18.0	6.0	12.0	9.0	4.0	16	57.0	良	**	**		レッドフェルメール																																																									
2022103251	2025-04-13	2阪神6		4.0	3歳未勝利								松山弘平		芝2000				2:01.9	0.0		10-10-9-7	36.6-35.4	34.6	438(-2)				560.0	小雨		14.0	8.0	15.0	7.3	4.0	1	57.0	良	**	**		(メイショウキンタイ)																																																									
2022103251	2025-08-24	2札幌2		9.0	ルスツ特別(1勝クラス)								松山弘平		芝2000				2:03.7	2.4		8-10-9-9	36.3-36.3	37.6	450(+12)					晴		13.0	8.0	13.0	7.0	3.0	11	55.0	良	**	**		コスモアバンサ																																																									
2022103251	2025-12-06	5中京1		8.0	3歳以上1勝クラス								小沢大仁		芝2000				1:59.9	0.9		14-12-11-12	36.4-34.3	34.0	446(-4)					晴		18.0	7.0	15.0	17.5	8.0	10	57.0	良	**	**		アオイタケル																																																									
2022103251	2025-12-20	5中京5		8.0	ヤングJSFR中京1(1勝クラス)								谷内貫太		芝2000				2:01.5	1.4		12-12-12-12	36.2-35.9	35.8	444(-2)					小雨		16.0	5.0	9.0	7.1	5.0	13	57.0	稍	**	**		モアリジット																																																									
2022103258	2025-04-06	2阪神4	晴	1.0	3歳未勝利		16.0	8.0	15.0	230.7	12.0	13	柴田裕一	52.0	ダ1200		良	**	1:16.1	2.7	**	15-15	35.5-37.9	37.3	476(0)			バシリス																																																																								
2022103258	2025-05-17	1新潟5	雨	2.0	3歳未勝利		15.0	5.0	8.0	131.2	12.0	7	柴田裕一	52.0	ダ1200		稍	**	1:13.9	1.2	**	15-15	34.9-37.8	37.0	474(-2)			アイアンソリッド																																																																								
2022103258	2025-06-07	3阪神1	晴	1.0	3歳未勝利		15.0	5.0	9.0	119.1	12.0	10	浜中俊	55.0	ダ1400		良	**	1:27.4	1.7	**	11-11	35.4-37.6	38.4	474(0)			ルクスデイジー																																																																								
2022103258	2025-08-10	3中京6	曇	5.0	3歳未勝利		16.0	6.0	12.0	188.2	14.0	12	加藤祥太	55.0	ダ1400		良	**	1:27.5	1.6	**	12-12	35.5-38.4	39.0	472(-2)			クインズメレンゲ																																																																								
2022103258	2025-09-22	水沢	晴	2.0	3歳C2六組		11.0	7.0	9.0	4.0	3.0	2	高橋悠里	54.0	ダ1300		稍	**	1:22.7	0.5	**	7-4-1-1		38.2	472(0)			フォーエリーゼ	17.5																																																																							
2022103258	2025-10-05	水沢	曇	4.0	C2十組		10.0	8.0	10.0	1.8	1.0	1	高橋悠里	54.0	ダ1300		稍	**	1:24.2	-0.7	**	2-2-2-1		38.8	478(+6)			(オプティクス)	40.0																																																																							
2022103258	2025-10-14	盛岡	曇	3.0	C2二組		9.0	5.0	5.0	5.6	3.0	3	高橋悠里	54.0	ダ1400		良	**	1:27.7	0.3	**	6-5		37.7	469(-9)			トンヤイビーン	8.0																																																																							
2022103258	2025-10-28	盛岡	曇	3.0	C2二組		10.0	8.0	10.0	1.1	1.0	1	高橋悠里	54.0	ダ1400		稍	**	1:26.9	-0.2	**	3-2		38.8	472(+3)			(タイシロンブレード)	40.0																																																																							
2022103258	2025-11-04	盛岡	晴	4.0	C2一組		10.0	2.0	2.0	9.6	4.0	4	高橋悠里	54.0	ダ1400		稍	**	1:27.1	0.4	**	10-6		36.9	470(-2)			トウカイディアマン	5.2																																																																							
2022103258	2025-11-18	盛岡	曇	4.0	C2一組		10.0	2.0	2.0	22.2	6.0	2	高橋悠里	54.0	ダ1400		良	**	1:26.8	0.0	**	7-5		38.2	465(-5)			トウカイディアマン	14.0																																																																							
2022103258	2025-12-01	水沢	曇	10.0	シュラブローズ賞(C1)		12.0	6.0	8.0	8.3	4.0	5	高橋悠里	54.0	ダ1600		稍	**	1:45.4	1.3	**	7-8-5-6		39.6	474(+9)			ドラマツルギー	3.5																																																																							
2022103258	2025-12-16	水沢	小雨	10.0	C1二組		12.0	3.0	3.0	18.2	4.0	4	高橋悠里	54.0	ダ1600		重	**	1:41.3	0.8	**	4-4-5-4		38.1	473(-1)			ビスケットマリー	6.5																																																																							
2022103258	2026-01-13	大井	晴	2.0	C3六　七		15.0	2.0	3.0	7.4	2.0	2	和田譲治	54.0	ダ1200		良		1:16.2	1.4		9-8	37.4-37.4	37.6	477(+4)			デュピュイドローム	32.0																																																																							
2022103263	2024-06-08	1函館1	晴	5.0	2歳新馬		11.0	8.0	10.0	5.2	3.0	4	角田大河	54.0	芝1000		良	**	0:58.2	0.6	**	8-6	33.8-34.8	33.7	466(0)			ヒデノブルースカイ	110.0																																																																							
2022103263	2024-06-22	1函館5	晴	1.0	2歳未勝利		9.0	2.0	2.0	7.0	4.0	5	角田大河	54.0	芝1200		良	**	1:10.6	0.7	**	3-3	33.8-36.1	36.5	464(-2)			モジャーリオ	55.0																																																																							
2022103263	2024-07-27	1札幌3	曇	1.0	2歳未勝利		10.0	2.0	2.0	14.3	4.0	4	角田大河	54.0	芝1800		良	**	1:50.0	0.3	**	6-6-7-8	37.0-35.7	35.0	466(+2)			シマサンブラック	83.0																																																																							
2022103263	2024-08-10	2札幌1	曇	1.0	2歳未勝利		7.0	7.0	7.0	10.2	4.0	6	高杉吏麒	52.0	芝1800		良	**	1:50.3	0.9	**	4-5-7-5	37.5-34.9	35.2	458(-8)			テリオスララ																																																																								
2022103263	2024-09-21	3中京6	晴	2.0	2歳未勝利		9.0	1.0	1.0	11.5	7.0	8	松山弘平	55.0	芝2000		良	**	2:03.6	1.3	**	9-9-9-9	37.5-35.2	34.9	458(0)			サンライズグラシア																																																																								
2022103263	2024-12-01	4中京2	晴	5.0	2歳未勝利		8.0	5.0	5.0	16.7	5.0	4	永島まな	54.0	芝2000		良	**	2:03.5	0.8	**	8-8-8-8	36.3-34.5	34.8	462(+4)			インターポーザー	83.0																																																																							
2022103263	2024-12-14	4中京5	晴	5.0	2歳未勝利		18.0	3.0	5.0	45.0	6.0	9	長浜鴻緒	53.0	芝2000		良	**	2:03.9	1.3	**	16-15-16-17	36.8-35.3	35.2	462(0)			ノラリクラリ																																																																								
2022103263	2025-01-18	1中京6	晴	5.0	3歳未勝利		18.0	6.0	11.0	125.2	16.0	5	太宰啓介	57.0	芝2000		良	**	2:02.2	1.4	**	14-15-15-14	35.4-35.0	35.5	466(+4)			トッピボーン	56.0																																																																							
2022103263	2025-02-09	1京都4	晴	6.0	3歳未勝利		13.0	8.0	13.0	12.1	6.0	2	丹内祐次	57.0	芝2200		稍	**	2:16.1	0.4	**	11-12-12-11	35.2-36.4	35.8	466(0)			ホウオウアートマン	220.0																																																																							
2022103263	2025-03-08	1阪神3	曇	6.0	3歳未勝利		10.0	4.0	4.0	4.1	2.0	3	武豊	57.0	芝2400		良	**	2:26.9	0.5	**	7-7-7-8	36.8-34.4	34.3	464(-2)			ジーティーダーリン	140.0																																																																							
2022103263	2025-03-22	1阪神7	晴	5.0	3歳未勝利		15.0	2.0	3.0	2.9	1.0	5	武豊	57.0	芝2400		良	**	2:33.5	0.3	**	14-15-13-11	37.8-34.0	33.5	464(0)			ダノンカゼルタ	56.0																																																																							
2022103263	2025-04-06	2阪神4	晴	4.0	3歳未勝利		14.0	7.0	12.0	2.5	1.0	3	古川吉洋	57.0	芝2400		良	**	2:27.2	0.6	**	9-8-8-6	36.2-35.5	35.4	464(0)			セイキュート	140.0																																																																							
2022103263	2025-04-27	2東京2	晴	4.0	3歳未勝利		11.0	8.0	10.0	4.9	2.0	6	横山典弘	57.0	芝2400		良	**	2:28.6	1.2	**	10-10-10-9	36.4-34.3	34.6	466(+2)			レヴーズマン																																																																								
2022103263	2025-05-31	2東京11	雨	2.0	3歳未勝利		16.0	2.0	4.0	7.9	4.0	1	石橋脩	57.0	芝2400		稍	**	2:31.3	0.0	**	12-12-12-12	37.7-36.1	35.3	468(+2)			(オビドス)	560.0																																																																							
2022103263	2025-08-16	1札幌7	晴	7.0	3歳以上1勝クラス		9.0	4.0	4.0	3.1	1.0	9	武豊	55.0	芝2600		良	**	2:46.9	4.5	**	5-5-8-9	38.4-35.5	39.0	492(+24)			ラーシャローム																																																																								
2022103263	2025-10-12	4東京4	曇	8.0	3歳以上1勝クラス		11.0	8.0	11.0	36.9	9.0	10	石橋脩	55.0	芝2400		良	**	2:26.0	1.1	**	11-11-11-11	37.3-34.3	34.3	476(-16)			アロンズロッド																																																																								
2022103263	2025-10-26	4新潟4	雨	7.0	3歳以上1勝クラス		15.0	2.0	3.0	108.7	14.0	14	中井裕二	56.0	芝2000		稍	**	2:03.7	2.2	**	6-7	36.4-34.7	36.3	472(-4)			ディヴァインスター																																																																								
2022103263	2025-12-07	5中京2	晴	12.0	栄特別(1勝クラス)		10.0	2.0	2.0	102.9	10.0	9	松本大輝	56.0	芝2200		良	**	2:13.6	1.5	**	6-6-7-6	35.1-34.9	35.0	478(+6)			ホウオウレイヴン																																																																								
2022103263	2025-12-20	5中京5	曇	6.0	3歳以上1勝クラス		16.0	8.0	15.0	42.8	9.0	4	藤懸貴志	57.0	ダ1800		稍	**	1:54.8	0.9	**	12-12-15-14	37.8-38.0	37.3	476(-2)			タガノヘラクレス	120.0																																																																							
2022103281	2024-11-10	6京都4	晴	5.0	2歳新馬		10.0	7.0	7.0	166.9	10.0	10	酒井学	56.0	芝2000		良	**	2:04.3	3.4	**	9-7-10-10	37.5-34.8	36.5	432(0)			エコロディノス																																																																								
2022103281	2024-12-01	4中京2	晴	1.0	2歳未勝利		12.0	4.0	4.0	265.3	11.0	9	国分優作	56.0	ダ1800		良	**	1:57.0	3.8	**	12-12-8-7	37.3-37.1	39.9	422(-10)			ミライヘノカギ																																																																								
2022103281	2025-01-13	1中京5	晴	3.0	3歳未勝利		16.0	4.0	8.0	371.1	16.0	14	国分優作	57.0	ダ1900		良	**	2:05.5	3.1	**	15-15-16-16	30.4-38.8	39.7	426(+4)			ジーティーアメリカ																																																																								
2022103281	2025-01-26	1中京9	晴	6.0	3歳未勝利		16.0	7.0	14.0	620.1	16.0	10	国分優作	57.0	芝2200		良	**	2:16.9	1.4	**	14-14-15-12	35.3-35.7	36.2	426(0)			ビゾー																																																																								
2022103281	2025-02-09	1京都4	晴	6.0	3歳未勝利		13.0	7.0	11.0	188.6	11.0	7	国分優作	57.0	芝2200		稍	**	2:16.6	0.9	**	13-13-10-8	35.2-36.4	36.4	426(0)			ホウオウアートマン																																																																								
2022103281	2025-02-22	1京都7	晴	5.0	3歳未勝利		15.0	7.0	12.0	197.1	12.0	9	国分優作	57.0	芝2400		良	**	2:30.3	1.9	**	15-14-10-11	35.5-34.6	35.6	424(-2)			ロットブラータ																																																																								
2022103281	2025-04-06	2阪神4	晴	4.0	3歳未勝利		14.0	4.0	6.0	41.3	9.0	11	高杉吏麒	56.0	芝2400		良	**	2:29.5	2.9	**	14-13-8-6	36.2-35.5	37.7	426(+2)			セイキュート																																																																								
2022103281	2025-04-19	2阪神7	晴	4.0	3歳未勝利		16.0	4.0	7.0	223.2	15.0	6	高杉吏麒	56.0	芝2200		良	**	2:14.9	1.2	**	14-15-13-10	34.8-35.6	36.1	426(0)			ファーングロット																																																																								
2022103281	2025-06-01	2京都12	晴	5.0	3歳未勝利		13.0	1.0	1.0	220.7	13.0	8	国分優作	57.0	芝2400		良	**	2:28.7	1.1	**	11-11-8-9	35.8-34.6	35.0	426(0)			ジョイボーイ																																																																								
2022103281	2025-06-15	3阪神4	曇	4.0	3歳未勝利		15.0	6.0	11.0	163.2	11.0	9	ディー	57.0	芝2200		重	**	2:16.1	1.1	**	15-15-14-13	35.0-36.4	36.6	424(-2)			ピエタンツァ																																																																								
2022103281	2025-07-06	2小倉4	晴	4.0	3歳未勝利		18.0	5.0	9.0	197.2	17.0	13	西塚洸二	56.0	芝2000		良	**	2:02.9	0.9	**	15-14-16-15	35.4-37.0	36.7	420(-4)			ダノンジャガー																																																																								
2022103281	2025-07-26	3中京1	晴	11.0	3歳未勝利		14.0	2.0	2.0	33.4	7.0	6	幸英明	57.0	芝2000		良	**	2:02.2	0.8	**	14-14-14-14	36.6-35.3	34.6	428(+8)			オーバースタンド																																																																								
2022103281	2025-08-16	3中京7	晴	3.0	3歳未勝利		18.0	7.0	15.0	94.9	13.0	11	国分優作	57.0	芝2200		良	**	2:13.6	1.2	**	18-18-18-17	35.5-35.1	34.4	430(+2)			テレプシコーラ																																																																								
2022103281	2025-09-11	笠松	曇	1.0	3歳12組		7.0	3.0	3.0	1.2	1.0	1	渡辺竜也	57.0	ダ1400		良	**	1:33.0	-0.4	**	5-5-4		40.1	439(+9)			(コルニーシュ)	45.0																																																																							
2022103281	2025-09-23	笠松	曇	3.0	山口莉瑚さま生誕祝賀(3歳)		8.0	7.0	7.0	18.9	5.0	3	塚本征吾	57.0	ダ1400		良	**	1:31.9	1.1	**	5-5-3		39.6	433(-6)			エイシンクァンタム	11.3																																																																							
2022103281	2025-10-08	笠松	晴	2.0	好きです笠松競馬(C)		9.0	3.0	3.0	3.4	2.0	1	渡辺竜也	57.0	ダ1400		良	**	1:32.0	-0.1	**	4-4-4		40.1	436(+3)			(アドミリング)	40.0																																																																							
2022103281	2025-10-24	笠松	曇	6.0	てんびん座特別(C)		9.0	8.0	8.0	39.2	7.0	6	丸野勝虎	57.0	ダ1400		良	**	1:30.7	1.6	**	9-9-9		38.8	441(+5)			ハワイアンアイコン																																																																								
2022103281	2025-11-04	笠松	曇	3.0	橙理1歳おめでとう記(CC)		12.0	5.0	6.0	15.9	4.0	3	丸野勝虎	57.0	ダ1400		良	**	1:31.0	1.2	**	6-8-6		39.4	431(-10)			ウインヘリオドール	10.0																																																																							
2022103281	2025-12-19	川崎	晴	5.0	ティング賞(3歳)		9.0	6.0	6.0	26.7	7.0	4	町田直希	56.0	ダ1400		稍	**	1:33.4	1.1	**	6-5-6-4	40.0-39.8	40.7	437(+6)			ジンガー	18.0																																																																							
2022103281	2026-01-01	川崎	晴	4.0	五煙草賞(C3)		14.0	7.0	12.0	7.7	3.0	4	桑村真明	56.0	ダ1500		稍	**	1:40.3	0.2	**	9-9-10-10	30.4-41.8	39.1	432(-5)			ヘウレシス	12.0																																																																							
2022103290	2025-01-05	1中京1		4.0	3歳新馬								田口貫太		ダ1800				1:58.3	3.3		2-3-4-5	38.2-38.3	40.8	540(0)																																	晴		16.0	8.0	15.0	5.1	3.0	11	56.0	良	**	**		ソルナシエンテ																													
2022103290	2025-01-19	1中京7		2.0	3歳未勝利								田口貫太		ダ1800				1:56.7	2.1		7-6-6-7	38.3-38.1	39.1	542(+2)																																	曇		13.0	8.0	12.0	47.0	9.0	9	56.0	良	**	**		ロードトルネード																													
2022103290	2025-02-01	1京都1		4.0	3歳未勝利								田口貫太		ダ1900				2:02.5	1.1		6-6-6-6	30.1-37.7	38.4	542(0)				140.0																													晴		9.0	8.0	9.0	51.6	7.0	3	56.0	良	**	**		テルアスワッド																													
2022103290	2025-02-16	1京都6		1.0	3歳未勝利								田口貫太		ダ1900				2:03.0	0.0		2-2-2-2	30.1-39.7	39.6	542(0)				560.0																													曇		10.0	3.0	3.0	23.4	5.0	1	56.0	稍	**	**		(シャルクハフト)																													
2022103290	2025-03-08	1阪神3		4.0	3歳1勝クラス								田口貫太		ダ1800				1:55.2	1.1		5-4-4-4	37.1-38.1	38.9	544(+2)				120.0																													晴		12.0	3.0	3.0	43.8	10.0	4	57.0	良	**	**		メイショウズイウン																													
2022103290	2025-05-18	2京都8		5.0	3歳1勝クラス								田口貫太		ダ1800				1:52.9	1.7		4-4-4-4	36.2-36.4	37.7	544(0)																																	晴		13.0	2.0	2.0	12.2	4.0	12	57.0	重	**	**		タガノマカシヤ																													
2022103290	2026-01-12	1京都5		8.0	4歳以上1勝クラス								田口貫太		ダ1900				2:01.5	1.2		3-3-5-6	30.7-37.5	38.3	556(+12)																																	晴		15.0	6.0	11.0	25.0	8.0	9	57.0	良	**	**		グレイルクエスト																													
2022103290	2026-01-17	1京都6		8.0	4歳以上1勝クラス								田口貫太		ダ1800				1:57.4	4.6		2-2-2-5	36.7-37.0	41.4	556(0)																																	晴		8.0	3.0	3.0	26.0	7.0	8	57.0	良				ロカヒ																													
2022103308	2024-07-06	2福島3		5.0	2歳新馬								嶋田純次		芝1800				1:53.5	1.4		11-11-11-11	37.7-35.4	35.8	438(0)																																	曇		14.0	7.0	11.0	40.7	10.0	7	55.0	良	**	**		マーズオデッセイ																													
2022103308	2024-07-20	2福島7		2.0	2歳未勝利								嶋田純次		芝1800				1:51.2	1.2		11-11-10-11	35.9-36.4	37.0	436(-2)																																	曇		16.0	5.0	10.0	216.1	13.0	7	55.0	良	**	**		ソルエパトリオット																													
2022103308	2024-09-15	4中山4		2.0	2歳未勝利								嶋田純次		芝2000				2:01.5	1.3		7-6-13-8	34.9-35.8	35.8	442(+6)																																	晴		14.0	4.0	6.0	154.3	14.0	6	55.0	良	**	**		ヤコブセン																													
2022103308	2024-09-28	4中山8		9.0	芙蓉S(OP)								嶋田純次		芝2000				2:03.9	1.1		7-7-7-7	36.3-35.3	35.6	438(-4)																																	曇		9.0	4.0	4.0	212.4	9.0	8	55.0	良	**	**		ジェットマグナム																													
2022103308	2024-10-20	4新潟6		1.0	2歳未勝利								黛弘人		芝2000				2:03.8	0.6		6-6-6-7	36.8-36.6	36.7	430(-8)																																	晴		10.0	2.0	2.0	47.1	10.0	6	56.0	稍	**	**		ハイタイド																													
2022103308	2024-12-28	5中山9		4.0	2歳未勝利								丸田恭介		芝1800				1:49.4	0.4		12-13-14-12	36.8-36.4	35.4	454(+24)				55.0																													晴		16.0	3.0	6.0	112.4	13.0	5	56.0	良	**	**		ルージュミレネール																													
2022103308	2025-01-18	1中山6		5.0	3歳未勝利								丸田恭介		芝2000				2:01.5	1.3		16-15-14-13	36.1-35.4	35.1	460(+6)																																	晴		18.0	4.0	8.0	99.6	10.0	9	57.0	良	**	**		シェーンシュティア																													
2022103308	2025-02-16	1小倉8		5.0	3歳未勝利								小林脩斗		芝2000				2:02.3	0.0		7-7-10-6	36.8-36.3	35.4	450(-10)				220.0																													曇		14.0	4.0	5.0	27.3	8.0	2	55.0	良	**	**		オーシンエス																													
2022103308	2025-02-23	1小倉10		5.0	3歳未勝利								小林脩斗		芝2000				2:01.8	0.3		6-8-8-7	36.0-36.2	35.9	452(+2)																																	小雨		13.0	7.0	10.0	9.2	5.0	6	55.0	良	**	**		コスモアンソロジー																													
2022103308	2025-04-27	1福島6		5.0	3歳未勝利								小林脩斗		芝2000				2:00.6	0.8		5-4-5-6	34.6-35.7	36.1	442(-10)				56.0																													晴		13.0	3.0	4.0	22.8	6.0	5	57.0	良	**	**		ウインポセイドン																													
2022103308	2025-05-10	1新潟3		6.0	3歳未勝利								小林脩斗		芝2000				2:03.3	0.0		6-5-6-4	36.0-36.8	36.2	438(-4)				220.0																													曇		16.0	5.0	10.0	11.3	6.0	2	57.0	稍	**	**		マドモアゼルアスク																													
2022103308	2025-05-25	1新潟8		6.0	3歳未勝利								小林脩斗		芝2200				2:20.4	1.4		4-5-5-7	36.3-37.5	38.6	440(+2)																																	小雨		16.0	4.0	8.0	14.0	6.0	11	57.0	稍	**	**		トラストモアリズム																													
2022103308	2025-07-06	2福島4		7.0	3歳未勝利								嶋田純次		芝2000				2:02.2	0.4		5-5-4-2	34.6-37.3	37.0	440(0)				140.0																													曇		16.0	8.0	16.0	12.4	4.0	3	57.0	良	**	**		ウアーシュプルング																													
2022103308	2025-08-03	2新潟4		11.0	3歳未勝利								嶋田純次		芝2000				2:01.1	0.4		5-5-7-6	36.3-35.4	35.4	440(0)																																	晴		14.0	4.0	6.0	21.9	7.0	8	57.0	良	**	**		マカナ																													
2022103308	2025-08-16	2新潟7		12.0	3歳未勝利								嶋田純次		芝2000				2:01.2	0.3		12-13-10-9	36.2-35.7	35.3	442(+2)				84.0																													晴		17.0	1.0	2.0	18.7	8.0	4	57.0	良	**	**		スイートオレンジ																													
2022103308	2025-09-06	4中山1		7.0	3歳未勝利								嶋田純次		芝2000				1:59.6	-0.4		3-3-6-3	35.5-34.9	34.5	448(+6)				560.0																													晴		18.0	2.0	3.0	7.5	3.0	1	57.0	良	**	**		(スタニングヴュー)																													
2022103308	2025-12-27	5中山7		7.0	3歳以上1勝クラス								嶋田純次		芝2200				2:14.8	0.1		7-7-8-9	36.0-35.9	35.5	486(+38)				200.0																													曇		18.0	6.0	11.0	48.0	14.0	3	56.0	良	**	**		ウィッシュツリー																													
2022103308	2026-01-17	1中山6		7.0	4歳以上1勝クラス								嶋田純次		芝2200				2:12.5	0.5		3-4-4-4	36.6-35.6	35.8	484(-2)																																	晴		12.0	5.0	6.0	6.6	3.0	6	57.0	良				クリフハンガー																													
2022103310	2024-06-08	3東京3		5.0	2歳新馬								内田博幸		芝1600				1:36.0	0.9		3-2	37.4-33.8	34.4	472(0)				110.0																																											晴		8.0	7.0	7.0	24.5	5.0	4	55.0	良	**	**		コートアリシアン															
2022103310	2024-06-30	2福島2		1.0	2歳未勝利								内田博幸		芝1800				1:48.7	0.5		3-3-2-2	35.3-36.1	36.6	452(-20)				83.0																																											曇		7.0	7.0	7.0	3.8	2.0	4	55.0	良	**	**		ニシノタンギー															
2022103310	2024-10-27	4新潟8		1.0	2歳未勝利								嶋田純次		芝1800				1:48.3	0.7		8-7	35.1-35.0	35.4	468(+16)				220.0																																											晴		18.0	8.0	18.0	6.1	3.0	2	56.0	良	**	**		エルムラント															
2022103310	2024-11-16	3福島5		7.0	2歳未勝利								嶋田純次		芝1800				1:50.2	0.2		2-2-2-1	36.4-36.1	36.3	472(+4)				220.0																																											晴		16.0	5.0	9.0	5.0	2.0	2	56.0	良	**	**		エーオーキング															
2022103310	2024-12-08	5中山4		3.0	2歳未勝利								嶋田純次		芝1800				1:49.3	0.9		10-9-8-9	37.1-34.9	34.9	476(+4)																																															晴		12.0	8.0	12.0	6.8	5.0	8	56.0	良	**	**		ニシノエージェント															
2022103310	2025-04-13	1福島2		5.0	3歳未勝利								嶋田純次		芝1800				1:49.2	0.2		1-1-1-1	36.7-35.7	35.9	468(-8)				56.0																																											曇		16.0	1.0	1.0	4.8	2.0	5	57.0	良	**	**		マイネルフルムーン															
2022103310	2025-05-04	1新潟2		5.0	3歳未勝利								長浜鴻緒		芝2000				2:03.1	0.2		2-2-2-2	36.8-36.3	36.4	476(+8)				220.0																																											晴		16.0	8.0	15.0	4.4	2.0	2	55.0	稍	**	**		キャピタルリッチ															
2022103310	2025-05-25	1新潟8		6.0	3歳未勝利								長浜鴻緒		芝2200				2:19.9	0.9		1-1-1-1	36.3-37.5	38.4	476(0)																																															小雨		16.0	1.0	2.0	5.5	2.0	7	55.0	稍	**	**		トラストモアリズム															
2022103310	2025-06-29	2福島2		4.0	3歳未勝利								嶋田純次		芝2000				2:02.2	-0.2		3-3-3-4	36.5-35.2	35.0	470(-6)				560.0																																											晴		15.0	1.0	1.0	4.3	3.0	1	57.0	良	**	**		(ムーンストラック)															
2022103310	2025-09-06	4中山1		9.0	古作特別(1勝クラス)								嶋田純次		芝1800				1:48.0	0.6		3-3-2-3	36.4-33.9	34.2	474(+4)																																															晴		11.0	8.0	10.0	12.8	5.0	7	55.0	良	**	**		シャドウメテオ															
2022103310	2025-09-20	4中山6		7.0	3歳以上1勝クラス								嶋田純次		芝2000				2:00.5	0.0		4-3-3-3	35.9-35.0	34.7	476(+2)				800.0																																											曇		18.0	1.0	2.0	18.2	6.0	1	55.0	良	**	**		(ティティナ)															
2022103310	2025-10-26	3京都9		11.0	菊花賞(GI)								嶋田純次		芝3000				3:06.3	2.3		11-14-16-16	36.4-35.3	36.9	484(+8)																																															小雨		18.0	8.0	17.0	265.1	18.0	15	57.0	稍	**	**		エネルジコ															
2022103310	2025-12-14	5中京4		10.0	一宮特別(2勝クラス)								嶋田純次		芝2200				2:15.1	1.1		3-3-4-3	37.1-34.9	35.7	494(+10)				155.0																																											晴		10.0	6.0	6.0	10.2	4.0	5	56.0	稍	**	**		バルナバ															
2022103310	2026-01-05	1中山2		10.0	初日の出賞(2勝クラス)								嶋田純次		芝2000				2:01.9	0.3		2-2-2-2	37.1-34.6	34.8	488(-6)				240.0																																											晴		11.0	6.0	7.0	7.8	4.0	4	57.0	良	**	**		ダンツファイター															
2022103320	2024-11-09	3福島3		5.0	2歳新馬								嶋田純次		芝2000				2:05.5	0.8		16-16-16-7	36.7-36.4	35.8	454(0)					晴		16.0	3.0	5.0	74.4	12.0	8	56.0	良	**	**		ピリカサンライズ																																																									
2022103320	2024-11-30	5中山1		3.0	2歳未勝利								嶋田純次		芝2000				2:02.7	0.6		8-9-8-8	37.1-34.7	34.7	456(+2)					晴		14.0	4.0	5.0	28.5	7.0	6	56.0	良	**	**		フクノブルーレイク																																																									
2022103320	2024-12-22	5中山8		4.0	2歳未勝利								嶋田純次		芝2000				2:02.7	1.4		2-2-4-5	36.4-36.1	37.2	460(+4)					晴		18.0	1.0	1.0	173.5	10.0	10	56.0	良	**	**		ロジャリーマイン																																																									
2022103320	2025-01-19	1中山7		3.0	3歳未勝利								丸田恭介		ダ1800				2:01.7	4.0		12-12-11-9	39.5-39.6	42.6	456(-4)					晴		16.0	6.0	11.0	9.7	5.0	16	57.0	良	**	**		チンプンカンプン																																																									
2022103320	2025-03-22	2中山7		4.0	3歳未勝利								丸田恭介		芝2000				2:11.7	10.8		7-6-6-12	35.1-36.6	46.4	440(-16)					晴		17.0	1.0	2.0	76.0	12.0	16	57.0	良	**	**		ウインスティーガ																																																									
2022103320	2025-04-23	名古屋		1.0	3歳11組								村上弘樹		ダ1500				1:41.3	5.0		8-8-8		43.5	449(+9)					曇		10.0	5.0	5.0	23.4	8.0	10	57.0	不	**	**		サンライズアルズ																																																									
2022103320	2025-05-09	名古屋		2.0	3歳11組								細川智史		ダ1500				1:41.1	0.5		9-9-7		40.3	446(-3)				20.3	曇		11.0	6.0	7.0	42.7	7.0	2	57.0	稍	**	**		ブラゾンロワイヤル																																																									
2022103320	2025-06-05	名古屋		2.0	3歳7組								村上弘樹		ダ1500				1:40.2	2.0		5-5-5		42.1	453(+7)					晴		12.0	8.0	12.0	38.3	7.0	10	57.0	稍	**	**		ヒダサワヤカ																																																									
2022103320	2025-06-16	名古屋		3.0	3歳8組								村上弘樹		ダ1500				1:40.2	3.0		9-8-2		41.0	452(-1)					晴		11.0	2.0	2.0	71.5	10.0	10	57.0	重	**	**		オーガスタフラッグ																																																									
2022103320	2025-06-26	名古屋		3.0	3歳9組								村上弘樹		ダ1500				1:38.0	1.9		11-11-11		39.1	450(-2)					曇		12.0	5.0	6.0	217.7	11.0	6	57.0	不	**	**		カスミヅキ																																																									
2022103320	2025-07-09	名古屋		3.0	3歳12組								村上弘樹		ダ1500				1:40.4	3.5		10-11-10		40.8	450(0)					晴		12.0	2.0	2.0	121.1	9.0	8	57.0	良	**	**		テンダリー																																																									
2022103320	2025-07-29	金沢		5.0	3歳B　5								魚住謙心		ダ1400				1:32.4	0.6		4-3-3-2		41.1	442(-8)				5.1	晴		8.0	5.0	5.0	24.6	6.0	4	57.0	良	**	**		モリブトバクカジ																																																									
2022103320	2025-09-08	金沢		5.0	3歳B　5								甲賀弘隆		ダ1400				1:32.9	4.4		10-10-9-9		41.6	440(-2)					曇		10.0	7.0	9.0	329.2	10.0	8	57.0	不	**	**		ユーウェイン																																																									
2022103320	2025-09-20	金沢		5.0	C213								服部大地		ダ1500				1:40.3	3.0		9-9-9-8		42.2	441(+1)					曇		9.0	4.0	4.0	61.8	8.0	8	57.0	良	**	**		スナドケイ																																																									
2022103320	2025-10-07	金沢		6.0	C213								服部大地		ダ1400				1:32.6	2.0		7-7-8-8		40.0	441(0)					曇		8.0	8.0	8.0	110.8	8.0	6	57.0	良	**	**		ナックシュバリエ																																																									
2022103320	2025-10-19	金沢		5.0	綾人・千智結婚記念!(C2)								服部大地		ダ1500				1:38.9	2.0		6-6-5-5		40.4	443(+2)				5.1	曇		8.0	2.0	2.0	64.8	8.0	4	57.0	重	**	**		フミマーズ																																																									
2022103320	2025-11-16	金沢		5.0	白鳥優菜さんお誕生日(C2)								松戸政也		ダ1500				1:41.4	3.7		6-6-5-5		42.1	457(+14)					晴		7.0	7.0	7.0	45.7	7.0	7	57.0	良	**	**		レフィナード																																																									
2022103320	2025-12-01	金沢		3.0	こうへいくん26歳お(C2)								服部大地		ダ1500				1:39.3	0.5		4-4-4-4		39.7	452(-5)				6.8	曇		7.0	4.0	4.0	64.9	7.0	3	57.0	稍	**	**		ブランクシート																																																									
2022103320	2025-12-19	名古屋		1.0	C25組								加藤利征		ダ1500				1:39.9	1.7		12-12-12		39.9	452(0)					晴		12.0	6.0	7.0	192.0	11.0	12	57.0	稍	**	**		アットザホップ																																																									
2022103320	2026-01-01	名古屋		7.0	初参り賞(C)								尾崎章生		ダ1500				1:40.2	1.6		10-12-6		41.4	449(-3)					晴		12.0	7.0	10.0	70.0	12.0	6	57.0	良	**	**		ロジピエルフ																																																									
2022103320	2026-01-13	名古屋		5.0	C29組								村上弘樹		ダ1400				1:33.9	1.8		12-12-11		39.8	448(-1)					曇		12.0	4.0	4.0	35.2	9.0	8	57.0	良				ニホンピロケイ																																																									
2022103327	2024-06-16	3東京6		5.0	2歳新馬								岩部純二		芝1400				1:23.4	1.3		3-3	35.5-34.7	35.6	438(0)																																	晴		12.0	4.0	4.0	87.1	10.0	6	55.0	良	**	**		プリティディーヴァ																													
2022103327	2024-07-20	2福島7		1.0	2歳未勝利								岩部純二		ダ1150				1:10.3	0.9		6-6	31.9-37.5	37.7	434(-4)				83.0																													曇		13.0	3.0	3.0	40.2	6.0	4	55.0	良	**	**		アイビーヒメチャン																													
2022103327	2024-08-17	3新潟3		3.0	2歳未勝利								岩部純二		ダ1200				1:14.0	1.0		6-6	34.4-38.6	38.3	438(+4)				55.0																													晴		15.0	3.0	4.0	17.3	7.0	5	55.0	良	**	**		ニシノリンダ																													
2022103327	2024-10-14	4東京4		1.0	2歳未勝利								杉原誠人		ダ1300				1:21.3	2.4		7-10	29.7-36.7	38.0	438(0)																																	晴		16.0	7.0	13.0	33.0	7.0	11	56.0	良	**	**		ドントゥザムーン																													
2022103327	2024-11-02	5東京1		3.0	2歳未勝利								小林脩斗		ダ1400				1:26.5	1.8		5-5	36.3-35.9	37.3	442(+4)																																	雨		12.0	3.0	3.0	38.1	8.0	6	54.0	重	**	**		キアヌ																													
2022103327	2024-11-17	5東京6		1.0	2歳未勝利								嶋田純次		ダ1300				1:20.9	2.0		11-11	29.5-36.9	37.6	446(+4)																																	晴		16.0	2.0	4.0	294.1	13.0	10	56.0	良	**	**		スパルタンキング																													
2022103327	2024-11-23	5東京7		2.0	2歳未勝利								嶋田純次		芝1400				1:22.8	0.6		15-16	34.8-35.2	34.4	448(+2)																																	晴		18.0	8.0	16.0	461.9	14.0	6	56.0	良	**	**		ソーダーンライト																													
2022103327	2025-02-22	1東京7		6.0	3歳未勝利								嶋田純次		芝1600				1:36.0	0.6		8-8	35.7-35.1	34.8	452(+4)																																	曇		16.0	1.0	2.0	88.0	10.0	9	57.0	良	**	**		フォルテム																													
2022103327	2025-03-08	2中山3		7.0	3歳1勝クラス								嶋田純次		芝1600				1:36.1	0.6		6-7-8	35.8-35.2	35.0	452(0)																																	曇		10.0	2.0	2.0	80.9	8.0	6	57.0	良	**	**		レーヴブリリアント																													
2022103327	2025-04-08	金沢		5.0	桜花爛漫!金沢競馬特(3歳)								中島龍也		ダ1500				1:38.1	-0.2		3-3-1-1		41.5	459(+7)				45.0																													雨		9.0	7.0	7.0	1.1	1.0	1	57.0	稍	**	**		(ゴールドパース)																													
2022103327	2025-04-20	金沢		7.0	竹本杯★武&千佳初金(3歳)								中島龍也		ダ1400				1:30.1	0.2		1-1-1-1		39.9	461(+2)				15.3																													雨		10.0	8.0	10.0	2.3	2.0	2	57.0	良	**	**		タルバン																													
2022103327	2025-05-05	金沢		11.0	花嫁のれん特別(3歳)								米倉知		ダ1400				1:29.3	0.0		2-2-1-2		39.2	459(-2)				28.8																													曇		11.0	6.0	7.0	5.8	4.0	2	57.0	良	**	**		タルバン																													
2022103327	2025-06-15	金沢		7.0	3歳A　2								米倉知		ダ1400				1:28.0	0.8		4-4-3-3		38.6	462(+3)				17.6																													曇		11.0	6.0	6.0	21.4	4.0	2	57.0	不	**	**		リトルサムシング																													
2022103327	2025-07-01	金沢		7.0	加賀片山津賞(未勝利)(3歳)								米倉知		ダ1500				1:35.3	0.1		3-3-2-2		39.0	461(-1)				27.2																													曇		10.0	2.0	2.0	3.1	2.0	2	57.0	良	**	**		マニーヒーロー																													
2022103327	2025-07-13	金沢		12.0	兼六園スプリント(重賞)								米倉知		ダ1500				1:36.9	3.5		3-4-4-6		40.5	457(-4)																																	晴		12.0	7.0	9.0	19.8	4.0	8	57.0	良	**	**		ケイズレーヴ																													
2022103327	2025-10-28	金沢		6.0	C13								中島龍也		ダ1500				1:38.2	-0.9		1-1-1-1		39.0	475(+18)				45.0																													曇		8.0	4.0	4.0	1.1	1.0	1	57.0	重	**	**		(ミテクレコノアシ)																													
2022103327	2025-11-11	金沢		10.0	B25								中島龍也		ダ1400				1:29.1	-0.1		1-1-1-1		38.5	478(+3)				50.0																													晴		9.0	6.0	6.0	1.7	1.0	1	57.0	稍	**	**		(キタノダイヤ)																													
2022103327	2026-01-17	1中山6		6.0	4歳以上1勝クラス								嶋田純次		ダ1200				1:13.0	1.1		5-5	34.3-37.6	38.3	464(-14)																																	晴		16.0	4.0	7.0	152.1	16.0	12	58.0	良				メッエフアパラ																													
2022103353	2024-11-17	3福島6		5.0	2歳新馬								黛弘人		芝1800				1:51.1	0.6		12-12-13-13	35.8-36.6	36.2	422(0)				110.0																													晴		14.0	3.0	3.0	23.7	9.0	4	55.0	良	**	**		ウインファヴォリ																													
2022103353	2025-02-01	1小倉3		2.0	3歳未勝利								黛弘人		芝2000				2:04.6	0.8		12-14-5-4	37.6-35.1	35.8	430(+8)				56.0																													曇		15.0	4.0	7.0	5.1	3.0	5	55.0	良	**	**		トーセンリバーブ																													
2022103353	2025-02-16	1小倉8		5.0	3歳未勝利								黛弘人		芝2000				2:02.4	0.1		12-12-11-8	36.8-36.3	35.3	434(+4)				84.0																													曇		14.0	3.0	3.0	11.9	6.0	4	55.0	良	**	**		オーシンエス																													
2022103353	2025-03-01	1小倉11		6.0	3歳未勝利								黛弘人		芝2000				2:03.4	0.7		16-15-11-10	36.6-35.8	35.9	430(-4)																																	曇		18.0	4.0	8.0	5.6	2.0	9	55.0	良	**	**		ダノンジャイアン																													
2022103353	2025-04-26	1福島5		3.0	3歳未勝利								永島まな		芝2000				2:02.5	0.9		15-15-13-13	35.2-36.8	36.1	428(-2)																																	晴		16.0	8.0	15.0	7.9	3.0	7	53.0	良	**	**		ティティナ																													
2022103353	2025-05-17	2東京7		4.0	3歳未勝利								松岡正海		芝2000				2:00.7	0.4		3-4-4	36.5-35.2	35.3	428(0)				140.0																													雨		15.0	1.0	1.0	21.0	5.0	3	55.0	良	**	**		リポサンテ																													
2022103353	2025-06-07	3東京1		4.0	3歳未勝利								松岡正海		芝2000				2:00.3	0.4		3-3-3	36.7-34.1	34.3	432(+4)				140.0																													晴		14.0	6.0	10.0	5.4	2.0	3	55.0	良	**	**		エポナ																													
2022103353	2025-08-02	1札幌3		4.0	3歳未勝利								松岡正海		芝2000				1:59.7	0.2		8-8-7-4	34.8-35.9	35.6	426(-6)				220.0																													晴		16.0	2.0	3.0	4.1	2.0	2	55.0	良	**	**		ロパシック																													
2022103353	2025-08-10	1札幌6		3.0	3歳未勝利								松岡正海		芝2000				2:01.8	0.8		3-3-4-4	35.8-35.1	35.6	436(+10)				140.0																													晴		16.0	2.0	3.0	2.8	1.0	3	55.0	良	**	**		アルディスティーノ																													
2022103353	2025-08-30	2札幌3		6.0	3歳未勝利								松岡正海		芝2000				2:04.3	0.4		7-7-6-3	35.6-38.8	38.1	438(+2)				84.0																													小雨		16.0	5.0	9.0	2.9	1.0	4	55.0	稍	**	**		スタードメイソン																													
2022103353	2025-09-14	4中山4		7.0	3歳未勝利								石神深道		芝2000				1:58.6	0.2		4-3-3-3	35.1-35.0	34.9	434(-4)				220.0																													曇		18.0	1.0	1.0	4.9	2.0	2	52.0	良	**	**		シャンソンドール																													
2022103353	2026-01-17	1中山6		7.0	4歳以上1勝クラス								松岡正海		芝2200				2:12.3	0.3		9-8-8-7	36.6-35.6	35.2	432(-2)				210.0																													晴		12.0	7.0	10.0	10.8	4.0	3	55.0	良				クリフハンガー																													
2022103369	2024-12-15	7京都6	晴	6.0	2歳新馬		16.0	3.0	6.0	62.4	11.0	15	幸英明	56.0	ダ1800		良	**	2:04.2	9.4	**	3-4-9-13	36.6-38.3	46.7	478(0)			ショーダンサー																																																																								
2022103369	2025-04-06	3中山4	曇	2.0	3歳未勝利		16.0	3.0	5.0	231.4	15.0	9	石田拓郎	54.0	ダ1200		稍	**	1:14.2	1.6	**	12-13	35.2-37.4	37.7	460(-18)			クインズシフォン																																																																								
2022103369	2025-04-19	3中山7	晴	3.0	3歳未勝利		16.0	6.0	11.0	84.3	14.0	7	石川裕紀	57.0	ダ1200		良	**	1:13.6	0.8	**	14-13	35.3-37.5	36.3	460(0)			ショーモッシュ																																																																								
2022103369	2025-05-10	2東京5	小雨	1.0	3歳未勝利		16.0	4.0	7.0	24.6	4.0	4	石川裕紀	57.0	ダ1300		重	**	1:18.1	0.9	**	14-14	29.8-35.5	34.7	462(+2)			ハーモニーソング	84.0																																																																							
2022103369	2025-06-08	3東京2	曇	4.0	3歳未勝利		16.0	6.0	12.0	28.5	8.0	6	石川裕紀	57.0	ダ1400		良	**	1:25.6	1.2	**	7-7	35.8-36.3	36.8	456(-6)			マックスキュー																																																																								
2022103369	2025-07-23	門別	晴	7.0	リゲル特別(C1)		10.0	1.0	1.0	2.4	1.0	8	横山武史	57.0	ダ1200		良	**	1:16.7	1.6	**	6-7		40.0	458(+2)			ホワイトマジック																																																																								
2022103369	2025-09-07	4中山2	晴	7.0	3歳未勝利		16.0	7.0	13.0	30.3	8.0	6	石川裕紀	57.0	ダ1200		良	**	1:13.5	1.4	**	14-13	34.7-37.4	36.9	460(+2)			キタノライブリー																																																																								
2022103369	2025-09-29	水沢	曇	3.0	C2七組		9.0	5.0	5.0	1.5	1.0	1	山本聡紀	56.0	ダ1300		不	**	1:22.4	-0.9	**	1-1-1-1		38.6	463(+3)			(ワンザストーリー)	40.0																																																																							
2022103369	2025-10-14	盛岡	曇	3.0	C2二組		9.0	1.0	1.0	1.9	1.0	4	山本聡紀	56.0	ダ1400		良	**	1:28.2	0.8	**	4-4		38.5	458(-5)			トンヤイビーン	5.2																																																																							
2022103369	2025-11-17	川崎	晴	4.0	3歳3		10.0	7.0	7.0	2.2	1.0	2	矢野貴之	56.0	ダ1400		良	**	1:33.3	0.2	**	2-2-1-1	39.1-41.4	41.5	469(+11)			ミセスリリー	40.0																																																																							
2022103369	2025-12-18	川崎	晴	3.0	クロシェット賞(3歳)		12.0	7.0	10.0	2.3	2.0	3	矢野貴之	56.0	ダ900		稍	**	0:56.2	0.4	**	5-4	29.5-38.5	38.3	462(-7)			ファイブエム	30.0																																																																							
2022103369	2026-01-01	川崎	晴	7.0	二鷹賞(C2)		13.0	4.0	4.0	4.0	2.0	1	矢野貴之	56.0	ダ1400		稍	**	1:33.0	0.0	**	2-2-2-2	39.5-41.3	41.0	460(-2)			(タヴァネスタン)	100.0																																																																							
2022103372	2025-04-06	2阪神4	晴	3.0	3歳未勝利		16.0	6.0	12.0	25.9	6.0	9	荻野琢真	57.0	ダ1400		良	**	1:27.6	1.7	**	13-13	35.5-37.7	38.4	490(0)			ザックザク																																																																								
2022103372	2025-05-03	2京都3	晴	4.0	3歳未勝利		16.0	5.0	10.0	8.6	4.0	16	荻野琢真	57.0	ダ1900		重	**	2:06.6	6.8	**	12-12-11-13	29.3-37.6	43.2	488(-2)			サンライズシュガー																																																																								
2022103372	2025-06-05	園田	晴	9.0	3歳C1C2		12.0	8.0	12.0	4.6	2.0	2	中田貴士	57.0	ダ1230		稍	**	1:21.2	0.0	**	5-5-3-3		40.0	488(0)			レベッカレインボー	32.0																																																																							
2022103372	2025-06-26	園田	曇	8.0	3歳C1		11.0	1.0	1.0	2.3	2.0	4	中田貴士	56.0	ダ1230		重	**	1:23.0	1.3	**	6-5-5-4		41.8	483(-5)			ナンナンプー	12.0																																																																							
2022103372	2025-07-10	園田	晴	8.0	C2二		10.0	6.0	6.0	3.1	2.0	8	中田貴士	56.0	ダ1230		良	**	1:21.5	1.2	**	8-8-7-5		40.3	481(-2)			ワキノグラス																																																																								
2022103372	2025-08-08	園田	雨	6.0	C2二		8.0	5.0	5.0	3.8	2.0	7	中田貴士	56.0	ダ1400		稍	**	1:35.7	1.3	**	5-5-4-7		41.2	469(-12)			クールロジック																																																																								
2022103372	2025-08-22	園田	晴	7.0	C2二		10.0	3.0	3.0	67.6	9.0	9	中田貴士	56.0	ダ1400		良	**	1:33.6	2.5	**	8-9-10-9		40.4	463(-6)			ワカミヤイリオス																																																																								
2022103372	2025-09-26	園田	曇	6.0	C3一		10.0	6.0	6.0	22.6	8.0	6	中田貴士	56.0	ダ1400		稍	**	1:34.0	1.8	**	8-8-8-7		40.8	475(+12)			ポッドマーフィー																																																																								
2022103372	2025-10-10	園田	晴	1.0	C3		12.0	6.0	7.0	54.2	10.0	8	中田貴士	57.0	ダ1230		良	**	1:22.3	1.4	**	10-10-10-10		40.4	474(-1)			エクスペリオン																																																																								
2022103399	2024-10-06	4東京2	曇	3.0	2歳新馬		16.0	7.0	14.0	48.3	9.0	7	野中悠太	56.0	ダ1600		重	**	1:38.4	1.6	**	3-3	35.3-36.3	37.7	492(0)			マリブオレンジ																																																																								
2022103399	2024-11-16	5東京5	曇	3.0	2歳未勝利		16.0	7.0	14.0	11.6	5.0	5	野中悠太	56.0	ダ1600		良	**	1:40.6	1.4	**	2-2	35.4-37.8	39.1	496(+4)			エンプレスフレーム	55.0																																																																							
2022103399	2024-12-07	5中山3	晴	2.0	2歳未勝利		12.0	2.0	2.0	78.3	9.0	7	野中悠太	56.0	ダ1800		良	**	1:57.2	2.1	**	1-1-1-2	37.5-39.1	41.2	504(+8)			ルグランヴァン																																																																								
2022103399	2025-02-13	名古屋	晴	10.0	名古屋CCストロベリ(3歳)		11.0	7.0	8.0	1.5	1.0	7	原優介	55.0	ダ1500		稍	**	1:39.1	2.7	**	1-1-2		42.0	512(+8)			ユウェンタース																																																																								
2022103399	2025-04-06	3中山4	曇	2.0	3歳未勝利		16.0	4.0	7.0	7.8	2.0	2	原優介	57.0	ダ1200		稍	**	1:13.0	0.4	**	1-1	35.2-37.4	37.8	504(-8)			クインズシフォン	220.0																																																																							
2022103399	2025-05-04	1新潟2	曇	2.0	3歳未勝利		15.0	1.0	1.0	9.9	4.0	7	菊沢一樹	57.0	ダ1200		稍	**	1:13.0	1.6	**	3-3	33.7-37.7	39.0	496(-8)			チケットトゥヘブン																																																																								
2022103493	2024-07-06	1函館9		5.0	2歳新馬								武豊		芝1200				1:11.1	0.3		6-6	34.9-35.9	35.6	442(0)				110.0	曇		11.0	8.0	11.0	4.8	2.0	4	55.0	良	**	**		ピコローズ																																																									
2022103493	2024-08-03	1札幌5		1.0	2歳未勝利								西村淳也		芝1500				1:29.8	0.3		5-6-7	30.3-35.4	35.1	438(-4)				83.0	曇		10.0	1.0	1.0	8.3	5.0	4	55.0	良	**	**		ソロモン																																																									
2022103493	2024-08-17	2札幌3		1.0	2歳未勝利								横山和生		芝1800				1:50.7	0.4		1-1-1-1	37.2-34.8	35.2	432(-6)				220.0	曇		10.0	5.0	5.0	12.7	5.0	2	55.0	良	**	**		ショウナンサムデイ																																																									
2022103493	2024-09-16	4中山5		4.0	2歳未勝利								横山和生		芝1800				1:49.1	0.0		2-2-2-2	37.6-35.0	34.8	440(+8)				220.0	曇		12.0	5.0	6.0	7.9	3.0	2	55.0	良	**	**		ニシノイストワール																																																									
2022103493	2024-11-16	3福島5		7.0	2歳未勝利								柴田善臣		芝1800				1:50.7	0.7		4-5-5-4	36.4-36.1	36.4	444(+4)					晴		16.0	8.0	16.0	3.1	1.0	6	56.0	良	**	**		エーオーキング																																																									
2022103493	2024-12-08	5中山4		3.0	2歳未勝利								横山和生		芝1800				1:49.0	0.6		3-3-3-2	37.1-34.9	35.4	446(+2)				83.0	晴		12.0	8.0	11.0	5.1	3.0	4	56.0	良	**	**		ニシノエージェント																																																									
2022103493	2024-12-22	5中山8		2.0	2歳未勝利								横山和生		ダ1800				1:59.6	1.9		10-10-13-14	37.3-41.5	42.1	444(-2)					晴		16.0	1.0	1.0	6.7	4.0	10	56.0	良	**	**		ドーバーブライト																																																									
2022103493	2025-03-01	2中山1		6.0	3歳未勝利								横山琉人		芝1800				1:48.8	0.9		7-7-4-4	36.1-34.4	34.9	442(-2)				56.0	晴		16.0	6.0	11.0	30.4	8.0	5	56.0	良	**	**		エンジェルブリーズ																																																									
2022103493	2025-03-15	2中山5		6.0	3歳未勝利								横山和生		芝1800				1:49.8	0.9		11-11-4-4	36.7-35.6	36.2	444(+2)					曇		16.0	5.0	10.0	17.2	5.0	6	57.0	良	**	**		グロスビーク																																																									
2022103493	2025-05-10	1新潟3		5.0	3歳未勝利								横山琉人		芝1600				1:35.5	0.2		6-6	35.1-35.8	35.4	444(0)				56.0	曇		15.0	2.0	3.0	8.6	3.0	5	56.0	稍	**	**		マニス																																																									
2022103493	2025-05-24	1新潟7		5.0	3歳未勝利								武藤雅		芝1800				1:50.4	1.4		7-8	36.6-35.9	35.2	448(+4)					曇		16.0	2.0	3.0	9.5	5.0	8	57.0	良	**	**		ウィズマスタング																																																									
2022103493	2025-06-14	1函館1		4.0	3歳未勝利								古川吉洋		芝1800				1:47.3	1.3		14-14-12-12	34.6-35.3	35.5	452(+4)					晴		15.0	5.0	9.0	61.8	10.0	8	57.0	良	**	**		ウインベラーノ																																																									
2022103493	2025-06-29	1函館6		6.0	3歳未勝利								岩田康誠		芝1800				1:48.6	0.6		6-5-5-4	34.5-36.7	36.8	456(+4)					晴		16.0	2.0	3.0	24.2	8.0	7	57.0	良	**	**		サクラアドリア																																																									
2022103493	2025-07-19	1函館11		4.0	3歳未勝利								舟山瑠泉		芝1200				1:09.6	1.3		14-14	33.9-34.4	33.6	456(0)					晴		15.0	5.0	9.0	21.1	8.0	9	54.0	良	**	**		キントラダンサー																																																									
2022103493	2025-08-19	盛岡		7.0	アンバー賞(3歳)								高松亮		芝1700				1:45.5	0.6		4-3-3-3		36.8	442(-14)				42.0	晴		12.0	2.0	2.0	4.6	3.0	2	56.0	良	**	**		ブドワールドール																																																									
2022103493	2025-09-06	4中山1		4.0	3歳未勝利								岩田康誠		ダ1800				1:57.1	2.4		7-6-9-6	36.9-40.3	41.3	452(+10)					晴		15.0	1.0	1.0	15.3	6.0	11	57.0	重	**	**		コンパクトファイト																																																									
2022103518	2025-05-03	1新潟1		5.0	3歳未勝利								永島まな		芝1400				1:24.4	1.9		16-15	34.1-36.5	36.2	490(0)																			晴		16.0	2.0	4.0	110.9	12.0	13	55.0	良	**	**		マーゴットカーラ																																											
2022103518	2025-05-17	2京都7		5.0	3歳未勝利								鮫島克駿		芝1800				1:49.9	0.9		6-6	35.4-35.0	35.6	476(-14)				84.0															曇		15.0	5.0	9.0	76.9	11.0	4	57.0	不	**	**		ニュークレド																																											
2022103518	2025-05-31	2京都11		5.0	3歳未勝利								鮫島克駿		芝1800				1:48.1	1.4		13-13	35.4-34.6	34.9	468(-8)																			曇		18.0	7.0	13.0	15.7	7.0	8	57.0	良	**	**		オリバナム																																											
2022103518	2025-08-03	1札幌4		6.0	3歳未勝利								佐々木大		芝1500				1:28.5	0.7		9-11-8	28.3-36.5	36.1	468(0)				56.0															晴		14.0	3.0	3.0	20.8	7.0	5	57.0	良	**	**		ウインイザナミ																																											
2022103518	2025-08-16	1札幌7		4.0	3歳未勝利								佐々木大		芝1500				1:28.9	0.9		7-6-4	29.3-35.4	35.7	466(-2)				84.0															晴		14.0	5.0	7.0	50.4	10.0	4	57.0	良	**	**		ワタシマツワ																																											
2022103518	2025-08-30	2札幌3		4.0	3歳未勝利								佐々木大		芝1500				1:32.0	1.2		5-8-7	30.2-36.6	36.7	470(+4)																			小雨		14.0	8.0	13.0	26.0	7.0	7	57.0	稍	**	**		トレヴィ																																											
2022103518	2025-10-15	川崎		5.0	山ノ内賞(C2八)								野畑凌		ダ1500				1:37.4	-0.5		8-8-8-7	29.7-41.2	40.1	469(-1)				100.0															曇		14.0	4.0	6.0	2.0	1.0	1	56.0	稍	**	**		(ニジトタルト)																																											
2022103518	2025-11-19	川崎		7.0	C2三　四五(C2四)								野畑凌		ダ1500				1:37.6	-0.2		2-2-1-1	31.1-39.8	39.8	471(+2)				100.0															晴		12.0	6.0	8.0	2.2	1.0	1	56.0	良	**	**		(ブランディストック)																																											
2022103518	2025-12-27	5中山7		8.0	3歳以上1勝クラス								荻野極		ダ1800				1:54.3	0.4		13-12-10-8	37.1-38.3	37.9	466(-5)				200.0															曇		16.0	3.0	6.0	19.1	7.0	3	57.0	稍	**	**		ミダース																																											
2022103518	2026-01-18	1中山7		6.0	4歳以上1勝クラス								荻野極		ダ1800				1:55.6	0.0		5-5-2-3	38.5-38.6	38.5	464(-2)				820.0																																																									晴		14.0	4.0	6.0	6.9	2.0	1	57.0	良	**	**		(ホークライト)	202606010706
2022103527	2024-10-06	5京都2		4.0	2歳新馬								角田大和		芝1400				1:22.5	1.2		8-10	34.8-35.0	35.3	442(0)					晴		17.0	5.0	10.0	8.1	5.0	9	55.0	良	**	**		インフローレ																																																									
2022103527	2024-11-30	4中京1		1.0	2歳未勝利								古川奈穂		ダ1400				1:25.2	0.1		5-5	34.8-38.3	37.6	438(-4)				220.0	曇		16.0	8.0	16.0	17.4	7.0	2	52.0	良	**	**		フルドド																																																									
2022103527	2024-12-22	7京都8		1.0	2歳未勝利								古川奈穂		ダ1400				1:27.5	1.4		5-6	35.3-38.2	39.2	442(+4)					曇		16.0	3.0	5.0	5.1	2.0	9	52.0	良	**	**		オリージネアリア																																																									
2022103527	2025-03-02	1阪神2		2.0	3歳未勝利								角田大和		ダ1400				1:26.5	0.0		1-1	34.7-39.3	39.3	434(-8)				560.0	小雨		16.0	1.0	2.0	11.1	4.0	1	55.0	良	**	**		(ラファル)																																																									
2022103527	2025-03-22	2中京3		11.0	中スポ賞ファルコンS(GIII)								角田大和		芝1400				1:22.1	1.1		4-3	34.4-35.0	35.8	430(-4)					晴		18.0	1.0	2.0	237.5	17.0	13	55.0	良	**	**		ヤンキーバローズ																																																									
2022103527	2025-06-01	2京都12		6.0	3歳1勝クラス								角田大和		ダ1400				1:26.1	1.9		1-1	34.0-37.8	39.7	428(-2)					晴		14.0	2.0	2.0	16.2	8.0	12	55.0	良	**	**		ソリスクラヴィス																																																									
2022103527	2025-07-20	2小倉8		6.0	3歳以上1勝クラス								永島まな		ダ1000				0:58.5	1.1		4-3	33.7-35.0	35.7	442(+14)				120.0	晴		9.0	3.0	3.0	4.4	3.0	4	51.0	良	**	**		ペイシャヴァルツー																																																									
2022103527	2025-08-03	3中京4		10.0	3歳以上1勝クラス								永島まな		ダ1200				1:13.3	1.9		11-11	34.4-37.0	37.7	434(-8)					晴		16.0	5.0	10.0	62.2	13.0	10	52.0	良	**	**		フィドルファドル																																																									
2022103527	2025-10-04	3京都1		6.0	3歳以上1勝クラス								柴田裕一		ダ1400				1:24.5	2.0		7-10	33.6-37.3	38.6	434(0)					曇		16.0	2.0	3.0	46.3	9.0	15	51.0	不	**	**		サンダーロード																																																									
2022103528	2024-11-03	5東京2		5.0	2歳新馬								北村宏司		芝1800				1:51.4	1.1		4-6-5	38.5-33.5	34.2	472(0)																																															晴		12.0	7.0	9.0	108.6	9.0	7	56.0	良	**	**		レイニング															
2022103528	2024-11-24	5東京8		4.0	2歳未勝利								北村宏司		芝2000				2:02.9	1.2		2-3-4	37.0-33.9	34.7	470(-2)				83.0																																											晴		12.0	5.0	5.0	120.6	8.0	4	56.0	良	**	**		ウィクトルウェルス															
2022103528	2024-12-15	5中山6		7.0	2歳未勝利								菅原明良		芝2000				2:01.2	1.5		7-7-8-8	35.8-35.5	36.4	472(+2)																																															晴		18.0	3.0	5.0	89.2	11.0	10	56.0	良	**	**		スワローシチー															
2022103528	2025-03-02	2中山2		5.0	3歳未勝利								北村宏司		芝2200				2:16.6	2.8		10-8-14-15	35.2-35.5	37.3	466(-6)																																															晴		18.0	1.0	1.0	16.0	6.0	15	57.0	良	**	**		ウィッシュツリー															
2022103528	2025-03-16	2中京2		4.0	3歳未勝利								吉田隼人		芝2200				2:18.1	2.5		12-11-9-9	35.6-36.6	37.8	464(-2)																																															曇		16.0	5.0	10.0	368.8	14.0	8	57.0	重	**	**		ヴァリディシームス															
2022103528	2025-04-13	1福島2		3.0	3歳未勝利								菱田裕二		芝2600				2:44.0	2.3		13-13-13-12	36.9-37.2	37.7	470(+6)																																															曇		16.0	8.0	16.0	20.3	8.0	12	57.0	良	**	**		オロスコピオ															
2022103528	2025-07-05	2福島3		2.0	3歳未勝利								丸田恭介		ダ1700				1:50.0	2.7		15-15-15-15	30.1-38.6	39.6	462(-8)																																															曇		15.0	7.0	13.0	27.2	9.0	10	57.0	稍	**	**		カイトヴィント															
2022103528	2025-08-17	2新潟8		2.0	3歳未勝利								丸田恭介		ダ1800				1:56.0	1.6		14-11-7-7	36.6-40.1	40.3	464(+2)				56.0																																											晴		15.0	8.0	15.0	247.7	12.0	5	57.0	良	**	**		アバレリュウ															
2022103528	2025-09-06	4中山1		4.0	3歳未勝利								丸田恭介		ダ1800				1:55.8	1.1		11-10-13-10	36.9-40.3	39.8	464(0)																																															晴		15.0	3.0	5.0	46.5	8.0	6	57.0	重	**	**		コンパクトファイト															
2022103538	2024-12-21	5中山7		6.0	2歳新馬								藤懸貴志		ダ1800				1:56.5	0.4		3-3-4-2	37.7-39.4	39.5	484(0)				180.0																																											晴		14.0	2.0	2.0	9.8	3.0	3	56.0	良	**	**		メリークリスマス															
2022103538	2025-01-11	1中京3		1.0	3歳未勝利								藤懸貴志		ダ1800				1:55.4	1.6		3-4-3-3	36.2-38.9	40.1	484(0)																																															晴		16.0	3.0	6.0	6.9	4.0	6	57.0	良	**	**		エンマ															
2022103538	2025-02-23	1小倉10		1.0	3歳未勝利								藤懸貴志		ダ1700				1:48.8	-0.2		8-8-6-4	31.4-38.1	37.1	468(-16)				560.0																																											晴		10.0	4.0	4.0	4.3	3.0	1	57.0	良	**	**		(ブラックタロー)															
2022103538	2025-03-15	1阪神5		6.0	3歳1勝クラス								藤懸貴志		ダ1400				1:27.3	2.2		9-9	34.9-37.9	39.0	474(+6)																																															小雨		16.0	6.0	11.0	27.6	7.0	12	57.0	良	**	**		ドンパッショーネ															
2022103538	2025-04-26	2東京1		6.0	3歳1勝クラス								池添謙一		ダ1600				1:38.4	1.2		6-7	35.4-36.5	37.1	466(-8)																																															曇		16.0	3.0	6.0	271.2	15.0	13	57.0	稍	**	**		トルショー															
2022103538	2025-05-25	2京都10		7.0	3歳1勝クラス								藤懸貴志		ダ1800				1:51.0	1.4		16-16-15-15	35.5-36.6	36.7	478(+12)																																															曇		16.0	1.0	1.0	174.7	16.0	7	57.0	重	**	**		トリポリタニア															
2022103538	2025-07-12	2小倉5		8.0	3歳以上1勝クラス								藤懸貴志		ダ1700				1:47.7	1.4		14-13-14-12	29.7-39.0	38.9	476(-2)																																															晴		16.0	7.0	13.0	30.5	10.0	9	55.0	良	**	**		バッケンレコード															
2022103538	2025-09-20	4阪神6		6.0	3歳以上1勝クラス								和田竜二		ダ1800				1:53.6	0.6		11-10-12-11	37.2-37.3	36.9	482(+6)				120.0																																											曇		16.0	2.0	3.0	23.2	5.0	4	55.0	良	**	**		ハナウマビーチ															
2022103538	2025-10-11	3京都3		9.0	3歳以上1勝クラス								和田竜二		ダ1800				1:52.0	0.0		6-6-7-5	37.1-37.1	36.3	488(+6)				320.0																																											曇		12.0	3.0	3.0	4.9	3.0	2	56.0	良	**	**		スマートカイロス															
2022103538	2025-11-02	3京都11		6.0	3歳以上1勝クラス								和田竜二		ダ1800				1:51.9	-0.1		4-4-6-4	36.2-38.2	37.5	490(+2)				800.0																																											晴		14.0	5.0	8.0	3.0	1.0	1	56.0	稍	**	**		(ドゥラエテルノ)															
2022103538	2025-12-28	5阪神8		8.0	3歳以上2勝クラス								和田竜二		ダ1800				1:52.9	-0.1		5-6-5-5	36.7-38.3	37.5	492(+2)				1140.0																																											晴		13.0	7.0	10.0	4.6	2.0	1	57.0	良	**	**		(ショーダンサー)															
2022103563	2024-12-22	7京都8		4.0	2歳新馬								斎藤新		ダ1800				1:59.4	4.7		11-10-12-11	37.4-38.1	40.2	464(0)					曇		13.0	4.0	5.0	45.4	10.0	8	56.0	良	**	**		タイセイドラード																																																									
2022103563	2025-01-12	1中京4		1.0	3歳未勝利								松本大輝		ダ1800				1:56.4	2.4		12-11-9-14	37.3-38.0	39.4	456(-8)					曇		16.0	3.0	5.0	321.2	15.0	6	56.0	良	**	**		メイショウズイウン																																																									
2022103563	2025-03-11	船橋		8.0	ベストビット特別(3歳未格)								御神本訓		ダ1700				1:52.0	-1.5		3-3-3-1	32.2-40.8	40.7	454(-2)				250.0	曇		11.0	8.0	10.0	1.7	1.0	1	56.0	良	**	**		(マジカルレインボー)																																																									
2022103563	2025-06-29	2小倉2		12.0	3歳以上1勝クラス								田山旺佑		ダ1700				1:47.2	1.5		12-13-14-11	29.4-39.4	39.3	460(+6)					晴		16.0	1.0	1.0	140.3	14.0	12	52.0	良	**	**		オンザムーブ																																																									
2022103563	2025-07-08	川崎		10.0	ジュライスター賞(B2B3)								御神本訓		ダ1600				1:46.1	2.5		6-6-6-5	37.6-39.7	41.5	461(+1)					晴		10.0	3.0	3.0	5.7	3.0	8	56.0	良	**	**		サマーアゲイン																																																									
2022103563	2025-08-29	船橋		3.0	3歳　311P								御神本訓		ダ1500				1:37.7	1.4		4-4-3-4	31.8-38.8	39.9	461(0)				14.0	晴		11.0	8.0	10.0	1.8	1.0	5	56.0	良	**	**		ウェルウィッチア																																																									
2022103563	2025-09-30	船橋		4.0	3歳　290P								野畑凌		ダ1500				1:38.9	2.5		3-3-3-4	31.6-39.1	41.5	462(+1)					晴		9.0	8.0	9.0	13.7	5.0	6	56.0	良	**	**		ゼンソレイユ																																																									
2022103563	2025-10-15	川崎		7.0	和田塚賞(C2)								笠野雄大		ダ2000				2:17.0	0.5		10-10-2-2	38.0-43.1	43.4	459(-3)					雨		14.0	3.0	4.0	4.1	1.0	6	56.0	稍	**	**		カネトシシュキン																																																									
2022103563	2025-11-06	船橋		6.0	C2七　八九　ア(C2八)								笠野雄大		ダ1500								31.7-39.1		464(+5)					曇		11.0	7.0	9.0			除	56.0	稍	**	**		ブランディストック																																																									
2022103566	2024-12-22	5中山8		5.0	2歳新馬								戸崎圭太		ダ1200				1:16.6	3.4		9-10	35.2-38.0	40.2	452(0)					晴		16.0	7.0	13.0	32.2	8.0	9	56.0	良	**	**		シュヴァルボヌール																																																									
2022103566	2025-03-15	2中京1		2.0	3歳未勝利								佐々木大		ダ1200				1:22.0	9.2		16-16	35.1-37.7	41.7	456(+4)					曇		16.0	1.0	2.0	120.1	12.0	16	57.0	良	**	**		サウンドモリアーナ																																																									
2022103566	2025-06-28	2福島1		2.0	3歳未勝利								土田真翔		ダ1150				1:12.1	3.5		14-13	31.6-37.0	38.1	444(-12)					晴		16.0	6.0	11.0	270.1	14.0	10	54.0	良	**	**		アドリアフレイバー																																																									
2022103566	2025-08-23	3新潟1		6.0	3歳未勝利								石川裕紀		ダ1200				1:15.0	4.1		15-15	34.1-36.8	38.1	448(+4)					晴		15.0	2.0	3.0	250.3	15.0	14	57.0	良	**	**		ロッカバイベイビー																																																									
2022103575	2025-01-19	1中山7	曇	5.0	3歳新馬		16.0	8.0	16.0	5.0	2.0	7	丸田恭介	55.0	芝1600		良	**	1:37.4	1.3	**	8-8-7	36.2-35.2	35.5	486(0)			ホウオウショコラ																																																																								
2022103575	2025-03-16	2中山6	雨	5.0	3歳未勝利		16.0	2.0	3.0	14.9	5.0	4	丸田恭介	55.0	芝1600		重	**	1:39.1	2.3	**	8-9-7	35.6-37.1	38.5	486(0)			キャトルエピス	84.0																																																																							
2022103575	2025-04-06	3中山4	小雨	5.0	3歳未勝利		16.0	1.0	2.0	9.7	3.0	13	丸田恭介	55.0	芝1600		良	**	1:35.9	1.7	**	2-1-2	35.1-35.0	36.7	478(-8)			ガーネットウインク																																																																								
2022103575	2025-05-25	1新潟8	小雨	5.0	3歳未勝利		16.0	7.0	13.0	12.3	5.0	4	長浜鴻緒	53.0	芝2000		稍	**	2:07.6	0.7	**	2-2-3-4	38.0-36.5	36.9	480(+2)			ストラニエーロ	84.0																																																																							
2022103575	2025-06-21	1函館3	曇	7.0	3歳未勝利		16.0	7.0	13.0	26.0	7.0	6	長浜鴻緒	53.0	芝1800		良	**	1:48.0	1.1	**	7-7-6-6	34.9-35.4	35.9	480(0)			ハートメテオ																																																																								
2022103575	2025-06-28	1函館5	晴	1.0	3歳未勝利		15.0	6.0	10.0	15.4	6.0	10	岩田康誠	55.0	芝1200		稍	**	1:10.3	0.9	**	9-7	34.5-34.9	35.1	486(+6)			オーケーダイナ																																																																								
2022103575	2025-08-03	1札幌4	晴	2.0	3歳未勝利		14.0	6.0	9.0	39.5	8.0	8	池添謙一	55.0	ダ1700		良	**	1:48.9	2.3	**	9-8-8-5	30.6-38.3	40.0	492(+6)			レディゴディヴァ																																																																								
2022103575	2025-09-07	2札幌6	曇	5.0	3歳未勝利		14.0	7.0	11.0	103.6	11.0	14	森田誠也	52.0	ダ1700		稍	**	1:49.9	3.7	**	2-2-6-12	30.2-38.8	41.9	498(+6)			ドゥラエテルノ																																																																								
2022103575	2025-11-03	船橋	晴	3.0	石崎駿・森泰斗開業記(3歳)		11.0	7.0	10.0	20.1	4.0	4	岡村健司	54.0	ダ1200		稍	**	1:17.1	1.6	**	5-5-5	37.1-38.4	39.6	485(-13)			セイウンユズカ	21.0																																																																							
2022103575	2025-11-25	浦和	雨	2.0	ランチタイムチャレン(3歳)		12.0	7.0	9.0	7.0	3.0	7	岡村健司	54.0	ダ1500		良	**	1:39.0	1.9	**	3-3-1-3	30.8-40.0	41.8	491(+6)			マーゴットフェスタ																																																																								
2022103575	2025-12-09	船橋	晴	2.0	3歳一		9.0	2.0	2.0	9.6	5.0	5	岡村健司	54.0	ダ1200		良	**	1:18.4	2.3	**	5-4-4	37.3-38.8	40.5	488(-3)			ポッドバディ	12.0																																																																							
2022103577	2024-12-22	5中山8		6.0	2歳新馬								横山琉人		芝1600				1:37.0	0.4		2-3-3	36.2-35.6	35.7	474(0)					晴		15.0	8.0	15.0	51.7	9.0	6	55.0	良	**	**		ディオデルマーレ																																																									
2022103577	2025-01-18	1中山6		2.0	3歳未勝利								大野拓弥		ダ1800				1:56.5	1.1		10-10-7-5	37.2-39.8	39.8	476(+2)					晴		16.0	2.0	3.0	13.9	6.0	6	57.0	良	**	**		カージオイド																																																									
2022103577	2025-02-01	1京都1		4.0	3歳未勝利								岩田望来		ダ1900				2:04.3	2.9		4-4-6-6	30.1-37.7	40.2	478(+2)					晴		9.0	8.0	8.0	10.4	4.0	8	57.0	良	**	**		テルアスワッド																																																									
2022103577	2025-02-23	1小倉10		1.0	3歳未勝利								佐々木大		ダ1700				1:50.4	1.6		3-3-8-7	31.4-38.1	38.4	478(0)					晴		10.0	1.0	1.0	27.2	7.0	7	57.0	良	**	**		ゴールドダイアー																																																									
2022103577	2025-03-25	金沢		8.0	能登千里浜賞(未勝利)(3歳)								中島龍也		ダ1500				1:35.4	-0.7		1-1-1-1		37.6	469(-9)				85.0	晴		7.0	8.0	8.0	2.9	2.0	1	56.0	良	**	**		(ウルスクローム)																																																									
2022103577	2025-10-19	4東京7		8.0	3歳以上1勝クラス								石橋脩		ダ1400				1:26.5	0.6		11-11	36.8-36.6	36.1	476(+7)					曇		15.0	7.0	13.0	102.8	10.0	7	56.0	良	**	**		ゴールドハンマー																																																									
2022103577	2025-11-02	4東京11		6.0	3歳以上1勝クラス								石橋脩		ダ1400				1:25.2	1.6		7-8	35.9-35.8	36.5	472(-4)					曇		16.0	5.0	10.0	92.9	11.0	9	57.0	重	**	**		アンクエンチャブル																																																									
2022103577	2025-11-24	5東京6		5.0	3歳以上1勝クラス								菅原明良		ダ1400				1:25.1	0.6		11-11	35.9-36.3	35.8	472(0)				120.0	晴		16.0	5.0	9.0	129.8	12.0	4	57.0	良	**	**		スリーピース																																																									
2022103577	2025-12-13	5中京3		8.0	3歳以上1勝クラス								菅原明良		ダ1400				1:25.3	0.8		2-2	34.6-37.5	38.1	476(+4)				80.0	曇		16.0	2.0	4.0	13.9	6.0	5	57.0	良	**	**		マジックローズ																																																									
2022103577	2026-01-05	1中山2		12.0	4歳以上1勝クラス								菅原明良		ダ1200				1:11.9	0.2		2-2	34.6-37.1	37.2	484(+8)				210.0	晴		16.0	4.0	7.0	13.8	6.0	3	58.0	稍	**	**		ビーコング																																																									
2022103591	2024-11-02	3福島1		5.0	2歳新馬								小林美駒		芝1200				1:18.8	7.9		16-16	35.2-35.7	39.5	392(0)					雨		16.0	8.0	15.0	62.5	12.0	16	51.0	稍	**	**		クロユキ																																																									
2022103591	2024-12-22	5中山8		1.0	2歳未勝利								石田拓郎		ダ1200				1:16.0	3.9		16-16	34.0-38.1	39.3	394(+2)					晴		16.0	8.0	16.0	265.3	15.0	16	52.0	良	**	**		エコロヴァイス																																																									
2022103591	2025-02-09	1小倉6		6.0	3歳未勝利								石田拓郎		芝1200				1:12.9	2.4		17-17	33.8-36.7	36.6	392(-2)					晴		17.0	2.0	4.0	253.7	15.0	17	52.0	稍	**	**		アーサーズウェイン																																																									
2022103591	2025-02-22	1京都7		2.0	3歳未勝利								酒井学		ダ1200				1:16.1	2.9		14-13	35.9-37.3	38.3	390(-2)					晴		15.0	2.0	3.0	481.3	13.0	13	55.0	良	**	**		シークザドリーム																																																									
2022103591	2025-03-01	2中山1		7.0	3歳1勝クラス								谷原柚希		芝1800				1:50.9	3.8		9-9-9-9	35.8-35.8	37.0	390(0)					晴		9.0	3.0	3.0	152.1	9.0	9	51.0	良	**	**		ブラックルビー																																																									
2022103591	2025-04-25	名古屋		2.0	3歳12組								塚本征吾		ダ1500				1:41.5	2.8		5-6-5		41.6	398(+8)				5.8	曇		11.0	4.0	4.0	8.9	4.0	5	55.0	稍	**	**		ポッドソル																																																									
2022103591	2025-05-09	名古屋		3.0	3歳10組								丸野勝虎		ダ1500				1:39.9	1.3		7-9-4		40.8	397(-1)				8.7	曇		12.0	5.0	6.0	75.1	10.0	4	55.0	稍	**	**		アルカラス																																																									
2022103591	2025-05-21	名古屋		2.0	3歳9組								宮下瞳		ダ1500				1:40.2	0.9		8-6-7		40.9	400(+3)					曇		10.0	3.0	3.0	8.0	5.0	7	53.0	良	**	**		アイヅワカマツ																																																									
2022103591	2025-06-05	名古屋		1.0	3歳8組								宮下瞳		ダ1500				1:38.2	0.6		9-9-4		40.6	406(+6)				8.7	晴		12.0	8.0	12.0	5.7	3.0	4	53.0	稍	**	**		モンサンフリージア																																																									
2022103591	2025-06-26	名古屋		5.0	3歳8組								宮下瞳		ダ1500				1:38.6	3.9		10-11-9		41.2	409(+3)					曇		12.0	5.0	5.0	25.8	7.0	11	53.0	不	**	**		サーリアル																																																									
2022103591	2025-07-08	名古屋		1.0	名古屋モーニングフィ(3歳)								深澤杏花		ダ1500				1:38.5	1.9		10-10-7		40.6	411(+2)					晴		12.0	5.0	6.0	142.0	11.0	9	53.0	良	**	**		ナムラフィクサー																																																									
2022103591	2025-07-23	名古屋		1.0	名古屋モーニングフィ(3歳)								大畑雅章		ダ1500				1:39.4	2.4		9-9-9		40.9	410(-1)					晴		12.0	7.0	10.0	75.7	9.0	11	55.0	良	**	**		カルタジローネ																																																									
2022103591	2025-08-18	名古屋		4.0	3歳11組								丸野勝虎		ダ1500				1:39.2	2.3		11-11-7		39.8	412(+2)				5.5	晴		12.0	2.0	2.0	159.8	11.0	5	55.0	良	**	**		レオネッサ																																																									
2022103591	2025-09-03	名古屋		1.0	名古屋モーニングフィ(3歳)								大畑慧悟		ダ1500				1:39.9	3.1		9-8-7		41.4	410(-2)					晴		11.0	1.0	1.0	136.9	9.0	11	55.0	良	**	**		ヌンルチル																																																									
2022103591	2025-09-16	名古屋		6.0	3歳10組								望月洵輝		ダ1500				1:39.4	0.6		12-10-6		40.5	409(-1)				5.5	晴		12.0	2.0	2.0	49.9	7.0	5	55.0	良	**	**		シンゼンマルノスケ																																																									
2022103605	2024-11-17	6京都6	曇	5.0	2歳新馬		9.0	8.0	8.0	64.9	8.0	9	坂井瑠星	56.0	芝1800		良	**	1:53.9	4.8	**	9-9	37.8-33.9	36.6	468(0)			キングメーカー																																																																								
2022103605	2024-11-30	7京都1	晴	3.0	2歳未勝利		11.0	8.0	11.0	173.7	11.0	10	角田大和	56.0	ダ1800		稍	**	1:57.1	1.8	**	11-11-11-11	37.0-39.2	39.1	464(-4)			メイケイレイン																																																																								
2022103605	2025-03-22	2中京3	晴	6.0	3歳未勝利		12.0	5.0	5.0	44.0	8.0	6	河原田菜	53.0	ダ1800		良	**	1:56.2	1.2	**	10-10-10-10	36.9-39.1	39.1	454(-10)			ポッドフォルク																																																																								
2022103605	2025-04-06	2阪神4	晴	2.0	3歳未勝利		15.0	6.0	12.0	88.2	8.0	10	吉村誠之	55.0	ダ1800		良	**	1:58.3	5.1	**	7-7-8-8	37.4-36.7	40.8	456(+2)			ブラックアダマス																																																																								
2022103605	2025-08-20	園田	晴	3.0	C2二		9.0	3.0	3.0	2.7	2.0	7	鴨宮祥行	56.0	ダ1400		良	**	1:34.9	1.8	**	6-6-7-7		41.5	461(+5)			クリノチャンプ																																																																								
2022103605	2025-09-11	園田	曇	6.0	C2三		10.0	6.0	6.0	8.5	4.0	7	鴨宮祥行	56.0	ダ1400		重	**	1:37.0	2.1	**	10-10-10-9		42.0	454(-7)			ハッピーモンスター																																																																								
2022103605	2025-10-02	園田	晴	6.0	C2三		10.0	3.0	3.0	62.1	7.0	7	鴨宮祥行	57.0	ダ1400		稍	**	1:35.9	1.8	**	10-10-10-9		41.3	450(-4)			ヴィオマージュ																																																																								
2022103605	2025-10-15	園田	曇	6.0	C2三		10.0	2.0	2.0	132.7	9.0	8	鴨宮祥行	57.0	ダ1400		良	**	1:34.6	3.4	**	8-8-9-10		41.6	449(-1)			ハギノインスパイア																																																																								
2022103605	2025-11-07	名古屋	晴	4.0	C35組		11.0	6.0	7.0	58.3	7.0	9	阪野学	57.0	ダ1400		良	**	1:33.9	3.6	**	6-7-9		41.7	448(-1)			タマモサイジョ																																																																								
2022103605	2025-12-04	名古屋	曇	2.0	C27組		12.0	7.0	9.0	39.0	7.0	6	阪野学	57.0	ダ1500		稍	**	1:40.7	1.4	**	8-9-9		40.6	442(-6)			グルーヴィデザイン																																																																								
2022103605	2025-12-18	名古屋	晴	1.0	C32組		12.0	7.0	9.0	9.2	3.0	6	阪野学	57.0	ダ920		重	**	0:59.7	1.1	**	11		38.1	441(-1)			テルケンレンチャオ																																																																								
2022103605	2026-01-01	名古屋	晴	1.0	2026金シャチゴー(C)		12.0	2.0	2.0	60.7	8.0	9	阪野学	57.0	ダ920		良	**	0:59.8	2.8	**	9		38.2	443(+2)			エクメノポリス																																																																								
2022103605	2026-01-13	名古屋	曇	1.0	C33組		11.0	1.0	1.0	23.8	4.0	3	阪野学	57.0	ダ1500		良		1:40.7	1.1		4-4-2		41.1	440(-3)			アーマードトラック	11.0																																																																							
2022103607	2025-02-02	1東京2	小雨	4.0	3歳新馬		16.0	7.0	13.0	30.7	8.0	12	武藤雅	57.0	ダ1600		稍	**	1:43.9	2.8	**	15-15	35.3-38.5	39.3	528(0)			ウィテカービート																																																																								
2022103607	2025-03-08	2中山3	曇	2.0	3歳未勝利		16.0	1.0	2.0	244.1	15.0	11	武藤雅	57.0	ダ1800		重	**	1:58.0	2.5	**	16-15-14-14	38.5-39.3	39.7	524(-4)			ハルノアラシ																																																																								
2022103607	2025-04-06	3中山4	曇	1.0	3歳未勝利		13.0	6.0	8.0	185.5	10.0	6	武藤雅	57.0	ダ1800		稍	**	1:57.1	1.6	**	10-10-10-9	35.1-40.8	41.0	514(-10)			キタノラブミー																																																																								
2022103607	2025-05-10	2東京5	小雨	2.0	3歳未勝利		14.0	3.0	3.0	76.0	11.0	12	ディー	57.0	ダ2100		重	**	2:15.9	4.6	**	13-14-14-12	31.6-35.1	38.0	510(-4)			マーゴットゲイン																																																																								
2022103607	2025-09-13	4中山3	晴	7.0	3歳未勝利		16.0	3.0	6.0	194.9	15.0	15	水沼元輝	54.0	ダ1800		不	**	1:56.3	2.5	**	15-15-15-15	36.2-39.2	40.3	506(-4)			アルデラックス																																																																								
2022103639	2024-07-21	1札幌2		5.0	2歳新馬								佐々木大		芝1800				1:49.0	1.2		3-3-6-6	36.9-34.8	35.5	472(0)																																															晴		8.0	1.0	1.0	26.1	7.0	7	55.0	良	**	**		キングスコール															
2022103639	2025-01-05	1中山1		5.0	3歳未勝利								佐々木大		芝1600				1:35.3	1.0		3-3-2	35.0-35.2	35.7	496(+24)																																															晴		16.0	8.0	16.0	7.4	4.0	6	57.0	良	**	**		フィールドノート															
2022103639	2025-05-25	2東京10		4.0	3歳未勝利								北村友一		芝1600				1:34.8	1.1		11-12	34.8-35.3	35.3	494(-2)				56.0																																											曇		18.0	4.0	8.0	16.0	5.0	5	57.0	稍	**	**		バンブルビー															
2022103639	2025-06-22	1函館4		6.0	3歳未勝利								北村友一		ダ1700				1:49.3	4.2		2-2-5-6	29.7-37.6	41.2	492(-2)																																															曇		11.0	8.0	10.0	6.8	4.0	11	57.0	重	**	**		マンオブザマッチ															
2022103639	2025-07-12	1函館9		2.0	3歳未勝利								北村友一		ダ1000				1:00.2	1.4		3-3	34.4-35.7	36.7	498(+6)				84.0																																											晴		12.0	2.0	2.0	15.5	5.0	4	57.0	良	**	**		ショウナンラリー															
2022103639	2025-09-09	門別		10.0	グランシャリオドリー(C4)								落合玄太		ダ1200				1:14.6	0.0		2-1		38.3	494(-4)				15.4																																											曇		12.0	8.0	12.0	2.3	1.0	2	57.0	稍	**	**		エクストラチャージ															
2022103639	2025-09-23	門別		8.0	松山光プロジェクト特(C4)								落合玄太		ダ1000				1:01.9	-1.1		2-1		37.9	492(-2)				55.0																																											晴		8.0	6.0	6.0	1.6	1.0	1	57.0	稍	**	**		(イケノシティー)															
2022103639	2025-10-08	門別		10.0	グランシャリオドリー(C3)								落合玄太		ダ1000				1:02.3	-0.4		5-3		37.6	492(0)				55.0																																											晴		12.0	7.0	10.0	1.0	1.0	1	57.0	良	**	**		(アイガイッパイ)															
2022103639	2025-10-29	門別		9.0	ローズマリー特別(C1)								落合玄太		ダ1000				1:01.5	-0.7		2-2		37.6	492(0)				55.0																																											晴		12.0	8.0	11.0	1.6	1.0	1	57.0	稍	**	**		(ニシケンカバル)															
2022103639	2025-11-13	門別		9.0	来年も門別でJBC2(B4)								落合玄太		ダ1000				1:01.3	-0.6		2-1		37.1	490(-2)				65.0																																											晴		8.0	7.0	7.0	1.1	1.0	1	57.0	稍	**	**		(ニシノレヴィガータ)															
2022103642	2024-07-07	1函館10		5.0	2歳新馬								北村友一		芝1800				1:55.0	1.0		9-9-10-6	38.5-35.6	35.9	466(0)																																															曇		10.0	7.0	7.0	9.5	5.0	6	55.0	稍	**	**		マジックサンズ															
2022103642	2024-07-27	1札幌3		1.0	2歳未勝利								北村友一		芝1800				1:49.7	-0.2		2-3-3-3	37.0-35.7	35.3	466(0)				550.0																																											曇		10.0	8.0	10.0	17.9	6.0	1	55.0	良	**	**		(ヤコブセン)															
2022103642	2024-09-28	4中山8		9.0	芙蓉S(OP)								菅原明良		芝2000				2:03.1	0.3		6-6-5-5	36.3-35.3	35.0	464(-2)				240.0																																											曇		9.0	7.0	7.0	12.5	5.0	4	55.0	良	**	**		ジェットマグナム															
2022103642	2025-01-19	1中山7		11.0	京成杯(GIII)								佐々木大		芝2000				2:00.6	0.7		10-10-9-6	35.0-36.8	36.3	482(+18)																																															小雨		14.0	6.0	10.0	132.5	14.0	7	57.0	良	**	**		ニシノエージェント															
2022103642	2025-02-02	1東京2		9.0	セントポーリア賞(1勝クラス)								岩田望来		芝1800				1:49.8	1.6		9-11-10	36.1-34.8	35.7	482(0)																																															小雨		13.0	6.0	8.0	19.7	6.0	12	57.0	良	**	**		エネルジコ															
2022103642	2025-04-13	3中山6		7.0	3歳1勝クラス								菅原明良		ダ1800				1:55.6	1.0		7-7-8-5	38.5-37.4	38.0	464(-18)																																															雨		10.0	3.0	3.0	15.6	5.0	6	57.0	良	**	**		ニューファウンド															
2022103644	2024-07-14	3小倉6		6.0	2歳新馬								永島まな		芝1200				1:12.5	1.2		3-2	35.1-36.2	37.1	478(0)				72.0																																											雨		8.0	2.0	2.0	7.9	3.0	5	53.0	不	**	**		ラブアイミー															
2022103644	2024-08-10	2中京1		2.0	2歳未勝利								永島まな		ダ1200				1:13.7	1.5		6-6	34.3-37.9	38.4	476(-2)																																															晴		16.0	7.0	14.0	33.0	8.0	6	53.0	良	**	**		アーデルリーベ															
2022103644	2024-09-21	3中京6		3.0	2歳未勝利								永島まな		ダ1400				1:26.9	1.7		10-12	34.7-38.4	39.3	478(+2)																																															晴		16.0	6.0	11.0	22.8	6.0	8	53.0	良	**	**		ユウトザユウト															
2022103644	2025-01-12	1中京4		2.0	3歳未勝利								永島まな		ダ1400				1:26.6	1.1		3-3	35.0-38.2	39.1	486(+8)				140.0																																											曇		16.0	7.0	14.0	66.1	12.0	3	55.0	良	**	**		レーティッシュ															
2022103644	2025-01-26	1中京9		2.0	3歳未勝利								酒井学		ダ1400				1:26.7	0.1		2-3	34.8-39.3	39.2	488(+2)				84.0																																											晴		16.0	7.0	14.0	7.5	3.0	4	57.0	良	**	**		スリーソング															
2022103644	2025-02-10	1京都3		3.0	3歳未勝利								橋木太希		ダ1400				1:27.5	1.6		2-2	35.9-37.5	39.1	484(-4)				140.0																																											晴		12.0	4.0	4.0	10.0	4.0	3	54.0	良	**	**		エンダードラゴン															
2022103644	2025-03-16	1阪神6		3.0	3歳未勝利								吉村誠之		ダ1400				1:28.1	1.9		5-4	34.8-38.9	40.4	490(+6)																																															小雨		16.0	5.0	10.0	4.4	2.0	6	55.0	稍	**	**		サンマルノヴェル															
2022103644	2025-03-29	2中京5		4.0	3歳未勝利								永島まな		ダ1800				1:54.9	1.2		3-2-4-4	36.9-38.7	39.5	486(-4)				84.0																																											曇		13.0	1.0	1.0	5.1	2.0	4	55.0	稍	**	**		メイショウソウセキ															
2022103644	2025-05-08	船橋		6.0	ナイスサドル特別(3歳未格)								永島まな		ダ1600				1:42.9	-0.2		1-1-1-1	38.0-39.8	39.8	485(-1)				250.0																																											晴		10.0	7.0	7.0	1.8	1.0	1	54.0	稍	**	**		(スメラギ)															
2022103644	2025-05-24	2東京9		6.0	3歳1勝クラス								原優介		ダ1600				1:39.1	1.2		3-3	35.9-36.7	37.5	478(-7)																																															曇		13.0	4.0	5.0	199.3	12.0	10	57.0	良	**	**		フィリップバローズ															
2022103644	2025-07-26	1札幌1		9.0	3歳以上1勝クラス								和田陽希		ダ1700				1:45.6	0.1		2-2-1-1	29.7-38.1	38.2	478(0)				320.0																																											小雨		13.0	4.0	4.0	58.2	10.0	2	52.0	良	**	**		ショウナンヤッホー															
2022103644	2025-08-16	1札幌7		8.0	3歳以上1勝クラス								和田陽希		ダ1700				1:46.3	0.5		8-8-7-8	30.3-38.7	38.6	466(-12)				120.0																																											晴		14.0	3.0	3.0	8.6	4.0	4	52.0	良	**	**		ゼロスネーク															
2022103644	2025-08-31	2札幌4		12.0	3歳以上1勝クラス								和田陽希		ダ1700				1:45.5	0.1		3-3-2-2	30.2-37.7	37.6	476(+10)				320.0																																											曇		12.0	8.0	12.0	4.7	4.0	2	52.0	稍	**	**		アイオリア															
2022103644	2025-11-09	3福島2		3.0	3歳以上1勝クラス								角田大和		ダ1700				1:47.2	1.5		14-12-3-3	30.3-37.7	38.8	478(+2)																																															曇		15.0	3.0	4.0	5.2	3.0	7	56.0	良	**	**		ドゥラリス															
2022103649	2024-12-22	7京都8		4.0	2歳新馬								長岡禎仁		ダ1800				1:58.4	3.7		2-2-2-2	37.4-38.1	41.5	444(0)					曇		13.0	7.0	11.0	125.0	13.0	6	55.0	良	**	**		タイセイドラード																																																									
2022103649	2025-03-01	1阪神1		1.0	3歳未勝利								松山弘平		ダ1800				1:57.7	-0.4		1-1-1-1	37.4-40.4	40.4	456(+12)				560.0	曇		12.0	3.0	3.0	10.9	5.0	1	55.0	良	**	**		(アロガントシェイム)																																																									
2022103649	2025-09-15	4阪神5		7.0	3歳以上1勝クラス								松山弘平		ダ1800				1:55.4	1.7		2-2-2-2	37.2-37.6	39.2	446(-10)					晴		13.0	4.0	5.0	11.6	4.0	7	53.0	良	**	**		レイバックスピン																																																									
2022103649	2025-12-14	5阪神4		7.0	3歳以上1勝クラス								西村淳也		ダ1800				1:55.1	0.5		2-2-2-2	37.6-38.3	38.5	452(+6)				120.0	晴		12.0	7.0	9.0	15.1	6.0	4	55.0	良	**	**		マハナ																																																									
2022103649	2026-01-12	1京都5		6.0	4歳以上1勝クラス								西村淳也		ダ1800				1:58.5	3.5		2-2-3-5	38.2-38.4	41.1	454(+2)					晴		9.0	6.0	6.0	12.7	6.0	9	55.0	良	**	**		レディゴディヴァ																																																									
2022103651	2024-10-12	5京都3		5.0	2歳新馬								酒井学		芝2000				2:01.8	1.1		7-6-4-4	37.3-34.2	35.0	500(0)																																	晴		13.0	1.0	1.0	31.5	8.0	6	56.0	良	**	**		ナグルファル																													
2022103651	2024-10-27	5京都8		3.0	2歳未勝利								酒井学		芝2000				2:02.4	0.8		3-3-3-2	35.8-35.7	36.3	502(+2)				83.0																													晴		12.0	6.0	7.0	29.5	8.0	4	56.0	良	**	**		ロードガレリア																													
2022103651	2024-11-24	6京都8		3.0	2歳未勝利								酒井学		芝1600				1:35.7	0.9		6-7	35.0-35.4	35.8	502(0)				55.0																													曇		18.0	5.0	9.0	19.5	7.0	5	56.0	良	**	**		ベイリークロア																													
2022103651	2024-12-08	7京都4		3.0	2歳未勝利								太宰啓介		芝1600				1:36.4	1.5		10-10	35.0-36.0	35.6	500(-2)																																	晴		10.0	3.0	3.0	19.8	4.0	6	56.0	良	**	**		モンテシート																													
2022103651	2025-01-05	1中京1		1.0	3歳未勝利								太宰啓介		ダ1800				1:57.7	2.9		11-11-10-12	37.7-37.8	39.9	504(+4)																																	晴		16.0	7.0	14.0	36.3	7.0	13	57.0	良	**	**		ルヴァンユニベール																													
2022103651	2025-02-09	1小倉6		2.0	3歳未勝利								丸山元気		芝1800				1:52.7	1.5		9-9-10-7	36.7-36.6	37.1	506(+2)				84.0																													曇		16.0	2.0	3.0	7.6	4.0	4	57.0	稍	**	**		ヴォラヴィア																													
2022103651	2025-02-22	1小倉9		2.0	3歳未勝利								丸山元気		芝1800				1:49.1	0.1		1-1-1-1	35.7-35.9	36.0	504(-2)				220.0																													晴		16.0	2.0	3.0	23.0	6.0	2	57.0	良	**	**		スナークピカソ																													
2022103651	2025-03-22	2中京3		5.0	3歳未勝利								丸山元気		芝1600				1:35.2	-0.2		1-1-1	35.3-35.4	35.4	504(0)				560.0																													晴		16.0	1.0	1.0	16.0	4.0	1	57.0	良	**	**		(ビップディラン)																													
2022103651	2025-04-05	2阪神3		11.0	チャーチルダウンズC(GIII)								団野大成		芝1600				1:33.1	0.9		1-1	34.4-34.2	35.1	504(0)																																	晴		11.0	8.0	10.0	100.2	11.0	9	57.0	良	**	**		ランスオブカオス																													
2022103651	2025-04-26	2京都1		8.0	あやめ賞(1勝クラス)								太宰啓介		芝1800				1:48.5	1.6		2-3	36.1-33.6	34.9	506(+2)																																	晴		7.0	6.0	6.0	25.2	7.0	7	57.0	良	**	**		キングメーカー																													
2022103651	2025-07-19	1函館11		9.0	湯浜特別(1勝クラス)								松本大輝		芝1800				1:47.9	1.5		4-4-4-4	35.8-34.1	35.3	508(+2)																																	晴		14.0	4.0	5.0	38.5	9.0	8	55.0	良	**	**		サクラファレル																													
2022103651	2025-08-02	1札幌3		7.0	3歳以上1勝クラス								松本大輝		芝1800				1:47.3	0.7		1-1-1-1	36.1-34.9	35.6	506(-2)				120.0																													晴		10.0	3.0	3.0	36.1	7.0	4	54.0	良	**	**		ハートメテオ																													
2022103651	2025-08-16	1札幌7		12.0	石狩特別(1勝クラス)								松本大輝		芝1800				1:48.9	0.1		1-1-1-1	36.6-35.6	35.7	504(-2)				447.8																													晴		12.0	2.0	2.0	8.8	4.0	2	55.0	良	**	**		ショウナンバルドル																													
2022103651	2025-09-15	4阪神5		8.0	3歳以上1勝クラス								松本大輝		芝1800				1:45.4	0.5		3-4	34.7-34.4	34.6	500(-4)				80.0																													晴		8.0	5.0	5.0	14.3	5.0	5	54.0	良	**	**		エバーグルーヴ																													
2022103651	2025-11-29	4京都7		7.0	3歳以上1勝クラス								松本大輝		芝1800				1:47.3	1.0		14-14	34.1-35.1	34.9	512(+12)																																	晴		18.0	3.0	6.0	45.1	11.0	15	55.0	良	**	**		ジーティーマン																													
2022103651	2025-12-06	5中京1		12.0	3歳以上1勝クラス								松本大輝		芝1600				1:33.0	-0.2		5-5-5	35.3-34.3	33.8	512(0)				800.0																													晴		16.0	3.0	6.0	14.1	5.0	1	56.0	良	**	**		(クイーンズワーフ)																													
2022103651	2026-01-17	1京都6		12.0	4歳以上2勝クラス								松山弘平		芝1600				1:35.5	2.0		16-17	35.2-34.5	34.9	514(+2)																																	晴		18.0	7.0	14.0	7.6	4.0	16	57.0	良				カズミクラーシュ																													
2022103658	2024-09-28	4中山8	曇	6.0	2歳新馬		16.0	2.0	4.0	54.7	10.0	13	長岡禎仁	55.0	ダ1200		良	**	1:16.0	3.8	**	1-3	34.5-37.7	41.5	448(0)			ハッピービバーク																																																																								
2022103658	2024-11-16	6京都5	曇	1.0	2歳未勝利		16.0	2.0	3.0	70.9	9.0	14	鷲頭虎太	52.0	ダ1200		良	**	1:16.0	3.7	**	10-11	35.4-36.9	39.6	440(-8)			ヤマニンチェルキ																																																																								
2022103658	2024-12-01	7京都2	晴	1.0	2歳未勝利		15.0	7.0	13.0	292.2	15.0	15	西塚洸二	54.0	ダ1200		良	**	1:17.7	4.3	**	1-2	35.9-37.5	41.8	436(-4)			ペイシャケイプ																																																																								
2022103658	2025-04-06	2阪神4	晴	1.0	3歳未勝利		16.0	7.0	13.0	376.9	15.0	16	長岡禎仁	55.0	ダ1200		良	**	1:18.7	5.3	**	2-5	35.5-37.9	43.1	436(0)			バシリス																																																																								
2022103658	2025-05-16	笠松	曇	1.0	3歳8組		7.0	2.0	2.0	3.1	2.0	5	岡部誠	55.0	ダ800		良	**	0:49.9	0.7	**	1		36.8	446(+10)			アンミツヒメ	4.5																																																																							
2022103658	2025-06-02	笠松	曇	1.0	3歳6組		10.0	5.0	5.0	24.2	5.0	9	松本一心	53.0	ダ1400		良	**	1:34.1	3.2	**	1-2-4		42.3	455(+9)			ヘビーキュー																																																																								
2022103658	2025-06-10	笠松	雨	2.0	3歳6組		12.0	4.0	4.0	31.7	7.0	12	松本一心	53.0	ダ1400		不	**	1:37.1	6.4	**	1-6-11		46.1	440(-15)			アンヘリート																																																																								
2022103658	2025-08-14	笠松	晴	7.0	家を建てるならユーハ(3歳)		10.0	1.0	1.0	109.4	8.0	2	明星晴大	54.0	ダ1400		良	**	1:31.5	0.7	**	1-1-1		41.3	456(+16)			アドミリング	18.0																																																																							
2022103658	2025-08-26	笠松	曇	5.0	騎手を目指すナリちゃ(3歳)		7.0	1.0	1.0	66.8	7.0	7	松本一心	54.0	ダ1400		良	**	1:37.6	8.6	**	1-3-7		48.0	454(-2)			エイシンヤタガラス																																																																								
2022103658	2025-09-12	笠松	曇	1.0	3歳未勝利		9.0	1.0	1.0	1.7	1.0	1	松本一心	54.0	ダ800		良	**	0:49.1	-0.3	**	1		36.3	451(-3)			(チャーミングドール)	45.0																																																																							
2022103658	2025-09-23	笠松	曇	7.0	3歳5組		10.0	7.0	7.0	115.9	7.0	5	松本一心	54.0	ダ1400		良	**	1:32.8	2.5	**	1-3-5		42.4	449(-2)			ヒルノカーディフ	4.5																																																																							
2022103658	2025-10-08	笠松	晴	3.0	亮二&多紀結婚記念杯(C)		8.0	5.0	5.0	19.1	4.0	7	井口裕貴	52.0	ダ1400		良	**	1:34.8	4.3	**	2-5-6		44.0	446(-3)			ランドプリメーロ																																																																								
2022103658	2025-10-22	笠松	曇	3.0	ベスティアゼータ10(C)		10.0	3.0	3.0	91.9	6.0	6	松本一心	54.0	ダ1400		良	**	1:34.0	2.4	**	10-10-8		39.9	450(+4)			レッドインタクト																																																																								
2022103658	2025-11-05	笠松	曇	7.0	C16組		11.0	8.0	11.0			除	松本一心	54.0	ダ1400		良	**			**				計不			シャンデリアソング																																																																								
2022103658	2025-11-18	笠松	曇	3.0	C14組		9.0	6.0	6.0	36.1	6.0	7	井口裕貴	52.0	ダ1400		良	**	1:32.8	1.9	**	1-1-2		41.5	451(+1)			ウインマグノリア																																																																								
2022103658	2025-11-28	笠松	晴	4.0	夢がここから始まるよ(C)		7.0	1.0	1.0	23.4	5.0	5	井口裕貴	52.0	ダ1400		良	**	1:33.6	1.4	**	7-5-5		39.1	445(-6)			ヒルノブリスベン	4.0																																																																							
2022103658	2025-12-12	笠松	晴	4.0	彩花お疲れ!第1回一(C)		10.0	4.0	4.0	137.2	9.0	8	細川智史	55.0	ダ1400		良	**	1:34.2	3.3	**	4-7-8		43.1	446(+1)			ヘヴンリーゴール																																																																								
2022103658	2025-12-30	笠松	晴	2.0	C17組		8.0	2.0	2.0	190.5	8.0	4	井口裕貴	52.0	ダ1400		良	**	1:32.5	0.8	**	1-1-1		40.1	442(-4)			クロスレート	6.0																																																																							
2022103658	2026-01-06	笠松	晴	7.0	C20組		8.0	8.0	8.0	7.6	4.0	4	松本一心	54.0	ダ1400		良	**	1:33.2	0.8	**	4-3-3		40.3	440(-2)			マーゴットビースト	6.0																																																																							
2022103686	2025-01-05	1中京1	晴	4.0	3歳新馬		16.0	6.0	11.0	40.1	11.0	6	国分優作	57.0	ダ1800		良	**	1:56.3	1.3	**	8-10-9-8	38.2-38.3	38.3	512(0)			ソルナシエンテ																																																																								
2022103686	2025-01-25	1中京8	晴	2.0	3歳未勝利		15.0	5.0	10.0	4.4	2.0	1	幸英明	57.0	ダ1800		良	**	1:55.4	-0.4	**	7-7-4-3	37.9-38.6	38.2	508(-4)			(ミラクルブルー)	560.0																																																																							
2022103686	2025-02-09	1京都4	晴	4.0	3歳1勝クラス		10.0	1.0	1.0	89.5	9.0	3	幸英明	57.0	ダ1800		稍	**	1:54.1	0.6	**	10-10-7-5	36.7-37.8	37.6	510(+2)			グランドプラージュ	200.0																																																																							
2022103686	2025-04-06	2阪神4	晴	5.0	3歳1勝クラス		14.0	3.0	4.0	8.4	4.0	1	幸英明	57.0	ダ1800		良	**	1:52.7	-0.4	**	3-3-5-5	36.5-38.2	37.6	512(+2)			(シンビリーブ)	800.0																																																																							
2022103686	2025-05-03	2京都3	晴	11.0	ユニコーンS(GIII)		13.0	7.0	11.0	9.6	4.0	8	菱田裕二	57.0	ダ1900		稍	**	1:58.6	1.8	**	4-4-7-8	29.8-36.6	38.0	512(0)			カナルビーグル																																																																								
2022103686	2025-08-10	3中京6	曇	8.0	揖斐川特別(2勝クラス)		12.0	5.0	5.0	5.1	2.0	2	太宰啓介	55.0	ダ1800		良	**	1:53.0	0.4	**	2-3-3-3	37.3-37.5	37.6	518(+6)			タガノバビロン	629.2																																																																							
2022103686	2025-10-19	3京都7	曇	12.0	聚楽第特別(2勝クラス)		14.0	6.0	9.0	3.3	1.0	1	古川吉洋	56.0	ダ1800		良	**	1:50.9	-0.1	**	5-5-4-2	34.9-37.4	36.9	520(+2)			(バッケンレコード)	1582.2																																																																							
2022103686	2025-11-16	4京都4	晴	10.0	天橋立S(3勝クラス)		14.0	1.0	1.0	5.7	2.0	2	古川吉洋	55.0	ダ1800		良	**	1:49.7	0.3	**	5-5-3-4	35.3-37.3	37.4	516(-4)			トリポリタニア	748.8																																																																							
2022103686	2025-12-14	5阪神4	晴	10.0	竹田城S(3勝クラス)		16.0	1.0	2.0	2.1	1.0	16	古川吉洋	56.0	ダ2000		良	**	2:09.3	4.7	**	2-3-4-7	36.2-37.9	42.3	522(+6)			ロードプレジール																																																																								
2022103690	2024-12-22	7京都8		6.0	2歳新馬								長岡禎仁		芝1800				1:52.2	2.3		5-7	37.0-35.0	36.6	386(0)					曇		14.0	4.0	6.0	143.9	14.0	11	55.0	良	**	**		マトラコーニッシュ																																																									
2022103690	2025-01-13	1中山5		3.0	3歳未勝利								小林美駒		ダ1800				2:00.4	4.6		14-14-13-13	37.1-40.1	42.6	376(-10)					晴		16.0	3.0	6.0	235.9	13.0	14	51.0	良	**	**		キョウエイタイコ																																																									
2022103690	2025-02-15	佐賀		1.0	3歳ー8組								小林凌		ダ1300				1:28.4	2.2		7-7-8-7		39.6	387(+11)				3.4	曇		8.0	2.0	2.0	33.6	6.0	5	54.0	稍	**	**		ツモ																																																									
2022103690	2025-03-01	佐賀		11.0	SAGAリベンジャー(3歳)								山下裕貴		ダ1400				1:35.1	1.6		5-5-5-6		41.4	388(+1)				5.2	曇		10.0	3.0	3.0	4.7	2.0	4	54.0	稍	**	**		リッキーリルパイロ																																																									
2022103690	2025-03-15	佐賀		11.0	SAGAリベンジャー(3歳)								山下裕貴		ダ1300				1:29.4	2.8		10-10-10-10		39.8	386(-2)					雨		10.0	4.0	4.0	13.4	6.0	6	54.0	不	**	**		カシノトップラン																																																									
2022103690	2025-04-05	佐賀		10.0	SAGAリベンジャー(3歳)								山下裕貴		ダ900				0:58.2	1.9		9-8		37.9	398(+12)					曇		11.0	7.0	9.0	78.5	8.0	6	54.0	良	**	**		マリノドゥードゥー																																																									
2022103690	2025-04-27	佐賀		10.0	SAGAリベンジャー(3歳)								山下裕貴		ダ900				0:57.5	1.3		4-4		38.2	399(+1)					晴		12.0	5.0	5.0	167.1	10.0	6	54.0	良	**	**		ミンスパイ																																																									
2022103690	2025-05-10	佐賀		1.0	3歳ー7組								小松丈二		ダ1300				1:29.6	4.0		10-10-10-9		40.9	400(+1)					曇		11.0	1.0	1.0	67.7	8.0	8	54.0	不	**	**		ハインズテソーロ																																																									
2022103690	2025-05-25	佐賀		10.0	SAGAリベンジャー(3歳)								小松丈二		ダ1400				1:35.1	2.0		11-11-11-10		40.7	403(+3)					晴		11.0	7.0	9.0	218.9	11.0	6	54.0	不	**	**		ニシノエンデヴァー																																																									
2022103690	2025-06-08	佐賀		11.0	SAGAリベンジャー(3歳)								西森将司		ダ1400				1:34.3	2.6		10-10-10-10		41.0	411(+8)					小雨		11.0	6.0	6.0	217.7	10.0	7	54.0	良	**	**		アーチーテソーロ																																																									
2022103690	2025-06-22	佐賀		9.0	SAGAリベンジャー(3歳)								山下裕貴		ダ1300				1:26.9	3.7		5-6-9-9		41.2	406(-5)					小雨		10.0	5.0	5.0	290.2	10.0	9	54.0	良	**	**		タガノミモザ																																																									
2022103690	2025-07-12	佐賀		1.0	3歳ー10組								西森将司		ダ1300				1:27.4	2.8		5-6-6-6		40.5	418(+12)					晴		8.0	8.0	8.0	121.9	8.0	6	54.0	良	**	**		イサチルオアシス																																																									
2022103690	2025-08-09	佐賀		3.0	C2ー25組								西森将司		ダ1400				1:34.2	5.2		3-4-5-6		41.7	414(-4)					雨		11.0	8.0	11.0	153.0	10.0	8	54.0	不	**	**		ウフフトルンナ																																																									
2022103690	2025-08-30	佐賀		4.0	ツキミソウ賞(C2)								西森将司		ダ1400				1:35.0	2.1		4-4-4-4		42.1	421(+7)				3.2	曇		11.0	8.0	10.0	314.4	11.0	5	54.0	良	**	**		マニーシーン																																																									
2022103690	2025-09-13	佐賀		3.0	C2ー25組								加茂飛翔		ダ1400				1:33.3	2.1		7-8-7-7		40.1	413(-8)				3.2	曇		12.0	6.0	8.0	160.2	8.0	5	54.0	稍	**	**		ポンペルモ																																																									
2022103690	2025-09-27	佐賀		6.0	チャレンジシリーズ(C2)								西森将司		ダ1400				1:33.0	2.3		3-3-4-4		41.0	413(0)				4.8	曇		12.0	8.0	11.0	127.3	8.0	4	54.0	重	**	**		アスターニルギリ																																																									
2022103690	2025-10-11	佐賀		6.0	C2ー24組								西森将司		ダ1300				1:26.7	1.9		4-4-5-4		40.6	415(+2)				4.8	晴		12.0	5.0	5.0	53.1	5.0	4	54.0	良	**	**		クリスティテソーロ																																																									
2022103690	2025-10-25	佐賀		7.0	C2ー22組								西森将司		ダ1300				1:26.9	1.2		7-7-7-8		40.3	415(0)					曇		12.0	6.0	8.0	93.1	8.0	6	54.0	良	**	**		ジーティーノーブル																																																									
2022103690	2025-11-07	佐賀		3.0	C2ー23組								小松丈二		ダ1400				1:34.0	1.2		4-4-4-5		40.8	409(-6)				4.8	晴		9.0	2.0	2.0	46.7	7.0	4	54.0	良	**	**		スマイルブロッケン																																																									
2022103690	2025-11-22	佐賀		4.0	C2ー22組								小松丈二		ダ1300				1:27.8	2.5		10-10-10-10		41.1	411(+2)					晴		12.0	1.0	1.0	60.9	9.0	9	54.0	良	**	**		ジーティーグロウ																																																									
2022103690	2025-12-13	佐賀		7.0	さがけいば×焼肉ウエ(C2)								松井伸也		ダ1300				1:26.9	1.1		8-8-9-8		40.2	409(-2)				3.2	小雨		12.0	1.0	1.0	363.7	10.0	5	54.0	良	**	**		エクセレンウイナー																																																									
2022103690	2026-01-05	佐賀		3.0	C2ー22組								松井伸也		ダ1400				1:34.2	2.0		5-6-8-8		41.4	409(0)					晴		12.0	5.0	6.0	87.5	9.0	10	54.0	良	**	**		レクエルド																																																									
2022103714	2024-10-06	5京都2		5.0	2歳新馬								池添謙一		芝1800				1:47.5	0.7		10-10	35.1-35.2	35.1	514(0)					晴		13.0	3.0	3.0	64.0	9.0	6	56.0	良	**	**		サトノブリジャール																																																									
2022103714	2024-10-26	5京都7		3.0	2歳未勝利								田口貫太		芝1600				1:35.9	1.6		4-5	34.5-35.1	36.3	512(-2)					曇		12.0	7.0	9.0	11.4	4.0	9	55.0	良	**	**		アイサンサン																																																									
2022103714	2024-12-22	7京都8		3.0	2歳未勝利								柴田裕一		芝1400				1:22.8	1.2		4-4	34.6-35.5	36.3	518(+6)					曇		18.0	3.0	5.0	39.6	12.0	7	53.0	良	**	**		ウィンストン																																																									
2022103714	2025-02-01	1小倉3		6.0	3歳未勝利								柴田裕一		芝1200				1:10.0	0.4		11-11	33.8-35.8	35.4	516(-2)					雨		18.0	5.0	9.0	14.1	7.0	6	54.0	稍	**	**		セサンパ																																																									
2022103714	2025-03-01	1阪神1		2.0	3歳未勝利								池添謙一		ダ1200				1:13.8	0.1		9-7	35.5-38.2	37.3	514(-2)				220.0	曇		16.0	2.0	3.0	19.1	4.0	2	57.0	良	**	**		ホウショウマリス																																																									
2022103714	2025-03-23	1阪神8		2.0	3歳未勝利								柴田裕一		ダ1200				1:13.7	0.0		7-6	35.8-37.9	37.2	518(+4)				560.0	晴		16.0	6.0	11.0	3.7	1.0	1	54.0	良	**	**		(グランカメリア)																																																									
2022103714	2025-04-12	2阪神5		6.0	3歳1勝クラス								柴田裕一		芝1200				1:09.3	1.2		5-6	33.9-34.2	34.9	514(-4)					晴		11.0	8.0	11.0	51.3	9.0	9	54.0	良	**	**		カンシン																																																									
2022103714	2025-05-17	2東京7		7.0	3歳1勝クラス								北村宏司		ダ1400				1:24.4	1.6		10-8	34.2-36.3	36.8	514(0)					雨		14.0	3.0	4.0	42.8	12.0	8	57.0	不	**	**		ベンヌ																																																									
2022103714	2025-08-03	3中京4		10.0	3歳以上1勝クラス								河原田菜		ダ1200				1:12.9	1.5		13-11	34.4-37.0	36.9	522(+8)					晴		16.0	3.0	6.0	52.4	11.0	8	52.0	良	**	**		フィドルファドル																																																									
2022103714	2025-08-24	4中京2		12.0	3歳以上1勝クラス								永島まな		ダ1400				1:27.4	2.8		5-6	34.3-38.4	40.6	496(-26)					晴		14.0	3.0	3.0	83.3	11.0	11	53.0	良	**	**		ダイシンリンク																																																									
2022103714	2025-12-14	5中京4		3.0	3歳以上1勝クラス								柴田裕一		ダ1200				1:13.7	2.0		10-10	35.6-36.1	37.5	506(+10)					曇		16.0	2.0	4.0	57.3	10.0	9	55.0	稍	**	**		ドラゴンテイラー																																																									
2022103729	2024-10-06	5京都2		4.0	2歳新馬								菅原明良		芝1400				1:22.4	1.1		12-10	34.8-35.0	35.0	426(0)					晴		17.0	2.0	3.0	108.3	13.0	7	55.0	良	**	**		インフローレ																																																									
2022103729	2024-12-08	7京都4		3.0	2歳未勝利								団野大成		芝1600				1:35.1	0.2		1-1	35.0-36.0	36.2	424(-2)				220.0	晴		10.0	1.0	1.0	37.2	5.0	2	55.0	良	**	**		モンテシート																																																									
2022103729	2024-12-22	7京都8		2.0	2歳未勝利								藤岡佑介		芝1600				1:35.4	0.6		1-1	34.9-36.1	36.7	424(0)				83.0	曇		18.0	7.0	14.0	16.0	5.0	4	55.0	良	**	**		グラフィティアート																																																									
2022103729	2025-01-18	1中京6		6.0	3歳未勝利								高杉吏麒		芝1600				1:35.9	1.0		2-3-3	34.9-35.7	36.3	416(-8)					晴		16.0	4.0	8.0	15.9	5.0	6	54.0	良	**	**		アスクセクシーモア																																																									
2022103729	2025-03-15	1阪神5		4.0	3歳未勝利								Ｍ．デム		芝1400				1:22.4	0.7		11-7	34.3-35.3	35.2	416(0)				56.0	曇		18.0	8.0	16.0	9.4	6.0	5	55.0	良	**	**		デアリングエア																																																									
2022103729	2025-03-29	2阪神1		1.0	3歳未勝利								Ｍ．デム		ダ1400				1:27.5	1.5		2-2	35.0-38.7	40.0	418(+2)					晴		16.0	3.0	5.0	8.0	6.0	7	55.0	稍	**	**		リトルスカーレット																																																									
2022103729	2025-05-10	2京都5		3.0	3歳未勝利								坂井瑠星		芝1400				1:21.9	0.1		2-3	34.4-35.7	35.6	422(+4)				220.0	曇		18.0	3.0	6.0	5.6	5.0	2	55.0	稍	**	**		クイーンズデイ																																																									
2022103729	2025-05-24	2京都9		3.0	3歳未勝利								坂井瑠星		芝1400				1:21.0	-0.1		5-5	33.9-35.3	34.9	422(0)				560.0	小雨		17.0	5.0	9.0	4.3	2.0	1	55.0	良	**	**		(ワンコールアウェイ)																																																									
2022103729	2025-08-10	3中京6		12.0	3歳以上1勝クラス								佐々木大		芝1400				1:20.5	0.3		3-4	34.0-34.7	34.6	426(+4)				200.0	曇		15.0	8.0	15.0	4.9	2.0	3	53.0	良	**	**		アンダースコア																																																									
2022103729	2025-08-31	4中京4		8.0	3歳以上1勝クラス								松山弘平		芝1600				1:32.5	1.2		2-3-3	34.2-34.4	35.0	420(-6)				80.0	晴		16.0	5.0	10.0	7.9	4.0	5	53.0	良	**	**		グローリーリンク																																																									
2022103729	2025-10-18	3京都6		12.0	3歳以上1勝クラス								吉村誠之		芝1400				1:20.7	0.2		3-3	34.7-34.5	34.1	424(+4)				80.0	曇		15.0	5.0	9.0	3.7	2.0	5	53.0	良	**	**		リアライズ																																																									
2022103729	2025-11-16	3福島4		7.0	3歳以上1勝クラス								高杉吏麒		芝1200				1:09.1	0.1		6-6	33.5-35.5	34.9	420(-4)				200.0	晴		16.0	8.0	15.0	4.2	1.0	3	55.0	良	**	**		モーデン																																																									
2022103730	2025-04-06	2阪神4	晴	3.0	3歳未勝利		16.0	7.0	13.0	121.1	12.0	16	西塚洸二	56.0	ダ1400		良	**	1:30.4	4.5	**	9-12	35.5-37.7	41.4	496(0)			ザックザク																																																																								
2022103730	2025-08-24	4中京2	晴	6.0	3歳未勝利		17.0	3.0	6.0	41.4	11.0	13	西塚洸二	56.0	芝1400		良	**	1:21.9	1.5	**	14-13	33.8-34.8	35.1	508(+12)			エイヘンハールト																																																																								
2022103730	2025-10-24	園田	晴	12.0	そのだ金曜ナイターフ(C2)		12.0	7.0	9.0	68.0	11.0	12	笹田知宏	57.0	ダ1700		良	**	2:03.4	7.0	**	8-8-10-12		45.3	523(+15)			ディザーヴユー																																																																								
2022103730	2026-01-05	佐賀	晴	11.0	SAGAリベンジャー(C2)		12.0	5.0	6.0	25.8	6.0	5	村松翔太	56.0	ダ1300		良	**	1:26.0	0.6	**	2-2-2-2		40.4	497(-26)			サトノシュタール	3.2																																																																							
2022103736	2025-03-09	1阪神4		5.0	3歳未勝利								団野大成		芝1600				1:36.6	2.7		14-14	35.5-34.4	35.6	462(0)																			晴		17.0	6.0	11.0	25.4	9.0	15	55.0	良	**	**		ホーリーノット																																											
2022103736	2025-08-24	4中京2		4.0	3歳未勝利								田山旺佑		ダ1400				1:27.2	2.2		10-10	34.6-38.5	39.3	468(+6)																			晴		16.0	8.0	16.0	91.7	13.0	9	52.0	良	**	**		イーブンベター																																											
2022103736	2025-09-25	園田		8.0	C2一								下原理		ダ1400				1:33.0	1.9		8-8-7-7		39.9	476(+8)																			曇		10.0	8.0	9.0	8.2	4.0	7	55.0	良	**	**		クライムエンジェル																																											
2022103736	2025-10-16	園田		4.0	伯牙弾琴鏡7ハロ(C2)								下原理		ダ1400				1:33.0	2.1		6-6-7-6		40.8	472(-4)				7.0															曇		10.0	2.0	2.0	56.1	5.0	5	55.0	良	**	**		ステラノヴァ																																											
2022103736	2025-11-04	園田		7.0	C2一								下原理		ダ1400				1:33.8	0.9		6-6-6-6		41.7	469(-3)																			晴		10.0	3.0	3.0	40.8	6.0	7	55.0	稍	**	**		セイウンスイート																																											
2022103736	2025-11-20	園田		2.0	C3二								下原理		ダ1400				1:33.2	-0.1		5-5-4-3		40.4	471(+2)				60.0															晴		10.0	8.0	10.0	2.0	1.0	1	55.0	良	**	**		(ナリタセレーノ)																																											
2022103736	2025-12-11	園田		8.0	C2二								下原理		ダ1400				1:32.0	-0.1		4-4-4-4		39.5	468(-3)				70.0															晴		10.0	6.0	6.0	5.8	5.0	1	55.0	良	**	**		(コパノジャンピング)																																											
2022103736	2026-01-18	1京都7		12.0	4歳以上1勝クラス								鷲頭虎太		芝1600				1:36.7	0.6		7-5	35.5-35.2	35.2	454(-14)																																																													晴		8.0	8.0	10.0	28.9	6.0	7	53.0	良	**	**		サク	202608010712
2022103744	2024-07-14	2福島6	曇	6.0	2歳新馬		8.0	8.0	8.0	7.5	4.0	2	小沢大仁	54.0	ダ1150		稍	**	1:11.7	0.1	**	1-1	33.9-37.7	37.8	440(0)			ケイアイマハナ	290.0																																																																							
2022103744	2024-08-10	2中京1	晴	2.0	2歳未勝利		16.0	5.0	9.0	23.5	6.0	15	小沢大仁	54.0	ダ1200		良	**	1:16.1	3.9	**	16-16	34.3-37.9	38.9	432(-8)			アーデルリーベ																																																																								
2022103744	2024-09-08	3中京2	晴	2.0	2歳未勝利		9.0	4.0	4.0	7.4	4.0	5	小沢大仁	54.0	ダ1200		良	**	1:14.1	0.5	**	6-5	35.1-38.5	38.2	426(-6)			シャインミラカナ	55.0																																																																							
2022103744	2024-10-06	5京都2	晴	1.0	2歳未勝利		11.0	6.0	6.0	96.7	6.0	10	富田暁	55.0	ダ1400		良	**	1:29.2	3.7	**	8-10	35.3-37.9	40.8	430(+4)			ダノンフィーゴ																																																																								
2022103744	2024-12-14	7京都5	小雨	1.0	2歳未勝利		15.0	7.0	12.0	68.4	12.0	13	角田大和	55.0	ダ1200		良	**	1:16.5	2.3	**	8-11	35.5-38.7	40.1	446(+16)			ショウナンアトレ																																																																								
2022103744	2025-01-26	1中京9	晴	2.0	3歳未勝利		16.0	1.0	2.0	195.2	14.0	15	角田大和	55.0	ダ1400		良	**	1:28.6	2.0	**	8-10	34.8-39.3	40.1	440(-6)			スリーソング																																																																								
2022103744	2025-03-23	2中京4	晴	1.0	3歳未勝利		16.0	7.0	14.0	47.0	9.0	4	富田暁	55.0	ダ1200		良	**	1:13.6	0.7	**	2-2	35.2-37.7	38.3	434(-6)			セレジェイラ	84.0																																																																							
2022103744	2025-04-06	2阪神4	晴	1.0	3歳未勝利		16.0	5.0	9.0	31.9	8.0	14	鮫島克駿	55.0	ダ1200		良	**	1:16.6	3.2	**	6-8	35.5-37.9	40.3	436(+2)			バシリス																																																																								
2022103744	2025-05-17	1新潟5	雨	2.0	3歳未勝利		15.0	1.0	1.0	76.8	10.0	15	荻野極	55.0	ダ1200		稍	**	1:16.1	3.4	**	13-14	34.9-37.8	39.7	432(-4)			アイアンソリッド																																																																								
2022103744	2025-06-14	佐賀	曇	10.0	肥前特別(3歳)		8.0	1.0	1.0	8.4	4.0	6	金山昇馬	54.0	ダ1750		不	**	2:00.4	3.3	**	4-3-6-6		41.9	442(+10)			スーパーフルール																																																																								
2022103744	2025-06-29	佐賀	晴	4.0	KYUSHUDREA(3歳)		10.0	1.0	1.0	11.2	6.0	8	金山昇馬	54.0	ダ1400		良	**	1:32.3	1.6	**	3-3-4-6		41.5	442(0)			ロトファイター																																																																								
2022103744	2025-07-21	佐賀	晴	6.0	スターライト特別(3歳)		11.0	7.0	9.0	78.2	10.0	6	金山昇馬	54.0	ダ1400		重	**	1:32.3	2.2	**	6-7-7-6		40.7	440(-2)			ソイジャガー																																																																								
2022103744	2025-08-24	佐賀	曇	5.0	ケイトウ賞(C2)		10.0	5.0	5.0	14.3	5.0	2	金山昇馬	54.0	ダ1400		不	**	1:31.0	0.5	**	1-1-1-2		40.8	437(-3)			グエムル	12.8																																																																							
2022103744	2025-10-05	佐賀	曇	9.0	おひつじ座特選(C2)		10.0	2.0	2.0	28.3	6.0	10	金山昇馬	54.0	ダ1400		重	**	1:32.4	1.7	**	1-1-3-3		41.7	437(0)			テリオスミナ																																																																								
2022103753	2024-11-02	5東京1		6.0	2歳新馬								Ｍ．デム		ダ1600				1:39.6	0.2		1-1	37.4-35.6	35.8	476(0)				290.0															小雨		16.0	5.0	9.0	3.5	2.0	2	55.0	重	**	**		ボルトテソーロ																																											
2022103753	2024-11-30	5中山1		2.0	2歳未勝利								横山武史		ダ1800				1:55.3	0.1		4-4-2-2	36.9-40.7	40.5	484(+8)				220.0															晴		16.0	4.0	8.0	2.6	1.0	2	55.0	稍	**	**		リュミナーズ																																											
2022103753	2024-12-21	5中山7		2.0	2歳未勝利								横山武史		ダ1800				1:56.8	1.0		1-1-1-1	37.5-38.8	39.8	480(-4)				55.0															晴		16.0	4.0	7.0	2.1	1.0	5	55.0	良	**	**		コンアフェット																																											
2022103753	2025-02-01	1東京1		3.0	3歳未勝利								横山武史		ダ1600				1:40.5	0.8		12-12	34.9-38.6	38.4	478(-2)																			晴		16.0	4.0	8.0	3.0	1.0	7	55.0	良	**	**		ユーディキウム																																											
2022103753	2025-03-16	2中山6		1.0	3歳未勝利								横山武史		ダ1800				1:56.8	2.8		6-6-8-7	37.5-38.9	41.0	472(-6)																			雨		16.0	8.0	15.0	3.4	1.0	7	55.0	不	**	**		バラダレイナ																																											
2022103753	2025-04-05	3中山3		1.0	3歳未勝利								松山弘平		ダ1800				1:54.8	-0.5		1-1-1-1	37.0-40.2	40.2	472(0)				560.0															晴		15.0	2.0	2.0	5.6	4.0	1	55.0	重	**	**		(クインズエクレア)																																											
2022103753	2025-05-24	2東京9		6.0	3歳1勝クラス								長浜鴻緒		ダ1600				1:38.1	0.2		5-4	35.9-36.7	36.2	480(+8)				120.0															曇		13.0	5.0	7.0	33.1	8.0	4	53.0	良	**	**		フィリップバローズ																																											
2022103753	2025-06-22	1函館4		12.0	3歳以上1勝クラス								横山武史		ダ1700				1:45.6	-0.1		3-3-5-4	29.1-38.7	38.4	484(+4)				800.0															曇		12.0	7.0	9.0	2.9	1.0	1	53.0	重	**	**		(ランスノーブル)																																											
2022103753	2026-01-18	1中山7		8.0	4歳以上2勝クラス								横山武史		ダ1800				1:56.5	2.9		5-5-7-8	36.8-38.9	41.1	496(+12)																																																													晴		16.0	3.0	5.0	26.6	10.0	13	55.0	良	**	**		レディーフランシス	202606010708
2022103779	2025-01-19	1中山7		1.0	3歳未勝利								横山典弘		ダ1200				1:12.6	0.5		13-11	34.2-37.9	37.2	482(0)				220.0																													晴		16.0	1.0	1.0	55.1	8.0	2	55.0	良	**	**		スターランウェイ																													
2022103779	2025-03-08	2中山3		3.0	3歳未勝利								横山典弘		ダ1200				1:11.9	0.4		2-2	34.8-36.7	36.9	482(0)				220.0																													曇		16.0	2.0	3.0	2.7	2.0	2	55.0	重	**	**		チャロ																													
2022103779	2025-03-29	3中山1		1.0	3歳未勝利								横山典弘		ダ1200				1:11.3	-0.6		2-2	34.1-37.2	37.1	482(0)				560.0																													小雨		16.0	4.0	8.0	1.1	1.0	1	55.0	良	**	**		(キタノライブリー)																													
2022103779	2025-06-29	2福島2		7.0	3歳以上1勝クラス								横山典弘		ダ1150				1:08.2	0.6		2-2	31.4-36.2	36.7	488(+6)				320.0																													晴		16.0	2.0	4.0	1.6	1.0	2	53.0	良	**	**		ルージュアズライト																													
2022103779	2025-10-19	4東京7		8.0	3歳以上1勝クラス								横山典弘		ダ1400				1:25.9	-0.2		4-4	36.8-36.6	36.2	502(+14)				800.0																													曇		15.0	1.0	1.0	5.1	2.0	1	54.0	良	**	**		(マーゴットレーヴ)																													
2022103779	2025-11-23	5東京5		8.0	3歳以上2勝クラス								横山典弘		ダ1600				1:39.5	1.0		11-11	37.1-35.6	35.7	492(-10)																																	曇		16.0	5.0	9.0	4.6	3.0	9	55.0	良	**	**		セギレエルビエント																													
2022103779	2026-01-17	1中山6		8.0	4歳以上2勝クラス								横山典弘		ダ1200				1:11.8	0.0		7-7	33.8-38.0	36.8	492(0)				1190.0																													晴		16.0	6.0	11.0	5.8	3.0	1	56.0	良				(キョウエイカンフ)																													
2022103785	2024-08-17	3新潟3		6.0	2歳新馬								菊沢一樹		ダ1800				1:55.8	0.8		9-9-3-3	36.8-38.5	39.1	454(0)				110.0																																											晴		15.0	6.0	11.0	36.4	7.0	4	55.0	良	**	**		ジャナドリア															
2022103785	2024-11-16	3福島5		2.0	2歳未勝利								高杉吏麒		ダ1700				1:48.6	-0.1		5-4-5-4	31.0-38.8	38.3	466(+12)				550.0																																											晴		15.0	1.0	1.0	3.0	1.0	1	53.0	良	**	**		(サンコンクエスト)															
2022103785	2024-12-08	5中山4		7.0	2歳1勝クラス								田辺裕信		ダ1800				1:55.4	1.3		4-4-4-5	37.0-39.1	40.1	472(+6)				78.0																																											晴		13.0	3.0	3.0	65.4	7.0	5	55.0	良	**	**		ジャナドリア															
2022103785	2025-02-23	1京都8		6.0	3歳1勝クラス								吉村誠之		ダ1900				2:03.9	0.9		2-1-1-2	31.2-37.4	38.3	468(-4)				80.0																																											曇		10.0	3.0	3.0	20.2	6.0	5	53.0	良	**	**		ルヴァンユニベール															
2022103785	2025-03-15	2中京1		6.0	3歳1勝クラス								上里直汰		ダ1800				1:55.3	2.4		8-7-9-10	37.6-37.9	39.2	468(0)																																															曇		13.0	3.0	3.0	77.7	12.0	11	52.0	良	**	**		ブルックリンダンス															
2022103785	2025-05-18	2東京8		6.0	3歳1勝クラス								ディー		ダ1600				1:38.0	3.3		9-8	34.3-36.1	38.5	472(+4)																																															曇		16.0	7.0	13.0	151.6	14.0	16	55.0	重	**	**		メモリアカフェ															
2022103785	2025-08-16	1札幌7		8.0	3歳以上1勝クラス								浜中俊		ダ1700				1:45.9	0.1		7-7-4-3	30.3-38.7	38.5	462(-10)				320.0																																											晴		14.0	6.0	9.0	34.0	9.0	2	53.0	良	**	**		ゼロスネーク															
2022103846	2024-11-17	5東京6		4.0	2歳新馬								野中悠太		ダ1600				1:40.8	1.4		1-1	36.1-36.9	38.3	512(0)				110.0																																											晴		16.0	6.0	11.0	26.4	9.0	4	56.0	良	**	**		レイクストライプス															
2022103846	2024-12-14	5中山5		4.0	2歳未勝利								野中悠太		ダ1800				2:00.3	3.4		1-1-1-1	37.6-40.7	44.1	506(-6)																																															晴		16.0	8.0	16.0	26.4	6.0	15	56.0	良	**	**		ソクヅモドラドラ															
2022103846	2025-03-16	2中京2		5.0	3歳未勝利								小林美駒		芝1400				1:24.8	0.8		1-1	34.2-37.4	38.2	506(0)																																															曇		18.0	3.0	5.0	23.6	9.0	6	53.0	重	**	**		ラミアメンテ															
2022103846	2025-03-30	2中京6		2.0	3歳未勝利								横山武史		ダ1200				1:13.5	0.6		1-1	35.0-37.9	38.5	504(-2)				220.0																																											晴		15.0	4.0	8.0	7.3	4.0	2	57.0	稍	**	**		キュードス															
2022103846	2025-04-19	3中山7		3.0	3歳未勝利								横山武史		ダ1200				1:12.8	0.0		1-1	35.3-37.5	37.5	504(0)				560.0																																											晴		16.0	1.0	1.0	4.3	2.0	1	57.0	良	**	**		(ショウナンラリー)															
2022103846	2025-07-06	2福島4		12.0	3歳以上1勝クラス								横山典弘		ダ1150				1:12.4	4.6		12-13	31.2-36.6	39.2	512(+8)																																															晴		15.0	6.0	10.0	7.4	5.0	15	55.0	良	**	**		シュヴァルボヌール															
2022103846	2025-11-08	3福島1		8.0	3歳以上1勝クラス								横山琉人		ダ1150				1:09.6	0.9		8-9	31.2-37.5	37.4	484(-28)																																															晴		16.0	1.0	2.0	66.0	11.0	10	57.0	良	**	**		ジャスパーソレイユ															
2022103852	2025-04-06	3中山4	小雨	5.0	3歳未勝利		16.0	7.0	13.0	209.8	13.0	11	西村太一	57.0	芝1600		良	**	1:35.7	1.5	**	8-15-15	35.1-35.0	35.2	442(0)			ガーネットウインク																																																																								
2022103852	2025-06-15	3東京4	曇	3.0	3歳未勝利		16.0	5.0	10.0	92.8	11.0	9	西村太一	57.0	ダ1600		重	**	1:38.0	1.6	**	5-6	34.4-36.8	38.0	434(-8)			ハクシンブライアン																																																																								
2022103852	2025-08-17	2新潟8	晴	5.0	3歳未勝利		15.0	1.0	1.0	93.3	10.0	2	西村太一	57.0	ダ1200		良	**	1:11.7	0.0	**	6-6	34.6-37.1	36.2	438(+4)			ハニーローリエ	220.0																																																																							
2022103852	2025-08-31	3新潟4	晴	7.0	3歳未勝利		15.0	6.0	10.0	3.2	2.0	3	西村太一	57.0	ダ1200		良	**	1:12.2	0.2	**	6-7	34.7-37.3	36.6	434(-4)			デルマエアロール	140.0																																																																							
2022103852	2025-09-13	4中山3	曇	3.0	3歳未勝利		16.0	6.0	11.0	5.6	3.0	5	佐々木大	57.0	ダ1200		不	**	1:11.5	0.9	**	14-12	33.8-36.8	36.3	438(+4)			ダンケルド	56.0																																																																							
2022103852	2025-11-03	船橋	晴	4.0	ハートビートナイター(C2)		12.0	6.0	7.0	1.5	1.0	1	篠谷葵	56.0	ダ1200		稍	**	1:15.5	-0.3	**	4-4-4	36.3-39.2	39.0	444(+6)			(セキテイジュウオー)	150.0																																																																							
2022103852	2025-12-11	船橋	晴	6.0	C1四　五		12.0	7.0	9.0	3.6	2.0	4	篠谷葵	56.0	ダ1200		良	**	1:15.9	3.3	**	12-12-9	35.8-36.8	38.0	447(+3)			ソルジェンテポー	18.0																																																																							
2022103857	2025-01-11	1中山3	晴	4.0	3歳新馬		16.0	1.0	2.0	17.8	6.0	9	石神深道	52.0	ダ1200		稍	**	1:14.2	2.2	**	13-13	34.0-38.0	37.1	452(0)			ワンダーイロネ																																																																								
2022103857	2025-03-15	2中山5	晴	1.0	3歳未勝利		16.0	2.0	3.0	52.6	8.0	2	石神深道	52.0	ダ1200		稍	**	1:12.3	0.0	**	3-3	34.5-37.8	37.4	448(-4)			フクチャンヒメ	220.0																																																																							
2022103857	2025-04-06	3中山4	曇	2.0	3歳未勝利		16.0	8.0	16.0	1.4	1.0	1	石神深道	52.0	ダ1200		稍	**	1:12.6	-0.4	**	4-4	35.2-37.4	37.0	444(-4)			(グリーンエリクサー)	560.0																																																																							
2022103857	2025-05-25	2東京10	曇	6.0	3歳1勝クラス		9.0	1.0	1.0	37.4	8.0	5	石川裕紀	55.0	ダ1400		不	**	1:23.8	1.1	**	9-9	34.6-36.2	36.1	450(+6)			シホノペルフェット	80.0																																																																							
2022103857	2025-08-03	2新潟4	晴	10.0	3歳以上1勝クラス		15.0	6.0	10.0	5.0	2.0	10	石神深道	51.0	ダ1200		良	**	1:13.6	1.5	**	11-11	34.9-37.2	37.4	452(+2)			サマースイートピー																																																																								
2022103857	2025-09-27	4中山8	晴	8.0	3歳以上1勝クラス		16.0	4.0	8.0	21.8	9.0	6	石神深道	51.0	ダ1200		良	**	1:12.3	1.2	**	15-14	33.3-37.8	37.0	456(+4)			ショウナンハクウン																																																																								
2022103857	2025-12-28	5中山8	晴	7.0	3歳以上1勝クラス		16.0	4.0	7.0	9.2	6.0	5	石神深道	52.0	ダ1200		良	**	1:12.9	0.9	**	9-8	34.4-37.6	37.7	456(0)			タイセイルヴァン	80.0																																																																							
2022103857	2026-01-17	1中山6		6.0	4歳以上1勝クラス								石神深道		ダ1200				1:12.0	0.1		8-8	34.3-37.6	37.1	452(-4)				210.0																													晴		16.0	6.0	12.0	16.9	9.0	3	53.0	良				メッエフアパラ																													
2022103871	2024-12-22	5中山8		6.0	2歳新馬								木幡巧也		芝1600				1:40.0	3.4		15-15-13	36.2-35.6	36.7	448(0)					晴		15.0	7.0	13.0	118.1	11.0	13	56.0	良	**	**		ディオデルマーレ																																																									
2022103871	2025-02-09	1東京4		1.0	3歳未勝利								江田照男		ダ1400				1:30.7	4.6		14-16	36.5-37.1	39.0	454(+6)					晴		16.0	7.0	14.0	154.0	13.0	15	57.0	良	**	**		ショウナンヤッホー																																																									
2022103871	2025-03-08	2中山3		2.0	3歳未勝利								江田照男		ダ1800				1:58.9	3.4		10-10-13-12	38.5-39.3	41.5	450(-4)					曇		16.0	6.0	12.0	235.1	13.0	13	57.0	重	**	**		ハルノアラシ																																																									
2022103871	2025-03-30	3中山2		4.0	3歳未勝利								江田照男		ダ1800				1:58.8	4.0		15-14-13-12	37.8-38.1	40.5	448(-2)					曇		16.0	1.0	1.0	337.1	15.0	14	57.0	稍	**	**		ブレトワルダ																																																									
2022103871	2025-04-26	2東京1		2.0	3歳未勝利								江田照男		ダ1400				1:27.6	1.8		16-16	36.3-36.7	37.0	450(+2)					曇		16.0	2.0	3.0	326.1	16.0	14	57.0	稍	**	**		アイアムイチバン																																																									
2022103871	2025-06-04	園田		8.0	3歳C1一								新庄海誠		ダ1400				1:34.9	1.0		3-3-5-4		43.2	445(-5)				8.0	晴		8.0	7.0	7.0	18.6	5.0	5	55.0	稍	**	**		フライングキャット																																																									
2022103871	2025-06-25	園田		10.0	3歳C1								新庄海誠		ダ1400				1:36.1	3.5		8-8-3-7		43.0	438(-7)					曇		12.0	7.0	10.0	103.1	11.0	9	55.0	稍	**	**		ヴァラール																																																									
2022103871	2025-07-18	園田		7.0	C2二								新庄海誠		ダ1400				1:40.2	6.5		9-9-9-9		43.3	435(-3)					曇		9.0	3.0	3.0	95.5	9.0	9	55.0	重	**	**		エイシンサイネリア																																																									
2022103871	2025-08-07	園田		9.0	C2二								大柿一真		ダ1400				1:35.1	1.7		9-9-8-8		41.1	432(-3)					晴		10.0	4.0	4.0	87.6	9.0	7	56.0	良	**	**		ワキノフラッシュ																																																									
2022103871	2025-08-29	園田		6.0	C2二								中田貴士		ダ1400				1:33.4	0.3		7-7-6-3		40.3	430(-2)				17.5	晴		10.0	8.0	9.0	80.7	8.0	3	56.0	良	**	**		インタールード																																																									
2022103871	2025-09-18	園田		4.0	神爪7ハロンC3一								中田貴士		ダ1400				1:34.0	0.5		8-8-5-5		40.3	430(0)				9.0	曇		10.0	2.0	2.0	14.8	5.0	4	56.0	良	**	**		アカキチノイレブン																																																									
2022103871	2025-10-08	園田		2.0	C3一								中田貴士		ダ1400				1:34.1	0.6		9-9-8-6		39.5	437(+7)				9.0	晴		10.0	3.0	3.0	45.5	6.0	4	57.0	稍	**	**		スーパーアスラーダ																																																									
2022103871	2025-10-23	園田		2.0	C3一								中田貴士		ダ1400				1:34.2	0.6		7-7-6-5		40.6	437(0)				15.0	晴		10.0	5.0	5.0	16.0	6.0	3	57.0	稍	**	**		ナナン																																																									
2022103871	2025-11-13	園田		6.0	C3二								中田貴士		ダ1400				1:34.7	0.4		3-3-4-4		41.6	434(-3)				15.0	曇		10.0	2.0	2.0	16.0	5.0	3	57.0	稍	**	**		ステイチューンド																																																									
2022103871	2025-12-03	園田		3.0	C3一								中田貴士		ダ1400				1:34.2	0.2		3-3-3-2		40.1	441(+7)				24.0	曇		10.0	7.0	8.0	6.5	4.0	2	57.0	良	**	**		ハイグッドシャイン																																																									
2022103871	2025-12-25	園田		2.0	C3一								中田貴士		ダ1400				1:32.3	0.6		4-3-3-2		40.7	446(+5)				24.0	雨		10.0	7.0	8.0	8.7	4.0	2	57.0	不	**	**		ミコカスターニャ																																																									
2022103871	2026-01-07	園田		6.0	C2三								中田貴士		ダ1400				1:33.9	0.1		1-1-1-1		41.0	443(-3)				28.0	晴		10.0	1.0	1.0	3.9	1.0	2	57.0	良	**	**		ナイスシュート																																																									
2022103884	2024-10-19	4東京5		6.0	2歳新馬								横山武史		芝1400				1:25.8	2.9		7-7	36.6-34.2	36.3	458(0)																																	晴		17.0	2.0	3.0	77.0	12.0	16	56.0	良	**	**		コルチェスター																													
2022103884	2024-11-09	3福島3		3.0	2歳未勝利								西塚洸二		芝1200				1:12.4	2.2		15-12	34.6-35.6	36.2	454(-4)																																	晴		16.0	1.0	2.0	210.8	12.0	9	55.0	良	**	**		タマモブラウンタイ																													
2022103884	2024-12-01	4中京2		4.0	2歳未勝利								斎藤新		芝1600				1:37.3	2.4		8-11-11	36.0-34.4	35.6	458(+4)																																	晴		15.0	7.0	13.0	443.6	13.0	13	56.0	良	**	**		ラージギャラリー																													
2022103884	2024-12-15	7京都6		2.0	2歳未勝利								菱田裕二		ダ1400				1:29.5	3.7		15-14	35.7-37.5	39.4	456(-2)																																	晴		16.0	5.0	9.0	622.5	16.0	10	56.0	良	**	**		シホノペルフェット																													
2022103884	2025-02-09	1小倉6		6.0	3歳未勝利								松本大輝		芝1200				1:11.1	0.6		12-12	33.8-36.7	35.9	470(+14)																																	晴		17.0	4.0	7.0	268.6	16.0	8	56.0	稍	**	**		アーサーズウェイン																													
2022103884	2025-03-25	金沢		8.0	能登千里浜賞(未勝利)(3歳)								栗原大河		ダ1500				1:37.3	1.9		3-3-3-4		39.2	464(-6)				10.2																													晴		7.0	5.0	5.0	29.1	6.0	4	56.0	良	**	**		リッキースタイル																													
2022103884	2025-05-17	2東京7		5.0	3歳未勝利								江田照男		芝1400				1:23.8	1.4		11-12	35.1-35.2	35.6	466(+2)																																	雨		18.0	2.0	3.0	262.9	15.0	12	57.0	良	**	**		ベラジオワールド																													
2022103884	2025-06-22	1函館4		1.0	3歳未勝利								菊沢一樹		芝1200				1:10.8	1.3		10-10	34.0-35.5	35.7	460(-6)																																	曇		15.0	6.0	12.0	163.4	14.0	15	57.0	重	**	**		ベビーズブレス																													
2022103884	2025-06-29	1函館6		3.0	3歳未勝利								木幡巧也		芝1200				1:10.1	1.0		6-6	34.3-34.8	35.3	458(-2)																																	曇		12.0	6.0	8.0	262.3	12.0	9	57.0	良	**	**		ペイシャアーサー																													
2022103884	2025-09-14	4中山4		1.0	障害3歳以上未勝利								伴啓太		障2880				3:34.7	16.2		9-9-9-9	110.1-0.0	14.9	446(-12)																																	曇		9.0	6.0	6.0	136.6	9.0	9	58.0	良				フェーングロッテン																													
2022103884	2025-12-21	5中山6		4.0	障害3歳以上未勝利								水沼元輝		障2880				3:21.1	4.9		4-4-6-5	109.1-0.0	14.0	464(+18)																																	曇		14.0	7.0	11.0	268.4	14.0	8	56.0	重				ダノンロッキー																													
2022103884	2026-01-17	1中山6		4.0	障害4歳以上未勝利								水沼元輝		障2880				3:17.8	2.9		6-7-8-8	106.1-0.0	13.7	468(+4)																																	晴		12.0	3.0	3.0	167.9	11.0	7	57.0	良				コレクテイニア																													
2022103921	2025-05-24	2京都9		3.0	3歳未勝利								中井裕二		芝1400				1:22.6	1.6		16-16	33.9-35.3	35.4	476(0)																																															小雨		17.0	8.0	17.0	320.0	17.0	14	55.0	良	**	**		セクシーマージュ															
2022103921	2025-08-10	3中京6		5.0	3歳未勝利								中井裕二		ダ1400				1:26.6	0.7		12-9	35.5-38.4	38.1	462(-14)																																															曇		16.0	4.0	8.0	72.4	12.0	7	55.0	良	**	**		クインズメレンゲ															
2022103921	2025-09-19	名古屋		7.0	3歳15組								細川智史		ダ1500				1:37.3	-0.6		3-3-1		39.3	481(+19)				55.0																																											晴		12.0	8.0	11.0	2.5	1.0	1	55.0	良	**	**		(メイショウフソウ)															
2022103921	2025-10-15	名古屋		5.0	C17組								細川智史		ダ1500				1:37.1	-0.1		5-6-6		39.7	484(+3)				55.0																																											曇		12.0	5.0	6.0	1.4	1.0	1	55.0	重	**	**		(トラストユー)															
2022103921	2025-12-07	5阪神2		7.0	3歳以上1勝クラス								菱田裕二		ダ1200				1:13.4	0.8		9-9	34.8-37.8	37.6	470(-14)																																															晴		11.0	1.0	1.0	118.5	11.0	6	55.0	良	**	**		モンテディアーナ															
2022103986	2024-12-14	5中山5	晴	6.0	2歳新馬		15.0	6.0	11.0	42.7	8.0	3	横山武史	56.0	ダ1800		良	**	1:57.0	0.0	**	7-7-5-6	38.8-39.5	39.0	494(0)			ワンカードフェロー	180.0																																																																							
2022103986	2025-01-13	1中山5	晴	2.0	3歳未勝利		16.0	1.0	2.0	6.3	3.0	9	横山武史	57.0	ダ1800		良	**	1:58.8	1.6	**	12-11-12-8	37.4-40.9	41.4	496(+2)			ジェシーテソーロ																																																																								
2022103986	2025-01-26	1中京9	晴	3.0	3歳未勝利		11.0	8.0	11.0	13.8	6.0	3	坂井瑠星	57.0	ダ1900		良	**	2:02.3	1.0	**	7-7-5-5	30.0-38.0	38.2	486(-10)			ライノ	140.0																																																																							
2022103986	2025-02-16	1東京6	晴	2.0	3歳未勝利		16.0	7.0	14.0	1.8	1.0	1	横山武史	57.0	ダ2100		良	**	2:15.2	-0.7	**	2-2-2-1	31.6-37.4	37.4	488(+2)			(ムチャスエルテ)	560.0																																																																							
2022103986	2025-04-06	3中山4	小雨	6.0	3歳1勝クラス		14.0	4.0	6.0	21.7	7.0	10	長浜鴻緒	54.0	ダ1800		稍	**	1:55.0	1.7	**	8-9-8-8	36.2-39.1	39.9	484(-4)			ゴッドエスパーダ																																																																								
2022103986	2025-06-15	3東京4	曇	6.0	3歳以上1勝クラス		16.0	6.0	12.0	26.5	8.0	12	三浦皇成	55.0	ダ2100		重	**	2:10.9	1.6	**	11-10-10-11	30.7-36.2	36.9	492(+8)			トゥーザムーン																																																																								
2022103986	2025-08-10	2新潟6	雨	10.0	3歳以上1勝クラス		15.0	5.0	8.0	54.3	12.0	12	谷原柚希	51.0	ダ1800		不	**	1:54.5	1.9	**	7-9-9-10	36.3-38.2	39.3	490(-2)			ブレトワルダ																																																																								
2022104008	2024-11-24	5東京8	晴	5.0	2歳新馬		16.0	5.0	10.0	108.6	12.0	8	石橋脩	55.0	ダ1600		良	**	1:42.6	3.9	**	12-8	35.3-37.5	40.0	466(0)			リアライズカミオン																																																																								
2022104008	2024-12-07	4中京3	曇	1.0	2歳未勝利		10.0	4.0	4.0	300.0	9.0	6	石田拓郎	52.0	ダ1800		良	**	1:57.0	2.5	**	1-1-3-3	38.7-37.4	39.5	468(+2)			プリンセッサ																																																																								
2022104008	2025-01-26	1小倉2	晴	1.0	3歳未勝利		13.0	6.0	9.0	71.7	10.0	5	石田拓郎	52.0	ダ1700		良	**	1:49.1	1.0	**	9-9-6-6	29.4-40.2	40.5	476(+8)			サンコンクエスト	56.0																																																																							
2022104008	2025-02-09	1小倉6	晴	1.0	3歳未勝利		16.0	7.0	13.0	19.9	5.0	4	石田拓郎	52.0	ダ1700		稍	**	1:48.4	0.8	**	6-5-5-4	29.6-40.5	40.4	486(+10)			レジポッセ	84.0																																																																							
2022104008	2025-03-30	3中山2	曇	1.0	3歳未勝利		15.0	3.0	5.0	25.4	7.0	12	石田拓郎	52.0	ダ1800		稍	**	1:57.6	2.2	**	9-7-11-10	37.3-39.3	40.4	484(-2)			コンティオ																																																																								
2022104008	2025-04-06	3中山4	曇	3.0	3歳未勝利		13.0	4.0	4.0	49.4	7.0	8	上里直汰	52.0	ダ1800		稍	**	1:57.7	2.8	**	3-3-4-5	37.9-37.4	39.8	482(-2)			グレイテストソング																																																																								
2022104008	2025-04-20	3中山8	曇	1.0	3歳未勝利		14.0	3.0	3.0	235.3	12.0	12	石橋脩	55.0	ダ1800		良	**	1:59.0	3.2	**	4-4-5-4	36.9-38.6	41.4	482(0)			ゲンパチルーナ																																																																								
2022104008	2025-06-29	2福島2	晴	1.0	3歳未勝利		15.0	6.0	10.0	70.9	9.0	13	遠藤汰月	52.0	ダ1700		良	**	1:51.5	4.1	**	5-5-5-5	29.7-38.4	42.1	490(+8)			エウテルペ																																																																								
2022104008	2025-08-03	1札幌4	晴	3.0	3歳未勝利		16.0	4.0	8.0	104.3	11.0	15	小林美駒	52.0	芝2000		良	**	2:04.5	2.6	**	14-13-2-4	37.0-35.4	38.0	484(-6)			パーフェクトパール																																																																								
2022104008	2025-09-15	大井	曇	6.0	3歳八　九		12.0	8.0	12.0			除	笹川翼	54.0	ダ1400		稍	**			**		36.4-40.0		490(+6)			アレグリーニ																																																																								
2022104008	2025-10-09	大井	曇	2.0	3歳三　四		10.0	7.0	7.0	16.4	5.0	6	石川駿介	54.0	ダ1200		良	**	1:16.9	1.6	**	10-10	36.7-38.6	38.6	501(+17)			サブノモアナ																																																																								
2022104062	2024-07-07	2福島4	晴	5.0	2歳新馬		11.0	5.0	5.0	6.6	4.0	7	菅原明良	55.0	芝2000		良	**	2:04.3	3.1	**	6-6-7-9	35.9-35.4	36.9	494(0)			ジェットマグナム																																																																								
2022104062	2024-09-07	4中山1	晴	3.0	2歳未勝利		12.0	8.0	11.0	35.4	5.0	2	菅原明良	55.0	ダ1800		良	**	1:56.3	0.6	**	2-2-2-2	36.9-39.8	40.2	504(+10)			パースウェイド	220.0																																																																							
2022104062	2024-09-28	4中山8	曇	3.0	2歳未勝利		16.0	4.0	7.0	11.8	5.0	4	永野猛蔵	55.0	ダ1800		良	**	1:55.9	1.3	**	3-3-2-2	37.7-38.9	40.1	506(+2)			トルショー	83.0																																																																							
2022104062	2024-11-30	5中山1	晴	4.0	2歳未勝利		15.0	8.0	15.0	6.0	3.0	8	菅原明良	56.0	ダ1800		稍	**	1:56.3	1.6	**	4-4-5-6	36.8-38.5	39.6	514(+8)			アースソーナー																																																																								
2022104062	2024-12-21	5中山7	晴	4.0	2歳未勝利		15.0	6.0	12.0	9.7	4.0	3	菅原明良	56.0	ダ1800		良	**	1:55.9	1.1	**	2-2-2-2	36.8-37.9	39.0	512(-2)			ピカピカサンダー	140.0																																																																							
2022104062	2025-01-18	1中山6	晴	2.0	3歳未勝利		16.0	4.0	8.0	3.6	2.0	1	菅原明良	57.0	ダ1800		良	**	1:55.4	-0.3	**	11-11-7-5	37.2-39.8	38.7	514(+2)			(イスキオス)	560.0																																																																							
2022104062	2025-03-15	2中山5	曇	7.0	3歳1勝クラス		16.0	7.0	13.0	19.0	5.0	6	大野拓弥	57.0	ダ1800		稍	**	1:55.2	1.6	**	3-3-2-3	37.3-37.7	39.2	516(+2)			イムホテプ																																																																								
2022104062	2025-04-06	3中山4	小雨	6.0	3歳1勝クラス		14.0	5.0	8.0	35.6	9.0	7	大野拓弥	57.0	ダ1800		稍	**	1:54.8	1.5	**	12-12-13-11	36.2-39.1	39.1	514(-2)			ゴッドエスパーダ																																																																								
2022104062	2025-05-03	1新潟1	晴	9.0	わらび賞(1勝クラス)		15.0	5.0	8.0	109.3	13.0	13	杉原誠人	57.0	ダ1800		稍	**	1:55.5	2.7	**	9-10-11-12	37.2-37.3	38.8	502(-12)			バギーウィップ																																																																								
2022104062	2025-07-12	2福島5	曇	12.0	3歳以上1勝クラス		15.0	5.0	8.0	39.0	11.0	7	木幡巧也	55.0	ダ1700		良	**	1:47.1	0.9	**	7-7-8-7	30.2-38.2	38.4	502(0)			プライベートアイズ																																																																								
2022104062	2025-08-02	2新潟3	晴	10.0	3歳以上1勝クラス		13.0	4.0	4.0	65.1	11.0	3	木幡巧也	55.0	ダ1800		良	**	1:53.8	1.2	**	7-6-7-6	36.6-37.9	38.5	506(+4)			ファリーザ	200.0																																																																							
2022104062	2025-09-21	4中山7	曇	7.0	3歳以上1勝クラス		16.0	4.0	8.0	31.1	8.0	3	木幡巧也	55.0	ダ1800		良	**	1:54.5	1.6	**	10-10-8-6	36.7-37.9	38.7	506(0)			メリークリスマス	200.0																																																																							
2022104062	2025-10-13	4東京5	曇	7.0	3歳以上1勝クラス		16.0	4.0	7.0	18.3	9.0	3	木幡巧也	56.0	ダ2100		良	**	2:13.2	0.1	**	3-5-5-5	31.0-39.1	38.7	510(+4)			コスモコンフェルマ	200.0																																																																							
2022104062	2025-11-01	4東京10	曇	7.0	3歳以上1勝クラス		16.0	6.0	11.0	14.0	7.0	7	木幡巧也	56.0	ダ2100		重	**	2:10.6	0.9	**	9-10-14-12	30.2-37.4	37.0	514(+4)			ロングウェイホーム																																																																								
2022104062	2026-01-04	1中山1	晴	7.0	4歳以上1勝クラス		16.0	3.0	6.0	9.8	2.0	5	内田博幸	57.0	ダ1800		稍	**	1:54.8	1.0	**	6-6-8-8	36.7-39.6	39.6	530(+16)			バタール	82.0																																																																							
2022104064	2024-10-06	4東京2	曇	3.0	2歳新馬		16.0	8.0	16.0	122.7	12.0	11	原田和真	56.0	ダ1600		重	**	1:39.6	2.8	**	13-13	35.3-36.3	37.8	502(0)			マリブオレンジ																																																																								
2022104064	2024-11-16	5東京5	曇	1.0	2歳未勝利		16.0	1.0	2.0	226.5	14.0	14	松岡正海	56.0	ダ1600		良	**	1:41.8	2.7	**	16-16	35.4-37.6	38.5	498(-4)			スクレイピング																																																																								
2022104064	2024-11-23	5東京7	晴	3.0	2歳未勝利		14.0	8.0	13.0	718.2	13.0	12	原田和真	56.0	芝1800		良	**	1:50.3	2.2	**	14-11-11	36.4-34.5	35.8	500(+2)			ベストシーン																																																																								
2022104064	2025-01-19	1中山7	晴	2.0	3歳未勝利		16.0	5.0	9.0	305.1	15.0	6	原田和真	57.0	ダ1800		良	**	1:58.7	2.4	**	6-8-4-4	38.3-39.1	40.9	496(-4)			ロンパイア																																																																								
2022104064	2025-03-16	2中山6	雨	4.0	3歳未勝利		16.0	1.0	2.0	178.4	16.0	4	原田和真	57.0	ダ1800		不	**	1:56.5	1.0	**	9-9-6-6	37.3-40.0	40.4	488(-8)			オンザスクエア	84.0																																																																							
2022104064	2025-04-06	3中山4	曇	1.0	3歳未勝利		13.0	3.0	3.0	25.5	7.0	7	原田和真	57.0	ダ1800		稍	**	1:57.1	1.6	**	7-7-7-7	35.1-40.8	41.2	484(-4)			キタノラブミー																																																																								
2022104064	2025-11-20	名古屋	晴	7.0	C19組		12.0	3.0	3.0	1.8	1.0	7	大畑雅章	57.0	ダ1500		良	**	1:39.1	0.8	**	1-2-1		40.5	512(+28)			アーキハッカー																																																																								
2022104064	2025-12-18	名古屋	晴	7.0	BAOOへGO!賞(C)		12.0	6.0	7.0	2.1	1.0	4	大畑雅章	57.0	ダ1500		稍	**	1:38.9	0.7	**	1-1-2		40.6	504(-8)			ターミネーター	8.3																																																																							
2022104064	2026-01-01	名古屋	晴	9.0	健康祈願賞(C)		12.0	8.0	12.0	4.2	3.0	3	大畑雅章	57.0	ダ1500		良	**	1:37.2	0.5	**	2-1-1		39.3	488(-16)			ライデンシャフト	11.0																																																																							
2022104064	2026-01-14	名古屋	曇	1.0	C25組		10.0	5.0	5.0	1.2	1.0	2	大畑雅章	57.0	ダ1500		良		1:38.7	1.0		5-4-3		40.2	487(-1)			ノブノリオウ	19.3																																																																							
2022104065	2024-09-21	4中山6	曇	3.0	2歳新馬		16.0	4.0	7.0	4.4	3.0	1	田辺裕信	55.0	ダ1800		良	**	1:56.5	-0.5	**	4-5-5-5	38.2-38.4	38.0	492(0)			(バタール)	720.0																																																																							
2022104065	2025-04-06	3中山4	小雨	6.0	3歳1勝クラス		14.0	7.0	12.0	3.5	2.0	2	田辺裕信	57.0	ダ1800		稍	**	1:53.3	0.0	**	6-4-3-3	36.2-39.1	38.7	502(+10)			ゴッドエスパーダ	320.0																																																																							
2022104068	2024-08-17	3新潟3	晴	5.0	2歳新馬		18.0	5.0	10.0	34.6	7.0	3	菊沢一樹	55.0	芝1200		良	**	1:09.9	1.0	**	2-2	34.3-34.6	35.5	490(0)			エコロジーク	180.0																																																																							
2022104068	2024-09-14	4中山3	晴	3.0	2歳未勝利		14.0	4.0	6.0	7.1	3.0	4	菊沢一樹	55.0	芝1200		良	**	1:08.6	0.2	**	4-4	34.0-34.4	34.2	498(+8)			コムーネ	83.0																																																																							
2022104068	2024-10-06	4新潟2	晴	1.0	2歳未勝利		14.0	3.0	4.0	2.9	1.0	6	菊沢一樹	56.0	ダ1200		稍	**	1:13.8	1.9	**	6-5	34.7-37.2	38.1	498(0)			ブラックトルネード																																																																								
2022104068	2024-12-08	5中山4	晴	2.0	2歳未勝利		16.0	2.0	3.0	4.9	3.0	4	小林美駒	52.0	芝1200		良	**	1:09.2	0.6	**	5-5	33.6-35.0	35.0	500(+2)			マイネルステラート	83.0																																																																							
2022104068	2024-12-21	5中山7	晴	3.0	2歳未勝利		16.0	7.0	14.0	15.6	6.0	9	小林美駒	52.0	芝1600		良	**	1:35.3	0.8	**	2-1-1	34.8-36.0	36.8	506(+6)			コムユンプリュム																																																																								
2022104068	2025-03-23	2中京4	晴	4.0	3歳未勝利		18.0	2.0	4.0	13.2	6.0	3	石神深道	54.0	芝1400		良	**	1:22.2	0.3	**	9-10	34.1-35.8	35.1	496(-10)			カシオペア	140.0																																																																							
2022104068	2025-04-06	3中山4	小雨	5.0	3歳未勝利		16.0	2.0	3.0	15.8	7.0	4	石神深道	54.0	芝1600		良	**	1:34.8	0.6	**	12-8-8	35.1-35.0	34.9	498(+2)			ガーネットウインク	84.0																																																																							
2022104068	2025-05-03	1新潟1	晴	5.0	3歳未勝利		16.0	6.0	11.0	7.4	4.0	3	吉田隼人	57.0	芝1400		良	**	1:22.9	0.4	**	12-10	34.1-36.5	35.9	498(0)			マーゴットカーラ	140.0																																																																							
2022104068	2025-05-24	1新潟7	曇	7.0	3歳未勝利		16.0	8.0	15.0	4.8	1.0	3	吉田隼人	57.0	芝1400		良	**	1:23.2	0.2	**	13-13	34.6-36.2	35.1	496(-2)			クリールスル	140.0																																																																							
2022104068	2025-06-15	3東京4	曇	4.0	3歳未勝利		18.0	2.0	3.0	14.5	4.0	6	横山琉人	56.0	芝1400		稍	**	1:24.1	0.5	**	12-13	36.2-35.1	34.5	504(+8)			ザカート																																																																								
2022104068	2025-07-26	2新潟1	晴	12.0	3歳未勝利		17.0	8.0	16.0	11.1	3.0	5	横山琉人	57.0	芝1400		良	**	1:21.1	0.3	**	14-13	33.7-35.8	34.4	500(-4)			ポッドロルフ	56.0																																																																							
2022104068	2025-09-28	水沢	曇	11.0	マリーゴールド賞(B2)		10.0	8.0	9.0	2.1	1.0	4	山本聡哉	56.0	ダ1600		良	**	1:47.0	0.4	**	4-4-4-3		41.1	516(+16)			バイアメ	7.8																																																																							
2022104068	2025-10-14	盛岡	曇	5.0	B2		12.0	8.0	12.0	2.3	1.0	3	山本聡哉	56.0	芝1700		良	**	1:46.0	0.6	**	6-6-4-3		37.5	512(-4)			ラングロワ	12.0																																																																							
2022104068	2025-10-26	盛岡	小雨	9.0	B2一組		9.0	5.0	5.0	5.2	3.0	8	落合玄太	56.0	ダ1600		稍	**	1:42.4	1.7	**	5-6		40.3	508(-4)			ジョリーロジャー																																																																								
2022104068	2026-01-10	佐賀	曇	10.0	ガーネット特選(C1)		11.0	7.0	8.0	63.0	7.0	4	松井伸也	56.0	ダ1800		良	**	2:01.2	0.8	**	4-4-4-3		40.9	517(+9)			オールスティール	6.6																																																																							
2022104092	2024-12-22	5中山8		6.0	2歳新馬								マーカン		芝1600				1:36.8	0.2		4-7-7	36.2-35.6	35.2	476(0)				72.0	晴		15.0	5.0	8.0	7.4	4.0	5	56.0	良	**	**		ディオデルマーレ																																																									
2022104092	2025-01-11	1中山3		7.0	3歳未勝利								戸崎圭太		芝1600				1:34.6	0.2		10-10-10	34.6-36.3	35.4	478(+2)				140.0	晴		16.0	6.0	11.0	5.0	3.0	3	57.0	良	**	**		ニシノヒナアラレ																																																									
2022104092	2025-02-09	1東京4		6.0	3歳未勝利								戸崎圭太		芝1600				1:35.7	0.6		10-9	35.6-34.5	34.1	478(0)					晴		16.0	8.0	15.0	3.7	2.0	7	57.0	良	**	**		ルパヴィヨン																																																									
2022104092	2025-04-26	1福島5		5.0	3歳未勝利								亀田温心		芝1800				1:47.8	0.3		8-9-8-5	35.1-36.8	35.7	470(-8)				84.0	晴		16.0	8.0	15.0	4.1	2.0	4	57.0	良	**	**		ウインリベラシオン																																																									
2022104092	2025-06-14	1函館1		4.0	3歳未勝利								戸崎圭太		芝1800				1:46.8	0.8		13-12-10-7	34.6-35.3	35.3	484(+14)				84.0	晴		15.0	2.0	2.0	5.2	2.0	4	57.0	良	**	**		ウインベラーノ																																																									
2022104092	2025-06-29	1函館6		6.0	3歳未勝利								武豊		芝1800				1:48.0	0.0		11-13-9-6	34.5-36.7	36.0	490(+6)				560.0	晴		16.0	4.0	8.0	2.2	1.0	1	57.0	良	**	**		(ヤマノインパクト)																																																									
2022104092	2025-07-19	1函館11		9.0	湯浜特別(1勝クラス)								横山和生		芝1800				1:48.4	2.0		14-14-14-13	35.8-34.1	35.0	494(+4)					晴		14.0	7.0	11.0	21.7	5.0	12	55.0	良	**	**		サクラファレル																																																									
2022104092	2025-09-20	4中山6		7.0	3歳以上1勝クラス								横山典弘		芝2000				2:01.1	0.6		2-3-3-3	35.9-35.0	35.2	484(-10)					曇		18.0	8.0	17.0	23.6	7.0	7	55.0	良	**	**		レイヤードレッド																																																									
2022104092	2025-11-24	3福島6		12.0	3歳以上1勝クラス								鮫島克駿		芝2000				2:00.9	0.3		8-7-9-7	35.8-34.9	34.6	482(-2)				120.0	曇		16.0	3.0	5.0	10.6	5.0	4	56.0	良	**	**		イガッチ																																																									
2022104092	2025-12-14	5中山4		12.0	3歳以上1勝クラス								横山典弘		芝1800				1:49.3	0.3		9-9-8-8	37.3-35.9	35.3	484(+2)				200.0	曇		16.0	1.0	1.0	10.2	4.0	3	57.0	稍	**	**		ウィンターベル																																																									
2022104100	2025-04-06	2阪神4	晴	1.0	3歳未勝利		16.0	2.0	3.0	27.4	7.0	8	横山典弘	55.0	ダ1200		良	**	1:15.0	1.6	**	14-14	35.5-37.9	36.8	470(0)			バシリス																																																																								
2022104100	2025-06-07	3阪神1	晴	1.0	3歳未勝利		15.0	8.0	15.0	31.2	6.0	14	鮫島良太	55.0	ダ1400		良	**	1:28.4	2.7	**	12-12	35.4-37.6	39.1	470(0)			ルクスデイジー																																																																								
2022104100	2025-08-10	3中京6	曇	11.0	3歳未勝利		15.0	2.0	3.0	103.8	11.0	6	鮫島良太	55.0	芝1600		良	**	1:35.4	0.3	**	9-8-10	36.7-33.9	33.4	462(-8)			カウンティフェア																																																																								
2022104100	2025-08-16	3中京7	晴	11.0	3歳未勝利		17.0	5.0	10.0	25.2	9.0	2	鮫島良太	55.0	芝1400		良	**	1:19.9	0.1	**	10-10	33.4-35.1	34.4	456(-6)			ベルサ	220.0																																																																							
2022104100	2025-08-30	4中京3	晴	6.0	3歳未勝利		16.0	4.0	8.0	11.5	4.0	6	鮫島良太	55.0	芝1600		良	**	1:33.2	0.9	**	14-13-13	34.5-34.8	34.4	464(+8)			ダノンブギ																																																																								
2022104100	2025-11-09	4京都2	小雨	12.0	3歳以上1勝クラス		17.0	3.0	5.0	66.3	13.0	10	鮫島良太	55.0	芝1400		重	**	1:21.7	0.5	**	12-12	34.6-35.1	34.8	462(-2)			メイショウセイロウ																																																																								
2022104100	2025-11-16	4京都4	晴	6.0	3歳以上1勝クラス		16.0	2.0	3.0	105.1	11.0	8	鮫島良太	55.0	ダ1200		良	**	1:12.6	1.2	**	3-4	35.2-36.2	37.0	460(-2)			バッハアルプゼー																																																																								
2022104107	2025-02-15	1東京5	晴	1.0	3歳未勝利		16.0	6.0	12.0	415.1	14.0	14	原田和真	57.0	ダ1400		良	**	1:29.9	2.3	**	16-15	36.0-38.5	39.0	442(0)			マイネルブリオン																																																																								
2022104107	2025-03-29	3中山1	雨	3.0	3歳未勝利		16.0	5.0	9.0	544.5	15.0	14	遠藤汰月	54.0	ダ1200		稍	**	1:15.5	3.2	**	14-14	34.8-37.5	38.8	438(-4)			リクエイ																																																																								
2022104107	2025-04-06	3中山4	曇	3.0	3歳未勝利		13.0	7.0	10.0	417.2	13.0	13	原田和真	57.0	ダ1800		稍	**	2:02.9	8.0	**	10-9-12-12	37.9-37.4	44.0	436(-2)			グレイテストソング																																																																								
2022104107	2025-05-09	名古屋	曇	3.0	3歳10組		12.0	3.0	3.0	115.0	12.0	12	阪野学	57.0	ダ1500		稍	**	1:50.4	11.8	**	12-12-12		47.5	440(+4)			アルカラス																																																																								
2022104119	2025-01-25	1小倉1	晴	6.0	3歳新馬		18.0	7.0	14.0	1.9	1.0	11	川田将雅	57.0	芝2000		良	**	2:03.6	2.7	**	10-10-4-9	34.6-37.0	39.3	512(0)			ドーギッド																																																																								
2022104119	2025-04-06	2阪神4	晴	2.0	3歳未勝利		15.0	2.0	4.0	4.0	2.0	1	松山弘平	57.0	ダ1800		良	**	1:53.2	-1.8	**	1-1-1-1	37.4-36.7	36.7	516(+4)			(ハミルトン)	560.0																																																																							
2022104120	2024-06-29	3小倉1	曇	6.0	2歳新馬		8.0	1.0	1.0	15.6	6.0	1	秋山稔樹	54.0	ダ1000		稍	**	0:58.7	-0.1	**	3-3	34.3-35.9	35.7	496(0)			(アーデルリーベ)	720.0																																																																							
2022104120	2024-09-28	3中京8	曇	9.0	ヤマボウシ賞(1勝クラス)		10.0	3.0	3.0	19.7	7.0	7	秋山稔樹	55.0	ダ1400		良	**	1:25.8	2.2	**	4-4	35.2-36.3	37.9	486(-10)			アメリカンビキニ																																																																								
2022104120	2024-10-20	5京都6	晴	8.0	なでしこ賞(1勝クラス)		11.0	8.0	10.0	16.1	7.0	1	秋山稔樹	56.0	ダ1400		稍	**	1:26.1	-0.3	**	4-4	34.5-39.1	38.7	498(+12)			(サディーク)	1093.1																																																																							
2022104120	2024-11-21	園田	晴	11.0	兵庫ジュニアグランプ(JpnII)		12.0	8.0	12.0	3.2	2.0	5	秋山稔樹	56.0	ダ1400		良	**	1:30.3	0.6	**	3-3-4-6		38.9	500(+2)			ハッピーマン	300.0																																																																							
2022104120	2024-12-15	7京都6	晴	11.0	朝日フューチュリティ(GI)		16.0	3.0	5.0	297.9	15.0	8	秋山稔樹	56.0	芝1600		良	**	1:35.5	1.4	**	5-7	35.4-33.7	34.8	498(-2)			アドマイヤズーム																																																																								
2022104120	2025-01-19	1中山7	小雨	11.0	京成杯(GIII)		14.0	5.0	7.0	77.8	13.0	11	秋山稔樹	57.0	芝2000		良	**	2:02.3	2.4	**	5-5-4-10	35.0-36.8	38.5	502(+4)			ニシノエージェント																																																																								
2022104120	2025-04-06	2阪神4	晴	9.0	バイオレットS(OP)		15.0	2.0	3.0	29.1	9.0	3	松山弘平	57.0	ダ1400		良	**	1:24.3	0.3	**	10-10	33.9-38.1	36.7	502(0)			ヤマニンチェルキ	454.7																																																																							
2022104120	2025-09-21	4阪神7	曇	12.0	3歳以上2勝クラス		15.0	7.0	13.0	4.9	2.0	2	秋山稔樹	56.0	ダ1400		良	**	1:23.9	0.7	**	6-6	35.1-36.1	36.2	500(-2)			ダノンフィーゴ	460.0																																																																							
2022104120	2025-10-05	3京都2	曇	8.0	3歳以上2勝クラス		16.0	4.0	8.0	3.8	2.0	4	秋山稔樹	56.0	ダ1400		重	**	1:23.0	0.4	**	9-8	33.8-37.0	36.0	508(+8)			タマモティーカップ	170.0																																																																							
2022104120	2025-10-26	3京都9	曇	12.0	嵯峨野特別(2勝クラス)		16.0	3.0	6.0	8.5	4.0	4	秋山稔樹	56.0	ダ1400		重	**	1:23.3	0.5	**	11-11	34.1-36.7	36.3	514(+6)			ピエマンソン	230.0																																																																							
2022104135	2024-07-28	1札幌4		5.0	2歳新馬								横山武史		芝1800				1:52.0	1.5		1-1-1-2	37.5-35.0	36.5	472(0)																																	曇		12.0	3.0	3.0	9.3	5.0	7	55.0	重	**	**		ファイアンクランツ																													
2022104135	2024-08-17	2札幌3		1.0	2歳未勝利								浜中俊		芝1800				1:51.4	1.1		4-3-3-4	37.2-34.8	35.6	466(-6)																																	曇		10.0	3.0	3.0	65.9	7.0	7	55.0	良	**	**		ショウナンサムデイ																													
2022104135	2024-09-07	4中山1		2.0	2歳未勝利								石神深道		芝1600				1:34.9	1.1		8-7-7	35.1-34.6	35.2	468(+2)																																	晴		12.0	8.0	11.0	38.4	9.0	11	52.0	良	**	**		ニシノルアノーヴァ																													
2022104135	2024-12-15	5中山6		7.0	2歳未勝利								長浜鴻緒		芝2000				2:02.2	2.5		11-10-13-14	35.8-35.5	37.0	480(+12)																																	晴		18.0	3.0	6.0	154.6	12.0	15	53.0	良	**	**		スワローシチー																													
2022104135	2025-01-12	1中山4		2.0	3歳未勝利								小林美駒		ダ1800				1:59.3	5.1		16-16-14-13	37.0-38.8	41.4	470(-10)																																	曇		16.0	5.0	10.0	127.3	13.0	12	53.0	良	**	**		サムシャイン																													
2022104135	2025-05-11	1新潟4		5.0	3歳未勝利								舟山瑠泉		芝1800				1:51.3	1.3		10-10	36.2-35.6	35.9	460(-10)																																	曇		16.0	6.0	11.0	172.1	15.0	11	54.0	稍	**	**		ベストレーサー																													
2022104135	2025-05-31	2京都11		5.0	3歳未勝利								丹内祐次		芝1800				1:49.3	2.6		16-16	35.4-34.6	35.8	464(+4)																																	曇		18.0	4.0	8.0	132.2	17.0	17	57.0	良	**	**		オリバナム																													
2022104135	2025-12-14	5中京4		3.0	3歳以上1勝クラス								菊沢一樹		ダ1200				1:15.4	3.7		16-16	35.6-36.1	38.2	468(+4)																																	曇		16.0	7.0	14.0	257.4	15.0	16	57.0	稍	**	**		ドラゴンテイラー																													
2022104135	2026-01-17	1中山6		7.0	4歳以上1勝クラス								柴田大知		芝2200				2:14.1	2.1		12-11-12-12	36.6-35.6	36.4	476(+8)																																	晴		12.0	8.0	11.0	649.3	12.0	12	57.0	良				クリフハンガー																													
2022104138	2024-12-14	7京都5		5.0	2歳新馬								Ｍ．デム		芝2000				2:02.6	0.0		8-8-9-8	37.0-35.5	34.9	428(0)				180.0																																											曇		10.0	2.0	2.0	45.1	7.0	3	55.0	良	**	**		メディテラニアン															
2022104138	2025-01-11	1中京3		5.0	3歳未勝利								Ｍ．デム		芝2200				2:17.2	0.7		16-16-3-5	35.8-35.6	36.0	428(0)																																															晴		18.0	4.0	8.0	5.0	1.0	6	55.0	良	**	**		マイユニバース															
2022104138	2025-03-29	2阪神1		5.0	3歳未勝利								団野大成		芝2000				2:02.4	-0.2		1-1-1-1	37.1-35.5	35.5	432(+4)				560.0																																											晴		15.0	7.0	12.0	17.8	6.0	1	55.0	良	**	**		(レクスノヴァス)															
2022104138	2025-05-03	2京都3		9.0	矢車賞(1勝クラス)								団野大成		芝2200				2:15.4	1.1		1-1-1-1	37.7-34.1	35.2	438(+6)																																															晴		6.0	2.0	2.0	14.6	5.0	6	55.0	良	**	**		タガノアビー															
2022104138	2025-08-02	3中京3		11.0	3歳以上1勝クラス								団野大成		芝2000				2:01.6	0.5		9-9-7-4	37.8-34.4	34.6	440(+2)																																															晴		13.0	5.0	6.0	24.3	10.0	6	53.0	良	**	**		セナスタイル															
2022104138	2025-10-05	3京都2		7.0	3歳以上1勝クラス								団野大成		芝2000				2:00.8	0.7		6-5-6-7	35.0-35.0	35.1	448(+8)																																															小雨		12.0	7.0	10.0	9.0	4.0	7	54.0	稍	**	**		フォーキャンドルズ															
2022104138	2025-12-06	5中京1		8.0	3歳以上1勝クラス								吉村誠之		芝2000				1:59.8	0.8		2-2-2-2	36.4-34.3	35.0	434(-14)																																															晴		18.0	6.0	11.0	24.8	9.0	8	54.0	良	**	**		アオイタケル															
2022104145	2025-01-19	1中山7		5.0	3歳新馬								田辺裕信		芝1600				1:36.4	0.3		2-2-2	36.2-35.2	35.4	482(0)				250.0																																											曇		16.0	4.0	7.0	2.0	1.0	2	55.0	良	**	**		ホウオウショコラ															
2022104145	2025-02-10	1京都3		5.0	3歳未勝利								川田将雅		芝1600				1:36.3	-0.2		1-1	36.3-34.6	34.6	480(-2)				560.0																																											晴		18.0	1.0	1.0	4.3	2.0	1	55.0	良	**	**		(ベビーズブレス)															
2022104145	2025-03-22	2中山7		11.0	フラワーC(GIII)								田辺裕信		芝1800				1:50.1	2.3		5-5-4-6	35.5-35.4	37.4	476(-4)																																															晴		16.0	3.0	6.0	24.0	7.0	13	55.0	良	**	**		レーゼドラマ															
2022104145	2025-06-21	3阪神5		12.0	3歳以上1勝クラス								岩田望来		芝1600				1:34.1	0.3		2-2	34.7-35.4	35.5	494(+18)				80.0																																											晴		14.0	8.0	14.0	5.7	3.0	5	53.0	良	**	**		リカントロポ															
2022104145	2025-07-13	2小倉6		8.0	3歳以上1勝クラス								川田将雅		芝1800				1:48.6	-0.1		3-3-3-3	35.7-37.5	36.8	486(-8)				800.0																																											曇		16.0	2.0	3.0	2.9	1.0	1	53.0	良	**	**		(フェイトライン)															
2022104145	2025-09-07	4阪神2		8.0	武田尾特別(2勝クラス)								坂井瑠星		芝1800				1:45.6	-0.3		2-2	34.5-33.9	33.7	496(+10)				1562.6																																											晴		5.0	3.0	3.0	2.2	2.0	1	53.0	良	**	**		(ナイトスラッガー)															
2022104145	2025-10-19	3京都7		11.0	秋華賞(GI)								団野大成		芝2000				1:59.2	0.9		2-2-3-3	35.6-35.3	35.8	502(+6)																																															曇		18.0	7.0	15.0	56.0	14.0	9	55.0	良	**	**		エンブロイダリー															
2022104145	2025-11-16	5東京4		10.0	ユートピアS(3勝クラス)								団野大成		芝1800				1:46.7	0.2		1-1-1	37.2-33.7	33.9	500(-2)				280.0																																											晴		11.0	2.0	2.0	4.8	2.0	4	54.0	良	**	**		フレミングフープ															
2022104164	2024-09-22	3中京7		5.0	2歳新馬								西村淳也		芝2000				2:06.0	1.7		4-5-7-6	39.4-34.2	35.2	416(0)																			小雨		11.0	3.0	3.0	74.3	11.0	7	55.0	良	**	**		サトノシャイニング																																											
2022104164	2025-02-01	1小倉3		2.0	3歳未勝利								永島まな		芝2000				2:04.8	1.0		9-11-10-11	37.6-35.1	35.5	406(-10)																			曇		15.0	6.0	10.0	105.7	12.0	9	53.0	良	**	**		トーセンリバーブ																																											
2022104164	2025-02-22	1京都7		5.0	3歳未勝利								酒井学		芝2400				2:30.6	2.2		13-13-14-12	35.5-34.6	35.7	412(+6)																			晴		15.0	3.0	5.0	280.7	14.0	10	55.0	良	**	**		ロットブラータ																																											
2022104164	2025-03-15	2中京1		5.0	3歳未勝利								秋山稔樹		芝2000				2:01.8	0.9		9-8-7-7	35.7-35.5	35.8	408(-4)				56.0															曇		18.0	4.0	7.0	277.3	15.0	5	55.0	良	**	**		プレミアシップ																																											
2022104164	2025-04-27	2京都2		5.0	3歳未勝利								幸英明		芝2000				2:00.4	0.9		10-10-6-7	35.6-34.9	35.1	410(+2)				56.0															晴		14.0	3.0	3.0	33.5	10.0	5	55.0	良	**	**		ルージュスティーズ																																											
2022104164	2025-05-18	2京都8		4.0	3歳未勝利								幸英明		芝2000				2:02.7	1.7		12-12-11-12	37.0-35.4	35.7	416(+6)				84.0															晴		12.0	2.0	2.0	9.5	5.0	4	55.0	稍	**	**		キタサンハナビラ																																											
2022104164	2025-06-07	3阪神1		6.0	3歳未勝利								幸英明		芝2000				2:02.2	1.1		10-11-10-9	36.3-35.3	35.4	414(-2)																			曇		13.0	8.0	13.0	45.8	8.0	7	55.0	良	**	**		サトノソティラス																																											
2022104164	2025-07-06	2小倉4		4.0	3歳未勝利								秋山稔樹		芝2000				2:02.8	0.8		11-11-12-11	35.4-37.0	36.9	408(-6)																			晴		18.0	5.0	10.0	46.4	9.0	12	55.0	良	**	**		ダノンジャガー																																											
2022104164	2025-07-27	1札幌2		4.0	3歳未勝利								小林美駒		芝2000				2:03.6	0.8		9-9-9-8	36.0-35.8	35.5	412(+4)				84.0															曇		9.0	4.0	4.0	11.5	4.0	4	52.0	重	**	**		ヨヒーン																																											
2022104164	2025-08-10	1札幌6		3.0	3歳未勝利								鮫島克駿		芝2000				2:03.0	2.0		14-14-14-14	35.8-35.1	35.9	416(+4)																			晴		16.0	5.0	10.0	49.7	11.0	14	55.0	良	**	**		アルディスティーノ																																											
2022104164	2025-08-30	2札幌3		6.0	3歳未勝利								川又賢治		芝2000				2:04.6	0.7		13-13-12-9	35.6-38.8	37.5	418(+2)				56.0															小雨		16.0	4.0	7.0	62.7	11.0	5	55.0	稍	**	**		スタードメイソン																																											
2022104164	2025-09-06	2札幌5		4.0	3歳未勝利								鮫島克駿		芝2000				2:03.4	1.0		15-14-14-12	35.3-36.9	36.7	414(-4)																			晴		16.0	3.0	5.0	101.8	13.0	8	55.0	良	**	**		ラファヴォリット																																											
2022104164	2025-09-27	4阪神8		7.0	3歳以上1勝クラス								菱田裕二		芝2200				2:14.6	1.0		14-13-12-13	35.4-35.2	35.1	412(-2)																			晴		16.0	8.0	16.0	474.5	14.0	14	53.0	良	**	**		アロンディ																																											
2022104164	2025-10-18	3京都6		7.0	3歳以上1勝クラス								菱田裕二		芝2000				2:00.6	0.3		8-8-8-8	35.2-35.9	35.1	416(+4)				120.0															曇		8.0	4.0	4.0	40.8	7.0	4	54.0	良	**	**		バガン																																											
2022104164	2025-11-08	4京都1		12.0	3歳以上1勝クラス								菱田裕二		芝2000				2:02.1	1.2		14-14-14-14	36.7-34.4	34.3	420(+4)																			晴		14.0	6.0	10.0	82.4	13.0	12	54.0	良	**	**		ノーランサンライズ																																											
2022104164	2026-01-18	1京都7		8.0	4歳以上1勝クラス								田口貫太		芝2400				2:28.2	1.6		7-7-10-10	36.7-36.0	36.4	422(+2)																																																													晴		12.0	5.0	5.0	169.4	11.0	10	55.0	良	**	**		オメガナビゲーター	202608010708
2022104165	2024-08-17	2中京3		5.0	2歳新馬								団野大成		芝1400				1:23.7	1.7		17-17	34.8-35.3	34.9	428(0)					晴		18.0	1.0	2.0	42.4	9.0	13.0	55.0	良	**	**		ラヴェンデル																																																									
2022104165	2024-09-16	3中京5		1.0	2歳未勝利								団野大成		ダ1400				1:27.1	1.2		6-6	35.5-37.5	38.3	426(-2)				220.0	晴		10.0	8.0	9.0	18.8	8.0	2.0	55.0	稍	**	**		ヴァカンツァ																																																									
2022104165	2024-10-13	5京都4		1.0	2歳未勝利								団野大成		ダ1400				1:28.8	3.3		8-8	34.6-38.2	40.6	428(+2)					晴		11.0	6.0	6.0	32.9	9.0	9.0	55.0	良	**	**		シャドウキャッスル																																																									
2022104165	2024-12-22	7京都8		1.0	2歳未勝利								団野大成		ダ1400				1:28.9	2.8		10-9	35.3-38.2	40.4	422(-6)					曇		16.0	2.0	3.0	162.6	12.0	16.0	55.0	良	**	**		オリージネアリア																																																									
2022104165	2025-01-26	1小倉2		1.0	3歳未勝利								小沢大仁		ダ1700				1:48.5	0.4		8-6-5-5	29.4-40.2	40.1	418(-4)				140.0	晴		13.0	5.0	6.0	76.7	12.0	3.0	54.0	良	**	**		サンコンクエスト																																																									
2022104165	2025-02-22	1小倉9		1.0	3歳未勝利								小沢大仁		ダ1700				1:51.6	5.0		10-8-8-9	29.9-37.7	41.9	414(-4)					晴		16.0	5.0	10.0	9.4	5.0	14.0	55.0	良	**	**		ネティフラウ																																																									
2022104165	2025-05-11	1新潟4		1.0	3歳未勝利								小沢大仁		ダ1800				1:58.8	2.7		9-9-10-8	37.9-38.2	39.9	426(+12)					小雨		15.0	4.0	7.0	37.1	9.0	7.0	55.0	稍	**	**		レイバックスピン																																																									
2022104165	2025-05-25	2京都10		2.0	3歳未勝利								古川吉洋		ダ1800				1:52.6	2.0		6-7-5-3	35.8-36.9	38.6	418(-8)					曇		16.0	7.0	14.0	173.7	12.0	8.0	55.0	不	**	**		ジュルナール																																																									
2022104165	2025-07-19	2小倉7		6.0	3歳未勝利								川須栄彦		ダ1700				1:45.5	0.5		7-7-7-7	30.1-38.2	37.9	420(+2)					晴		16.0	1.0	1.0	122.2	11.0	7.0	55.0	重	**	**		カルミアクラウン																																																									
2022104165	2025-11-04	金沢		7.0	金沢競馬C2プレミア								吉田晃浩		ダ1400				1:30.7	1.6		2-2-2-2		39.9	442(+22)				4.7	晴		8.0	8.0	8.0	8.0	4.0	5.0	55.0	重	**	**		ルシャリオ																																																									
2022104165	2025-11-17	金沢		8.0	ハチコオブシュガー生(C2)								吉田晃浩		ダ1500				1:39.3	-0.5		2-2-2-1		40.4	441(-1)				43.0	曇		8.0	7.0	7.0	1.1	1.0	1.0	55.0	良	**	**		(クラッパーボード)																																																									
2022104165	2025-12-08	金沢		10.0	金沢競馬C1プレミア								平瀬城久		ダ1500				1:37.6	1.9		8-8-8-7		40.3	443(+2)					雨		9.0	7.0	7.0	108.2	8.0	7.0	55.0	重	**	**		ハクサンリバーブ																																																									
2022104165	2025-12-26	金沢		6.0	パカやろう!に感謝賞(C2)								鈴木太一		ダ1500										計不					雪		0.0	2.0	2.0				55.0	不																																																													
2022104167	2024-09-22	3中京7		5.0	2歳新馬								鮫島克駿		芝2000				2:04.6	0.3		4-2-1-1	39.4-34.2	34.5	470(0)				180.0																																											小雨		11.0	4.0	4.0	27.1	8.0	3	55.0	良	**	**		サトノシャイニング															
2022104167	2024-10-06	4東京2		2.0	2歳未勝利								鮫島克駿		芝2000				2:00.3	0.1		2-2-2	36.5-34.9	34.1	466(-4)				220.0																																											曇		7.0	2.0	2.0	5.1	2.0	2	56.0	良	**	**		エデルクローネ															
2022104167	2024-10-19	5京都5		3.0	2歳未勝利								坂井瑠星		芝1800				1:48.9	-0.3		3-2	35.5-34.9	34.7	470(+4)				550.0																																											小雨		10.0	8.0	10.0	2.0	1.0	1	56.0	良	**	**		(ダノンジャガー)															
2022104167	2025-01-19	1中山7		11.0	京成杯(GIII)								石橋脩		芝2000				2:03.0	3.1		2-2-1-2	35.0-36.8	39.9	486(+16)																																															小雨		14.0	1.0	1.0	15.0	6.0	13	57.0	良	**	**		ニシノエージェント															
2022104167	2025-02-15	1小倉7		9.0	あすなろ賞(1勝クラス)								丹内祐次		芝2000				2:01.3	-0.2		5-5-3-3	36.3-35.0	34.6	466(-20)				1129.6																																											曇		9.0	6.0	6.0	4.3	2.0	1	57.0	良	**	**		(ニホンピロデヴィン)															
2022104167	2025-03-22	1阪神7		11.0	若葉S(L)								坂井瑠星		芝2000				2:00.4	1.4		5-5-5-4	36.1-34.7	35.7	470(+4)																																															晴		9.0	7.0	7.0	8.3	4.0	9	57.0	良	**	**		ジョバンニ															
2022104167	2026-01-05	1中山2		10.0	初日の出賞(2勝クラス)								戸崎圭太		芝2000				2:01.8	0.2		2-2-2-3	37.1-34.6	34.6	494(+24)				637.8																																											晴		11.0	8.0	11.0	4.6	3.0	2	57.0	良	**	**		ダンツファイター															
2022104177	2024-06-09	3東京4		5.0	2歳新馬								北村宏司		芝1800				1:49.9	3.2		9-9-9	36.9-33.9	35.8	500(0)					曇		11.0	4.0	4.0	82.0	10.0	7	55.0	良	**	**		クロワデュノール																																																									
2022104177	2024-08-18	3新潟4		2.0	2歳未勝利								三浦皇成		芝1800				1:50.6	2.4		5-5	36.8-33.9	35.8	496(-4)					晴		10.0	5.0	5.0	83.3	7.0	9	55.0	良	**	**		シルバーレイン																																																									
2022104177	2024-11-03	5東京2		2.0	2歳未勝利								古川奈穂		ダ1600				1:39.9	2.9		3-3	34.6-38.2	40.7	506(+10)					晴		15.0	8.0	16.0	14.8	7.0	11	52.0	重	**	**		カンレイスキー																																																									
2022104177	2024-12-22	5中山8		2.0	2歳未勝利								木幡巧也		ダ1800				1:57.9	0.2		3-3-2-1	37.3-41.5	41.7	516(+10)				140.0	晴		16.0	7.0	13.0	131.3	15.0	3	56.0	良	**	**		ドーバーブライト																																																									
2022104177	2025-01-11	1中山3		3.0	3歳未勝利								横山和生		ダ1800				1:57.1	0.3		3-3-4-2	38.1-40.3	40.3	508(-8)				140.0	晴		16.0	1.0	2.0	7.9	4.0	3	57.0	稍	**	**		カゼノタカトシ																																																									
2022104177	2025-01-26	1中京9		3.0	3歳未勝利								西村淳也		ダ1900				2:03.1	1.8		8-8-8-8	30.0-38.0	38.8	508(0)					晴		11.0	4.0	4.0	6.9	3.0	6	57.0	良	**	**		ライノ																																																									
2022104177	2025-02-01	1東京1		2.0	3歳未勝利								横山和生		ダ2100				2:16.1	0.6		4-3-3-3	30.9-38.9	39.2	506(-2)				220.0	晴		14.0	4.0	6.0	4.3	2.0	2	57.0	良	**	**		ファミーユウルーズ																																																									
2022104177	2025-05-03	2東京3		3.0	3歳未勝利								横山和生		ダ2100				2:13.4	2.1		5-6-7-7	30.9-37.6	39.1	506(0)					晴		14.0	8.0	14.0	8.1	3.0	11	57.0	不	**	**		プロフェータ																																																									
2022104177	2025-05-31	2東京11		1.0	3歳未勝利								小林美駒		ダ1400				1:24.2	-1.0		1-1	34.9-36.7	36.7	510(+4)				560.0	雨		16.0	2.0	3.0	8.1	2.0	1	53.0	不	**	**		(ガストフロント)																																																									
2022104177	2025-08-10	2新潟6		10.0	3歳以上1勝クラス								高杉吏麒		ダ1800				1:56.9	4.3		7-7-9-10	36.3-38.2	41.7	508(-2)					雨		15.0	2.0	2.0	16.1	4.0	14	54.0	不	**	**		ブレトワルダ																																																									
2022104177	2025-10-04	4東京1		6.0	3歳以上1勝クラス								長浜鴻緒		ダ1400				1:26.9	1.0		6-5	35.8-37.3	37.7	514(+6)					曇		16.0	8.0	16.0	23.8	7.0	11	54.0	良	**	**		ゲキザル																																																									
2022104196	2024-10-13	5京都4		4.0	2歳新馬								浜中俊		芝1200				1:10.5	0.9		6-5	34.8-34.8	35.1	436(0)					晴		16.0	1.0	2.0	5.8	2.0	7	56.0	良	**	**		コモンスナイプ																																																									
2022104196	2024-12-22	7京都8		2.0	2歳未勝利								佐々木大		芝1600				1:36.1	1.3		5-5	34.9-36.1	36.7	442(+6)					曇		18.0	7.0	13.0	55.3	12.0	11	56.0	良	**	**		グラフィティアート																																																									
2022104196	2025-04-19	1福島3		6.0	3歳未勝利								亀田温心		芝1200				1:10.0	0.9		8-6	34.1-35.0	35.4	446(+4)					晴		16.0	3.0	5.0	10.3	6.0	7	57.0	良	**	**		ダニエルバローズ																																																									
2022104196	2025-07-05	2小倉3		3.0	3歳未勝利								田口貫太		芝1200				1:09.8	1.3		12-13	33.0-35.5	35.2	430(-16)					晴		18.0	3.0	6.0	143.0	15.0	10	57.0	良	**	**		ブラックケリー																																																									
2022104196	2025-08-06	園田		9.0	C2一								鴨宮祥行		ダ1400				1:32.4	0.4		7-7-6-6		40.1	443(+13)				7.0	晴		10.0	1.0	1.0	15.2	7.0	5	56.0	良	**	**		アタリマエ																																																									
2022104196	2025-08-22	園田		8.0	女と男市川☆来場記念(C2)								鴨宮祥行		ダ1400				1:31.6	0.3		2-2-2-2		40.0	440(-3)				28.0	晴		10.0	8.0	10.0	2.9	1.0	2	56.0	良	**	**		ダイシンサンディー																																																									
2022104196	2025-09-12	園田		9.0	C2二								鴨宮祥行		ダ1400				1:34.4	1.5		10-9-5-7		41.1	440(0)					曇		10.0	6.0	6.0	1.6	1.0	6	56.0	稍	**	**		シビックシャルル																																																									
2022104196	2025-10-03	園田		12.0	C2								鴨宮祥行		ダ1400				1:33.8	1.0		2-2-1-1		42.7	439(-1)				28.0	雨		11.0	4.0	4.0	3.5	2.0	2	57.0	稍	**	**		スプリガン																																																									
2022104196	2025-10-17	園田		8.0	C2一								鴨宮祥行		ダ1400				1:34.4	2.6		4-4-6-9		42.7	439(0)					晴		10.0	8.0	9.0	22.1	6.0	10	57.0	良	**	**		ヒシカリナン																																																									
2022104196	2025-11-06	園田		9.0	C2一								鴨宮祥行		ダ1400				1:33.8	0.3		2-2-1-1		39.9	440(+1)				17.5	晴		10.0	7.0	8.0	10.0	4.0	3	57.0	良	**	**		ゼットヒーロ																																																									
2022104196	2025-11-26	園田		6.0	C2一								鴨宮祥行		ダ1400				1:34.4	1.2		3-3-3-2		40.7	447(+7)				10.5	曇		12.0	5.0	5.0	63.3	6.0	4	57.0	稍	**	**		ハローチュース																																																									
2022104196	2025-12-16	園田		7.0	C2一								鴨宮祥行		ダ1230				1:22.6	1.9		5-5-6-7		40.4	444(-3)					晴		12.0	8.0	12.0	11.6	5.0	9	57.0	良	**	**		リリーオブザハート																																																									
2022104196	2026-01-03	園田		8.0	そのだけいばdeパカ(C2)								鴨宮祥行		ダ1400				1:34.2	1.2		1-1-1-4		40.5	445(+1)					曇		12.0	7.0	9.0	131.0	9.0	7	57.0	良	**	**		エランフェーヴル																																																									
2022104196	2026-01-15	園田		4.0	上霞城7ハロンC3一								小牧太		ダ1400				1:31.8	-0.9		1-1-1-1		39.5	447(+2)				60.0	晴		11.0	1.0	1.0	6.1	2.0	1	57.0	良				(ユイノオトコヤマ)																																																									
2022104203	2024-10-05	4東京1		5.0	2歳新馬								戸崎圭太		芝2000				2:03.6	1.2		7-9-9	37.5-33.8	33.5	490(0)					小雨		12.0	4.0	4.0	22.1	7.0	6	56.0	稍	**	**		レッドキングリー																																																									
2022104203	2024-12-22	5中山8		2.0	2歳未勝利								戸崎圭太		ダ1800				1:59.8	2.1		14-14-13-12	37.3-41.5	42.4	500(+10)					晴		16.0	2.0	3.0	10.2	5.0	11	56.0	良	**	**		ドーバーブライト																																																									
2022104203	2025-03-11	船橋		8.0	ベストビット特別(3歳未格)								北村宏司		ダ1700				1:53.5	1.5		6-6-4-4	32.2-40.8	41.8	501(+1)				62.5	曇		11.0	3.0	3.0	6.8	3.0	3	56.0	良	**	**		ヴォルオヴァン																																																									
2022104203	2025-06-01	2東京12		3.0	3歳未勝利								北村宏司		ダ1600				1:38.1	1.7		5-4	35.7-35.9	37.2	500(-1)					晴		16.0	4.0	7.0	57.8	9.0	10	57.0	重	**	**		セブンメデュラス																																																									
2022104203	2025-10-12	盛岡		4.0	C2八組								村上忍		ダ1200				1:13.6	0.6		2-1		37.4	508(+8)				5.2	雨		9.0	8.0	9.0	2.9	2.0	4	56.0	稍	**	**		スウェルティア																																																									
2022104203	2025-10-19	盛岡		6.0	C2七組								山本政聡		ダ1200				1:12.5	0.2		3-1		36.4	496(-12)				14.0	曇		11.0	7.0	9.0	2.3	1.0	2	56.0	重	**	**		ロベルタカリーナ																																																									
2022104207	2024-07-21	1札幌2		5.0	2歳新馬								藤岡佑介		芝1800				1:47.8	-0.5		2-2-1-1	36.9-34.8	34.8	494(0)				720.0																																											晴		8.0	5.0	5.0	5.7	2.0	1	55.0	良	**	**		(テリオスララ)															
2022104207	2025-03-16	2中山6		11.0	スプリングS(GII)								藤岡佑介		芝1800				1:51.8	0.3		8-8-3-3	37.5-38.1	38.1	496(+2)				1412.0																																											小雨		12.0	6.0	7.0	3.8	1.0	3	57.0	重	**	**		ピコチャンブラック															
2022104207	2025-04-20	3中山8		11.0	皐月賞(GI)								藤岡佑介		芝2000				1:57.7	0.7		14-14-17-17	34.5-34.8	33.9	494(-2)																																															曇		18.0	2.0	3.0	40.1	9.0	7	57.0	良	**	**		ミュージアムマイル															
2022104207	2025-05-10	2京都5		11.0	京都新聞杯(GII)								坂井瑠星		芝2200				2:15.8	1.1		6-6-9-9	37.0-33.8	34.2	498(+4)																																															曇		10.0	1.0	1.0	3.4	2.0	9	57.0	稍	**	**		ショウヘイ															
2022104207	2025-07-26	1札幌1		8.0	3歳以上1勝クラス								藤岡佑介		芝2000				2:00.2	0.0		2-2-2-2	36.6-34.5	34.4	498(0)				320.0																																											曇		5.0	5.0	5.0	1.2	1.0	2	55.0	良	**	**		ショウナンサムデイ															
2022104207	2025-08-09	1札幌5		9.0	3歳以上1勝クラス								藤岡佑介		芝1800				1:47.9	-0.8		1-1-1-1	36.1-35.3	35.3	496(-2)				800.0																																											晴		10.0	3.0	3.0	1.4	1.0	1	55.0	稍	**	**		(マイネルフーガ)															
2022104207	2025-10-04	3京都1		8.0	3歳以上2勝クラス								坂井瑠星		芝2000				2:00.0	0.7		4-4-4-4	36.1-35.4	35.8	492(-4)																																															曇		12.0	5.0	6.0	2.9	1.0	8	56.0	重	**	**		ウイントレメンデス															
2022104207	2025-10-25	3京都8		8.0	3歳以上2勝クラス								藤岡佑介		芝1800				1:46.0	0.3		1-1	35.0-34.4	34.7	498(+6)				170.0																																											曇		12.0	7.0	9.0	3.5	2.0	4	56.0	良	**	**		ネブラディスク															
2022104207	2026-01-12	1京都5		9.0	琵琶湖特別(2勝クラス)								坂井瑠星		芝2400				2:25.0	0.3		1-1-1-1	35.0-35.1	35.4	500(+2)				240.0																																											晴		12.0	6.0	8.0	3.3	2.0	4	57.0	良	**	**		アロンディ															
2022104222	2024-07-06	3小倉3		5.0	2歳新馬								田口貫太		芝1200				1:09.7	0.5		6-5	34.3-34.9	34.8	458(0)				180.0	晴		6.0	6.0	6.0	19.1	5.0	3	54.0	良	**	**		タマモティーカップ																																																									
2022104222	2024-11-24	6京都8		3.0	2歳未勝利								高杉吏麒		芝1600				1:35.9	1.1		6-8	35.0-35.4	35.9	480(+22)					曇		18.0	6.0	11.0	52.5	14.0	11	54.0	良	**	**		ベイリークロア																																																									
2022104222	2024-12-08	7京都4		3.0	2歳未勝利								田口貫太		芝1600				1:35.4	0.5		4-3	35.0-36.0	36.1	480(0)				140.0	晴		10.0	4.0	4.0	41.0	6.0	3	55.0	良	**	**		モンテシート																																																									
2022104222	2024-12-22	7京都8		2.0	2歳未勝利								田口貫太		芝1600				1:35.4	0.6		8-8	34.9-36.1	35.8	482(+2)				55.0	曇		18.0	6.0	11.0	31.3	10.0	5	55.0	良	**	**		グラフィティアート																																																									
2022104222	2025-01-11	1中京3		12.0	3歳未勝利								田口貫太		芝1600				1:36.8	0.7		9-9-8	35.3-36.2	36.3	478(-4)				84.0	晴		16.0	6.0	12.0	36.7	10.0	4	56.0	良	**	**		マッドマックス																																																									
2022104222	2025-04-27	2京都2		3.0	3歳未勝利								田口貫太		芝1600				1:34.3	0.0		14-12	34.6-35.9	34.5	472(-6)				220.0	晴		18.0	2.0	3.0	9.4	3.0	2	57.0	良	**	**		シャインベック																																																									
2022104222	2025-05-03	2京都3		5.0	3歳未勝利								田口貫太		芝1800				1:48.8	0.2		2-2	36.1-34.4	34.6	476(+4)				140.0	晴		12.0	8.0	12.0	6.2	2.0	3	57.0	稍	**	**		ヤエギリ																																																									
2022104222	2025-05-25	2京都10		4.0	3歳未勝利								田口貫太		芝1600				1:36.2	0.0		6-6	35.7-36.4	35.6	478(+2)				560.0	曇		18.0	3.0	5.0	4.5	4.0	1	57.0	重	**	**		(ビップディラン)																																																									
2022104222	2025-07-26	3中京1		12.0	3歳以上1勝クラス								田口貫太		芝1600				1:33.9	0.9		8-7-8	35.1-34.0	34.1	474(-4)					晴		10.0	7.0	8.0	17.2	5.0	8	55.0	良	**	**		ミニトランザット																																																									
2022104222	2025-08-16	3中京7		12.0	3歳以上1勝クラス								田口貫太		芝1600				1:34.2	0.5		7-7-7	36.3-34.0	33.7	478(+4)					晴		10.0	7.0	7.0	8.4	4.0	6	55.0	良	**	**		コリカンチャ																																																									
2022104222	2025-09-06	4阪神1		7.0	3歳以上1勝クラス								田口貫太		芝1600				1:33.1	0.8		4-4	34.7-34.4	34.9	478(0)				80.0	晴		13.0	4.0	4.0	12.1	6.0	5	56.0	良	**	**		スライビングロード																																																									
2022104222	2025-09-20	4阪神6		7.0	3歳以上1勝クラス								和田竜二		芝1600				1:34.3	0.8		1-2	35.8-34.0	34.8	480(+2)					曇		16.0	7.0	13.0	21.8	5.0	9	56.0	良	**	**		アンジョルラス																																																									
2022104222	2025-12-06	5阪神1		7.0	3歳以上1勝クラス								田口貫太		ダ1800				1:54.6	1.0		3-3-3-4	37.9-37.9	38.5	482(+2)					晴		14.0	1.0	1.0	19.1	7.0	7	57.0	良	**	**		サンライズシュガー																																																									
2022104222	2025-12-20	5阪神5		7.0	3歳以上1勝クラス								田口貫太		ダ1800				1:54.6	1.1		4-4-5-5	37.7-36.9	37.7	478(-4)					晴		16.0	2.0	3.0	109.7	10.0	6	57.0	良	**	**		アカデミア																																																									
2022104222	2026-01-05	1京都2		12.0	4歳以上1勝クラス								田口貫太		芝1600				1:35.5	0.8		11-12	35.6-34.1	34.1	474(-4)					晴		15.0	2.0	2.0	22.0	7.0	10	57.0	良	**	**		サンタンカ																																																									
2022104251	2024-08-03	2新潟3		3.0	2歳新馬								内田博幸		ダ1800				2:00.4	5.7		15-15-14-14	36.3-39.8	42.3	476(0)					晴		15.0	5.0	9.0	167.7	13.0	12	55.0	良	**	**		シンビリーブ																																																									
2022104251	2024-10-26	4東京7		3.0	2歳未勝利								原田和真		ダ1600				1:41.9	3.3		11-11	34.8-38.4	40.2	480(+4)					曇		16.0	8.0	16.0	643.1	15.0	12	56.0	良	**	**		アレスグート																																																									
2022104251	2024-12-22	5中山8		2.0	2歳未勝利								原田和真		ダ1800				2:00.6	2.9		8-9-11-12	37.3-41.5	43.3	494(+14)					晴		16.0	1.0	2.0	370.7	16.0	15	56.0	良	**	**		ドーバーブライト																																																									
2022104251	2025-01-18	1中山6		2.0	3歳未勝利								原田和真		ダ1800				2:00.5	5.1		3-5-7-11	37.2-39.8	43.8	496(+2)					晴		16.0	5.0	9.0	578.1	16.0	15	57.0	良	**	**		カージオイド																																																									
2022104251	2025-03-22	2中京3		4.0	3歳未勝利								小林脩斗		ダ1400				1:27.7	3.0		12-11	34.2-38.5	39.7	490(-6)					晴		16.0	8.0	16.0	498.1	16.0	13	57.0	良	**	**		パヴィーア																																																									
2022104251	2025-04-27	1福島6		3.0	3歳未勝利								秋山稔樹		ダ1700				1:51.1	2.3		11-13-14-14	30.5-38.8	39.3	488(-2)					晴		15.0	8.0	14.0	399.2	15.0	13	57.0	良	**	**		ティアップドライブ																																																									
2022104251	2025-06-12	門別		10.0	グランシャリオドリー(C4)								岩橋勇二		ダ1200				1:15.8	0.5		2-2		38.5	506(+18)				11.6	曇		9.0	1.0	1.0	27.7	5.0	3	57.0	稍	**	**		エイイチ																																																									
2022104251	2025-07-03	門別		8.0	3歳以上C4ー3								石川倭		ダ1200				1:14.6	0.2		2-1		38.2	504(-2)				11.2	晴		12.0	4.0	4.0	2.0	1.0	2	57.0	稍	**	**		ナユタ																																																									
2022104251	2025-07-17	門別		10.0	グランシャリオドリー(C4)								石川倭		ダ1700				1:53.3	-0.1		1-1-1-1		41.2	508(+4)				55.0	晴		11.0	6.0	6.0	1.4	1.0	1	57.0	稍	**	**		(ベラジオケンシロウ)																																																									
2022104251	2025-08-14	門別		10.0	グランシャリオドリー(C3)								服部茂史		ダ1200				1:15.1	0.2		5-5		38.1	512(+4)				15.4	曇		12.0	3.0	3.0	4.5	3.0	2	57.0	良	**	**		ブラストバローズ																																																									
2022104251	2025-08-28	門別		7.0	北海道だけ!がうまい(C3)								石川倭		ダ1200				1:15.4	-0.6		1-1		38.5	506(-6)				40.0	曇		10.0	7.0	8.0	1.5	1.0	1	57.0	良	**	**		(ピエールテネシー)																																																									
2022104251	2025-09-17	門別		9.0	カタバミ特別(C1)								石川倭		ダ1200				1:15.4	0.8		2-2		39.2	518(+12)				11.6	曇		7.0	5.0	5.0	11.4	3.0	3	57.0	良	**	**		ヤマニンパッセ																																																									
2022104251	2025-10-01	門別		10.0	グランシャリオドリー(C1)								石川倭		ダ1200										計不					曇		11.0	6.0	8.0			除	57.0	重	**	**		ロアリングフレイム																																																									
2022104251	2025-10-16	門別		11.0	シクラメン特別(C1)								石川倭		ダ1800				1:59.7	-0.1		2-2-2-1		42.6	512(-6)				55.0	曇		11.0	8.0	12.0	2.4	1.0	1	57.0	稍	**	**		(アルファインディ)																																																									
2022104251	2025-12-05	大井		1.0	しながわデー開催賞(3歳二)								矢野貴之		ダ1600				1:42.5	-0.2		5-5-2-2	37.0-39.6	39.5	512(0)				140.0	晴		13.0	7.0	10.0	2.8	2.0	1	56.0	良	**	**		(ブラックモノリス)																																																									
2022104251	2025-12-29	大井		4.0	C2九　十11(C2十)								矢野貴之		ダ1600				1:43.2	-0.7		1-1-1-1	38.7-40.0	40.0	511(-1)				100.0	晴		12.0	3.0	3.0	1.2	1.0	1	56.0	重	**	**		(スイートロータス)																																																									
2022104271	2024-08-17	3新潟3		6.0	2歳新馬								杉原誠人		ダ1800				2:01.0	6.0		12-14-12-11	36.8-38.5	42.6	452(0)																																															晴		15.0	5.0	8.0	107.4	11.0	12	55.0	良	**	**		ジャナドリア															
2022104271	2024-11-23	5東京7		3.0	2歳未勝利								杉原誠人		芝1800				1:50.8	2.7		11-11-11	36.4-34.5	36.3	454(+2)																																															晴		14.0	1.0	1.0	674.5	12.0	14	55.0	良	**	**		ベストシーン															
2022104271	2024-12-07	5中山3		1.0	2歳未勝利								杉原誠人		ダ1200				1:13.1	1.1		14-11	33.9-38.1	37.5	458(+4)				55.0																																											晴		16.0	5.0	9.0	492.8	15.0	5	55.0	良	**	**		ヴィンブルレー															
2022104271	2025-02-02	1東京2		1.0	3歳未勝利								原優介		ダ1400				1:27.1	0.0		7-8	35.9-38.3	37.7	460(+2)				560.0																																											雨		16.0	1.0	2.0	13.3	5.0	1	54.0	稍	**	**		(アサクサグレース)															
2022104271	2025-06-01	2東京12		5.0	3歳1勝クラス								原優介		ダ1400				1:24.7	1.7		3-3	35.5-35.3	36.7	462(+2)																																															晴		11.0	8.0	11.0	58.7	10.0	10	55.0	重	**	**		トリリオンボーイ															
2022104271	2025-07-05	2福島3		12.0	3歳以上1勝クラス								原優介		芝1200				1:11.6	2.2		9-8	34.0-35.4	37.0	470(+8)																																															晴		15.0	5.0	8.0	92.5	12.0	15	53.0	良	**	**		ボンヌソワレ															
2022104271	2025-08-24	3新潟2		12.0	3歳以上1勝クラス								荻野極		ダ1200				1:13.9	2.2		7-7	34.7-37.0	38.3	470(0)																																															晴		15.0	2.0	2.0	27.1	9.0	14	54.0	良	**	**		リクエイ															
2022104271	2026-01-04	1中山1		8.0	4歳以上1勝クラス								石田拓郎		ダ1200				1:12.4	0.3		14-15	33.8-38.3	36.8	470(0)																																															晴		16.0	5.0	9.0	109.3	13.0	6	53.0	稍	**	**		ラヴァグロウ															
2022104283	2024-08-04	2新潟4		2.0	2歳新馬								和田竜二		芝1600				1:36.9	0.9		6-6	36.8-33.6	34.0	414(0)					晴		14.0	1.0	1.0	12.7	4.0	8	55.0	良	**	**		ダンツエラン																																																									
2022104283	2024-12-22	7京都8		2.0	2歳未勝利								菱田裕二		芝1600				1:36.8	2.0		11-9	34.9-36.1	37.0	422(+8)					曇		18.0	8.0	18.0	47.6	11.0	17	55.0	良	**	**		グラフィティアート																																																									
2022104283	2025-02-15	1小倉7		5.0	3歳未勝利								柴田裕一		芝1800				1:51.0	1.9		5-5-4-4	35.7-36.3	37.9	422(0)					曇		16.0	8.0	15.0	25.9	8.0	15	52.0	良	**	**		ゼンダンハヤブサ																																																									
2022104283	2025-03-11	高知		1.0	3歳ー4								岡村卓弥		ダ1300				1:26.1	0.1		1-1-1-1		40.7	419(-3)				21.0	小雨		9.0	1.0	1.0	3.0	2.0	2	54.0	重	**	**		ミッション																																																									
2022104283	2025-03-23	高知		1.0	香川県オリーブ牛特別(3歳)								岡村卓弥		ダ1300				1:28.5	1.5		2-2-2-2		43.2	416(-3)				12.0	晴		11.0	3.0	3.0	4.3	2.0	3	54.0	稍	**	**		レゲエパンチ																																																									
2022104283	2025-04-13	高知		2.0	3歳ー5								永森大智		ダ1400				1:31.5	-0.1		2-2-1-1		40.2	411(-5)				60.0	曇		10.0	7.0	8.0	6.9	2.0	1	55.0	不	**	**		(ハチャプリ)																																																									
2022104283	2025-04-26	高知		1.0	3歳ー2								永森大智		ダ1300				1:29.0	1.1		3-2-2-2		44.3	412(+1)				9.0	晴		8.0	7.0	7.0	1.9	1.0	4	55.0	重	**	**		ナギサノジョジョ																																																									
2022104283	2025-06-08	高知		2.0	3歳ー3								永森大智		ダ1400				1:34.4	1.2		3-3-3-4		43.2	415(+3)					曇		8.0	5.0	5.0	8.3	3.0	7	55.0	稍	**	**		カンタベリーバイク																																																									
2022104283	2025-06-22	高知		3.0	3歳ー4								岡村卓弥		ダ1300				1:25.1	0.5		4-4-4-3		39.8	413(-2)				15.0	曇		10.0	5.0	5.0	6.4	4.0	3	55.0	重	**	**		ボンジュールゼン																																																									
2022104283	2025-07-05	高知		5.0	3歳ー2								岡村卓弥		ダ1400				1:37.8	4.7		2-2-3-8		46.7	415(+2)					晴		10.0	8.0	10.0	33.1	5.0	10	55.0	良	**	**		ボンジュールゼン																																																									
2022104283	2025-07-20	高知		10.0	ファイナルレース(3歳)								永森大智		ダ800				0:49.7	1.5		6-6		36.5	415(0)					晴		12.0	5.0	5.0	10.0	5.0	7	55.0	不	**	**		リワードエレイン																																																									
2022104283	2025-08-02	高知		6.0	3歳ー4								永森大智		ダ1300				1:26.4	0.8		5-4-4-3		41.1	421(+6)				6.0	晴		12.0	1.0	1.0	21.9	6.0	5	55.0	良	**	**		レゲエパンチ																																																									
2022104283	2025-09-14	高知		6.0	3歳ー5								岡村卓弥		ダ1400				1:33.5	1.1		3-4-3-3		42.0	427(+6)					晴		12.0	8.0	12.0	41.3	9.0	6	55.0	重	**	**		ベルヴィオレット																																																									
2022104283	2025-09-28	高知		12.0	ファイナルレース(3歳)								岡村卓弥		ダ1300				1:24.7	-0.4		1-1-1-1		39.5	426(-1)				60.0	曇		11.0	3.0	3.0	4.6	2.0	1	55.0	不	**	**		(エクセルステート)																																																									
2022104283	2025-10-12	高知		10.0	C3ー15								永森大智		ダ1600				1:48.1	1.0		8-8-8-7		40.4	427(+1)				9.0	曇		10.0	5.0	5.0	15.5	6.0	4	55.0	稍	**	**		ノアプレスリー																																																									
2022104283	2025-10-25	高知		2.0	C3ー12								岡村卓弥		ダ1300				1:25.4	1.4		1-1-1-2		40.9	428(+1)					曇		10.0	2.0	2.0	21.3	7.0	7	55.0	不	**	**		ボンジュールゼン																																																									
2022104283	2025-11-09	高知		9.0	C3ー14								岡村卓弥		ダ1400				1:30.8	2.2		7-7-6-8		39.2	420(-8)					晴		10.0	7.0	8.0	45.3	8.0	8	55.0	不	**	**		カルリーノ																																																									
2022104283	2025-11-24	高知		6.0	C3ー16								近藤翔月		ダ1600				1:49.0	0.8		8-8-8-5		40.9	424(+4)				15.0	曇		9.0	7.0	7.0	27.4	6.0	3	53.0	良	**	**		ケルピー																																																									
2022104283	2025-12-07	高知		5.0	酒盗特別(C3)								岡村卓弥		ダ1300				1:26.7	1.8		8-8-8-7		39.9	420(-4)				15.0	晴		12.0	5.0	6.0	90.5	7.0	3	55.0	良	**	**		アルトシュタット																																																									
2022104297	2024-10-05	4新潟1		5.0	2歳新馬								河原田菜		芝1400				1:23.5	0.4		5-5	35.5-35.1	35.1	444(0)				180.0	曇		18.0	4.0	8.0	24.5	8.0	3	52.0	良	**	**		バニーラビット																																																									
2022104297	2024-10-27	4新潟8		5.0	2歳未勝利								河原田菜		芝1400				1:23.6	0.5		10-10	34.0-37.3	36.2	448(+4)					晴		11.0	5.0	5.0	16.1	5.0	6	52.0	良	**	**		イノキ																																																									
2022104297	2024-12-22	7京都8		3.0	2歳未勝利								河原田菜		芝1400				1:23.4	1.8		7-9	34.6-35.5	36.3	450(+2)					曇		18.0	6.0	11.0	42.7	13.0	11	52.0	良	**	**		ウィンストン																																																									
2022104297	2025-03-22	2中京3		5.0	3歳未勝利								河原田菜		芝1600				1:37.2	2.0		12-16-16	35.3-35.4	35.9	450(0)					晴		16.0	3.0	6.0	59.7	9.0	13	53.0	良	**	**		ツーエムクロノス																																																									
2022104297	2025-06-08	3阪神2		3.0	3歳未勝利								河原田菜		ダ1400				1:27.6	2.0		11-11	35.2-37.7	38.6	460(+10)					晴		16.0	7.0	14.0	50.6	9.0	7	53.0	良	**	**		ペイドラロワール																																																									
2022104297	2025-08-03	1札幌4		4.0	3歳未勝利								小林美駒		ダ1700				1:51.1	4.0		4-5-9-10	30.1-39.6	42.4	452(-8)					晴		14.0	6.0	9.0	31.3	9.0	10	54.0	良	**	**		ザハント																																																									
2022104297	2025-11-01	3京都10		12.0	3歳以上1勝クラス								河原田菜		芝1600				1:36.2	2.5		13-14	36.0-34.1	35.3	446(-6)					晴		15.0	2.0	3.0	472.8	15.0	15	53.0	良	**	**		オリバナム																																																									
2022104308	2024-08-03	1札幌5	晴	5.0	2歳新馬		9.0	5.0	5.0	5.8	2.0	4	藤岡佑介	55.0	芝1200		良	**	1:10.3	1.3	**	3-3	34.2-34.8	35.6	410(0)			カワキタマナレア	110.0																																																																							
2022104308	2024-08-18	2札幌4	曇	1.0	2歳未勝利		9.0	6.0	6.0	4.8	2.0	8	古川奈穂	51.0	芝1500		良	**	1:31.2	1.5	**	2-2-2	29.2-36.3	37.7	412(+2)			オーケースマイル																																																																								
2022104308	2024-10-06	4新潟2	晴	1.0	2歳未勝利		14.0	5.0	7.0	8.6	4.0	14	古川奈穂	51.0	ダ1200		稍	**	1:15.8	3.9	**	13-13	34.7-37.2	38.9	416(+4)			ブラックトルネード																																																																								
2022104308	2024-10-20	5京都6	晴	2.0	2歳未勝利		10.0	7.0	8.0	26.7	7.0	6	坂井瑠星	55.0	芝1200		稍	**	1:11.7	1.6	**	4-6	34.6-35.5	36.4	416(0)			イリフィ																																																																								
2022104308	2025-01-26	1小倉2	晴	2.0	3歳未勝利		17.0	8.0	16.0	158.6	15.0	12	古川奈穂	52.0	芝1200		良	**	1:11.1	2.0	**	7-9	34.2-34.9	36.1	418(+2)			フウセツ																																																																								
2022104308	2025-02-02	1京都2	曇	1.0	3歳未勝利		12.0	4.0	4.0	49.1	10.0	11	坂井瑠星	55.0	ダ1800		稍	**	1:59.5	3.9	**	9-8-12-12	37.1-40.0	41.3	414(-4)			デルマサクラサク																																																																								
2022104308	2025-03-29	2阪神1	晴	5.0	3歳未勝利		15.0	6.0	10.0	282.5	13.0	5	高杉吏麒	54.0	芝2000		良	**	2:03.2	0.8	**	9-8-12-13	37.1-35.5	35.3	412(-2)			ディスパラール	56.0																																																																							
2022104308	2025-04-06	2阪神4	晴	4.0	3歳未勝利		14.0	5.0	8.0	11.2	6.0	4	松山弘平	55.0	芝2400		良	**	2:27.5	0.9	**	10-10-12-10	36.2-35.5	35.3	412(0)			セイキュート	84.0																																																																							
2022104308	2025-04-26	2京都1	晴	6.0	3歳未勝利		14.0	4.0	6.0	9.6	5.0	8	坂井瑠星	55.0	芝2400		良	**	2:26.1	0.7	**	7-7-9-9	33.7-35.4	35.3	408(-4)			サイモンベローチェ																																																																								
2022104308	2025-05-17	2京都7	曇	4.0	3歳未勝利		16.0	4.0	7.0	16.7	7.0	6	森田誠也	52.0	芝2400		不	**	2:30.1	0.7	**	7-7-7-8	35.4-37.1	37.1	414(+6)			マンオブノーブル																																																																								
2022104308	2025-06-01	2京都12	晴	5.0	3歳未勝利		13.0	5.0	6.0	31.0	6.0	10	今村聖奈	53.0	芝2400		良	**	2:28.8	1.2	**	3-3-3-4	35.8-34.6	35.5	410(-4)			ジョイボーイ																																																																								
2022104308	2025-07-06	1函館8	曇	6.0	3歳未勝利		12.0	1.0	1.0	28.0	7.0	6	小林美駒	51.0	芝2000		稍	**	2:03.9	1.3	**	11-11-1-1	37.1-35.7	37.0	412(+2)			ミクニインスパイア																																																																								
2022104308	2025-07-13	1函館10	晴	6.0	3歳未勝利		15.0	3.0	5.0	41.2	7.0	7	佐々木大	55.0	芝2000		良	**	2:00.5	1.1	**	5-6-7-7	34.8-36.6	36.6	414(+2)			デルマジュテーム																																																																								
2022104308	2025-08-02	1札幌3	晴	4.0	3歳未勝利		16.0	8.0	15.0	109.2	13.0	7	古川奈穂	52.0	芝2000		良	**	2:00.5	1.0	**	8-8-7-6	34.8-35.9	36.4	412(-2)			ロパシック																																																																								
2022104308	2025-08-30	2札幌3	小雨	6.0	3歳未勝利		16.0	7.0	13.0	26.8	8.0	14	鷲頭虎太	53.0	芝2000		稍	**	2:06.8	2.9	**	5-5-4-9	35.6-38.8	40.7	420(+8)			スタードメイソン																																																																								
2022104308	2025-10-20	大井	曇	9.0	C214　15		10.0	4.0	4.0	33.7	7.0	8	本村直樹	54.0	ダ1200		稍	**	1:16.8	2.2	**	6-6	35.7-38.9	39.6	430(+10)			アスフォデロース																																																																								
2022104308	2025-11-10	大井	晴	5.0	C215　1617(C216)		14.0	6.0	10.0	304.9	14.0	14	本村直樹	54.0	ダ1600		稍	**	1:48.2	4.3	**	4-4-6-7	37.2-41.0	45.1	428(-2)			ヴィラスターリ																																																																								
2022104308	2025-12-02	大井	曇	3.0	C212　1314(C213)		16.0	3.0	6.0	647.9	16.0	10	本村直樹	54.0	ダ1200		良	**	1:16.5	2.1	**	13-13	35.3-39.1	39.3	428(0)			イマーシブ																																																																								
2022104308	2025-12-25	大井	雨	8.0	トム・アンド・ジェリ(C216)		11.0	5.0	5.0	344.1	11.0	4	本村直樹	54.0	ダ1400		重	**	1:30.2	0.9	**	4-4-4	38.1-38.6	39.0	434(+6)			バーミーズルビー	15.0																																																																							
2022104308	2026-01-13	大井	晴	8.0	C212　1314(C213)		12.0	5.0	6.0	175.5	11.0	12	本村直樹	54.0	ダ1400		良		1:32.8	2.9		10-9-9	38.8-38.2	39.9	430(-4)			ジョーアラモード																																																																								
2022104312	2025-02-22	1東京7		3.0	3歳未勝利								石橋脩		ダ1600				1:41.5	1.2		7-8	36.7-36.9	37.4	452(0)																			晴		16.0	2.0	4.0	37.9	9.0	8	57.0	良	**	**		プルシャプラ																																											
2022104312	2025-03-16	2中京2		2.0	3歳未勝利								川須栄彦		ダ1900				1:59.5	1.0		8-8-6-6	30.4-37.0	37.1	450(-2)				140.0															曇		13.0	8.0	13.0	47.1	6.0	3	57.0	重	**	**		レッドボブ																																											
2022104312	2025-03-29	2中京5		2.0	3歳未勝利								川須栄彦		ダ1900				2:01.0	0.7		10-10-9-8	30.6-38.1	37.7	440(-10)				140.0															曇		13.0	8.0	13.0	3.4	1.0	3	57.0	稍	**	**		クレスコドルフィン																																											
2022104312	2025-07-27	2新潟2		4.0	3歳未勝利								木幡巧也		ダ1800				1:53.8	-0.1		9-8-6-6	36.7-39.3	38.5	450(+10)				560.0															晴		15.0	2.0	3.0	6.6	4.0	1	57.0	良	**	**		(ヨドノタイヨウ)																																											
2022104312	2025-08-10	2新潟6		10.0	3歳以上1勝クラス								木幡巧也		ダ1800				1:53.8	1.2		10-11-9-10	36.3-38.2	38.6	450(0)																			雨		15.0	7.0	13.0	26.9	8.0	8	55.0	不	**	**		ブレトワルダ																																											
2022104312	2025-11-02	4東京11		7.0	3歳以上1勝クラス								木幡巧也		ダ1600				1:38.2	2.4		12-12	34.8-36.8	37.9	454(+4)																			曇		15.0	1.0	1.0	104.0	9.0	13	57.0	重	**	**		ジェイエルマスター																																											
2022104312	2025-11-23	5東京5		7.0	3歳以上1勝クラス								木幡巧也		ダ2100				2:15.1	2.5		12-11-12-10	31.2-37.0	38.5	454(0)																			曇		16.0	4.0	7.0	23.1	9.0	13	56.0	良	**	**		タイキインドラ																																											
2022104312	2026-01-04	1中山1		7.0	4歳以上1勝クラス								石橋脩		ダ1800				1:54.7	0.9		14-14-12-11	36.7-39.6	39.4	456(+2)				210.0															晴		16.0	1.0	1.0	106.5	11.0	3	57.0	稍	**	**		バタール																																											
2022104312	2026-01-18	1中山7		6.0	4歳以上1勝クラス								石橋脩		ダ1800				1:56.7	1.1		13-12-8-9	38.5-38.6	38.9	454(-2)				82.0																																																									晴		14.0	6.0	10.0	26.9	5.0	5	57.0	良	**	**		リラゲイル	202606010706
2022104313	2024-07-14	1函館12		5.0	2歳新馬								丹内祐次		芝1800				1:52.2	0.5		7-5-2-3	38.8-34.7	35.1	498(0)				180.0	晴		9.0	8.0	8.0	17.6	5.0	3	55.0	良	**	**		アスクシュタイン																																																									
2022104313	2024-08-31	2札幌7		2.0	2歳未勝利								横山武史		ダ1700				1:47.3	1.4		11-11-6-4	30.0-37.4	38.0	494(-4)				140.0	曇		14.0	5.0	8.0	5.6	2.0	3	55.0	重	**	**		アローオブライト																																																									
2022104313	2024-10-05	4新潟1		2.0	2歳未勝利								丹内祐次		ダ1800				1:54.5	1.0		10-10-3-3	36.3-38.4	39.1	502(+8)				140.0	曇		12.0	7.0	10.0	2.4	1.0	3	56.0	重	**	**		ダテミカヅキ																																																									
2022104313	2024-12-22	5中山8		2.0	2歳未勝利								ムーア		ダ1800				1:57.7	0.0		12-12-7-7	37.3-41.5	40.7	510(+8)				550.0	晴		16.0	6.0	12.0	4.6	2.0	1	56.0	良	**	**		(ブレトワルダ)																																																									
2022104313	2025-02-22	1東京7		9.0	フリージア賞(1勝クラス)								内田博幸		芝2000				2:01.2	0.7		5-7-7	36.5-34.3	34.2	500(-10)				111.0	曇		9.0	2.0	2.0	75.3	8.0	5	57.0	良	**	**		ヴァルキリーバース																																																									
2022104313	2025-03-23	2中山8		6.0	3歳1勝クラス								内田博幸		芝2000				2:00.8	0.8		11-12-10-10	35.6-35.8	35.5	500(0)				120.0	晴		12.0	7.0	10.0	19.2	5.0	4	57.0	良	**	**		アマキヒ																																																									
2022104313	2025-10-25	4東京8		8.0	3歳以上1勝クラス								長浜鴻緒		芝2000				2:02.2	0.7		4-3-3	37.3-33.5	33.9	530(+30)				80.0	雨		8.0	4.0	4.0	27.2	6.0	5	54.0	稍	**	**		レイニング																																																									
2022104313	2025-11-24	3福島6		9.0	磐梯山特別(1勝クラス)								丹内祐次		芝2600				2:40.3	0.5		4-4-4-4	37.8-35.5	35.8	532(+2)				111.0	曇		16.0	6.0	11.0	19.0	9.0	5	56.0	良	**	**		カーミングライツ																																																									
2022104314	2025-03-15	1阪神5		3.0	3歳未勝利								松山弘平		ダ1800				1:56.1	0.7		2-2-2-2	37.7-38.8	39.3	526(0)				84.0																																											曇		13.0	3.0	3.0	4.2	2.0	4	57.0	良	**	**		ルシタニア															
2022104314	2025-05-17	2京都7		1.0	3歳未勝利								松山弘平		ダ1800				1:52.2	-0.9		1-1-1-1	37.5-36.6	36.6	518(-8)				560.0																																											雨		10.0	4.0	4.0	2.8	2.0	1	57.0	不	**	**		(ヒシカリナン)															
2022104314	2025-07-12	2小倉5		8.0	3歳以上1勝クラス								菱田裕二		ダ1700				1:47.8	1.5		4-4-4-5	29.7-39.0	40.1	510(-8)																																															晴		16.0	5.0	9.0	5.0	2.0	12	55.0	良	**	**		バッケンレコード															
2022104314	2025-10-13	3京都5		8.0	3歳以上1勝クラス								吉村誠之		ダ1900				2:00.4	0.6		6-5-5-5	29.9-38.6	38.6	522(+12)				320.0																																											曇		13.0	7.0	11.0	5.5	2.0	2	55.0	良	**	**		ハッピーダンチャン															
2022104314	2025-10-19	3京都7		6.0	3歳以上1勝クラス								吉村誠之		ダ1800				1:52.8	0.3		3-3-2-2	36.5-37.8	37.9	516(-6)				120.0																																											曇		12.0	8.0	11.0	6.5	3.0	4	55.0	良	**	**		ミッションルース															
2022104314	2026-01-12	1京都5		8.0	4歳以上1勝クラス								吉村誠之		ダ1900				2:00.8	0.5		2-2-1-1	30.7-37.5	38.0	520(+4)				82.0																																											晴		15.0	5.0	8.0	4.2	2.0	5	57.0	良	**	**		グレイルクエスト															
2022104316	2024-12-07	7京都3		5.0	2歳新馬								三浦皇成		芝1200				1:09.9	0.2		2-2	35.2-34.5	33.8	430(0)				290.0	晴		10.0	8.0	9.0	3.9	2.0	2	56.0	良	**	**		ガンマジーティーピ																																																									
2022104316	2024-12-22	5中山8		3.0	2歳未勝利								三浦皇成		芝1200				1:10.7	0.9		16-16	33.5-36.3	35.6	436(+6)					晴		16.0	4.0	7.0	5.6	3.0	9	56.0	良	**	**		ミクストベリーズ																																																									
2022104316	2025-05-10	2東京5		5.0	3歳未勝利								三浦皇成		芝1400				1:22.8	0.7		6-7	35.1-35.2	35.2	438(+2)					曇		16.0	5.0	10.0	15.0	4.0	8	57.0	稍	**	**		ポッドロワール																																																									
2022104316	2025-05-31	2東京11		7.0	3歳1勝クラス								三浦皇成		芝1400				1:24.5	1.2		8-9	36.2-34.6	35.2	442(+4)					小雨		11.0	6.0	7.0	124.0	10.0	10	57.0	稍	**	**		パワースナッチ																																																									
2022104316	2025-07-27	1札幌2		2.0	3歳未勝利								松岡正海		芝1200				1:09.2	0.0		2-2	33.8-35.4	35.3	438(-4)				220.0	曇		14.0	6.0	10.0	29.1	8.0	2	57.0	重	**	**		キャナルクルーズ																																																									
2022104316	2025-08-24	2札幌2		6.0	3歳未勝利								松岡正海		芝1200				1:09.4	-0.1		6-7	33.3-36.1	35.6	446(+8)				560.0	晴		16.0	8.0	16.0	9.3	5.0	1	57.0	良	**	**		(サマースピリット)																																																									
2022104316	2025-09-07	4中山2		12.0	3歳以上1勝クラス								鮫島克駿		芝1200				1:08.8	-0.2		2-1	35.1-33.7	33.7	436(-10)				800.0	晴		16.0	6.0	12.0	9.0	5.0	1	56.0	良	**	**		(レッドカメリア)																																																									
2022104316	2025-09-27	4中山8		10.0	勝浦特別(2勝クラス)								津村明秀		芝1200				1:09.4	1.8		14-14	33.8-33.8	34.4	438(+2)					晴		16.0	8.0	16.0	27.9	7.0	16	56.0	良	**	**		ソーダーンライト																																																									
2022104316	2025-12-27	5中山7		9.0	ベストウィッシュC(2勝クラス)								松岡正海		芝1200				1:09.6	1.8		14-15	33.2-34.6	34.9	440(+2)					曇		16.0	8.0	16.0	76.0	11.0	15	57.0	良	**	**		アンビバレント																																																									
2022104316	2026-01-17	1京都6		12.0	4歳以上2勝クラス								高杉吏麒		芝1600				1:35.8	2.3		11-11	35.2-34.5	35.8	440(0)																																	晴		18.0	2.0	3.0	81.7	13.0	18	57.0	良				カズミクラーシュ																													
2022104362	2025-02-16	1東京6		5.0	3歳未勝利								原優介		芝1800				1:50.1	3.6		16-15-15	35.9-34.7	35.7	452(0)																																	晴		16.0	6.0	12.0	57.4	9.0	15	56.0	良	**	**		トレサフィール																													
2022104362	2025-04-22	浦和		9.0	ツインゴールド特別(3歳)								秋元耕成		ダ1400				1:32.0	2.5		9-9-5-6	37.1-39.2	41.2	450(-2)																																	晴		11.0	8.0	12.0	11.1	7.0	6	56.0	良	**	**		シナノクーパー																													
2022104362	2025-05-04	2東京4		3.0	3歳未勝利								木幡巧也		ダ1600				1:40.5	3.4		12-12	35.6-36.6	38.1	448(-2)																																	晴		16.0	6.0	11.0	245.5	10.0	11	57.0	稍	**	**		ノアヴィヴァーチェ																													
2022104362	2025-05-11	2東京6		3.0	3歳未勝利								木幡巧也		芝2000				2:00.9	0.7		10-11-10	37.1-35.3	35.2	452(+4)				56.0																													晴		12.0	8.0	12.0	376.8	10.0	5	57.0	良	**	**		ヘヴンウィンド																													
2022104362	2025-07-12	2福島5		4.0	3歳未勝利								内田博幸		芝2000				2:04.1	0.4		7-9-10-8	37.1-36.6	35.9	442(-10)				84.0																													曇		16.0	3.0	6.0	24.9	7.0	4	57.0	良	**	**		ポッポノフェスタ																													
2022104362	2025-07-27	2新潟2		10.0	3歳未勝利								丸田恭介		芝2200				2:13.4	0.7		13-13-13-13	35.8-35.1	34.0	440(-2)																																	晴		14.0	4.0	5.0	30.1	10.0	10	57.0	良	**	**		ディアボリカドンナ																													
2022104362	2025-08-24	3新潟2		3.0	3歳未勝利								木幡巧也		芝2000				2:01.6	0.4		7-7-7-7	35.9-35.1	35.0	438(-2)				220.0																													晴		17.0	4.0	8.0	14.0	6.0	2	57.0	良	**	**		マイネルアレス																													
2022104362	2025-08-30	3新潟3		6.0	3歳未勝利								木幡巧也		芝1800				1:47.5	0.0		7-7	35.5-34.9	34.3	434(-4)				560.0																													晴		18.0	7.0	13.0	7.6	3.0	1	57.0	良	**	**		(スピアッジャローザ)																													
2022104362	2025-12-27	5中山7		7.0	3歳以上1勝クラス								木幡巧也		芝2200				2:15.0	0.3		11-11-12-11	36.0-35.9	35.5	454(+20)																																	曇		18.0	4.0	8.0	41.0	13.0	6	56.0	良	**	**		ウィッシュツリー																													
2022104362	2026-01-17	1中山6		7.0	4歳以上1勝クラス								木幡巧也		芝2200				2:12.4	0.4		6-6-5-7	36.6-35.6	35.5	452(-2)				82.0																													晴		12.0	2.0	2.0	10.9	5.0	5	57.0	良				クリフハンガー																													
2022104383	2025-03-23	2中山8	晴	1.0	3歳未勝利		16.0	2.0	3.0	64.9	9.0	10	長浜鴻緒	54.0	ダ1800		稍	**	1:57.6	2.0	**	14-14-10-9	38.1-38.5	39.4	514(0)			フジレイメイ																																																																								
2022104383	2025-04-06	3中山4	曇	3.0	3歳未勝利		13.0	8.0	13.0	18.2	3.0	2	長浜鴻緒	54.0	ダ1800		稍	**	1:55.3	0.4	**	3-3-3-2	37.9-37.4	37.6	514(0)			グレイテストソング	220.0																																																																							
2022104383	2025-05-18	1新潟6	曇	3.0	3歳未勝利		13.0	6.0	9.0	2.2	1.0	5	長浜鴻緒	55.0	ダ1800		稍	**	1:57.3	1.4	**	7-7-3-2	37.6-39.8	40.9	506(-8)			レヴァンテシチー	56.0																																																																							
2022104383	2025-09-06	2札幌5	晴	6.0	3歳未勝利		14.0	2.0	2.0	5.0	2.0	4	ルメール	57.0	ダ1700		良	**	1:47.2	0.5	**	1-1-1-1	30.0-39.4	39.9	512(+6)			ライラックデューン	84.0																																																																							
2022104383	2025-10-20	盛岡	曇	8.0	C1五組		12.0	8.0	11.0	1.3	1.0	1	山本聡哉	56.0	ダ1400		稍	**	1:26.2	-0.1	**	4-1		36.5	510(-2)			(サーマル)	50.0																																																																							
2022104383	2025-11-02	盛岡	曇	10.0	赤平金剛賞(C1)		11.0	3.0	3.0	1.5	1.0	6	山本聡哉	56.0	ダ1600		重	**	1:40.3	1.0	**	2-2		38.9	509(-1)			クラリティー																																																																								
2022104383	2025-11-18	盛岡	曇	8.0	C1		11.0	2.0	2.0	1.5	1.0	3	山本聡哉	56.0	ダ1400		良	**	1:27.3	0.8	**	5-4		38.3	509(0)			ドレイク	10.0																																																																							
2022104383	2025-12-01	水沢	曇	7.0	C1		12.0	4.0	4.0	1.7	1.0	8	山本聡哉	56.0	ダ1400		稍	**	1:31.4	2.2	**	8-8-7-7		40.4	511(+2)			トレイルリッジ																																																																								
2022104387	2024-09-15	3中京4		5.0	2歳新馬								西塚洸二		芝2000				2:03.0	0.1		7-9-8-5	36.2-37.0	36.5	460(0)				290.0	曇		9.0	3.0	3.0	14.2	5.0	2	54.0	稍	**	**		スリーキングス																																																									
2022104387	2024-12-01	7京都2		2.0	2歳未勝利								西塚洸二		芝1600				1:36.5	0.5		5-4	36.4-34.3	34.4	462(+2)				140.0	晴		10.0	6.0	6.0	1.5	1.0	3	54.0	良	**	**		ブーディガ																																																									
2022104387	2024-12-22	7京都8		2.0	2歳未勝利								西村淳也		芝1600				1:35.1	0.3		2-2	34.9-36.1	36.1	468(+6)				140.0	曇		18.0	8.0	17.0	4.2	2.0	3	55.0	良	**	**		グラフィティアート																																																									
2022104387	2025-01-11	1中京3		12.0	3歳未勝利								西村淳也		芝1600				1:36.8	0.7		4-3-3	35.3-36.2	36.7	462(-6)				140.0	晴		16.0	1.0	2.0	3.4	1.0	3	55.0	良	**	**		マッドマックス																																																									
2022104387	2025-05-03	1新潟1		5.0	3歳未勝利								佐々木大		芝1400				1:23.5	1.0		1-1	34.1-36.5	37.5	464(+2)					晴		16.0	3.0	6.0	2.4	1.0	8	55.0	良	**	**		マーゴットカーラ																																																									
2022104387	2025-06-14	1函館1		4.0	3歳未勝利								横山和生		芝1800				1:48.0	2.0		8-9-7-7	34.6-35.3	36.7	468(+4)					晴		15.0	8.0	15.0	14.6	7.0	14	55.0	良	**	**		ウインベラーノ																																																									
2022104387	2025-06-29	1函館6		6.0	3歳未勝利								横山武史		芝1800				1:49.4	1.4		1-1-1-2	34.5-36.7	38.1	472(+4)					晴		16.0	3.0	5.0	8.0	4.0	11	55.0	良	**	**		サクラアドリア																																																									
2022104387	2025-07-19	1函館11		4.0	3歳未勝利								横山和生		芝1200				1:08.3	-0.3		1-1	33.9-34.4	34.4	468(-4)				560.0	晴		15.0	3.0	5.0	4.0	1.0	1	55.0	良	**	**		(マゴイチタ)																																																									
2022104387	2025-08-10	1札幌6		7.0	3歳以上1勝クラス								横山和生		芝1200				1:08.7	-0.1		3-2	33.6-35.1	34.6	462(-6)				800.0	曇		15.0	2.0	2.0	3.8	1.0	1	54.0	良	**	**		(サンポーニャ)																																																									
2022104387	2025-10-26	3京都9		8.0	壬生特別(2勝クラス)								西村淳也		芝1200				1:09.6	0.9		3-3	34.6-34.1	34.7	470(+8)					曇		14.0	3.0	4.0	6.0	3.0	14	55.0	稍	**	**		モジャーリオ																																																									
2022104387	2025-12-21	5中京6		12.0	尾張特別(2勝クラス)								富田暁		芝1400				1:23.3	1.4		3-3	34.6-35.5	36.4	468(-2)					曇		18.0	2.0	4.0	21.7	11.0	17	52.0	稍	**	**		リチャードバローズ																																																									
2022104403	2024-09-28	3中京8		5.0	2歳新馬								幸英明		芝2000				2:06.4	2.8		7-8-8-10	38.4-34.6	36.5	470(0)																																	曇		17.0	8.0	16.0	124.2	14.0	15	55.0	良	**	**		ロケベンドラ																													
2022104403	2024-12-01	4中京2		5.0	2歳未勝利								北村宏司		芝2000				2:04.4	1.7		5-5-5-3	36.3-34.5	35.9	476(+6)																																	晴		8.0	2.0	2.0	174.4	8.0	7	56.0	良	**	**		インターポーザー																													
2022104403	2025-02-23	1京都8		2.0	3歳未勝利								武藤雅		ダ1800				1:55.5	-0.2		7-7-5-5	36.9-38.9	38.2	478(+2)				560.0																													晴		16.0	6.0	11.0	11.9	4.0	1	57.0	良	**	**		(マルターズヴェロス)																													
2022104403	2025-03-08	1阪神3		4.0	3歳1勝クラス								幸英明		ダ1800				1:56.4	2.3		7-8-7-11	37.1-38.1	39.6	476(-2)																																	晴		12.0	1.0	1.0	31.9	8.0	8	57.0	良	**	**		メイショウズイウン																													
2022104403	2025-05-18	2京都8		5.0	3歳1勝クラス								幸英明		ダ1800				1:53.7	2.5		12-13-11-13	36.2-36.4	37.9	472(-4)																																	晴		13.0	7.0	10.0	68.7	13.0	13	57.0	重	**	**		タガノマカシヤ																													
2022104403	2025-10-25	3京都8		7.0	3歳以上1勝クラス								池添謙一		ダ1800				1:54.1	1.4		2-2-4-6	36.9-38.6	39.5	494(+22)																																	曇		11.0	8.0	11.0	38.4	9.0	8	56.0	良	**	**		エリカヴェネチア																													
2022104403	2025-11-15	4京都3		7.0	3歳以上1勝クラス								池添謙一		ダ1800				1:52.6	0.7		8-8-7-8	35.8-37.1	37.3	494(0)				80.0																													晴		16.0	2.0	4.0	94.4	10.0	5	56.0	良	**	**		アートレスマインド																													
2022104403	2025-12-13	5中京3		3.0	3歳以上1勝クラス								池添謙一		ダ1900				2:01.6	0.7		6-6-7-5	31.2-38.4	38.3	502(+8)				200.0																													曇		12.0	6.0	8.0	13.8	5.0	3	57.0	良	**	**		ギュルヴィ																													
2022104403	2026-01-17	1京都6		8.0	4歳以上1勝クラス								池添謙一		ダ1800				1:54.2	1.4		5-5-2-2	36.7-37.0	38.2	496(-6)				120.0																													晴		8.0	7.0	7.0	8.7	4.0	4	57.0	良				ロカヒ																													
2022104408	2024-12-08	7京都4		4.0	2歳新馬								池添謙一		ダ1400				1:28.0	1.4		5-5	36.0-37.7	38.7	520(0)				180.0	晴		16.0	4.0	8.0	11.2	4.0	3	55.0	良	**	**		ヤマニンバロネス																																																									
2022104408	2024-12-22	7京都8		1.0	2歳未勝利								酒井学		ダ1400				1:27.3	1.2		2-1	35.3-38.2	39.3	518(-2)					曇		16.0	4.0	8.0	25.5	8.0	8	55.0	良	**	**		オリージネアリア																																																									
2022104408	2025-04-19	2阪神7		1.0	3歳未勝利								酒井学		ダ1800				1:58.8	1.9		7-7-9-9	38.1-39.1	40.2	502(-16)					晴		16.0	8.0	16.0	12.9	4.0	13	55.0	良	**	**		ガールズデイアウト																																																									
2022104408	2025-05-10	2京都5		3.0	3歳未勝利								高倉稜		芝1400				1:24.0	2.2		7-9	34.4-35.7	37.1	500(-2)					曇		18.0	8.0	17.0	36.4	8.0	15	55.0	稍	**	**		クイーンズデイ																																																									
2022104408	2025-08-10	3中京6		5.0	3歳未勝利								秋山稔樹		ダ1400				1:25.9	0.0		2-2	35.5-38.4	38.3	516(+16)				220.0	曇		16.0	7.0	14.0	12.4	6.0	2	55.0	良	**	**		クインズメレンゲ																																																									
2022104408	2025-08-24	4中京2		4.0	3歳未勝利								秋山稔樹		ダ1400				1:25.5	0.5		2-2	34.6-38.5	39.0	514(-2)				220.0	晴		16.0	6.0	12.0	4.4	2.0	2	55.0	良	**	**		イーブンベター																																																									
2022104408	2025-09-07	4阪神2		3.0	3歳未勝利								秋山稔樹		ダ1400				1:25.6	0.1		1-1	34.7-38.3	38.4	520(+6)				220.0	晴		16.0	2.0	3.0	7.6	5.0	2	55.0	良	**	**		ダノンプリマ																																																									
2022104408	2025-09-14	4阪神4		4.0	3歳未勝利								秋山稔樹		ダ1200				1:12.9	0.4		2-3	35.2-37.3	37.5	514(-6)					曇		15.0	8.0	16.0	4.3	3.0	6	55.0	良	**	**		ヴィヴァシャス																																																									
2022104429	2024-08-25	2中京6	曇	5.0	2歳新馬		10.0	7.0	7.0	68.2	9.0	6	菱田裕二	55.0	芝2000		良	**	2:04.4	1.8	**	10-10-10-10	38.2-34.3	34.7	454(0)			クラウディアイ																																																																								
2022104429	2024-09-14	3中京3	晴	2.0	2歳未勝利		8.0	7.0	7.0	9.6	5.0	3	菱田裕二	55.0	ダ1800		良	**	1:55.8	2.4	**	3-3-3-3	38.3-36.6	38.7	462(+8)			メルキオル	140.0																																																																							
2022104429	2024-10-05	4新潟1	曇	2.0	2歳未勝利		12.0	8.0	11.0	5.6	4.0	6	西塚洸二	55.0	ダ1800		重	**	1:55.2	1.7	**	8-9-8-8	36.3-38.4	39.0	462(0)			ダテミカヅキ																																																																								
2022104429	2024-11-03	6京都2	晴	2.0	2歳未勝利		14.0	5.0	8.0	26.0	8.0	10	団野大成	56.0	ダ1800		重	**	2:02.1	4.8	**	13-14-14-14	36.6-41.0	43.9	472(+10)			バレンシア																																																																								
2022104429	2025-02-16	1小倉8	曇	5.0	3歳未勝利		14.0	7.0	11.0	90.6	11.0	13	小沢大仁	57.0	芝2000		良	**	2:03.3	1.0	**	7-7-12-12	36.8-36.3	36.1	490(+18)			オーシンエス																																																																								
2022104429	2025-03-01	1小倉11	曇	6.0	3歳未勝利		18.0	2.0	3.0	122.4	15.0	14	川又賢治	57.0	芝2000		良	**	2:04.1	1.4	**	16-15-16-14	36.6-35.8	36.3	482(-8)			ダノンジャイアン																																																																								
2022104429	2025-03-15	1阪神5	曇	3.0	3歳未勝利		13.0	7.0	11.0	57.2	8.0	8	高倉稜	57.0	ダ1800		良	**	1:58.0	2.6	**	9-9-10-10	37.7-38.8	40.1	476(-6)			ルシタニア																																																																								
2022104429	2025-03-29	2中京5	曇	2.0	3歳未勝利		13.0	7.0	10.0	62.6	11.0	11	和田陽希	54.0	ダ1900		稍	**	2:04.3	4.0	**	10-11-12-11	30.6-38.1	40.1	472(-4)			クレスコドルフィン																																																																								
2022104429	2025-04-06	3中山4	曇	3.0	3歳未勝利		13.0	2.0	2.0	81.1	9.0	11	原優介	57.0	ダ1800		稍	**	1:58.4	3.5	**	13-13-10-11	37.9-37.4	39.6	476(+4)			グレイテストソング																																																																								
2022104429	2025-05-24	2京都9	小雨	2.0	3歳未勝利		16.0	6.0	11.0	314.8	16.0	6	高倉稜	57.0	ダ1800		良	**	1:54.7	1.1	**	10-11-9-9	35.6-39.2	38.8	470(-6)			ヤノマスティーロ																																																																								
2022104429	2025-06-08	3阪神2	晴	4.0	3歳未勝利		15.0	7.0	13.0	70.0	9.0	6	高倉稜	57.0	ダ1800		良	**	1:56.7	1.3	**	11-11-11-10	36.9-40.2	40.1	470(0)			ゼンエスポワール																																																																								
2022104429	2025-06-14	3阪神3	小雨	3.0	3歳未勝利		16.0	7.0	13.0	65.4	10.0	8	高倉稜	57.0	ダ2000		稍	**	2:09.9	1.9	**	16-16-14-12	35.1-39.8	39.8	470(0)			ロックウイズユー																																																																								
2022104429	2025-08-03	3中京4	晴	4.0	3歳未勝利		16.0	5.0	10.0	53.9	10.0	7	高倉稜	57.0	ダ1900		良	**	2:04.7	1.5	**	15-16-2-5	31.2-37.4	38.7	466(-4)			ヴァリオーサ																																																																								
2022104429	2025-09-06	4阪神1	晴	3.0	3歳未勝利		16.0	7.0	14.0	75.0	12.0	9	高倉稜	57.0	ダ1800		重	**	1:56.9	2.6	**	16-16-16-15	37.0-39.2	39.8	470(+4)			モズプリヴェール																																																																								
2022104429	2025-10-02	園田	晴	9.0	C2一		10.0	7.0	8.0	4.0	2.0	8	小牧太	57.0	ダ1400		稍	**	1:34.7	1.5	**	9-9-9-9		41.5	474(+4)			ララベルドゥニュイ																																																																								
2022104429	2025-10-24	園田	晴	12.0	そのだ金曜ナイターフ(C2)		12.0	4.0	4.0	35.6	7.0	10	廣瀬航	57.0	ダ1700		良	**	1:59.2	2.8	**	5-5-9-9		41.4	482(+8)			ディザーヴユー																																																																								
2022104430	2024-12-22	7京都8		6.0	2歳新馬								原優介		芝1800				1:53.2	3.3		5-7	37.0-35.0	37.7	464(0)					曇		14.0	2.0	2.0	79.5	13.0	14	55.0	良	**	**		マトラコーニッシュ																																																									
2022104430	2025-03-17	名古屋		2.0	3歳8組								加藤聡一		ダ1500				1:41.6	4.2		11-10-10		42.8	457(-7)					晴		12.0	1.0	1.0	23.2	7.0	11	56.0	不	**	**		ラガマフィンガール																																																									
2022104430	2025-03-31	名古屋		2.0	3歳9組								丸山真一		ダ1500				1:40.9	1.6		1-1-2		42.2	462(+5)					曇		10.0	4.0	4.0	44.8	8.0	7	56.0	稍	**	**		チアフォーアス																																																									
2022104430	2025-04-11	名古屋		2.0	3歳7組								加藤聡一		ダ1500				1:41.1	2.2		1-1-2		41.4	463(+1)				5.8	晴		11.0	8.0	10.0	9.1	3.0	5	57.0	稍	**	**		スーパーホース																																																									
2022104430	2025-04-23	名古屋		2.0	3歳10組								小笠原羚		ダ1500				1:40.2	0.9		1-1-3		41.1	468(+5)				5.8	曇		10.0	7.0	8.0	7.8	4.0	5	53.0	不	**	**		ダイユウルージュ																																																									
2022104430	2025-05-08	名古屋		1.0	3歳9組								明星晴大		ダ1500				1:40.2	2.5		3-3-4		41.8	467(-1)					晴		11.0	8.0	11.0	50.0	9.0	8	56.0	重	**	**		エニーサンダー																																																									
2022104430	2025-05-21	名古屋		2.0	3歳9組								小笠原羚		ダ1500										466(-1)					曇		10.0	2.0	2.0			除	53.0	良	**	**		アイヅワカマツ																																																									
2022104432	2024-12-22	7京都8		6.0	2歳新馬								Ｍ．デム		芝1800				1:51.7	1.8		9-10	37.0-35.0	36.2	484(0)					曇		14.0	5.0	7.0	5.9	4.0	10	55.0	良	**	**		マトラコーニッシュ																																																									
2022104432	2025-01-13	1中京5		1.0	3歳未勝利								ルメート		ダ1800				2:01.7	4.6		2-2-2-1	37.8-39.8	44.4	484(0)					晴		16.0	2.0	4.0	11.8	7.0	14	55.0	良	**	**		マーゴットレジーナ																																																									
2022104432	2025-05-11	1新潟4		1.0	3歳未勝利								国分恭介		ダ1800				1:56.1	-0.4		3-3-3-3	37.9-38.2	38.0	488(+4)				560.0	小雨		15.0	6.0	11.0	4.8	3.0	1	55.0	稍	**	**		(シェーネアウゲン)																																																									
2022104432	2025-06-07	3阪神1		8.0	3歳以上1勝クラス								国分恭介		ダ1800				1:55.5	1.0		5-5-5-5	37.9-38.1	38.5	490(+2)				80.0	曇		9.0	7.0	7.0	14.5	4.0	5	53.0	良	**	**		ラヴァブル																																																									
2022104432	2025-08-24	3新潟2		8.0	3歳以上1勝クラス								吉田豊		ダ1800				1:52.9	0.4		3-3-3-3	36.1-38.2	38.3	488(-2)				320.0	晴		10.0	4.0	4.0	6.6	4.0	2	53.0	良	**	**		ロフティストーリー																																																									
2022104432	2025-09-15	4阪神5		7.0	3歳以上1勝クラス								西村淳也		ダ1800				1:53.7	-0.8		4-5-4-4	37.2-37.6	37.3	486(-2)				800.0	晴		13.0	7.0	11.0	3.3	2.0	1	53.0	良	**	**		(マハナ)																																																									
2022104432	2025-12-06	5中山1		10.0	鹿島特別(2勝クラス)								マーカン		ダ1800				1:53.4	0.2		3-3-3-3	37.4-38.5	38.4	484(-2)				230.0	晴		12.0	7.0	10.0	4.2	2.0	4	55.0	良	**	**		ブルータス																																																									
2022104432	2026-01-18	1中山7		8.0	4歳以上2勝クラス								戸崎圭太		ダ1800				1:54.5	0.9		7-5-4-3	36.8-38.9	39.3	488(+4)				480.0																																																									晴		16.0	7.0	14.0	2.1	1.0	2	55.0	良	**	**		レディーフランシス	202606010708
2022104440	2024-10-19	4東京5		6.0	2歳新馬								武藤雅		芝1400				1:22.9	0.0		1-1	36.6-34.2	34.2	448(0)				290.0																																											晴		17.0	4.0	7.0	45.3	8.0	2	55.0	良	**	**		コルチェスター															
2022104440	2024-12-14	4中京5		4.0	2歳未勝利								長浜鴻緒		芝1400				1:23.0	0.7		11-11	34.6-35.9	35.3	450(+2)																																															晴		18.0	2.0	3.0	4.1	2.0	6	52.0	良	**	**		コルドンブルー															
2022104440	2025-02-22	1東京7		6.0	3歳未勝利								武藤雅		芝1600				1:35.7	0.3		6-6	35.7-35.1	34.9	466(+16)																																															曇		16.0	8.0	16.0	31.8	9.0	6	55.0	良	**	**		フォルテム															
2022104440	2025-04-05	3中山3		6.0	3歳未勝利								武藤雅		ダ1200				1:11.5	0.1		2-2	34.3-37.1	37.1	452(-14)				220.0																																											晴		16.0	8.0	16.0	5.2	2.0	2	55.0	稍	**	**		アシャカトベ															
2022104440	2025-04-19	3中山7		1.0	3歳未勝利								モレイラ		ダ1200				1:11.9	0.0		3-3	34.8-37.1	37.0	456(+4)				220.0																																											晴		14.0	6.0	10.0	1.3	1.0	2	55.0	良	**	**		ドナカルナバル															
2022104440	2025-05-10	2東京5		1.0	3歳未勝利								戸崎圭太		ダ1300				1:17.2	0.0		2-2	29.8-35.5	35.4	452(-4)				560.0																																											小雨		16.0	3.0	5.0	1.2	1.0	1	55.0	重	**	**		(シルフレイ)															
2022104440	2025-08-03	2新潟4		10.0	3歳以上1勝クラス								戸崎圭太		ダ1200				1:12.1	0.0		6-6	34.9-37.2	36.8	446(-6)				320.0																																											晴		15.0	6.0	11.0	2.2	1.0	2	54.0	良	**	**		サマースイートピー															
2022104440	2025-10-19	4東京7		8.0	3歳以上1勝クラス								津村明秀		ダ1400				1:26.6	0.7		2-3	36.8-36.6	37.1	456(+10)																																															曇		15.0	6.0	11.0	5.7	4.0	8	54.0	良	**	**		ゴールドハンマー															
2022104440	2025-11-08	5東京1		7.0	3歳以上1勝クラス								津村明秀		ダ1300				1:20.4	2.5		4-4	29.5-36.5	38.6	452(-4)																																															晴		16.0	4.0	8.0	13.2	6.0	14	55.0	良	**	**		ドントゥザムーン															
2022104465	2024-08-03	2新潟3	晴	3.0	2歳新馬		15.0	6.0	11.0	155.1	12.0	8	松岡正海	55.0	ダ1800		良	**	1:58.1	3.4	**	14-14-12-11	36.3-39.8	41.0	502(0)			シンビリーブ																																																																								
2022104465	2024-08-31	3新潟7	曇	2.0	2歳未勝利		10.0	1.0	1.0	30.3	6.0	8	松岡正海	55.0	ダ1800		良	**	1:59.7	1.1	**	9-9-9-10	39.0-39.7	39.8	498(-4)			アルマグラース																																																																								
2022104465	2024-09-15	4中山4	晴	3.0	2歳未勝利		13.0	8.0	12.0	165.1	12.0	9	松岡正海	55.0	ダ1800		良	**	1:59.3	3.9	**	5-5-9-12	36.5-39.6	42.1	500(+2)			リュキア																																																																								
2022104465	2024-10-06	4東京2	曇	1.0	2歳未勝利		11.0	8.0	10.0	18.3	6.0	5	横山和生	55.0	ダ1600		重	**	1:37.7	1.0	**	6-4	35.5-36.4	37.1	500(0)			ドゥカート	55.0																																																																							
2022104465	2024-10-26	4東京7	曇	1.0	2歳未勝利		12.0	6.0	8.0	72.0	10.0	12	松岡正海	55.0	ダ1600		良	**	1:41.6	2.6	**	10-9	35.2-38.3	39.9	500(0)			クラリネットソナタ																																																																								
2022104465	2025-01-13	1中山5	晴	3.0	3歳未勝利		16.0	4.0	7.0	334.3	16.0	5	小林脩斗	53.0	ダ1800		良	**	1:58.0	2.2	**	10-10-10-11	37.1-40.1	40.9	498(-2)			キョウエイタイコ	56.0																																																																							
2022104465	2025-01-26	1中山9	晴	2.0	3歳未勝利		16.0	8.0	16.0	43.5	10.0	7	菅原明良	55.0	ダ1800		良	**	1:57.7	0.3	**	11-11-12-10	37.9-41.0	40.1	500(+2)			マーキュリーダイム																																																																								
2022104465	2025-03-16	2中山6	雨	1.0	3歳未勝利		16.0	7.0	13.0	66.3	9.0	8	小林脩斗	55.0	ダ1800		不	**	1:56.9	2.9	**	6-6-9-10	37.5-38.9	41.0	498(-2)			バラダレイナ																																																																								
2022104465	2025-04-06	3中山4	曇	1.0	3歳未勝利		13.0	1.0	1.0	85.2	9.0	1	小林脩斗	55.0	ダ1800		稍	**	1:55.5	-0.6	**	5-5-4-3	35.1-40.8	40.5	500(+2)			(ホークライト)	560.0																																																																							
2022104465	2025-05-03	1新潟1	晴	9.0	わらび賞(1勝クラス)		15.0	7.0	12.0	187.0	15.0	14	小林脩斗	55.0	ダ1800		稍	**	1:55.6	2.8	**	6-6-9-10	37.2-37.3	39.1	494(-6)			バギーウィップ																																																																								
2022104465	2025-05-18	2東京8	曇	6.0	3歳1勝クラス		16.0	7.0	14.0	256.7	16.0	15	原優介	55.0	ダ1600		重	**	1:37.2	2.5	**	15-15	34.3-36.1	37.2	498(+4)			メモリアカフェ																																																																								
2022104465	2025-12-01	水沢	曇	8.0	C1		12.0	7.0	10.0	3.7	2.0	12	村上忍	54.0	ダ1400		稍	**	1:34.1	4.1	**	12-12-12-12		40.5	492(-6)			クリノフローレンス																																																																								
2022104465	2025-12-15	水沢	曇	8.0	C1		10.0	3.0	3.0	6.9	3.0	10	村上忍	54.0	ダ1400		不	**	1:31.6	2.7	**	10-10-10-10		39.9	487(-5)			オスマン																																																																								
2022104479	2024-10-27	4東京8		5.0	2歳新馬								菅原明良		芝2000				2:03.9	2.2		8-11-11	37.2-34.0	35.2	478(0)																																	曇		15.0	8.0	14.0	49.0	8.0	11	55.0	良	**	**		アマキヒ																													
2022104479	2025-01-06	1中山2		6.0	3歳未勝利								大野拓弥		芝2000				2:04.6	1.9		1-1-1-2	37.1-35.5	37.4	490(+12)																																	曇		18.0	2.0	4.0	192.0	13.0	15	55.0	良	**	**		マイネルゼウス																													
2022104479	2025-03-01	1小倉11		7.0	3歳未勝利								石田拓郎		ダ1700				1:49.1	1.6		2-2-3-5	30.7-38.9	40.3	484(-6)				56.0																													曇		16.0	5.0	10.0	37.9	7.0	5	52.0	良	**	**		グレイスフルマーチ																													
2022104479	2025-03-29	2中京5		1.0	3歳未勝利								小崎綾也		ダ1400				1:25.2	1.2		4-3	35.4-36.6	37.5	486(+2)				84.0																													曇		16.0	3.0	6.0	40.7	8.0	4	55.0	稍	**	**		キョラムン																													
2022104479	2025-04-27	1福島6		1.0	3歳未勝利								斎藤新		ダ1150				1:08.8	-0.2		1-1	32.0-36.8	36.8	486(0)				560.0																													晴		16.0	8.0	15.0	4.2	2.0	1	55.0	良	**	**		(ジョイナーテソーロ)																													
2022104479	2025-07-13	2福島6		8.0	3歳以上1勝クラス								石田拓郎		ダ1150				1:08.9	-0.2		2-2	31.1-37.8	37.3	486(0)				800.0																													晴		15.0	2.0	2.0	3.2	1.0	1	50.0	良	**	**		(ミニョンマルーン)																													
2022104479	2025-08-09	2新潟5		10.0	3歳以上2勝クラス								遠藤汰月		ダ1200				1:12.2	1.8		3-3	34.3-36.1	37.5	488(+2)																																	晴		15.0	4.0	6.0	9.8	3.0	7	51.0	良	**	**		ドラゴンウェルズ																													
2022104479	2025-11-22	3福島5		10.0	福島放送賞(2勝クラス)								斎藤新		ダ1150				1:10.6	1.9		15-15	31.4-37.3	37.5	490(+2)																																	晴		16.0	4.0	8.0	21.0	6.0	12	55.0	良	**	**		ルージュアズライト																													
2022104479	2025-12-13	5中山3		12.0	3歳以上2勝クラス								石田拓郎		ダ1200				1:12.5	1.3		6-7	34.3-36.9	37.6	494(+4)																																	曇		13.0	4.0	5.0	26.0	7.0	9	52.0	良	**	**		シュヴァルボヌール																													
2022104479	2026-01-17	1中山6		8.0	4歳以上2勝クラス								上里直汰		ダ1200				1:13.1	1.3		4-3	33.8-38.0	39.0	498(+4)																																	晴		16.0	3.0	5.0	273.0	16.0	14	53.0	良				ゴールドハンマー																													
2022104494	2024-12-08	4中京4		5.0	2歳新馬								河原田菜		芝2000				2:04.9	1.0		8-7-7-7	35.9-35.0	35.4	396(0)																																															晴		12.0	6.0	8.0	53.0	9.0	6	52.0	良	**	**		エムズ															
2022104494	2025-04-13	1福島2		3.0	3歳未勝利								小林美駒		芝2600				2:42.6	0.9		8-8-11-11	36.9-37.2	37.0	400(+4)																																															曇		16.0	3.0	5.0	7.2	4.0	6	53.0	良	**	**		オロスコピオ															
2022104494	2025-05-04	2京都4		4.0	3歳未勝利								和田竜二		芝2000				2:01.1	0.3		1-1-1-1	36.8-34.9	35.2	394(-6)				220.0																																											晴		13.0	7.0	11.0	43.0	5.0	2	57.0	良	**	**		ダノンジョーカー															
2022104494	2025-05-18	2京都8		4.0	3歳未勝利								和田竜二		芝2000				2:01.5	0.5		3-2-2-2	37.0-35.4	35.6	392(-2)				220.0																																											晴		12.0	3.0	3.0	6.6	4.0	2	57.0	稍	**	**		キタサンハナビラ															
2022104494	2025-06-07	3阪神1		6.0	3歳未勝利								和田竜二		芝2000				2:01.5	0.4		2-2-2-2	36.3-35.3	35.5	398(+6)				56.0																																											曇		13.0	1.0	1.0	4.6	2.0	5	57.0	良	**	**		サトノソティラス															
2022104494	2025-06-29	2小倉2		3.0	3歳未勝利								高倉稜		芝2600				2:44.5	0.1		1-1-1-1	36.8-36.4	36.5	404(+6)				140.0																																											晴		16.0	1.0	1.0	3.1	1.0	3	57.0	良	**	**		サンライズロジャー															
2022104494	2025-07-20	2小倉8		4.0	3歳未勝利								和田竜二		芝2000				2:04.2	1.0		4-4-4-4	36.1-36.8	37.4	400(-4)																																															晴		18.0	1.0	1.0	6.8	3.0	12	57.0	良	**	**		サミダレナイツ															
2022104494	2025-08-24	2札幌2		4.0	3歳未勝利								武豊		芝2600				2:45.4	2.9		5-5-5-7	37.0-38.5	40.9	410(+10)																																															晴		13.0	7.0	11.0	9.3	4.0	9	57.0	良	**	**		レイデラティエラ															
2022104494	2025-10-09	笠松		8.0	居倉賞(C)								渡辺竜也		ダ1400				1:29.6	-1.1		2-1-1		39.6	425(+15)				45.0																																											晴		8.0	2.0	2.0	1.3	1.0	1	57.0	良	**	**		(サンモスクテール)															
2022104494	2025-10-22	笠松		9.0	B5組								渡辺竜也		ダ1400				1:31.0	-0.1		2-2-2		38.4	419(-6)				45.0																																											曇		8.0	8.0	8.0	1.2	1.0	1	57.0	良	**	**		(エクスシップ)															
2022104508	2024-12-22	7京都8		4.0	2歳新馬								浜中俊		ダ1800				2:02.0	7.3		4-3-2-2	37.4-38.1	45.1	470(0)					曇		13.0	4.0	4.0	5.9	2.0	12	55.0	良	**	**		タイセイドラード																																																									
2022104508	2025-01-25	1中京8		3.0	3歳未勝利								浜中俊		ダ1400				1:28.4	2.4		10-8	35.2-38.3	39.7	460(-10)					晴		16.0	5.0	9.0	24.0	7.0	10	55.0	良	**	**		ネーヴェフレスカ																																																									
2022104508	2025-04-20	1福島4		1.0	3歳未勝利								小沢大仁		ダ1150				1:10.7	1.9		5-7	31.4-37.4	39.0	460(0)				84.0	曇		16.0	5.0	10.0	56.5	7.0	4	55.0	良	**	**		ファムエレガンテ																																																									
2022104508	2025-05-17	1新潟5		2.0	3歳未勝利								小沢大仁		ダ1200				1:12.8	0.1		2-2	34.9-37.8	37.8	456(-4)				220.0	雨		15.0	7.0	13.0	19.1	6.0	2	55.0	稍	**	**		アイアンソリッド																																																									
2022104508	2025-06-01	2京都12		1.0	3歳未勝利								小沢大仁		ダ1200				1:12.8	0.5		2-2	35.2-37.1	37.4	454(-2)				220.0	晴		15.0	6.0	12.0	12.4	7.0	2	55.0	良	**	**		ペンテリコン																																																									
2022104508	2025-08-17	3中京8		9.0	3歳未勝利								小沢大仁		ダ1200				1:13.6	0.8		1-1	34.5-38.3	39.1	464(+10)					晴		16.0	1.0	1.0	6.1	4.0	8	55.0	良	**	**		リードプリンシパル																																																									
2022104533	2024-06-30	2福島2	曇	5.0	2歳新馬		16.0	1.0	1.0	133.3	16.0	8	岩部純二	55.0	芝1800		良	**	1:50.9	1.0	**	15-14-11-11	37.1-35.3	35.4	460(0)			デルアヴァー																																																																								
2022104533	2024-07-14	2福島6	晴	2.0	2歳未勝利		8.0	7.0	7.0	54.0	6.0	7	岩部純二	55.0	芝1800		良	**	1:52.2	1.5	**	3-3-4-5	36.7-36.1	37.4	460(0)			コスモキャバリエ																																																																								
2022104533	2024-07-28	2新潟2	曇	1.0	2歳未勝利		11.0	7.0	9.0	164.4	9.0	11	岩部純二	55.0	芝1400		良	**	1:22.9	2.3	**	6-6	33.9-35.2	37.1	458(-2)			アーリントンロウ																																																																								
2022104533	2024-08-25	3新潟6	曇	3.0	2歳未勝利		11.0	6.0	6.0	17.9	6.0	1	小林脩斗	53.0	芝1000		良	**	0:56.7	-0.2	**	5	33.6-33.8	33.5	458(0)			(シュラフ)	550.0																																																																							
2022104533	2024-09-07	4中山1	晴	9.0	アスター賞(1勝クラス)		8.0	7.0	7.0	41.7	5.0	8	小林脩斗	55.0	芝1600		良	**	1:34.7	1.1	**	3-3-4	35.3-34.5	35.3	462(+4)			ジャルディニエ																																																																								
2022104533	2024-11-10	3福島4	晴	9.0	福島2歳S(OP)		16.0	7.0	13.0	229.5	16.0	11	小林脩斗	56.0	芝1200		良	**	1:12.3	1.6	**	11-10	34.0-36.7	37.1	468(+6)			ポッドベイダー																																																																								
2022104533	2024-12-07	5中山3	晴	9.0	黒松賞(1勝クラス)		13.0	8.0	12.0	277.1	11.0	9	小林脩斗	56.0	芝1200		良	**	1:08.9	1.2	**	12-12	32.9-34.8	34.2	468(0)			サウスバンク																																																																								
2022104533	2024-12-21	5中山7	晴	7.0	2歳1勝クラス		16.0	6.0	12.0	217.5	15.0	9	丸田恭介	56.0	ダ1200		良	**	1:13.4	2.1	**	14-13	34.6-36.7	36.9	474(+6)			カネショウレジェン																																																																								
2022104533	2025-02-08	1東京3	晴	7.0	3歳1勝クラス		14.0	7.0	11.0	388.9	14.0	8	丸田恭介	57.0	ダ1400		良	**	1:28.0	1.7	**	14-13	35.2-38.6	38.0	470(-4)			アパッシメント																																																																								
2022104533	2025-02-16	1東京6	曇	11.0	共同通信杯(GIII)		9.0	7.0	7.0	245.9	9.0	7	丸田恭介	57.0	芝1800		良	**	1:47.7	1.7	**	8-9-9	36.4-34.2	34.3	472(+2)			マスカレードボール																																																																								
2022104533	2025-03-02	2中山2	晴	7.0	3歳1勝クラス		8.0	5.0	5.0	124.9	6.0	4	丸田恭介	57.0	芝1600		良	**	1:34.8	0.2	**	7-7-4	36.0-34.3	33.7	468(-4)			ストレイトトーカー	120.0																																																																							
2022104533	2025-04-06	3中山4	曇	7.0	3歳1勝クラス		9.0	2.0	2.0	8.7	3.0	3	丸田恭介	57.0	芝1600		良	**	1:34.6	0.4	**	9-8-4	35.7-34.5	34.2	474(+6)			ジョイフルニュース	200.0																																																																							
2022104533	2025-04-12	3中山5	晴	11.0	ニュージーランドT(GII)		14.0	1.0	1.0	220.2	13.0	11	丸田恭介	57.0	芝1600		良	**	1:33.7	1.3	**	14-14-14	34.3-34.7	33.4	476(+2)			イミグラントソング																																																																								
2022104533	2025-06-29	2福島2	晴	11.0	ラジオNIKKEI賞(GIII)		14.0	8.0	13.0	122.1	14.0	12	丸田恭介	52.0	芝1800		良	**	1:48.2	1.3	**	13-13-12-12	35.2-35.4	35.7	476(0)			エキサイトバイオ																																																																								
2022104533	2025-09-14	4中山4	曇	12.0	3歳以上1勝クラス		16.0	7.0	13.0	69.2	12.0	14	丸田恭介	56.0	芝1600		良	**	1:33.9	1.4	**	16-16-15	34.9-34.7	33.8	480(+4)			エンペラーズソード																																																																								
2022104533	2025-10-13	4東京5	曇	9.0	3歳以上1勝クラス		18.0	7.0	13.0	146.6	15.0	7	嶋田純次	56.0	芝1600		良	**	1:33.4	0.3	**	14-14	35.0-34.0	33.3	486(+6)			ダノンセンチュリー																																																																								
2022104533	2025-10-26	4東京9	曇	8.0	3歳以上1勝クラス		15.0	2.0	2.0	60.3	11.0	11	内田博幸	56.0	芝1600		稍	**	1:35.3	1.1	**	11-12	36.0-33.7	33.6	494(+8)			ラージギャラリー																																																																								
2022104533	2025-11-01	4東京10	晴	12.0	3歳以上1勝クラス		15.0	4.0	6.0	195.7	11.0	11	嶋田純次	56.0	芝1800		良	**	1:45.2	1.1	**	9-9-9	34.7-35.2	34.7	490(-4)			ベストミーエヴァー																																																																								
2022104533	2026-01-11	1中山4	晴	8.0	4歳以上1勝クラス		16.0	7.0	14.0	121.7	13.0	5	嶋田純次	57.0	芝1600		良	**	1:33.2	1.1	**	15-14-10	33.8-35.3	35.1	486(-4)			クライスレリアーナ	82.0																																																																							
2022104555	2024-06-16	4京都6		5.0	2歳新馬								岩田望来		芝1600				1:36.9	0.4		3-3	37.0-34.1	34.2	452(0)				180.0	晴		10.0	2.0	2.0	10.6	4.0	3	55.0	良	**	**		トータルクラリティ																																																									
2022104555	2024-08-24	2中京5		1.0	2歳未勝利								岩田望来		芝1600				1:35.8	0.5		5-5-5	35.8-35.5	35.5	456(+4)				83.0	晴		9.0	8.0	9.0	2.6	2.0	4	55.0	良	**	**		ラヴァブル																																																									
2022104555	2024-09-22	3中京7		3.0	2歳未勝利								岩田望来		芝1400				1:25.4	3.5		6-6	33.8-36.7	39.4	452(-4)					曇		18.0	7.0	14.0	5.0	3.0	17	55.0	良	**	**		キャッスルレイク																																																									
2022104555	2024-12-22	7京都8		2.0	2歳未勝利								岩田望来		芝1600				1:35.7	0.9		3-3	34.9-36.1	36.4	472(+20)					曇		18.0	4.0	8.0	16.1	6.0	7	56.0	良	**	**		グラフィティアート																																																									
2022104555	2025-01-26	1小倉2		6.0	3歳未勝利								斎藤新		芝2000				2:02.6	0.8		6-7-9-10	35.3-36.3	36.2	474(+2)					晴		17.0	5.0	9.0	7.7	5.0	13	57.0	良	**	**		ニホンピロデヴィン																																																									
2022104555	2025-02-08	1小倉5		7.0	3歳未勝利								河原田菜		芝2000				2:04.3	-0.1		1-1-1-1	36.8-36.7	36.7	476(+2)				560.0	雪		13.0	7.0	10.0	11.5	5.0	1	53.0	稍	**	**		(リックメイン)																																																									
2022104555	2025-04-19	2阪神7		5.0	3歳1勝クラス								河原田菜		芝2000				2:01.7	3.8		1-1-1-2	34.5-35.5	39.1	464(-12)					晴		7.0	3.0	3.0	27.2	5.0	6	53.0	良	**	**		トッピボーン																																																									
2022104555	2025-05-18	2京都8		5.0	3歳1勝クラス								古川吉洋		ダ1800				1:52.0	0.8		2-2-2-2	36.2-36.4	37.1	460(-4)					晴		13.0	8.0	12.0	58.2	12.0	7	57.0	重	**	**		タガノマカシヤ																																																									
2022104555	2025-07-12	2小倉5		8.0	3歳以上1勝クラス								田口貫太		ダ1700				1:47.5	1.2		2-2-2-2	29.7-39.0	40.0	462(+2)					晴		16.0	8.0	15.0	46.2	11.0	6	55.0	良	**	**		バッケンレコード																																																									
2022104555	2025-10-19	4新潟2		7.0	3歳以上1勝クラス								小沢大仁		芝1600				1:34.7	1.0		2-2	34.9-34.1	35.0	476(+14)					曇		18.0	8.0	18.0	22.4	8.0	11	56.0	稍	**	**		ネーブルオレンジ																																																									
2022104555	2025-11-09	3福島2		7.0	3歳以上1勝クラス								小沢大仁		芝1200				1:11.4	2.3		3-3	34.2-34.9	37.0	480(+4)					曇		16.0	8.0	15.0	29.3	8.0	16	57.0	良	**	**		ホウオウブースター																																																									
2022104559	2024-07-07	1函館10	曇	5.0	2歳新馬		10.0	8.0	10.0	74.5	9.0	9	永野猛蔵	55.0	芝1800		稍	**	1:55.4	1.4	**	2-2-2-2	38.5-35.6	37.0	446(0)			マジックサンズ																																																																								
2022104559	2024-08-04	1札幌6	曇	1.0	2歳未勝利		14.0	3.0	4.0	130.2	10.0	9	永野猛蔵	55.0	ダ1700		稍	**	1:51.1	3.6	**	7-6-6-7	30.1-39.4	41.8	452(+6)			ベルベルコンパス																																																																								
2022104559	2024-08-17	2札幌3	曇	1.0	2歳未勝利		10.0	4.0	4.0	287.2	10.0	8	永野猛蔵	55.0	芝1800		良	**	1:51.8	1.5	**	7-5-5-7	37.2-34.8	35.8	450(-2)			ショウナンサムデイ																																																																								
2022104559	2024-12-08	5中山4	晴	3.0	2歳未勝利		12.0	2.0	2.0	127.4	8.0	10	内田博幸	56.0	芝1800		良	**	1:50.7	2.3	**	1-1-1-2	37.1-34.9	37.2	466(+16)			ニシノエージェント																																																																								
2022104559	2025-04-06	3中山4	小雨	5.0	3歳未勝利		16.0	5.0	10.0	231.0	14.0	6	斎藤新	57.0	芝1600		良	**	1:35.1	0.9	**	6-10-10	35.1-35.0	35.1	462(-4)			ガーネットウインク																																																																								
2022104559	2025-05-04	2東京4	晴	4.0	3歳未勝利		15.0	4.0	7.0	238.0	14.0	3	木幡巧也	57.0	芝1600		良	**	1:33.6	0.3	**	8-9	35.2-34.8	34.3	460(-2)			アセンブリールーム	140.0																																																																							
2022104559	2025-05-25	2東京10	曇	4.0	3歳未勝利		18.0	8.0	16.0	17.1	6.0	10	幸英明	57.0	芝1600		稍	**	1:35.1	1.4	**	9-9	34.8-35.3	35.8	464(+4)			バンブルビー																																																																								
2022104559	2025-06-14	1函館1	晴	4.0	3歳未勝利		15.0	2.0	3.0	110.2	11.0	5	斎藤新	57.0	芝1800		良	**	1:47.3	1.3	**	10-10-13-13	34.6-35.3	35.4	462(-2)			ウインベラーノ	56.0																																																																							
2022104559	2025-06-29	1函館6	晴	6.0	3歳未勝利		16.0	5.0	9.0	29.9	9.0	2	斎藤新	57.0	芝1800		良	**	1:48.0	0.0	**	8-10-10-10	34.5-36.7	35.9	462(0)			サクラアドリア	220.0																																																																							
2022104559	2025-07-20	1函館12	晴	3.0	3歳未勝利		14.0	3.0	3.0	5.0	1.0	5	斎藤新	57.0	芝1800		良	**	1:48.0	0.6	**	6-6-6-6	35.8-35.0	34.9	466(+4)			ハニードレス	56.0																																																																							
2022104559	2025-08-17	1札幌8	雨	3.0	3歳未勝利		15.0	6.0	12.0	18.5	6.0	4	丹内祐次	57.0	芝2000		良	**	2:03.1	0.7	**	9-9-7-7	35.6-36.9	36.8	464(-2)			ヒルノレーダン	84.0																																																																							
2022104559	2025-08-30	2札幌3	小雨	6.0	3歳未勝利		16.0	8.0	16.0	7.7	4.0	16	丹内祐次	57.0	芝2000		稍	**	2:07.3	3.4	**	11-11-11-11	35.6-38.8	40.4	464(0)			スタードメイソン																																																																								
2022104559	2025-12-13	5中京3	曇	7.0	3歳以上1勝クラス		18.0	6.0	11.0	357.1	16.0	17	杉原誠人	56.0	芝2200		良	**	2:13.2	2.2	**	3-3-5-5	34.8-34.7	36.0	482(+18)			パフュームセント																																																																								
2022104560	2024-10-19	4東京5	晴	6.0	2歳新馬		17.0	7.0	13.0	14.2	4.0	7	団野大成	56.0	芝1400		良	**	1:23.7	0.8	**	13-12	36.6-34.2	33.7	438(0)			コルチェスター																																																																								
2022104560	2024-12-15	5中山6	晴	3.0	2歳未勝利		16.0	4.0	8.0	18.9	6.0	2	戸崎圭太	56.0	芝1600		良	**	1:34.7	0.3	**	12-14-13	35.9-35.0	34.3	442(+4)			ライラ	220.0																																																																							
2022104560	2025-01-05	1中山1	晴	5.0	3歳未勝利		16.0	6.0	11.0	5.1	2.0	2	斎藤新	57.0	芝1600		良	**	1:34.4	0.1	**	8-10-6	35.0-35.2	34.3	446(+4)			フィールドノート	220.0																																																																							
2022104560	2025-02-02	1東京2	小雨	6.0	3歳未勝利		16.0	1.0	2.0	3.7	3.0	5	横山武史	57.0	芝1600		良	**	1:36.3	0.8	**	12-11	35.9-35.1	34.8	448(+2)			プリムツァール	56.0																																																																							
2022104560	2025-02-23	1東京8	晴	4.0	3歳未勝利		15.0	8.0	16.0			除	斎藤新	57.0	芝1800		良	**			**		37.0-34.1		454(+6)			モティスフォント																																																																								
2022104560	2025-03-01	2中山1	晴	6.0	3歳未勝利		16.0	1.0	1.0	13.0	5.0	4	津村明秀	57.0	芝1800		良	**	1:48.7	0.8	**	7-7-10-9	36.1-34.4	34.3	448(0)			エンジェルブリーズ	84.0																																																																							
2022104560	2025-03-23	2中山8	晴	5.0	3歳未勝利		16.0	4.0	8.0	5.4	2.0	2	津村明秀	57.0	芝1600		良	**	1:34.4	0.0	**	2-5-2	34.9-36.1	35.7	450(+2)			ブルスカメンテ	220.0																																																																							
2022104560	2025-04-06	3中山4	小雨	5.0	3歳未勝利		16.0	1.0	1.0	1.9	1.0	3	杉原誠人	57.0	芝1600		良	**	1:34.7	0.5	**	2-4-5	35.1-35.0	35.2	450(0)			ガーネットウインク	140.0																																																																							
2022104560	2025-04-20	3中山8	曇	4.0	3歳未勝利		16.0	3.0	5.0	3.0	2.0	1	戸崎圭太	57.0	芝2000		良	**	1:59.7	-0.3	**	4-2-3-2	36.3-34.6	34.3	450(0)			(スティーヴバローズ)	560.0																																																																							
2022104560	2025-07-05	2福島3	曇	9.0	伊達特別(1勝クラス)		10.0	7.0	7.0	3.9	2.0	4	戸崎圭太	55.0	芝2000		良	**	2:02.0	0.5	**	3-3-3-2	35.2-36.4	35.9	452(+2)			タッチアンドムーブ	170.0																																																																							
2022104560	2025-08-03	2新潟4	晴	8.0	燕特別(1勝クラス)		11.0	6.0	7.0	4.3	3.0	11	戸崎圭太	55.0	芝2200		良	**	2:13.8	1.5	**	5-5-7-5	35.7-35.2	35.9	460(+8)			パッションリッチ																																																																								
2022104560	2025-09-20	4中山6	曇	7.0	3歳以上1勝クラス		18.0	7.0	15.0	4.8	3.0	10	戸崎圭太	55.0	芝2000		良	**	2:01.4	0.9	**	5-5-8-5	35.9-35.0	35.2	452(-8)			レイヤードレッド																																																																								
2022104560	2025-10-13	4東京5	曇	9.0	3歳以上1勝クラス		18.0	6.0	12.0	90.5	12.0	8	斎藤新	56.0	芝1600		良	**	1:33.4	0.3	**	11-13	35.0-34.0	33.4	454(+2)			ダノンセンチュリー																																																																								
2022104560	2025-12-21	5中京6	雨	8.0	3歳以上1勝クラス		16.0	1.0	1.0	23.0	7.0	15	斎藤新	57.0	芝1600		稍	**	1:37.3	1.5	**	12-9-8	35.9-36.3	36.4	452(-2)			ミトノオルフェ																																																																								
2022104566	2024-12-22	7京都8		4.0	2歳新馬								小沢大仁		ダ1800				2:00.5	5.8		8-8-11-11	37.4-38.1	41.5	552(0)					曇		13.0	6.0	9.0	19.7	7.0	10	54.0	良	**	**		タイセイドラード																																																									
2022104566	2025-07-13	2小倉6		3.0	3歳未勝利								河原田菜		ダ1700				1:50.9	3.1		14-14-14-14	30.3-38.9	40.4	550(-2)					曇		16.0	7.0	14.0	99.7	10.0	13	51.0	良	**	**		ハッコウイチウ																																																									
2022104566	2025-08-22	名古屋		3.0	3歳18組								望月洵輝		ダ1500				1:36.7	0.4		1-1-1		40.4	556(+6)				19.3	晴		12.0	8.0	11.0	7.6	2.0	2	55.0	良	**	**		チョウハチ																																																									
2022104566	2025-09-04	名古屋		4.0	3歳10組								塚本征吾		ダ1500				1:39.7	2.0		1-1-1		41.6	553(-3)					曇		12.0	2.0	2.0	3.0	2.0	7	55.0	良	**	**		プリティパール																																																									
2022104588	2024-09-07	3中京1	晴	5.0	2歳新馬		8.0	4.0	4.0	13.2	5.0	1	西村淳也	55.0	芝1600		良	**	1:36.5	-0.3	**	1-1-1	37.8-33.9	33.9	486(0)			(ベイリークロア)	720.0																																																																							
2022104588	2024-10-05	4東京1	小雨	11.0	サウジアラビアRC(GIII)		7.0	5.0	5.0	12.9	4.0	2	横山武史	56.0	芝1600		稍	**	1:33.1	0.1	**	7-7	34.0-35.3	34.3	486(0)			アルテヴェローチェ	1307.2																																																																							
2022104588	2024-12-15	7京都6	晴	11.0	朝日フューチュリティ(GI)		16.0	8.0	16.0	12.7	7.0	15	坂井瑠星	56.0	芝1600		良	**	1:36.3	2.2	**	9-10	35.4-33.7	35.5	486(0)			アドマイヤズーム																																																																								
2022104588	2025-01-13	1中京5	晴	11.0	日刊スポシンザン記念(GIII)		15.0	2.0	2.0	8.1	4.0	5	武豊	57.0	芝1600		良	**	1:35.4	0.8	**	2-4-3	35.1-35.8	36.3	480(-6)			リラエンブレム	410.0																																																																							
2022104588	2025-02-19	大井	晴	11.0	雲取賞競走(JpnIII)		12.0	3.0	3.0	7.1	4.0	8	吉原寛人	57.0	ダ1800		良	**	1:57.0	1.2	**	7-7-7-6	38.0-39.6	40.1	480(0)			ジャナドリア																																																																								
2022104588	2025-03-22	2中京3	晴	11.0	中スポ賞ファルコンS(GIII)		18.0	1.0	1.0	14.6	8.0	11	丸山元気	57.0	芝1400		良	**	1:22.0	1.0	**	15-14	34.4-35.0	35.0	474(-6)			ヤンキーバローズ																																																																								
2022104588	2025-04-06	2阪神4	晴	9.0	バイオレットS(OP)		15.0	3.0	5.0	64.8	14.0	13	岩田康誠	57.0	ダ1400		良	**	1:26.9	2.9	**	7-7	33.9-38.1	39.8	466(-8)			ヤマニンチェルキ																																																																								
2022104588	2025-06-21	3阪神5	晴	9.0	舞子特別(2勝クラス)		13.0	5.0	7.0	13.5	6.0	7	吉村誠之	54.0	芝1600		良	**	1:33.2	0.6	**	4-6	34.5-34.6	34.6	476(+10)			ハワイアンティアレ																																																																								
2022104588	2025-08-09	3中京5	晴	6.0	中京スポニチ賞(2勝クラス)		11.0	8.0	11.0	9.2	5.0	6	岩田康誠	55.0	芝1400		良	**	1:21.2	0.2	**	7-7	35.8-33.7	33.3	478(+2)			スリールミニョン																																																																								
2022104588	2025-08-23	3新潟1	晴	10.0	飯豊特別(2勝クラス)		17.0	4.0	7.0	5.9	2.0	12	岩田康誠	55.0	芝1400		良	**	1:21.3	0.8	**	7-7	34.2-34.9	35.0	484(+6)			ラテラルシンキング																																																																								
2022104588	2025-10-05	4東京2	曇	9.0	tvk賞(2勝クラス)		17.0	5.0	10.0	17.2	9.0	3	岩田康誠	56.0	芝1400		良	**	1:20.0	0.2	**	12-13	33.9-34.3	33.4	486(+2)			ジュドー	396.1																																																																							
2022104588	2025-10-25	4東京8	雨	9.0	精進湖特別(2勝クラス)		12.0	6.0	8.0	22.2	7.0	2	横山武史	56.0	芝1400		稍	**	1:21.4	0.0	**	7-6	35.2-34.3	33.5	484(-2)			ウイントワイライト	628.0																																																																							
2022104588	2025-11-09	5東京2	曇	12.0	3歳以上2勝クラス		18.0	7.0	14.0	4.7	2.0	1	横山武史	57.0	芝1400		良	**	1:21.4	-0.1	**	14-14	35.6-33.6	32.6	478(-6)			(ポッドロワール)	1140.0																																																																							
2022104588	2025-12-21	5阪神6	小雨	12.0	六甲アイランドS(3勝クラス)		14.0	2.0	2.0	7.2	4.0	4	坂井瑠星	57.0	芝1400		重	**	1:21.8	0.2	**	8-8	35.5-34.5	34.2	484(+6)			ディアナザール	280.0																																																																							
2022104598	2024-09-22	3中京7		5.0	2歳新馬								北村友一		芝2000				2:05.2	0.9		2-2-2-2	39.4-34.2	34.9	454(0)				110.0															小雨		11.0	8.0	11.0	33.6	9.0	4	55.0	良	**	**		サトノシャイニング																																											
2022104598	2025-02-09	1京都4		6.0	3歳未勝利								松山弘平		芝2200				2:16.6	0.9		1-1-1-1	35.2-36.4	37.3	474(+20)																			晴		13.0	1.0	1.0	4.3	3.0	6	57.0	稍	**	**		ホウオウアートマン																																											
2022104598	2025-03-02	1阪神2		6.0	3歳未勝利								北村友一		芝2000				2:02.0	0.9		9-9-8-7	35.9-35.5	35.7	466(-8)																			小雨		16.0	4.0	7.0	6.1	4.0	7	57.0	良	**	**		ジョイエッロ																																											
2022104598	2025-05-18	2京都8		4.0	3歳未勝利								吉村誠之		芝2000				2:01.7	0.7		4-4-2-2	37.0-35.4	36.0	458(-8)				140.0															晴		12.0	6.0	8.0	5.9	3.0	3	56.0	稍	**	**		キタサンハナビラ																																											
2022104598	2025-06-21	1函館3		4.0	3歳未勝利								北村友一		芝2000				2:01.8	1.6		1-1-1-1	34.7-36.8	38.4	464(+6)																			晴		16.0	3.0	6.0	12.3	4.0	12	57.0	良	**	**		アオイタケル																																											
2022104598	2025-07-06	1函館8		3.0	3歳未勝利								北村友一		ダ1700				1:46.1	0.5		12-12-10-9	29.2-38.1	37.3	456(-8)				84.0															曇		13.0	8.0	12.0	10.6	3.0	4	57.0	稍	**	**		ブレイクバウンズ																																											
2022104598	2025-07-19	1函館11		3.0	3歳未勝利								北村友一		ダ2400				2:36.3	2.1		12-12-6-6	38.1-38.0	38.9	462(+6)				56.0															曇		12.0	5.0	5.0	6.8	3.0	5	57.0	良	**	**		アルデツヨシ																																											
2022104598	2025-08-30	2札幌3		3.0	3歳未勝利								池添謙一		ダ1700				1:45.9	0.8		12-12-13-10	29.7-38.6	37.6	462(0)				84.0															小雨		14.0	3.0	4.0	14.2	5.0	4	57.0	重	**	**		オロパタジン																																											
2022104598	2025-09-06	2札幌5		6.0	3歳未勝利								佐々木大		ダ1700				1:47.8	1.1		7-7-6-7	30.0-39.4	40.1	462(0)																			晴		14.0	4.0	6.0	12.4	6.0	9	57.0	良	**	**		ライラックデューン																																											
2022104598	2025-11-08	4京都1		12.0	3歳以上1勝クラス								Ｃ．デム		芝2000				2:01.0	0.1		12-12-10-9	36.7-34.4	33.7	462(0)				320.0															晴		14.0	2.0	2.0	34.3	8.0	2	56.0	良	**	**		ノーランサンライズ																																											
2022104598	2025-11-23	4京都6		7.0	3歳以上1勝クラス								坂井瑠星		芝2400				2:25.3	1.4		16-16-15-13	34.4-34.5	34.9	462(0)																			晴		18.0	2.0	3.0	18.4	8.0	13	56.0	良	**	**		ウインデイジー																																											
2022104598	2026-01-18	1京都7		8.0	4歳以上1勝クラス								松山弘平		芝2400				2:27.4	0.8		12-11-2-2	36.7-36.0	36.6	468(+6)																																																													晴		12.0	8.0	11.0	21.5	8.0	6	57.0	良	**	**		オメガナビゲーター	202608010708
2022104600	2024-10-19	5京都5		5.0	2歳新馬								北村友一		芝1400				1:23.6	0.9		12-12	34.8-36.2	35.7	508(0)																																															曇		14.0	8.0	13.0	3.9	2.0	7	56.0	稍	**	**		アクルクス															
2022104600	2024-12-08	7京都4		1.0	2歳未勝利								北村友一		ダ1400				1:26.3	0.8		2-3	35.2-37.7	38.3	508(0)				220.0																																											晴		11.0	8.0	11.0	4.4	2.0	2	56.0	良	**	**		ベルジュロネット															
2022104600	2024-12-21	7京都7		2.0	2歳未勝利								北村友一		ダ1200				1:12.8	-0.3		1-1	35.7-37.1	37.1	508(0)				550.0																																											曇		16.0	3.0	5.0	2.2	1.0	1	56.0	良	**	**		(ドナポンド)															
2022104600	2025-01-19	1中山7		6.0	3歳1勝クラス								斎藤新		ダ1200				1:12.0	0.3		4-4	34.3-37.4	37.4	504(-4)				200.0																																											曇		16.0	5.0	10.0	6.5	3.0	3	57.0	良	**	**		エコロアゼル															
2022104600	2025-04-20	2阪神8		6.0	3歳1勝クラス								鮫島克駿		ダ1200				1:14.3	1.6		6-5	35.1-37.6	38.7	502(-2)																																															曇		16.0	4.0	8.0	4.7	2.0	12	57.0	良	**	**		フェデラー															
2022104600	2025-06-29	2小倉2		8.0	3歳以上1勝クラス								亀田温心		ダ1000				0:59.2	1.3		3-4	34.0-35.4	36.5	498(-4)																																															晴		14.0	8.0	14.0	14.2	6.0	8	55.0	良	**	**		ディーエスショウマ															
2022104600	2025-08-31	4中京4		12.0	3歳以上1勝クラス								北村友一		ダ1200				1:11.8	0.0		3-3	34.6-37.2	37.0	500(+2)				320.0																																											晴		13.0	4.0	5.0	5.0	3.0	2	56.0	良	**	**		コシュデリ															
2022104600	2025-09-28	4阪神9		6.0	3歳以上1勝クラス								西村淳也		ダ1200				1:11.9	0.4		4-4	35.1-36.4	36.6	500(0)				200.0																																											晴		16.0	6.0	11.0	3.1	1.0	3	56.0	良	**	**		ウルスクローム															
2022104600	2025-11-16	4京都4		6.0	3歳以上1勝クラス								Ｃ．デム		ダ1200				1:11.7	0.3		5-5	35.2-36.2	35.9	508(+8)				200.0																																											晴		16.0	8.0	15.0	2.4	2.0	3	57.0	良	**	**		バッハアルプゼー															
2022104600	2025-12-20	5阪神5		8.0	3歳以上1勝クラス								Ｃ．デム		ダ1200				1:11.9	0.2		5-3	35.0-36.7	36.6	516(+8)				320.0																																											晴		13.0	6.0	8.0	2.4	1.0	2	57.0	良	**	**		メイショウドライブ															
2022104600	2026-01-04	1京都1		8.0	4歳以上1勝クラス								北村友一		ダ1200				1:12.6	0.0		2-2	36.3-36.3	36.0	516(0)				820.0																																											曇		16.0	6.0	11.0	3.4	2.0	1	58.0	良	**	**		(ロードヴァルカン)															
2022104611	2024-09-16	4中山5		5.0	2歳新馬								佐々木大		芝1600				1:36.0	0.2		4-3-3	36.6-34.9	34.6	446(0)				180.0	曇		10.0	3.0	3.0	3.7	2.0	3	55.0	良	**	**		レーヴブリリアント																																																									
2022104611	2024-10-06	5京都2		2.0	2歳未勝利								シュタル		芝1400				1:22.4	1.1		12-12	34.1-35.4	35.2	442(-4)					晴		14.0	6.0	9.0	6.9	4.0	11	56.0	良	**	**		ランフォーヴァウ																																																									
2022104611	2024-12-22	7京都8		3.0	2歳未勝利								Ｍ．デム		芝1400				1:23.1	1.5		14-14	34.6-35.5	35.5	446(+4)					曇		18.0	7.0	15.0	22.1	9.0	9	56.0	良	**	**		ウィンストン																																																									
2022104611	2025-03-09	1阪神4		5.0	3歳未勝利								吉村誠之		芝1600				1:34.6	0.7		10-10	35.5-34.4	34.4	444(-2)					晴		17.0	5.0	10.0	23.3	8.0	6	55.0	良	**	**		ホーリーノット																																																									
2022104611	2025-06-28	2小倉1		4.0	3歳未勝利								吉村誠之		芝1800				1:47.9	0.7		10-10-9-7	35.1-36.7	36.3	442(-2)				84.0	晴		16.0	4.0	7.0	22.4	6.0	4	56.0	良	**	**		ラトラース																																																									
2022104611	2025-07-19	2小倉7		4.0	3歳未勝利								吉村誠之		芝1800				1:51.6	0.7		4-3-3-3	37.7-36.4	36.9	442(0)					晴		16.0	5.0	9.0	3.3	1.0	7	56.0	稍	**	**		レインオンミー																																																									
2022104611	2025-08-03	3中京4		5.0	3歳未勝利								酒井学		芝1600				1:33.9	0.6		13-12-12	35.3-34.9	34.5	438(-4)					晴		16.0	5.0	9.0	29.3	7.0	8	57.0	良	**	**		ビップディラン																																																									
2022104611	2025-08-17	3中京8		11.0	3歳未勝利								吉村誠之		芝1600				1:33.8	0.3		7-6-5	35.2-35.2	35.0	444(+6)				56.0	晴		15.0	8.0	14.0	30.0	9.0	5	56.0	良	**	**		コスモグローリー																																																									
2022104611	2025-09-06	4阪神1		4.0	3歳未勝利								吉村誠之		芝1600				1:33.0	0.4		15-16	34.5-34.7	33.8	444(0)				140.0	晴		18.0	3.0	6.0	28.3	10.0	3	56.0	良	**	**		パスコード																																																									
2022104611	2025-09-13	4阪神3		7.0	3歳未勝利								団野大成		芝1800				1:45.7	0.3		8-11	34.3-35.0	34.4	442(-2)				84.0	曇		18.0	3.0	6.0	38.8	11.0	4	57.0	良	**	**		エンベッカ																																																									
2022104611	2025-11-08	5東京1		12.0	3歳以上1勝クラス								北村宏司		芝1600				1:35.6	2.1		8-4	36.6-33.5	35.2	446(+4)					晴		14.0	7.0	12.0	30.2	9.0	13	57.0	良	**	**		ダノンエンブレム																																																									
2022104613	2024-10-19	4東京5		5.0	2歳新馬								北村宏司		芝2000				2:03.7	1.3		11-11-9	37.9-34.2	34.7	500(0)					晴		13.0	8.0	13.0	30.8	5.0	7	56.0	良	**	**		キングノジョー																																																									
2022104613	2024-12-22	5中山8		2.0	2歳未勝利								横山武史		ダ1800				2:00.2	2.5		15-15-16-16	37.3-41.5	41.9	512(+12)					晴		16.0	5.0	10.0	17.8	7.0	14	56.0	良	**	**		ドーバーブライト																																																									
2022104613	2025-02-22	1東京7		5.0	3歳未勝利								武藤雅		芝2400				2:30.0	1.5		11-11-11-12	36.3-34.9	35.5	512(0)					曇		18.0	2.0	3.0	128.8	13.0	13	57.0	良	**	**		ダノンピクチャー																																																									
2022104629	2025-04-19	1福島3		2.0	3歳未勝利								武藤雅		芝1200				1:10.2	1.3		13-14	34.1-34.8	34.6	460(0)																																	晴		16.0	2.0	3.0	21.4	6.0	7	55.0	良	**	**		デボラ																													
2022104629	2025-06-28	2福島1		8.0	3歳未勝利								武藤雅		芝1200				1:08.9	-0.1		3-3	33.1-35.8	35.6	450(-10)				560.0																													晴		16.0	2.0	4.0	5.2	2.0	1	55.0	良	**	**		(ルシェロアズーリ)																													
2022104629	2025-08-30	3新潟3		9.0	新発田城特別(1勝クラス)								武藤雅		芝1400				1:22.1	1.4		9-9	34.1-35.0	35.3	446(-4)																																	晴		18.0	4.0	7.0	29.2	8.0	11	53.0	良	**	**		ポッドロワール																													
2022104629	2025-11-08	3福島1		7.0	3歳以上1勝クラス								武藤雅		芝1200				1:08.0	0.0		4-3	33.3-34.7	34.3	448(+2)				800.0																													晴		16.0	3.0	5.0	17.1	7.0	1	55.0	良	**	**		(ダガーリング)																													
2022104629	2026-01-17	1中山6		12.0	4歳以上2勝クラス								武藤雅		芝1200				1:08.5	0.5		5-5	34.3-33.7	33.8	446(-2)																																	晴		16.0	4.0	7.0	20.7	9.0	10	56.0	良				カンシン																													
2022104637	2024-06-02	3東京2		6.0	2歳新馬								横山武史		芝1400				1:23.7	0.8		1-1	36.7-33.8	34.6	414(0)				110.0																													曇		9.0	4.0	4.0	8.0	3.0	4	55.0	稍	**	**		スターウェーブ																													
2022104637	2024-07-06	2福島3		1.0	2歳未勝利								菅原明良		芝1200				1:10.1	-0.2		1-1	34.3-35.8	35.8	416(+2)				550.0																													曇		8.0	2.0	2.0	1.6	1.0	1	55.0	良	**	**		(ニシノコイブミ)																													
2022104637	2024-09-01	2中京8		11.0	小倉2歳S(GIII)								丸田恭介		芝1200				1:09.9	0.9		6-7	34.5-34.5	34.8	418(+2)																																	曇		13.0	5.0	7.0	107.2	13.0	8	55.0	重	**	**		エイシンワンド																													
2022104637	2024-11-10	3福島4		9.0	福島2歳S(OP)								丸田恭介		芝1200				1:11.5	0.8		13-14	34.0-36.7	36.2	422(+4)																																	晴		16.0	7.0	14.0	63.9	12.0	7	56.0	良	**	**		ポッドベイダー																													
2022104637	2025-01-13	1中山5		7.0	3歳1勝クラス								三浦皇成		芝1200				1:09.7	0.4		2-2	34.7-34.6	34.8	434(+12)				80.0																													晴		11.0	7.0	9.0	37.6	8.0	5	57.0	良	**	**		モジャーリオ																													
2022104637	2025-03-02	1小倉12		9.0	あざみ賞(1勝クラス)								黛弘人		芝1200				1:11.3	0.8		15-15	34.1-36.4	36.0	430(-4)																																	曇		18.0	7.0	15.0	19.6	6.0	10	57.0	重	**	**		ベイビーキッス																													
2022104637	2025-05-11	1新潟4		9.0	ゆきつばき賞(1勝クラス)								長浜鴻緒		芝1200				1:11.9	1.4		10-11	33.9-36.6	37.1	438(+8)																																	曇		13.0	4.0	5.0	24.3	10.0	9	57.0	稍	**	**		オンザブルースカイ																													
2022104637	2025-09-21	4中山7		6.0	3歳以上1勝クラス								鮫島克駿		ダ1200				1:13.3	2.6		2-2	33.4-37.3	39.7	434(-4)																																	晴		16.0	7.0	13.0	19.2	7.0	13	56.0	良	**	**		チャロ																													
2022104637	2025-11-09	3福島2		7.0	3歳以上1勝クラス								杉原誠人		芝1200				1:09.1	-0.2		3-3	34.2-34.9	34.7	438(+4)				800.0																													曇		16.0	4.0	7.0	30.7	9.0	1	57.0	良	**	**		(ピアストイヤーズ)																													
2022104637	2026-01-17	1中山6		12.0	4歳以上2勝クラス								杉原誠人		芝1200				1:08.4	0.4		2-2	34.3-33.7	34.0	448(+10)																																	晴		16.0	7.0	14.0	86.9	13.0	8	58.0	良				カンシン																													
2022104641	2024-12-22	7京都8		6.0	2歳新馬								西村淳也		芝1800				1:50.4	0.5		9-10	37.0-35.0	34.7	452(0)				180.0	曇		14.0	3.0	4.0	34.4	10.0	3	55.0	良	**	**		マトラコーニッシュ																																																									
2022104641	2025-02-01	1京都1		6.0	3歳未勝利								西村淳也		芝1800				1:50.3	3.2		4-4	35.5-35.5	37.8	448(-4)					曇		10.0	5.0	5.0	8.2	4.0	9	55.0	良	**	**		フェアリーライク																																																									
2022104641	2025-05-04	2京都4		3.0	3歳未勝利								団野大成		芝1400				1:22.6	1.2		10-10	34.6-34.9	35.1	446(-2)					晴		18.0	7.0	15.0	17.7	10.0	11	55.0	良	**	**		サンタンカ																																																									
2022104641	2025-05-17	2京都7		2.0	3歳未勝利								幸英明		ダ1900				2:05.8	7.0		9-9-10-10	29.5-37.0	42.7	456(+10)					雨		10.0	1.0	1.0	24.0	6.0	10	55.0	不	**	**		クロノスバレット																																																									
2022104641	2025-07-26	1札幌1		4.0	3歳未勝利								森田誠也		芝1500				1:29.4	1.9		4-3-5	29.2-35.0	36.5	456(0)					曇		14.0	7.0	12.0	61.9	11.0	10	52.0	良	**	**		シンヒダカゴールド																																																									
2022104644	2024-07-07	3小倉4	晴	6.0	2歳新馬		7.0	2.0	2.0	7.6	4.0	6	武豊	55.0	芝1200		良	**	1:13.3	3.1	**	7-7	34.9-35.3	34.3	482(0)			スリールミニョン																																																																								
2022104644	2024-10-06	5京都2	晴	2.0	2歳未勝利		14.0	4.0	6.0	103.1	9.0	9	中井裕二	55.0	芝1400		良	**	1:22.0	0.7	**	10-10	34.1-35.4	34.9	494(+12)			ランフォーヴァウ																																																																								
2022104644	2024-10-26	4東京7	曇	1.0	2歳未勝利		12.0	4.0	4.0	16.7	6.0	6	津村明秀	55.0	ダ1600		良	**	1:40.3	1.3	**	1-1	35.2-38.3	39.6	482(-12)			クラリネットソナタ																																																																								
2022104644	2025-03-08	1阪神3	晴	1.0	3歳未勝利		16.0	7.0	14.0	9.2	6.0	3	吉田隼人	55.0	ダ1400		良	**	1:27.3	0.2	**	5-5	35.2-39.1	39.0	494(+12)			リアルクィーン	140.0																																																																							
2022104644	2025-03-23	2中京4	晴	1.0	3歳未勝利		16.0	2.0	4.0	4.2	2.0	5	吉田隼人	55.0	ダ1200		良	**	1:13.7	0.8	**	6-6	35.2-37.7	38.2	490(-4)			セレジェイラ	56.0																																																																							
2022104644	2025-04-06	2阪神4	晴	1.0	3歳未勝利		16.0	7.0	14.0	5.2	2.0	3	丹内祐次	55.0	ダ1200		良	**	1:14.1	0.7	**	3-3	35.5-37.9	38.3	488(-2)			バシリス	140.0																																																																							
2022104644	2025-05-03	1新潟1	晴	3.0	3歳未勝利		15.0	7.0	13.0	6.7	3.0	2	佐々木大	55.0	ダ1200		稍	**	1:12.1	0.2	**	1-1	34.4-37.5	37.7	484(-4)			テイエムパイロット	220.0																																																																							
2022104644	2025-06-01	2京都12	晴	1.0	3歳未勝利		15.0	7.0	13.0	3.7	2.0	1	藤岡佑介	55.0	ダ1200		良	**	1:12.3	-0.5	**	3-3	35.2-37.1	36.6	482(-2)			(フラッシュケリー)	560.0																																																																							
2022104644	2025-07-06	2小倉4	晴	8.0	3歳以上1勝クラス		14.0	7.0	12.0	10.1	5.0	10	吉村誠之	52.0	ダ1000		良	**	0:59.2	1.3	**	5-6	34.0-35.3	36.2	480(-2)			ファムエレガンテ																																																																								
2022104644	2025-09-07	4阪神2	晴	6.0	3歳以上1勝クラス		15.0	2.0	2.0	26.8	9.0	3	横山武史	54.0	ダ1400		良	**	1:24.7	0.7	**	3-3	33.8-37.9	38.3	478(-2)			ポートデラメール	200.0																																																																							
2022104644	2025-09-28	4阪神9	晴	6.0	3歳以上1勝クラス		16.0	5.0	10.0	6.3	2.0	7	浜中俊	54.0	ダ1200		良	**	1:12.2	0.7	**	12-9	35.1-36.4	36.3	478(0)			ウルスクローム																																																																								
2022104644	2025-12-07	5阪神2	晴	7.0	3歳以上1勝クラス		11.0	3.0	3.0	4.1	2.0	2	プーシャ	55.0	ダ1200		良	**	1:12.7	0.1	**	5-5	34.8-37.8	37.3	488(+10)			モンテディアーナ	320.0																																																																							
2022104644	2026-01-04	1京都1	曇	8.0	4歳以上1勝クラス		16.0	8.0	15.0	12.7	6.0	4	武豊	56.0	ダ1200		良	**	1:13.1	0.5	**	8-6	36.3-36.3	35.8	484(-4)			イマージョン	120.0																																																																							
2022104653	2024-10-20	5京都6		3.0	2歳新馬								坂井瑠星		ダ1200				1:14.5	2.3		6-6	35.9-36.3	36.9	436(0)				110.0	晴		16.0	6.0	11.0	11.1	5.0	4	55.0	稍	**	**		フェデラー																																																									
2022104653	2024-12-07	7京都3		1.0	2歳未勝利								坂井瑠星		ダ1400				1:29.1	0.8		2-2	36.6-38.6	39.2	426(-10)				83.0	晴		13.0	6.0	9.0	24.5	5.0	4	55.0	良	**	**		ヒミノエトワール																																																									
2022104653	2024-12-22	7京都8		1.0	2歳未勝利								吉村誠之		ダ1400				1:27.2	1.1		5-6	35.3-38.2	38.9	420(-6)					曇		16.0	6.0	11.0	102.3	11.0	7	53.0	良	**	**		オリージネアリア																																																									
2022104653	2025-03-16	1阪神6		1.0	3歳未勝利								田山旺佑		ダ1200				1:14.9	1.9		5-6	35.9-37.1	38.2	424(+4)					小雨		16.0	4.0	8.0	50.0	10.0	8	52.0	稍	**	**		モンテディアーナ																																																									
2022104653	2025-04-19	2阪神7		1.0	3歳未勝利								田山旺佑		ダ1800				1:57.5	0.6		3-3-4-5	38.1-39.1	39.3	418(-6)					晴		16.0	2.0	4.0	110.0	12.0	6	52.0	良	**	**		ガールズデイアウト																																																									
2022104653	2025-06-28	2小倉1		3.0	3歳未勝利								小崎綾也		ダ1700				1:46.4	0.1		2-2-4-2	29.3-39.4	39.2	424(+6)				140.0	晴		16.0	2.0	3.0	26.0	7.0	3	55.0	良	**	**		カルドウェル																																																									
2022104653	2025-07-05	2小倉3		2.0	3歳未勝利								松山弘平		ダ1700				1:48.0	0.6		5-5-4-2	30.2-38.2	38.1	420(-4)				140.0	晴		16.0	4.0	8.0	8.2	3.0	3	55.0	良	**	**		ヴォルクメア																																																									
2022104653	2025-08-16	1札幌7		2.0	3歳未勝利								キング		ダ1700				1:48.8	2.5		5-8-5-12	29.9-38.8	40.7	420(0)					晴		14.0	4.0	5.0	4.3	2.0	8	55.0	良	**	**		サウンドルーチェ																																																									
2022104653	2026-01-03	名古屋		7.0	無病息災を願う黒豆賞(C)								細川智史		ダ1400				1:30.6	-0.4		1-1-1		40.3	444(+24)				55.0	曇		12.0	5.0	5.0	3.2	2.0	1	55.0	稍	**	**		(カフジジャワ)																																																									
2022104654	2024-10-12	5京都3	晴	5.0	2歳新馬		13.0	7.0	10.0	3.5	3.0	11	ルメール	56.0	芝2000		良	**	2:02.8	2.1	**	6-6-8-8	37.3-34.2	35.6	506(0)			ナグルファル																																																																								
2022104654	2024-12-21	7京都7	曇	3.0	2歳未勝利		16.0	5.0	10.0	4.1	2.0	7	Ｃ．デム	56.0	ダ1800		良	**	1:55.9	1.7	**	7-7-9-7	36.6-39.1	40.0	522(+16)			ロードシュヴァリエ																																																																								
2022104654	2025-01-13	1中京5	晴	3.0	3歳未勝利		16.0	1.0	2.0	10.6	5.0	1	藤岡佑介	57.0	ダ1900		良	**	2:02.4	-0.3	**	1-1-1-1	30.4-38.8	38.8	520(-2)			(オーレアミスト)	560.0																																																																							
2022104654	2025-03-15	1阪神5	小雨	9.0	ゆきやなぎ賞(1勝クラス)		12.0	8.0	12.0	44.4	9.0	11	藤岡佑介	57.0	芝2400		良	**	2:28.2	3.6	**	1-1-1-1	36.1-34.8	38.4	524(+4)			ゲルチュタール																																																																								
2022104654	2025-04-06	2阪神4	晴	5.0	3歳1勝クラス		14.0	6.0	9.0	37.6	8.0	13	鮫島克駿	57.0	ダ1800		良	**	1:56.1	3.4	**	5-5-2-2	36.5-38.2	41.4	526(+2)			テスティモーネ																																																																								
2022104654	2025-07-26	3中京1	晴	10.0	3歳以上1勝クラス		11.0	3.0	3.0	19.9	7.0	5	岩田康誠	55.0	ダ1800		良	**	1:54.0	0.5	**	3-3-4-4	37.9-38.4	38.4	534(+8)			メイショウソウセキ	80.0																																																																							
2022104654	2025-08-16	3中京7	晴	10.0	3歳以上1勝クラス		8.0	6.0	6.0	7.6	4.0	4	バデル	55.0	ダ1800		良	**	1:55.6	2.9	**	1-1-1-1	36.9-38.4	41.3	530(-4)			テーオーライマン	120.0																																																																							
2022104654	2025-10-19	3京都7	曇	6.0	3歳以上1勝クラス		12.0	7.0	10.0	40.4	6.0	6	北村友一	56.0	ダ1800		良	**	1:53.1	0.6	**	9-9-7-5	36.5-37.8	37.9	534(+4)			ミッションルース																																																																								
2022104654	2025-11-09	4京都2	雨	6.0	3歳以上1勝クラス		16.0	1.0	1.0	52.6	10.0	9	北村友一	56.0	ダ1800		重	**	1:51.1	1.5	**	1-1-1-1	35.0-37.7	39.2	532(-2)			ブルーワール																																																																								
2022104691	2025-01-11	1中山3	晴	5.0	3歳新馬		18.0	8.0	18.0	22.0	7.0	14	丸山元気	57.0	芝2000		良	**	2:05.2	1.1	**	11-11-7-9	37.6-36.1	36.8	488(0)			エナジーショット																																																																								
2022104691	2025-04-06	3中山4	曇	1.0	3歳未勝利		13.0	4.0	5.0	9.9	3.0	4	荻野極	57.0	ダ1800		稍	**	1:57.0	1.5	**	13-13-13-13	35.1-40.8	39.9	474(-14)			キタノラブミー	84.0																																																																							
2022104691	2025-06-08	3東京2	曇	2.0	3歳未勝利		16.0	6.0	11.0	4.5	3.0	1	矢野貴之	57.0	ダ2100		良	**	2:12.6	-0.1	**	13-13-13-11	30.3-38.9	37.9	474(0)			(マブアンドフェール)	560.0																																																																							
2022104691	2025-10-13	4東京5	曇	7.0	3歳以上1勝クラス		16.0	2.0	4.0	14.1	8.0	7	荻野極	56.0	ダ2100		良	**	2:13.7	0.6	**	14-16-16-16	31.0-39.1	37.9	490(+16)			コスモコンフェルマ																																																																								
2022104722	2024-07-28	2新潟2		4.0	2歳新馬								川田将雅		芝1600				1:35.6	0.1		4-3	36.0-34.4	34.2	502(0)				290.0																													曇		12.0	5.0	5.0	2.1	1.0	2	55.0	良	**	**		プロクレイア																													
2022104722	2024-09-21	4中山6		2.0	2歳未勝利								ルメール		芝1600				1:33.4	0.4		3-2-2	34.9-34.3	34.5	498(-4)				140.0																													曇		13.0	7.0	10.0	1.5	1.0	3	55.0	良	**	**		ロードリベラシオン																													
2022104722	2024-10-27	4東京8		3.0	2歳未勝利								ルメール		芝1400				1:20.9	0.2		1-1	34.3-34.7	34.9	502(+4)				220.0																													晴		11.0	7.0	8.0	1.7	1.0	2	56.0	良	**	**		チューラワンサ																													
2022104722	2025-05-31	2東京11		3.0	3歳未勝利								レーン		芝1400				1:23.2	0.1		1-1	34.9-36.5	36.6	508(+6)				140.0																													雨		18.0	5.0	9.0	1.6	1.0	3	57.0	稍	**	**		メイリー																													
2022104722	2025-07-26	2新潟1		12.0	3歳未勝利								戸崎圭太		芝1400				1:21.3	0.5		1-1	33.7-35.8	36.3	502(-6)																																	晴		17.0	7.0	13.0	1.7	1.0	7	57.0	良	**	**		ポッドロルフ																													
2022104722	2025-09-13	4中山3		3.0	3歳未勝利								杉原誠人		ダ1200				1:10.6	-0.4		2-2	33.8-36.8	36.7	504(+2)				560.0																													曇		16.0	2.0	4.0	5.3	2.0	1	57.0	不	**	**		(スイートロータス)																													
2022104722	2025-12-20	5中山5		8.0	3歳以上1勝クラス								杉原誠人		ダ1200				1:10.5	-0.7		1-1	33.6-36.9	36.9	506(+2)				800.0																													曇		16.0	1.0	1.0	4.2	2.0	1	57.0	良	**	**		(ピコテンダー)																													
2022104722	2026-01-17	1中山6		8.0	4歳以上2勝クラス								杉原誠人		ダ1200				1:12.6	0.8		2-2	33.8-38.0	38.7	506(0)																																	晴		16.0	6.0	12.0	1.8	1.0	9	58.0	良				ゴールドハンマー																													
2022104725	2024-08-24	2札幌5		5.0	2歳新馬								ティータ		ダ1700				1:55.0	5.0		11-12-12-12	30.4-39.4	42.6	520(0)					晴		12.0	3.0	3.0	61.9	7.0	12	55.0	良	**	**		グランジョルノ																																																									
2022104725	2024-12-22	5中山8		4.0	2歳未勝利								横山和生		芝2000				2:01.6	0.3		2-4-4-5	36.4-36.1	36.1	522(+2)				220.0	晴		18.0	3.0	6.0	175.3	11.0	2	56.0	良	**	**		ロジャリーマイン																																																									
2022104725	2025-01-13	1中山5		6.0	3歳未勝利								横山和生		芝2200				2:14.6	0.0		5-7-6-6	36.7-36.7	36.2	520(-2)				560.0	晴		17.0	5.0	9.0	3.8	2.0	1	57.0	良	**	**		(イフルジャンス)																																																									
2022104725	2025-03-01	2中山1		9.0	水仙賞(1勝クラス)								横山琉人		芝2200				2:17.2	0.7		10-9-13-12	36.0-34.7	34.5	518(-2)					晴		13.0	8.0	12.0	11.1	6.0	6	57.0	良	**	**		エーオーキング																																																									
2022104725	2025-07-05	1函館7		7.0	3歳以上1勝クラス								横山和生		芝2600				2:43.4	0.3		2-2-3-2	36.0-38.7	37.6	532(+14)				320.0	晴		12.0	1.0	1.0	4.7	2.0	2	55.0	稍	**	**		リギーロ																																																									
2022104725	2025-08-03	1札幌4		12.0	積丹特別(1勝クラス)								キング		芝2600				2:45.3	0.8		4-3-4-5	39.7-34.9	35.5	522(-10)				282.8	晴		7.0	5.0	5.0	3.5	2.0	3	55.0	良	**	**		アルマデオロ																																																									
2022104725	2025-11-24	3福島6		9.0	磐梯山特別(1勝クラス)								横山和生		芝2600				2:39.8	-0.2		8-7-1-1	37.8-35.5	35.5	522(0)				1156.2	曇		16.0	2.0	4.0	3.0	1.0	1	56.0	良	**	**		(ロードガレリア)																																																									
2022104733	2025-02-09	1小倉6		5.0	3歳新馬								斎藤新		芝2000				2:04.1	-0.4		5-5-5-3	36.8-35.7	35.1	436(0)				620.0															晴		12.0	4.0	4.0	5.3	3.0	1	57.0	稍	**	**		(ノアチュロス)																																											
2022104733	2025-03-15	1阪神5		9.0	ゆきやなぎ賞(1勝クラス)								北村友一		芝2400				2:25.0	0.4		9-9-8-10	36.1-34.8	34.4	434(-2)				283.8															小雨		12.0	6.0	7.0	4.6	3.0	3	57.0	良	**	**		ゲルチュタール																																											
2022104733	2025-05-10	2京都5		11.0	京都新聞杯(GII)								北村友一		芝2200				2:15.6	0.9		10-10-9-9	37.0-33.8	33.9	432(-2)																			曇		10.0	2.0	2.0	21.7	8.0	7	57.0	稍	**	**		ショウヘイ																																											
2022104733	2025-06-07	3東京1		9.0	稲城特別(1勝クラス)								ディー		芝2400				2:26.3	2.0		12-12-12-11	36.8-34.3	34.2	430(-2)				111.0															晴		12.0	8.0	11.0	8.9	4.0	5	54.0	良	**	**		レッドバンデ																																											
2022104733	2025-09-13	4阪神3		8.0	生田特別(1勝クラス)								鮫島克駿		芝2400				2:25.7	-0.2		5-5-5-6	38.3-34.5	33.9	442(+12)				1128.2															曇		6.0	3.0	3.0	2.5	2.0	1	55.0	良	**	**		(テイクザクラウン)																																											
2022104733	2025-10-26	3京都9		11.0	菊花賞(GI)								西村淳也		芝3000				3:04.6	0.6		15-16-12-14	36.4-35.3	35.3	438(-4)																			小雨		18.0	1.0	1.0	107.0	15.0	7	57.0	稍	**	**		エネルジコ																																											
2022104733	2025-12-28	5中山8		9.0	グッドラックH(2勝クラス)								Ｃ．デム		芝2500				2:33.6	-0.2		5-5-7-4	31.3-36.1	35.7	436(-2)				1580.1															晴		14.0	4.0	6.0	3.6	2.0	1	56.0	良	**	**		(ピックデムッシュ)																																											
2022104733	2026-01-18	1京都7		11.0	日経新春杯(GII)								鮫島克駿		芝2400				2:26.2	0.5		8-7-6-6	35.9-34.4	34.0	432(-4)																																																													晴		13.0	4.0	5.0	7.2	3.0	6	53.0	良	**	**		ゲルチュタール	202608010711
2022104736	2024-09-08	3中京2		5.0	2歳新馬								坂井瑠星		芝2000				2:02.9	-0.1		2-2-2-2	36.8-34.2	34.1	508(0)				720.0															晴		7.0	3.0	3.0	2.2	1.0	1	55.0	良	**	**		(キタサンハナビラ)																																											
2022104736	2024-11-30	5中山1		9.0	葉牡丹賞(1勝クラス)								マーカン		芝2000				1:58.8	0.0		8-8-8-7	34.3-35.3	34.5	520(+12)				437.4															晴		12.0	1.0	1.0	5.8	4.0	2	56.0	良	**	**		ヴィンセンシオ																																											
2022104736	2025-01-19	1中山7		11.0	京成杯(GIII)								三浦皇成		芝2000				2:01.9	2.0		7-7-7-6	35.0-36.8	37.9	534(+14)																			小雨		14.0	5.0	8.0	5.3	3.0	10	57.0	良	**	**		ニシノエージェント																																											
2022104736	2025-03-15	1阪神5		9.0	ゆきやなぎ賞(1勝クラス)								坂井瑠星		芝2400				2:24.6	-0.1		4-3-3-2	36.1-34.8	34.7	526(-8)				1136.6															小雨		12.0	7.0	9.0	4.0	2.0	1	57.0	良	**	**		(マイユニバース)																																											
2022104736	2025-04-26	2東京1		11.0	テレビ東京杯青葉賞(GII)								シュタル		芝2400				2:24.9	0.1		5-5-5-5	35.1-34.4	34.0	512(-14)				1413.0															曇		13.0	4.0	4.0	7.9	4.0	3	57.0	良	**	**		エネルジコ																																											
2022104736	2025-06-14	3阪神3		8.0	三田特別(2勝クラス)								坂井瑠星		芝2400				2:26.0	-0.9		2-2-2-1	38.3-35.2	35.2	520(+8)				1564.0															雨		6.0	4.0	4.0	1.5	1.0	1	54.0	重	**	**		(ファミリータイム)																																											
2022104736	2025-08-30	3新潟3		11.0	日本海S(3勝クラス)								坂井瑠星		芝2200				2:12.1	-0.1		3-3-2-1	35.2-35.0	34.8	516(-4)				1875.0															晴		16.0	2.0	4.0	1.4	1.0	1	55.0	良	**	**		(ウインオーディン)																																											
2022104736	2025-10-26	3京都9		11.0	菊花賞(GI)								坂井瑠星		芝3000				3:04.4	0.4		9-9-12-8	36.4-35.3	35.2	524(+8)				3000.0															小雨		18.0	6.0	12.0	9.2	5.0	4	57.0	稍	**	**		エネルジコ																																											
2022104736	2026-01-18	1京都7		11.0	日経新春杯(GII)								坂井瑠星		芝2400				2:25.7	0.0		2-2-2-2	35.9-34.4	34.3	530(+6)				5792.4																																																									晴		13.0	5.0	6.0	2.3	1.0	1	56.0	良	**	**		(ファミリータイム)	202608010711
2022104738	2024-10-06	5京都2		4.0	2歳新馬								幸英明		芝1400				1:23.6	2.3		17-17	34.8-35.0	34.9	436(0)																			晴		17.0	8.0	16.0	17.8	7.0	15	55.0	良	**	**		インフローレ																																											
2022104738	2024-11-16	6京都5		4.0	2歳未勝利								吉村誠之		芝1800				1:49.5	0.3		14-14	35.5-35.2	33.9	436(0)				140.0															曇		14.0	2.0	2.0	49.8	8.0	3	53.0	良	**	**		フォーキャンドルズ																																											
2022104738	2024-12-14	7京都5		7.0	2歳未勝利								吉村誠之		芝1800				1:48.4	0.8		10-11	35.5-35.4	35.6	430(-6)				140.0															曇		18.0	4.0	7.0	13.6	7.0	3	53.0	良	**	**		パラディレーヌ																																											
2022104738	2025-02-10	1京都3		5.0	3歳未勝利								吉村誠之		芝1600				1:36.8	0.5		4-6	36.3-34.6	34.7	436(+6)				84.0															晴		18.0	4.0	7.0	7.8	3.0	4	53.0	良	**	**		インヴォーグ																																											
2022104738	2025-03-15	1阪神5		5.0	3歳未勝利								吉村誠之		芝1800				1:48.4	0.8		11-11	36.4-34.2	34.2	436(0)																			小雨		18.0	8.0	16.0	17.8	8.0	7	53.0	良	**	**		レッドフェルメール																																											
2022104738	2025-04-26	2京都1		5.0	3歳未勝利								吉村誠之		芝1800				1:48.5	0.5		11-10	35.6-35.0	34.8	436(0)																			晴		18.0	3.0	5.0	4.7	3.0	7	54.0	良	**	**		エイカイカッシーナ																																											
2022104738	2025-08-10	3中京6		11.0	3歳未勝利								佐々木大		芝1600				1:35.3	0.2		3-3-3	36.7-33.9	33.8	438(+2)				140.0															曇		15.0	1.0	1.0	4.8	3.0	3	55.0	良	**	**		カウンティフェア																																											
2022104738	2025-09-06	4阪神1		4.0	3歳未勝利								亀田温心		芝1600				1:32.6	-0.2		3-3	34.5-34.7	34.5	432(-6)				560.0															晴		18.0	1.0	2.0	11.5	6.0	1	55.0	良	**	**		(エンベッカ)																																											
2022104738	2025-12-21	5中京6		6.0	3歳以上1勝クラス								亀田温心		芝1600				1:37.2	1.1		12-13-14	35.5-35.7	35.3	448(+16)																			雨		16.0	5.0	9.0	4.6	3.0	11	55.0	稍	**	**		ノクナレア																																											
2022104738	2026-01-18	1京都7		12.0	4歳以上1勝クラス								西村淳也		芝1600				1:36.2	0.1		2-2	35.5-35.2	35.2	448(0)				210.0																																																									晴		8.0	8.0	11.0	4.9	2.0	3	55.0	良	**	**		サク	202608010712
2022104745	2024-08-18	2札幌4		5.0	2歳新馬								横山武史		芝2000				2:06.9	2.3		2-2-4-7	37.9-36.5	38.3	478(0)																																															曇		9.0	6.0	6.0	6.6	4.0	7	55.0	良	**	**		ショウナンバルドル															
2022104745	2024-09-01	2札幌8		2.0	2歳未勝利								横山和生		芝2000				2:05.7	0.2		12-12-4-5	36.9-37.2	37.2	478(0)				220.0																																											晴		12.0	6.0	7.0	35.2	7.0	2	55.0	稍	**	**		マハートマーベル															
2022104745	2024-09-21	3中京6		2.0	2歳未勝利								シュタル		芝2000				2:02.7	0.4		4-5-5-5	37.5-35.2	34.5	472(-6)				83.0																																											晴		9.0	4.0	4.0	10.7	6.0	4	55.0	良	**	**		サンライズグラシア															
2022104745	2024-12-21	7京都7		4.0	2歳未勝利								吉村誠之		芝2000				2:02.2	1.4		14-14-14-14	37.2-34.8	34.9	494(+22)																																															曇		16.0	1.0	1.0	45.6	12.0	6	54.0	良	**	**		リンクスティップ															
2022104745	2025-01-18	1中京6		5.0	3歳未勝利								ルメート		芝2000				2:02.5	1.7		12-12-8-8	35.4-35.0	36.1	490(-4)																																															晴		18.0	5.0	10.0	9.2	4.0	8	57.0	良	**	**		トッピボーン															
2022104745	2025-02-01	1京都1		4.0	3歳未勝利								西村淳也		ダ1900				2:02.1	0.7		7-7-4-2	30.1-37.7	38.1	488(-2)				220.0																																											晴		9.0	2.0	2.0	4.8	2.0	2	57.0	良	**	**		テルアスワッド															
2022104745	2025-02-16	1京都6		1.0	3歳未勝利								西村淳也		ダ1900				2:03.0	0.0		1-1-1-1	30.1-39.7	39.7	494(+6)				220.0																																											曇		10.0	8.0	10.0	2.9	2.0	2	57.0	稍	**	**		リアルスター															
2022104745	2025-03-02	1阪神2		3.0	3歳未勝利								坂井瑠星		ダ2000				2:09.5	-0.1		5-6-4-4	37.3-38.8	38.5	486(-8)				560.0																																											小雨		12.0	6.0	7.0	1.9	1.0	1	57.0	良	**	**		(サトノセーブル)															
2022104745	2025-03-30	2中京6		8.0	大寒桜賞(1勝クラス)								シュタル		芝2200				2:15.7	2.1		5-5-5-6	37.0-34.7	35.6	484(-2)				111.0																																											晴		7.0	4.0	4.0	31.1	5.0	5	57.0	良	**	**		エムズ															
2022104745	2025-05-11	2東京6		5.0	3歳1勝クラス								吉村誠之		ダ2100				2:09.8	0.7		6-5-5-5	30.2-36.8	36.9	492(+8)				320.0																																											晴		15.0	3.0	6.0	12.3	7.0	2	56.0	稍	**	**		ピカピカサンダー															
2022104745	2025-05-31	2京都11		9.0	鳳雛S(L)								坂井瑠星		ダ1800				1:54.1	0.3		5-5-4-5	37.8-36.8	36.6	492(0)				766.2																																											曇		9.0	5.0	5.0	7.6	4.0	2	57.0	良	**	**		ハグ															
2022104745	2025-06-15	3阪神4		6.0	3歳以上1勝クラス								吉村誠之		ダ1800				1:51.4	-0.3		5-5-4-3	36.1-38.5	37.9	492(0)				800.0																																											曇		16.0	1.0	2.0	4.5	3.0	1	54.0	重	**	**		(アカデミア)															
2022104745	2025-08-10	3中京6		8.0	揖斐川特別(2勝クラス)								吉村誠之		ダ1800				1:53.9	1.3		9-8-7-10	37.3-37.5	37.8	488(-4)																																															曇		12.0	8.0	11.0	5.6	3.0	7	55.0	良	**	**		タガノバビロン															
2022104745	2025-09-28	4阪神9		12.0	3歳以上2勝クラス								吉村誠之		ダ2000				2:05.7	-0.5		4-4-4-2	35.6-38.2	37.6	492(+4)				1140.0																																											曇		14.0	1.0	1.0	2.1	1.0	1	54.0	良	**	**		(ソウルアンドジャズ)															
2022104745	2025-10-11	3京都3		11.0	御陵S(3勝クラス)								和田竜二		ダ1900				1:58.6	1.0		10-9-5-5	30.0-37.7	38.1	494(+2)																																															晴		16.0	4.0	7.0	19.2	8.0	9	55.0	良	**	**		タガノバビロン															
2022104745	2025-12-14	5阪神4		10.0	竹田城S(3勝クラス)								吉村誠之		ダ2000				2:05.3	0.7		7-7-4-4	36.2-37.9	38.1	500(+6)																																															晴		16.0	5.0	9.0	4.5	2.0	6	55.0	良	**	**		ロードプレジール															
2022104749	2024-06-15	3東京5	晴	6.0	2歳新馬		15.0	2.0	3.0			取	丸山元気	55.0	ダ1400		良	**			**		35.8-37.7		計不			クレーキング																																																																								
2022104749	2025-04-06	2阪神4	晴	3.0	3歳未勝利		16.0	5.0	10.0	2.5	1.0	4	モレイラ	57.0	ダ1400		良	**	1:26.5	0.6	**	6-4	35.5-37.7	38.0	506(0)			ザックザク	84.0																																																																							
2022104749	2025-05-03	2京都3	晴	2.0	3歳未勝利		16.0	3.0	5.0	3.0	2.0	1	レーン	57.0	ダ1400		重	**	1:23.6	-0.1	**	4-3	34.9-36.7	36.2	504(-2)			(モズケイスター)	560.0																																																																							
2022104749	2025-06-01	2京都12	晴	6.0	3歳1勝クラス		14.0	4.0	6.0	3.2	1.0	1	鮫島克駿	57.0	ダ1400		良	**	1:24.2	0.0	**	6-5	34.0-37.8	37.4	506(+2)			(ヴリトラハン)	800.0																																																																							
2022104749	2025-08-10	3中京6	曇	8.0	揖斐川特別(2勝クラス)		12.0	2.0	2.0	7.0	5.0	4	北村友一	55.0	ダ1800		良	**	1:53.5	0.9	**	3-4-4-3	37.3-37.5	37.8	512(+6)			タガノバビロン	230.0																																																																							
2022104749	2025-09-07	4阪神2	晴	12.0	3歳以上2勝クラス		12.0	8.0	11.0	2.7	1.0	9	岩田望来	56.0	ダ1400		良	**	1:25.2	1.0	**	6-5	35.3-36.8	37.2	514(+2)			ダノンスウィッチ																																																																								
2022104749	2025-11-22	4京都5	晴	8.0	3歳以上2勝クラス		16.0	8.0	16.0	4.0	3.0	2	Ｃ．デム	57.0	ダ1400		良	**	1:24.1	0.0	**	3-3	34.1-37.8	37.5	522(+8)			リネアグローリア	375.0																																																																							
2022104749	2025-12-06	5阪神1	晴	8.0	3歳以上2勝クラス		16.0	6.0	12.0	9.6	4.0	16	坂井瑠星	57.0	ダ1400		良	**	1:25.4	1.5	**	3-3	34.4-37.2	38.4	522(0)			メイショウツヨキ																																																																								
2022104758	2024-07-21	2福島8		6.0	2歳新馬								戸崎圭太		芝1200				1:11.1	0.1		3-2	35.5-35.5	35.3	458(0)				290.0																																											晴		11.0	7.0	10.0	2.5	1.0	2	55.0	良	**	**		アブキールベイ															
2022104758	2024-10-14	4東京4		2.0	2歳未勝利								ルメール		芝1400				1:22.1	0.4		10-10	35.5-34.2	33.5	454(-4)				83.0																																											晴		14.0	8.0	14.0	2.1	1.0	4	55.0	良	**	**		ボンヌソワレ															
2022104758	2024-12-07	5中山3		1.0	2歳未勝利								戸崎圭太		ダ1200				1:12.0	-0.5		6-5	33.9-38.1	37.3	458(+4)				550.0																																											晴		16.0	3.0	5.0	2.2	1.0	1	55.0	良	**	**		(ジュリスタ)															
2022104758	2025-11-01	4東京10		6.0	3歳以上1勝クラス								戸崎圭太		ダ1400				1:23.1	0.2		5-5	34.0-36.7	36.1	472(+14)				320.0																																											曇		15.0	3.0	5.0	5.1	3.0	2	55.0	重	**	**		セギレエルビエント															
2022104767	2024-12-21	5中山7		5.0	2歳新馬								横山武史		芝1800				1:51.2	-0.4		2-2-1-1	38.9-33.7	33.7	478(0)				720.0																																											晴		16.0	3.0	5.0	3.1	2.0	1	55.0	良	**	**		(ウインスティーガ)															
2022104767	2025-03-22	2中山7		11.0	フラワーC(GIII)								横山武史		芝1800				1:48.5	0.7		7-8-8-8	35.5-35.4	35.5	474(-4)				570.0																																											晴		16.0	4.0	7.0	6.6	3.0	4	55.0	良	**	**		レーゼドラマ															
2022104767	2025-05-24	2東京9		9.0	カーネーションC(1勝クラス)								レーン		芝1800				1:45.4	-0.3		7-6-5	35.1-34.1	33.5	464(-10)				1134.5																																											曇		9.0	7.0	7.0	5.6	3.0	1	55.0	良	**	**		(クライスレリアーナ)															
2022104767	2025-09-07	4中山2		11.0	紫苑S(GII)								ルメール		芝2000				1:59.1	0.0		5-5-4-5	34.7-34.0	33.6	470(+6)				2126.8																																											晴		13.0	4.0	5.0	4.8	2.0	2	55.0	良	**	**		ケリフレッドアスク															
2022104767	2025-10-19	3京都7		11.0	秋華賞(GI)								岩田望来		芝2000				1:58.8	0.5		6-9-11-13	35.6-35.3	34.7	472(+2)				1700.0																																											曇		18.0	2.0	3.0	12.5	4.0	4	55.0	良	**	**		エンブロイダリー															
2022104771	2024-06-02	3東京2		6.0	2歳新馬								三浦皇成		芝1400				1:22.9	-0.2		5-5	36.7-33.8	33.4	472(0)				720.0																													曇		9.0	3.0	3.0	2.2	2.0	1	55.0	稍	**	**		(カルデライト)																													
2022104771	2024-08-25	3新潟6		11.0	新潟2歳S(GIII)								三浦皇成		芝1600				1:35.3	1.1		5-5	35.0-34.5	35.0	474(+2)																																	曇		11.0	3.0	3.0	4.7	3.0	6	55.0	良	**	**		トータルクラリティ																													
2022104771	2024-11-16	5東京5		6.0	2歳1勝クラス								三浦皇成		芝1400				1:23.5	0.8		2-2	36.6-33.4	34.0	482(+8)				120.0																													曇		10.0	5.0	5.0	2.9	2.0	4	56.0	良	**	**		エンブロイダリー																													
2022104771	2025-03-08	2中山3		7.0	3歳1勝クラス								三浦皇成		芝1600				1:36.1	0.6		3-2-2	35.8-35.2	35.6	492(+10)																																	曇		10.0	1.0	1.0	2.7	2.0	7	57.0	良	**	**		レーヴブリリアント																													
2022104771	2025-07-20	2福島8		9.0	南相馬特別(1勝クラス)								三浦皇成		芝1200				1:10.8	0.0		2-2	35.8-35.0	34.8	506(+14)				1133.1																													晴		11.0	6.0	7.0	3.8	3.0	1	55.0	良	**	**		(セイウンデセオ)																													
2022104771	2025-09-13	4中山3		10.0	汐留特別(2勝クラス)								三浦皇成		芝1200				1:09.2	0.9		8-7	35.1-33.2	33.4	500(-6)																																	晴		11.0	1.0	1.0	3.7	1.0	10	56.0	稍	**	**		モンシュマン																													
2022104771	2025-12-27	5中山7		9.0	ベストウィッシュC(2勝クラス)								三浦皇成		芝1200				1:08.7	0.9		14-13	33.2-34.6	33.9	504(+4)				155.0																													曇		16.0	1.0	2.0	17.5	6.0	5	57.0	良	**	**		アンビバレント																													
2022104771	2026-01-17	1中山6		12.0	4歳以上2勝クラス								三浦皇成		芝1200				1:09.1	1.1		16-16	34.3-33.7	33.3	496(-8)																																	晴		16.0	2.0	4.0	15.2	8.0	14	58.0	良				カンシン																													
2022104774	2024-08-10	3新潟1		5.0	2歳新馬								ルメール		芝1800				1:47.9	0.1		9-8	36.1-34.7	33.6	472(0)				290.0																													晴		16.0	6.0	12.0	1.8	1.0	2	55.0	良	**	**		ジーティーマン																													
2022104774	2024-10-06	4東京2		2.0	2歳未勝利								ルメール		芝2000				2:00.2	-0.1		4-4-4	36.5-34.9	33.5	476(+4)				550.0																													曇		7.0	7.0	7.0	1.1	1.0	1	56.0	良	**	**		(タイセイリコルド)																													
2022104774	2025-01-26	1中山9		9.0	若竹賞(1勝クラス)								ルメール		芝1800				1:49.7	0.2		10-8-8-8	37.8-36.5	35.9	484(+8)				447.0																													晴		11.0	7.0	9.0	2.8	1.0	2	57.0	良	**	**		リトルジャイアンツ																													
2022104774	2025-03-01	2中山1		9.0	水仙賞(1勝クラス)								ルメール		芝2200				2:16.8	0.3		11-11-3-3	36.0-34.7	34.9	484(0)				448.8																													晴		13.0	8.0	13.0	2.1	1.0	2	57.0	良	**	**		エーオーキング																													
2022104774	2025-05-17	2東京7		6.0	3歳1勝クラス								ルメール		芝2400				2:29.8	1.9		5-5-4-4	36.8-35.2	36.6	472(-12)																																	雨		8.0	8.0	8.0	2.2	1.0	7	57.0	良	**	**		ホウオウアートマン																													
2022104774	2025-06-28	2福島1		7.0	3歳以上1勝クラス								ルメール		芝2600				2:41.2	0.3		2-2-2-2	35.3-34.6	34.8	474(+2)				200.0																													晴		7.0	2.0	2.0	2.8	2.0	3	54.0	良	**	**		オストラヴァ																													
2022104774	2025-09-15	4中山5		8.0	3歳以上1勝クラス								ルメール		芝2500				2:32.2	0.5		1-1-2-2	30.2-35.3	35.6	478(+4)				320.0																													曇		14.0	3.0	3.0	1.4	1.0	2	55.0	良	**	**		キングズトゥルー																													
2022104774	2025-11-16	5東京4		12.0	3歳以上1勝クラス								プーシャ		芝2000				2:00.2	0.5		5-6-6	36.3-34.7	34.6	484(+6)				200.0																													晴		13.0	8.0	13.0	3.3	2.0	3	56.0	良	**	**		プルミエソルティ																													
2022104774	2026-01-17	1中山6		7.0	4歳以上1勝クラス								戸崎圭太		芝2200				2:12.3	0.3		2-2-2-2	36.6-35.6	35.8	492(+8)				120.0																													晴		12.0	6.0	8.0	2.7	1.0	4	57.0	良				クリフハンガー																													
2022104784	2024-10-20	5京都6		4.0	2歳新馬								池添謙一		芝1600				1:35.1	0.4		6-4	35.1-36.0	35.9	450(0)				290.0																													晴		17.0	2.0	4.0	4.9	3.0	2	55.0	稍	**	**		エリカエクスプレス																													
2022104784	2024-11-17	6京都6		3.0	2歳未勝利								池添謙一		芝1600				1:34.9	0.3		3-1	34.7-35.0	35.3	444(-6)				220.0																													曇		14.0	8.0	14.0	5.1	3.0	2	55.0	良	**	**		キスアンドクライ																													
2022104784	2025-01-18	1中京6		6.0	3歳未勝利								池添謙一		芝1600				1:35.1	0.2		1-1-1	34.9-35.7	35.9	444(0)				220.0																													晴		16.0	3.0	6.0	2.1	1.0	2	55.0	良	**	**		アスクセクシーモア																													
2022104784	2025-02-10	1京都3		5.0	3歳未勝利								池添謙一		芝1600				1:36.9	0.6		4-3	36.3-34.6	34.7	444(0)				56.0																													晴		18.0	7.0	15.0	2.8	1.0	5	55.0	良	**	**		インヴォーグ																													
2022104784	2025-03-01	1阪神1		5.0	3歳未勝利								池添謙一		芝1600				1:33.9	-0.5		1-1	35.6-33.6	33.6	440(-4)				560.0																													晴		18.0	6.0	12.0	2.9	1.0	1	55.0	良	**	**		(ダノンブギ)																													
2022104784	2025-03-29	2阪神1		9.0	君子蘭賞(1勝クラス)								池添謙一		芝1800				1:45.8	-0.1		1-1	35.1-34.6	34.6	434(-6)				1141.5																													晴		14.0	6.0	10.0	2.5	1.0	1	55.0	良	**	**		(ケリフレッドアスク)																													
2022104784	2025-04-27	2東京2		11.0	サンスポ賞フローラS(GII)								池添謙一		芝2000				1:59.2	0.6		7-7-7	36.1-34.2	34.1	432(-2)																																	晴		18.0	7.0	13.0	16.2	9.0	7	55.0	良	**	**		カムニャック																													
2022104784	2025-08-02	1札幌3		10.0	釧路湿原特別(2勝クラス)								池添謙一		芝1800				1:47.1	0.0		1-1-1-1	36.3-35.5	35.5	446(+14)				394.4																													晴		14.0	4.0	5.0	2.4	1.0	3	53.0	良	**	**		リラボニート																													
2022104784	2025-09-07	2札幌6		10.0	HTB賞(2勝クラス)								浜中俊		芝1800				1:50.1	0.5		6-6-6-4	36.2-36.9	36.9	446(0)																																	晴		14.0	3.0	4.0	2.1	1.0	6	53.0	稍	**	**		タイキラフター																													
2022104784	2025-12-14	5阪神4		12.0	甲東特別(2勝クラス)								池添謙一		芝1600				1:34.8	0.4		1-1	35.0-34.8	35.2	440(-6)				155.0																													晴		10.0	8.0	9.0	2.7	1.0	5	55.0	良	**	**		ネーヴェフレスカ																													
2022104784	2026-01-17	1京都6		12.0	4歳以上2勝クラス								池添謙一		芝1600				1:34.0	0.5		7-7	35.2-34.5	34.4	444(+4)																																	晴		18.0	2.0	4.0	5.0	2.0	6	55.0	良				カズミクラーシュ																													
2022104793	2024-06-23	4京都8		5.0	2歳新馬								ルメール		芝1800				1:52.3	0.2		8-6	37.7-34.6	34.3	462(0)				290.0																																											小雨		8.0	7.0	8.0	2.9	2.0	2	55.0	重	**	**		エリキング															
2022104793	2024-08-18	2中京4		3.0	2歳未勝利								坂井瑠星		芝2000				2:00.4	-1.5		1-1-1-1	38.1-34.0	34.0	462(0)				550.0																																											晴		6.0	1.0	1.0	1.1	1.0	1	55.0	良	**	**		(バッケンレコード)															
2022104793	2024-11-23	6京都7		11.0	ラジオN杯京都2歳S(GIII)								Ｃ．デム		芝2000				2:01.6	0.7		2-2-2-2	36.8-34.5	35.1	470(+8)																																															曇		8.0	2.0	2.0	2.9	2.0	7	56.0	良	**	**		エリキング															
2022104793	2025-01-25	1中京8		9.0	若駒S(L)								西村淳也		芝2000				2:03.8	1.5		2-2-2-2	37.5-35.5	36.9	472(+2)																																															晴		10.0	6.0	6.0	6.5	4.0	8	57.0	良	**	**		ジュタ															
2022104793	2025-07-05	2小倉3		9.0	ロイヤルバンコク賞(1勝クラス)								坂井瑠星		芝2000				2:02.1	2.0		1-1-1-1	35.1-36.9	38.9	468(-4)																																															晴		8.0	1.0	1.0	4.4	3.0	7	55.0	良	**	**		ミュージシャン															
2022104793	2025-08-09	3中京5		8.0	香嵐渓特別(1勝クラス)								北村友一		芝2000				1:59.5	0.6		6-6-7-7	36.6-34.9	34.0	472(+4)																																															晴		7.0	6.0	6.0	6.2	3.0	6	55.0	良	**	**		キタサンハナビラ															
2022104793	2025-10-25	3京都8		12.0	3歳以上1勝クラス								北村友一		芝1800				1:48.0	0.4		4-4	36.4-34.3	34.5	476(+4)																																															雨		10.0	7.0	7.0	14.1	7.0	6	56.0	良	**	**		マイネルフルムーン															
2022104793	2026-01-05	1京都2		7.0	4歳以上1勝クラス								北村友一		ダ1800				1:53.7	1.7		7-7-6-7	35.4-38.1	39.0	482(+6)																																															晴		15.0	8.0	14.0	18.4	7.0	8	57.0	良	**	**		ルクスフレンジー															
2022104794	2024-08-04	2新潟4		2.0	2歳新馬								ルメール		芝1600				1:36.6	0.6		8-8	36.8-33.6	33.5	484(0)				110.0																																											晴		14.0	7.0	11.0	1.7	1.0	4	55.0	良	**	**		ダンツエラン															
2022104794	2024-09-29	3中京9		2.0	2歳未勝利								鮫島克駿		芝2000				2:07.3	0.0		4-3-3-3	39.7-34.5	34.2	472(-12)				220.0																																											曇		9.0	2.0	2.0	2.0	1.0	2	55.0	重	**	**		バルティカ															
2022104794	2024-11-23	6京都7		3.0	2歳未勝利								Ｃ．デム		芝2000				2:01.2	0.4		7-7-7-5	35.4-36.0	35.6	474(+2)				220.0																																											曇		10.0	7.0	8.0	1.6	1.0	2	55.0	良	**	**		シュバルツマサムネ															
2022104794	2024-12-15	7京都6		4.0	2歳未勝利								Ｃ．デム		芝1800				1:49.6	0.7		6-5	36.3-34.9	35.1	474(0)				83.0																																											晴		14.0	4.0	5.0	3.5	2.0	4	55.0	良	**	**		ショウヘイ															
2022104794	2025-03-02	1阪神2		5.0	3歳未勝利								北村友一		芝1800				1:46.8	0.6		4-4	34.7-35.2	35.5	474(0)																																															小雨		18.0	3.0	6.0	6.5	3.0	8	55.0	良	**	**		エバーグルーヴ															
2022104794	2025-03-15	2中京1		1.0	3歳未勝利								佐々木大		ダ1800				1:55.4	-0.5		3-3-3-3	37.7-38.7	38.4	472(-2)				560.0																																											曇		16.0	1.0	2.0	2.2	1.0	1	55.0	良	**	**		(デザフィアドール)															
2022104794	2025-05-11	2京都6		6.0	3歳1勝クラス								坂井瑠星		ダ1800				1:54.5	1.2		5-4-4-4	36.9-36.9	37.7	468(-4)																																															曇		11.0	6.0	7.0	3.9	2.0	6	55.0	稍	**	**		ツキノアカリ															
2022104794	2025-08-16	1札幌7		7.0	3歳以上1勝クラス								佐々木大		芝2600				2:42.7	0.3		2-2-2-2	38.4-35.5	35.7	474(+6)				120.0																																											晴		9.0	8.0	8.0	5.6	4.0	4	53.0	良	**	**		ラーシャローム															
2022104794	2025-09-06	2札幌5		9.0	富良野特別(1勝クラス)								佐々木大		芝2000				2:03.5	1.5		3-3-3-4	36.6-36.3	37.6	486(+12)																																															曇		15.0	3.0	5.0	16.9	8.0	11	53.0	良	**	**		ウイントレメンデス															
2022104794	2025-12-07	5中京2		12.0	栄特別(1勝クラス)								西村淳也		芝2200				2:13.0	0.9		1-1-1-1	35.1-34.9	35.8	486(0)																																															晴		10.0	8.0	9.0	24.4	7.0	7	54.0	良	**	**		ホウオウレイヴン															
2022104794	2026-01-05	1京都2		12.0	4歳以上1勝クラス								西村淳也		芝1600				1:35.5	0.8		3-5	35.6-34.1	34.6	484(-2)																																															晴		15.0	3.0	5.0	24.3	9.0	9	55.0	良	**	**		サンタンカ															
2022104811	2024-11-09	5東京3		5.0	2歳新馬								マーカン		芝1800				1:49.0	0.6		5-4-5	37.3-33.8	34.1	456(0)				110.0																																											晴		9.0	1.0	1.0	3.9	3.0	4	56.0	良	**	**		カザンラク															
2022104811	2025-02-02	1東京2		3.0	3歳未勝利								北村宏司		ダ1600				1:42.2	4.6		12-12	35.0-36.9	40.0	466(+10)																																															雨		16.0	1.0	2.0	9.2	5.0	13	57.0	稍	**	**		ルヴァレドクール															
2022104811	2025-05-04	2東京4		4.0	3歳未勝利								戸崎圭太		芝1600				1:33.3	-0.3		15-15	35.2-34.8	33.5	466(0)				560.0																																											晴		15.0	2.0	3.0	12.3	5.0	1	57.0	良	**	**		(ララバニュルス)															
2022104811	2025-06-21	3東京5		8.0	3歳以上1勝クラス								レーン		芝1800				1:47.6	1.2		15-14-15	35.3-34.7	34.8	466(0)																																															晴		16.0	8.0	16.0	9.3	5.0	13	55.0	良	**	**		ブルーマエストロ															
2022104811	2025-09-14	4中山4		12.0	3歳以上1勝クラス								杉原誠人		芝1600				1:33.2	0.7		15-14-14	34.9-34.7	33.4	460(-6)				120.0																																											曇		16.0	3.0	5.0	21.5	6.0	4	56.0	良	**	**		エンペラーズソード															
2022104811	2025-11-08	5東京1		12.0	3歳以上1勝クラス								戸崎圭太		芝1600				1:33.8	0.3		7-6	36.6-33.5	33.3	458(-2)				320.0																																											晴		14.0	1.0	1.0	5.6	2.0	2	57.0	良	**	**		ダノンエンブレム															
2022104850	2024-08-18	2中京4	晴	5.0	2歳新馬		16.0	5.0	9.0	5.0	3.0	4	坂井瑠星	55.0	芝1600		良	**	1:35.4	0.7	**	12-12-12	34.1-36.2	35.4	454(0)			ビップデイジー	110.0																																																																							
2022104850	2024-10-05	5京都1	晴	3.0	2歳未勝利		8.0	5.0	5.0	9.6	5.0	4	田口貫太	54.0	芝1800		良	**	1:47.9	1.1	**	6-6	36.2-34.6	35.1	466(+12)			ミュージアムマイル	83.0																																																																							
2022104850	2025-01-12	1中京4	曇	6.0	3歳未勝利		18.0	5.0	9.0	18.5	6.0	5	坂井瑠星	55.0	芝2000		良	**	2:03.4	1.8	**	11-11-12-10	35.7-36.9	37.7	464(-2)			レーゼドラマ	56.0																																																																							
2022104850	2025-04-06	2阪神4	晴	4.0	3歳未勝利		14.0	1.0	1.0	5.1	2.0	1	横山和生	55.0	芝2400		良	**	2:26.6	-0.4	**	3-4-5-4	36.2-35.5	35.2	464(0)			(ヤマニンヒストリア)	560.0																																																																							
2022104850	2025-05-03	2京都3	晴	9.0	矢車賞(1勝クラス)		6.0	4.0	4.0	4.3	3.0	2	坂井瑠星	55.0	芝2200		良	**	2:14.4	0.1	**	2-2-3-3	37.7-34.1	33.9	470(+6)			タガノアビー	444.4																																																																							
2022104850	2025-09-07	4中山2	晴	11.0	紫苑S(GII)		13.0	3.0	3.0	67.7	10.0	11	津村明秀	55.0	芝2000		良	**	1:59.9	0.8	**	7-7-6-5	34.7-34.0	34.2	472(+2)			ケリフレッドアスク																																																																								
2022104850	2025-11-02	3京都11	晴	7.0	3歳以上1勝クラス		16.0	4.0	7.0	6.1	4.0	10	岩田望来	54.0	芝2200		良	**	2:13.9	0.6	**	6-6-4-3	36.2-34.4	34.7	476(+4)			スカイサーベイ																																																																								
2022104850	2025-11-23	4京都6	晴	7.0	3歳以上1勝クラス		18.0	7.0	15.0	12.5	3.0	6	岩田望来	54.0	芝2400		良	**	2:24.8	0.9	**	8-8-7-6	34.4-34.5	34.9	474(-2)			ウインデイジー																																																																								
2022104856	2024-10-14	4東京4		5.0	2歳新馬								菅原明良		芝1800				1:49.9	2.2		5-8-8	36.1-33.7	35.1	470(0)																																															晴		11.0	8.0	11.0	19.8	5.0	8	56.0	良	**	**		デンクマール															
2022104856	2025-01-06	1中山2		3.0	3歳未勝利								横山琉人		ダ1800				1:57.6	2.4		14-14-12-11	37.0-40.0	40.3	474(+4)																																															曇		16.0	4.0	7.0	93.9	9.0	7	56.0	良	**	**		ニューファウンド															
2022104856	2025-02-22	1東京7		5.0	3歳未勝利								吉田豊		芝2400				2:28.9	0.4		13-12-13-12	36.3-34.9	34.4	474(0)				56.0																																											曇		18.0	2.0	4.0	111.8	12.0	5	57.0	良	**	**		ダノンピクチャー															
2022104856	2025-03-15	2中山5		5.0	3歳未勝利								吉田豊		芝2200				2:15.2	1.4		16-15-15-10	35.8-34.7	35.2	474(0)																																															曇		18.0	7.0	13.0	86.3	10.0	6	57.0	良	**	**		レッドバンデ															
2022104856	2025-04-19	1福島3		3.0	3歳未勝利								横山琉人		芝2600				2:41.3	-0.1		8-9-7-7	35.5-36.0	35.6	474(0)				560.0																																											晴		16.0	8.0	16.0	8.4	4.0	1	56.0	良	**	**		(シャインバオバブ)															
2022104856	2025-05-17	2東京7		6.0	3歳1勝クラス								吉田豊		芝2400				2:29.2	1.3		7-7-6-7	36.8-35.2	35.8	472(-2)				120.0																																											雨		8.0	4.0	4.0	64.9	8.0	4	57.0	良	**	**		ホウオウアートマン															
2022104856	2025-08-31	2札幌4		9.0	北辰特別(1勝クラス)								小林美駒		芝2600				2:44.0	1.2		4-5-5-6	37.8-37.0	37.5	472(0)				111.0																																											曇		14.0	7.0	12.0	20.6	10.0	5	55.0	稍	**	**		ボンドロア															
2022104856	2025-11-09	3福島2		8.0	3歳以上1勝クラス								横山琉人		芝2600				2:43.5	1.0		8-9-13-15	38.1-35.1	35.4	476(+4)																																															曇		16.0	4.0	7.0	7.9	4.0	13	56.0	良	**	**		バーケンヘッド															
2022104856	2025-11-15	3福島3		8.0	3歳以上1勝クラス								吉田豊		芝2600				2:40.6	0.0		10-10-8-7	36.7-37.3	36.3	472(-4)				800.0																																											晴		16.0	1.0	1.0	19.5	7.0	1	56.0	良	**	**		(ニホンピロゴルディ)															
2022104872	2025-07-05	2小倉3		3.0	3歳未勝利								国分優作		芝1200				1:10.8	2.3		18-18	33.0-35.5	35.3	470(0)																			晴		18.0	6.0	11.0	82.1	12.0	17	57.0	良	**	**		ブラックケリー																																											
2022104872	2025-08-09	3中京5		11.0	3歳未勝利								国分優作		芝1400				1:20.7	0.4		15-15	33.5-35.8	34.2	474(+4)				84.0															晴		18.0	5.0	9.0	40.9	11.0	4	57.0	良	**	**		ロンティケチャップ																																											
2022104872	2025-08-30	4中京3		6.0	3歳未勝利								国分優作		芝1600				1:34.1	1.8		9-8-8	34.5-34.8	35.9	472(-2)																			晴		16.0	8.0	15.0	16.3	7.0	13	57.0	良	**	**		ダノンブギ																																											
2022104872	2025-12-27	5阪神7		7.0	3歳以上1勝クラス								国分優作		芝1800				1:47.5	1.3		10-10	35.4-34.2	34.8	468(-4)																			晴		15.0	5.0	8.0	176.1	13.0	12	57.0	良	**	**		サタデーサンライズ																																											
2022104872	2026-01-18	1京都7		8.0	4歳以上1勝クラス								国分優作		芝2400				2:30.6	4.0		9-7-10-10	36.7-36.0	38.8	468(0)																																																													晴		12.0	4.0	4.0	180.0	12.0	12	57.0	良	**	**		オメガナビゲーター	202608010708
2022104885	2024-10-05	5京都1		5.0	2歳新馬								岩田望来		芝1600				1:34.4	-0.1		1-1	35.2-34.8	34.8	428(0)				720.0																																											晴		15.0	8.0	14.0	3.9	3.0	1	55.0	良	**	**		(アイサンサン)															
2022104885	2024-12-07	4中京3		9.0	つわぶき賞(1勝クラス)								松山弘平		芝1400				1:22.1	0.2		3-3	33.8-36.0	35.9	424(-4)				160.0																																											曇		12.0	1.0	1.0	2.9	1.0	4	55.0	良	**	**		ルージュラナキラ															
2022104885	2025-03-09	1阪神4		9.0	アルメリア賞(1勝クラス)								松山弘平		芝1800				1:47.2	-0.2		1-1	35.5-34.2	34.2	430(+6)				1129.6																																											晴		8.0	3.0	3.0	2.9	1.0	1	55.0	良	**	**		(トリポリタニア)															
2022104885	2025-05-03	2東京3		10.0	スイートピーS(L)								三浦皇成		芝1800				1:46.5	0.6		12-12-12	35.6-33.8	33.3	428(-2)																																															晴		13.0	7.0	11.0	18.6	7.0	6	55.0	良	**	**		ルージュソリテール															
2022104885	2025-06-28	2小倉1		10.0	柳川特別(2勝クラス)								松山弘平		芝1800				1:46.8	0.0		1-1-1-1	35.9-35.2	35.2	432(+4)				1563.3																																											晴		6.0	3.0	3.0	3.0	2.0	1	53.0	良	**	**		(ミッキーゴールド)															
2022104885	2025-09-14	4阪神4		11.0	関西TVローズS(GII)								松山弘平		芝1800				1:43.7	0.2		5-5	34.0-35.0	34.7	438(+6)				2137.2																																											晴		17.0	5.0	10.0	20.0	7.0	2	55.0	良	**	**		カムニャック															
2022104885	2025-10-19	3京都7		11.0	秋華賞(GI)								松山弘平		芝2000				1:59.8	1.5		6-6-6-7	35.6-35.3	36.2	444(+6)																																															曇		18.0	4.0	8.0	19.4	8.0	14	55.0	良	**	**		エンブロイダリー															
2022104886	2024-09-16	3中京5		5.0	2歳新馬								藤岡佑介		芝1600				1:36.8	0.1		9-7-8	37.3-34.4	33.9	436(0)				290.0	晴		11.0	8.0	12.0	2.6	1.0	2	55.0	良	**	**		ゴージャス																																																									
2022104886	2024-10-26	4新潟7		6.0	2歳未勝利								高杉吏麒		芝1600				1:36.8	1.7		1-1	36.0-34.3	36.0	440(+4)					晴		15.0	2.0	3.0	3.9	2.0	13	53.0	良	**	**		マイスターヴェルク																																																									
2022104886	2024-12-22	7京都8		3.0	2歳未勝利								藤岡佑介		芝1400				1:22.4	0.8		12-13	34.6-35.5	34.8	446(+6)					曇		18.0	6.0	12.0	6.5	4.0	6	55.0	良	**	**		ウィンストン																																																									
2022104886	2025-02-16	1京都6		6.0	3歳未勝利								岩田望来		芝1600				1:37.6	2.1		3-5	35.2-35.7	37.4	446(0)					曇		14.0	5.0	7.0	11.8	6.0	10	55.0	稍	**	**		ミッキージュエリー																																																									
2022104886	2025-07-27	3中京2		5.0	3歳未勝利								吉村誠之		芝1400				1:21.1	1.1		4-4	33.8-34.7	35.5	444(-2)					晴		18.0	7.0	15.0	16.5	8.0	10	54.0	良	**	**		メイショウセイロウ																																																									
2022104886	2025-09-18	大井		2.0	3歳四　五								笹川翼		ダ1200				1:15.1	0.4		4-4	36.6-38.1	38.2	448(+4)				15.0	曇		13.0	4.0	4.0	3.4	2.0	5	54.0	良	**	**		リコーファルコン																																																									
2022104886	2025-12-03	大井		8.0	モンタナ賞(C2十)								笹川翼		ダ1200				1:16.5	2.6		4-3	35.7-38.2	40.3	458(+10)					曇		15.0	3.0	4.0	5.3	2.0	12	54.0	良	**	**		ハーレムシャフル																																																									
2022104886	2025-12-26	大井		5.0	C212　1314(C213)								笹川翼		ダ1200				1:16.1	1.1		7-6	36.0-39.0	38.9	462(+4)					晴		14.0	1.0	1.0	10.2	3.0	9	54.0	重	**	**		ミネノブルー																																																									
2022104911	2024-12-22	5中山8		6.0	2歳新馬								ルメール		芝1600				1:37.1	0.5		7-7-8	36.2-35.6	35.4	396(0)					晴		15.0	8.0	14.0	3.3	2.0	7	55.0	良	**	**		ディオデルマーレ																																																									
2022104911	2025-03-01	2中山1		5.0	3歳未勝利								杉原誠人		芝2000				2:01.9	0.4		8-7-9-8	35.8-35.7	35.1	394(-2)					晴		18.0	3.0	5.0	82.5	14.0	8	55.0	良	**	**		グッドレッスン																																																									
2022104911	2025-05-04	2東京4		5.0	3歳未勝利								杉原誠人		芝1800				1:49.5	0.9		9-9-9	36.5-33.9	33.6	402(+8)					晴		16.0	6.0	12.0	45.5	8.0	7	55.0	良	**	**		テルケンユミクイン																																																									
2022104911	2025-07-06	2福島4		7.0	3歳未勝利								菊沢一樹		芝2000				2:03.1	1.3		9-7-7-5	34.6-37.3	37.4	390(-12)					曇		16.0	7.0	13.0	15.3	5.0	7	55.0	良	**	**		ウアーシュプルング																																																									
2022104911	2025-09-14	4中山4		7.0	3歳未勝利								舟山瑠泉		芝2000				2:00.2	1.8		3-3-3-3	35.1-35.0	36.5	392(+2)					曇		18.0	4.0	8.0	81.4	15.0	15	52.0	良	**	**		シャンソンドール																																																									
2022104913	2024-12-22	7京都8		4.0	2歳新馬								亀田温心		ダ1800				1:57.9	3.2		13-13-10-10	37.4-38.1	39.5	476(0)				72.0	曇		13.0	6.0	8.0	62.4	11.0	5	56.0	良	**	**		タイセイドラード																																																									
2022104913	2025-06-29	2小倉2		4.0	3歳未勝利								亀田温心		ダ1700				1:48.9	2.1		10-11-12-12	30.1-38.0	38.9	482(+6)					晴		16.0	1.0	1.0	72.9	12.0	12	57.0	良	**	**		チャチャピンク																																																									
2022104913	2025-08-16	3中京7		3.0	3歳未勝利								田口貫太		芝2200				2:14.2	1.8		9-10-10-11	35.5-35.1	35.9	484(+2)					晴		18.0	8.0	17.0	248.6	15.0	15	57.0	良	**	**		テレプシコーラ																																																									
2022104913	2025-09-16	名古屋		6.0	3歳10組								塚本征吾		ダ1500				1:38.8	0.0		4-4-2		40.5	491(+7)				19.3	晴		12.0	6.0	7.0	1.9	1.0	2	57.0	良	**	**		シンゼンマルノスケ																																																									
2022104913	2025-09-30	名古屋		5.0	3歳10組								塚本征吾		ダ1500										計不					晴		11.0	5.0	6.0			取	57.0	良	**	**		カシマスウィープ																																																									
2022104913	2025-10-29	名古屋		3.0	C20組								望月洵輝		ダ1400				1:31.3	0.3		5-5-4		38.7	484(-7)				11.0	晴		12.0	4.0	4.0	5.7	3.0	3	57.0	良	**	**		セイスカーレット																																																									
2022104913	2025-11-10	名古屋		8.0	C23組								望月洵輝		ダ1400				1:31.8	0.3		7-5-4		39.6	483(-1)				11.0	晴		12.0	4.0	4.0	2.2	1.0	3	57.0	稍	**	**		サンパギータチャン																																																									
2022104913	2025-12-11	船橋		4.0	3歳三								笹川翼		ダ1200				1:16.0	0.0		7-7-6	36.5-39.5	38.4	475(-8)				100.0	晴		7.0	2.0	2.0	3.3	2.0	1	56.0	良	**	**		(ルジュウェール)																																																									
2022104929	2024-10-05	4新潟1	曇	5.0	2歳新馬		18.0	7.0	13.0	2.5	1.0	1	荻野極	56.0	芝1400		良	**	1:23.1	-0.3	**	3-3	35.5-35.1	34.8	492(0)			(タッカーバリアント)	720.0																																																																							
2022104929	2024-11-02	5東京1	小雨	11.0	京王杯2歳S(GII)		14.0	6.0	9.0	40.7	10.0	7	荻野極	56.0	芝1400		稍	**	1:22.2	1.0	**	9-10	34.9-34.9	34.5	480(-12)			パンジャタワー																																																																								
2022104929	2025-01-05	1中山1	曇	10.0	ジュニアC(L)		15.0	6.0	11.0	55.7	9.0	11	荻野極	57.0	芝1600		良	**	1:34.9	1.4	**	4-6-6	35.6-34.4	35.3	492(+12)			ファンダム																																																																								
2022104929	2025-01-19	1中山7	曇	6.0	3歳1勝クラス		16.0	1.0	1.0	20.9	7.0	14	ルメール	57.0	ダ1200		良	**	1:15.1	3.4	**	15-15	34.3-37.4	38.2	488(-4)			エコロアゼル																																																																								
2022104929	2025-03-22	2中京3	晴	11.0	中スポ賞ファルコンS(GIII)		18.0	2.0	3.0	181.9	15.0	14	吉田隼人	57.0	芝1400		良	**	1:22.1	1.1	**	15-18	34.4-35.0	34.7	490(+2)			ヤンキーバローズ																																																																								
2022104929	2025-04-06	3中山4	曇	7.0	3歳1勝クラス		9.0	8.0	8.0	33.6	7.0	6	菱田裕二	57.0	芝1600		良	**	1:35.2	1.0	**	4-2-2	35.7-34.5	35.3	486(-4)			ジョイフルニュース																																																																								
2022104929	2025-07-19	2小倉7	晴	7.0	3歳以上1勝クラス		9.0	7.0	7.0	15.1	6.0	4	団野大成	55.0	芝1200		良	**	1:09.1	0.2	**	7-7	33.3-35.6	34.9	496(+10)			レディメローラ	120.0																																																																							
2022104929	2025-08-10	3中京6	曇	12.0	3歳以上1勝クラス		15.0	4.0	7.0	6.6	3.0	4	団野大成	55.0	芝1400		良	**	1:20.5	0.3	**	5-5	34.0-34.7	34.4	490(-6)			アンダースコア	120.0																																																																							
2022104929	2025-10-18	3京都6	曇	12.0	3歳以上1勝クラス		15.0	7.0	13.0	13.1	5.0	8	鮫島克駿	56.0	芝1400		良	**	1:21.0	0.5	**	7-6	34.7-34.5	33.8	496(+6)			リアライズ																																																																								
2022104929	2025-11-01	4東京10	晴	12.0	3歳以上1勝クラス		15.0	3.0	4.0	58.4	9.0	7	津村明秀	56.0	芝1800		良	**	1:44.9	0.8	**	1-2-1	34.7-35.2	36.0	480(-16)			ベストミーエヴァー																																																																								
2022104929	2025-12-06	5中京1	晴	12.0	3歳以上1勝クラス		16.0	8.0	15.0	8.8	4.0	10	ジェルー	57.0	芝1600		良	**	1:33.9	0.9	**	10-11-11	35.3-34.3	34.2	484(+4)			ツーエムクロノス																																																																								
2022104931	2024-09-14	4中山3		5.0	2歳新馬								丸田恭介		芝2000				2:05.0	1.2		8-7-6-7	38.4-33.5	34.2	466(0)				110.0	晴		9.0	1.0	1.0	55.8	8.0	4	55.0	良	**	**		イブニングタイド																																																									
2022104931	2024-10-06	4東京2		2.0	2歳未勝利								丸田恭介		芝2000				2:02.4	2.2		6-5-5	36.5-34.9	34.9	468(+2)				55.0	曇		7.0	1.0	1.0	36.8	5.0	5	55.0	良	**	**		エデルクローネ																																																									
2022104931	2024-10-26	4東京7		1.0	2歳未勝利								丸田恭介		ダ1600				1:41.5	2.5		11-12	35.2-38.3	39.6	470(+2)					曇		12.0	5.0	5.0	126.7	11.0	11	55.0	良	**	**		クラリネットソナタ																																																									
2022104931	2024-12-22	5中山8		4.0	2歳未勝利								丸田恭介		芝2000				2:02.9	1.6		13-13-13-13	36.4-36.1	36.7	466(-4)					晴		18.0	8.0	17.0	362.4	17.0	13	55.0	良	**	**		ロジャリーマイン																																																									
2022104947	2025-04-13	2阪神6		4.0	3歳未勝利								幸英明		芝2000				2:04.3	2.4		14-13-12-11	36.6-35.4	36.7	456(0)																			小雨		14.0	6.0	10.0	151.0	12.0	14	55.0	良	**	**		メイショウビストロ																																											
2022104947	2025-07-05	1函館7		3.0	3歳未勝利								松本大輝		芝2000				2:07.2	5.2		2-2-5-12	35.0-36.8	41.5	450(-6)																			曇		13.0	8.0	13.0	229.9	13.0	12	54.0	重	**	**		モルビド																																											
2022104947	2025-08-23	2札幌1		3.0	3歳未勝利								古川吉洋		芝2000				2:03.9	1.5		10-9-10-10	36.3-36.2	36.9	454(+4)																			晴		16.0	5.0	10.0	396.9	16.0	11	55.0	稍	**	**		グランセゾン																																											
2022104947	2025-12-06	5阪神1		12.0	3歳以上1勝クラス								藤懸貴志		芝1600				1:35.4	0.9		14-15	36.9-33.6	33.4	448(-6)																			晴		15.0	1.0	1.0	319.3	15.0	12	55.0	良	**	**		マイエレメント																																											
2022104947	2026-01-18	1京都7		12.0	4歳以上1勝クラス								小沢大仁		芝1600				1:37.2	1.1		7-8	35.5-35.2	35.6	452(+4)																																																													晴		8.0	4.0	4.0	140.2	8.0	8	55.0	良	**	**		サク	202608010712
2022104948	2024-12-22	5中山8		5.0	2歳新馬								長浜鴻緒		ダ1200				1:15.7	2.5		2-1	35.2-38.0	40.5	480(0)					晴		16.0	2.0	4.0	15.5	5.0	7	52.0	良	**	**		シュヴァルボヌール																																																									
2022104948	2025-08-03	3中京4		5.0	3歳未勝利								田山旺佑		芝1600				1:35.9	2.6		2-2-2	35.3-34.9	37.4	482(+2)					晴		16.0	4.0	7.0	37.0	10.0	14	52.0	良	**	**		ビップディラン																																																									
2022104948	2025-08-16	3中京7		11.0	3歳未勝利								中井裕二		芝1400				1:22.7	2.9		14-15	33.4-35.1	36.5	478(-4)					晴		17.0	8.0	17.0	230.4	17.0	17	55.0	良	**	**		ベルサ																																																									
2022104948	2025-11-04	金沢		6.0	C22　特別編成(C2特別)								魚住謙心		ダ1500							5-6-10-10			501(+23)					晴		10.0	2.0	2.0	37.9	7.0	中	55.0	重	**	**		スカイリスト																																																									
2022104957	2024-06-15	4京都5	晴	5.0	2歳新馬		10.0	7.0	7.0	2.2	1.0	2	松山弘平	55.0	ダ1200		良	**	1:13.9	0.5	**	3-3	36.1-37.3	37.6	494(0)			ハッピーマン	290.0																																																																							
2022104957	2024-07-13	3小倉5	曇	1.0	2歳未勝利		7.0	6.0	6.0	1.5	1.0	1	吉村誠之	52.0	ダ1000		稍	**	0:57.2	-1.1	**	1-1	33.9-34.7	34.7	492(-2)			(オトメナシャチョウ)	550.0																																																																							
2022104957	2024-09-28	3中京8	曇	9.0	ヤマボウシ賞(1勝クラス)		10.0	1.0	1.0	3.8	2.0	1	団野大成	55.0	ダ1400		良	**	1:23.6	-0.4	**	1-1	35.2-36.3	36.3	494(+2)			(スカイブルー)	1091.0																																																																							
2022104957	2024-11-02	デルマー			BCJフィリーズ(GI)				9.0		3.0	9	ムーア	55.5	ダ1700										計不																																																																											
2022104957	2025-01-18	1中京6	晴	10.0	紅梅S(L)		12.0	7.0	9.0	5.1	3.0	8	坂井瑠星	55.0	芝1400		良	**	1:22.3	1.2	**	1-1	34.1-35.2	36.4	498(0)			ナムラクララ																																																																								
2022104957	2025-02-23	1京都8	曇	10.0	マーガレットS(L)		8.0	2.0	2.0	10.7	6.0	2	吉村誠之	55.0	芝1200		良	**	1:09.7	0.1	**	1-1	35.5-34.1	34.2	496(-2)			ポッドベイダー	805.2																																																																							
2022104957	2025-04-06	2阪神4	晴	9.0	バイオレットS(OP)		15.0	6.0	11.0	5.4	3.0	7	西村淳也	55.0	ダ1400		良	**	1:24.6	0.6	**	1-1	33.9-38.1	38.7	492(-4)			ヤマニンチェルキ																																																																								
2022104957	2025-06-15	3阪神4	晴	9.0	武庫川特別(2勝クラス)		15.0	3.0	5.0	3.1	2.0	8	戸崎圭太	53.0	芝1200		稍	**	1:10.6	1.1	**	1-1	33.5-36.0	37.1	496(+4)			レイピア																																																																								
2022104957	2025-08-30	4中京3	晴	9.0	清洲特別(2勝クラス)		16.0	7.0	13.0	2.8	1.0	2	団野大成	54.0	ダ1200		良	**	1:11.0	0.0	**	2-2	34.0-37.0	36.8	510(+14)			メイショウヤーキス	630.0																																																																							
2022104957	2025-10-12	3京都4	小雨	9.0	円山特別(2勝クラス)		14.0	7.0	11.0	2.2	1.0	1	団野大成	55.0	ダ1200		良	**	1:10.1	-0.2	**	1-1	34.3-35.8	35.8	518(+8)			(アスタールフナ)	1582.2																																																																							
2022104965	2024-11-16	5東京5		5.0	2歳新馬								菅原明良		芝1600				1:35.4	0.7		7-7	35.6-34.8	34.1	508(0)				110.0																																											曇		11.0	6.0	6.0	10.1	3.0	4	55.0	良	**	**		インプロペリア															
2022104965	2024-12-14	5中山5		7.0	2歳未勝利								Ｃ．デム		芝1800				1:49.1	0.9		5-3-5-3	35.8-35.5	36.1	500(-8)																																															晴		16.0	2.0	4.0	5.5	3.0	8	55.0	良	**	**		ノビリシマビジョン															
2022104965	2025-03-15	2中山5		4.0	3歳未勝利								横山武史		ダ1800				1:56.4	-0.2		2-2-2-2	37.6-40.7	40.5	512(+12)				560.0																																											曇		15.0	4.0	8.0	4.0	2.0	1	55.0	稍	**	**		(フォンデネージュ)															
2022104965	2025-09-27	4中山8		6.0	3歳以上1勝クラス								横山武史		ダ1800				1:55.4	0.6		1-1-1-1	38.7-37.8	38.4	516(+4)				120.0																																											晴		16.0	2.0	4.0	9.7	4.0	4	53.0	良	**	**		レディーフランシス															
2022104965	2025-11-01	4東京10		7.0	3歳以上1勝クラス								横山武史		ダ2100				2:17.1	7.4		7-8-10-15	30.2-37.4	43.3	514(-2)																																															曇		16.0	8.0	16.0	28.6	11.0	16	54.0	重	**	**		ロングウェイホーム															
2022104968	2024-12-22	7京都8		6.0	2歳新馬								田口貫太		芝1800				1:50.6	0.7		2-2	37.0-35.0	35.7	488(0)				110.0	曇		14.0	6.0	10.0	7.5	5.0	4	55.0	良	**	**		マトラコーニッシュ																																																									
2022104968	2025-01-11	1中京3		5.0	3歳未勝利								田口貫太		芝2200				2:17.9	1.4		4-2-5-4	35.8-35.6	36.8	488(0)					晴		18.0	4.0	7.0	15.6	7.0	14	56.0	良	**	**		マイユニバース																																																									
2022104968	2025-07-12	1函館9		3.0	3歳未勝利								古川吉洋		芝1800				1:49.1	1.8		10-11-11-11	35.6-35.6	36.1	480(-8)					晴		12.0	4.0	5.0	55.2	9.0	9	57.0	良	**	**		コンドゥイア																																																									
2022104968	2025-08-09	1札幌5		6.0	3歳未勝利								古川吉洋		芝2000				2:04.2	2.1		3-3-3-4	36.1-36.1	37.7	492(+12)					晴		15.0	6.0	11.0	239.2	15.0	14	57.0	稍	**	**		アリスメティーク																																																									
2022104968	2025-09-16	名古屋		7.0	3歳9組								加藤聡一		ダ1400				1:30.9	-0.6		6-7-1		39.2	487(-5)				55.0	晴		12.0	4.0	4.0	6.5	4.0	1	57.0	良	**	**		(ウォーターアデル)																																																									
2022104968	2025-10-01	名古屋		4.0	尾崎章生本日誕生日(3歳)								今井貴大		ダ1500				1:36.1	-0.4		3-3-1		38.7	490(+3)				55.0	晴		12.0	5.0	5.0	1.5	1.0	1	57.0	良	**	**		(プリティパール)																																																									
2022104968	2025-10-30	名古屋		6.0	祥都くん生誕1周年記(C)								今井貴大		ダ1500				1:35.8	0.0		1-1-1		38.9	491(+1)				55.0	晴		12.0	4.0	4.0	1.6	1.0	1	57.0	良	**	**		(エイシンガウディ)																																																									
2022104968	2025-11-26	名古屋		7.0	C2組								今井貴大		ダ1700				1:51.8	-0.1		1-1-1		38.1	489(-2)				55.0	晴		12.0	4.0	4.0	1.7	1.0	1	57.0	良	**	**		(コンヴァージョン)																																																									
2022104968	2025-12-24	名古屋		12.0	2025金シャチゴー(B)								今井貴大		ダ1700				1:47.8	-2.5		1-1-1		38.1	486(-3)				65.0	小雨		11.0	5.0	5.0	1.3	1.0	1	57.0	不	**	**		(バレアリックシー)																																																									
2022104968	2026-01-13	名古屋		9.0	B4組								今井貴大		ダ1700				1:52.8	-0.9		1-1-1		39.4	481(-5)				65.0	曇		5.0	2.0	2.0	1.1	1.0	1	57.0	良				(ナイトフォールサン)																																																									
2022104994	2024-09-16	4中山5		6.0	2歳新馬								ルメール		芝1800				1:50.1	-0.2		3-3-3-2	38.7-34.6	34.3	438(0)				720.0																																											曇		11.0	7.0	8.0	1.2	1.0	1	55.0	良	**	**		(ミライヘノハナ)															
2022104994	2024-10-26	4東京7		11.0	アルテミスS(GIII)								ルメール		芝1600				1:33.8	-0.2		3-3	35.1-33.6	33.3	440(+2)				2939.2																																											曇		11.0	2.0	2.0	4.7	3.0	1	55.0	良	**	**		(ミストレス)															
2022104994	2024-12-08	7京都4		11.0	阪神ジュベナイルF(GI)								ルメール		芝1600				1:35.1	1.7		11-12	34.2-34.9	35.9	428(-12)																																															曇		18.0	5.0	10.0	3.4	1.0	16	55.0	良	**	**		アルマヴェローチェ															
2022104994	2025-04-13	2阪神6		11.0	桜花賞(GI)								横山武史		芝1600				1:34.5	1.4		17-17	34.5-34.5	34.8	444(+16)																																															雨		18.0	8.0	18.0	29.4	8.0	9	55.0	稍	**	**		エンブロイダリー															
2022104994	2025-05-25	2東京10		11.0	優駿牝馬(GI)								レーン		芝2400				2:26.6	0.9		10-10-11-11	34.8-34.7	34.6	442(-2)																																															曇		18.0	6.0	12.0	15.3	6.0	7	55.0	良	**	**		カムニャック															
2022104994	2025-10-19	3京都7		11.0	秋華賞(GI)								池添謙一		芝2000				2:07.0	8.7		6-10-11-15	35.6-35.3	42.9	440(-2)																																															曇		18.0	3.0	5.0	45.5	13.0	18	55.0	良	**	**		エンブロイダリー															
2022105004	2024-09-07	3中京1	晴	4.0	2歳新馬		9.0	8.0	9.0	4.8	2.0	6	川田将雅	55.0	ダ1800		良	**	1:57.9	2.5	**	5-3-5-4	39.8-36.5	38.5	492(0)			トリポリタニア																																																																								
2022105004	2024-12-22	7京都8	曇	3.0	2歳未勝利		18.0	2.0	4.0	21.0	8.0	8	佐々木大	56.0	芝1400		良	**	1:22.9	1.3	**	7-6	34.6-35.5	35.9	498(+6)			ウィンストン																																																																								
2022105004	2025-04-06	2阪神4	晴	3.0	3歳未勝利		16.0	2.0	4.0	34.6	7.0	11	横山和生	57.0	ダ1400		良	**	1:28.0	2.1	**	8-9	35.5-37.7	39.3	494(-4)			ザックザク																																																																								
2022105004	2025-06-14	1函館1	晴	6.0	3歳未勝利		14.0	5.0	7.0	41.6	9.0	12	佐々木大	57.0	ダ1700		良	**	1:47.9	2.6	**	3-4-6-9	29.7-38.0	39.9	492(-2)			コスモシェルベット																																																																								
2022105004	2025-08-31	2札幌4	曇	6.0	3歳未勝利		14.0	8.0	14.0	27.4	6.0	7	横山和生	57.0	ダ1700		稍	**	1:48.0	2.2	**	2-3-3-4	30.2-37.4	39.2	506(+14)			サトミノエンジェル																																																																								
2022105011	2024-06-09	1函館2		5.0	2歳新馬								鮫島克駿		芝1200				1:10.4	0.7		5-6	34.7-35.0	35.2	482(0)				110.0																																											小雨		14.0	1.0	1.0	11.1	6.0	4	55.0	良	**	**		エメラヴィ															
2022105011	2024-06-22	1函館5		1.0	2歳未勝利								鮫島克駿		芝1200				1:10.9	1.0		5-6	33.8-36.1	36.7	484(+2)																																															晴		9.0	5.0	5.0	11.1	5.0	6	55.0	良	**	**		モジャーリオ															
2022105011	2024-08-25	2札幌6		1.0	2歳未勝利								松山弘平		芝1500				1:30.5	0.2		2-2-2	30.3-34.8	34.8	470(-14)				220.0																																											晴		7.0	2.0	2.0	23.6	5.0	2	55.0	良	**	**		ウォーターエアリー															
2022105011	2024-09-01	2札幌8		1.0	2歳未勝利								北村友一		芝1500				1:32.5	1.7		4-5-6	29.8-36.0	37.3	468(-2)																																															晴		12.0	8.0	12.0	32.1	7.0	6	55.0	稍	**	**		ヒシアマン															
2022105011	2024-11-02	6京都1		1.0	2歳未勝利								吉村誠之		ダ1800				1:56.3	3.2		5-5-5-4	35.3-39.8	41.0	478(+10)				83.0																																											雨		7.0	7.0	7.0	7.8	4.0	4	52.0	不	**	**		レイナデアルシーラ															
2022105011	2025-01-12	1中京4		6.0	3歳未勝利								鮫島克駿		芝2000				2:04.9	3.3		3-4-4-3	35.7-36.9	39.9	474(-4)																																															曇		18.0	3.0	6.0	70.4	13.0	16	55.0	良	**	**		レーゼドラマ															
2022105011	2025-03-16	1阪神6		3.0	3歳未勝利								団野大成		ダ1400				1:26.3	0.1		3-2	34.8-38.9	38.7	478(+4)				220.0																																											小雨		16.0	8.0	15.0	8.1	4.0	2	55.0	稍	**	**		サンマルノヴェル															
2022105011	2025-03-22	1阪神7		1.0	3歳未勝利								松山弘平		ダ1400				1:26.9	0.0		3-3	34.5-39.5	39.3	480(+2)				560.0																																											晴		15.0	8.0	15.0	1.7	1.0	1	55.0	良	**	**		(メイショウドライブ)															
2022105011	2025-05-04	2京都4		5.0	3歳1勝クラス								松山弘平		ダ1400				1:25.7	1.7		13-14	34.6-37.4	37.5	478(-2)																																															晴		15.0	6.0	11.0	46.4	9.0	11	55.0	良	**	**		ダノンフィーゴ															
2022105011	2025-06-28	2小倉1		8.0	3歳以上1勝クラス								小沢大仁		ダ1700				1:46.0	1.2		2-3-3-2	29.1-37.4	38.3	474(-4)				80.0																																											晴		15.0	1.0	1.0	24.3	10.0	5	53.0	良	**	**		レイナデアルシーラ															
2022105011	2025-07-20	2小倉8		8.0	3歳以上1勝クラス								和田竜二		芝1200				1:09.6	0.8		7-6	33.3-35.5	35.7	474(0)																																															晴		12.0	4.0	4.0	15.4	8.0	8	53.0	良	**	**		コウセキ															
2022105011	2025-09-07	4阪神2		6.0	3歳以上1勝クラス								小沢大仁		ダ1400				1:25.7	1.7		7-6	33.8-37.9	39.0	484(+10)																																															晴		15.0	6.0	10.0	28.6	10.0	8	54.0	良	**	**		ポートデラメール															
2022105011	2025-11-16	3福島4		3.0	3歳以上1勝クラス								亀田温心		ダ1700				1:47.2	1.2		3-3-6-4	29.2-38.7	39.3	492(+8)																																															晴		15.0	6.0	10.0	38.7	11.0	10	54.0	良	**	**		ユウェンタース															
2022105047	2025-02-09	1東京4		5.0	3歳新馬								菅原明良		芝1600				1:36.6	-0.1		11-10	36.3-34.8	33.7	438(0)				620.0																																											晴		16.0	2.0	4.0	4.2	2.0	1	55.0	良	**	**		(ダノンブギ)															
2022105047	2025-05-03	2東京3		10.0	スイートピーS(L)								菅原明良		芝1800				1:46.7	0.8		8-7-7	35.6-33.8	34.0	444(+6)																																															晴		13.0	2.0	2.0	17.5	5.0	7	55.0	良	**	**		ルージュソリテール															
2022105047	2025-08-16	2新潟7		6.0	中郷特別(1勝クラス)								丸山元気		芝1800				1:46.5	1.7		5-5	34.8-33.5	34.6	454(+10)																																															晴		11.0	5.0	6.0	48.5	8.0	8	53.0	良	**	**		エストゥペンダ															
2022105047	2025-10-26	4新潟4		4.0	3歳以上1勝クラス								横山琉人		芝1800				1:49.7	0.4		2-2	36.2-35.1	35.2	452(-2)																																															雨		16.0	2.0	4.0	17.1	7.0	6	54.0	稍	**	**		ラブリーリディア															
2022105051	2024-09-07	3中京1	晴	5.0	2歳新馬		8.0	2.0	2.0	3.8	2.0	3	松山弘平	55.0	芝1600		良	**	1:37.5	1.0	**	3-3-4	37.8-33.9	34.5	486(0)			タイセイカレント	180.0																																																																							
2022105051	2024-10-05	4東京1	小雨	1.0	2歳未勝利		9.0	7.0	7.0	14.8	4.0	1	松山弘平	56.0	芝1600		良	**	1:34.2	-0.2	**	9-9	34.2-35.3	34.6	480(-6)			(カネラフィーナ)	550.0																																																																							
2022105051	2024-10-26	5京都7	曇	8.0	萩S(L)		6.0	4.0	4.0	12.4	5.0	6	松山弘平	56.0	芝1800		良	**	1:50.0	1.9	**	6-6	37.2-33.7	34.7	480(0)			テリオスララ																																																																								
2022105051	2025-01-05	1中山1	曇	10.0	ジュニアC(L)		15.0	2.0	3.0	141.1	12.0	7	大野拓弥	57.0	芝1600		良	**	1:34.6	1.1	**	11-10-9	35.6-34.4	34.7	486(+6)			ファンダム																																																																								
2022105051	2025-03-23	2中山8	晴	6.0	3歳1勝クラス		12.0	8.0	11.0	39.2	7.0	10	Ｍ．デム	57.0	芝2000		良	**	2:02.0	2.0	**	11-11-8-8	35.6-35.8	36.9	488(+2)			アマキヒ																																																																								
2022105051	2025-04-06	3中山4	小雨	6.0	3歳1勝クラス		14.0	3.0	3.0	126.4	13.0	12	菱田裕二	57.0	ダ1800		稍	**	1:55.7	2.4	**	14-14-13-11	36.2-39.1	40.0	488(0)			ゴッドエスパーダ																																																																								
2022105051	2025-06-29	2小倉2	晴	9.0	青島特別(1勝クラス)		8.0	2.0	2.0	48.7	7.0	7	坂井瑠星	55.0	芝1800		良	**	1:49.0	1.5	**	1-1-2-6	36.3-35.6	37.0	488(0)			レディーミコノス																																																																								
2022105051	2025-09-06	高知	晴	3.0	徳島県ミルクとすだち(C3)		11.0	8.0	11.0	3.3	2.0	2	宮川実	57.0	ダ1300		重	**	1:25.4	0.7	**	6-5-5-2		40.0	498(+10)			スティーロポリス	24.0																																																																							
2022105051	2025-09-21	高知	晴	2.0	C3ー4		8.0	6.0	6.0	8.8	3.0	2	井上瑛太	57.0	ダ1400		稍	**	1:32.0	0.4	**	5-5-5-4		38.9	490(-8)			ベストディシジョン	24.0																																																																							
2022105051	2025-10-05	高知	晴	9.0	ダリア特別(C3)		8.0	7.0	7.0	20.7	4.0	4	近藤翔月	54.0	ダ1400		重	**	1:31.4	1.4	**	6-6-6-5		38.6	495(+5)			アティード	16.5																																																																							
2022105051	2025-10-19	高知	曇	10.0	C3ー2		11.0	8.0	11.0	2.4	1.0	1	井上瑛太	57.0	ダ1300		稍	**	1:24.7	-0.7	**	1-1-1-1		38.8	498(+3)			(シンデレラスマイル)	60.0																																																																							
2022105051	2025-11-01	高知	晴	6.0	C2ー6		10.0	2.0	2.0	2.8	2.0	3	井上瑛太	57.0	ダ1300		不	**	1:24.9	0.6	**	3-3-3-3		39.5	494(-4)			イエルバブエナ	17.5																																																																							
2022105051	2025-11-15	高知	晴	7.0	C2ー5		10.0	8.0	9.0	1.8	1.0	1	井上瑛太	57.0	ダ1600		重	**	1:47.6	-0.1	**	1-1-1-1		39.8	495(+1)			(オークハンプトン)	70.0																																																																							
2022105051	2025-12-13	高知	小雨	11.0	年の瀬特別(C2)		12.0	6.0	8.0	24.5	5.0	6	井上瑛太	57.0	ダ1400		良	**	1:33.6	1.0	**	2-2-2-3		40.8	496(+1)			ジャスパージャック																																																																								
2022105051	2025-12-28	高知	晴	4.0	馬産地日高特別(C2)		10.0	4.0	4.0	3.1	2.0	2	井上瑛太	57.0	ダ1600		良	**	1:49.4	0.9	**	2-2-2-1		40.8	492(-4)			ショウサンキズナ	28.0																																																																							
2022105051	2026-01-13	高知	晴	4.0	C1ー6		7.0	3.0	3.0	3.5	2.0	2	井上瑛太	57.0	ダ1600		良		1:47.3	0.1		1-1-1-1		40.2	497(+5)			メイショウヨンク	36.0																																																																							
2022105058	2024-09-15	3中京4	曇	4.0	2歳新馬		9.0	3.0	3.0	3.2	2.0	4	松山弘平	55.0	ダ1800		重	**	1:54.5	0.6	**	1-3-4-3	37.1-39.7	39.8	514(0)			キタノサワヤカ	110.0																																																																							
2022105058	2024-10-12	5京都3	晴	2.0	2歳未勝利		11.0	6.0	7.0	4.3	2.0	2	松山弘平	55.0	ダ1800		良	**	1:55.4	0.2	**	8-8-8-5	37.0-39.1	38.3	518(+4)			ヴェーヌドール	220.0																																																																							
2022105058	2024-11-30	7京都1	晴	1.0	2歳未勝利		14.0	2.0	2.0	1.5	1.0	1	Ｃ．デム	55.0	ダ1800		稍	**	1:54.8	-0.2	**	7-7-6-4	37.0-38.9	38.4	518(0)			(タマモジャスミン)	550.0																																																																							
2022105058	2025-02-09	1京都4	晴	4.0	3歳1勝クラス		10.0	7.0	8.0	61.2	8.0	中	西村淳也	55.0	ダ1800		稍	**			**	3-3-5-9	36.7-37.8		514(-4)			グランドプラージュ																																																																								
2022105058	2025-04-06	2阪神4	晴	5.0	3歳1勝クラス		14.0	4.0	6.0	54.2	10.0	10	シュタル	55.0	ダ1800		良	**	1:55.6	2.9	**	10-10-10-8	36.5-38.2	40.1	508(-6)			テスティモーネ																																																																								
2022105058	2025-05-11	2京都6	曇	6.0	3歳1勝クラス		11.0	3.0	3.0	13.3	4.0	3	藤岡佑介	55.0	ダ1800		稍	**	1:53.6	0.3	**	8-8-6-6	36.9-36.9	36.6	516(+8)			ツキノアカリ	200.0																																																																							
2022105058	2025-06-07	3阪神1	曇	8.0	3歳以上1勝クラス		9.0	6.0	6.0	3.2	2.0	3	北村友一	53.0	ダ1800		良	**	1:54.6	0.1	**	3-3-3-2	37.9-38.1	37.9	514(-2)			ラヴァブル	200.0																																																																							
2022105058	2025-07-27	3中京2	晴	9.0	3歳以上1勝クラス		9.0	1.0	1.0	2.0	1.0	3	松山弘平	53.0	ダ1800		良	**	1:55.4	1.1	**	9-9-9-9	38.2-38.4	37.8	514(0)			エターナルプロミス	200.0																																																																							
2022105058	2025-10-13	3京都5	晴	4.0	3歳以上1勝クラス		13.0	2.0	2.0	3.8	2.0	2	戸崎圭太	54.0	ダ1800		良	**	1:52.4	0.2	**	1-1-1-1	37.0-37.5	37.7	520(+6)			プリンセッサ	320.0																																																																							
2022105058	2025-11-22	4京都5	晴	7.0	3歳以上1勝クラス		16.0	5.0	9.0	1.5	1.0	1	Ｃ．デム	54.0	ダ1800		良	**	1:52.9	-0.9	**	6-6-2-2	38.2-37.3	37.0	524(+4)			(アイブリンク)	800.0																																																																							
2022105058	2025-12-21	5阪神6	雨	8.0	3歳以上2勝クラス		15.0	5.0	9.0	3.1	1.0	4	Ｃ．デム	55.0	ダ1800		重	**	1:51.1	0.7	**	7-7-4-4	36.1-37.4	37.7	520(-4)			デルアヴァー	170.0																																																																							
2022105063	2024-10-27	4東京8		5.0	2歳新馬								川田将雅		芝2000				2:01.7	0.0		10-6-6	37.2-34.0	33.5	430(0)				290.0	曇		15.0	4.0	6.0	3.3	2.0	2	55.0	良	**	**		アマキヒ																																																									
2022105063	2024-12-22	5中山8		4.0	2歳未勝利								川田将雅		芝2000				2:01.3	-0.3		17-17-4-2	36.4-36.1	35.8	422(-8)				550.0	晴		18.0	8.0	18.0	2.4	1.0	1	55.0	良	**	**		(カーミングライツ)																																																									
2022105063	2025-04-27	2東京2		11.0	サンスポ賞フローラS(GII)								菅原明良		芝2000				1:59.9	1.3		15-12-13	36.1-34.2	34.4	432(+10)					晴		18.0	8.0	16.0	21.0	10.0	17	55.0	良	**	**		カムニャック																																																									
2022105075	2024-12-22	7京都8		4.0	2歳新馬								西村淳也		ダ1800				1:54.7	-1.9		1-1-1-1	37.4-38.1	38.1	526(0)				720.0	曇		13.0	5.0	6.0	1.9	1.0	1	56.0	良	**	**		(テルアスワッド)																																																									
2022105075	2025-02-23	1東京8		9.0	ヒヤシンスS(L)								横山武史		ダ1600				1:38.9	1.3		5-5	35.9-35.6	36.5	532(+6)					晴		10.0	8.0	10.0	6.6	3.0	7	57.0	良	**	**		ルクソールカフェ																																																									
2022105096	2024-09-16	3中京5		5.0	2歳新馬								団野大成		芝1600				1:37.2	0.5		11-10-11	37.3-34.4	34.0	400(0)				72.0	晴		11.0	4.0	4.0	23.6	8.0	5	55.0	良	**	**		ゴージャス																																																									
2022105096	2024-10-12	5京都3		3.0	2歳未勝利								団野大成		芝1600				1:36.8	2.4		5-7	34.7-35.6	37.6	400(0)					晴		16.0	6.0	11.0	17.1	7.0	15	55.0	良	**	**		ドラゴンブースト																																																									
2022105096	2024-12-22	7京都8		3.0	2歳未勝利								高杉吏麒		芝1400				1:23.6	2.0		14-17	34.6-35.5	35.7	392(-8)					曇		18.0	7.0	13.0	210.8	18.0	13	53.0	良	**	**		ウィンストン																																																									
2022105096	2025-04-27	2京都2		1.0	3歳未勝利								菱田裕二		ダ1200				1:14.6	1.6		13-13	36.7-36.3	36.9	414(+22)					晴		15.0	8.0	15.0	58.2	13.0	11	55.0	良	**	**		ペプチドクレマチス																																																									
2022105096	2025-08-23	2札幌1		3.0	3歳未勝利								北村友一		芝2000				2:04.4	2.0		1-1-1-2	36.3-36.2	38.2	412(-2)					晴		16.0	1.0	2.0	153.8	15.0	14	55.0	稍	**	**		グランセゾン																																																									
2022105123	2024-11-09	5東京3		5.0	2歳新馬								Ｍ．デム		芝1800				1:48.6	0.2		8-7-7	37.3-33.8	33.5	414(0)				290.0															晴		9.0	5.0	5.0	30.4	5.0	2	55.0	良	**	**		カザンラク																																											
2022105123	2024-11-24	5東京8		4.0	2歳未勝利								菅原明良		芝2000				2:03.6	1.9		4-5-5	37.0-33.9	35.2	412(-2)																			晴		12.0	1.0	1.0	5.8	4.0	7	55.0	良	**	**		ウィクトルウェルス																																											
2022105123	2025-08-02	2新潟3		11.0	3歳未勝利								菅原明良		芝1600				1:33.0	0.3		16-15	34.6-34.7	32.9	438(+26)				220.0															晴		17.0	6.0	11.0	13.5	6.0	2	55.0	良	**	**		アンダーザライト																																											
2022105123	2025-08-23	3新潟1		3.0	3歳未勝利								菅原明良		芝1600				1:35.2	0.5		13-13	36.3-34.0	33.1	426(-12)				56.0															晴		18.0	8.0	18.0	2.6	1.0	5	55.0	良	**	**		ミッキーソルジャー																																											
2022105123	2025-10-19	4新潟2		7.0	3歳以上1勝クラス								横山琉人		芝1600				1:34.2	0.5		16-14	34.9-34.1	33.1	430(+4)																			曇		18.0	6.0	11.0	9.4	4.0	7	54.0	稍	**	**		ネーブルオレンジ																																											
2022105123	2025-10-25	4新潟3		6.0	3歳以上1勝クラス								今村聖奈		芝1800				1:48.1	1.5		1-1	36.0-33.8	35.3	424(-6)																			晴		15.0	3.0	4.0	14.6	7.0	14	52.0	良	**	**		コンフォルツァ																																											
2022105123	2025-12-06	5中京1		12.0	3歳以上1勝クラス								今村聖奈		芝1600				1:34.1	1.1		15-14-14	35.3-34.3	34.0	432(+8)																			晴		16.0	2.0	4.0	42.0	10.0	13	53.0	良	**	**		ツーエムクロノス																																											
2022105123	2026-01-18	1京都7		12.0	4歳以上1勝クラス								吉村誠之		芝1600				1:36.5	0.4		5-5	35.5-35.2	35.1	434(+2)																																																													晴		8.0	7.0	8.0	50.2	7.0	6	55.0	良	**	**		サク	202608010712
2022105139	2024-09-07	4中山1		5.0	2歳新馬								ルメール		芝2000				2:04.9	0.3		5-6-5-5	38.4-34.3	34.2	462(0)				110.0																													晴		7.0	6.0	6.0	3.7	2.0	4	55.0	良	**	**		ハードワーカー																													
2022105139	2025-08-02	2新潟3		12.0	3歳未勝利								戸崎圭太		芝2000				1:59.7	0.1		4-4-4-4	35.2-35.1	33.9	490(+28)				220.0																													晴		12.0	7.0	10.0	5.3	3.0	2	55.0	良	**	**		オプレントジュエル																													
2022105139	2025-10-04	4東京1		7.0	3歳以上1勝クラス								横山武史		芝2000				2:00.8	0.0		2-1-1	37.7-33.2	33.2	470(-20)				800.0																													曇		10.0	7.0	7.0	12.8	6.0	1	54.0	良	**	**		(リポサンテ)																													
2022105139	2026-01-17	1中山6		7.0	4歳以上1勝クラス								横山武史		芝2200				2:12.1	0.1		3-4-5-4	36.6-35.6	35.3	478(+8)				330.0																													晴		12.0	1.0	1.0	2.8	2.0	2	55.0	良				クリフハンガー																													
2022105156	2025-01-18	1中山6	晴	2.0	3歳未勝利		16.0	5.0	10.0	7.6	5.0	10	戸崎圭太	57.0	ダ1800		良	**	1:58.5	3.1	**	13-14-14-11	37.2-39.8	41.2	482(0)			カージオイド																																																																								
2022105156	2025-03-22	2中京3	晴	4.0	3歳未勝利		16.0	5.0	9.0	50.6	9.0	8	丸山元気	57.0	ダ1400		良	**	1:26.3	1.6	**	14-13	34.2-38.5	38.1	474(-8)			パヴィーア																																																																								
2022105156	2025-04-06	3中山4	曇	1.0	3歳未勝利		13.0	6.0	9.0	10.9	4.0	5	丸山元気	57.0	ダ1800		稍	**	1:57.1	1.6	**	9-9-4-5	35.1-40.8	42.1	472(-2)			キタノラブミー	56.0																																																																							
2022105156	2025-05-04	2東京4	晴	2.0	3歳未勝利		16.0	5.0	9.0	36.4	9.0	6	北村宏司	57.0	ダ1400		稍	**	1:26.4	1.2	**	14-14	36.1-36.3	36.2	484(+12)			ポッドベル																																																																								
2022105156	2025-06-15	3東京4	曇	3.0	3歳未勝利		16.0	3.0	5.0	33.8	9.0	4	丸山元気	57.0	ダ1600		重	**	1:37.0	0.6	**	11-9	34.4-36.8	36.2	480(-4)			ハクシンブライアン	84.0																																																																							
2022105156	2025-07-05	2福島3	曇	2.0	3歳未勝利		15.0	2.0	2.0	4.8	3.0	3	荻野極	57.0	ダ1700		稍	**	1:48.4	1.1	**	5-3-5-5	30.1-38.6	39.3	480(0)			カイトヴィント	140.0																																																																							
2022105156	2025-08-02	2新潟3	晴	2.0	3歳未勝利		15.0	6.0	11.0	6.0	4.0	1	丸山元気	57.0	ダ1800		良	**	1:55.2	-0.3	**	5-5-4-5	37.8-39.2	38.6	484(+4)			(センジュコスモス)	560.0																																																																							
2022105156	2025-10-25	4新潟3	晴	5.0	3歳以上1勝クラス		14.0	7.0	11.0	14.8	7.0	12	丸山元気	56.0	ダ1800		良	**	1:55.2	2.5	**	7-7-9-9	36.4-37.7	39.3	490(+6)			ショウサンジョージ																																																																								
2022105156	2025-12-14	5中京4	晴	9.0	大須特別(1勝クラス)		12.0	2.0	2.0	21.6	8.0	11	丸山元気	57.0	ダ1800		稍	**	1:58.4	4.2	**	11-10-5-6	37.3-39.8	43.4	486(-4)			レッドボブ																																																																								
2022105175	2024-10-05	4東京1		5.0	2歳新馬								永野猛蔵		芝2000				2:04.1	1.7		12-11-9	37.5-33.8	34.0	488(0)																			小雨		12.0	6.0	8.0	17.6	5.0	10	56.0	稍	**	**		レッドキングリー																																											
2022105175	2024-10-26	4東京7		2.0	2歳未勝利								木幡巧也		芝2000				2:05.8	0.8		8-8-7	39.2-33.4	33.6	494(+6)																			曇		11.0	7.0	8.0	64.1	7.0	7	56.0	良	**	**		リアライズオーラム																																											
2022105175	2024-12-14	5中山5		2.0	2歳未勝利								木幡巧也		ダ1800				1:56.8	0.1		9-9-7-5	38.2-40.1	39.3	498(+4)				220.0															晴		16.0	7.0	13.0	14.5	6.0	2	56.0	良	**	**		ニシノケンタマン																																											
2022105175	2025-01-05	1中山1		2.0	3歳未勝利								木幡巧也		ダ1800				1:56.1	0.0		13-13-5-5	38.0-39.0	38.7	492(-6)				560.0															晴		16.0	3.0	6.0	7.3	3.0	1	57.0	良	**	**		(ロンパイア)																																											
2022105175	2025-03-01	2中山1		9.0	水仙賞(1勝クラス)								木幡巧也		芝2200				2:16.9	0.4		12-12-8-8	36.0-34.7	34.7	496(+4)				284.4															晴		13.0	3.0	3.0	144.8	12.0	3	57.0	良	**	**		エーオーキング																																											
2022105175	2025-04-05	3中山3		9.0	山吹賞(1勝クラス)								木幡巧也		芝2200				2:12.7	0.5		5-5-2-1	36.7-35.3	35.8	492(-4)				282.3															晴		7.0	4.0	4.0	8.9	3.0	3	57.0	良	**	**		ピックデムッシュ																																											
2022105175	2025-04-26	2東京1		11.0	テレビ東京杯青葉賞(GII)								木幡巧也		芝2400				2:25.6	0.8		10-9-9-9	35.1-34.4	34.4	490(-2)																			曇		13.0	3.0	3.0	151.3	12.0	10	57.0	良	**	**		エネルジコ																																											
2022105175	2025-07-19	2福島7		9.0	開成山特別(1勝クラス)								木幡巧也		芝2600				2:45.7	-0.2		3-4-3-2	38.7-36.8	36.5	502(+12)				1127.5															晴		8.0	5.0	5.0	2.6	1.0	1	55.0	良	**	**		(プルミエソルティ)																																											
2022105175	2025-08-17	1札幌8		12.0	阿寒湖特別(2勝クラス)								丹内祐次		芝2600				2:43.9	0.7		4-4-3-2	37.7-36.6	37.1	504(+2)				394.4															曇		14.0	3.0	4.0	15.7	7.0	3	55.0	稍	**	**		レクスノヴァス																																											
2022105175	2025-09-15	4中山5		11.0	朝日セントライト記念(GII)								丹内祐次		芝2200				2:11.6	0.8		5-6-2-2	35.6-34.9	35.6	502(-2)																			曇		12.0	8.0	12.0	119.4	10.0	8	57.0	良	**	**		ミュージアムマイル																																											
2022105175	2025-12-07	5中山2		7.0	3歳以上2勝クラス								マーカン		芝2500				2:30.9	0.4		5-5-4-4	30.9-34.1	34.2	510(+8)				460.0															晴		11.0	7.0	8.0	2.8	1.0	2	56.0	良	**	**		ミクニインスパイア																																											
2022105175	2025-12-28	5中山8		9.0	グッドラックH(2勝クラス)								マーカン		芝2500				2:33.9	0.3		3-4-2-1	31.3-36.1	36.4	512(+2)				230.0															晴		14.0	7.0	12.0	4.3	3.0	4	55.0	良	**	**		コーチェラバレー																																											
2022105175	2026-01-18	1中山7		7.0	4歳以上2勝クラス								丹内祐次		芝2200				2:14.5	-0.2		3-3-3-4	37.7-34.0	33.8	504(-8)				1190.0																																																									晴		16.0	3.0	5.0	15.4	5.0	1	57.0	良	**	**		(オストラヴァ)	202606010707
2022105192	2024-08-18	2中京4		5.0	2歳新馬								幸英明		芝1600				1:34.7	-0.2		14-11-10	34.1-36.2	35.0	426(0)				720.0																																											晴		16.0	1.0	2.0	18.5	5.0	1	55.0	良	**	**		(ウォーターガーベラ)															
2022105192	2024-10-12	5京都3		8.0	紫菊賞(1勝クラス)								幸英明		芝1800				1:48.8	-0.2		3-3	37.2-33.6	33.3	438(+12)				1085.4																																											晴		6.0	6.0	6.0	4.0	3.0	1	55.0	良	**	**		(ワンモアスマイル)															
2022105192	2024-12-08	7京都4		11.0	阪神ジュベナイルF(GI)								幸英明		芝1600				1:33.6	0.2		12-9	34.2-34.9	34.4	436(-2)				2636.4																																											曇		18.0	1.0	1.0	18.3	8.0	2	55.0	良	**	**		アルマヴェローチェ															
2022105192	2025-03-02	1阪神2		11.0	チューリップ賞(GII)								幸英明		芝1600				1:34.1	0.1		2-2	35.7-34.2	34.0	434(-2)				1315.4																																											小雨		14.0	6.0	9.0	2.9	1.0	3	55.0	良	**	**		クリノメイ															
2022105192	2025-04-13	2阪神6		11.0	桜花賞(GI)								幸英明		芝1600				1:35.0	1.9		6-4	34.5-34.5	36.1	440(+6)																																															雨		18.0	3.0	6.0	12.8	5.0	11	55.0	稍	**	**		エンブロイダリー															
2022105192	2025-05-25	2東京10		11.0	優駿牝馬(GI)								幸英明		芝2400				2:27.0	1.3		15-15-12-15	34.8-34.7	34.8	438(-2)																																															曇		18.0	3.0	6.0	79.3	12.0	13	55.0	良	**	**		カムニャック															
2022105192	2025-09-14	4阪神4		11.0	関西TVローズS(GII)								西村淳也		芝1800				1:43.8	0.3		9-10	34.0-35.0	34.5	432(-6)				780.0																																											晴		17.0	8.0	18.0	52.8	11.0	4	55.0	良	**	**		カムニャック															
2022105192	2025-10-19	3京都7		11.0	秋華賞(GI)								西村淳也		芝2000				1:59.0	0.7		11-10-6-6	35.6-35.3	35.5	442(+10)																																															曇		18.0	7.0	14.0	23.9	9.0	6	55.0	良	**	**		エンブロイダリー															
2022105192	2025-12-20	5中山5		11.0	ターコイズS(GIII)								西村淳也		芝1600				1:33.4	0.4		5-5-5	34.7-34.7	34.4	434(-8)																																															曇		16.0	5.0	9.0	8.6	4.0	10	54.0	良	**	**		ドロップオブライト															
2022105201	2024-11-02	6京都1		5.0	2歳新馬								北村友一		ダ1400				1:26.4	1.7		10-11	34.9-37.8	38.0	418(0)																																															雨		16.0	7.0	14.0	71.1	12.0	7	56.0	不	**	**		ストップヤーニング															
2022105201	2024-11-16	6京都5		2.0	2歳未勝利								幸英明		ダ1800				1:54.4	0.2		9-8-7-7	36.4-38.7	38.3	414(-4)				220.0																																											曇		11.0	6.0	6.0	104.0	10.0	2	56.0	良	**	**		ベイラム															
2022105201	2024-12-08	7京都4		2.0	2歳未勝利								幸英明		ダ1800				1:55.8	-0.5		3-3-3-3	36.7-38.9	38.6	418(+4)				550.0																																											晴		12.0	3.0	3.0	3.5	2.0	1	56.0	良	**	**		(マーウォルス)															
2022105201	2025-01-06	1中京2		4.0	3歳1勝クラス								幸英明		ダ1800				1:56.6	3.3		9-8-7-7	36.8-38.8	41.1	418(0)																																															曇		12.0	5.0	5.0	219.0	10.0	12	57.0	良	**	**		ドンインザムード															
2022105201	2025-08-03	1札幌4		7.0	3歳以上1勝クラス								石川裕紀		ダ1700				1:53.2	7.4		1-1-2-11	30.3-38.5	45.8	404(-14)																																															晴		12.0	8.0	11.0	54.0	8.0	12	55.0	良	**	**		カペルブリュッケ															
2022105201	2025-10-26	4新潟4		8.0	3歳以上1勝クラス								斎藤新		ダ1800				1:53.4	1.1		9-9-7-7	36.2-37.6	38.0	414(+10)				320.0																																											雨		12.0	7.0	10.0	64.6	11.0	2	56.0	稍	**	**		テーオーマルコーニ															
2022105201	2025-12-06	5中京1		7.0	3歳以上1勝クラス								斎藤新		ダ1800				1:54.0	0.3		11-11-14-9	36.8-38.2	37.2	418(+4)				320.0																																											晴		16.0	8.0	15.0	14.5	7.0	2	57.0	良	**	**		ストーンズ															
2022105204	2024-11-03	3福島2	晴	6.0	2歳新馬		15.0	8.0	15.0	174.5	15.0	15	松本大輝	55.0	ダ1700		重	**	1:56.8	9.3	**	11-15-15-15	29.8-39.0	42.6	496(0)			シーソーゲーム																																																																								
2022105204	2025-03-22	2中京3	晴	3.0	3歳未勝利		12.0	8.0	12.0	219.7	11.0	12	西塚洸二	56.0	ダ1900		良	**	2:06.5	4.3	**	12-12-11-11	31.3-38.9	41.6	486(-10)			エコロスパーダ																																																																								
2022105204	2025-04-06	2阪神4	晴	4.0	3歳未勝利		14.0	3.0	3.0	382.6	14.0	14	和田陽希	54.0	芝2400		良	**	2:34.6	8.0	**	3-4-2-9	36.2-35.5	42.6	490(+4)			セイキュート																																																																								
2022105204	2025-06-08	3阪神2	曇	7.0	3歳未勝利		18.0	2.0	3.0	287.7	16.0	16	和田陽希	54.0	芝1600		良	**	1:36.1	2.1	**	13-14	34.6-35.3	35.9	496(+6)			ロールザダイス																																																																								
2022105204	2025-09-11	笠松	曇	5.0	茂地夫妻結婚記念(3歳)		6.0	3.0	3.0	19.7	5.0	5	筒井勇介	57.0	ダ1400		良	**	1:35.9	3.5	**	4-5-5		43.5	497(+1)			メモリーフィルム	4.5																																																																							
2022105204	2025-09-24	笠松	曇	3.0	桑山結婚記念レース(3歳)		9.0	6.0	6.0	54.5	6.0	8	細川智史	57.0	ダ1400		良	**	1:37.0	4.3	**	3-5-6		45.1	488(-9)			ノヴァエスペランサ																																																																								
2022105204	2025-10-07	笠松	曇	3.0	翔一郎・沙也伽結婚記(C)		8.0	4.0	4.0	89.0	7.0	8	細川智史	57.0	ダ1400		良	**	1:38.4	6.2	**	2-5-6		46.4	488(0)			ファーニスクリーク																																																																								
2022105204	2025-10-21	笠松	曇	1.0	C27組		8.0	7.0	7.0	61.4	8.0	4	細川智史	57.0	ダ800		良	**	0:51.6	0.7	**	2		38.4	487(-1)			モズミコシ	6.0																																																																							
2022105204	2025-11-05	笠松	曇	2.0	好きです笠松競馬(C)		10.0	5.0	5.0	112.2	8.0	10	細川智史	57.0	ダ1400		良	**	1:34.9	3.6	**	2-4-7		43.9	493(+6)			クロスレート																																																																								
2022105204	2025-11-14	笠松	晴	3.0	C20組		10.0	7.0	8.0	48.3	7.0	9	細川智史	57.0	ダ1400		良	**	1:34.7	3.2	**	3-5-8		42.3	491(-2)			ホウオウパシュート																																																																								
2022105204	2025-11-27	笠松	晴	1.0	C26組		8.0	4.0	4.0	2.8	2.0	1	細川智史	57.0	ダ800		良	**	0:51.0	-0.6	**	1		37.2	499(+8)			(メイショウハント)	40.0																																																																							
2022105204	2025-12-12	笠松	晴	6.0	ポインセチア特別(C)		10.0	2.0	2.0	186.2	9.0	9	細川智史	57.0	ダ1600		良	**	1:49.4	2.6	**	6-8-10		42.2	504(+5)			ハルカサクソラ																																																																								
2022105204	2025-12-26	笠松	晴	7.0	禄章還暦おめでとう記(C)		10.0	6.0	6.0	68.0	7.0	7	細川智史	57.0	ダ1400		稍	**	1:35.2	3.1	**	5-5-6		42.8	507(+3)			レジョンデロル																																																																								
2022105204	2026-01-06	笠松	晴	7.0	C20組		8.0	7.0	7.0	61.8	6.0	5	井口裕貴	54.0	ダ1400		良	**	1:33.8	1.4	**	6-6-6		40.2	504(-3)			マーゴットビースト	4.0																																																																							
2022105209	2024-07-14	3小倉6		5.0	2歳新馬								松山弘平		芝2000				2:07.3	0.2		3-3-3-3	37.3-38.4	38.4	452(0)				110.0																													雨		7.0	3.0	3.0	7.6	4.0	4	55.0	不	**	**		トップオンザヒル																													
2022105209	2024-09-01	2中京8		3.0	2歳未勝利								松山弘平		芝2000				2:03.3	-0.1		1-1-1-1	36.5-37.5	37.5	454(+2)				550.0																													小雨		8.0	4.0	4.0	3.8	2.0	1	55.0	重	**	**		(リビングストン)																													
2022105209	2024-09-21	3中京6		8.0	野路菊S(OP)								岩田望来		芝2000				2:04.1	1.3		2-2-2-2	38.1-33.6	34.9	454(0)				240.0																													晴		5.0	5.0	5.0	11.4	4.0	4	55.0	良	**	**		エリキング																													
2022105209	2024-12-07	7京都3		9.0	エリカ賞(1勝クラス)								菱田裕二		芝2000				2:02.2	1.6		7-7-7-7	36.1-34.2	35.0	458(+4)				107.0																													晴		7.0	1.0	1.0	68.5	7.0	5	56.0	良	**	**		ナグルファル																													
2022105209	2025-07-27	3中京2		8.0	御在所特別(1勝クラス)								松山弘平		芝2000				2:00.9	1.7		2-1-1-1	35.9-34.9	36.6	456(-2)																																	晴		7.0	3.0	3.0	10.8	5.0	6	55.0	良	**	**		メディテラニアン																													
2022105209	2025-08-30	4中京3		8.0	3歳以上1勝クラス								松山弘平		芝2000				2:01.1	0.7		4-5-8-7	37.5-34.0	33.9	450(-6)																																	晴		8.0	1.0	1.0	11.6	5.0	7	55.0	良	**	**		ジョイエッロ																													
2022105209	2025-12-21	5中京6		8.0	3歳以上1勝クラス								荻野極		芝1600				1:37.3	1.5		3-3-3	35.9-36.3	36.9	470(+20)																																	雨		16.0	6.0	12.0	36.7	9.0	16	57.0	稍	**	**		ミトノオルフェ																													
2022105209	2026-01-17	1京都6		7.0	4歳以上1勝クラス								松若風馬		ダ1400				1:26.9	1.9		12-12	36.0-36.6	37.5	468(-2)																																	晴		15.0	1.0	2.0	87.4	11.0	12	57.0	良				レーティッシュ																													
2022105215	2025-03-23	1阪神8	晴	4.0	3歳未勝利		17.0	7.0	14.0	32.7	10.0	8	坂井瑠星	57.0	芝1600		良	**	1:35.7	1.2	**	16-14	34.8-34.1	34.0	436(0)			ミトノオルフェ																																																																								
2022105215	2025-04-06	2阪神4	晴	4.0	3歳未勝利		14.0	3.0	4.0	6.5	4.0	5	横山武史	57.0	芝2400		良	**	2:27.7	1.1	**	2-2-2-2	36.2-35.5	36.5	432(-4)			セイキュート	56.0																																																																							
2022105215	2025-06-07	3阪神1	曇	6.0	3歳未勝利		13.0	4.0	4.0	7.1	5.0	4	坂井瑠星	57.0	芝2000		良	**	2:01.5	0.4	**	4-4-4-4	36.3-35.3	35.3	430(-2)			サトノソティラス	84.0																																																																							
2022105215	2025-06-28	2小倉1	晴	4.0	3歳未勝利		16.0	2.0	4.0	8.2	4.0	2	坂井瑠星	57.0	芝1800		良	**	1:47.4	0.2	**	5-6-5-4	35.1-36.7	36.1	432(+2)			ラトラース	220.0																																																																							
2022105215	2025-07-13	2小倉6	曇	4.0	3歳未勝利		16.0	1.0	1.0	3.4	2.0	10	坂井瑠星	57.0	芝1800		良	**	1:50.1	0.7	**	4-5-5-4	36.9-36.7	37.1	436(+4)			マテンロウギフト																																																																								
2022105215	2025-08-17	3中京8	晴	11.0	3歳未勝利		15.0	2.0	2.0	8.2	3.0	3	坂井瑠星	57.0	芝1600		良	**	1:33.7	0.2	**	4-6-5	35.2-35.2	34.9	430(-6)			コスモグローリー	140.0																																																																							
2022105215	2025-09-06	4阪神1	晴	4.0	3歳未勝利		18.0	7.0	14.0	11.7	7.0	10	坂井瑠星	57.0	芝1600		良	**	1:33.5	0.9	**	3-3	34.5-34.7	35.4	428(-2)			パスコード																																																																								
2022105215	2025-11-15	3福島3	晴	9.0	土湯温泉特別(1勝クラス)		16.0	3.0	6.0	145.3	15.0	13	黛弘人	56.0	芝1800		良	**	1:49.0	2.1	**	4-5-6-9	35.1-36.3	37.8	434(+6)			マテンロウギフト																																																																								
2022105225	2024-08-10	3新潟1		6.0	2歳新馬								岩田康誠		芝1400				1:23.5	1.2		13-13	34.7-35.7	35.7	444(0)				72.0															晴		18.0	5.0	10.0	7.7	3.0	5	55.0	良	**	**		セナマリン																																											
2022105225	2024-11-17	5東京6		2.0	2歳未勝利								菅原明良		芝1800				1:47.4	1.5		14-13-14	35.3-34.5	34.1	450(+6)																			晴		17.0	6.0	12.0	16.7	6.0	8	55.0	良	**	**		ロートホルン																																											
2022105225	2025-02-01	1東京1		6.0	3歳未勝利								田辺裕信		芝1800				1:50.0	0.8		8-8-7	36.5-34.1	34.2	446(-4)																			晴		16.0	3.0	6.0	23.9	8.0	11	55.0	良	**	**		タイセイプランセス																																											
2022105225	2025-03-16	2中山6		1.0	3歳未勝利								大野拓弥		ダ1800				1:54.1	0.1		12-12-5-5	37.5-38.9	38.4	440(-6)				220.0															雨		16.0	1.0	2.0	20.0	7.0	2	55.0	不	**	**		バラダレイナ																																											
2022105225	2025-04-12	3中山5		1.0	3歳未勝利								大野拓弥		ダ1800				1:55.1	-0.5		12-11-2-2	37.7-38.4	38.2	440(0)				560.0															晴		14.0	8.0	14.0	3.0	2.0	1	55.0	稍	**	**		(デルマアポロニア)																																											
2022105225	2025-07-19	2福島7		6.0	3歳以上1勝クラス								大野拓弥		ダ1700				1:47.5	2.0		14-14-13-12	29.9-38.0	37.3	434(-6)																			晴		14.0	2.0	2.0	6.5	3.0	7	53.0	良	**	**		オーケーマヒナ																																											
2022105225	2025-09-27	4中山8		6.0	3歳以上1勝クラス								横山和生		ダ1800				1:54.8	-0.1		14-14-15-10	38.7-37.8	36.5	446(+12)				800.0															晴		16.0	6.0	12.0	3.7	2.0	1	53.0	良	**	**		(ランスノーブル)																																											
2022105225	2025-11-23	5東京5		8.0	3歳以上2勝クラス								横山和生		ダ1600				1:39.2	0.7		4-6	37.1-35.6	36.0	448(+2)																			曇		16.0	1.0	2.0	22.3	6.0	7	55.0	良	**	**		セギレエルビエント																																											
2022105225	2026-01-18	1中山7		8.0	4歳以上2勝クラス								横山和生		ダ1800				1:53.6	-0.9		16-16-10-3	36.8-38.9	38.0	446(-2)				1190.0																																																									晴		16.0	4.0	7.0	5.8	3.0	1	55.0	良	**	**		(レイバックスピン)	202606010708
2022105227	2024-10-14	4東京4		5.0	2歳新馬								岩田望来		芝1800				1:49.2	1.5		9-5-5	36.1-33.7	34.7	412(0)				110.0																																											晴		11.0	6.0	7.0	51.3	10.0	4	56.0	良	**	**		デンクマール															
2022105227	2024-11-02	3福島1		3.0	2歳未勝利								石神深道		芝1800				1:49.9	0.5		9-8-8-9	35.3-36.7	36.1	412(0)				140.0																																											雨		16.0	5.0	9.0	22.7	7.0	3	53.0	稍	**	**		サノノロンドン															
2022105227	2024-12-15	5中山6		7.0	2歳未勝利								石神深道		芝2000				2:00.4	0.7		7-7-8-8	35.8-35.5	35.7	414(+2)				55.0																																											晴		18.0	2.0	3.0	32.5	9.0	5	53.0	良	**	**		スワローシチー															
2022105227	2025-01-13	1中山5		6.0	3歳未勝利								石神深道		芝2200				2:15.1	0.5		9-9-11-11	36.7-36.7	36.3	416(+2)				84.0																																											晴		17.0	7.0	13.0	9.3	5.0	4	54.0	良	**	**		カーミングライツ															
2022105227	2025-03-15	2中山5		5.0	3歳未勝利								石神深道		芝2200				2:16.4	2.6		4-5-5-7	35.8-34.7	37.1	416(0)																																															曇		18.0	6.0	12.0	28.4	8.0	13	54.0	良	**	**		レッドバンデ															
2022105227	2025-04-20	1福島4		5.0	3歳未勝利								石神深道		芝2000				2:02.0	0.6		3-3-5-5	36.3-35.2	35.5	414(-2)				220.0																																											曇		16.0	7.0	13.0	7.0	3.0	2	54.0	良	**	**		ピジョンポイント															
2022105227	2025-05-04	1新潟2		5.0	3歳未勝利								石神深道		芝2000				2:04.5	1.6		3-3-4-4	36.8-36.3	37.6	418(+4)																																															晴		16.0	1.0	2.0	7.6	3.0	9	54.0	稍	**	**		キャピタルリッチ															
2022105227	2025-07-08	盛岡		9.0	アメジスト賞(3歳)								石神深道		芝1700				1:44.8	-0.2		5-5-6-5		35.3	420(+2)				120.0																																											晴		11.0	7.0	9.0	3.7	2.0	1	53.0	良	**	**		(スピアッジャローザ)															
2022105227	2025-09-13	4中山3		12.0	3歳以上1勝クラス								石神深道		芝2000				2:01.2	0.8		10-10-14-13	35.6-34.0	33.6	422(+2)																																															曇		16.0	5.0	9.0	48.1	7.0	8	52.0	稍	**	**		ミクニインスパイア															
2022105227	2025-09-27	4中山8		7.0	3歳以上1勝クラス								石神深道		芝2200				2:14.5	2.0		9-9-9-12	36.9-34.5	35.8	420(-2)																																															晴		16.0	5.0	9.0	60.2	9.0	13	52.0	良	**	**		サンカシグレ															
2022105227	2025-11-09	3福島2		8.0	3歳以上1勝クラス								石神深道		芝2600				2:42.5	-0.2		4-5-6-6	38.1-35.1	34.9	420(0)				800.0																																											曇		16.0	5.0	10.0	57.1	13.0	1	53.0	良	**	**		(オーサムユニバンス)															
2022105227	2025-12-07	5中山2		7.0	3歳以上2勝クラス								石神深道		芝2500				2:32.5	2.0		2-2-2-2	30.9-34.1	36.0	428(+8)																																															晴		11.0	3.0	3.0	61.0	8.0	10	53.0	良	**	**		ミクニインスパイア															
2022105252	2024-10-20	4東京6		5.0	2歳新馬								団野大成		芝1800				1:50.4	1.9		7-7-8	35.9-34.3	35.4	458(0)					晴		18.0	3.0	6.0	30.2	9.0	12	56.0	良	**	**		エネルジコ																																																									
2022105252	2024-12-22	5中山8		2.0	2歳未勝利								鮫島克駿		ダ1800				1:59.9	2.2		4-4-4-3	37.3-41.5	43.3	462(+4)					晴		16.0	3.0	5.0	59.3	10.0	12	56.0	良	**	**		ドーバーブライト																																																									
2022105252	2025-03-22	2中山7		4.0	3歳未勝利								石川裕紀		芝2000				2:02.7	1.8		9-9-9-11	35.1-36.6	37.0	464(+2)				84.0	晴		17.0	6.0	11.0	131.5	13.0	4	57.0	良	**	**		ウインスティーガ																																																									
2022105252	2025-04-12	3中山5		5.0	3歳未勝利								石川裕紀		芝2200				2:14.3	0.8		3-3-6-3	37.0-35.3	35.8	460(-4)				140.0	晴		12.0	2.0	2.0	46.5	5.0	3	57.0	良	**	**		プルミエソルティ																																																									
2022105252	2025-05-18	2東京8		5.0	3歳未勝利								松山弘平		芝2400				2:28.6	0.6		1-1-1-1	36.4-34.4	35.0	464(+4)					曇		13.0	7.0	11.0	25.6	7.0	9	57.0	稍	**	**		ビリングス																																																									
2022105252	2025-07-13	1函館10		6.0	3歳未勝利								鮫島克駿		芝2000				1:59.5	0.1		1-1-1-1	34.8-36.6	36.7	464(0)				220.0	晴		15.0	5.0	8.0	13.0	5.0	2	57.0	良	**	**		デルマジュテーム																																																									
2022105252	2025-08-02	1札幌3		4.0	3歳未勝利								鮫島克駿		芝2000				2:02.2	2.7		1-1-1-4	34.8-35.9	38.6	464(0)					晴		16.0	8.0	16.0	6.7	3.0	14	57.0	良	**	**		ロパシック																																																									
2022105252	2025-08-30	2札幌3		6.0	3歳未勝利								佐々木大		芝2000				2:06.1	2.2		1-1-1-3	35.6-38.8	41.0	466(+2)					小雨		16.0	1.0	1.0	4.6	2.0	11	57.0	稍	**	**		スタードメイソン																																																									
2022105252	2025-11-16	5東京4		12.0	3歳以上1勝クラス								小林脩斗		芝2000				2:00.6	0.9		1-1-1	36.3-34.7	35.6	466(0)					晴		13.0	7.0	10.0	58.8	9.0	10	56.0	良	**	**		プルミエソルティ																																																									
2022105252	2025-12-07	5中京2		3.0	3歳以上1勝クラス								松本大輝		ダ1800				1:55.2	1.8		1-1-1-1	36.9-38.0	39.8	472(+6)					晴		14.0	2.0	2.0	134.5	11.0	10	56.0	良	**	**		ジーティーダーリン																																																									
2022105258	2024-10-14	4新潟4	晴	5.0	2歳新馬		15.0	7.0	12.0	57.7	13.0	8	内田博幸	56.0	ダ1800		良	**	1:57.8	1.8	**	15-15-15-15	38.2-37.8	37.7	492(0)			スワッガー																																																																								
2022105258	2025-02-01	1東京1	晴	2.0	3歳未勝利		14.0	7.0	12.0	8.7	6.0	6	木幡巧也	57.0	ダ2100		良	**	2:17.0	1.5	**	12-12-11-11	30.9-38.9	39.1	490(-2)			ファミーユウルーズ																																																																								
2022105258	2025-03-16	2中山6	雨	3.0	3歳未勝利		15.0	4.0	6.0	17.9	6.0	2	内田博幸	57.0	ダ1800		不	**	1:54.9	0.2	**	1-1-3-3	37.8-39.5	39.4	484(-6)			アールプロスト	220.0																																																																							
2022105258	2025-04-06	3中山4	曇	1.0	3歳未勝利		13.0	5.0	6.0	2.2	1.0	2	内田博幸	57.0	ダ1800		稍	**	1:56.1	0.6	**	3-3-3-4	35.1-40.8	41.2	482(-2)			キタノラブミー	220.0																																																																							
2022105258	2025-05-10	2東京5	小雨	2.0	3歳未勝利		14.0	6.0	9.0	2.9	1.0	3	内田博幸	57.0	ダ2100		重	**	2:12.1	0.8	**	2-2-2-2	31.6-35.1	35.8	480(-2)			マーゴットゲイン	140.0																																																																							
2022105258	2025-06-08	3東京2	曇	2.0	3歳未勝利		16.0	7.0	14.0	4.0	1.0	3	内田博幸	57.0	ダ2100		良	**	2:13.1	0.5	**	3-2-2-1	30.3-38.9	39.4	486(+6)			トライゴーニック	140.0																																																																							
2022105258	2025-06-22	3東京6	晴	3.0	3歳未勝利		16.0	4.0	8.0	4.6	2.0	4	岩田望来	57.0	ダ2100		良	**	2:13.3	0.7	**	2-2-2-2	30.9-37.9	38.5	478(-8)			ブルージャイアント	84.0																																																																							
2022105258	2025-08-03	2新潟4	晴	9.0	3歳未勝利		15.0	5.0	9.0	1.8	1.0	1	ルメール	57.0	ダ1800		良	**	1:54.0	-0.1	**	5-5-5-5	36.5-38.5	38.0	480(+2)			(ライヴスプーン)	560.0																																																																							
2022105258	2025-11-01	4東京10	曇	7.0	3歳以上1勝クラス		16.0	8.0	15.0	6.6	2.0	2	ルメール	56.0	ダ2100		重	**	2:09.7	0.0	**	9-7-6-3	30.2-37.4	36.9	482(+2)			ロングウェイホーム	320.0																																																																							
2022105258	2025-12-27	5中山7	曇	8.0	3歳以上1勝クラス		16.0	1.0	1.0	3.5	1.0	2	戸崎圭太	57.0	ダ1800		稍	**	1:54.0	0.1	**	11-11-2-3	37.1-38.3	38.3	486(+4)			ミダース	320.0																																																																							
2022105258	2026-01-18	1中山7		6.0	4歳以上1勝クラス								ルメール		ダ1800				1:55.6	0.0		2-2-2-2	38.5-38.6	38.6	488(+2)				330.0																																																									晴		14.0	8.0	14.0	1.2	1.0	2	57.0	良	**	**		リラゲイル	202606010706
2022105262	2024-08-24	2中京5	晴	5.0	2歳新馬		16.0	4.0	8.0	61.9	11.0	13	国分恭介	55.0	芝1600		良	**	1:38.1	3.0	**	10-12-13	36.4-34.5	36.4	446(0)			ショウナンラフィネ																																																																								
2022105262	2024-09-07	3中京1	晴	1.0	2歳未勝利		10.0	8.0	10.0	17.8	7.0	3	高杉吏麒	52.0	ダ1400		良	**	1:25.7	0.9	**	6-5	35.2-37.5	37.7	448(+2)			サディーク	140.0																																																																							
2022105262	2024-09-28	3中京8	曇	1.0	2歳未勝利		9.0	3.0	3.0	4.0	3.0	2	高杉吏麒	52.0	ダ1200		良	**	1:12.6	0.9	**	6-5	34.5-37.2	36.2	452(+4)			ドンパッショーネ	220.0																																																																							
2022105262	2024-12-14	4中京5	晴	1.0	2歳未勝利		16.0	4.0	8.0	2.5	1.0	1	高杉吏麒	54.0	ダ1400		良	**	1:26.1	-0.2	**	5-5	35.3-38.4	38.0	456(+4)			(セルズパワー)	550.0																																																																							
2022105262	2025-01-12	1中京4	曇	7.0	3歳1勝クラス		16.0	5.0	10.0	74.0	11.0	11	高杉吏麒	55.0	ダ1400		良	**	1:26.0	1.9	**	14-15	35.0-36.9	37.8	462(+6)			マテンロウコマンド																																																																								
2022105262	2025-04-06	2阪神4	晴	5.0	3歳1勝クラス		14.0	5.0	7.0	89.3	12.0	4	高杉吏麒	56.0	ダ1800		良	**	1:54.3	1.6	**	8-8-7-7	36.5-38.2	38.9	456(-6)			テスティモーネ	120.0																																																																							
2022105262	2025-06-21	3阪神5	晴	8.0	3歳以上1勝クラス		16.0	8.0	16.0	54.3	11.0	5	高杉吏麒	54.0	ダ1800		良	**	1:54.0	1.0	**	10-11-12-13	35.9-37.6	37.7	448(-8)			タガノバビロン	80.0																																																																							
2022105262	2025-07-19	1函館11	晴	8.0	3歳以上1勝クラス		10.0	8.0	9.0	5.1	2.0	2	鮫島克駿	55.0	ダ1700		良	**	1:45.8	0.1	**	6-6-3-3	30.4-37.4	37.3	448(0)			ライフゲート	320.0																																																																							
2022105262	2025-08-03	1札幌4	晴	7.0	3歳以上1勝クラス		12.0	5.0	6.0	4.6	3.0	1	鮫島克駿	55.0	ダ1700		良	**	1:45.8	0.0	**	9-8-6-3	30.3-38.5	38.1	454(+6)			(ローズマイスター)	800.0																																																																							
2022105262	2025-11-09	3福島2	小雨	10.0	河北新報杯(2勝クラス)		15.0	5.0	8.0	6.6	3.0	2	斎藤新	56.0	ダ1700		良	**	1:45.5	0.0	**	9-9-9-6	30.1-37.8	37.0	468(+14)			アレナパラシオ	630.6																																																																							
2022105262	2025-11-29	4京都7	晴	9.0	栂尾特別(2勝クラス)		13.0	7.0	11.0	5.1	2.0	1	斎藤新	55.0	ダ1800		良	**	1:53.3	-0.1	**	6-6-5-5	37.1-36.8	36.2	472(+4)			(ブルーペクトライト)	1583.6																																																																							
2022105288	2024-08-25	3新潟6	曇	5.0	2歳新馬		9.0	4.0	4.0	8.1	4.0	4	石川裕紀	55.0	芝1800		良	**	1:50.3	0.6	**	4-5	37.4-34.4	34.5	464(0)			ゴーソーファー	110.0																																																																							
2022105288	2024-09-07	4中山1	晴	2.0	2歳未勝利		12.0	7.0	9.0	5.2	3.0	7	石川裕紀	55.0	芝1600		良	**	1:34.1	0.3	**	3-4-4	35.1-34.6	34.6	462(-2)			ニシノルアノーヴァ																																																																								
2022105288	2024-11-03	5東京2	晴	2.0	2歳未勝利		15.0	2.0	3.0			取	戸崎圭太	56.0	ダ1600		重	**			**		34.6-38.2		計不			カンレイスキー																																																																								
2022105288	2024-11-16	5東京5	曇	1.0	2歳未勝利		16.0	4.0	8.0	8.5	5.0	15	戸崎圭太	56.0	ダ1600		良	**	1:42.0	2.9	**	4-8	35.4-37.6	39.9	460(-2)			スクレイピング																																																																								
2022105288	2024-12-01	5中山2	晴	1.0	2歳未勝利		16.0	6.0	11.0	8.0	4.0	4	マーカン	56.0	ダ1200		良	**	1:13.4	0.8	**	2-2	34.7-37.9	38.5	462(+2)			レーヴレジェンド	83.0																																																																							
2022105288	2024-12-28	5中山9	晴	1.0	2歳未勝利		16.0	8.0	16.0	19.8	6.0	14	坂井瑠星	56.0	ダ1200		良	**	1:15.2	2.7	**	2-5	33.8-38.7	41.2	472(+10)			アパッシメント																																																																								
2022105288	2025-02-15	1小倉7	晴	2.0	3歳未勝利		18.0	6.0	11.0	21.6	8.0	5	斎藤新	57.0	芝1200		良	**	1:09.1	1.1	**	4-4	33.1-34.9	35.6	466(-6)			ヴェントゥーラ	56.0																																																																							
2022105288	2025-03-16	2中山6	雨	5.0	3歳未勝利		16.0	6.0	11.0	18.6	6.0	2	石田拓郎	54.0	芝1600		重	**	1:38.6	1.8	**	2-2-2	35.6-37.1	38.6	464(-2)			キャトルエピス	220.0																																																																							
2022105288	2025-04-06	3中山4	小雨	5.0	3歳未勝利		16.0	8.0	16.0	13.2	6.0	5	舟山瑠泉	54.0	芝1600		良	**	1:34.9	0.7	**	2-2-1	35.1-35.0	35.6	462(-2)			ガーネットウインク	56.0																																																																							
2022105288	2025-05-10	2東京5	曇	5.0	3歳未勝利		16.0	6.0	11.0	12.8	3.0	7	ディー	57.0	芝1400		稍	**	1:22.8	0.7	**	2-2	35.1-35.2	35.7	456(-6)			ポッドロワール																																																																								
2022105288	2025-05-25	2東京10	曇	4.0	3歳未勝利		18.0	8.0	18.0	12.4	4.0	15	ディー	57.0	芝1600		稍	**	1:35.4	1.7	**	17-17	34.8-35.3	35.5	456(0)			バンブルビー																																																																								
2022105288	2025-09-16	大井	晴	8.0	ピンポン賞(C1)		12.0	8.0	12.0	4.1	2.0	12	笹川翼	55.0	ダ1600		稍	**	1:52.6	8.5	**	3-3-7-12	37.1-40.1	48.5	459(+3)			カズノトレジャー																																																																								
2022105288	2025-10-08	大井	晴	12.0	白鳥賞(C1)		16.0	5.0	10.0	46.5	9.0	16	鷹見陸	55.0	ダ1200		良	**	1:16.6	3.3	**	12-13	34.9-38.4	39.8	454(-5)			アシャニンカ																																																																								
2022105288	2025-11-06	笠松	曇	5.0	C6組		9.0	5.0	5.0	13.1	3.0	6	松本一心	56.0	ダ1400		良	**	1:33.1	1.6	**	2-3-3		43.3	461(+7)			ボーズマン																																																																								
2022105288	2025-11-19	笠松	曇	7.0	C4組		10.0	5.0	5.0	19.3	7.0	4	細川智史	57.0	ダ1400		良	**	1:31.1	1.1	**	2-2-3		41.5	461(0)			ルクスソレイユ	6.0																																																																							
2022105288	2025-12-03	笠松	曇	4.0	ゆかりん生誕祭(C)		8.0	2.0	2.0	8.6	4.0	6	明星晴大	57.0	ダ1400		良	**	1:32.0	1.9	**	2-2-3		41.0	462(+1)			オーキッドレディ																																																																								
2022105288	2025-12-16	笠松	晴	5.0	第3回朝倉りかバース(C)		7.0	4.0	4.0	5.9	3.0	4	細川智史	57.0	ダ1400		稍	**	1:31.8	1.4	**	2-2-3		41.2	458(-4)			ミユキアモーレミオ	6.0																																																																							
2022105288	2025-12-31	笠松	曇	6.0	あつまくう記念202(C)		8.0	3.0	3.0	33.3	7.0	7	松本一心	56.0	ダ1400		良	**	1:33.2	4.3	**	2-2-3		42.7	456(-2)			ニホンピロリーチ																																																																								
2022105288	2026-01-08	笠松	晴	4.0	万歳!水間幸太郎誕生(C)		8.0	6.0	6.0	40.0	7.0	7	細川智史	57.0	ダ1600		良	**	1:48.9	2.5	**	4-5-8		42.5	452(-4)			ライジングハース																																																																								
2022105302	2024-07-21	3小倉8		5.0	2歳新馬								団野大成		芝1200				1:11.7	1.6		2-2	34.2-35.9	37.3	470(0)				72.0	曇		14.0	5.0	7.0	5.1	3.0	5	55.0	良	**	**		ブルーレース																																																									
2022105302	2024-09-22	4中山7		2.0	2歳未勝利								団野大成		芝1200				1:10.7	1.9		9-10	34.8-34.0	34.8	476(+6)					曇		10.0	7.0	8.0	6.9	4.0	9	55.0	良	**	**		ニシノクードクール																																																									
2022105302	2024-12-22	7京都8		3.0	2歳未勝利								小沢大仁		芝1400				1:26.4	4.8		7-9	34.6-35.5	39.4	482(+6)					曇		18.0	1.0	1.0	198.9	17.0	18	55.0	良	**	**		ウィンストン																																																									
2022105302	2025-03-29	2阪神1		3.0	3歳未勝利								高杉吏麒		ダ1200				1:13.8	0.3		9-9	34.9-38.6	37.9	470(-12)				84.0	晴		16.0	5.0	9.0	56.6	11.0	4	56.0	稍	**	**		タイセイディアマン																																																									
2022105302	2025-04-19	2阪神7		2.0	3歳未勝利								高杉吏麒		ダ1200				1:14.0	0.0		4-4	35.5-38.5	37.8	478(+8)				560.0	晴		16.0	2.0	4.0	7.7	4.0	1	56.0	良	**	**		(ララアヴリル)																																																									
2022105302	2025-06-01	2京都12		6.0	3歳1勝クラス								高杉吏麒		ダ1400				1:24.2	0.0		11-10	34.0-37.8	36.9	478(0)				320.0	晴		14.0	8.0	13.0	42.1	10.0	2	56.0	良	**	**		ソリスクラヴィス																																																									
2022105302	2025-06-22	3阪神6		8.0	3歳以上1勝クラス								ルメール		ダ1400				1:25.1	1.0		11-11	33.8-38.2	38.0	480(+2)				80.0	晴		16.0	5.0	10.0	6.5	2.0	5	55.0	良	**	**		ホウショウマリス																																																									
2022105302	2025-10-13	3京都5		12.0	3歳以上1勝クラス								高杉吏麒		ダ1200				1:12.0	0.6		7-5	35.2-36.2	36.3	480(0)				200.0	晴		16.0	7.0	14.0	4.2	2.0	3	57.0	良	**	**		セールヴォラン																																																									
2022105302	2025-11-01	3京都10		7.0	3歳以上1勝クラス								岩田望来		ダ1400				1:23.7	-0.2		8-8	35.0-36.6	36.0	486(+6)				800.0	晴		16.0	7.0	13.0	7.2	4.0	1	57.0	重	**	**		(モズケイスター)																																																									
2022105302	2026-01-05	1京都2		8.0	4歳以上2勝クラス								高杉吏麒		ダ1200				1:12.7	0.2		5-2	35.8-36.7	36.4	486(0)				480.0	晴		15.0	8.0	14.0	6.4	4.0	2	58.0	良	**	**		イリフィ																																																									
2022105316	2024-06-22	4京都7		5.0	2歳新馬								Ｍ．デム		芝1400				1:24.0	0.5		1-1	37.3-34.1	34.6	480(0)					晴		12.0	7.0	10.0	12.1	5.0	7	55.0	良	**	**		ラプラーニュ																																																									
2022105316	2024-10-12	5京都3		3.0	2歳未勝利								武豊		芝1600				1:35.0	0.6		13-11	34.7-35.6	35.3	476(-4)					晴		16.0	2.0	4.0	4.7	3.0	6	56.0	良	**	**		ドラゴンブースト																																																									
2022105316	2024-12-01	4中京2		4.0	2歳未勝利								菱田裕二		芝1600				1:35.8	0.9		6-5-5	36.0-34.4	34.8	480(+4)				55.0	晴		15.0	2.0	2.0	28.6	7.0	5	56.0	良	**	**		ラージギャラリー																																																									
2022105316	2024-12-22	7京都8		3.0	2歳未勝利								菱田裕二		芝1400				1:22.3	0.7		10-8	34.6-35.5	35.0	486(+6)				83.0	曇		18.0	8.0	18.0	20.0	7.0	4	56.0	良	**	**		ウィンストン																																																									
2022105316	2025-02-16	1京都6		6.0	3歳未勝利								池添謙一		芝1600				1:36.3	0.8		3-3	35.2-35.7	36.2	484(-2)				56.0	曇		14.0	7.0	11.0	12.9	7.0	5	57.0	稍	**	**		ミッキージュエリー																																																									
2022105316	2025-03-02	1阪神2		2.0	3歳未勝利								池添謙一		ダ1400				1:27.8	1.3		3-3	34.7-39.3	40.2	488(+4)					小雨		16.0	8.0	16.0	3.8	3.0	8	57.0	良	**	**		ライツユーアップ																																																									
2022105316	2025-03-22	1阪神7		3.0	3歳未勝利								荻野極		ダ1400				1:26.9	2.1		3-3	34.2-38.4	39.8	488(0)					晴		16.0	6.0	12.0	19.6	5.0	6	57.0	良	**	**		ガビーズブラザー																																																									
2022105316	2025-05-04	2東京4		4.0	3歳未勝利								杉原誠人		芝1600				1:34.1	0.8		8-5	35.2-34.8	35.1	486(-2)					晴		15.0	6.0	10.0	7.2	4.0	6	57.0	良	**	**		アセンブリールーム																																																									
2022105316	2025-06-22	1函館4		1.0	3歳未勝利								横山和生		芝1200				1:10.7	1.2		3-3	34.0-35.5	36.3	484(-2)					曇		15.0	4.0	8.0	4.6	3.0	12	57.0	重	**	**		ベビーズブレス																																																									
2022105316	2025-07-26	2新潟1		12.0	3歳未勝利								杉原誠人		芝1400				1:21.4	0.6		4-3	33.7-35.8	35.8	480(-4)					晴		17.0	8.0	15.0	13.2	4.0	9	57.0	良	**	**		ポッドロルフ																																																									
2022105316	2025-10-17	川崎		5.0	木菟賞(3歳)								矢野貴之		ダ1500				1:37.8	-0.8		1-1-1-1	29.5-42.1	42.1	488(+8)				140.0	晴		14.0	1.0	1.0	2.5	2.0	1	56.0	稍	**	**		(ブランディストック)																																																									
2022105316	2025-11-17	川崎		7.0	雷鼓賞(C2)								矢野貴之		ダ900				0:55.5	-0.4		3-3	30.0-37.6	37.4	491(+3)				100.0	晴		12.0	1.0	1.0	1.5	1.0	1	56.0	良	**	**		(プレストヴィーナス)																																																									
2022105316	2025-12-19	川崎		7.0	天雷賞(C2)								矢野貴之		ダ900								29.3-37.6		499(+8)					晴		10.0	5.0	5.0			除	56.0	稍	**	**		アイアンピッチ																																																									
2022105317	2024-07-20	2福島7		6.0	2歳新馬								松岡正海		芝1200				1:10.6	0.0		6-6	35.0-35.6	35.1	434(0)				720.0																																											曇		13.0	7.0	10.0	3.2	1.0	1	55.0	良	**	**		(キープサインオン)															
2022105317	2024-08-04	2新潟4		11.0	ダリア賞(OP)								松岡正海		芝1400				1:22.4	0.8		3-2	34.4-35.4	36.0	438(+4)				402.9																																											晴		9.0	6.0	6.0	7.2	4.0	3	55.0	良	**	**		プリティディーヴァ															
2022105317	2024-10-20	4東京6		6.0	2歳1勝クラス								松岡正海		芝1400				1:24.2	-0.3		1-1	38.4-33.1	33.1	438(0)				780.0																																											晴		8.0	7.0	7.0	5.5	3.0	1	55.0	良	**	**		(チギリ)															
2022105317	2024-12-08	7京都4		11.0	阪神ジュベナイルF(GI)								古川吉洋		芝1600				1:34.3	0.9		12-13	34.2-34.9	34.9	442(+4)																																															曇		18.0	8.0	18.0	269.4	18.0	7	55.0	良	**	**		アルマヴェローチェ															
2022105317	2025-01-12	1中山4		11.0	フェアリーS(GIII)								松岡正海		芝1600				1:35.4	2.6		15-15-14	34.1-35.5	36.3	444(+2)																																															曇		16.0	3.0	6.0	8.4	6.0	14	55.0	良	**	**		エリカエクスプレス															
2022105317	2025-03-15	2中山5		11.0	アネモネS(L)								松岡正海		芝1600				1:36.0	0.3		11-11-10	35.9-35.3	34.7	438(-6)																																															曇		12.0	8.0	11.0	25.5	8.0	7	55.0	良	**	**		トワイライトシティ															
2022105317	2025-04-12	3中山5		11.0	ニュージーランドT(GII)								松岡正海		芝1600				1:32.9	0.5		8-9-9	34.3-34.7	33.7	432(-6)				540.0																																											晴		14.0	4.0	5.0	167.0	12.0	5	55.0	良	**	**		イミグラントソング															
2022105317	2025-05-11	2京都6		10.0	橘S(L)								古川吉洋		芝1400				1:22.0	0.2		11-8	36.0-34.1	33.4	428(-4)				300.0																																											曇		11.0	8.0	11.0	13.8	6.0	4	55.0	良	**	**		ムイ															
2022105317	2025-08-09	2新潟5		6.0	三面川特別(2勝クラス)								松岡正海		芝1800				1:45.0	0.4		9-9	35.3-34.4	33.9	436(+8)				155.0																																											晴		16.0	7.0	13.0	7.1	4.0	5	53.0	良	**	**		エバーハピネス															
2022105317	2025-10-12	4東京4		9.0	鷹巣山特別(2勝クラス)								松岡正海		芝1600				1:32.6	0.6		15-13	34.5-34.5	33.2	434(-2)																																															曇		16.0	8.0	15.0	30.6	10.0	8	53.0	良	**	**		アイサンサン															
2022105317	2025-10-26	4東京9		10.0	山中湖特別(2勝クラス)								松岡正海		芝1800				1:47.7	0.2		9-9-10	35.8-33.7	33.3	432(-2)				393.7																																											曇		11.0	3.0	3.0	7.9	5.0	3	54.0	稍	**	**		クリニクラウン															
2022105317	2025-11-24	3福島6		10.0	五色沼特別(2勝クラス)								松岡正海		芝1800				1:48.2	0.7		12-11-9-9	36.2-35.0	35.1	436(+4)																																															曇		16.0	8.0	15.0	11.3	5.0	13	54.0	良	**	**		ノーランサンライズ															
2022105326	2024-06-08	3東京3		5.0	2歳新馬								菅原明良		芝1600				1:35.1	-0.8		5-5	37.4-33.8	33.3	438(0)				720.0															晴		8.0	8.0	8.0	3.5	2.0	1	55.0	良	**	**		(ベルリネッタ)																																											
2022105326	2024-08-25	3新潟6		11.0	新潟2歳S(GIII)								菅原明良		芝1600				1:34.3	0.1		5-5	35.0-34.5	33.9	434(-4)				1211.0															曇		11.0	6.0	6.0	2.6	1.0	2	55.0	良	**	**		トータルクラリティ																																											
2022105326	2024-12-08	7京都4		11.0	阪神ジュベナイルF(GI)								戸崎圭太		芝1600				1:34.2	0.8		17-16	34.2-34.9	34.4	442(+8)																			曇		18.0	7.0	13.0	7.1	3.0	6	55.0	良	**	**		アルマヴェローチェ																																											
2022105326	2025-02-15	1東京5		11.0	デイリー杯クイーンC(GIII)								坂井瑠星		芝1600				1:33.1	0.9		7-9	34.2-35.0	34.8	440(-2)				570.0															晴		14.0	7.0	12.0	6.9	4.0	4	55.0	良	**	**		エンブロイダリー																																											
2022105326	2025-04-12	3中山5		11.0	ニュージーランドT(GII)								菅原明良		芝1600				1:32.6	0.2		6-6-7	34.3-34.7	33.8	434(-6)				1414.2															晴		14.0	2.0	2.0	14.8	5.0	3	55.0	良	**	**		イミグラントソング																																											
2022105326	2025-05-11	2東京6		11.0	NHKマイルC(GI)								菅原明良		芝1600				1:32.4	0.7		18-18	33.4-35.3	34.1	432(-2)																			晴		18.0	8.0	18.0	45.4	11.0	10	55.0	良	**	**		パンジャタワー																																											
2022105326	2025-07-27	2新潟2		6.0	豊栄特別(2勝クラス)								菅原明良		芝1600				1:31.8	-0.3		3-3	34.1-33.9	32.9	436(+4)				1573.8															晴		11.0	5.0	5.0	3.2	2.0	1	54.0	良	**	**		(テラメリタ)																																											
2022105326	2025-09-27	4中山8		11.0	秋風S(3勝クラス)								菅原明良		芝1600				1:33.4	0.5		6-7-7	35.2-34.6	34.5	444(+8)																			晴		16.0	5.0	10.0	3.1	1.0	8	54.0	良	**	**		ピースワンデュック																																											
2022105326	2025-11-23	5東京5		10.0	秋色S(3勝クラス)								佐々木大		芝1600				1:32.1	0.2		11-8	34.2-34.5	33.5	454(+10)				750.4															晴		17.0	1.0	1.0	3.6	2.0	2	54.0	良	**	**		エンペラーズソード																																											
2022105326	2026-01-18	1中山7		9.0	若潮S(3勝クラス)								佐々木大		芝1600				1:31.7	0.0		8-7-7	34.1-34.9	34.0	448(-6)				760.0																																																									晴		15.0	3.0	5.0	4.5	2.0	2	55.0	良	**	**		ポルカリズム	202606010709
2022105340	2024-09-22	4中山7		5.0	2歳新馬								菊沢一樹		芝1800				1:50.9	1.0		6-5-4-5	37.3-34.8	35.5	474(0)				72.0	曇		14.0	5.0	7.0	5.6	3.0	5	55.0	良	**	**		テリオスルナ																																																									
2022105340	2024-12-22	5中山8		2.0	2歳未勝利								石橋脩		ダ1800				2:00.6	2.9		2-2-2-3	37.3-41.5	44.4	478(+4)					晴		16.0	6.0	11.0	25.8	8.0	16	56.0	良	**	**		ドーバーブライト																																																									
2022105340	2025-02-02	1小倉4		6.0	3歳未勝利								泉谷楓真		芝1800				1:52.6	2.2		5-5-7-7	37.4-36.2	37.9	476(-2)					晴		13.0	7.0	10.0	12.9	7.0	10	56.0	重	**	**		クモヒトツナイ																																																									
2022105340	2025-04-26	2東京1		5.0	3歳未勝利								松岡正海		芝1400				1:22.6	1.6		12-9	34.3-35.0	35.8	482(+6)					曇		18.0	5.0	9.0	129.0	9.0	12	57.0	良	**	**		フロウアンドライム																																																									
2022105340	2025-05-11	2東京6		4.0	3歳未勝利								原優介		芝1600				1:34.4	0.9		4-5	34.6-35.3	35.6	478(-4)					晴		16.0	2.0	4.0	158.2	13.0	10	57.0	良	**	**		テンミラクルスター																																																									
2022105340	2025-07-20	1函館12		6.0	3歳未勝利								松岡正海		芝1200				1:09.0	0.6		10-7	33.6-34.8	34.5	476(-2)					晴		16.0	5.0	10.0	43.1	9.0	8	57.0	良	**	**		ヒットザグラウンド																																																									
2022105340	2025-08-09	1札幌5		3.0	3歳未勝利								黛弘人		芝1200				1:10.2	0.8		11-11	34.3-35.1	35.0	476(0)					晴		15.0	7.0	14.0	255.2	15.0	10	57.0	稍	**	**		ハーフェン																																																									
2022105340	2025-09-14	高知		11.0	ファイナルレース(3歳)								佐原秀泰		ダ1400				1:31.5	-1.3		3-3-3-1		39.3	476(0)				60.0	晴		12.0	7.0	10.0	7.9	5.0	1	57.0	重	**	**		(ハッスルアニキ)																																																									
2022105340	2025-09-28	高知		6.0	箸拳特別(3歳)								佐原秀泰		ダ1300				1:25.3	0.9		3-4-3-3		40.4	477(+1)				6.0	曇		9.0	8.0	9.0	1.3	1.0	5	57.0	不	**	**		ベルジャッド																																																									
2022105340	2025-10-12	高知		8.0	C3ー17								佐原秀泰		ダ1600				1:47.0	-1.0		2-2-2-1		39.0	477(0)				60.0	曇		10.0	5.0	5.0	1.8	1.0	1	57.0	稍	**	**		(エクセルステート)																																																									
2022105340	2025-10-25	高知		6.0	C3ー9								佐原秀泰		ダ1300				1:24.4	0.6		4-3-3-2		40.2	485(+8)				24.0	小雨		10.0	7.0	8.0	2.8	2.0	2	57.0	不	**	**		スマートフランキー																																																									
2022105340	2025-11-08	高知		6.0	C3ー9								佐原秀泰		ダ1400				1:31.9	0.5		6-5-3-3		39.6	476(-9)				24.0	晴		9.0	3.0	3.0	2.9	1.0	2	57.0	稍	**	**		ボンジュールゼン																																																									
2022105340	2025-11-23	高知		6.0	C3ー9								佐原秀泰		ダ1600				1:47.6	-0.1		4-4-2-2		40.4	486(+10)				60.0	晴		8.0	8.0	8.0	2.9	3.0	1	57.0	良	**	**		(スピードイエロー)																																																									
2022105340	2025-12-14	高知		11.0	エリカ特別(C3)								佐原秀泰		ダ1300				1:23.2	1.2		3-3-2-2		38.9	490(+4)				44.0	晴		10.0	7.0	8.0	16.6	4.0	2	57.0	稍	**	**		スカンジナビア																																																									
2022105340	2025-12-29	高知		7.0	カトレア特別(C3)								佐原秀泰		ダ1400				1:32.3	-0.1		3-3-3-2		39.6	483(-7)				110.0	晴		10.0	1.0	1.0	6.4	4.0	1	57.0	良	**	**		(ボンジュールゼン)																																																									
2022105368	2024-09-15	4中山4	晴	4.0	2歳新馬		16.0	7.0	13.0	56.5	10.0	7	小林勝太	53.0	芝1200		良	**	1:09.9	0.9	**	7-9	34.9-34.1	34.5	392(0)			ヴァージル																																																																								
2022105368	2025-03-02	2中山2	晴	1.0	3歳未勝利		16.0	4.0	8.0	106.8	11.0	10	上里直汰	52.0	ダ1200		良	**	1:14.5	1.7	**	13-13	33.9-38.9	38.7	398(+6)			サブアトミック																																																																								
2022105368	2025-04-06	3中山4	曇	2.0	3歳未勝利		16.0	5.0	9.0	155.6	14.0	12	斎藤新	55.0	ダ1200		稍	**	1:15.1	2.5	**	10-10	35.2-37.4	38.8	396(-2)			クインズシフォン																																																																								
2022105368	2025-07-05	2福島3	晴	7.0	3歳未勝利		16.0	3.0	5.0	116.8	13.0	13	谷原柚希	51.0	芝1200		良	**	1:11.0	1.5	**	9-11	34.6-34.9	35.6	398(+2)			ノーブルオリンポス																																																																								
2022105368	2025-08-21	名古屋	晴	5.0	湧平、伶香さん御結婚(3歳)		11.0	3.0	3.0	57.8	11.0	6	友森翔太	55.0	ダ1500		良	**	1:39.1	2.6	**	10-10-7		40.2	417(+19)			コロケーション																																																																								
2022105368	2025-09-05	名古屋	曇	2.0	名古屋モーニングフィ(3歳)		12.0	5.0	5.0	7.2	3.0	7	友森翔太	55.0	ダ1500		不	**	1:42.1	4.5	**	7-9-9		44.0	418(+1)			メイショウスエヒロ																																																																								
2022105368	2025-09-19	名古屋	曇	8.0	3歳牝馬		12.0	4.0	4.0	7.3	4.0	2	友森翔太	55.0	ダ1400		良	**	1:33.3	0.0	**	10-7-5		39.7	418(0)			ウィッティングハム	19.3																																																																							
2022105368	2025-10-02	名古屋	晴	3.0	りょう・かなこ結婚記(3歳)		11.0	6.0	8.0	70.9	10.0	6	友森翔太	55.0	ダ1500		良	**	1:39.2	1.4	**	8-9-6		40.5	424(+6)			ロコモーション																																																																								
2022105368	2025-10-28	名古屋	晴	7.0	C25組		11.0	3.0	3.0	25.1	8.0	9	友森翔太	55.0	ダ1500		稍	**	1:42.1	3.0	**	6-6-9		42.0	430(+6)			ジェニー																																																																								
2022105368	2025-11-07	名古屋	晴	8.0	C31組		12.0	5.0	6.0	139.9	12.0	9	友森翔太	55.0	ダ1500		良	**	1:40.4	1.4	**	12-12-7		40.7	427(-3)			ブライトゼウス																																																																								
2022105368	2025-11-20	名古屋	晴	4.0	祝及川勝利生誕31周(C)		12.0	7.0	10.0	59.9	9.0	6	友森翔太	55.0	ダ1500		良	**	1:40.0	0.9	**	9-9-9		39.5	427(0)			エイシンアビス																																																																								
2022105368	2025-12-04	名古屋	曇	4.0	C25組		12.0	1.0	1.0	231.6	11.0	5	大畑慧悟	55.0	ダ1500		稍	**	1:38.9	1.0	**	9-10-6		39.9	420(-7)			ジーティースワット	5.5																																																																							
2022105368	2025-12-18	名古屋	晴	9.0	はい上がれ!しゃちほ(C)		12.0	7.0	9.0	3.7	2.0	1	友森翔太	55.0	ダ1500		稍	**	1:38.6	-0.3	**	9-6-4		39.5	426(+6)			(セブンスプリングス)	55.0																																																																							
2022105368	2026-01-04	名古屋	晴	1.0	大根締め賞(C)		11.0	1.0	1.0	38.5	9.0	10	友森翔太	55.0	ダ1500		良	**	1:38.8	2.0	**	7-9-7		40.9	422(-4)			ルミナスピラー																																																																								
2022105368	2026-01-15	名古屋	晴	1.0	C19組		11.0	4.0	4.0	142.4	10.0	9	友森翔太	55.0	ダ1500		良		1:39.0	1.2		11-11-11		39.0	422(0)			ゴンクール																																																																								
2022105369	2024-11-09	5東京3	晴	6.0	2歳新馬		11.0	6.0	6.0	3.7	2.0	2	佐々木大	55.0	芝1600		良	**	1:35.1	0.1	**	5-3	36.6-34.1	33.7	454(0)			ルージュナリッシュ	290.0																																																																							
2022105369	2024-12-01	5中山2	晴	3.0	2歳未勝利		15.0	3.0	4.0	2.1	1.0	1	大野拓弥	55.0	芝1600		良	**	1:33.4	-0.2	**	1-1-1	34.7-34.9	34.9	442(-12)			(ライラ)	550.0																																																																							
2022105369	2025-04-06	3中山4	曇	7.0	3歳1勝クラス		9.0	5.0	5.0	1.9	1.0	1	佐々木大	55.0	芝1600		良	**	1:34.2	-0.3	**	2-2-4	35.7-34.5	34.3	450(+8)			(ゲンジ)	800.0																																																																							
2022105369	2025-07-19	1函館11	晴	10.0	かもめ島特別(2勝クラス)		14.0	3.0	3.0	1.8	1.0	1	佐々木大	53.0	芝1800		良	**	1:46.7	-0.2	**	3-3-3-3	36.1-34.6	34.4	456(+6)			(リラボニート)	1580.1																																																																							
2022105369	2025-10-19	4東京7	小雨	12.0	甲斐路S(3勝クラス)		18.0	3.0	5.0	2.7	1.0	2	佐々木大	53.0	芝1800		良	**	1:45.7	0.3	**	5-5-6	35.6-34.1	33.7	456(0)			ニシノティアモ	752.0																																																																							
2022105369	2025-12-28	5中山8	晴	12.0	2025ファイナルS(3勝クラス)		16.0	3.0	6.0	2.6	1.0	1	佐々木大	54.0	芝1600		良	**	1:33.6	-0.3	**	8-6-4	35.6-34.0	33.4	462(+6)			(グローリーリンク)	1874.3																																																																							
2022105377	2024-07-20	2福島7	曇	5.0	2歳新馬		10.0	3.0	3.0	28.1	6.0	6	三浦皇成	55.0	芝2000		良	**	2:05.3	1.7	**	6-6-7-7	37.2-35.0	36.1	468(0)			ピコチャンブラック																																																																								
2022105377	2024-09-15	4中山4	晴	3.0	2歳未勝利		13.0	3.0	3.0	19.3	7.0	8	横山武史	55.0	ダ1800		良	**	1:58.0	2.6	**	13-13-9-10	36.5-39.6	40.7	476(+8)			リュキア																																																																								
2022105377	2024-12-14	5中山5	晴	4.0	2歳未勝利		16.0	1.0	1.0	80.8	9.0	7	横山武史	56.0	ダ1800		良	**	1:59.0	2.1	**	7-7-10-10	37.6-40.7	41.8	478(+2)			ソクヅモドラドラ																																																																								
2022105377	2025-01-13	1中山5	晴	2.0	3歳未勝利		16.0	8.0	15.0	182.6	13.0	6	ドイル	57.0	ダ1800		良	**	1:58.2	1.0	**	9-9-8-8	37.4-40.9	41.1	474(-4)			ジェシーテソーロ																																																																								
2022105377	2025-03-08	2中山3	曇	6.0	3歳未勝利		16.0	8.0	15.0	108.1	13.0	11	木幡巧也	57.0	ダ1800		稍	**	1:58.1	2.6	**	13-15-13-15	38.1-38.6	39.4	476(+2)			プロスペクトパーク																																																																								
2022105377	2025-03-23	2中京4	晴	2.0	3歳未勝利		13.0	5.0	6.0	138.9	11.0	4	川須栄彦	57.0	ダ1800		良	**	1:55.9	1.8	**	11-11-11-9	37.1-39.3	39.6	480(+4)			キャストロププ	84.0																																																																							
2022105377	2025-04-06	3中山4	曇	3.0	3歳未勝利		13.0	1.0	1.0	27.3	5.0	6	木幡巧也	57.0	ダ1800		稍	**	1:57.2	2.3	**	7-7-7-7	37.9-37.4	39.0	470(-10)			グレイテストソング																																																																								
2022105377	2025-05-24	2東京9	曇	3.0	3歳未勝利		16.0	7.0	13.0	127.1	12.0	10	長浜鴻緒	55.0	ダ2100		良	**	2:14.3	1.8	**	11-12-14-14	31.1-38.5	38.2	476(+6)			ネイチャーズロウ																																																																								
2022105377	2025-05-31	2東京11	雨	5.0	3歳未勝利		16.0	3.0	5.0	45.5	8.0	10	佐々木大	57.0	芝2000		稍	**	2:05.5	1.4	**	7-9-11	37.4-35.6	36.0	472(-4)			コスモアチーブ																																																																								
2022105377	2025-08-02	2新潟3	晴	2.0	3歳未勝利		15.0	8.0	15.0	51.3	10.0	12	杉原誠人	57.0	ダ1800		良	**	1:57.5	2.3	**	8-9-10-10	37.8-39.2	40.5	472(0)			レッドシュトラール																																																																								
2022105377	2025-09-08	盛岡	曇	6.0	3歳C2四組		9.0	8.0	10.0			取	山本聡哉	56.0	ダ1200		良	**			**				計不			レトロブーム																																																																								
2022105377	2025-11-01	盛岡	曇	5.0	C2八組		9.0	6.0	6.0	11.0	3.0	8	佐々木志	56.0	ダ1200		不	**	1:16.3	3.4	**	4-7		39.1	493(+21)			タカイチナダル																																																																								
2022105377	2025-11-16	盛岡	晴	5.0	C2九組		10.0	5.0	5.0	27.0	7.0	7	佐々木志	56.0	ダ1200		良	**	1:16.6	1.1	**	8-9		38.1	493(0)			トレベルフィーユ																																																																								
2022105377	2025-11-30	水沢	曇	3.0	C2九組		10.0	3.0	3.0	38.3	7.0	3	佐々木志	56.0	ダ1300		稍	**	1:26.4	1.0	**	9-9-9-9		39.5	487(-6)			プロヴァー	8.0																																																																							
2022105377	2025-12-14	水沢		3.0	C2九組		0.0	8.0	10.0				高橋悠里	56.0	ダ1300										計不																																																																											
2022105377	2025-12-21	水沢	曇	4.0	C2九組		11.0	7.0	8.0	11.3	4.0	3	村上忍	56.0	ダ1300		重	**	1:24.2	0.5	**	8-9-5-6		38.7	489(+2)			タップアンクラップ	8.0																																																																							
2022105388	2024-07-07	1函館10		5.0	2歳新馬								横山武史		芝1800				1:54.3	0.3		3-3-2-2	38.5-35.6	35.8	456(0)				290.0																																											曇		10.0	7.0	8.0	5.7	3.0	2	55.0	稍	**	**		マジックサンズ															
2022105388	2024-08-17	2札幌3		1.0	2歳未勝利								横山武史		芝1800				1:51.0	0.7		4-5-5-4	37.2-34.8	35.0	452(-4)				83.0																																											曇		10.0	7.0	8.0	10.5	4.0	4	55.0	良	**	**		ショウナンサムデイ															
2022105388	2024-10-12	4新潟3		6.0	2歳未勝利								横山武史		芝2000				2:02.3	-0.1		6-7-9-8	35.0-36.4	35.4	460(+8)				550.0																																											晴		14.0	5.0	8.0	3.7	1.0	1	56.0	良	**	**		(クモヒトツナイ)															
2022105388	2025-01-06	1中山2		7.0	3歳1勝クラス								横山武史		芝2000				2:00.9	0.2		6-6-4-4	35.3-36.8	36.0	472(+12)				200.0																																											小雨		12.0	1.0	1.0	13.4	4.0	3	57.0	良	**	**		ゴーソーファー															
2022105388	2025-03-01	2中山1		9.0	水仙賞(1勝クラス)								横山武史		芝2200				2:17.2	0.7		5-5-9-8	36.0-34.7	34.8	474(+2)																																															晴		13.0	2.0	2.0	6.6	4.0	9	57.0	良	**	**		エーオーキング															
2022105388	2025-04-12	3中山5		9.0	山藤賞(1勝クラス)								川田将雅		芝2000				1:59.0	-0.4		4-4-3-2	35.9-36.1	35.4	472(-2)				1130.3																																											晴		9.0	2.0	2.0	4.2	3.0	1	57.0	良	**	**		(クモヒトツナイ)															
2022105388	2025-06-29	2福島2		11.0	ラジオNIKKEI賞(GIII)								田辺裕信		芝1800				1:47.2	0.3		14-14-14-14	35.2-35.4	34.4	472(0)				620.0																																											晴		14.0	4.0	6.0	8.1	6.0	4	55.0	良	**	**		エキサイトバイオ															
2022105388	2025-09-15	4中山5		11.0	朝日セントライト記念(GII)								横山武史		芝2200				2:11.4	0.6		12-12-12-12	35.6-34.9	34.0	472(0)																																															曇		12.0	6.0	7.0	24.1	7.0	6	57.0	良	**	**		ミュージアムマイル															
2022105388	2025-11-08	5東京1		8.0	3歳以上2勝クラス								プーシャ		芝2000				1:58.4	0.1		5-4-4	36.2-34.2	33.7	472(0)				460.0																																											晴		8.0	7.0	7.0	4.3	3.0	2	56.0	良	**	**		エストゥペンダ															
2022105388	2025-11-30	5東京8		9.0	オリエンタル賞(2勝クラス)								プーシャ		芝2000				1:59.2	0.8		6-6-6	36.5-34.5	34.6	474(+2)																																															晴		9.0	4.0	4.0	3.8	3.0	6	56.0	良	**	**		レイニング															
2022105389	2024-09-15	3中京4	曇	5.0	2歳新馬		9.0	7.0	7.0	60.4	9.0	4	吉村誠之	52.0	芝2000		稍	**	2:04.6	1.7	**	9-7-6-8	36.2-37.0	37.8	502(0)			スリーキングス	110.0																																																																							
2022105389	2024-09-29	3中京9	曇	2.0	2歳未勝利		9.0	8.0	8.0	37.2	6.0	6	吉村誠之	52.0	芝2000		重	**	2:08.8	1.5	**	4-5-3-3	39.7-34.5	35.7	508(+6)			バルティカ																																																																								
2022105389	2025-01-12	1中京4	曇	1.0	3歳未勝利		16.0	1.0	2.0	22.2	5.0	11	松山弘平	57.0	ダ1800		良	**	1:57.0	3.0	**	5-5-9-9	37.3-38.0	40.1	516(+8)			メイショウズイウン																																																																								
2022105389	2025-04-06	2阪神4	晴	4.0	3歳未勝利		14.0	6.0	9.0	39.3	8.0	10	荻野琢真	57.0	芝2400		良	**	2:28.2	1.6	**	8-8-13-10	36.2-35.5	36.1	528(+12)			セイキュート																																																																								
2022105389	2025-04-19	2阪神7	晴	4.0	3歳未勝利		16.0	5.0	9.0	262.3	16.0	3	田口貫太	57.0	芝2200		良	**	2:14.1	0.4	**	6-4-4-6	34.8-35.6	35.8	528(0)			ファーングロット	140.0																																																																							
2022105389	2025-05-04	1新潟2	晴	5.0	3歳未勝利		16.0	1.0	1.0	11.1	6.0	10	舟山瑠泉	54.0	芝2000		稍	**	2:04.6	1.7	**	5-3-4-4	36.8-36.3	37.7	530(+2)			キャピタルリッチ																																																																								
2022105389	2025-05-17	2京都7	曇	4.0	3歳未勝利		16.0	2.0	4.0	13.5	5.0	4	田口貫太	57.0	芝2400		不	**	2:29.7	0.3	**	4-3-3-3	35.4-37.1	37.2	524(-6)			マンオブノーブル	84.0																																																																							
2022105389	2025-06-29	2小倉2	晴	3.0	3歳未勝利		16.0	4.0	7.0	4.3	2.0	1	幸英明	57.0	芝2600		良	**	2:44.4	-0.1	**	8-5-4-3	36.8-36.4	36.2	516(-8)			(メイショウサノサ)	560.0																																																																							
2022105389	2025-07-12	2小倉5	晴	9.0	英彦山特別(1勝クラス)		11.0	8.0	11.0	17.8	6.0	9	幸英明	55.0	芝2600		良	**	2:45.0	1.5	**	6-6-3-4	37.7-36.3	37.6	528(+12)			ジョイボーイ																																																																								
2022105401	2024-12-22	7京都8		6.0	2歳新馬								藤岡佑介		芝1800				1:53.1	3.2		5-7	37.0-35.0	37.8	508(0)					曇		14.0	7.0	12.0	7.6	6.0	13	56.0	良	**	**		マトラコーニッシュ																																																									
2022105401	2025-02-22	1京都7		5.0	3歳未勝利								斎藤新		芝2400				2:33.8	5.4		6-8-12-15	35.5-34.6	38.6	518(+10)					晴		15.0	4.0	6.0	90.6	11.0	15	57.0	良	**	**		ロットブラータ																																																									
2022105401	2025-05-17	1新潟5		3.0	3歳未勝利								柴田裕一		芝1800				1:51.4	2.7		15-16	36.1-35.4	36.3	504(-14)					雨		16.0	7.0	13.0	129.4	13.0	14	54.0	稍	**	**		シャンクス																																																									
2022105407	2024-06-08	4京都3		5.0	2歳新馬								永島まな		芝1600				1:34.1	-0.1		1-1	34.4-36.6	36.6	468(0)				720.0															晴		12.0	6.0	7.0	29.0	7.0	1	53.0	良	**	**		(ジャルディニエ)																																											
2022105407	2024-08-04	2新潟4		11.0	ダリア賞(OP)								永島まな		芝1400				1:22.7	1.1		5-4	34.4-35.4	36.2	460(-8)				240.0															晴		9.0	7.0	7.0	3.1	2.0	4	55.0	良	**	**		プリティディーヴァ																																											
2022105407	2024-10-05	5京都1		9.0	りんどう賞(1勝クラス)								永島まな		芝1400				1:22.6	0.8		9-9	35.6-34.3	34.6	458(-2)																			晴		10.0	6.0	7.0	8.2	4.0	7	55.0	良	**	**		ヴーレヴー																																											
2022105407	2024-10-20	5京都6		8.0	なでしこ賞(1勝クラス)								戸崎圭太		ダ1400				1:28.9	2.8		7-7	34.5-39.1	41.0	458(0)																			晴		11.0	6.0	7.0	18.9	8.0	9	55.0	稍	**	**		コスモストーム																																											
2022105407	2024-12-08	7京都4		6.0	2歳1勝クラス								永島まな		ダ1200				1:14.7	3.5		8-9	35.1-36.1	38.3	460(+2)																			曇		10.0	7.0	7.0	112.5	9.0	9	53.0	良	**	**		アメリカンステージ																																											
2022105407	2024-12-21	7京都7		9.0	万両賞(1勝クラス)								永島まな		芝1400				1:23.1	1.4		5-7	35.9-34.0	35.1	460(0)																			曇		12.0	7.0	10.0	129.8	11.0	10	55.0	良	**	**		ライラ																																											
2022105407	2025-07-06	2小倉4		9.0	小郡特別(1勝クラス)								永島まな		芝1200				1:09.2	0.8		5-6	33.7-34.7	35.2	462(+2)				111.0															晴		8.0	8.0	8.0	44.2	7.0	5	53.0	良	**	**		ヒーローインチーフ																																											
2022105407	2025-07-20	2小倉8		8.0	3歳以上1勝クラス								永島まな		芝1200				1:09.3	0.5		4-4	33.3-35.5	35.6	456(-6)				80.0															晴		12.0	8.0	11.0	11.6	6.0	5	51.0	良	**	**		コウセキ																																											
2022105407	2025-10-25	4新潟3		12.0	3歳以上1勝クラス								斎藤新		芝1400				1:22.5	1.2		8-8	34.3-35.2	35.7	464(+8)																			曇		17.0	5.0	9.0	36.3	10.0	13	54.0	良	**	**		ワタシマツワ																																											
2022105407	2025-11-24	3福島6		7.0	3歳以上1勝クラス								永島まな		ダ1150				1:11.4	2.7		14-16	32.1-36.6	38.1	472(+8)																			曇		16.0	8.0	15.0	79.9	11.0	16	53.0	良	**	**		レグザゴン																																											
2022105407	2025-12-21	5中京6		8.0	3歳以上1勝クラス								永島まな		芝1600				1:35.9	0.1		2-2-2	35.9-36.3	35.7	470(-2)				120.0															雨		16.0	5.0	9.0	97.0	14.0	4	53.0	稍	**	**		ミトノオルフェ																																											
2022105407	2026-01-18	1京都7		12.0	4歳以上1勝クラス								永島まな		芝1600								35.5-35.2		484(+14)																																																													晴		8.0	6.0	7.0			除	53.0	良	**	**		サク	202608010712
2022105414	2024-10-05	4東京1		4.0	2歳新馬								菅原明良		芝1600				1:36.4	1.4		13-13	35.8-34.3	34.2	442(0)																																															小雨		15.0	7.0	13.0	84.5	12.0	13	55.0	良	**	**		ロンドボス															
2022105414	2024-11-02	5東京1		2.0	2歳未勝利								内田博幸		芝1600				1:35.2	0.7		10-10	35.6-34.8	34.6	446(+4)				55.0																																											雨		11.0	6.0	7.0	139.1	9.0	5	55.0	稍	**	**		エストゥペンダ															
2022105414	2024-11-24	5東京8		2.0	2歳未勝利								内田博幸		芝1600				1:37.0	2.5		13-14	35.3-34.9	35.9	442(-4)																																															晴		18.0	1.0	1.0	75.0	8.0	13	55.0	良	**	**		ブルーベリーフィズ															
2022105414	2024-12-21	5中山7		3.0	2歳未勝利								内田博幸		芝1600				1:35.2	0.7		13-13-12	34.8-36.0	34.7	440(-2)																																															晴		16.0	2.0	4.0	169.5	10.0	8	55.0	良	**	**		コムユンプリュム															
2022105414	2025-01-18	1中山6		5.0	3歳未勝利								内田博幸		芝2000				2:02.1	1.9		12-13-14-13	36.1-35.4	35.8	436(-4)																																															晴		18.0	5.0	10.0	169.8	12.0	12	55.0	良	**	**		シェーンシュティア															
2022105414	2025-03-30	3中山2		5.0	3歳未勝利								長浜鴻緒		芝2200				2:16.1	1.5		7-7-14-15	35.2-37.3	37.7	440(+4)																																															晴		18.0	5.0	10.0	85.1	11.0	10	52.0	稍	**	**		ニヴルヘイム															
2022105414	2025-04-20	3中山8		4.0	3歳未勝利								津村明秀		芝2000				2:00.1	0.4		6-6-7-6	36.3-34.6	34.4	442(+2)				140.0																																											曇		16.0	3.0	6.0	35.9	9.0	3	55.0	良	**	**		ルトンワージ															
2022105414	2025-05-11	2東京6		3.0	3歳未勝利								津村明秀		芝2000				2:00.9	0.7		6-7-6	37.1-35.3	35.4	446(+4)				84.0																																											晴		12.0	8.0	11.0	11.7	5.0	4	55.0	良	**	**		ヘヴンウィンド															
2022105414	2025-07-13	2福島6		3.0	3歳未勝利								津村明秀		芝2000				2:04.6	1.2		6-3-4-5	36.1-36.6	37.5	444(-2)																																															晴		16.0	6.0	12.0	5.0	3.0	8	55.0	良	**	**		ワーキングデライト															
2022105414	2025-08-10	1札幌6		3.0	3歳未勝利								黛弘人		芝2000				2:02.0	1.0		3-3-2-3	35.8-35.1	35.9	446(+2)				56.0																																											晴		16.0	8.0	16.0	42.5	9.0	5	55.0	良	**	**		アルディスティーノ															
2022105414	2025-08-31	2札幌4		4.0	3歳未勝利								黛弘人		芝2000				2:03.5	0.7		9-8-7-6	35.3-37.7	37.8	454(+8)				84.0																																											曇		16.0	2.0	3.0	18.7	8.0	4	55.0	稍	**	**		エオアリイ															
2022105414	2025-09-14	4中山4		7.0	3歳未勝利								黛弘人		芝2000				1:59.8	1.4		14-15-16-15	35.1-35.0	34.9	446(-8)																																															曇		18.0	8.0	17.0	53.2	13.0	10	55.0	良	**	**		シャンソンドール															
2022105414	2026-01-04	1中山1		7.0	4歳以上1勝クラス								石神深道		ダ1800				1:55.3	1.5		9-9-8-8	36.7-39.6	40.1	454(+8)																																															晴		16.0	1.0	2.0	120.5	12.0	8	52.0	稍	**	**		バタール															
2022105417	2024-12-01	7京都2		5.0	2歳新馬								高杉吏麒		芝1400				1:23.4	0.9		9-9	36.0-34.4	34.2	430(0)				72.0	晴		9.0	3.0	3.0	47.7	7.0	5	53.0	良	**	**		ランスオブカオス																																																									
2022105417	2024-12-22	7京都8		2.0	2歳未勝利								高杉吏麒		芝1600				1:36.3	1.5		16-15	34.9-36.1	35.9	434(+4)					曇		18.0	5.0	10.0	61.0	13.0	14	53.0	良	**	**		グラフィティアート																																																									
2022105417	2025-05-31	2京都11		4.0	3歳未勝利								小沢大仁		芝1400				1:22.7	1.4		14-12	34.1-35.8	35.9	430(-4)					曇		17.0	7.0	13.0	85.8	13.0	14	55.0	良	**	**		ダンツアトム																																																									
2022105417	2025-06-21	3阪神5		2.0	3歳未勝利								斎藤新		ダ1800				1:57.3	2.0		10-11-11-9	37.1-40.5	41.1	432(+2)					晴		16.0	2.0	3.0	180.5	11.0	6	55.0	良	**	**		オーケアニス																																																									
2022105417	2025-08-07	園田		8.0	JRA交流六甲山特別								吉村誠之		ダ1870				2:08.3	2.1		3-3-4-3		40.8	439(+7)				37.5	晴		6.0	1.0	1.0	10.6	3.0	3	54.0	良	**	**		サルタール																																																									
2022105418	2024-07-14	2福島6	晴	5.0	2歳新馬		11.0	2.0	2.0	39.9	9.0	5	内田博幸	55.0	芝1800		良	**	1:51.3	0.9	**	2-3-3-5	36.4-36.4	36.9	428(0)			ホウオウガイア	72.0																																																																							
2022105418	2025-01-19	1中山7	小雨	12.0	3歳未勝利		16.0	5.0	10.0	29.1	9.0	9	内田博幸	55.0	芝1600		良	**	1:36.2	0.5	**	4-6-6	35.6-35.8	35.7	446(+18)			ショウナンマリーナ																																																																								
2022105418	2025-03-15	2中山5	晴	1.0	3歳未勝利		16.0	4.0	7.0	38.3	7.0	3	内田博幸	55.0	ダ1200		稍	**	1:13.2	0.9	**	5-4	34.5-37.8	38.2	434(-12)			フクチャンヒメ	140.0																																																																							
2022105418	2025-04-06	3中山4	曇	2.0	3歳未勝利		16.0	7.0	14.0	12.7	4.0	4	内田博幸	55.0	ダ1200		稍	**	1:13.5	0.9	**	2-2	35.2-37.4	38.1	430(-4)			クインズシフォン	84.0																																																																							
2022105418	2025-06-07	3東京1	晴	2.0	3歳未勝利		16.0	3.0	6.0	24.4	6.0	11	内田博幸	55.0	ダ1400		良	**	1:27.4	1.9	**	4-7	35.1-37.5	38.8	434(+4)			ブルージュ																																																																								
2022105418	2025-07-12	2福島5	曇	3.0	3歳未勝利		16.0	8.0	16.0	13.7	4.0	8	石神深道	52.0	ダ1150		良	**	1:10.3	1.5	**	2-2	32.0-36.8	38.1	432(-2)			サンタアニタ																																																																								
2022105418	2025-08-19	浦和	晴	9.0	ツインサマー特別(3歳)		12.0	8.0	11.0	13.8	5.0	8	山中悠希	54.0	ダ1400		稍	**	1:28.8	1.3	**	4-7-8-9	35.8-39.3	39.3	427(-5)			シャルパンティエ																																																																								
2022105418	2025-09-27	高知	曇	4.0	3歳ー1		12.0	7.0	9.0	11.4	5.0	4	林謙佑	55.0	ダ1300		不	**	1:25.8	0.6	**	5-5-4-4		39.9	447(+20)			クエンカ	9.0																																																																							
2022105418	2025-10-11	高知	曇	3.0	C3ー12		9.0	8.0	9.0	6.8	2.0	3	岡村卓弥	55.0	ダ1600		稍	**	1:49.9	0.6	**	4-4-4-4		40.0	444(-3)			ダノンファスト	15.0																																																																							
2022105418	2025-10-25	高知	小雨	6.0	C3ー9		10.0	4.0	4.0	19.5	6.0	4	林謙佑	55.0	ダ1300		不	**	1:24.6	0.8	**	5-5-5-7		39.7	442(-2)			スマートフランキー	9.0																																																																							
2022105418	2025-11-08	高知	晴	5.0	C3ー10		9.0	5.0	5.0	5.3	2.0	1	林謙佑	55.0	ダ1400		稍	**	1:31.5	-0.7	**	1-1-1-1		39.2	441(-1)			(ニシノレバンテ)	60.0																																																																							
2022105418	2025-11-23	高知	晴	7.0	C3ー8		10.0	8.0	9.0	4.5	3.0	3	林謙佑	55.0	ダ1600		良	**	1:49.0	0.4	**	4-4-4-5		40.6	443(+2)			ダノンファスト	15.0																																																																							
2022105418	2025-12-06	高知	晴	8.0	C3ー7		10.0	7.0	7.0	30.9	4.0	2	林謙佑	55.0	ダ1300		良	**	1:26.6	1.0	**	1-1-1-1		41.0	439(-4)			ボンジュールゼン	24.0																																																																							
2022105418	2025-12-29	高知	晴	7.0	カトレア特別(C3)		10.0	6.0	6.0	44.3	7.0	7	近藤翔月	53.0	ダ1400		良	**	1:33.8	1.5	**	2-2-2-4		41.0	441(+2)			アルデヤーノ																																																																								
2022105418	2026-01-12	高知	晴	5.0	土佐文旦特別(C3)		8.0	5.0	5.0	3.9	3.0	2	井上瑛太	55.0	ダ1600		良	**	1:47.6	0.4	**	1-1-1-1		39.9	443(+2)			マイネルアース	24.0																																																																							
2022105422	2024-10-26	5京都7		5.0	2歳新馬								横山典弘		芝2000				2:02.2	0.0		7-6-8-9	37.3-34.8	34.3	508(0)				180.0																													曇		13.0	2.0	2.0	38.5	9.0	3	56.0	良	**	**		ミッキーゴールド																													
2022105422	2024-11-16	6京都5		4.0	2歳未勝利								横山典弘		芝1800				1:49.2	-0.1		3-3	35.5-35.2	34.9	508(0)				550.0																													曇		14.0	5.0	7.0	3.0	2.0	1	56.0	良	**	**		(ルージュシークエル)																													
2022105422	2025-01-05	1中京1		7.0	3歳1勝クラス								横山典弘		芝2000				2:03.1	2.2		8-9-9-8	36.9-35.3	36.1	512(+4)																																	晴		9.0	1.0	1.0	19.1	6.0	8	57.0	良	**	**		ミッキーゴールド																													
2022105422	2025-02-15	1小倉7		9.0	あすなろ賞(1勝クラス)								丸山元気		芝2000				2:01.9	0.6		7-7-7-7	36.3-35.0	35.0	502(-10)				282.8																													曇		9.0	4.0	4.0	15.3	6.0	3	57.0	良	**	**		タイセイリコルド																													
2022105422	2025-03-15	1阪神5		9.0	ゆきやなぎ賞(1勝クラス)								古川吉洋		芝2400				2:25.5	0.9		11-11-11-6	36.1-34.8	35.1	502(0)																																	小雨		12.0	5.0	6.0	45.5	10.0	7	57.0	良	**	**		ゲルチュタール																													
2022105422	2025-04-26	2京都1		8.0	あやめ賞(1勝クラス)								団野大成		芝1800				1:47.4	0.5		5-4	36.1-33.6	33.6	500(-2)				170.0																													晴		7.0	4.0	4.0	9.4	5.0	4	57.0	良	**	**		キングメーカー																													
2022105422	2025-06-07	3阪神1		9.0	城崎特別(1勝クラス)								団野大成		芝1800				1:46.7	0.2		9-5	35.5-34.5	34.2	496(-4)				170.0																													曇		10.0	8.0	9.0	12.8	6.0	4	55.0	良	**	**		ゼンダンハヤブサ																													
2022105422	2025-06-29	2小倉2		9.0	青島特別(1勝クラス)								団野大成		芝1800				1:48.2	0.7		3-3-1-1	36.3-35.6	36.3	498(+2)																																	晴		8.0	8.0	8.0	7.4	5.0	6	55.0	良	**	**		レディーミコノス																													
2022105422	2025-09-21	4阪神7		7.0	3歳以上1勝クラス								松本大輝		芝2000				2:00.5	1.0		11-11-11-11	34.8-36.0	35.4	502(+4)																																	晴		13.0	7.0	10.0	18.0	7.0	10	54.0	良	**	**		キーパフォーマー																													
2022105422	2025-10-05	3京都2		7.0	3歳以上1勝クラス								松本大輝		芝2000				2:00.1	-0.1		8-7-6-4	35.0-35.0	34.5	498(-4)				800.0																													小雨		12.0	4.0	4.0	35.4	8.0	1	55.0	稍	**	**		(クラウディアイ)																													
2022105422	2025-11-22	4京都5		12.0	3歳以上2勝クラス								団野大成		芝2000				1:59.9	0.7		7-5-6-5	36.7-34.5	34.7	504(+6)				170.0																													晴		15.0	3.0	4.0	31.1	9.0	4	56.0	良	**	**		ミッキーゴールド																													
2022105422	2025-12-07	5中京2		10.0	志摩特別(2勝クラス)								松本大輝		芝1600				1:34.3	0.5		7-8-8	36.3-33.8	33.5	504(0)																																	晴		13.0	8.0	12.0	31.6	9.0	6	55.0	良	**	**		キングメーカー																													
2022105422	2025-12-28	5阪神8		9.0	フォーチュンC(2勝クラス)								太宰啓介		芝1600				1:34.5	0.5		12-11	35.6-34.8	32.9	510(+6)																																	晴		12.0	8.0	11.0	29.6	9.0	10	55.0	良	**	**		マイエレメント																													
2022105422	2026-01-17	1京都6		12.0	4歳以上2勝クラス								太宰啓介		芝1600				1:34.2	0.7		16-14	35.2-34.5	33.8	506(-4)																																	晴		18.0	7.0	13.0	16.1	8.0	8	57.0	良				カズミクラーシュ																													
2022105438	2025-02-16	1小倉8		5.0	3歳未勝利								荻野極		芝2000				2:03.0	0.7		2-3-5-8	36.8-36.3	36.5	444(0)																																	曇		14.0	2.0	2.0	5.1	3.0	11	57.0	良	**	**		オーシンエス																													
2022105438	2025-03-02	1阪神2		6.0	3歳未勝利								田口貫太		芝2000				2:01.1	-0.1		1-1-1-1	35.9-35.5	35.5	446(+2)				560.0																													小雨		16.0	1.0	2.0	14.9	7.0	1	56.0	良	**	**		(アオイタケル)																													
2022105438	2025-05-04	2東京4		11.0	プリンシパルS(L)								田口貫太		芝2000				1:59.4	0.1		2-2-3	36.4-34.7	34.3	444(-2)				808.4																													晴		14.0	2.0	2.0	63.2	12.0	2	57.0	良	**	**		レディネス																													
2022105438	2025-08-30	4中京3		8.0	3歳以上1勝クラス								田口貫太		芝2000				2:00.4	-0.1		2-2-3-3	37.5-34.0	33.6	448(+4)				800.0																													晴		8.0	7.0	7.0	2.4	2.0	1	55.0	良	**	**		(ニュークレド)																													
2022105438	2026-01-17	1京都6		9.0	稲荷特別(2勝クラス)								田口貫太		芝2000				2:01.5	0.5		3-3-2-2	36.0-34.5	34.8	446(-2)				158.0																													晴		10.0	5.0	5.0	2.6	1.0	5	57.0	良				ジェットマグナム																													
2022105439	2024-12-28	5中山9		5.0	2歳新馬								武豊		芝2000				2:04.2	0.4		4-5-4-5	37.0-35.5	35.4	488(0)				290.0																													晴		18.0	8.0	17.0	4.5	3.0	2	56.0	良	**	**		ブラックジェダイト																													
2022105439	2025-01-18	1中京6		2.0	3歳未勝利								武豊		ダ1800				1:53.0	-1.5		7-7-1-2	36.7-37.8	37.8	486(-2)				560.0																													晴		11.0	2.0	2.0	2.6	2.0	1	57.0	良	**	**		(タケルハーロック)																													
2022105439	2025-02-23	1東京8		9.0	ヒヤシンスS(L)								Ｍ．デム		ダ1600				1:38.5	0.9		9-7	35.9-35.6	35.9	494(+8)				190.0																													晴		10.0	5.0	5.0	8.6	4.0	5	57.0	良	**	**		ルクソールカフェ																													
2022105439	2025-04-05	メイダン			UAEダービー(GII)								武豊		ダ1900										計不																																			9.0		3.0		7.0	6	57.0	良																																	
2022105439	2025-06-01	2東京12		5.0	3歳1勝クラス								武豊		ダ1400				1:23.5	0.5		7-7	35.5-35.3	35.0	496(0)																																	晴		11.0	7.0	9.0	2.2	1.0	6	57.0	重	**	**		トリリオンボーイ																													
2022105439	2025-10-04	3京都1		6.0	3歳以上1勝クラス								武豊		ダ1400				1:23.7	1.2		16-16	33.6-37.3	35.5	504(+8)																																	曇		16.0	4.0	8.0	4.5	2.0	8	56.0	不	**	**		サンダーロード																													
2022105439	2025-10-11	3京都3		9.0	3歳以上1勝クラス								武豊		ダ1800				1:52.3	0.3		3-3-3-3	37.1-37.1	37.0	496(-8)				200.0																													曇		12.0	7.0	9.0	2.2	1.0	3	56.0	良	**	**		スマートカイロス																													
2022105439	2026-01-17	1京都6		8.0	4歳以上1勝クラス								武豊		ダ1800				1:53.0	0.2		1-1-1-1	36.7-37.0	37.2	500(+4)				330.0																													晴		8.0	2.0	2.0	2.2	1.0	2	57.0	良				ロカヒ																													
2022105454	2024-12-21	5中山7		5.0	2歳新馬								田辺裕信		芝1800				1:52.4	1.2		7-7-7-8	38.9-33.7	34.4	456(0)																																															晴		16.0	3.0	6.0	5.8	4.0	6	55.0	良	**	**		ジョスラン															
2022105454	2025-02-23	1東京8		4.0	3歳未勝利								浜中俊		芝1800				1:49.0	0.6		13-14-13	37.0-34.1	33.5	456(0)																																															晴		15.0	4.0	7.0	29.3	7.0	10	55.0	良	**	**		モティスフォント															
2022105454	2025-04-13	3中山6		6.0	3歳未勝利								菅原明良		芝2000				2:01.7	-0.1		7-5-7-6	36.5-34.9	34.3	446(-10)				560.0																																											雨		18.0	4.0	8.0	8.4	4.0	1	55.0	良	**	**		(マカナ)															
2022105454	2025-09-06	4中山1		9.0	古作特別(1勝クラス)								戸崎圭太		芝1800				1:47.4	0.0		7-7-7-7	36.4-33.9	33.0	454(+8)				1135.2																																											晴		11.0	6.0	6.0	5.1	2.0	1	53.0	良	**	**		(プリムツァール)															
2022105454	2025-10-18	4東京6		8.0	3歳以上2勝クラス								戸崎圭太		芝2000								37.5-34.3		計不																																															晴		7.0	4.0	4.0			取	54.0	良	**	**		エラン															
2022105454	2025-12-21	5中山6		9.0	チバテレ杯(2勝クラス)								戸崎圭太		芝2000				2:00.8	-0.1		7-7-7-7	35.7-35.9	35.1	460(+6)				1574.5																																											曇		11.0	2.0	2.0	3.2	1.0	1	55.0	重	**	**		(オルノア)															
2022105456	2024-09-14	4中山3		4.0	2歳新馬								津村明秀		ダ1800				1:56.7	0.4		9-8-7-5	37.4-38.4	38.3	456(0)				180.0															晴		16.0	2.0	3.0	8.0	3.0	3	55.0	良	**	**		バギーウィップ																																											
2022105456	2024-12-07	5中山3		2.0	2歳未勝利								津村明秀		ダ1800				1:55.1	0.0		8-8-2-1	37.5-39.1	39.0	474(+18)				220.0															晴		12.0	3.0	3.0	2.6	2.0	2	56.0	良	**	**		ルグランヴァン																																											
2022105456	2024-12-28	5中山9		2.0	2歳未勝利								津村明秀		ダ1800				1:56.4	-0.1		8-8-8-8	38.0-39.8	39.2	476(+2)				550.0															晴		16.0	5.0	9.0	1.8	1.0	1	56.0	良	**	**		(ジェシーテソーロ)																																											
2022105456	2025-03-23	2中山8		6.0	3歳1勝クラス								津村明秀		芝2000				2:00.0	0.0		5-6-8-6	35.6-35.8	35.0	478(+2)				320.0															晴		12.0	1.0	1.0	11.4	4.0	2	57.0	良	**	**		アマキヒ																																											
2022105456	2025-05-17	2東京7		6.0	3歳1勝クラス								津村明秀		芝2400				2:28.5	0.6		3-3-4-4	36.8-35.2	35.4	478(0)				320.0															雨		8.0	3.0	3.0	3.1	2.0	2	57.0	良	**	**		ホウオウアートマン																																											
2022105456	2025-06-28	2福島1		7.0	3歳以上1勝クラス								津村明秀		芝2600				2:40.9	-0.1		3-3-3-2	35.3-34.6	34.3	470(-8)				800.0															晴		7.0	6.0	6.0	1.8	1.0	1	54.0	良	**	**		(ルークスヘリオス)																																											
2022105456	2025-12-28	5中山8		9.0	グッドラックH(2勝クラス)								津村明秀		芝2500				2:33.9	0.3		2-2-3-3	31.3-36.1	36.2	480(+10)				394.3															晴		14.0	6.0	9.0	9.1	4.0	3	54.0	良	**	**		コーチェラバレー																																											
2022105456	2026-01-18	1中山7		7.0	4歳以上2勝クラス								津村明秀		芝2200				2:14.7	0.2		2-2-3-2	37.7-34.0	34.0	480(0)				480.0																																																									晴		16.0	2.0	4.0	11.8	4.0	2	57.0	良	**	**		フィーリウス	202606010707
2022105466	2025-02-02	1東京2		5.0	3歳新馬								横山武史		芝1800				1:51.0	0.5		7-7-6	36.2-33.7	33.6	484(0)				160.0															小雨		15.0	7.0	12.0	3.5	2.0	3	57.0	良	**	**		ダノンセンチュリー																																											
2022105466	2025-03-15	2中山5		5.0	3歳未勝利								横山武史		芝2200				2:13.8	-0.5		9-10-5-2	35.8-34.7	34.5	484(0)				560.0															曇		18.0	1.0	2.0	4.8	3.0	1	57.0	良	**	**		(ピエナフェーヴル)																																											
2022105466	2025-04-26	2東京1		11.0	テレビ東京杯青葉賞(GII)								佐々木大		芝2400				2:24.9	0.1		12-11-11-9	35.1-34.4	33.8	480(-4)				810.0															曇		13.0	7.0	11.0	7.1	3.0	4	57.0	良	**	**		エネルジコ																																											
2022105466	2025-06-07	3東京1		9.0	稲城特別(1勝クラス)								佐々木大		芝2400				2:24.3	-0.8		3-3-3-3	36.8-34.3	34.0	484(+4)				1138.0															晴		12.0	6.0	7.0	1.5	1.0	1	54.0	良	**	**		(サトノパトリオット)																																											
2022105466	2025-09-15	4中山5		11.0	朝日セントライト記念(GII)								佐々木大		芝2200				2:10.9	0.1		3-3-3-3	35.6-34.9	34.7	486(+2)				1412.0															曇		12.0	6.0	8.0	4.4	2.0	3	57.0	良	**	**		ミュージアムマイル																																											
2022105466	2025-10-26	3京都9		11.0	菊花賞(GI)								佐々木大		芝3000				3:04.5	0.5		7-6-6-4	36.4-35.3	35.5	482(-4)				2000.0															小雨		18.0	8.0	18.0	17.4	9.0	5	57.0	稍	**	**		エネルジコ																																											
2022105466	2026-01-18	1中山7		7.0	4歳以上2勝クラス								佐々木大		芝2200				2:15.0	0.5		10-8-9-8	37.7-34.0	34.0	494(+12)				119.0																																																									晴		16.0	6.0	12.0	1.3	1.0	5	57.0	良	**	**		フィーリウス	202606010707
2022105470	2024-12-22	7京都8		6.0	2歳新馬								秋山稔樹		芝1800				1:51.1	1.2		13-12	37.0-35.0	35.1	460(0)					曇		14.0	3.0	3.0	4.6	1.0	8	56.0	良	**	**		マトラコーニッシュ																																																									
2022105470	2025-01-26	1小倉2		6.0	3歳未勝利								秋山稔樹		芝2000				2:01.9	0.1		4-4-4-3	35.3-36.3	36.1	458(-2)				220.0	晴		17.0	2.0	4.0	7.1	4.0	2	57.0	良	**	**		ニホンピロデヴィン																																																									
2022105470	2025-02-16	1小倉8		5.0	3歳未勝利								丸山元気		芝2000				2:03.5	1.2		1-2-3-3	36.8-36.3	37.3	460(+2)					曇		14.0	1.0	1.0	3.6	2.0	14	57.0	良	**	**		オーシンエス																																																									
2022105470	2025-05-11	2京都6		4.0	3歳未勝利								和田竜二		芝1600				1:35.0	0.2		4-4	35.2-35.1	34.9	456(-4)				140.0	曇		16.0	5.0	9.0	11.2	4.0	3	57.0	良	**	**		プチプランス																																																									
2022105470	2025-05-25	2京都10		4.0	3歳未勝利								和田竜二		芝1600				1:36.3	0.1		7-6	35.7-36.4	35.6	450(-6)				84.0	曇		18.0	6.0	12.0	4.4	3.0	4	57.0	重	**	**		リアルフォルゴーレ																																																									
2022105470	2025-06-08	3阪神2		7.0	3歳未勝利								和田竜二		芝1600				1:34.1	0.1		7-5	34.6-35.3	34.9	452(+2)				220.0	曇		18.0	5.0	9.0	6.7	4.0	2	57.0	良	**	**		ロールザダイス																																																									
2022105470	2025-06-22	3阪神6		3.0	3歳未勝利								和田竜二		芝1600				1:33.8	0.0		2-2	34.5-35.1	35.1	452(0)				220.0	曇		18.0	4.0	8.0	4.1	2.0	2	57.0	良	**	**		フェイトライン																																																									
2022105470	2025-08-02	3中京3		4.0	3歳未勝利								和田竜二		芝2000				1:59.7	0.3		3-3-3-2	35.3-34.8	35.0	448(-4)				140.0	晴		14.0	3.0	3.0	3.2	2.0	3	57.0	良	**	**		アロンディ																																																									
2022105470	2025-08-17	3中京8		11.0	3歳未勝利								松山弘平		芝1600				1:33.5	0.0		3-2-2	35.2-35.2	35.0	448(0)				560.0	晴		15.0	8.0	15.0	3.5	2.0	1	57.0	良	**	**		(タイセイフィオーレ)																																																									
2022105470	2025-11-15	4京都3		12.0	3歳以上1勝クラス								和田竜二		芝1600				1:33.5	0.2		5-5	34.5-35.0	34.4	466(+18)				200.0	晴		18.0	8.0	18.0	17.7	7.0	3	57.0	良	**	**		ジーティードレス																																																									
2022105470	2025-12-06	5阪神1		12.0	3歳以上1勝クラス								和田竜二		芝1600				1:34.6	0.1		3-3	36.9-33.6	33.5	464(-2)				320.0	晴		15.0	4.0	7.0	4.0	2.0	2	57.0	良	**	**		マイエレメント																																																									
2022105470	2025-12-27	5阪神7		7.0	3歳以上1勝クラス								和田竜二		芝1800				1:46.7	0.5		4-4	35.4-34.2	34.4	468(+4)					晴		15.0	5.0	9.0	4.9	3.0	7	57.0	良	**	**		サタデーサンライズ																																																									
2022105486	2024-12-22	7京都8		4.0	2歳新馬								佐々木大		ダ1800				1:56.6	1.9		12-12-8-6	37.4-38.1	39.0	504(0)				290.0	曇		13.0	1.0	1.0	7.9	3.0	2	56.0	良	**	**		タイセイドラード																																																									
2022105486	2024-12-28	7京都9		2.0	2歳未勝利								Ｍ．デム		ダ1800				1:55.9	2.1		13-13-11-7	36.5-38.2	39.0	508(+4)				55.0	晴		16.0	8.0	16.0	5.9	3.0	5	56.0	良	**	**		メイショウアイナ																																																									
2022105486	2025-01-13	1中京5		3.0	3歳未勝利								坂井瑠星		ダ1900				2:04.1	1.7		3-3-4-5	30.4-38.8	40.1	508(0)				56.0	晴		16.0	4.0	7.0	6.8	4.0	5	57.0	良	**	**		ジーティーアメリカ																																																									
2022105486	2025-02-01	1京都1		4.0	3歳未勝利								坂井瑠星		ダ1900				2:01.4	-0.7		2-2-2-1	30.1-37.7	37.7	504(-4)				560.0	晴		9.0	3.0	3.0	6.1	3.0	1	57.0	良	**	**		(シャルクハフト)																																																									
2022105486	2025-04-26	2京都1		7.0	3歳1勝クラス								坂井瑠星		ダ1800				2:01.7	9.0		4-3-11-12	35.9-38.3	45.3	498(-6)					晴		12.0	7.0	10.0	12.8	7.0	12	57.0	良	**	**		ロードラビリンス																																																									
2022105486	2025-06-29	2小倉2		12.0	3歳以上1勝クラス								酒井学		ダ1700				1:47.0	1.3		16-16-16-16	29.4-39.4	37.8	504(+6)					晴		16.0	8.0	16.0	32.7	9.0	10	55.0	良	**	**		オンザムーブ																																																									
2022105486	2025-07-26	3中京1		10.0	3歳以上1勝クラス								酒井学		ダ1800				1:54.7	1.2		9-9-8-8	37.9-38.4	38.7	504(0)					晴		11.0	5.0	5.0	26.5	8.0	6	55.0	良	**	**		メイショウソウセキ																																																									
2022105486	2025-10-13	3京都5		8.0	3歳以上1勝クラス								大久保友		ダ1900				2:01.1	1.3		10-11-13-12	29.9-38.6	38.3	492(-12)					曇		13.0	6.0	8.0	15.7	8.0	7	53.0	良	**	**		ハッピーダンチャン																																																									
2022105493	2024-11-16	6京都5		6.0	2歳新馬								岩田康誠		ダ1800				1:56.2	1.6		2-2-2-1	37.6-38.0	39.5	512(0)																																															小雨		16.0	8.0	15.0	53.0	11.0	9	56.0	良	**	**		ヒルノハンブルク															
2022105493	2024-11-30	7京都1		3.0	2歳未勝利								団野大成		ダ1800				1:56.4	1.1		2-2-8-8	37.0-39.2	39.5	516(+4)				55.0																																											晴		11.0	6.0	6.0	53.5	6.0	5	56.0	稍	**	**		メイケイレイン															
2022105493	2025-02-02	1小倉4		1.0	3歳未勝利								丹内祐次		ダ1700				1:46.0	0.8		13-13-10-9	29.3-38.5	38.1	526(+10)				56.0																																											曇		15.0	5.0	8.0	9.9	6.0	5	57.0	不	**	**		ローズマイスター															
2022105493	2025-02-23	1小倉10		1.0	3歳未勝利								丹内祐次		ダ1700				1:49.2	0.4		6-5-5-6	31.4-38.1	37.8	530(+4)				84.0																																											晴		10.0	2.0	2.0	3.5	2.0	4	57.0	良	**	**		ゴールドダイアー															
2022105493	2025-04-24	名古屋		10.0	名古屋CCチェリー賞(3歳)								渡辺竜也		ダ1500				1:36.6	-0.3		6-3-3		39.9	521(-9)				140.0																																											晴		11.0	5.0	5.0	1.7	1.0	1	57.0	稍	**	**		(ロイヤルイブキ)															
2022105493	2025-06-21	3阪神5		8.0	3歳以上1勝クラス								斎藤新		ダ1800				1:55.8	2.8		14-15-15-16	35.9-37.6	39.2	522(+1)																																															晴		16.0	7.0	14.0	219.6	16.0	14	55.0	良	**	**		タガノバビロン															
2022105493	2025-08-31	4中京4		7.0	3歳以上1勝クラス								渡辺竜也		ダ1800				1:54.8	1.4		8-8-10-10	37.7-38.0	38.0	512(-10)																																															晴		13.0	3.0	3.0	124.3	10.0	9	55.0	良	**	**		スーパージョック															
2022105493	2025-09-13	4阪神3		12.0	3歳以上1勝クラス								吉村誠之		ダ1800				1:56.6	4.8		7-6-5-6	37.0-37.9	41.9	516(+4)																																															曇		14.0	7.0	12.0	66.7	10.0	12	54.0	良	**	**		キーチパルフェ															
2022105493	2025-11-15	3福島3		6.0	3歳以上1勝クラス								松本大輝		ダ2400				2:35.8	1.2		11-12-11-10	38.8-40.0	40.0	520(+4)																																															晴		16.0	5.0	9.0	74.0	14.0	6	55.0	良	**	**		オオタチ															
2022105501	2025-01-13	1中京5		5.0	3歳新馬								戸崎圭太		芝1600				1:37.9	0.1		4-5-6	36.5-35.2	34.9	458(0)				250.0																																											晴		16.0	2.0	4.0	2.7	1.0	2	55.0	良	**	**		トワイライトシティ															
2022105501	2025-02-02	1東京2		6.0	3歳未勝利								田辺裕信		芝1600				1:35.5	-0.4		3-3	35.9-35.1	34.8	460(+2)				560.0																																											小雨		16.0	3.0	6.0	3.4	2.0	1	55.0	良	**	**		(サルーポルティ)															
2022105501	2025-03-15	2中山5		11.0	アネモネS(L)								津村明秀		芝1600				1:35.8	0.1		7-9-9	35.9-35.3	34.6	454(-6)				808.0																																											曇		12.0	5.0	6.0	4.4	3.0	2	55.0	良	**	**		トワイライトシティ															
2022105501	2025-04-13	2阪神6		11.0	桜花賞(GI)								津村明秀		芝1600				1:34.2	1.1		15-15	34.5-34.5	34.6	450(-4)																																															雨		18.0	8.0	17.0	158.0	18.0	7	55.0	稍	**	**		エンブロイダリー															
2022105501	2025-09-06	4中山1		9.0	古作特別(1勝クラス)								津村明秀		芝1800				1:47.4	0.0		5-5-5-5	36.4-33.9	33.1	458(+8)				447.2																																											晴		11.0	7.0	8.0	1.6	1.0	2	53.0	良	**	**		シャドウメテオ															
2022105501	2025-09-28	4中山9		7.0	3歳以上1勝クラス								武豊		芝1600				1:33.3	0.8		10-10-7	34.6-34.6	34.0	460(+2)				120.0																																											晴		16.0	8.0	16.0	7.4	4.0	4	54.0	良	**	**		リバーバレイト															
2022105501	2025-10-19	4東京7		7.0	3歳以上1勝クラス								横山和生		芝1800				1:46.2	0.3		2-2-2	34.8-34.0	34.0	468(+8)				120.0																																											曇		13.0	1.0	1.0	5.0	3.0	4	54.0	良	**	**		ミッキーソルジャー															
2022105503	2024-06-08	4京都3		5.0	2歳新馬								松山弘平		芝1600				1:36.8	2.7		3-3	34.4-36.6	38.6	466(0)					晴		12.0	7.0	10.0	6.2	3.0	12	55.0	良	**	**		サニーサルサ																																																									
2022105503	2024-09-28	3中京8		3.0	2歳未勝利								岩田望来		芝1600				1:35.9	0.4		5-2-2	37.0-35.0	35.3	466(0)				140.0	曇		10.0	8.0	10.0	9.6	5.0	3	55.0	良	**	**		ブルクトーア																																																									
2022105503	2024-10-19	5京都5		2.0	2歳未勝利								岩田望来		芝1600				1:35.4	0.1		1-1	35.2-35.6	35.7	470(+4)				140.0	小雨		10.0	3.0	3.0	8.3	6.0	3	55.0	良	**	**		ブルーミングローズ																																																									
2022105503	2024-11-30	7京都1		6.0	2歳未勝利								岩田望来		芝1400				1:22.4	0.4		3-3	34.8-35.4	35.4	474(+4)				140.0	晴		12.0	6.0	7.0	8.2	4.0	3	55.0	良	**	**		スライビングロード																																																									
2022105503	2024-12-22	7京都8		3.0	2歳未勝利								岩田望来		芝1400				1:23.8	2.2		3-3	34.6-35.5	37.5	478(+4)					曇		18.0	5.0	10.0	4.9	3.0	15	55.0	良	**	**		ウィンストン																																																									
2022105503	2025-03-02	1阪神2		5.0	3歳未勝利								武豊		芝1800				1:46.6	0.4		1-1	34.7-35.2	35.6	472(-6)				56.0	小雨		18.0	8.0	16.0	20.2	6.0	5	55.0	良	**	**		エバーグルーヴ																																																									
2022105503	2025-04-12	2阪神5		1.0	3歳未勝利								武豊		ダ1800				1:57.2	1.3		3-3-3-2	36.9-39.7	40.9	482(+10)				56.0	晴		16.0	7.0	13.0	5.2	3.0	5	55.0	良	**	**		メイショウウメゴチ																																																									
2022105503	2025-04-26	2京都1		1.0	3歳未勝利								武豊		ダ1400				1:26.5	2.0		1-1	34.7-37.6	39.6	478(-4)					晴		16.0	2.0	3.0	27.1	8.0	9	55.0	良	**	**		アメリカンポリス																																																									
2022105503	2025-06-28	2小倉1		3.0	3歳未勝利								団野大成		ダ1700				1:46.3	0.0		1-1-1-1	29.3-39.4	39.4	466(-12)				560.0	晴		16.0	2.0	4.0	22.1	6.0	1	55.0	良	**	**		(カルミアクラウン)																																																									
2022105503	2025-08-09	3中京5		12.0	3歳以上1勝クラス								団野大成		芝1600				1:35.3	2.9		1-1-1	35.1-33.8	36.7	468(+2)					晴		12.0	7.0	9.0	32.1	8.0	12	53.0	良	**	**		アイサンサン																																																									
2022105503	2025-09-28	4阪神9		7.0	3歳以上1勝クラス								斎藤新		ダ1400				1:25.9	1.3		10-11	34.3-38.2	38.5	480(+12)					晴		16.0	8.0	16.0	29.6	9.0	11	54.0	良	**	**		ゲイルライダー																																																									
2022105503	2025-11-20	川崎		10.0	ノベンバースター賞(B2B3)								笹川翼		ダ1600				1:44.6	0.7		2-2-1-1	37.0-40.5	41.1	470(-10)					晴		12.0	1.0	1.0	2.6	1.0	6	55.0	良	**	**		フイノマジワリ																																																									
2022105505	2024-10-26	5京都7	曇	5.0	2歳新馬		13.0	8.0	13.0	6.0	4.0	7	岩田望来	56.0	芝2000		良	**	2:02.7	0.5	**	3-3-1-2	37.3-34.8	35.3	434(0)			ミッキーゴールド																																																																								
2022105505	2024-11-16	6京都5	曇	2.0	2歳未勝利		11.0	1.0	1.0	5.2	3.0	1	岩田望来	56.0	ダ1800		良	**	1:54.2	-0.2	**	2-2-1-1	36.4-38.7	38.7	438(+4)			(ラマンシュ)	550.0																																																																							
2022105505	2025-01-06	1中京2	曇	4.0	3歳1勝クラス		12.0	8.0	11.0	99.8	9.0	6	岩田望来	57.0	ダ1800		良	**	1:53.9	0.6	**	11-10-11-11	36.8-38.8	37.9	440(+2)			ドンインザムード																																																																								
2022105505	2025-04-06	2阪神4	晴	5.0	3歳1勝クラス		14.0	8.0	13.0	19.1	5.0	9	岩田望来	57.0	ダ1800		良	**	1:55.0	2.3	**	10-10-7-8	36.5-38.2	39.6	434(-6)			テスティモーネ																																																																								
2022105505	2025-04-26	2京都1	晴	7.0	3歳1勝クラス		12.0	6.0	7.0	12.4	6.0	4	岩田望来	57.0	ダ1800		良	**	1:53.5	0.8	**	11-10-8-8	35.9-38.3	38.5	434(0)			ロードラビリンス	120.0																																																																							
2022105505	2025-08-23	2札幌1	晴	8.0	3歳以上1勝クラス		9.0	4.0	4.0	2.4	1.0	2	ルメール	55.0	ダ2400		稍	**	2:35.0	0.4	**	3-3-5-2	39.1-38.3	38.2	438(+4)			ビッグベルーガ	320.0																																																																							
2022105505	2025-09-06	2札幌5	曇	12.0	3歳以上1勝クラス		14.0	2.0	2.0	3.5	2.0	5	ルメール	55.0	ダ1700		良	**	1:47.1	0.6	**	10-9-7-11	30.7-38.2	38.2	438(0)			メイショウツヨキ	80.0																																																																							
2022105505	2025-11-15	3福島3	晴	6.0	3歳以上1勝クラス		16.0	7.0	13.0	5.0	1.0	3	小沢大仁	56.0	ダ2400		良	**	2:34.8	0.2	**	3-3-2-2	38.8-40.0	40.0	438(0)			オオタチ	200.0																																																																							
2022105505	2025-12-06	5中京1	晴	6.0	3歳以上1勝クラス		16.0	2.0	3.0	6.6	4.0	6	吉村誠之	56.0	ダ1900		良	**	2:01.4	1.2	**	3-5-4-3	30.8-37.8	38.7	440(+2)			スマートシーカー																																																																								
2022105506	2024-08-17	2中京3		5.0	2歳新馬								坂井瑠星		芝1400				1:22.6	0.6		4-5	34.8-35.3	35.0	496(0)				110.0	晴		18.0	6.0	12.0	11.4	4.0	4	55.0	良	**	**		ラヴェンデル																																																									
2022105506	2024-09-08	3中京2		3.0	2歳未勝利								坂井瑠星		芝1600				1:34.6	0.1		1-1-1	34.5-35.9	36.0	498(+2)				220.0	晴		7.0	3.0	3.0	14.1	4.0	2	55.0	良	**	**		マイネルチケット																																																									
2022105506	2024-11-10	6京都4		3.0	2歳未勝利								松山弘平		芝1600				1:35.0	1.1		7-7	34.0-35.1	35.7	504(+6)					晴		14.0	1.0	1.0	11.9	6.0	7	56.0	良	**	**		アドマイヤズーム																																																									
2022105506	2024-12-01	4中京2		4.0	2歳未勝利								坂井瑠星		芝1600				1:35.4	0.5		2-2-2	36.0-34.4	34.7	504(0)				220.0	晴		15.0	6.0	10.0	7.1	3.0	2	56.0	良	**	**		ラージギャラリー																																																									
2022105506	2024-12-22	7京都8		2.0	2歳未勝利								荻野極		芝1600				1:35.7	0.9		11-9	34.9-36.1	35.8	508(+4)					曇		18.0	3.0	6.0	6.9	3.0	6	56.0	良	**	**		グラフィティアート																																																									
2022105506	2025-01-11	1中京3		1.0	3歳未勝利								坂井瑠星		ダ1800				1:54.6	0.8		3-3-6-7	36.2-38.9	39.0	510(+2)				140.0	晴		16.0	5.0	10.0	4.4	2.0	3	57.0	良	**	**		エンマ																																																									
2022105506	2025-03-16	1阪神6		2.0	3歳未勝利								坂井瑠星		ダ1800				1:53.8	-1.1		1-1-2-1	38.0-38.5	38.5	514(+4)				560.0	小雨		11.0	4.0	4.0	1.7	1.0	1	57.0	稍	**	**		(グレイルクエスト)																																																									
2022105506	2025-05-11	2東京6		5.0	3歳1勝クラス								松山弘平		ダ2100				2:10.1	1.0		2-1-1-1	30.2-36.8	37.8	514(0)				200.0	晴		15.0	3.0	5.0	3.9	1.0	3	57.0	稍	**	**		ピカピカサンダー																																																									
2022105506	2025-05-31	2京都11		9.0	鳳雛S(L)								松山弘平		ダ1800				1:56.8	3.0		3-3-4-5	37.8-36.8	39.3	514(0)					曇		9.0	1.0	1.0	5.1	3.0	9	57.0	良	**	**		ハグ																																																									
2022105506	2025-07-26	3中京1		10.0	3歳以上1勝クラス								松山弘平		ダ1800				1:55.2	1.7		5-5-4-6	37.9-38.4	39.7	522(+8)					晴		11.0	6.0	6.0	4.3	2.0	9	55.0	良	**	**		メイショウソウセキ																																																									
2022105506	2025-10-11	4東京3		7.0	3歳以上1勝クラス								坂井瑠星		芝2000				1:59.3	1.7		5-4-5	35.8-34.8	35.3	520(-2)					雨		10.0	8.0	10.0	11.2	5.0	8	56.0	良	**	**		ボウウィンドウ																																																									
2022105506	2025-11-02	3京都11		6.0	3歳以上1勝クラス								吉村誠之		ダ1800				1:55.2	3.3		1-1-11-12	36.2-38.2	40.0	524(+4)					晴		14.0	1.0	1.0	15.2	7.0	12	55.0	稍	**	**		ゴールドダイアー																																																									
2022105506	2025-11-15	3福島3		6.0	3歳以上1勝クラス								斎藤新		ダ2400				2:36.5	1.9		3-4-4-5	38.8-40.0	41.4	518(-6)					晴		16.0	7.0	14.0	6.6	4.0	9	56.0	良	**	**		オオタチ																																																									
2022105537	2024-12-22	5中山8		6.0	2歳新馬								吉田豊		芝1600				1:41.6	5.0		14-13-14	36.2-35.6	38.8	448(0)					晴		15.0	6.0	11.0	101.9	10.0	15	56.0	良	**	**		ディオデルマーレ																																																									
2022105537	2025-03-29	3中山1		3.0	3歳未勝利								原優介		ダ1200				1:15.4	3.1		14-15	34.8-37.5	38.8	438(-10)					雨		16.0	3.0	6.0	273.2	12.0	13	57.0	稍	**	**		リクエイ																																																									
2022105537	2025-04-25	名古屋		2.0	3歳12組								加藤聡一		ダ1500				1:38.7	-0.6		1-1-1		39.1	440(+2)				58.0	曇		11.0	5.0	5.0	3.4	2.0	1	57.0	稍	**	**		(リヴァスピナー)																																																									
2022105537	2025-05-20	名古屋		8.0	3歳6組								加藤聡一		ダ1500				1:39.5	-0.2		3-3-3		40.0	435(-5)				58.0	晴		12.0	7.0	9.0	1.4	1.0	1	57.0	稍	**	**		(ウィルポリス)																																																									
2022105537	2025-08-04	川崎		1.0	3歳5								矢野貴之		ダ1400				1:33.9	-1.7		1-1-1-1	39.7-41.4	41.4	441(+6)				120.0	晴		8.0	4.0	4.0	1.2	1.0	1	56.0	良	**	**		(ブルードラゴン)																																																									
2022105537	2025-08-22	川崎		2.0	鶫賞(3歳)								御神本訓		ダ1500				1:38.2	-0.2		1-1-1-1	29.8-41.9	41.9	443(+2)				140.0	晴		12.0	4.0	4.0	1.4	1.0	1	56.0	良	**	**		(オリエンタルボーイ)																																																									
2022105537	2025-09-24	浦和		9.0	秋うらら特別(3歳)								御神本訓		ダ1400				1:29.6	-1.1		2-1-1-1	37.2-38.6	38.6	435(-8)				200.0	晴		13.0	7.0	10.0	2.0	1.0	1	56.0	良	**	**		(トーセンペネロペ)																																																									
2022105537	2025-10-16	川崎		9.0	かわさきジャズBRI(C1二)								御神本訓		ダ1400				1:31.1	-0.4		1-1-1-1	38.1-40.6	40.6	445(+10)				180.0	曇		12.0	4.0	4.0	1.4	1.0	1	56.0	重	**	**		(フィラメント)																																																									
2022105537	2025-12-25	大井		12.0	桧坂賞競走(B3)								笹川翼		ダ1400				1:26.3	-0.1		1-1-1	35.5-38.7	38.7	447(+2)				380.0	雨		13.0	8.0	13.0	4.1	2.0	1	56.0	重	**	**		(コスモブライヤー)																																																									
2022105537	2026-01-13	大井		9.0	新助坂賞競走(B3)								笹川翼		ダ1200				1:13.7	-0.3		2-2	36.1-37.6	37.6	442(-5)				380.0	晴		8.0	2.0	2.0	1.9	2.0	1	56.0	良				(サトノリリウム)																																																									
2022105543	2024-12-22	7京都8		6.0	2歳新馬								浜中俊		芝1800				1:51.1	1.2		9-6	37.0-35.0	35.6	460(0)					曇		14.0	5.0	8.0	18.6	8.0	7	56.0	良	**	**		マトラコーニッシュ																																																									
2022105543	2025-01-26	1小倉2		6.0	3歳未勝利								丸山元気		芝2000				2:01.9	0.1		6-7-6-5	35.3-36.3	35.8	454(-6)				140.0	晴		17.0	1.0	1.0	27.6	9.0	3	57.0	良	**	**		ニホンピロデヴィン																																																									
2022105543	2025-02-23	1小倉10		5.0	3歳未勝利								丸山元気		芝2000				2:01.9	0.4		3-3-6-4	36.0-36.2	36.2	454(0)					小雨		13.0	3.0	3.0	5.8	3.0	7	57.0	良	**	**		コスモアンソロジー																																																									
2022105543	2025-03-16	1阪神6		5.0	3歳未勝利								吉村誠之		芝2000				2:03.4	0.0		2-2-2-3	37.2-37.1	36.9	450(-4)				220.0	小雨		16.0	7.0	14.0	28.2	8.0	2	55.0	稍	**	**		ヴィーナスバブル																																																									
2022105543	2025-06-21	3阪神5		6.0	3歳未勝利								坂井瑠星		芝2000				2:01.3	0.0		2-3-3-2	36.1-35.8	35.8	448(-2)				560.0	晴		14.0	5.0	8.0	3.5	2.0	1	57.0	良	**	**		(リビングストン)																																																									
2022105543	2025-09-21	4阪神7		7.0	3歳以上1勝クラス								坂井瑠星		芝2000				2:00.2	0.7		4-5-4-5	34.8-36.0	35.9	452(+4)					晴		13.0	1.0	1.0	13.3	6.0	9	55.0	良	**	**		キーパフォーマー																																																									
2022105543	2025-11-24	3福島6		12.0	3歳以上1勝クラス								松本大輝		芝2000				2:01.0	0.4		1-1-1-1	35.8-34.9	35.3	444(-8)					曇		16.0	2.0	4.0	24.2	10.0	6	55.0	良	**	**		イガッチ																																																									
2022105549	2025-04-05	2阪神3		5.0	3歳未勝利								鮫島克駿		芝1800				1:47.1	0.8		10-10	34.5-34.7	34.7	440(0)				84.0																													晴		17.0	5.0	9.0	16.3	5.0	4	55.0	良	**	**		レッドイステル																													
2022105549	2025-04-26	2京都1		5.0	3歳未勝利								鮫島克駿		芝1800				1:48.0	0.0		2-2	35.6-35.0	34.9	438(-2)				220.0																													晴		18.0	8.0	16.0	4.7	2.0	2	55.0	良	**	**		エイカイカッシーナ																													
2022105549	2025-05-24	2京都9		4.0	3歳未勝利								鮫島克駿		芝1800				1:48.7	0.2		6-6	36.4-34.1	33.8	446(+8)				220.0																													小雨		18.0	4.0	7.0	4.2	2.0	2	55.0	良	**	**		エーデルヴェーグ																													
2022105549	2025-06-21	1函館3		7.0	3歳未勝利								鮫島克駿		芝1800				1:46.9	-0.6		5-5-5-4	34.9-35.4	35.0	442(-4)				560.0																													曇		16.0	2.0	4.0	1.9	1.0	1	55.0	良	**	**		(パーフェクトパール)																													
2022105549	2025-08-02	1札幌3		7.0	3歳以上1勝クラス								鮫島克駿		芝1800				1:46.6	-0.1		3-3-3-3	36.1-34.9	34.6	444(+2)				800.0																													晴		10.0	7.0	7.0	1.8	1.0	1	53.0	良	**	**		(シンゼンカガ)																													
2022105549	2025-08-30	2札幌3		11.0	札幌日刊スポーツ杯(2勝クラス)								武豊		芝2000				2:06.2	2.7		7-7-8-14	37.3-36.7	38.6	440(-4)																																	曇		14.0	2.0	2.0	3.3	2.0	14	53.0	稍	**	**		ミラージュナイト																													
2022105549	2025-12-13	5阪神3		12.0	3歳以上2勝クラス								岩田望来		芝1800				1:44.8	0.3		4-3	35.0-34.1	33.9	444(+4)				114.0																													晴		10.0	8.0	9.0	9.1	4.0	5	55.0	良	**	**		アラベラ																													
2022105549	2026-01-17	1京都6		9.0	稲荷特別(2勝クラス)								鮫島克駿		芝2000				2:01.1	0.1		8-8-7-7	36.0-34.5	34.0	444(0)				636.8																													晴		10.0	2.0	2.0	3.3	2.0	2	55.0	良				ジェットマグナム																													
2022105569	2024-07-07	1函館10		5.0	2歳新馬								横山和生		芝1800				1:54.4	0.4		1-1-1-1	38.5-35.6	36.0	474(0)				180.0																																											曇		10.0	1.0	1.0	9.0	4.0	3	55.0	稍	**	**		マジックサンズ															
2022105569	2024-08-17	2札幌3		2.0	2歳未勝利								横山和生		ダ1700				1:48.0	-0.2		1-1-1-1	30.5-37.8	37.8	468(-6)				550.0																																											曇		14.0	3.0	3.0	4.0	3.0	1	55.0	良	**	**		(スティーヴバローズ)															
2022105569	2024-11-03	6京都2		9.0	もちの木賞(1勝クラス)								浜中俊		ダ1800				1:55.3	3.7		3-3-3-5	36.1-37.7	41.1	466(-2)																																															晴		12.0	1.0	1.0	35.6	8.0	9	55.0	重	**	**		クァンタムウェーブ															
2022105569	2025-05-24	2東京9		6.0	3歳1勝クラス								横山和生		ダ1600				1:39.3	1.4		10-9	35.9-36.7	37.0	476(+10)																																															曇		13.0	8.0	13.0	10.6	6.0	11	55.0	良	**	**		フィリップバローズ															
2022105569	2025-07-12	2福島5		12.0	3歳以上1勝クラス								三浦皇成		ダ1700				1:48.7	2.5		12-11-10-11	30.2-38.2	39.8	476(0)																																															曇		15.0	8.0	15.0	20.9	7.0	14	53.0	良	**	**		プライベートアイズ															
2022105569	2025-08-17	1札幌8		7.0	3歳以上1勝クラス								横山和生		芝1500				1:31.0	1.1		1-1-2	30.1-35.6	36.7	476(0)																																															雨		14.0	3.0	4.0	36.7	9.0	9	53.0	稍	**	**		ピコローズ															
2022105569	2025-10-18	4新潟1		4.0	3歳以上1勝クラス								舟山瑠泉		ダ1800				1:53.7	0.1		12-12-9-9	36.2-38.9	38.0	478(+2)				320.0																																											曇		14.0	5.0	8.0	20.0	8.0	2	51.0	良	**	**		シンボリノエル															
2022105569	2025-11-16	3福島4		2.0	3歳以上1勝クラス								舟山瑠泉		ダ1700				1:47.9	1.7		14-14-12-13	29.4-38.9	39.2	484(+6)																																															晴		15.0	6.0	10.0	6.7	4.0	10	51.0	良	**	**		シェリルファミーユ															
2022105571	2025-01-26	1小倉2	晴	5.0	3歳新馬		18.0	2.0	3.0	45.1	13.0	16	小沢大仁	54.0	芝1200		良	**	1:12.2	3.2	**	14-14	33.4-35.6	36.2	444(0)			ムイ																																																																								
2022105571	2025-04-06	2阪神4	晴	1.0	3歳未勝利		16.0	6.0	11.0	379.9	16.0	15	藤懸貴志	55.0	ダ1200		良	**	1:17.6	4.2	**	16-16	35.5-37.9	38.4	440(-4)			バシリス																																																																								
2022105571	2025-05-25	2京都10	曇	2.0	3歳未勝利		16.0	4.0	8.0	275.7	16.0	6	秋山稔樹	55.0	ダ1800		不	**	1:52.5	1.9	**	10-9-9-9	35.8-36.9	38.1	440(0)			ジュルナール																																																																								
2022105571	2025-06-08	3阪神2	晴	2.0	3歳未勝利		14.0	4.0	6.0	31.1	8.0	4	秋山稔樹	55.0	ダ1800		良	**	1:58.1	1.0	**	5-5-6-6	38.5-37.8	38.2	438(-2)			モズカトレア	84.0																																																																							
2022105571	2025-06-28	2小倉1	晴	3.0	3歳未勝利		16.0	1.0	1.0	48.7	10.0	4	秋山稔樹	55.0	ダ1700		良	**	1:47.0	0.7	**	12-11-9-8	29.3-39.4	38.2	432(-6)			カルドウェル	84.0																																																																							
2022105571	2025-07-27	1札幌2	曇	1.0	3歳未勝利		14.0	1.0	1.0	13.4	6.0	6	舟山瑠泉	52.0	ダ1700		不	**	1:46.3	1.1	**	13-13-13-11	29.4-39.0	37.6	432(0)			メイショウハマギク																																																																								
2022105571	2025-08-27	船橋	晴	4.0	ナティブーツ特別(3歳C1)		12.0	8.0	12.0	10.3	5.0	6	秋山稔樹	54.0	ダ1600		良	**	1:43.3	0.9	**	8-9-9-9	38.0-39.6	39.8	430(-2)			キャプテンブルー																																																																								
2022105571	2025-10-17	川崎	晴	5.0	木菟賞(3歳)		14.0	2.0	2.0	4.8	3.0	3	野畑凌	54.0	ダ1500		稍	**	1:38.8	1.0	**	5-5-3-3	29.5-42.1	42.5	434(+4)			ポッドデューク	35.0																																																																							
2022105571	2025-10-31	浦和	曇	3.0	C2十　11		10.0	8.0	9.0	1.6	1.0	5	野畑凌	54.0	ダ1400		稍	**	1:31.4	1.2	**	2-2-2-3	37.6-38.9	40.0	434(0)			デイジーカプシーヌ	10.0																																																																							
2022105577	2025-01-25	1中京8	晴	4.0	3歳新馬		16.0	5.0	10.0	6.4	4.0	2	Ｍ．デム	57.0	ダ1800		良	**	1:57.1	0.7	**	13-13-9-7	38.0-39.4	38.8	464(0)			インディゴ	250.0																																																																							
2022105577	2025-02-22	1京都7	晴	3.0	3歳未勝利		12.0	7.0	9.0	4.7	2.0	1	Ｍ．デム	57.0	ダ1900		良	**	2:01.9	-0.3	**	10-10-2-2	30.2-39.0	39.0	468(+4)			(アメリカンバー)	560.0																																																																							
2022105577	2025-03-15	2中京1	曇	6.0	3歳1勝クラス		13.0	8.0	12.0	24.2	10.0	7	シュタル	57.0	ダ1800		良	**	1:53.9	1.0	**	2-2-4-3	37.6-37.9	38.4	464(-4)			ブルックリンダンス																																																																								
2022105577	2025-04-06	2阪神4	晴	5.0	3歳1勝クラス		14.0	3.0	3.0	53.0	9.0	12	和田陽希	54.0	ダ1800		良	**	1:55.7	3.0	**	8-8-10-10	36.5-38.2	40.0	462(-2)			テスティモーネ																																																																								
2022105577	2025-07-12	2小倉5	晴	9.0	英彦山特別(1勝クラス)		11.0	7.0	8.0	13.6	5.0	7	Ｍ．デム	55.0	芝2600		良	**	2:44.4	0.9	**	11-10-1-1	37.7-36.3	37.2	454(-8)			ジョイボーイ																																																																								
2022105577	2025-10-12	3京都4	小雨	7.0	3歳以上1勝クラス		13.0	4.0	5.0	23.9	9.0	1	松本大輝	54.0	芝2400		良	**	2:26.4	-0.1	**	3-2-3-3	35.9-34.1	33.8	462(+8)			(レジェンドシップ)	800.0																																																																							
2022105597	2024-12-01	5中山2	晴	5.0	2歳新馬		18.0	3.0	6.0	47.5	10.0	7	江田照男	56.0	芝2000		良	**	2:02.2	1.1	**	2-2-2-2	36.1-34.3	35.3	412(0)			スモーキーゴッド																																																																								
2022105597	2025-01-26	1小倉2	晴	7.0	3歳未勝利		14.0	1.0	1.0	6.9	4.0	1	小林美駒	53.0	芝1800		良	**	1:48.9	-0.6	**	1-1-1-1	36.5-36.3	36.3	432(+20)			(ウインリベラシオン)	560.0																																																																							
2022105597	2025-03-22	2中山7	晴	5.0	3歳1勝クラス		10.0	8.0	10.0	8.2	3.0	7	小林美駒	53.0	芝1600		良	**	1:35.5	0.4	**	3-2-2	35.3-36.0	36.2	424(-8)			アタラシイカドデニ																																																																								
2022105597	2025-04-06	3中山4	曇	7.0	3歳1勝クラス		9.0	1.0	1.0	35.5	8.0	2	石川裕紀	57.0	芝1600		良	**	1:34.5	0.3	**	7-8-7	35.7-34.5	34.0	416(-8)			ジョイフルニュース	320.0																																																																							
2022105597	2025-06-15	1函館2	曇	9.0	八雲特別(1勝クラス)		13.0	7.0	10.0	4.1	2.0	11	丹内祐次	55.0	芝1800		良	**	1:47.8	1.2	**	7-6-2-3	35.8-35.4	36.5	426(+10)			マルカオペラ																																																																								
2022105597	2025-07-05	2福島3	曇	9.0	伊達特別(1勝クラス)		10.0	2.0	2.0	14.1	7.0	2	石川裕紀	55.0	芝2000		良	**	2:01.8	0.3	**	9-9-10-9	35.2-36.4	34.9	422(-4)			タッチアンドムーブ	447.4																																																																							
2022105597	2025-09-13	4中山3	曇	12.0	3歳以上1勝クラス		16.0	3.0	5.0	5.4	3.0	2	小林美駒	52.0	芝2000		稍	**	2:00.5	0.1	**	3-3-3-3	35.6-34.0	33.9	428(+6)			ミクニインスパイア	320.0																																																																							
2022105597	2025-09-27	4中山8	晴	7.0	3歳以上1勝クラス		16.0	2.0	3.0	3.0	1.0	8	小林美駒	52.0	芝2200		良	**	2:13.6	1.1	**	3-4-4-4	36.9-34.5	35.3	432(+4)			サンカシグレ																																																																								
2022105597	2025-11-08	3福島1	晴	6.0	3歳以上1勝クラス		16.0	6.0	12.0	4.6	2.0	6	河原田菜	52.0	芝1800		良	**	1:46.8	0.8	**	7-7-6-6	34.9-35.6	35.9	426(-6)			バセリーナ																																																																								
2022105597	2025-12-06	5中京1	晴	8.0	3歳以上1勝クラス		18.0	8.0	16.0	26.3	10.0	6	丸山元気	57.0	芝2000		良	**	1:59.6	0.6	**	10-11-12-12	36.4-34.3	33.7	428(+2)			アオイタケル																																																																								
2022105598	2024-09-14	4中山3		4.0	2歳新馬								丹内祐次		ダ1800				1:57.9	1.6		2-2-1-2	37.4-38.4	40.0	464(0)				110.0																													晴		16.0	5.0	10.0	31.3	9.0	4	55.0	良	**	**		バギーウィップ																													
2022105598	2024-09-29	4中山9		1.0	2歳未勝利								ルメール		ダ1200				1:12.5	0.0		4-4	33.7-38.8	38.5	470(+6)				550.0																													曇		16.0	2.0	4.0	7.5	4.0	1	55.0	良	**	**		(レイオーバー)																													
2022105598	2024-11-02	5東京1		11.0	京王杯2歳S(GII)								三浦皇成		芝1400				1:23.7	2.5		9-9	34.9-34.9	36.1	462(-8)																																	小雨		14.0	2.0	2.0	139.7	12.0	14	56.0	稍	**	**		パンジャタワー																													
2022105598	2024-12-21	5中山7		7.0	2歳1勝クラス								佐々木大		ダ1200				1:13.0	1.7		7-7	34.6-36.7	37.8	470(+8)				78.0																													晴		16.0	8.0	15.0	16.2	5.0	5	56.0	良	**	**		カネショウレジェン																													
2022105598	2025-02-22	1東京7		2.0	3歳1勝クラス								横山武史		ダ1400				1:28.0	2.5		12-10	35.6-37.0	38.7	468(-2)																																	晴		16.0	4.0	8.0	98.2	11.0	12	57.0	良	**	**		ベルジュロネット																													
2022105598	2025-06-22	3東京6		12.0	3歳以上1勝クラス								杉原誠人		ダ1400				1:25.9	2.1		10-12	34.6-37.1	37.6	466(-2)																																	晴		16.0	2.0	3.0	200.3	15.0	10	55.0	良	**	**		フウセツ																													
2022105598	2025-10-11	4東京3		12.0	3歳以上1勝クラス								佐々木大		ダ1400				1:26.9	2.1		9-9	35.7-36.6	38.0	464(-2)																																	小雨		16.0	6.0	11.0	175.0	14.0	12	56.0	稍	**	**		トラヴェリンバンド																													
2022105598	2026-01-17	1中山6		6.0	4歳以上1勝クラス								木幡巧也		ダ1200				1:13.1	1.2		8-8	34.3-37.6	38.3	464(0)																																	晴		16.0	8.0	16.0	47.1	12.0	14	58.0	良				メッエフアパラ																													
2022105611	2024-10-20	4新潟6		5.0	2歳新馬								城戸義政		芝1200				1:10.4	0.2		6-6	34.5-35.7	34.7	456(0)				290.0															晴		17.0	7.0	14.0	21.3	5.0	2	56.0	良	**	**		サウスバンク																																											
2022105611	2024-11-03	5東京2		1.0	2歳未勝利								城戸義政		芝1400				1:22.6	0.5		13-12	35.5-34.5	33.8	468(+12)				83.0															晴		15.0	6.0	10.0	7.2	4.0	4	56.0	良	**	**		フェルシナ																																											
2022105611	2024-11-30	7京都1		6.0	2歳未勝利								ルメール		芝1400				1:22.3	0.3		3-3	34.8-35.4	35.3	468(0)				220.0															晴		12.0	7.0	10.0	3.1	1.0	2	56.0	良	**	**		スライビングロード																																											
2022105611	2024-12-15	4中京6		4.0	2歳未勝利								高杉吏麒		芝1600				1:35.2	0.6		1-2-2	34.6-35.9	36.3	468(0)				55.0															晴		16.0	4.0	8.0	6.2	4.0	5	54.0	良	**	**		オンザムーブ																																											
2022105611	2025-03-15	1阪神5		4.0	3歳未勝利								坂井瑠星		芝1400				1:22.7	1.0		5-5	34.3-35.3	35.8	466(-2)																			曇		18.0	8.0	18.0	4.1	1.0	12	57.0	良	**	**		デアリングエア																																											
2022105611	2025-05-11	2東京6		4.0	3歳未勝利								横山武史		芝1600				1:34.0	0.5		8-9	34.6-35.3	34.8	462(-4)																			晴		16.0	6.0	12.0	5.0	2.0	6	57.0	良	**	**		テンミラクルスター																																											
2022105611	2025-05-17	2京都7		5.0	3歳未勝利								松山弘平		芝1800				1:50.1	1.1		8-7	35.4-35.0	35.5	464(+2)																			曇		15.0	2.0	3.0	8.7	4.0	7	57.0	不	**	**		ニュークレド																																											
2022105611	2025-06-07	3阪神1		2.0	3歳未勝利								松山弘平		ダ1800				1:55.3	1.0		15-15-15-14	37.8-38.0	37.7	472(+8)				84.0															晴		16.0	3.0	5.0	9.4	5.0	4	57.0	良	**	**		ハナウマビーチ																																											
2022105611	2025-08-03	3中京4		4.0	3歳未勝利								松山弘平		ダ1900				2:03.4	0.2		2-3-2-3	31.2-37.4	37.4	466(-6)				140.0															晴		16.0	5.0	9.0	3.0	1.0	3	57.0	良	**	**		ヴァリオーサ																																											
2022105611	2025-08-16	3中京7		4.0	3歳未勝利								松山弘平		ダ1800				1:54.5	-0.1		6-5-3-3	37.4-38.6	38.4	464(-2)				560.0															晴		16.0	4.0	7.0	3.0	2.0	1	57.0	良	**	**		(ペプチドモガミ)																																											
2022105611	2026-01-05	1京都2		7.0	4歳以上1勝クラス								団野大成		ダ1800				1:54.6	2.6		6-5-6-3	35.4-38.1	40.1	480(+16)																			晴		15.0	6.0	11.0	28.1	9.0	11	57.0	良	**	**		ルクスフレンジー																																											
2022105611	2026-01-18	1京都7		7.0	4歳以上1勝クラス								団野大成		ダ1900				2:01.2	0.8		2-2-3-3	30.7-38.4	38.8	474(-6)																																															晴		11.0	3.0	3.0	35.3	9.0	6	57.0	良	**	**		エンマ															
2022105623	2025-01-26	1小倉2		5.0	3歳新馬								丸田恭介		芝1200				1:09.1	0.1		12-10	33.4-35.6	34.3	416(0)				160.0																													晴		18.0	8.0	18.0	22.8	7.0	3	55.0	良	**	**		ムイ																													
2022105623	2025-02-08	1小倉5		6.0	3歳未勝利								斎藤新		芝1200				1:10.3	0.4		6-6	33.9-36.0	35.8	422(+6)				140.0																													雪		18.0	3.0	5.0	4.2	2.0	3	55.0	稍	**	**		ジーティーエスピ																													
2022105623	2025-03-01	1小倉11		2.0	3歳未勝利								斎藤新		芝1200				1:09.4	0.1		6-3	33.8-35.5	35.2	424(+2)				220.0																													曇		18.0	7.0	13.0	3.4	1.0	2	55.0	良	**	**		セイプリーズ																													
2022105623	2025-04-12	1福島1		6.0	3歳未勝利								斎藤新		芝1200				1:09.3	0.9		5-4	33.2-35.2	35.6	424(0)				84.0																													曇		16.0	7.0	14.0	1.8	1.0	4	55.0	良	**	**		カランダッシュ																													
2022105623	2025-04-27	1福島6		4.0	3歳未勝利								丹内祐次		芝1200				1:09.8	0.0		1-1	35.1-34.7	34.7	426(+2)				560.0																													晴		16.0	6.0	11.0	2.8	1.0	1	55.0	良	**	**		(グリフォン)																													
2022105623	2025-08-30	2札幌3		12.0	3歳以上1勝クラス								小林美駒		芝1200				1:10.6	0.4		2-2	34.4-35.8	36.1	434(+8)				320.0																													曇		15.0	2.0	3.0	10.5	7.0	2	51.0	稍	**	**		ムチャスグラシアス																													
2022105623	2025-09-21	4中山7		8.0	3歳以上1勝クラス								小林美駒		芝1200				1:07.8	-0.1		2-2	33.7-34.1	34.0	430(-4)				800.0																													曇		16.0	7.0	13.0	8.9	4.0	1	51.0	良	**	**		(イコノスタシス)																													
2022105623	2025-11-09	5東京2		12.0	3歳以上2勝クラス								岩田望来		芝1400				1:22.0	0.6		3-3	35.6-33.6	33.9	426(-4)																																	曇		18.0	2.0	3.0	22.3	6.0	7	55.0	良	**	**		タイセイカレント																													
2022105623	2025-12-27	5中山7		9.0	ベストウィッシュC(2勝クラス)								岩田望来		芝1200				1:08.5	0.7		3-4	33.2-34.6	34.8	426(0)				395.2																													曇		16.0	7.0	13.0	7.6	3.0	3	55.0	良	**	**		アンビバレント																													
2022105623	2026-01-17	1中山6		12.0	4歳以上2勝クラス								小林美駒		芝1200				1:08.3	0.3		1-1	34.3-33.7	34.0	424(-2)				119.0																													晴		16.0	3.0	6.0	4.9	2.0	5	53.0	良				カンシン																													
2022105633	2024-10-06	5京都2		5.0	2歳新馬								北村友一		芝1800				1:47.1	0.3		4-5	35.1-35.2	35.2	430(0)				180.0															晴		13.0	8.0	13.0	11.1	5.0	3	56.0	良	**	**		サトノブリジャール																																											
2022105633	2024-10-19	5京都5		3.0	2歳未勝利								北村友一		芝1800				1:49.5	0.6		5-6	35.5-34.9	35.0	426(-4)				83.0															小雨		10.0	6.0	6.0	4.1	2.0	4	56.0	良	**	**		タイセイリコルド																																											
2022105633	2024-12-14	4中京5		5.0	2歳未勝利								高杉吏麒		芝2000				2:02.6	-0.1		3-4-3-3	36.8-35.3	35.0	438(+12)				550.0															晴		18.0	5.0	10.0	6.6	4.0	1	54.0	良	**	**		(ロカヒ)																																											
2022105633	2025-01-05	1中京1		7.0	3歳1勝クラス								高杉吏麒		芝2000				2:01.8	0.9		3-3-6-6	36.9-35.3	35.1	442(+4)				80.0															晴		9.0	6.0	6.0	14.6	5.0	5	55.0	良	**	**		ミッキーゴールド																																											
2022105633	2025-02-22	1京都7		9.0	つばき賞(1勝クラス)								ルメート		芝1800				1:48.3	1.5		2-2	35.1-35.3	36.7	442(0)																			曇		8.0	6.0	6.0	23.1	7.0	7	57.0	良	**	**		パラディレーヌ																																											
2022105633	2025-03-09	1阪神4		9.0	アルメリア賞(1勝クラス)								高杉吏麒		芝1800				1:47.8	0.6		7-6	35.5-34.2	34.3	436(-6)																			晴		8.0	7.0	7.0	28.8	8.0	8	57.0	良	**	**		テレサ																																											
2022105633	2025-04-19	1福島3		9.0	ひめさゆり賞(1勝クラス)								小沢大仁		芝2000				1:59.7	0.9		6-6-6-4	35.4-35.9	35.6	436(0)				111.0															晴		10.0	7.0	7.0	31.7	8.0	5	57.0	良	**	**		デルアヴァー																																											
2022105633	2025-05-10	2東京5		6.0	3歳1勝クラス								藤岡佑介		芝1800				1:47.7	1.0		9-7-7	36.0-34.4	34.2	436(0)				120.0															曇		9.0	7.0	7.0	42.4	6.0	4	57.0	稍	**	**		トレサフィール																																											
2022105633	2025-06-21	3東京5		8.0	3歳以上1勝クラス								内田博幸		芝1800				1:47.3	0.9		8-14-14	35.3-34.7	34.6	434(-2)																			晴		16.0	6.0	11.0	91.8	11.0	9	55.0	良	**	**		ブルーマエストロ																																											
2022105633	2025-09-27	4阪神8		7.0	3歳以上1勝クラス								高杉吏麒		芝2200				2:14.1	0.5		8-10-14-10	35.4-35.2	34.8	436(+2)																			晴		16.0	7.0	13.0	13.2	5.0	9	54.0	良	**	**		アロンディ																																											
2022105633	2025-10-12	4東京4		8.0	3歳以上1勝クラス								丹内祐次		芝2400				2:24.9	0.0		8-9-9-9	37.3-34.3	33.6	434(-2)				320.0															曇		11.0	6.0	6.0	10.6	4.0	2	55.0	良	**	**		アロンズロッド																																											
2022105633	2025-11-29	5東京7		7.0	3歳以上1勝クラス								丹内祐次		芝2400				2:23.6	0.1		9-9-9-10	35.4-35.9	34.2	436(+2)				320.0															曇		16.0	7.0	13.0	6.1	2.0	2	56.0	良	**	**		サトノパトリオット																																											
2022105633	2026-01-18	1京都7		8.0	4歳以上1勝クラス								藤岡佑介		芝2400				2:27.0	0.4		5-5-8-8	36.7-36.0	35.4	440(+4)				210.0																																																									晴		12.0	6.0	8.0	2.8	1.0	3	57.0	良	**	**		オメガナビゲーター	202608010708
2022105692	2024-11-10	6京都4	晴	5.0	2歳新馬		10.0	3.0	3.0	7.6	5.0	8	坂井瑠星	55.0	芝2000		良	**	2:03.0	2.1	**	5-5-6-7	37.5-34.8	36.2	502(0)			エコロディノス																																																																								
2022105692	2025-01-26	1中京9	晴	1.0	3歳未勝利		11.0	5.0	5.0	8.0	4.0	6	松山弘平	55.0	ダ1800		良	**	1:56.4	0.9	**	8-7-6-6	37.4-39.2	39.5	496(-6)			クインズショコラ																																																																								
2022105692	2025-02-09	1京都4	晴	2.0	3歳未勝利		14.0	2.0	2.0	3.2	1.0	14	松山弘平	55.0	ダ1800		稍	**	2:04.9	8.3	**	4-4-9-13	37.3-39.6	46.6	498(+2)			メリッササンライズ																																																																								
2022105692	2025-03-30	2阪神2	晴	2.0	3歳未勝利		16.0	1.0	1.0	60.7	11.0	13	富田暁	55.0	ダ1400		良	**	1:28.4	2.4	**	4-3	35.3-38.2	40.3	494(-4)			メイショウゴールド																																																																								
2022105692	2025-04-06	2阪神4	晴	4.0	3歳未勝利		14.0	5.0	7.0	71.8	10.0	13	高倉稜	55.0	芝2400		良	**	2:34.1	7.5	**	3-2-8-13	36.2-35.5	41.4	492(-2)			セイキュート																																																																								
2022105692	2025-05-06	金沢	曇	3.0	天使乃はね誕生日記念(3歳3)		8.0	5.0	5.0	1.6	1.0	1	青柳正義	55.0	ダ1500		稍	**	1:37.1	-0.6	**	2-2-1-1		39.4	494(+2)			(ブルートレーラー)	43.0																																																																							
2022105692	2025-05-20	金沢	晴	5.0	バイカラーサファイア(3歳)		7.0	2.0	2.0	1.1	1.0	1	青柳正義	55.0	ダ1400		良	**	1:30.3	-0.7	**	4-4-1-1		39.7	502(+8)			(エイシンヴァルキリ)	45.0																																																																							
2022105692	2025-06-02	金沢	曇	10.0	ベジタン25周年おめ(3歳)		11.0	4.0	4.0	1.4	1.0	1	青柳正義	55.0	ダ1500		良	**	1:36.8	-0.3	**	7-7-3-3		39.2	499(-3)			(トレヴィーテ)	55.0																																																																							
2022105692	2025-06-15	金沢	曇	10.0	石川優駿(重賞)		12.0	6.0	8.0	6.5	2.0	10	青柳正義	55.0	ダ2000		不	**	2:16.3	4.8	**	4-4-6-8		45.1	501(+2)			ビバロジータ																																																																								
2022105692	2025-07-13	金沢	晴	12.0	兼六園スプリント(重賞)		12.0	6.0	7.0	52.8	6.0	3	松戸政也	55.0	ダ1500		良	**	1:35.3	1.9	**	9-9-2-3		38.8	499(-2)			ケイズレーヴ	56.0																																																																							
2022105692	2025-11-12	大井	晴	2.0	3歳一　二		14.0	5.0	9.0	3.8	2.0	4	本田正重	54.0	ダ1200		稍	**	1:15.5	0.9	**	6-5	36.0-38.6	39.0	483(-16)			コイゴロモ	21.0																																																																							
2022105692	2025-12-01	大井	晴	7.0	C215　16		15.0	6.0	11.0	2.7	2.0	5	矢野貴之	54.0	ダ1200		良	**	1:15.5	0.7	**	3-3	36.1-38.7	39.0	492(+9)			バクシーシ	10.0																																																																							
2022105692	2025-12-25	大井	雨	9.0	C215　1617(C216)		14.0	7.0	12.0	7.0	4.0	3	矢野貴之	54.0	ダ1200		重	**	1:15.8	0.2	**	5-5	35.8-39.8	39.4	496(+4)			コンゴウ	25.0																																																																							
2022105692	2026-01-13	大井	晴	8.0	C212　1314(C213)		12.0	4.0	4.0	18.3	4.0	4	桑村真明	54.0	ダ1400		良		1:30.6	0.7		3-4-4	38.8-38.2	38.6	495(-1)			ジョーアラモード	15.0																																																																							
2022105694	2024-11-30	5中山1		6.0	2歳新馬								坂井瑠星		ダ1800				1:54.9	-0.4		5-4-4-4	35.9-40.7	39.8	546(0)				720.0															晴		13.0	1.0	1.0	2.9	1.0	1	56.0	稍	**	**		(キョウエイタイコ)																																											
2022105694	2024-12-28	7京都9		6.0	2歳1勝クラス								菱田裕二		ダ1800				1:55.3	1.9		7-9-11-10	36.5-37.8	38.6	544(-2)																			晴		13.0	8.0	13.0	12.0	5.0	6	56.0	良	**	**		ヴィリアリート																																											
2022105694	2025-01-11	1中山3		9.0	黒竹賞(1勝クラス)								菅原明良		ダ1800				1:55.5	2.7		3-3-3-5	36.2-38.7	41.1	534(-10)																			晴		14.0	7.0	11.0	34.5	7.0	9	57.0	稍	**	**		ルクソールカフェ																																											
2022105694	2025-03-15	2中京1		6.0	3歳1勝クラス								吉田隼人		ダ1800				1:53.3	0.4		3-3-9-8	37.6-37.9	37.2	528(-6)				120.0															曇		13.0	2.0	2.0	9.4	5.0	4	57.0	良	**	**		ブルックリンダンス																																											
2022105694	2025-04-20	3中山8		6.0	3歳1勝クラス								坂井瑠星		ダ1800				1:55.7	2.8		10-10-14-15	36.6-37.5	38.7	526(-2)																			曇		15.0	2.0	2.0	14.3	6.0	13	57.0	良	**	**		ナルカミ																																											
2022105694	2025-05-03	1新潟1		9.0	わらび賞(1勝クラス)								川端海翼		ダ1800				1:55.1	2.3		15-14-14-12	37.2-37.3	38.1	526(0)																			晴		15.0	6.0	11.0	14.0	7.0	10	57.0	稍	**	**		バギーウィップ																																											
2022105694	2025-10-26	4東京9		12.0	3歳以上1勝クラス								柴田大知		ダ1600				1:36.7	1.0		7-6	35.3-35.3	35.8	540(+14)				80.0															小雨		16.0	1.0	2.0	8.4	5.0	5	56.0	不	**	**		チュウワチーフ																																											
2022105694	2025-11-09	5東京2		7.0	3歳以上1勝クラス								横山武史		ダ1600				1:38.7	0.8		8-8	35.4-36.8	37.0	534(-6)				120.0															小雨		16.0	2.0	3.0	15.3	6.0	4	57.0	稍	**	**		ディーズゴールド																																											
2022105694	2025-12-13	5阪神3		8.0	3歳以上1勝クラス								北村友一		ダ1400				1:25.3	1.3		11-12	34.5-37.2	37.3	532(-2)																			晴		16.0	5.0	10.0	7.8	4.0	6	57.0	良	**	**		ラファル																																											
2022105694	2025-12-21	5中京6		3.0	3歳以上1勝クラス								古川奈穂		ダ1800				1:53.1	0.0		9-8-8-8	37.0-38.4	37.6	530(-2)				320.0															雨		16.0	5.0	10.0	7.4	4.0	2	54.0	稍	**	**		ゼンエスポワール																																											
2022105694	2026-01-12	1京都5		8.0	4歳以上1勝クラス								古川奈穂		ダ1900				2:00.8	0.5		13-13-14-13	30.7-37.5	37.0	526(-4)				120.0															晴		15.0	1.0	1.0	6.5	4.0	4	54.0	良	**	**		グレイルクエスト																																											
2022105694	2026-01-18	1京都7		7.0	4歳以上1勝クラス								坂井瑠星		ダ1900				2:01.7	1.3		3-3-4-4	30.7-38.4	39.0	540(+14)																																																													晴		11.0	8.0	11.0	2.3	1.0	10	57.0	良	**	**		エンマ	202608010707
2022105711	2024-06-02	4京都2		5.0	2歳新馬								浜中俊		芝1400				1:24.1	0.9		10-9	35.9-35.2	35.5	452(0)					曇		13.0	6.0	8.0	14.3	5.0	7	55.0	良	**	**		キトンインザスカイ																																																									
2022105711	2024-12-22	7京都8		2.0	2歳未勝利								吉田隼人		芝1600				1:36.3	1.5		15-17	34.9-36.1	36.0	474(+22)					曇		18.0	4.0	7.0	131.4	15.0	13	55.0	良	**	**		グラフィティアート																																																									
2022105711	2025-03-09	1阪神4		1.0	3歳未勝利								浜中俊		ダ1800				1:57.6	2.0		14-13-5-2	38.5-37.7	39.6	480(+6)				56.0	晴		15.0	4.0	6.0	39.7	8.0	5	55.0	良	**	**		ツキノアカリ																																																									
2022105711	2025-03-29	2阪神1		4.0	3歳未勝利								森田誠也		ダ2000				2:09.6	0.9		7-7-7-7	36.9-39.7	39.8	474(-6)					晴		12.0	2.0	2.0	88.3	10.0	6	52.0	稍	**	**		カルテシウス																																																									
2022105711	2025-04-27	2京都2		2.0	3歳未勝利								森田誠也		ダ1800				1:55.1	1.1		2-1-2-2	36.8-38.0	39.1	472(-2)				220.0	晴		15.0	2.0	4.0	68.6	8.0	2	52.0	良	**	**		シュネーグロッケン																																																									
2022105711	2025-05-25	2京都10		2.0	3歳未勝利								森田誠也		ダ1800				1:52.3	1.7		12-9-12-11	35.8-36.9	37.4	474(+2)				56.0	曇		16.0	2.0	4.0	9.6	4.0	5	52.0	不	**	**		ジュルナール																																																									
2022105711	2025-06-14	3阪神3		1.0	3歳未勝利								坂井瑠星		ダ1800				1:56.1	0.3		2-2-1-1	37.1-39.6	39.9	472(-2)				140.0	曇		16.0	5.0	9.0	10.6	3.0	3	55.0	稍	**	**		フクキタテーラー																																																									
2022105711	2025-07-05	2小倉3		2.0	3歳未勝利								坂井瑠星		ダ1700				1:48.0	0.6		7-7-10-8	30.2-38.2	37.6	470(-2)				84.0	晴		16.0	1.0	1.0	6.2	2.0	4	55.0	良	**	**		ヴォルクメア																																																									
2022105711	2025-08-03	3中京4		4.0	3歳未勝利								坂井瑠星		ダ1900				2:03.2	-0.1		4-4-5-3	31.2-37.4	37.0	470(0)				560.0	晴		16.0	1.0	1.0	4.0	2.0	1	55.0	良	**	**		(エーデルワイス)																																																									
2022105711	2025-11-16	3福島4		2.0	3歳以上1勝クラス								今村聖奈		ダ1700				1:47.7	1.5		11-10-8-6	29.4-38.9	39.5	486(+16)					晴		15.0	3.0	5.0	28.8	9.0	7	52.0	良	**	**		シェリルファミーユ																																																									
2022105711	2025-12-06	5中京1		3.0	3歳以上1勝クラス								富田暁		ダ1800				1:54.8	0.6		11-11-11-11	38.2-38.6	38.2	488(+2)					晴		15.0	5.0	9.0	43.7	12.0	8	55.0	良	**	**		レーヴドレフォン																																																									
2022105711	2026-01-04	1京都1		7.0	4歳以上1勝クラス								富田暁		ダ1800				1:54.2	0.7		4-4-3-3	37.3-37.3	37.7	482(-6)				120.0	曇		10.0	1.0	1.0	19.7	6.0	4	55.0	良	**	**		クインズショコラ																																																									
2022105715	2025-01-25	1中京8		6.0	3歳未勝利								浜中俊		芝1600				1:36.4	0.9		12-12-12	36.1-35.0	34.7	464(0)				140.0															晴		16.0	5.0	10.0	7.8	4.0	3	55.0	良	**	**		グローリーリンク																																											
2022105715	2025-02-23	1京都8		5.0	3歳未勝利								池添謙一		芝1800				1:49.9	1.6		6-6	34.2-37.0	38.1	456(-8)																			曇		16.0	5.0	9.0	7.6	4.0	12	55.0	良	**	**		レベルスルール																																											
2022105715	2025-05-24	1新潟7		5.0	3歳未勝利								丹内祐次		芝1800				1:49.1	0.1		3-3	36.6-35.9	34.5	464(+8)				140.0															曇		16.0	6.0	12.0	4.1	1.0	3	55.0	良	**	**		ウィズマスタング																																											
2022105715	2025-06-08	3阪神2		6.0	3歳未勝利								鮫島克駿		芝1800				1:46.5	0.0		5-6	34.8-34.8	34.0	468(+4)				560.0															曇		18.0	3.0	5.0	4.5	2.0	1	55.0	良	**	**		(ジュヌフィーユ)																																											
2022105715	2025-08-02	3中京3		11.0	3歳以上1勝クラス								小沢大仁		芝2000				2:02.2	1.1		2-2-2-2	37.8-34.4	35.4	478(+10)																			晴		13.0	7.0	11.0	13.6	8.0	11	53.0	良	**	**		セナスタイル																																											
2022105715	2025-09-06	4阪神1		7.0	3歳以上1勝クラス								小沢大仁		芝1600				1:33.1	0.8		7-7	34.7-34.4	34.7	460(-18)																			晴		13.0	7.0	11.0	6.7	3.0	6	54.0	良	**	**		スライビングロード																																											
2022105715	2025-12-21	5中京6		6.0	3歳以上1勝クラス								菅原明良		芝1600				1:36.4	0.3		9-12-11	35.5-35.7	34.8	464(+4)				80.0															雨		16.0	7.0	14.0	19.7	8.0	5	55.0	稍	**	**		ノクナレア																																											
2022105715	2026-01-18	1京都7		12.0	4歳以上1勝クラス								鮫島克駿		芝1600				1:36.4	0.3		1-1	35.5-35.2	35.5	462(-2)				82.0																																																									晴		8.0	7.0	9.0	10.1	3.0	5	55.0	良	**	**		サク	202608010712
2022105751	2024-11-02	5東京1		5.0	2歳新馬								Ｍ．デム		芝2000				2:02.8	0.7		8-10-10	37.4-34.7	34.3	446(0)				72.0	小雨		10.0	2.0	2.0	45.3	8.0	5	56.0	稍	**	**		アロヒアリイ																																																									
2022105751	2024-11-30	5中山1		3.0	2歳未勝利								西村淳也		芝2000				2:02.6	0.5		7-7-6-4	37.1-34.7	34.8	450(+4)				83.0	晴		14.0	3.0	3.0	10.0	4.0	4	56.0	良	**	**		フクノブルーレイク																																																									
2022105751	2024-12-22	5中山8		4.0	2歳未勝利								Ｃ．デム		芝2000				2:01.7	0.4		11-11-10-8	36.4-36.1	35.8	450(0)				83.0	晴		18.0	6.0	12.0	24.2	7.0	4	56.0	良	**	**		ロジャリーマイン																																																									
2022105751	2025-01-13	1中山5		6.0	3歳未勝利								マーカン		芝2200				2:14.6	0.0		8-7-6-6	36.7-36.7	36.2	446(-4)				220.0	晴		17.0	3.0	5.0	3.5	1.0	2	57.0	良	**	**		カーミングライツ																																																									
2022105751	2025-04-20	3中山8		4.0	3歳未勝利								横山武史		芝2000				2:00.3	0.6		11-12-8-7	36.3-34.6	34.4	448(+2)				84.0	曇		16.0	5.0	9.0	2.9	1.0	4	57.0	良	**	**		ルトンワージ																																																									
2022105751	2025-04-27	2東京2		4.0	3歳未勝利								佐々木大		芝2400				2:27.5	0.1		9-8-9-9	36.4-34.3	33.6	444(-4)				220.0	晴		11.0	7.0	9.0	8.2	4.0	2	57.0	良	**	**		レヴーズマン																																																									
2022105751	2025-05-18	2東京8		5.0	3歳未勝利								レーン		芝2400				2:28.1	0.1		10-10-9-8	36.4-34.4	33.8	446(+2)				140.0	曇		13.0	6.0	9.0	2.7	1.0	3	57.0	稍	**	**		ビリングス																																																									
2022105751	2025-06-14	3東京3		2.0	3歳未勝利								レーン		芝2400				2:27.8	0.9		8-8-8-7	37.6-35.3	35.4	450(+4)				220.0	曇		11.0	1.0	1.0	1.5	1.0	2	57.0	良	**	**		オビドス																																																									
2022105751	2025-07-12	2福島5		4.0	3歳未勝利								戸崎圭太		芝2000				2:03.8	0.1		7-7-7-5	37.1-36.6	36.0	450(0)				140.0	曇		16.0	2.0	3.0	1.8	1.0	3	57.0	良	**	**		ポッポノフェスタ																																																									
2022105751	2025-07-27	2新潟2		10.0	3歳未勝利								戸崎圭太		芝2200				2:12.9	0.2		4-4-4-5	35.8-35.1	34.8	458(+8)				84.0	晴		14.0	5.0	7.0	3.6	2.0	4	57.0	良	**	**		ディアボリカドンナ																																																									
2022105751	2025-08-24	3新潟2		3.0	3歳未勝利								菊沢一樹		芝2000				2:02.4	1.2		16-16-16-15	35.9-35.1	35.0	450(-8)					晴		17.0	3.0	5.0	4.8	3.0	8	57.0	良	**	**		マイネルアレス																																																									
2022105751	2025-12-06	5中京1		8.0	3歳以上1勝クラス								泉谷楓真		芝2000				1:59.9	0.9		12-12-12-11	36.4-34.3	34.1	450(0)					晴		18.0	6.0	12.0	95.2	13.0	9	57.0	良	**	**		アオイタケル																																																									
2022105769	2024-12-08	7京都4		5.0	2歳新馬								岩田望来		芝1800				1:50.7	0.3		6-4	37.9-33.7	33.8	472(0)				72.0															曇		10.0	4.0	4.0	8.3	5.0	5	56.0	良	**	**		エリカアンディーヴ																																											
2022105769	2025-02-22	1京都7		5.0	3歳未勝利								ルメート		芝2400				2:28.4	0.0		5-5-3-3	35.5-34.6	34.3	480(+8)				220.0															晴		15.0	8.0	14.0	3.6	2.0	2	57.0	良	**	**		ロットブラータ																																											
2022105769	2025-03-16	2中京2		4.0	3歳未勝利								西村淳也		芝2200				2:15.6	-1.1		5-4-4-4	35.6-36.6	36.2	480(0)				560.0															曇		16.0	1.0	2.0	2.6	1.0	1	57.0	重	**	**		(サクラファレル)																																											
2022105769	2025-06-07	3阪神1		7.0	3歳以上1勝クラス								川田将雅		芝2200				2:12.7	-0.3		10-10-5-5	36.1-34.7	34.3	484(+4)				800.0															曇		10.0	1.0	1.0	1.3	1.0	1	54.0	良	**	**		(ラブカ)																																											
2022105769	2025-07-27	3中京2		6.0	木曽川特別(2勝クラス)								川田将雅		芝2000				1:59.8	0.3		4-4-5-5	37.1-34.0	33.9	486(+2)				626.2															晴		10.0	7.0	7.0	1.8	1.0	2	54.0	良	**	**		ヤングスカーレット																																											
2022105769	2025-10-04	3京都1		8.0	3歳以上2勝クラス								川田将雅		芝2000				1:59.5	0.2		4-4-4-4	36.1-35.4	35.3	498(+12)				290.0															曇		12.0	7.0	10.0	3.3	2.0	3	56.0	重	**	**		ウイントレメンデス																																											
2022105769	2025-10-18	4東京6		8.0	3歳以上2勝クラス								川田将雅		芝2000				2:00.2	0.4		5-5-5	37.5-34.3	33.9	490(-8)				290.0															晴		7.0	2.0	2.0	1.5	1.0	3	56.0	良	**	**		エラン																																											
2022105769	2026-01-18	1中山7		7.0	4歳以上2勝クラス								戸崎圭太		芝2200				2:15.0	0.5		1-1-1-1	37.7-34.0	34.5	494(+4)				300.0																																																									晴		16.0	1.0	1.0	7.3	3.0	3	57.0	良	**	**		フィーリウス	202606010707
2022105774	2024-09-15	3中京4		5.0	2歳新馬								西村淳也		芝2000				2:06.2	3.3		2-2-2-2	36.2-37.0	40.3	478(0)					曇		9.0	8.0	9.0	15.3	6.0	9	55.0	稍	**	**		スリーキングス																																																									
2022105774	2024-12-22	7京都8		1.0	2歳未勝利								西村淳也		ダ1400				1:27.1	1.0		3-2	35.3-38.2	38.9	482(+4)					曇		16.0	5.0	10.0	6.9	4.0	6	55.0	良	**	**		オリージネアリア																																																									
2022105774	2025-03-23	2中京4		1.0	3歳未勝利								西村淳也		ダ1200				1:12.9	-0.3		6-6	35.2-37.7	37.4	476(-6)				560.0	晴		16.0	5.0	9.0	2.0	1.0	1	55.0	良	**	**		(リリードリーマー)																																																									
2022105774	2025-06-01	2東京12		5.0	3歳1勝クラス								北村友一		ダ1400				1:23.5	0.5		10-11	35.5-35.3	34.5	474(-2)				80.0	晴		11.0	5.0	5.0	19.3	6.0	5	55.0	重	**	**		トリリオンボーイ																																																									
2022105774	2025-08-17	3中京8		10.0	3歳以上1勝クラス								吉村誠之		ダ1400				1:25.4	0.7		6-7	33.9-38.9	38.9	472(-2)				120.0	晴		16.0	1.0	1.0	6.5	3.0	4	52.0	良	**	**		エイプリルインパリ																																																									
2022105774	2025-09-28	4阪神9		7.0	3歳以上1勝クラス								西村淳也		ダ1400				1:25.5	0.9		6-4	34.3-38.2	38.5	478(+6)					晴		16.0	1.0	2.0	4.5	2.0	6	54.0	良	**	**		ゲイルライダー																																																									
2022105774	2025-10-26	4新潟4		6.0	3歳以上1勝クラス								亀田温心		ダ1200				1:10.8	-0.7		5-3	34.7-36.1	35.6	476(-2)				800.0	雨		13.0	7.0	10.0	3.6	2.0	1	55.0	稍	**	**		(ビーコング)																																																									
2022105774	2025-11-24	5東京6		8.0	3歳以上2勝クラス								Ｃ．デム		ダ1400				1:23.6	0.4		5-5	34.7-36.8	36.7	478(+2)				290.0	晴		15.0	1.0	2.0	5.6	3.0	3	55.0	良	**	**		パラサイコロジー																																																									
2022105777	2024-06-15	3東京5		5.0	2歳新馬								戸崎圭太		芝1600				1:36.0	0.4		3-3	37.1-34.2	34.4	462(0)																																															晴		8.0	8.0	8.0	3.4	2.0	6	55.0	良	**	**		ショウナンマクベス															
2022105777	2024-07-06	2福島3		2.0	2歳未勝利								菅原明良		芝1800				1:51.3	0.1		2-2-2-2	36.7-35.4	35.4	460(-2)				220.0																																											曇		9.0	8.0	8.0	3.7	3.0	2	55.0	良	**	**		バセリーナ															
2022105777	2024-09-16	4中山5		4.0	2歳未勝利								菅原明良		芝1800				1:49.2	0.1		3-3-4-3	37.6-35.0	34.7	466(+6)				83.0																																											曇		12.0	4.0	4.0	4.7	2.0	4	55.0	良	**	**		ニシノイストワール															
2022105777	2024-10-06	4東京2		1.0	2歳未勝利								戸崎圭太		ダ1600				1:36.7	-0.1		2-2	35.5-36.4	36.3	462(-4)				550.0																																											曇		11.0	6.0	6.0	1.4	1.0	1	56.0	重	**	**		(エンプレスフレーム)															
2022105777	2024-12-08	5中山4		7.0	2歳1勝クラス								横山和生		ダ1800				1:57.9	3.8		1-1-1-2	37.0-39.1	42.9	468(+6)																																															晴		13.0	8.0	13.0	5.6	3.0	12	56.0	良	**	**		ジャナドリア															
2022105777	2025-01-06	1中山2		7.0	3歳1勝クラス								丸山元気		芝2000				2:02.1	1.4		9-8-8-7	35.3-36.8	36.8	474(+6)																																															小雨		12.0	5.0	5.0	41.6	9.0	7	57.0	良	**	**		ゴーソーファー															
2022105777	2025-03-22	2中山7		5.0	3歳1勝クラス								北村宏司		芝1600				1:35.4	0.3		8-8-8	35.3-36.0	35.6	468(-6)				80.0																																											晴		10.0	2.0	2.0	10.5	4.0	5	57.0	良	**	**		アタラシイカドデニ															
2022105777	2025-06-22	1函館4		7.0	3歳以上1勝クラス								鮫島克駿		芝1800				1:47.7	0.0		11-11-11-4	34.9-36.2	35.1	472(+4)				800.0																																											曇		13.0	3.0	3.0	30.7	8.0	1	55.0	重	**	**		(スピンザブラッド)															
2022105777	2025-09-07	2札幌6		10.0	HTB賞(2勝クラス)								斎藤新		芝1800				1:50.0	0.4		7-6-8-9	36.2-36.9	36.7	478(+6)				155.0																																											晴		14.0	3.0	3.0	16.1	6.0	5	55.0	稍	**	**		タイキラフター															
2022105777	2025-09-28	4中山9		10.0	茨城新聞杯(2勝クラス)								津村明秀		芝2000				1:59.0	0.2		5-5-5-2	35.6-35.1	34.4	474(-4)				628.8																																											晴		13.0	5.0	7.0	16.1	6.0	2	55.0	良	**	**		ショウナンサムデイ															
2022105777	2025-12-14	5中山4		9.0	霞ヶ浦特別(2勝クラス)								戸崎圭太		芝1800				1:49.9	1.1		8-7-4-6	36.9-35.9	36.7	486(+12)																																															曇		12.0	7.0	10.0	4.6	2.0	9	57.0	稍	**	**		イガッチ															
2022105777	2026-01-05	1中山2		10.0	初日の出賞(2勝クラス)								津村明秀		芝2000				2:02.3	0.7		5-5-5-5	37.1-34.6	34.8	484(-2)																																															晴		11.0	7.0	10.0	3.9	2.0	6	57.0	良	**	**		ダンツファイター															
2022105803	2024-06-15	3東京5		6.0	2歳新馬								原優介		ダ1400				1:26.4	0.5		12-12	35.8-37.7	36.2	466(0)				290.0																																											晴		15.0	6.0	12.0	4.2	2.0	2	54.0	良	**	**		クレーキング															
2022105803	2024-09-07	4中山1		3.0	2歳未勝利								ルメール		ダ1800				1:55.7	-0.6		5-6-4-3	36.9-39.8	39.2	468(+2)				550.0																																											晴		12.0	5.0	6.0	1.7	1.0	1	55.0	良	**	**		(カージオイド)															
2022105803	2025-05-18	2東京8		6.0	3歳1勝クラス								レーン		ダ1600				1:36.5	1.8		9-8	34.3-36.1	37.1	472(+4)																																															曇		16.0	3.0	5.0	6.2	2.0	9	55.0	重	**	**		メモリアカフェ															
2022105803	2025-07-19	2福島7		6.0	3歳以上1勝クラス								原優介		ダ1700				1:47.1	1.6		6-6-6-6	29.9-38.0	38.4	476(+4)																																															晴		14.0	7.0	11.0	3.5	1.0	6	53.0	良	**	**		オーケーマヒナ															
2022105807	2024-09-21	4中山6	曇	5.0	2歳新馬		16.0	3.0	6.0	6.4	3.0	3	津村明秀	55.0	芝1600		良	**	1:35.4	0.6	**	7-5-3	36.8-33.6	33.7	432(0)			キュクロープス	180.0																																																																							
2022105807	2024-11-17	5東京6	晴	3.0	2歳未勝利		18.0	1.0	1.0	3.7	2.0	1	マーカン	56.0	芝1600		良	**	1:33.5	-0.1	**	4-4	34.3-35.8	35.3	430(-2)			(マイネルフーガ)	550.0																																																																							
2022105807	2025-02-15	1東京5	晴	7.0	3歳1勝クラス		12.0	1.0	1.0	7.5	4.0	3	津村明秀	57.0	芝1400		良	**	1:21.4	0.3	**	6-5	34.1-35.5	33.8	448(+18)			シルバーレイン	200.0																																																																							
2022105807	2025-04-06	3中山4	曇	7.0	3歳1勝クラス		9.0	7.0	7.0	2.8	2.0	5	津村明秀	57.0	芝1600		良	**	1:34.8	0.6	**	2-2-2	35.7-34.5	35.0	442(-6)			ジョイフルニュース	80.0																																																																							
2022105807	2025-05-31	2東京11	小雨	7.0	3歳1勝クラス		11.0	5.0	5.0	4.0	2.0	1	ルメール	57.0	芝1400		稍	**	1:23.3	-0.3	**	1-1	36.2-34.6	34.6	446(+4)			(アサクサグレース)	800.0																																																																							
2022105807	2025-08-23	3新潟1	晴	10.0	飯豊特別(2勝クラス)		17.0	7.0	14.0	5.1	1.0	5	津村明秀	55.0	芝1400		良	**	1:20.9	0.4	**	4-4	34.2-34.9	34.9	444(-2)			ラテラルシンキング	155.0																																																																							
2022105807	2025-10-05	4東京2	曇	9.0	tvk賞(2勝クラス)		17.0	6.0	12.0	6.7	3.0	17	戸崎圭太	56.0	芝1400		良	**	1:21.4	1.6	**	15-15	33.9-34.3	34.6	444(0)			ジュドー																																																																								
2022105807	2025-12-21	5中山6	雨	12.0	3歳以上2勝クラス		16.0	7.0	13.0	36.6	9.0	3	杉原誠人	57.0	芝1600		重	**	1:34.9	0.4	**	3-2-3	35.5-35.8	36.1	456(+12)			メタルスピード	290.0																																																																							
2022105808	2024-12-07	4中京3		5.0	2歳新馬								西村淳也		ダ1400				1:25.2	0.0		5-4	35.8-37.2	36.8	522(0)				720.0															曇		16.0	4.0	7.0	8.6	4.0	1	55.0	良	**	**		(ゲイルライダー)																																											
2022105808	2025-01-19	1中京7		6.0	3歳1勝クラス								ルメート		ダ1200				1:12.2	0.9		8-8	33.8-37.5	36.6	516(-6)																			晴		10.0	5.0	5.0	16.1	6.0	6	55.0	良	**	**		ペイシャケイプ																																											
2022105808	2025-02-02	1京都2		4.0	3歳1勝クラス								ルメート		ダ1400				1:25.9	0.2		7-7	35.5-37.4	36.9	514(-2)				200.0															曇		7.0	3.0	3.0	6.8	3.0	3	55.0	稍	**	**		ヤマニンバロネス																																											
2022105808	2025-05-24	2京都9		6.0	3歳1勝クラス								岩田望来		ダ1400				1:24.3	0.7		4-4	34.5-37.2	37.4	520(+6)				200.0															小雨		9.0	7.0	7.0	6.7	4.0	3	55.0	良	**	**		ユウトザレン																																											
2022105808	2025-10-19	3京都7		3.0	3歳以上1勝クラス								西村淳也		ダ1400				1:24.1	-0.4		8-8	34.7-37.4	36.2	524(+4)				800.0															曇		12.0	4.0	4.0	3.4	2.0	1	54.0	稍	**	**		(エフエイト)																																											
2022105808	2025-11-08	4京都1		9.0	亀岡特別(2勝クラス)								西村淳也		ダ1400				1:23.9	0.6		10-10	33.8-37.7	37.0	516(-8)				230.0															晴		16.0	7.0	13.0	11.2	5.0	4	55.0	良	**	**		ジャスパーバローズ																																											
2022105808	2026-01-18	1京都7		9.0	小倉山特別(2勝クラス)								岩田望来		ダ1400				1:24.6	-0.1		7-7	34.6-37.5	36.9	518(+2)				1617.8																																																									晴		16.0	2.0	3.0	14.7	5.0	1	55.0	良	**	**		(ラヴオントップ)	202608010709
2022105824	2024-09-14	4中山3	晴	4.0	2歳新馬		16.0	4.0	7.0	15.2	5.0	13	佐々木大	55.0	ダ1800		良	**	2:02.8	6.5	**	1-1-2-8	37.4-38.4	44.8	478(0)			バギーウィップ																																																																								
2022105824	2024-11-16	5東京5	曇	3.0	2歳未勝利		16.0	8.0	16.0	58.6	7.0	2	石川裕紀	56.0	ダ1600		良	**	1:39.4	0.2	**	13-13	35.4-37.8	36.6	476(-2)			エンプレスフレーム	220.0																																																																							
2022105824	2024-12-07	5中山3	晴	2.0	2歳未勝利		12.0	6.0	8.0	8.1	4.0	3	石川裕紀	56.0	ダ1800		良	**	1:55.4	0.3	**	5-5-9-9	37.5-39.1	38.6	476(0)			ルグランヴァン	140.0																																																																							
2022105824	2025-02-15	1東京5	晴	3.0	3歳未勝利		16.0	6.0	12.0	1.8	1.0	1	坂井瑠星	57.0	ダ1600		良	**	1:39.2	-0.2	**	4-3	35.8-37.4	37.1	472(-4)			(エドワードバローズ)	560.0																																																																							
2022105824	2025-04-06	3中山4	小雨	6.0	3歳1勝クラス		14.0	2.0	2.0	19.3	5.0	13	原優介	57.0	ダ1800		稍	**	1:56.9	3.6	**	4-4-12-14	36.2-39.1	41.4	470(-2)			ゴッドエスパーダ																																																																								
2022105824	2025-09-07	4中山2	晴	8.0	3歳以上1勝クラス		15.0	3.0	4.0	14.8	5.0	12	石川裕紀	55.0	ダ1800		良	**	1:56.1	3.0	**	4-4-6-11	36.4-38.9	41.1	448(-22)			ロンパイア																																																																								
2022105824	2025-10-26	4東京9	小雨	12.0	3歳以上1勝クラス		16.0	3.0	6.0	21.4	9.0	3	原優介	56.0	ダ1600		不	**	1:36.2	0.5	**	14-16	35.3-35.3	34.5	462(+14)			チュウワチーフ	200.0																																																																							
2022105824	2025-11-15	5東京3	晴	7.0	3歳以上1勝クラス		16.0	2.0	4.0	7.3	4.0	4	原優介	57.0	ダ1400		良	**	1:25.3	0.6	**	16-16	36.1-36.8	34.8	464(+2)			エリカマユーリ	120.0																																																																							
2022105824	2025-11-30	5東京8	晴	7.0	3歳以上1勝クラス		16.0	2.0	4.0	4.0	3.0	1	松山弘平	57.0	ダ1400		良	**	1:24.8	-0.4	**	8-8	35.3-37.4	36.1	468(+4)			(シュレン)	800.0																																																																							
2022105839	2024-12-14	5中山5		6.0	2歳新馬								ムーア		ダ1800				1:58.3	1.3		5-5-9-8	38.8-39.5	39.9	494(0)																																															晴		15.0	4.0	6.0	4.7	2.0	6	56.0	良	**	**		ワンカードフェロー															
2022105839	2025-01-05	1中京1		3.0	3歳未勝利								古川奈穂		ダ1900				2:03.3	1.1		10-8-6-6	30.2-39.0	39.6	488(-6)																																															晴		16.0	7.0	14.0	52.1	9.0	8	54.0	良	**	**		ハグ															
2022105839	2025-02-01	1京都1		4.0	3歳未勝利								北村友一		ダ1900				2:02.5	1.1		4-4-4-5	30.1-37.7	38.5	488(0)				56.0																																											晴		9.0	4.0	4.0	22.7	5.0	5	57.0	良	**	**		テルアスワッド															
2022105839	2025-02-16	1京都6		5.0	3歳未勝利								北村友一		芝2000				2:04.6	0.2		12-12-11-10	36.4-36.4	35.6	476(-12)				84.0																																											曇		14.0	4.0	6.0	19.2	4.0	4	57.0	稍	**	**		オデット															
2022105839	2025-03-08	1阪神3		6.0	3歳未勝利								坂井瑠星		芝2400				2:26.9	0.5		3-3-3-4	36.8-34.4	34.6	476(0)				220.0																																											曇		10.0	6.0	6.0	5.2	4.0	2	57.0	良	**	**		ジーティーダーリン															
2022105839	2025-03-22	1阪神7		5.0	3歳未勝利								坂井瑠星		芝2400				2:33.3	0.1		3-3-3-2	37.8-34.0	34.0	468(-8)				220.0																																											晴		15.0	8.0	14.0	3.0	2.0	2	57.0	良	**	**		ダノンカゼルタ															
2022105839	2025-06-15	1函館2		4.0	3歳未勝利								古川奈穂		芝2600				2:38.2	0.9		2-2-3-2	35.1-35.3	36.0	476(+8)				220.0																																											晴		10.0	4.0	4.0	2.7	1.0	2	54.0	良	**	**		リギーロ															
2022105839	2025-06-28	1函館5		4.0	3歳未勝利								古川奈穂		芝2000				2:02.2	1.8		3-3-3-3	34.4-36.2	37.8	482(+6)																																															晴		13.0	7.0	10.0	4.9	2.0	8	54.0	稍	**	**		アルマデオロ															
2022105839	2025-07-06	1函館8		6.0	3歳未勝利								古川奈穂		芝2000				2:03.8	1.2		5-4-6-5	37.1-35.7	36.2	464(-18)				56.0																																											曇		12.0	5.0	5.0	7.8	3.0	5	54.0	稍	**	**		ミクニインスパイア															
2022105839	2025-08-10	1札幌6		6.0	3歳未勝利								古川奈穂		芝2600				2:43.0	-0.4		5-9-7-4	39.1-37.3	36.4	472(+8)				560.0																																											曇		14.0	3.0	4.0	4.4	2.0	1	54.0	良	**	**		(ヤマニンヒストリア)															
2022105839	2025-08-31	2札幌4		9.0	北辰特別(1勝クラス)								古川奈穂		芝2600				2:44.1	1.3		10-11-9-12	37.8-37.0	37.2	464(-8)																																															曇		14.0	3.0	4.0	17.1	8.0	7	55.0	稍	**	**		ボンドロア															
2022105839	2025-12-06	5中京1		8.0	3歳以上1勝クラス								古川奈穂		芝2000				1:59.9	0.9		14-15-15-12	36.4-34.3	34.0	472(+8)																																															晴		18.0	3.0	5.0	42.9	12.0	12	54.0	良	**	**		アオイタケル															
2022105839	2025-12-20	5中京5		8.0	ヤングJSFR中京1(1勝クラス)								石田拓郎		芝2000				2:00.6	0.5		10-10-10-9	36.2-35.9	35.1	474(+2)				170.0																																											小雨		16.0	6.0	12.0	20.8	8.0	4	57.0	稍	**	**		モアリジット															
2022105844	2024-09-08	4中山2	晴	3.0	2歳新馬		16.0	1.0	2.0	67.8	14.0	8	原優介	54.0	ダ1800		良	**	1:57.8	2.0	**	11-11-12-12	37.3-41.2	39.7	492(0)			ウインハルモニア																																																																								
2022105844	2024-09-22	4中山7	曇	1.0	2歳未勝利		12.0	7.0	9.0	10.8	6.0	1	原優介	54.0	ダ1800		良	**	1:56.2	-0.5	**	8-7-4-2	37.9-39.3	38.9	490(-2)			(エルバステラ)	550.0																																																																							
2022105844	2024-10-14	4東京4	晴	9.0	プラタナス賞(1勝クラス)		8.0	7.0	7.0	22.9	5.0	7	岩田望来	55.0	ダ1600		良	**	1:40.0	2.4	**	5-5	36.6-35.8	37.7	486(-4)			メルキオル																																																																								
2022105844	2024-12-08	5中山4	晴	7.0	2歳1勝クラス		13.0	6.0	8.0	112.1	11.0	10	原優介	54.0	ダ1800		良	**	1:56.6	2.5	**	8-8-6-7	37.0-39.1	41.0	502(+16)			ジャナドリア																																																																								
2022105844	2025-03-15	2中京1	曇	6.0	3歳1勝クラス		13.0	6.0	9.0	268.9	13.0	12	角田大和	55.0	ダ1800		良	**	1:55.5	2.6	**	8-9-8-9	37.6-37.9	39.6	494(-8)			ブルックリンダンス																																																																								
2022105844	2025-04-06	3中山4	小雨	6.0	3歳1勝クラス		14.0	8.0	14.0	336.5	14.0	8	斎藤新	55.0	ダ1800		稍	**	1:54.8	1.5	**	10-10-8-5	36.2-39.1	39.7	494(0)			ゴッドエスパーダ																																																																								
2022105844	2025-06-14	1函館1	曇	12.0	3歳以上1勝クラス		14.0	4.0	5.0	19.0	7.0	6	斎藤新	53.0	ダ1700		良	**	1:47.0	1.2	**	7-7-9-7	29.9-37.3	37.6	496(+2)			プラムダンディ																																																																								
2022105844	2025-06-29	1函館6	晴	8.0	3歳以上1勝クラス		11.0	4.0	4.0	70.3	9.0	8	木幡巧也	53.0	ダ1700		良	**	1:47.2	2.1	**	10-10-7-9	28.5-40.2	41.0	494(-2)			チュウワクリスエス																																																																								
2022105844	2025-07-12	1函館9	晴	7.0	3歳以上1勝クラス		10.0	7.0	7.0	30.5	8.0	3	吉田隼人	53.0	ダ1700		良	**	1:46.7	0.3	**	7-8-7-4	30.4-38.0	37.8	496(+2)			リアルクィーン	200.0																																																																							
2022105844	2025-08-10	1札幌6	曇	8.0	3歳以上1勝クラス		9.0	7.0	7.0	19.1	7.0	3	吉田隼人	53.0	ダ1700		稍	**	1:46.8	0.6	**	6-7-5-3	31.1-37.2	37.4	496(0)			メイショウタイピン	200.0																																																																							
2022105844	2025-08-31	2札幌4	曇	8.0	3歳以上1勝クラス		13.0	7.0	11.0	7.2	5.0	1	横山武史	53.0	ダ1700		稍	**	1:45.1	-0.1	**	13-12-11-8	29.3-38.7	36.1	498(+2)			(サウンドルーチェ)	800.0																																																																							
2022105844	2025-10-26	4東京9	曇	9.0	三鷹特別(2勝クラス)		13.0	1.0	1.0	9.6	4.0	8	大野拓弥	54.0	ダ1600		不	**	1:36.4	0.9	**	11-9	35.7-35.6	35.2	502(+4)			ベルダイナフェロー																																																																								
2022105844	2025-11-15	5東京3	晴	9.0	三浦特別(2勝クラス)		16.0	1.0	2.0	64.3	9.0	10	松山弘平	55.0	ダ1600		良	**	1:38.4	1.1	**	8-8	35.7-36.7	36.9	502(0)			ロフティストーリー																																																																								
2022105844	2026-01-18	1中山7		8.0	4歳以上2勝クラス								大野拓弥		ダ1800				1:55.5	1.9		14-14-15-8	36.8-38.9	39.6	514(+12)																																																													晴		16.0	2.0	3.0	78.3	12.0	9	55.0	良	**	**		レディーフランシス	202606010708
2022105848	2024-10-06	5京都2	晴	3.0	2歳新馬		16.0	7.0	14.0	2.1	1.0	1	松山弘平	56.0	ダ1800		良	**	1:56.5	-0.9	**	8-8-2-2	37.8-37.5	37.3	498(0)			(アリュールテーラー)	720.0																																																																							
2022105848	2024-12-28	7京都9	晴	6.0	2歳1勝クラス		13.0	5.0	7.0	5.8	3.0	9	岩田望来	56.0	ダ1800		良	**	1:55.9	2.5	**	4-3-3-3	36.5-37.8	40.1	494(-4)			ヴィリアリート																																																																								
2022105848	2025-01-18	1中京6	晴	4.0	3歳1勝クラス		16.0	4.0	7.0	39.7	10.0	3	松山弘平	57.0	ダ1800		良	**	1:53.4	0.4	**	16-16-12-10	37.1-37.7	37.1	488(-6)			ベルベルコンパス	200.0																																																																							
2022105848	2025-04-06	2阪神4	晴	5.0	3歳1勝クラス		14.0	7.0	12.0	5.3	3.0	5	松山弘平	57.0	ダ1800		良	**	1:54.4	1.7	**	6-5-3-2	36.5-38.2	39.6	488(0)			テスティモーネ	80.0																																																																							
2022105848	2025-07-12	2小倉5	晴	8.0	3歳以上1勝クラス		16.0	7.0	14.0	4.5	1.0	8	松山弘平	55.0	ダ1700		良	**	1:47.6	1.3	**	6-7-7-5	29.7-39.0	39.6	492(+4)			バッケンレコード																																																																								
2022105848	2025-10-11	3京都3	晴	12.0	3歳以上1勝クラス		16.0	4.0	8.0	7.0	3.0	9	松山弘平	56.0	ダ1400		良	**	1:24.5	1.3	**	15-14	34.3-37.2	37.0	494(+2)			ゴールデンカイト																																																																								
2022105848	2026-01-05	1京都2	晴	7.0	4歳以上1勝クラス		15.0	8.0	15.0	6.0	3.0	13	高杉吏麒	57.0	ダ1800		良	**	1:55.8	3.8	**	5-5-4-3	35.4-38.1	41.3	492(-2)			ルクスフレンジー																																																																								
2022105871	2024-12-08	7京都4		5.0	2歳新馬								デットー		芝1800				1:50.5	0.1		3-4	37.9-33.7	33.5	470(0)				290.0															曇		10.0	5.0	5.0	3.3	2.0	2	56.0	良	**	**		エリカアンディーヴ																																											
2022105871	2025-02-01	1京都1		6.0	3歳未勝利								松山弘平		芝1800				1:47.8	0.7		2-2	35.5-35.5	35.6	470(0)				220.0															曇		10.0	4.0	4.0	1.8	1.0	2	57.0	良	**	**		フェアリーライク																																											
2022105871	2025-02-23	1京都8		5.0	3歳未勝利								北村友一		芝1800				1:48.7	0.4		3-3	34.2-37.0	37.0	468(-2)				220.0															曇		16.0	3.0	6.0	3.1	1.0	2	57.0	良	**	**		レベルスルール																																											
2022105871	2025-03-15	1阪神5		5.0	3歳未勝利								川田将雅		芝1800				1:47.6	-0.4		3-3	36.4-34.2	34.0	464(-4)				560.0															小雨		18.0	7.0	13.0	2.6	1.0	1	57.0	良	**	**		(レッドイステル)																																											
2022105871	2025-05-04	2東京4		11.0	プリンシパルS(L)								三浦皇成		芝2000				2:00.1	0.8		4-4-4	36.4-34.7	34.8	466(+2)																			晴		14.0	6.0	10.0	13.9	6.0	8	57.0	良	**	**		レディネス																																											
2022105871	2025-07-26	3中京1		12.0	3歳以上1勝クラス								川田将雅		芝1600				1:33.2	0.2		2-2-2	35.1-34.0	34.0	468(+2)				320.0															晴		10.0	5.0	5.0	2.3	1.0	2	55.0	良	**	**		ミニトランザット																																											
2022105871	2025-09-15	4阪神5		8.0	3歳以上1勝クラス								川田将雅		芝1800				1:45.1	0.2		3-2	34.7-34.4	34.5	474(+6)				200.0															晴		8.0	7.0	7.0	2.2	1.0	3	55.0	良	**	**		エバーグルーヴ																																											
2022105871	2025-09-28	4阪神9		8.0	3歳以上1勝クラス								西村淳也		芝1800				1:46.2	0.8		7-5	35.2-34.9	34.7	472(-2)																			曇		18.0	8.0	17.0	6.6	3.0	6	55.0	良	**	**		ローランドバローズ																																											
2022105871	2025-12-06	5中京1		12.0	3歳以上1勝クラス								西塚洸二		芝1600				1:33.3	0.3		2-3-3	35.3-34.3	34.4	464(-8)				80.0															晴		16.0	1.0	1.0	2.5	1.0	5	56.0	良	**	**		ツーエムクロノス																																											
2022105871	2026-01-05	1京都2		12.0	4歳以上1勝クラス								川田将雅		芝1600				1:34.8	0.1		2-2	35.6-34.1	34.0	468(+4)				330.0															晴		15.0	6.0	10.0	2.8	1.0	2	57.0	良	**	**		サンタンカ																																											
2022105871	2026-01-18	1京都7		12.0	4歳以上1勝クラス								川田将雅		芝1600				1:36.1	0.0		3-3	35.5-35.2	34.9	464(-4)				330.0																																																									晴		8.0	1.0	1.0	1.2	1.0	2	57.0	良	**	**		サク	202608010712
2022105878	2024-10-12	5京都3		4.0	2歳新馬								富田暁		ダ1800				1:56.0	1.0		12-11-6-6	36.7-39.6	39.9	456(0)																			晴		16.0	2.0	4.0	47.0	9.0	6	56.0	良	**	**		ドンインザムード																																											
2022105878	2024-10-26	5京都7		2.0	2歳未勝利								富田暁		ダ1800				1:57.1	2.6		6-5-9-8	37.2-38.3	40.1	454(-2)																			曇		11.0	6.0	6.0	76.4	8.0	7	56.0	良	**	**		ジューンエオス																																											
2022105878	2024-11-16	6京都5		2.0	2歳未勝利								酒井学		ダ1800				1:54.9	0.7		4-4-4-4	36.4-38.7	39.2	446(-8)				83.0															曇		11.0	3.0	3.0	88.4	9.0	4	56.0	良	**	**		ベイラム																																											
2022105878	2025-02-15	1京都5		2.0	3歳未勝利								酒井学		ダ1800				1:56.1	0.9		4-4-4-6	36.8-39.2	39.5	464(+18)				84.0															晴		12.0	6.0	7.0	10.7	5.0	4	57.0	良	**	**		サンディエゴ																																											
2022105878	2025-03-01	1阪神1		3.0	3歳未勝利								酒井学		ダ1800				1:55.4	0.4		2-3-3-3	37.7-39.3	39.4	456(-8)				56.0															晴		16.0	4.0	8.0	12.8	6.0	5	57.0	良	**	**		ソングコレクター																																											
2022105878	2025-03-23	1阪神8		3.0	3歳未勝利								酒井学		ダ1800				1:56.4	-0.1		2-2-2-1	39.1-37.6	37.5	454(-2)				560.0															晴		12.0	3.0	3.0	6.6	4.0	1	57.0	良	**	**		(ゼンエスポワール)																																											
2022105878	2025-06-21	3阪神5		8.0	3歳以上1勝クラス								酒井学		ダ1800				1:54.5	1.5		7-7-8-9	35.9-37.6	38.5	462(+8)																			晴		16.0	5.0	9.0	166.7	15.0	10	55.0	良	**	**		タガノバビロン																																											
2022105878	2025-07-13	2小倉6		8.0	3歳以上1勝クラス								酒井学		芝1800				1:49.5	0.9		8-9-8-8	35.7-37.5	36.9	464(+2)																			曇		16.0	8.0	15.0	36.7	11.0	7	55.0	良	**	**		インヴォーグ																																											
2022105878	2025-07-27	3中京2		8.0	御在所特別(1勝クラス)								酒井学		芝2000				1:59.8	0.6		4-5-5-5	35.9-34.9	34.5	462(-2)				170.0															晴		7.0	5.0	5.0	68.6	7.0	4	55.0	良	**	**		メディテラニアン																																											
2022105878	2025-08-10	3中京6		10.0	3歳以上1勝クラス								酒井学		ダ1900				2:00.9	-0.1		4-3-3-2	30.9-38.3	37.7	464(+2)				800.0															曇		13.0	2.0	2.0	15.6	7.0	1	55.0	良	**	**		(エイユーファイヤー)																																											
2022105878	2025-10-25	3京都8		9.0	北國新聞杯(2勝クラス)								酒井学		ダ1900				1:59.2	1.2		5-6-7-6	29.9-38.0	38.3	464(0)																			曇		16.0	4.0	7.0	33.4	7.0	6	56.0	良	**	**		タガノマカシヤ																																											
2022105878	2025-11-01	3京都10		8.0	3歳以上2勝クラス								池添謙一		ダ1800				1:50.8	1.7		5-5-5-6	35.4-36.6	37.6	464(0)																			晴		15.0	7.0	12.0	19.7	9.0	13	56.0	重	**	**		アーロンイメル																																											
2022105878	2025-12-13	5中京3		10.0	鳴海特別(2勝クラス)								古川吉洋		ダ1800				1:54.2	0.9		9-9-9-9	37.7-37.0	37.3	472(+8)																			曇		16.0	7.0	14.0	55.1	10.0	12	57.0	良	**	**		アラレタバシル																																											
2022105878	2025-12-28	5阪神8		8.0	3歳以上2勝クラス								酒井学		ダ1800				1:53.9	1.0		5-5-5-5	36.7-38.3	38.5	474(+2)																			晴		13.0	5.0	6.0	38.5	9.0	9	57.0	良	**	**		ゴールドダイアー																																											
2022105878	2026-01-18	1京都7		10.0	大津特別(2勝クラス)								酒井学		ダ1800				1:54.6	1.0		8-8-8-8	37.5-37.4	37.6	476(+2)																																																													晴		16.0	8.0	16.0	67.0	10.0	11	57.0	良	**	**		バッケンレコード	202608010710
2022105883	2024-09-21	4中山6		3.0	2歳新馬								丸山元気		ダ1800				2:02.8	6.3		4-4-8-13	38.2-38.4	44.1	528(0)					曇		16.0	1.0	2.0	65.0	11.0	16	55.0	良	**	**		テンワンダーマン																																																									
2022105883	2024-11-10	5東京4		1.0	2歳未勝利								Ｍ．デム		ダ1400				1:27.3	1.7		11-11	35.5-37.6	37.8	518(-10)				55.0	曇		15.0	5.0	9.0	78.1	11.0	5	56.0	良	**	**		フォースミラクル																																																									
2022105883	2024-11-30	5中山1		1.0	2歳未勝利								横山典弘		ダ1200				1:13.5	0.8		7-7	34.1-38.6	38.6	510(-8)					晴		16.0	4.0	7.0	17.5	7.0	7	56.0	稍	**	**		サノノアメリカン																																																									
2022105883	2024-12-22	5中山8		2.0	2歳未勝利								江田照男		ダ1800				1:59.1	1.4		1-1-1-2	37.3-41.5	42.9	510(0)					晴		16.0	8.0	15.0	91.0	12.0	8	56.0	良	**	**		ドーバーブライト																																																									
2022105883	2025-01-19	1中京7		3.0	3歳未勝利								Ｍ．デム		ダ1400				1:28.1	2.7		15-15	34.9-38.3	39.3	506(-4)					曇		16.0	5.0	9.0	50.0	11.0	13	57.0	良	**	**		サンライズブレイク																																																									
2022105883	2025-04-03	船橋		7.0	ナイスハルター特別(3歳未格)								江田照男		ダ1600				1:46.2	2.9		6-6-5-5	37.8-40.3	42.5	505(-1)				25.0	曇		11.0	7.0	8.0	7.2	3.0	5	56.0	不	**	**		ジーティーエンジン																																																									
2022105883	2025-05-24	1新潟7		5.0	3歳未勝利								小林美駒		芝1800				1:50.4	1.4		7-6	36.6-35.9	35.0	518(+13)					曇		16.0	1.0	2.0	69.0	12.0	9	53.0	良	**	**		ウィズマスタング																																																									
2022105883	2025-06-07	3東京1		7.0	3歳未勝利								舟山瑠泉		芝1600				1:35.0	1.5		12-14	34.9-35.3	35.4	522(+4)					晴		18.0	6.0	12.0	351.8	13.0	10	54.0	良	**	**		キューティリップ																																																									
2022105883	2025-08-10	2新潟6		9.0	3歳未勝利								遠藤汰月		ダ1200				1:13.9	2.3		14-14	34.3-37.3	37.3	520(-2)					雨		14.0	8.0	14.0	18.2	6.0	11	54.0	不	**	**		シルバードン																																																									
2022105883	2025-12-26	笠松		5.0	馬産地日高特別(C)								渡辺竜也		ダ1400				1:30.8	-2.3		3-1-1		40.5	539(+19)				40.0	曇		8.0	6.0	6.0	1.2	1.0	1	57.0	重	**	**		(グロリアストップ)																																																									
2022105883	2026-01-07	笠松		9.0	書初め特別(C)								渡辺竜也		ダ1600				1:45.3	-0.2		4-2-2		39.9	541(+2)				50.0	晴		8.0	1.0	1.0	1.2	1.0	1	57.0	良	**	**		(ジーティーララバイ)																																																									
2022105885	2024-12-15	7京都6		6.0	2歳新馬								国分優作		ダ1800				1:54.8	-0.3		11-11-9-8	36.6-38.3	37.5	442(0)				720.0															晴		16.0	5.0	9.0	34.8	9.0	1	56.0	良	**	**		(ハグ)																																											
2022105885	2025-03-23	1阪神8		6.0	3歳1勝クラス								古川吉洋		ダ1800				1:55.4	2.0		11-11-9-8	37.8-38.5	39.4	446(+4)																			晴		16.0	2.0	4.0	7.2	4.0	6	57.0	良	**	**		カナルビーグル																																											
2022105885	2025-04-12	2阪神5		5.0	3歳1勝クラス								古川吉洋		ダ1800				1:53.8	0.1		6-5-5-5	36.8-38.8	38.6	438(-8)				200.0															晴		11.0	3.0	3.0	13.8	5.0	3	57.0	良	**	**		ヒルノハンブルク																																											
2022105885	2025-08-02	3中京3		9.0	3歳以上1勝クラス								国分優作		ダ1800				1:53.7	-0.2		7-7-7-7	38.0-38.4	37.7	434(-4)				800.0															晴		10.0	1.0	1.0	3.4	2.0	1	55.0	良	**	**		(シャンパンポップ)																																											
2022105885	2025-08-24	4中京2		10.0	大府特別(2勝クラス)								国分優作		ダ1800				1:53.4	0.5		9-11-11-10	37.3-38.9	36.5	432(-2)				395.2															晴		16.0	8.0	16.0	2.8	1.0	3	55.0	良	**	**		パカーラン																																											
2022105885	2025-09-13	4阪神3		10.0	鳥取特別(2勝クラス)								国分優作		ダ1800				1:51.9	0.3		7-7-6-7	36.8-37.7	37.3	432(0)				155.0															曇		9.0	6.0	6.0	4.0	3.0	5	55.0	良	**	**		マイノワール																																											
2022105885	2025-12-28	5阪神8		8.0	3歳以上2勝クラス								国分優作		ダ1800				1:53.0	0.1		7-7-7-7	36.7-38.3	37.4	442(+10)				460.0															晴		13.0	3.0	3.0	4.7	3.0	2	57.0	良	**	**		ゴールドダイアー																																											
2022105885	2026-01-18	1京都7		10.0	大津特別(2勝クラス)								国分優作		ダ1800				1:54.0	0.4		8-8-8-8	37.5-37.4	36.9	442(0)				405.0																																																									晴		16.0	4.0	8.0	4.7	3.0	3	57.0	良	**	**		バッケンレコード	202608010710
2022105925	2024-06-18	門別		4.0	JRA認定競走フレッ(新馬)(2歳)								黒澤愛斗		ダ1000										計不																																															曇		9.0	4.0	4.0			取	55.0	良	**	**		イクスクローバー															
2022105925	2024-11-30	5中山1		6.0	2歳新馬								菅原明良		ダ1800				1:55.5	0.6		1-1-1-1	35.9-40.7	41.3	440(0)				180.0																																											晴		13.0	4.0	4.0	6.9	4.0	3	55.0	稍	**	**		オリーブグリーン															
2022105925	2025-02-01	1東京1		3.0	3歳未勝利								菅原明良		ダ1600				1:41.9	2.2		2-2	34.9-38.6	40.8	442(+2)																																															晴		16.0	3.0	6.0	3.2	2.0	14	55.0	良	**	**		ユーディキウム															
2022105925	2025-03-01	2中山1		3.0	3歳未勝利								菅原明良		ダ1800				1:56.6	-0.4		1-1-1-1	37.3-39.5	39.5	436(-6)				560.0																																											晴		16.0	8.0	16.0	5.7	3.0	1	55.0	良	**	**		(タキノボリ)															
2022105925	2025-05-03	1新潟1		9.0	わらび賞(1勝クラス)								佐々木大		ダ1800				1:55.1	2.3		1-1-1-1	37.2-37.3	39.6	438(+2)																																															晴		15.0	6.0	10.0	71.9	12.0	11	55.0	稍	**	**		バギーウィップ															
2022105925	2025-07-19	2福島7		6.0	3歳以上1勝クラス								菅原明良		ダ1700				1:45.8	0.3		2-2-2-2	29.9-38.0	38.1	440(+2)				320.0																																											晴		14.0	8.0	14.0	19.4	8.0	2	53.0	良	**	**		オーケーマヒナ															
2022105925	2025-08-09	2新潟5		9.0	3歳以上1勝クラス								菅原明良		ダ1800				1:53.2	0.1		1-1-1-1	36.7-38.6	38.7	442(+2)				320.0																																											晴		14.0	5.0	8.0	2.2	1.0	2	53.0	良	**	**		コンアフェット															
2022105925	2025-09-06	4中山1		8.0	3歳以上1勝クラス								菅原明良		ダ1800				1:53.5	0.4		1-1-1-1	37.4-37.1	37.5	442(0)				320.0																																											晴		7.0	2.0	2.0	1.5	1.0	2	53.0	稍	**	**		ロフティーイデアル															
2022105925	2025-11-24	3福島6		2.0	3歳以上1勝クラス								丹内祐次		ダ1700				1:48.6	1.8		3-3-2-3	29.5-39.1	40.8	440(-2)																																															晴		15.0	5.0	9.0	3.4	1.0	14	54.0	良	**	**		ステラスプレンダー															
2022105925	2025-12-13	5中京3		6.0	3歳以上1勝クラス								菅原明良		ダ1800				1:54.0	0.2		3-3-3-3	37.3-37.5	37.5	440(0)				200.0																																											曇		16.0	1.0	2.0	3.0	1.0	3	55.0	良	**	**		カロローザ															
2022105925	2026-01-12	1中山5		7.0	4歳以上1勝クラス								菅原明良		ダ1800				1:53.8	-1.2		1-1-1-1	37.6-38.0	38.0	440(0)				820.0																																											晴		15.0	1.0	1.0	2.4	1.0	1	55.0	良	**	**		(キョウエイフロイデ)															
2022105936	2025-02-02	1東京2		4.0	3歳新馬								横山典弘		ダ1600				1:41.1	-0.1		3-3	35.3-38.5	38.2	510(0)				620.0																													小雨		16.0	1.0	1.0	9.3	3.0	1	57.0	稍	**	**		(シークザドリーム)																													
2022105936	2025-03-02	2中山2		6.0	3歳1勝クラス								横山典弘		ダ1800				1:56.1	2.2		12-12-14-14	37.3-38.1	38.8	506(-4)																																	晴		16.0	4.0	7.0	78.6	13.0	13	57.0	良	**	**		アメージング																													
2022105936	2025-03-23	1阪神8		6.0	3歳1勝クラス								横山典弘		ダ1800				1:56.4	3.0		14-13-13-14	37.8-38.5	39.8	508(+2)																																	晴		16.0	1.0	2.0	124.4	14.0	10	57.0	良	**	**		カナルビーグル																													
2022105936	2025-11-08	3福島1		12.0	3歳以上1勝クラス								丸山元気		ダ1700				1:50.0	4.1		2-4-6-11	30.0-38.5	42.1	510(+2)																																	晴		15.0	8.0	15.0	37.9	11.0	15	56.0	良	**	**		タイセイマンボ																													
2022105936	2025-12-06	5中京1		6.0	3歳以上1勝クラス								丸山元気		ダ1900				2:04.3	4.1		13-15-4-5	30.8-37.8	41.7	512(+2)																																	晴		16.0	6.0	11.0	90.8	11.0	14	57.0	良	**	**		スマートシーカー																													
2022105936	2025-12-28	5阪神8		7.0	3歳以上1勝クラス								古川吉洋		ダ1400				1:25.7	1.8		16-15	34.3-37.3	37.5	514(+2)																																	晴		16.0	2.0	3.0	257.7	16.0	11	57.0	良	**	**		ニューオーリンズ																													
2022105936	2026-01-17	1京都6		7.0	4歳以上1勝クラス								古川吉洋		ダ1400				1:27.1	2.1		14-14	36.0-36.6	37.4	516(+2)																																	晴		15.0	8.0	15.0	142.6	13.0	14	57.0	良				レーティッシュ																													
2022105963	2024-06-09	4京都4		5.0	2歳新馬								団野大成		芝1200				1:11.3	0.0		5-4	37.0-34.3	33.8	408(0)				720.0															曇		7.0	7.0	7.0	1.6	1.0	1	55.0	稍	**	**		(オンザブルースカイ)																																											
2022105963	2024-09-01	2中京8		11.0	小倉2歳S(GIII)								団野大成		芝1200				1:09.9	0.9		8-9	34.5-34.5	34.6	418(+10)																			曇		13.0	4.0	5.0	9.9	6.0	7	55.0	重	**	**		エイシンワンド																																											
2022105963	2024-10-05	5京都1		9.0	りんどう賞(1勝クラス)								団野大成		芝1400				1:22.7	0.9		7-6	35.6-34.3	34.7	418(0)																			晴		10.0	2.0	2.0	16.1	6.0	8	55.0	良	**	**		ヴーレヴー																																											
2022105963	2025-09-07	4阪神2		6.0	3歳以上1勝クラス								団野大成		ダ1400				1:24.0	-0.4		2-2	33.8-37.9	37.9	446(+28)				800.0															晴		15.0	3.0	4.0	7.1	4.0	1	54.0	良	**	**		(ヒミノエトワール)																																											
2022105963	2025-11-08	4京都1		9.0	亀岡特別(2勝クラス)								Ｃ．デム		ダ1400				1:23.5	0.2		2-2	33.8-37.7	37.4	448(+2)				630.2															晴		16.0	4.0	7.0	3.0	1.0	2	55.0	良	**	**		ジャスパーバローズ																																											
2022105963	2026-01-18	1京都7		9.0	小倉山特別(2勝クラス)								団野大成		ダ1400				1:25.3	0.7		4-5	34.6-37.5	38.0	452(+4)																																																													晴		16.0	1.0	1.0	2.1	1.0	7	55.0	良	**	**		トゥロン	202608010709
2022105964	2024-11-23	6京都7		5.0	2歳新馬								Ｃ．デム		芝1600				1:38.1	2.5		3-3	35.8-35.1	37.3	502(0)																			曇		11.0	1.0	1.0	3.9	2.0	11	55.0	良	**	**		ワイルデンウーリー																																											
2022105964	2025-02-15	1京都5		3.0	3歳未勝利								吉村誠之		ダ1400				1:26.2	-0.5		2-1	35.2-38.5	38.4	504(+2)				560.0															晴		16.0	5.0	10.0	7.4	5.0	1	53.0	良	**	**		(リアルクィーン)																																											
2022105964	2025-04-13	2阪神6		5.0	3歳1勝クラス								吉村誠之		ダ1400				1:26.4	1.7		6-5	34.0-38.3	39.5	500(-4)																			小雨		16.0	4.0	8.0	49.8	12.0	10	54.0	良	**	**		アローオブライト																																											
2022105964	2025-06-01	2京都12		6.0	3歳1勝クラス								吉村誠之		ダ1400				1:24.8	0.6		2-2	34.0-37.8	38.3	490(-10)				80.0															晴		14.0	5.0	8.0	7.4	3.0	5	54.0	良	**	**		ソリスクラヴィス																																											
2022105964	2025-07-13	2小倉6		7.0	3歳以上1勝クラス								吉村誠之		ダ1700				1:48.0	1.0		5-6-6-8	29.6-39.5	40.1	490(0)				80.0															曇		16.0	2.0	3.0	5.2	2.0	5	52.0	良	**	**		マキシマムビスタ																																											
2022105964	2025-08-24	4中京2		12.0	3歳以上1勝クラス								小沢大仁		ダ1400				1:26.0	1.4		10-10	34.3-38.4	38.9	494(+4)				80.0															晴		14.0	7.0	11.0	5.1	2.0	5	53.0	良	**	**		ダイシンリンク																																											
2022105964	2025-10-13	3京都5		7.0	3歳以上1勝クラス								戸崎圭太		ダ1400				1:24.0	-0.3		5-5	34.2-37.9	37.4	494(0)				800.0															曇		15.0	6.0	11.0	7.3	5.0	1	54.0	良	**	**		(ルクスデイジー)																																											
2022105964	2025-11-24	5東京6		8.0	3歳以上2勝クラス								戸崎圭太		ダ1400								34.7-36.8		496(+2)																			晴		15.0	3.0	5.0	9.4	5.0	中	55.0	良	**	**		パラサイコロジー																																											
2022105964	2026-01-18	1京都7		9.0	小倉山特別(2勝クラス)								坂井瑠星		ダ1400				1:25.1	0.5		7-5	34.6-37.5	37.5	494(-2)				158.0																																																									晴		16.0	1.0	2.0	17.9	8.0	5	55.0	良	**	**		トゥロン	202608010709
2022105965	2024-09-16	3中京5	晴	4.0	2歳新馬		14.0	5.0	7.0	8.3	5.0	4	池添謙一	55.0	ダ1400		稍	**	1:27.6	3.7	**	6-6	34.9-36.8	40.0	538(0)			ミリアッドラヴ	110.0																																																																							
2022105965	2024-09-28	3中京8	曇	1.0	2歳未勝利		9.0	8.0	8.0	6.7	5.0	1	池添謙一	55.0	ダ1200		良	**	1:11.7	-0.9	**	1-1	34.5-37.2	37.2	532(-6)			(カペルブリュッケ)	550.0																																																																							
2022105965	2024-12-21	5中山7	晴	7.0	2歳1勝クラス		16.0	3.0	5.0	2.1	1.0	2	三浦皇成	56.0	ダ1200		良	**	1:11.7	0.4	**	1-1	34.6-36.7	37.1	528(-4)			カネショウレジェン	310.0																																																																							
2022105965	2025-01-19	1中京7	晴	6.0	3歳1勝クラス		10.0	8.0	9.0	2.6	2.0	7	池添謙一	57.0	ダ1200		良	**	1:12.4	1.1	**	2-2	33.8-37.5	38.5	522(-6)			ペイシャケイプ																																																																								
2022105965	2025-03-15	1阪神5	小雨	6.0	3歳1勝クラス		16.0	4.0	7.0	4.0	2.0	1	団野大成	57.0	ダ1400		良	**	1:25.1	0.0	**	2-1	34.9-37.9	37.7	522(0)			(アンズアメ)	800.0																																																																							
2022105965	2025-04-06	2阪神4	晴	9.0	バイオレットS(OP)		15.0	6.0	10.0	28.1	8.0	6	幸英明	57.0	ダ1400		良	**	1:24.6	0.6	**	4-4	33.9-38.1	38.3	516(-6)			ヤマニンチェルキ																																																																								
2022105965	2025-12-27	5阪神7	晴	8.0	3歳以上2勝クラス		16.0	7.0	14.0	3.9	2.0	13	Ｃ．デム	57.0	ダ1400		稍	**	1:25.4	1.7	**	8-5	33.8-37.8	39.2	532(+16)			ベルジュロネット																																																																								
2022105974	2024-12-22	7京都8		6.0	2歳新馬								団野大成		芝1800				1:51.2	1.3		3-4	37.0-35.0	36.0	424(0)					曇		14.0	1.0	1.0	51.2	11.0	9	55.0	良	**	**		マトラコーニッシュ																																																									
2022105974	2025-03-02	1阪神2		6.0	3歳未勝利								松若風馬		芝2000				2:03.3	2.2		7-6-8-7	35.9-35.5	37.1	426(+2)					小雨		16.0	6.0	11.0	209.2	14.0	14	55.0	良	**	**		ジョイエッロ																																																									
2022105974	2025-05-24	2京都9		5.0	3歳未勝利								松若風馬		芝2000				2:02.3	1.2		13-13-13-15	36.5-36.4	36.5	432(+6)					小雨		16.0	1.0	2.0	287.9	14.0	10	55.0	良	**	**		サラダ																																																									
2022105974	2025-07-27	3中京2		11.0	3歳未勝利								松若風馬		芝2200				2:15.2	1.6		5-5-5-5	35.5-35.0	35.9	436(+4)					晴		11.0	2.0	2.0	106.9	9.0	10	55.0	良	**	**		ホウオウレイヴン																																																									
2022105983	2024-06-02	4京都2		5.0	2歳新馬								鮫島克駿		芝1400				1:23.2	-0.2		2-2	35.9-35.2	35.0	432(0)				720.0																																											曇		13.0	7.0	10.0	8.6	4.0	1	55.0	良	**	**		(レイピア)															
2022105983	2025-03-29	2阪神1		6.0	3歳1勝クラス								西村淳也		芝1400				1:22.2	1.8		3-3	33.6-35.4	36.9	440(+8)																																															晴		12.0	7.0	9.0	4.9	3.0	11	55.0	良	**	**		ムイ															
2022105983	2025-05-03	2京都3		6.0	3歳1勝クラス								北村友一		芝1400				1:21.8	0.3		4-3	36.0-33.9	33.8	442(+2)				120.0																																											晴		9.0	3.0	3.0	17.9	7.0	4	55.0	稍	**	**		タガノアンファン															
2022105983	2025-12-20	5中京5		12.0	3歳以上1勝クラス								吉田隼人		芝1400				1:21.3	0.5		8-7	33.4-36.0	35.2	462(+20)																																															小雨		18.0	4.0	7.0	16.4	9.0	9	55.0	稍	**	**		ガンマジーティーピ															
2022105983	2026-01-10	1京都3		12.0	4歳以上1勝クラス								鮫島克駿		芝1400				1:22.8	1.5		13-13	35.1-34.5	35.2	464(+2)																																															晴		18.0	5.0	10.0	9.3	3.0	11	55.0	良	**	**		サーナーティオン															
2022106011	2025-02-16	1東京6		3.0	3歳新馬								横山和生		ダ1600				1:39.6	-0.8		1-1	36.5-37.3	37.3	462(0)				620.0																																											晴		16.0	5.0	10.0	2.3	1.0	1	57.0	良	**	**		(ベネスピラ)															
2022106011	2025-03-15	2中山5		7.0	3歳1勝クラス								横山和生		ダ1800				1:55.8	2.2		1-1-1-1	37.3-37.7	39.9	458(-4)																																															曇		16.0	8.0	15.0	14.3	4.0	9	57.0	稍	**	**		イムホテプ															
2022106011	2025-05-17	2東京7		7.0	3歳1勝クラス								内田博幸		ダ1400				1:25.1	2.3		12-10	34.2-36.3	37.3	462(+4)																																															雨		14.0	6.0	9.0	29.8	8.0	12	57.0	不	**	**		ベンヌ															
2022106011	2025-05-31	2東京11		6.0	3歳1勝クラス								横山和生		ダ1600				1:37.6	2.1		2-2	34.6-36.3	38.3	460(-2)																																															小雨		10.0	7.0	7.0	37.5	8.0	9	57.0	不	**	**		ルグランヴァン															
2022106011	2025-09-07	2札幌6		12.0	3歳以上1勝クラス								原田和真		ダ1700				1:47.9	2.2		5-5-7-8	28.8-38.8	40.5	468(+8)																																															晴		14.0	3.0	4.0	20.0	7.0	6	55.0	稍	**	**		ジュンラトゥール															
2022106011	2025-10-04	4東京1		6.0	3歳以上1勝クラス								横山和生		ダ1400				1:26.2	0.3		13-13	35.8-37.3	36.3	472(+4)				120.0																																											曇		16.0	3.0	6.0	10.2	3.0	4	56.0	良	**	**		ゲキザル															
2022106011	2025-10-25	4東京8		7.0	3歳以上1勝クラス								横山和生		ダ1400				1:24.0	1.3		5-4	35.3-35.6	36.6	476(+4)				120.0																																											雨		16.0	4.0	7.0	8.6	4.0	4	56.0	稍	**	**		メリディアンスター															
2022106011	2026-01-05	1中山2		12.0	4歳以上1勝クラス								横山和生		ダ1200				1:12.0	0.3		13-10	34.6-37.1	36.2	476(0)				120.0																																											晴		16.0	5.0	10.0	5.6	3.0	4	58.0	稍	**	**		ビーコング															
2022106045	2024-07-28	1札幌4		5.0	2歳新馬								小林勝太		芝1800				1:52.3	1.8		8-9-8-7	37.5-35.0	36.1	436(0)																																															曇		12.0	8.0	11.0	72.3	10.0	8	53.0	重	**	**		ファイアンクランツ															
2022106045	2024-12-01	4中京2		1.0	2歳未勝利								岩田望来		ダ1800				1:55.2	2.0		2-3-2-2	37.3-37.1	38.9	444(+8)				55.0																																											晴		12.0	7.0	10.0	38.3	6.0	5	56.0	良	**	**		ミライヘノカギ															
2022106045	2024-12-15	4中京6		1.0	2歳未勝利								原優介		ダ1800				1:56.6	1.6		8-6-6-7	38.4-37.9	38.9	442(-2)																																															晴		15.0	5.0	8.0	21.8	9.0	6	55.0	良	**	**		ヤングアメリカンズ															
2022106045	2025-03-01	1阪神1		5.0	3歳未勝利								松若風馬		芝1600				1:34.7	0.8		8-8	35.6-33.6	33.8	444(+2)				56.0																																											晴		18.0	7.0	14.0	146.7	14.0	5	57.0	良	**	**		ルクスジニア															
2022106045	2025-03-15	1阪神5		4.0	3歳未勝利								団野大成		芝1400				1:22.7	1.0		11-11	34.3-35.3	35.4	442(-2)																																															曇		18.0	3.0	5.0	11.7	7.0	10	57.0	良	**	**		デアリングエア															
2022106045	2025-05-24	1新潟7		5.0	3歳未勝利								斎藤新		芝1800				1:49.0	-0.1		3-3	36.6-35.9	34.5	448(+6)				560.0																																											曇		16.0	3.0	6.0	5.6	3.0	1	57.0	良	**	**		(ハクサンミラクル)															
2022106045	2025-06-15	1函館2		9.0	八雲特別(1勝クラス)								斎藤新		芝1800				1:47.1	0.5		7-10-12-10	35.8-35.4	34.9	442(-6)				170.0																																											曇		13.0	4.0	4.0	28.8	10.0	4	55.0	良	**	**		マルカオペラ															
2022106045	2025-06-28	1函館5		7.0	3歳以上1勝クラス								斎藤新		芝1800				1:48.0	1.2		15-15-14-13	34.8-35.7	35.9	442(0)																																															晴		16.0	5.0	9.0	29.8	11.0	11	55.0	稍	**	**		マイスターヴェルク															
2022106045	2025-10-25	4新潟3		6.0	3歳以上1勝クラス								斎藤新		芝1800				1:47.8	1.2		5-4	36.0-33.8	34.6	444(+2)																																															晴		15.0	4.0	6.0	15.9	8.0	10	56.0	良	**	**		コンフォルツァ															
2022106045	2025-11-16	3福島4		12.0	3歳以上1勝クラス								国分恭介		芝2000				2:02.2	1.1		1-1-2-2	36.0-35.2	36.2	450(+6)																																															晴		16.0	3.0	6.0	43.4	11.0	11	56.0	良	**	**		ファイナルヒート															
2022106099	2024-07-14	2福島6	曇	6.0	2歳新馬		8.0	5.0	5.0	5.5	3.0	3	横山琉人	54.0	ダ1150		稍	**	1:11.8	0.2	**	6-4	33.9-37.7	37.3	510(0)			ケイアイマハナ	180.0																																																																							
2022106099	2024-07-28	2新潟2	曇	2.0	2歳未勝利		9.0	6.0	6.0	2.8	2.0	4	横山琉人	54.0	ダ1200		良	**	1:13.8	1.6	**	6-5	35.3-36.9	38.0	518(+8)			スカイブルー	83.0																																																																							
2022106099	2024-10-05	4新潟1	曇	2.0	2歳未勝利		12.0	8.0	12.0	5.3	3.0	2	横山琉人	55.0	ダ1800		重	**	1:54.1	0.6	**	7-6-5-3	36.3-38.4	38.5	512(-6)			ダテミカヅキ	220.0																																																																							
2022106099	2024-10-20	4新潟6	晴	2.0	2歳未勝利		9.0	3.0	3.0	2.6	2.0	5	横山琉人	55.0	ダ1800		稍	**	1:58.5	5.5	**	3-5-5-5	35.8-37.9	42.8	516(+4)			タガノマカシヤ	55.0																																																																							
2022106099	2024-12-14	5中山5	晴	4.0	2歳未勝利		16.0	3.0	5.0	9.5	4.0	5	石川裕紀	56.0	ダ1800		良	**	1:58.1	1.2	**	8-8-9-7	37.6-40.7	41.2	508(-8)			ソクヅモドラドラ	55.0																																																																							
2022106099	2025-01-12	1中山4	曇	2.0	3歳未勝利		16.0	5.0	9.0	22.8	4.0	2	石川裕紀	57.0	ダ1800		良	**	1:55.7	1.5	**	12-11-5-3	37.0-38.8	39.6	512(+4)			サムシャイン	220.0																																																																							
2022106099	2025-01-25	1中山8	曇	2.0	3歳未勝利		16.0	7.0	14.0	2.6	1.0	2	石川裕紀	57.0	ダ1800		良	**	1:56.2	0.4	**	10-10-2-2	38.9-38.7	38.7	512(0)			チュウワクリスエス	220.0																																																																							
2022106099	2025-03-08	2中山3	曇	2.0	3歳未勝利		16.0	8.0	15.0	2.6	1.0	1	石川裕紀	57.0	ダ1800		重	**	1:55.5	-0.1	**	14-13-2-2	38.5-39.3	39.3	514(+2)			(ラストレガシー)	560.0																																																																							
2022106099	2025-04-06	3中山4	小雨	6.0	3歳1勝クラス		14.0	4.0	5.0	20.8	6.0	4	石川裕紀	57.0	ダ1800		稍	**	1:53.9	0.6	**	13-13-10-8	36.2-39.1	38.5	510(-4)			ゴッドエスパーダ	120.0																																																																							
2022106099	2025-04-20	3中山8	曇	6.0	3歳1勝クラス		15.0	8.0	14.0	50.0	10.0	5	丹内祐次	57.0	ダ1800		良	**	1:54.3	1.4	**	12-12-2-2	36.6-37.5	38.8	512(+2)			ナルカミ	80.0																																																																							
2022106099	2025-05-11	2東京6	晴	5.0	3歳1勝クラス		15.0	6.0	11.0	20.9	9.0	6	石川裕紀	57.0	ダ2100		稍	**	2:10.5	1.4	**	14-14-14-14	30.2-36.8	36.5	514(+2)			ピカピカサンダー																																																																								
2022106099	2025-09-14	4中山4	曇	8.0	3歳以上1勝クラス		15.0	5.0	9.0	4.7	3.0	10	石川裕紀	55.0	ダ1800		稍	**	1:54.7	3.1	**	11-11-11-11	37.3-36.9	38.6	512(-2)			キョウキランブ																																																																								
2022106099	2025-10-13	4東京5	曇	7.0	3歳以上1勝クラス		16.0	3.0	5.0	8.4	5.0	8	石川裕紀	56.0	ダ2100		良	**	2:14.1	1.0	**	14-12-10-8	31.0-39.1	39.0	516(+4)			コスモコンフェルマ																																																																								
2022106099	2025-11-01	4東京10	曇	7.0	3歳以上1勝クラス		16.0	5.0	10.0	40.5	12.0	8	石川裕紀	56.0	ダ2100		重	**	2:10.6	0.9	**	14-14-15-12	30.2-37.4	37.1	522(+6)			ロングウェイホーム																																																																								
2022106099	2026-01-04	1中山1	晴	7.0	4歳以上1勝クラス		16.0	5.0	10.0	17.6	9.0	13	石川裕紀	57.0	ダ1800		稍	**	1:56.7	2.9	**	13-12-5-5	36.7-39.6	41.9	514(-8)			バタール																																																																								
2022106122	2024-12-22	5中山8		5.0	2歳新馬								内田博幸		ダ1200				1:18.1	4.9		4-9	35.2-38.0	42.5	440(0)					晴		16.0	4.0	7.0	59.1	10.0	13	55.0	良	**	**		シュヴァルボヌール																																																									
2022106122	2025-03-08	2中山3		3.0	3歳未勝利								丹内祐次		ダ1200				1:12.9	1.4		4-3	34.8-36.7	37.8	432(-8)				140.0	曇		16.0	6.0	12.0	185.2	12.0	3	55.0	重	**	**		チャロ																																																									
2022106122	2025-03-30	3中山2		2.0	3歳未勝利								丹内祐次		ダ1200				1:12.7	0.2		2-2	34.2-38.3	38.3	438(+6)				220.0	曇		16.0	4.0	7.0	29.0	7.0	2	55.0	稍	**	**		エコロカディス																																																									
2022106122	2025-04-19	1福島3		1.0	3歳未勝利								丹内祐次		ダ1150				1:09.4	-0.1		4-4	31.6-37.8	37.2	438(0)				560.0	晴		16.0	7.0	14.0	2.8	1.0	1	55.0	良	**	**		(メイショウホダワラ)																																																									
2022106122	2025-11-22	3福島5		2.0	3歳以上1勝クラス								丹内祐次		ダ1150				1:09.8	0.2		1-1	31.9-37.7	37.9	462(+24)				320.0	晴		16.0	1.0	2.0	12.3	6.0	2	55.0	良	**	**		ビーアイフォルテ																																																									
2022106122	2025-12-20	5中山5		8.0	3歳以上1勝クラス								丹内祐次		ダ1200				1:12.4	1.9		3-3	33.6-36.9	38.2	456(-6)					曇		16.0	4.0	7.0	8.3	3.0	9	55.0	良	**	**		ダンケルド																																																									
2022106122	2026-01-17	1中山6		6.0	4歳以上1勝クラス								丹内祐次		ダ1200				1:13.3	1.4		2-3	34.3-37.6	38.8	454(-2)																																	晴		16.0	5.0	10.0	10.1	4.0	15	56.0	良				メッエフアパラ																													
2022106157	2025-03-22	1阪神7	晴	3.0	3歳未勝利		16.0	2.0	4.0	83.3	9.0	11	吉村誠之	55.0	ダ1400		良	**	1:28.0	3.2	**	14-15	34.2-38.4	39.5	516(0)			ガビーズブラザー																																																																								
2022106157	2025-04-06	2阪神4	晴	3.0	3歳未勝利		16.0	1.0	2.0	219.8	13.0	14	吉村誠之	55.0	ダ1400		良	**	1:28.9	3.0	**	3-9	35.5-37.7	40.4	514(-2)			ザックザク																																																																								
2022106157	2025-05-01	園田	晴	5.0	榊町7ハロン3歳C1		11.0	7.0	8.0	3.7	2.0	2	吉村智洋	56.0	ダ1400		良	**	1:31.5	0.1	**	6-6-3-3		39.7	531(+17)			コパカツ	32.0																																																																							
2022106157	2025-05-22	園田	曇	6.0	3歳C1		10.0	4.0	4.0	1.3	1.0	2	吉村智洋	56.0	ダ1400		稍	**	1:33.0	0.6	**	3-3-4-2		39.7	517(-14)			ヴァラドン	32.0																																																																							
2022106157	2025-06-11	園田	曇	9.0	3歳C1一		10.0	7.0	7.0	3.5	3.0	8	米玉利燕	53.0	ダ1400		不	**	1:33.3	1.8	**	2-2-2-3		42.1	528(+11)			ニンカリ																																																																								
2022106157	2025-10-10	園田	晴	1.0	C3		12.0	8.0	12.0	2.3	1.0	4	川原正一	57.0	ダ1230		良	**	1:21.6	0.7	**	5-5-3-3		40.6	530(+2)			エクスペリオン	9.0																																																																							
2022106157	2025-10-29	園田	晴	4.0	大日本プロレス☆来場(C3)		10.0	1.0	1.0	9.2	4.0	5	川原正一	57.0	ダ1400		良	**	1:34.4	1.5	**	5-4-4-5		42.2	525(-5)			リッチハンター	6.0																																																																							
2022106157	2025-11-20	園田	晴	1.0	C3三		10.0	2.0	2.0	3.2	2.0	1	川原正一	57.0	ダ1400		良	**	1:32.8	-0.2	**	1-1-1-1		39.4	518(-7)			(インジェクション)	60.0																																																																							
2022106157	2025-12-16	園田	晴	3.0	C2二		10.0	7.0	8.0	1.6	1.0	1	川原正一	57.0	ダ1400		良	**	1:33.5	-0.2	**	2-2-2-2		40.1	519(+1)			(ラスアルハイマ)	70.0																																																																							
2022106176	2024-11-03	5東京2	晴	2.0	2歳未勝利		15.0	5.0	9.0	41.3	12.0	8	木幡巧也	56.0	ダ1600		重	**	1:39.2	2.2	**	11-11	34.6-38.2	38.6	486(0)			カンレイスキー																																																																								
2022106176	2025-01-12	1中山4	曇	2.0	3歳未勝利		16.0	6.0	11.0	80.4	10.0	9	木幡巧也	57.0	ダ1800		良	**	1:58.9	4.7	**	9-9-8-9	37.0-38.8	42.1	488(+2)			サムシャイン																																																																								
2022106176	2025-03-30	3中山2	曇	3.0	3歳未勝利		14.0	7.0	11.0	117.7	11.0	12	木幡巧也	57.0	ダ1800		稍	**	1:59.6	5.0	**	12-12-13-12	37.6-38.8	42.0	492(+4)			グレイスザクラウン																																																																								
2022106176	2025-04-06	3中山4	曇	1.0	3歳未勝利		13.0	7.0	11.0	339.0	13.0	12	木幡巧也	57.0	ダ1800		稍	**	1:58.6	3.1	**	5-5-6-6	35.1-40.8	43.0	492(0)			キタノラブミー																																																																								
2022106176	2025-05-06	盛岡	曇	3.0	3歳C2二組		11.0	8.0	11.0	2.5	1.0	2	山本聡紀	56.0	ダ1200		稍	**	1:15.4	0.0	**	2-2		38.7	475(-17)			コウバイ	17.5																																																																							
2022106176	2025-05-18	盛岡	曇	5.0	3歳C1二組		10.0	7.0	8.0	1.8	1.0	3	山本聡紀	56.0	ダ1400		重	**	1:28.8	0.7	**	2-2		40.2	474(-1)			スマイルプラス	12.0																																																																							
2022106186	2024-10-12	5京都3	晴	5.0	2歳新馬		13.0	8.0	13.0	41.3	10.0	7	角田大和	56.0	芝2000		良	**	2:02.0	1.3	**	3-3-3-3	37.3-34.2	35.4	474(0)			ナグルファル																																																																								
2022106186	2024-11-24	6京都8	曇	2.0	2歳未勝利		13.0	8.0	13.0	5.7	3.0	1	角田大和	56.0	ダ1800		良	**	1:54.5	-0.3	**	3-3-2-2	36.7-39.1	38.9	474(0)			(トモジャイブ)	550.0																																																																							
2022106186	2024-12-28	7京都9	晴	6.0	2歳1勝クラス		13.0	2.0	2.0	17.6	7.0	2	角田大和	56.0	ダ1800		良	**	1:53.8	0.4	**	10-9-7-9	36.5-37.8	37.6	476(+2)			ヴィリアリート	310.0																																																																							
2022106186	2025-01-18	1中京6	晴	4.0	3歳1勝クラス		16.0	4.0	8.0	8.0	5.0	8	角田大和	57.0	ダ1800		良	**	1:54.4	1.4	**	5-6-12-14	37.1-37.7	38.1	480(+4)			ベルベルコンパス																																																																								
2022106186	2025-02-02	1小倉4	晴	8.0	3歳1勝クラス		8.0	3.0	3.0	3.2	2.0	3	角田大和	57.0	ダ1700		重	**	1:45.3	0.6	**	6-6-4-4	30.6-35.7	36.0	476(-4)			シュラザック	200.0																																																																							
2022106186	2025-04-06	3中山4	小雨	6.0	3歳1勝クラス		14.0	6.0	10.0	4.6	3.0	1	角田大和	57.0	ダ1800		稍	**	1:53.3	0.0	**	3-3-2-2	36.2-39.1	39.0	480(+4)			(テンワンダーマン)	800.0																																																																							
2022106186	2025-05-03	2京都3	晴	11.0	ユニコーンS(GIII)		13.0	5.0	6.0	40.2	8.0	11	角田大和	57.0	ダ1900		稍	**	1:59.2	2.4	**	10-11-11-11	29.8-36.6	38.4	474(-6)			カナルビーグル																																																																								
2022106186	2025-08-31	3新潟4	晴	10.0	両津湾特別(2勝クラス)		11.0	2.0	2.0	3.1	2.0	3	川田将雅	55.0	ダ1800		良	**	1:52.7	0.5	**	5-6-4-5	36.0-36.7	36.7	484(+10)			シュラザック	393.5																																																																							
2022106186	2025-09-20	4阪神6	曇	12.0	3歳以上2勝クラス		16.0	1.0	2.0	2.4	1.0	2	川田将雅	55.0	ダ1800		良	**	1:52.6	0.5	**	8-8-9-8	37.3-37.9	37.7	486(+2)			カミノレアル	460.0																																																																							
2022106186	2025-12-13	5阪神3	晴	10.0	赤穂特別(2勝クラス)		14.0	3.0	4.0	2.7	1.0	2	川田将雅	57.0	ダ2000		良	**	2:05.3	0.3	**	4-4-4-4	35.5-37.1	37.1	502(+16)			ポルポラジール	629.6																																																																							
2022106186	2026-01-11	1京都4	晴	9.0	五条坂特別(2勝クラス)		10.0	4.0	4.0	3.1	2.0	5	川田将雅	57.0	ダ1900		良	**	1:59.8	0.6	**	7-7-5-3	29.6-38.8	37.9	498(-4)			キーチパルフェ	158.0																																																																							
2022106200	2025-03-29	2阪神1		1.0	3歳未勝利								幸英明		ダ1400				1:27.1	1.1		11-10	35.0-38.7	38.5	512(0)				56.0																																											晴		16.0	5.0	9.0	126.2	13.0	5	55.0	稍	**	**		リトルスカーレット															
2022106200	2025-04-13	2阪神6		1.0	3歳未勝利								浜中俊		ダ1400				1:24.8	-1.0		2-2	35.1-37.4	37.2	516(+4)				560.0																																											曇		16.0	7.0	13.0	11.1	4.0	1	55.0	良	**	**		(ステアハート)															
2022106200	2025-05-04	2京都4		5.0	3歳1勝クラス								浜中俊		ダ1400				1:25.1	1.1		4-3	34.6-37.4	38.0	522(+6)																																															晴		15.0	7.0	13.0	3.4	1.0	10	55.0	良	**	**		ダノンフィーゴ															
2022106213	2024-12-22	5中山8		6.0	2歳新馬								三浦皇成		芝1600				1:36.6	0.0		2-2-2	36.2-35.6	35.5	444(0)				180.0	晴		15.0	2.0	2.0	5.8	3.0	3	55.0	良	**	**		ディオデルマーレ																																																									
2022106213	2025-01-19	1中山7		12.0	3歳未勝利								三浦皇成		芝1600				1:35.8	0.1		2-3-3	35.6-35.8	35.5	446(+2)					小雨		16.0	1.0	1.0	5.4	3.0	6	55.0	良	**	**		ショウナンマリーナ																																																									
2022106213	2025-04-12	1福島1		5.0	3歳未勝利								荻野極		芝2000				2:01.7	0.5		1-1-1-1	35.6-36.7	37.2	436(-10)					曇		16.0	3.0	6.0	6.7	3.0	9	55.0	良	**	**		ベラトール																																																									
2022106213	2025-06-22	1函館4		4.0	3歳未勝利								佐々木大		芝1800				1:49.1	0.2		9-10-8-8	34.8-38.8	37.1	448(+12)				84.0	曇		16.0	1.0	1.0	10.6	5.0	4	55.0	重	**	**		ゼットエイト																																																									
2022106213	2025-07-05	1函館7		3.0	3歳未勝利								横山武史		芝2000				2:02.7	0.7		1-1-1-2	35.0-36.8	37.5	442(-6)					曇		13.0	2.0	2.0	5.7	3.0	6	55.0	重	**	**		モルビド																																																									
2022106213	2025-07-12	1函館9		3.0	3歳未勝利								舟山瑠泉		芝1800				1:47.8	0.5		7-8-7-6	35.6-35.6	35.5	442(0)				140.0	晴		12.0	2.0	2.0	15.2	6.0	3	52.0	良	**	**		コンドゥイア																																																									
2022106213	2025-07-26	1札幌1		6.0	3歳未勝利								佐々木大		芝1800				1:47.7	0.1		7-7-5-3	35.6-36.5	35.4	446(+4)				220.0	曇		13.0	6.0	9.0	6.4	5.0	2	55.0	良	**	**		デルマケセラセラ																																																									
2022106213	2025-08-23	2札幌1		3.0	3歳未勝利								丹内祐次		芝2000				2:02.8	0.4		8-7-5-5	36.3-36.2	36.1	452(+6)				220.0	晴		16.0	3.0	5.0	4.2	2.0	2	55.0	稍	**	**		グランセゾン																																																									
2022106213	2025-09-06	2札幌5		4.0	3歳未勝利								丹内祐次		芝2000				2:02.5	0.1		6-6-5-4	35.3-36.9	36.4	452(0)				220.0	晴		16.0	1.0	2.0	4.8	3.0	2	55.0	良	**	**		ラファヴォリット																																																									
2022106229	2024-06-02	3東京2		5.0	2歳新馬								丹内祐次		芝1600				1:37.4	1.0		10-9	37.1-33.7	33.9	472(0)				72.0	曇		12.0	3.0	3.0	12.7	5.0	5	55.0	稍	**	**		ミリオンローズ																																																									
2022106229	2024-06-23	3東京8		1.0	2歳未勝利								三浦皇成		芝1600				1:36.3	0.5		5-3	34.6-37.2	37.3	478(+6)				83.0	曇		10.0	5.0	5.0	5.2	3.0	4	55.0	稍	**	**		レーヴドロペラ																																																									
2022106229	2024-07-28	2新潟2		1.0	2歳未勝利								川田将雅		芝1400				1:21.3	0.7		6-6	33.9-35.2	35.5	478(0)				55.0	曇		11.0	4.0	4.0	6.2	3.0	5	55.0	良	**	**		アーリントンロウ																																																									
2022106229	2024-12-22	5中山8		3.0	2歳未勝利								Ｃ．デム		芝1200				1:09.9	0.1		5-5	33.5-36.3	36.1	484(+6)				83.0	晴		16.0	8.0	15.0	9.7	5.0	4	55.0	良	**	**		ミクストベリーズ																																																									
2022106229	2025-01-19	1中山7		12.0	3歳未勝利								丹内祐次		芝1600				1:35.7	0.0		4-2-2	35.6-35.8	35.6	488(+4)				140.0	小雨		16.0	3.0	6.0	5.9	4.0	3	55.0	良	**	**		ショウナンマリーナ																																																									
2022106229	2025-02-15	1東京5		5.0	3歳未勝利								キング		芝1400				1:22.4	0.0		7-7	35.7-35.0	34.3	498(+10)				220.0	晴		16.0	3.0	6.0	5.9	2.0	2	55.0	良	**	**		ダノンリュラ																																																									
2022106229	2025-03-16	2中京2		5.0	3歳未勝利								丹内祐次		芝1400				1:24.3	0.3		3-3	34.2-37.4	37.3	488(-10)				140.0	曇		18.0	7.0	13.0	2.2	1.0	3	55.0	重	**	**		ラミアメンテ																																																									
2022106229	2025-05-17	2東京7		5.0	3歳未勝利								レーン		芝1400				1:22.6	0.2		11-9	35.1-35.2	34.6	496(+8)				220.0	雨		18.0	8.0	16.0	2.8	2.0	2	55.0	良	**	**		ベラジオワールド																																																									
2022106229	2025-06-15	3東京4		4.0	3歳未勝利								三浦皇成		芝1400				1:23.9	0.3		10-9	36.2-35.1	34.6	500(+4)				140.0	曇		18.0	6.0	11.0	2.0	1.0	3	55.0	稍	**	**		ザカート																																																									
2022106229	2025-08-03	1札幌4		6.0	3歳未勝利								丹内祐次		芝1500				1:27.8	0.0		7-3-3	28.3-36.5	36.0	498(-2)				560.0	晴		14.0	8.0	13.0	3.5	1.0	1	55.0	良	**	**		(アルシャンティ)																																																									
2022106229	2026-01-11	1中山4		8.0	4歳以上1勝クラス								丹内祐次		芝1600				1:36.0	3.9		4-4-8	33.8-35.3	38.7	500(+2)					晴		16.0	8.0	16.0	20.8	5.0	15	55.0	良	**	**		クライスレリアーナ																																																									
2022106295	2024-09-28	3中京8		5.0	2歳新馬								丸山元気		芝2000				2:04.5	0.9		4-4-5-4	38.4-34.6	35.1	466(0)				72.0															曇		17.0	2.0	4.0	133.2	15.0	5	55.0	良	**	**		ロケベンドラ																																											
2022106295	2024-12-01	4中京2		5.0	2歳未勝利								岩田望来		芝2000				2:04.1	1.4		2-3-4-3	36.3-34.5	35.7	476(+10)																			晴		8.0	3.0	3.0	9.9	4.0	6	56.0	良	**	**		インターポーザー																																											
2022106295	2025-02-22	1小倉9		2.0	3歳未勝利								石田拓郎		芝1800				1:49.8	0.8		8-11-10-13	35.7-35.9	35.8	472(-4)																			晴		16.0	5.0	9.0	16.6	5.0	7	54.0	良	**	**		スナークピカソ																																											
2022106295	2025-04-13	2阪神6		4.0	3歳未勝利								鮫島克駿		芝2000								36.6-35.4		462(-10)																			小雨		14.0	3.0	4.0			除	57.0	良	**	**		メイショウビストロ																																											
2022106295	2025-04-19	2阪神7		4.0	3歳未勝利								柴田裕一		芝2200				2:15.8	2.1		6-7-9-10	34.8-35.6	37.1	464(-8)																			晴		16.0	1.0	1.0	95.9	13.0	11	54.0	良	**	**		ファーングロット																																											
2022106295	2025-07-05	1函館7		4.0	3歳未勝利								黛弘人		芝1800				1:53.0	1.4		5-5-6-6	37.0-35.6	36.4	472(+8)																			曇		9.0	7.0	7.0	24.2	5.0	8	57.0	重	**	**		スペシャルバニー																																											
2022106295	2025-07-27	1札幌2		2.0	3歳未勝利								和田陽希		芝1200				1:10.8	1.6		11-12	33.8-35.4	35.7	472(0)																			曇		14.0	2.0	2.0	93.1	11.0	11	54.0	重	**	**		キャナルクルーズ																																											
2022106295	2025-08-30	2札幌3		3.0	3歳未勝利								吉田隼人		ダ1700				1:47.2	2.1		8-7-7-7	29.7-38.6	39.8	486(+14)																			小雨		14.0	5.0	7.0	304.2	13.0	9	57.0	重	**	**		オロパタジン																																											
2022106295	2025-12-27	5阪神7		7.0	3歳以上1勝クラス								柴田裕一		芝1800				1:47.1	0.9		14-12	35.4-34.2	34.2	474(-12)																			晴		15.0	3.0	5.0	534.8	15.0	9	55.0	良	**	**		サタデーサンライズ																																											
2022106295	2026-01-18	1京都7		12.0	4歳以上1勝クラス								田山旺佑		芝1600								35.5-35.2		474(0)																																																													晴		8.0	5.0	5.0			除	54.0	良	**	**		サク	202608010712
2022106304	2025-01-25	1中山8		2.0	3歳未勝利								吉田豊		ダ1800				1:58.5	2.7		15-15-10-9	38.9-38.7	40.0	494(0)																																															曇		16.0	6.0	11.0	84.0	8.0	7	57.0	良	**	**		チュウワクリスエス															
2022106304	2025-03-23	2中京4		2.0	3歳未勝利								小沢大仁		ダ1800				1:58.0	3.9		12-12-11-9	37.1-39.3	41.7	492(-2)																																															晴		13.0	6.0	9.0	136.7	10.0	7	57.0	良	**	**		キャストロププ															
2022106304	2025-04-13	3中山6		2.0	3歳未勝利								吉田豊		ダ1800				1:56.6	1.6		12-11-11-10	37.5-39.8	39.9	496(+4)																																															雨		16.0	8.0	16.0	162.4	11.0	10	57.0	良	**	**		スマートクオーレ															
2022106304	2025-05-24	2東京9		3.0	3歳未勝利								吉田豊		ダ2100				2:14.4	1.9		12-12-14-14	31.1-38.5	38.4	494(-2)																																															曇		16.0	1.0	2.0	367.2	15.0	11	57.0	良	**	**		ネイチャーズロウ															
2022106304	2025-06-15	3東京4		2.0	3歳未勝利								吉田豊		ダ2100				2:11.7	1.1		13-12-5-2	30.2-38.1	39.1	492(-2)				56.0																																											小雨		16.0	3.0	5.0	102.6	10.0	5	57.0	重	**	**		ラントレイル															
2022106304	2025-08-24	3新潟2		2.0	3歳未勝利								吉田豊		ダ1800				1:55.5	1.3		9-11-10-8	36.3-38.6	39.0	484(-8)				84.0																																											晴		15.0	1.0	1.0	23.9	6.0	4	57.0	良	**	**		メイショウコウベ															
2022106304	2025-09-13	4中山3		7.0	3歳未勝利								吉田豊		ダ1800				1:54.8	1.0		15-15-14-12	36.2-39.2	39.1	494(+10)																																															晴		16.0	2.0	4.0	92.6	13.0	12	57.0	不	**	**		アルデラックス															
2022106304	2025-12-07	5中山2		4.0	障害3歳以上未勝利								江田勇亮		障2880				3:22.2	1.9		6-5-6-6	107.1-0.0	14.0	504(+10)																																															晴		11.0	6.0	7.0	293.7	11.0	6	58.0	良				テーオーリカード															
2022106304	2025-12-28	5阪神8		5.0	障害3歳以上未勝利								水沼元輝		障2970				3:24.6	-1.1		3-3-2-1	108.0-0.0	13.8	500(-4)				840.0																																											晴		14.0	2.0	2.0	18.5	7.0	1	56.0	良				(シルヴァーデューク)															
2022106307	2024-09-29	4中山9		3.0	2歳新馬								津村明秀		芝1200				1:10.7	1.4		5-5	34.9-34.4	35.3	424(0)				72.0	曇		16.0	6.0	12.0	77.7	12.0	5.0	55.0	良	**	**		カンシン																																																									
2022106307	2024-10-14	4新潟4		3.0	2歳未勝利								永島まな		芝1200				1:11.1	1.0		14-15	34.2-35.9	35.6	416(-8)					晴		15.0	7.0	12.0	62.0	10.0	14.0	53.0	良	**	**		トシッキー																																																									
2022106307	2024-12-22	5中山8		3.0	2歳未勝利								津村明秀		芝1200				1:10.8	1.0		3-3	33.5-36.3	37.1	416(0)					晴		16.0	7.0	13.0	194.6	13.0	12.0	55.0	良	**	**		ミクストベリーズ																																																									
2022106307	2025-01-26	1中山9		1.0	3歳未勝利								原優介		ダ1200				1:15.1	2.4		5-5	34.2-38.5	40.5	414(-2)					晴		16.0	1.0	1.0	59.6	10.0	13.0	54.0	良	**	**		イズルード																																																									
2022106307	2025-09-08	金沢		5.0	3歳B　5								沖静男		ダ1400				1:30.3	1.8		1-1-2-3		40.5	449(+35)				5.1	曇		10.0	5.0	5.0	21.2	7.0	4.0	55.0	不	**	**		ユーウェイン																																																									
2022106307	2025-09-20	金沢		5.0	C213								松戸政也		ダ1500				1:38.1	0.8		1-1-2-2		40.9	443(-6)				5.1	曇		9.0	2.0	2.0	9.4	5.0	4.0	55.0	良	**	**		スナドケイ																																																									
2022106307	2025-10-11	金沢		1.0	ウマ娘×金沢競馬コラ(C2)								松戸政也		ダ900				0:56.2	0.1		2-2		37.1	442(-1)				7.2	曇		10.0	6.0	6.0	2.0	1.0	3.0	55.0	良	**	**		ユナイテッドハーツ																																																									
2022106307	2025-10-21	金沢		3.0	C28								松戸政也		ダ1500				1:38.9	0.6		1-1-1-1		40.3	438(-4)				5.1	曇		7.0	2.0	2.0	4.0	3.0	4.0	55.0	良	**	**		タッチザシーリング																																																									
2022106307	2025-11-04	金沢		1.0	C27　特別編成(C2特別)								松戸政也		ダ1500				1:39.1	2.2		2-2-2-4		41.3	436(-2)					晴		8.0	7.0	7.0	13.7	4.0	7.0	55.0	不	**	**		ベンメリア																																																									
2022106307	2025-11-17	金沢		1.0	C29								松戸政也		ダ1400				1:32.8	-0.3		1-1-1-1		40.6	429(-7)				43.0	晴		8.0	7.0	7.0	14.3	4.0	1.0	55.0	良	**	**		(フィーユポワソン)																																																									
2022106307	2025-12-15	金沢		2.0	C28								兼子千央		ダ1400				1:33.9	3.1		2-1-3-5		43.3	422(-7)					曇		11.0	8.0	10.0	27.0	7.0	7.0	55.0	不	**	**		リケアダージリン																																																									
2022106307	2025-12-26	金沢		2.0	C27								松戸政也		ダ1500										計不					雪		0.0	7.0	8.0				55.0	不																																																													
2022106318	2024-08-17	2中京3		6.0	2歳新馬								Ｍ．デム		ダ1800				2:00.7	6.1		13-13-4-5	37.5-37.5	43.2	466(0)					晴		16.0	5.0	10.0	32.2	6.0	11	55.0	良	**	**		クァンタムウェーブ																																																									
2022106318	2024-12-22	7京都8		1.0	2歳未勝利								川端海翼		ダ1400				1:28.9	2.8		13-13	35.3-38.2	40.0	484(+18)					曇		16.0	1.0	1.0	215.8	14.0	14	52.0	良	**	**		オリージネアリア																																																									
2022106318	2025-03-09	1阪神4		5.0	3歳未勝利								和田陽希		芝1600				1:35.9	2.0		11-13	35.5-34.4	35.4	474(-10)					晴		17.0	7.0	15.0	303.4	16.0	12	52.0	良	**	**		ホーリーノット																																																									
2022106318	2025-04-13	1福島2		3.0	3歳未勝利								柴田裕一		芝2600				2:46.3	4.6		14-14-16-16	36.9-37.2	39.4	476(+2)					曇		16.0	8.0	15.0	100.5	14.0	15	52.0	良	**	**		オロスコピオ																																																									
2022106324	2024-12-07	4中京3		5.0	2歳新馬								岩田望来		ダ1400				1:26.6	1.4		2-2	35.8-37.2	38.5	440(0)																																	曇		16.0	7.0	13.0	8.7	5.0	6	55.0	良	**	**		トゥロン																													
2022106324	2025-04-08	川崎		7.0	エイプリルフラワー賞(3歳)								斉藤新		ダ1400				1:31.4	-0.6		6-5-4-4	39.5-40.2	39.8	433(-7)				250.0																													晴		12.0	4.0	4.0	3.0	2.0	1	54.0	稍	**	**		(トーアジョウトウ)																													
2022106324	2025-05-18	2東京8		6.0	3歳1勝クラス								斎藤新		ダ1600				1:36.5	1.8		7-6	34.3-36.1	37.3	440(+7)																																	曇		16.0	2.0	3.0	124.2	13.0	10	55.0	重	**	**		メモリアカフェ																													
2022106324	2025-09-15	4中山5		12.0	3歳以上1勝クラス								斎藤新		ダ1200				1:12.7	1.9		7-9	33.8-37.0	38.3	436(-4)																																	曇		16.0	8.0	16.0	13.7	6.0	9	54.0	良	**	**		ワンダラー																													
2022106324	2026-01-04	1中山1		8.0	4歳以上1勝クラス								横山琉人		ダ1200				1:12.1	0.0		12-12	33.8-38.3	37.1	450(+14)				210.0																													晴		16.0	6.0	12.0	14.8	8.0	3	56.0	稍	**	**		ラヴァグロウ																													
2022106324	2026-01-17	1中山6		6.0	4歳以上1勝クラス								横山琉人		ダ1200				1:12.7	0.8		15-12	34.3-37.6	37.2	444(-6)																																	晴		16.0	2.0	4.0	13.5	7.0	10	56.0	良				メッエフアパラ																													
2022106345	2024-12-07	5中山3	晴	5.0	2歳新馬		16.0	1.0	1.0	68.2	12.0	13	内田博幸	55.0	芝1600		良	**	1:37.7	1.0	**	11-10-12	36.7-35.0	35.2	458(0)			ギフテッド																																																																								
2022106345	2025-04-06	3中山4	小雨	5.0	3歳未勝利		16.0	4.0	8.0	130.9	12.0	10	荻野極	55.0	芝1600		良	**	1:35.6	1.4	**	15-14-11	35.1-35.0	35.3	462(+4)			ガーネットウインク																																																																								
2022106345	2025-07-06	2福島4	曇	3.0	3歳未勝利		16.0	7.0	14.0	62.4	8.0	15	荻野極	55.0	芝1200		良	**	1:11.8	2.0	**	7-10	33.9-35.9	37.2	468(+6)			ニシノヒミチュ																																																																								
2022106345	2025-08-21	名古屋	晴	1.0	名古屋モーニングフィ(3歳)		10.0	3.0	3.0	31.8	8.0	4	加藤誓二	55.0	ダ1400		良	**	1:30.7	0.6	**	1-1-1		40.8	467(-1)			シェーンルスカ	8.3																																																																							
2022106345	2025-09-04	名古屋	曇	3.0	3歳11組		12.0	2.0	2.0	19.4	5.0	9	加藤誓二	55.0	ダ1500		良	**	1:40.9	3.9	**	8-7-8		42.3	473(+6)			アールオブケント																																																																								
2022106345	2025-09-18	名古屋	晴	4.0	3歳13組		12.0	8.0	12.0	32.9	6.0	5	宮下瞳	53.0	ダ1500		良	**	1:39.0	1.1	**	4-3-3		40.8	472(-1)			オッシレイション	5.5																																																																							
2022106345	2025-10-02	名古屋	晴	2.0	3歳15組		12.0	8.0	12.0	19.8	4.0	7	細川智史	55.0	ダ1500		良	**	1:40.0	1.8	**	5-3-4		41.5	481(+9)			カフジアッサム																																																																								
2022106345	2025-10-14	名古屋	小雨	8.0	C24組		12.0	8.0	11.0	17.1	5.0	3	加藤誓二	55.0	ダ1400		良	**	1:32.5	0.4	**	3-3-2		39.8	478(-3)			テーオーニルソン	11.0																																																																							
2022106345	2025-11-10	名古屋	晴	2.0	C29組		11.0	4.0	4.0	14.2	7.0	5	加藤誓二	55.0	ダ1500		稍	**	1:39.9	0.2	**	2-2-2		43.3	487(+9)			フェリアフローレス	5.5																																																																							
2022106345	2025-11-20	名古屋	晴	6.0	C20組		12.0	8.0	11.0	6.2	3.0	2	加藤誓二	55.0	ダ1500		良	**	1:37.8	0.3	**	1-1-1		41.2	482(-5)			コスモクイーンビー	19.3																																																																							
2022106345	2025-12-05	名古屋	晴	2.0	C19組		12.0	7.0	9.0	2.4	2.0	1	加藤誓二	55.0	ダ920		良	**	0:56.3	-1.1	**	1		36.6	485(+3)			(マーブルチャン)	55.0																																																																							
2022106345	2025-12-23	名古屋	小雨	8.0	C8組		12.0	6.0	7.0	1.9	1.0	1	加藤誓二	55.0	ダ920		稍	**	0:56.3	-0.1	**	1		36.7	493(+8)			(マーブルチャン)	55.0																																																																							
2022106401	2024-08-04	2新潟4	晴	2.0	2歳新馬		14.0	8.0	13.0	65.0	10.0	12	西塚洸二	54.0	芝1600		良	**	1:38.7	2.7	**	13-12	36.8-33.6	35.0	424(0)			ダンツエラン																																																																								
2022106401	2025-03-22	2中京3	晴	1.0	3歳未勝利		14.0	3.0	4.0	7.8	4.0	8	団野大成	55.0	ダ1800		良	**	1:57.4	4.0	**	9-8-8-8	37.2-38.0	41.3	460(+36)			フェアリーブルー																																																																								
2022106401	2025-04-06	2阪神4	晴	2.0	3歳未勝利		15.0	1.0	2.0	137.4	9.0	15	団野大成	55.0	ダ1800		良	**	1:59.8	6.6	**	15-15-15-14	37.4-36.7	41.1	448(-12)			ブラックアダマス																																																																								
2022106401	2025-07-19	2小倉7	晴	4.0	3歳未勝利		16.0	3.0	6.0	168.1	15.0	16	永島まな	53.0	芝1800		稍	**	1:56.4	5.5	**	14-14-15-15	37.7-36.4	39.7	446(-2)			レインオンミー																																																																								
2022106401	2025-09-04	名古屋	曇	1.0	名古屋モーニングフィ(3歳)		12.0	8.0	11.0	38.4	8.0	3	宮下瞳	53.0	ダ1500		良	**	1:36.9	0.8	**	3-3-3		39.5	456(+10)			チェリスト	11.0																																																																							
2022106401	2025-10-02	名古屋	晴	2.0	3歳15組		12.0	2.0	2.0	1.6	1.0	5	塚本征吾	55.0	ダ1500		良	**	1:39.2	1.0	**	7-8-8		40.3	458(+2)			カフジアッサム	5.5																																																																							
2022106401	2025-10-14	名古屋	小雨	8.0	C24組		12.0	5.0	5.0	2.1	1.0	1	塚本征吾	55.0	ダ1400		良	**	1:32.1	-0.4	**	5-5-6		39.2	453(-5)			(ズイショウ)	55.0																																																																							
2022106401	2025-10-29	名古屋	晴	9.0	名倉川特別(C)		12.0	5.0	6.0	12.7	3.0	2	丹羽克輝	55.0	ダ1500		良	**	1:37.8	0.5	**	6-5-3		40.5	452(-1)			ウェカピポ	24.5																																																																							
2022106401	2025-11-12	名古屋	曇	1.0	C14組		11.0	8.0	11.0	3.2	2.0	4	塚本征吾	55.0	ダ1500		稍	**	1:36.9	0.5	**	6-6-5		39.1	450(-2)			タイキフィアリーベ	8.3																																																																							
2022106401	2025-11-21	名古屋	晴	6.0	C11組		12.0	6.0	8.0	10.7	3.0	3	塚本征吾	55.0	ダ1500		良	**	1:37.0	1.4	**	4-3-3		39.1	446(-4)			ハンクスター	11.0																																																																							
2022106401	2025-12-09	名古屋	晴	7.0	C9組		12.0	2.0	2.0	4.9	3.0	5	丹羽克輝	55.0	ダ1500		良	**	1:38.7	1.5	**	1-1-2		40.3	443(-3)			ジーティーラピッド	5.5																																																																							
2022106401	2025-12-23	名古屋	晴	3.0	C11組		10.0	4.0	4.0	3.6	2.0	1	塚本征吾	55.0	ダ1500		稍	**	1:36.7	-0.5	**	3-3-1		39.1	444(+1)			(レイナティア)	55.0																																																																							
2022106401	2026-01-03	名古屋	小雨	5.0	歓喜を願う昆布巻き賞(C)		12.0	3.0	3.0	5.4	2.0	3	塚本征吾	55.0	ダ1500		稍	**	1:36.7	0.8	**	6-7-6		39.1	438(-6)			ワウワウワウ	11.0																																																																							
2022106427	2024-06-29	2福島1	晴	6.0	2歳新馬		9.0	1.0	1.0	8.0	3.0	6	内田博幸	55.0	ダ1150		良	**	1:12.5	1.5	**	6-6	33.3-37.7	37.4	456(0)			ラインパシオン																																																																								
2022106427	2024-07-20	2福島7	曇	1.0	2歳未勝利		13.0	6.0	9.0	63.1	9.0	8	野中悠太	55.0	ダ1150		良	**	1:10.5	1.1	**	12-12	31.9-37.5	36.5	444(-12)			アイビーヒメチャン																																																																								
2022106427	2024-10-06	4東京2	曇	1.0	2歳未勝利		11.0	1.0	1.0	9.9	3.0	7	内田博幸	56.0	ダ1600		重	**	1:38.0	1.3	**	4-4	35.5-36.4	37.4	450(+6)			ドゥカート																																																																								
2022106427	2024-10-26	4東京7	曇	3.0	2歳未勝利		16.0	7.0	14.0	58.7	8.0	6	内田博幸	56.0	ダ1600		良	**	1:39.4	0.8	**	7-8	34.8-38.4	38.0	450(0)			アレスグート																																																																								
2022106427	2024-11-16	5東京5	曇	1.0	2歳未勝利		16.0	7.0	13.0	45.9	10.0	4	内田博幸	56.0	ダ1600		良	**	1:40.1	1.0	**	4-6	35.4-37.6	38.2	446(-4)			スクレイピング	83.0																																																																							
2022106427	2024-12-14	5中山5	晴	2.0	2歳未勝利		16.0	6.0	12.0	20.0	7.0	1	内田博幸	56.0	ダ1800		良	**	1:56.7	-0.1	**	3-3-2-2	38.2-40.1	40.0	454(+8)			(フィーリウス)	550.0																																																																							
2022106427	2025-03-15	2中山5	曇	7.0	3歳1勝クラス		16.0	7.0	14.0	118.4	12.0	5	内田博幸	57.0	ダ1800		稍	**	1:55.2	1.6	**	6-6-7-9	37.3-37.7	38.8	454(0)			イムホテプ	80.0																																																																							
2022106427	2025-04-06	3中山4	小雨	6.0	3歳1勝クラス		14.0	1.0	1.0	96.7	11.0	3	内田博幸	57.0	ダ1800		稍	**	1:53.8	0.5	**	7-7-6-5	36.2-39.1	39.0	452(-2)			ゴッドエスパーダ	200.0																																																																							
2022106427	2025-05-24	2東京9	曇	6.0	3歳1勝クラス		13.0	7.0	12.0	35.5	9.0	9	内田博幸	57.0	ダ1600		良	**	1:38.7	0.8	**	7-4	35.9-36.7	36.8	446(-6)			フィリップバローズ																																																																								
2022106427	2025-08-10	2新潟6	雨	10.0	3歳以上1勝クラス		15.0	4.0	6.0	22.1	7.0	3	今村聖奈	53.0	ダ1800		不	**	1:52.8	0.2	**	15-14-12-9	36.3-38.2	37.4	450(+4)			ブレトワルダ	200.0																																																																							
2022106453	2024-08-31	2中京7		6.0	2歳新馬								水口優也		ダ1400				1:27.0	-0.5		1-1	36.5-38.3	38.3	494(0)				720.0																																											雨		16.0	7.0	13.0	8.4	5.0	1	55.0	不	**	**		(トラヴェリンバンド)															
2022106453	2024-11-09	5東京3		9.0	オキザリス賞(1勝クラス)								水口優也		ダ1400				1:27.2	2.1		1-1	36.2-36.2	38.3	510(+16)																																															晴		16.0	8.0	16.0	77.0	12.0	9	56.0	良	**	**		プロミストジーン															
2022106453	2024-11-16	6京都5		9.0	秋明菊賞(1勝クラス)								水口優也		芝1400				1:25.2	2.2		7-7	36.9-34.3	35.1	502(-8)																																															小雨		9.0	2.0	2.0	70.8	8.0	9	56.0	良	**	**		キャッスルレイク															
2022106453	2025-03-02	1阪神2		4.0	3歳1勝クラス								水口優也		ダ1200				1:13.3	0.8		16-15	35.6-36.9	36.3	516(+14)				80.0																																											小雨		16.0	6.0	11.0	178.5	13.0	5	57.0	良	**	**		ヤマニンチェルキ															
2022106453	2025-03-15	1阪神5		6.0	3歳1勝クラス								水口優也		ダ1400				1:25.4	0.3		1-2	34.9-37.9	38.2	508(-8)				200.0																																											小雨		16.0	8.0	15.0	18.7	4.0	3	57.0	良	**	**		ドンパッショーネ															
2022106453	2025-04-13	2阪神6		5.0	3歳1勝クラス								水口優也		ダ1400				1:25.9	1.2		14-14	34.0-38.3	38.1	506(-2)																																															小雨		16.0	1.0	2.0	24.3	9.0	7	57.0	良	**	**		アローオブライト															
2022106453	2025-05-04	2東京4		6.0	3歳1勝クラス								水口優也		ダ1400				1:24.0	-0.3		1-1	35.1-36.9	36.9	510(+4)				800.0																																											晴		16.0	2.0	4.0	7.6	2.0	1	57.0	稍	**	**		(マーズオデッセイ)															
2022106453	2025-06-08	3阪神2		10.0	洲本特別(2勝クラス)								水口優也		ダ1400				1:25.0	0.5		1-1	35.1-37.0	37.5	510(0)				396.3																																											小雨		16.0	3.0	5.0	7.8	3.0	3	55.0	良	**	**		プロトポロス															
2022106453	2025-06-29	2小倉2		10.0	西部日刊スポーツ杯(2勝クラス)								水口優也		ダ1700				1:45.9	0.3		1-1-1-1	29.9-37.6	37.9	512(+2)				394.5																																											晴		15.0	5.0	9.0	2.3	1.0	3	55.0	良	**	**		メイショウフウドウ															
2022106465	2024-11-02	5東京1		5.0	2歳新馬								柴田大知		芝2000				2:04.1	2.0		3-3-3	37.4-34.7	36.4	470(0)					小雨		10.0	5.0	5.0	80.6	9.0	9	56.0	稍	**	**		アロヒアリイ																																																									
2022106465	2024-12-22	5中山8		2.0	2歳未勝利								柴田大知		ダ1800				1:58.0	0.3		12-13-11-8	37.3-41.5	40.7	478(+8)				83.0	晴		16.0	7.0	14.0	123.1	14.0	4	56.0	良	**	**		ドーバーブライト																																																									
2022106465	2025-01-19	1中山7		3.0	3歳未勝利								柴田大知		ダ1800				1:57.7	-0.1		3-3-4-3	39.5-39.6	39.3	472(-6)				560.0	晴		16.0	5.0	10.0	3.8	1.0	1	57.0	良	**	**		(キタノブレイク)																																																									
2022106465	2025-02-01	1東京1		4.0	3歳1勝クラス								柴田大知		ダ1600				1:39.8	2.6		5-6	35.2-36.4	38.2	468(-4)					晴		13.0	3.0	3.0	152.5	11.0	10	57.0	良	**	**		ヘニーガイスト																																																									
2022106465	2025-04-13	3中山6		7.0	3歳1勝クラス								柴田大知		ダ1800				1:56.7	2.1		4-4-4-5	38.5-37.4	39.2	466(-2)					雨		10.0	1.0	1.0	108.4	9.0	9	57.0	良	**	**		ニューファウンド																																																									
2022106465	2025-05-11	2東京6		5.0	3歳1勝クラス								柴田大知		ダ2100				2:12.5	3.4		10-11-13-13	30.2-36.8	38.6	470(+4)					晴		15.0	4.0	8.0	258.3	15.0	14	57.0	稍	**	**		ピカピカサンダー																																																									
2022106465	2025-11-16	3福島4		5.0	障害3歳以上未勝利								江田勇亮		障2750							10-10	106.1-0.0		470(0)					晴		11.0	7.0	9.0	32.4	9.0	中	58.0	良				ホークフィールド																																																									
2022106465	2025-12-14	5中山4		8.0	3歳以上1勝クラス								小林脩斗		ダ2500				2:53.9	10.7		8-9-13-13	30.2-39.5	48.3	480(+10)					曇		14.0	6.0	10.0	191.2	13.0	14	56.0	稍	**	**		ダカラフェスティヴ																																																									
2022106540	2025-01-19	1中山7		5.0	3歳新馬								三浦皇成		芝1600				1:37.6	1.5		13-11-10	36.2-35.2	35.5	444(0)																																															曇		16.0	8.0	15.0	32.6	7.0	8	55.0	良	**	**		ホウオウショコラ															
2022106540	2025-06-22	3阪神6		3.0	3歳未勝利								幸英明		芝1600				1:36.4	2.6		14-13	34.5-35.1	36.6	442(-2)																																															曇		18.0	8.0	17.0	91.7	11.0	15	55.0	良	**	**		フェイトライン															
2022106540	2025-08-24	4中京2		4.0	3歳未勝利								国分恭介		ダ1400				1:25.0	-0.5		6-4	34.6-38.5	37.9	434(-8)				560.0																																											晴		16.0	2.0	3.0	147.8	15.0	1	55.0	良	**	**		(トップレディー)															
2022106540	2025-09-15	4阪神5		12.0	3歳以上1勝クラス								国分恭介		ダ1400				1:25.3	0.6		14-13	35.4-37.0	36.3	434(0)																																															晴		15.0	7.0	12.0	17.7	9.0	9	54.0	良	**	**		タマモティーカップ															
2022106540	2025-12-20	5中京5		2.0	3歳以上1勝クラス								国分恭介		ダ1400				1:26.1	0.3		5-6	36.1-37.2	37.2	436(+2)				320.0																																											小雨		16.0	8.0	15.0	11.5	5.0	2	55.0	稍	**	**		モリノアミーゴ															
2022106540	2026-01-12	1京都5		7.0	4歳以上1勝クラス								国分恭介		ダ1400				1:25.4	0.3		6-6	36.2-36.8	36.4	436(0)				210.0																																											晴		16.0	6.0	12.0	48.0	9.0	3	55.0	良	**	**		メイケイレイン															
2022106541	2025-01-12	1中山4	曇	4.0	3歳新馬		16.0	2.0	3.0	82.5	13.0	2	佐々木大	57.0	ダ1800		良	**	1:55.9	1.5	**	7-8-7-6	37.4-38.1	38.5	436(0)			イムホテプ	250.0																																																																							
2022106541	2025-03-08	2中山3	曇	6.0	3歳未勝利		16.0	6.0	11.0	3.1	2.0	2	佐々木大	57.0	ダ1800		稍	**	1:55.5	0.0	**	6-7-6-6	38.1-38.6	38.2	432(-4)			プロスペクトパーク	220.0																																																																							
2022106541	2025-04-06	3中山4	曇	3.0	3歳未勝利		13.0	7.0	11.0	1.2	1.0	1	佐々木大	57.0	ダ1800		稍	**	1:54.9	-0.4	**	6-5-4-4	37.9-37.4	37.1	428(-4)			(キープオントップ)	560.0																																																																							
2022106541	2025-06-15	1函館2	曇	12.0	3歳以上1勝クラス		11.0	7.0	9.0	3.0	1.0	1	佐々木大	55.0	ダ1700		良	**	1:45.4	-0.2	**	5-4-5-4	29.9-37.6	37.4	430(+2)			(ドゥラリス)	800.0																																																																							
2022106541	2025-07-05	1函館7	晴	10.0	竜飛崎特別(2勝クラス)		14.0	3.0	3.0	6.8	2.0	5	佐々木大	55.0	ダ1700		重	**	1:43.7	0.9	**	4-3-4-4	29.3-37.3	37.8	436(+6)			ドバイブルース	155.0																																																																							
2022106541	2025-07-20	1函館12	晴	10.0	駒場特別(2勝クラス)		12.0	6.0	8.0	3.0	1.0	1	佐々木大	55.0	ダ1700		良	**	1:45.6	-0.1	**	5-5-4-3	30.4-37.7	37.3	436(0)			(プラムダンディ)	1577.3																																																																							
2022106541	2025-12-07	5中山2	晴	10.0	市川S(3勝クラス)		16.0	6.0	12.0	13.4	6.0	9	菊沢一樹	55.0	ダ1800		良	**	1:53.6	1.3	**	7-7-8-5	36.7-37.6	38.3	440(+4)			クラウンシエンタ																																																																								
2022106541	2026-01-17	1中山6		10.0	アレキサンドライトS(3勝クラス)								佐々木大		ダ1800				1:53.8	1.6		12-12-13-11	37.4-37.5	37.6	440(0)																																	晴		16.0	7.0	13.0	16.7	7.0	10	55.0	良				チュウワクリスエス																													
2022106542	2024-10-12	4新潟3		5.0	2歳新馬								永島まな		芝1600				1:37.3	1.9		18-18	35.9-34.0	33.7	440(0)					晴		18.0	3.0	5.0	54.0	13.0	10	53.0	良	**	**		ミストレス																																																									
2022106542	2024-12-22	5中山8		4.0	2歳未勝利								石川裕紀		芝2000				2:02.7	1.4		14-14-16-14	36.4-36.1	36.4	442(+2)					晴		18.0	7.0	14.0	107.2	9.0	11	55.0	良	**	**		ロジャリーマイン																																																									
2022106542	2025-03-09	2中山4		1.0	3歳未勝利								幸英明		ダ1800				1:55.3	-0.2		4-5-2-2	37.1-40.2	40.1	438(-4)				560.0	晴		16.0	7.0	14.0	24.5	5.0	1	55.0	重	**	**		(ピラニアキッス)																																																									
2022106542	2025-09-15	4中山5		7.0	3歳以上1勝クラス								岩田望来		ダ1800				1:55.6	1.3		3-3-3-3	36.9-40.2	41.3	448(+10)					曇		16.0	4.0	8.0	15.1	6.0	10	53.0	良	**	**		ゲンパチルーナ																																																									
2022106542	2025-10-11	4東京3		8.0	3歳以上1勝クラス								石川裕紀		ダ1600				1:39.1	1.4		14-14	34.6-38.1	37.7	446(-2)					雨		16.0	6.0	11.0	93.0	12.0	11	54.0	稍	**	**		パイシャオピン																																																									
2022106542	2026-01-12	1中山5		7.0	4歳以上1勝クラス								舟山瑠泉		ダ1800				1:56.5	2.7		2-3-3-3	37.6-38.0	40.3	450(+4)					晴		15.0	2.0	2.0	67.0	12.0	8	52.0	良	**	**		フィールオーサム																																																									
2022106543	2025-02-01	1東京1	晴	5.0	3歳新馬		16.0	3.0	6.0	20.0	7.0	8	原優介	56.0	芝1600		良	**	1:36.8	1.0	**	2-3	35.7-35.2	35.9	500(0)			マテンロウバローズ																																																																								
2022106543	2025-03-01	2中山1	晴	3.0	3歳未勝利		16.0	6.0	11.0	14.7	5.0	11	原優介	57.0	ダ1800		良	**	1:59.4	2.8	**	6-6-7-12	37.3-39.5	41.5	494(-6)			フィールオーサム																																																																								
2022106543	2025-04-06	3中山4	曇	1.0	3歳未勝利		13.0	7.0	10.0	16.0	6.0	10	佐々木大	57.0	ダ1800		稍	**	1:57.5	2.0	**	4-4-7-7	35.1-40.8	41.7	498(+4)			キタノラブミー																																																																								
2022106543	2025-05-25	2東京10	曇	4.0	3歳未勝利		18.0	1.0	1.0	120.2	13.0	13	丹内祐次	57.0	芝1600		稍	**	1:35.3	1.6	**	5-5	34.8-35.3	36.2	494(-4)			バンブルビー																																																																								
2022106543	2025-07-26	2新潟1	晴	5.0	3歳未勝利		18.0	3.0	5.0	143.4	14.0	13	国分恭介	57.0	芝1800		良	**	1:47.6	1.6	**	14-14	35.2-33.5	34.1	484(-10)			ボウウィンドウ																																																																								
2022106543	2025-09-27	4中山8	曇	1.0	障害3歳以上未勝利		11.0	5.0	5.0	32.1	8.0	11	水沼元輝	56.0	障2880		良		3:19.5	2.4		10-10-10-10	107.1-0.0	13.9	490(+6)			ヴラディア																																																																								
2022106543	2025-10-13	4東京5	晴	4.0	障害3歳以上未勝利		14.0	7.0	12.0	83.4	10.0	5	大江原圭	58.0	障3000		良		3:24.5	2.9		5-5-6-6	103.0-0.0	13.6	492(+2)			ジーティーオウジャ	84.0																																																																							
2022106543	2026-01-18	1中山7		4.0	障害4歳以上未勝利								伴啓太		障2880				3:16.2	2.6		3-4-8-9	106.1-0.0	13.6	500(+8)																																																													晴		14.0	4.0	6.0	56.9	9.0	8	59.0	良				アスクオンディープ	202606010704
2022106544	2024-12-14	5中山5		5.0	2歳新馬								横山武史		芝2000				2:02.2	1.2		10-10-8-7	36.5-35.0	35.2	470(0)																																	晴		15.0	2.0	2.0	31.0	8.0	7	56.0	良	**	**		トリプルコーク																													
2022106544	2025-11-16	3福島4		12.0	3歳以上1勝クラス								富田暁		芝2000				2:02.1	1.0		7-7-8-11	36.0-35.2	35.4	486(+16)																																	晴		16.0	4.0	8.0	114.2	14.0	10	56.0	良	**	**		ファイナルヒート																													
2022106544	2025-12-06	5中京1		6.0	3歳以上1勝クラス								富田暁		ダ1900				2:04.7	4.5		6-6-7-8	30.8-37.8	41.8	484(-2)																																	晴		16.0	2.0	4.0	273.8	15.0	15	57.0	良	**	**		スマートシーカー																													
2022106544	2026-01-17	1中山6		7.0	4歳以上1勝クラス								丸山元気		芝2200				2:13.6	1.6		9-10-10-11	36.6-35.6	36.2	488(+4)																																	晴		12.0	5.0	5.0	160.0	11.0	10	57.0	良				クリフハンガー																													
2022106552	2024-10-19	4東京5		4.0	2歳新馬								横山武史		ダ1600				1:41.9	2.3		8-8	35.4-38.2	39.8	450(0)					晴		16.0	4.0	8.0	35.8	9.0	12	55.0	良	**	**		レッドルイナール																																																									
2022106552	2024-12-22	7京都8		1.0	2歳未勝利								小崎綾也		ダ1400				1:28.2	2.1		15-15	35.3-38.2	38.9	454(+4)					曇		16.0	5.0	9.0	265.8	15.0	11	55.0	良	**	**		オリージネアリア																																																									
2022106552	2025-03-05	川崎		7.0	アクアマリンフラワー(3歳)								小崎綾也		ダ1400				1:35.5	3.6		6-7-8-9	39.6-40.2	42.4	449(-5)					雨		11.0	7.0	9.0	23.6	7.0	9	54.0	不	**	**		ランニングホット																																																									
2022106566	2024-06-09	3東京4		5.0	2歳新馬								石川裕紀		芝1800				1:52.8	6.1		11-11-11	36.9-33.9	37.2	476(0)																			曇		11.0	3.0	3.0	65.7	8.0	11	55.0	良	**	**		クロワデュノール																																											
2022106566	2024-10-20	5京都6		1.0	2歳未勝利								小崎綾也		ダ1800				1:58.3	1.5		5-5-5-7	37.3-40.6	41.3	472(-4)				140.0															晴		8.0	1.0	1.0	39.0	6.0	3	56.0	稍	**	**		サンダーロード																																											
2022106566	2024-11-09	6京都3		2.0	2歳未勝利								長岡禎仁		ダ1800				1:55.9	0.3		7-8-8-8	37.5-38.7	38.2	478(+6)				83.0															晴		14.0	5.0	8.0	15.5	6.0	4	56.0	良	**	**		ウォーターエルピス																																											
2022106566	2024-11-30	7京都1		3.0	2歳未勝利								小崎綾也		ダ1800				1:55.5	0.2		8-10-9-9	37.0-39.2	38.5	478(0)				220.0															晴		11.0	7.0	9.0	16.0	3.0	2	56.0	稍	**	**		メイケイレイン																																											
2022106566	2024-12-21	7京都7		3.0	2歳未勝利								小崎綾也		ダ1800				1:54.7	0.5		9-9-6-5	36.6-39.1	39.0	484(+6)				83.0															曇		16.0	2.0	4.0	10.1	4.0	4	56.0	良	**	**		ロードシュヴァリエ																																											
2022106566	2025-02-15	1京都5		2.0	3歳未勝利								和田竜二		ダ1800				1:55.7	0.5		7-6-7-3	36.8-39.2	38.9	480(-4)				220.0															晴		12.0	2.0	2.0	3.2	1.0	2	57.0	良	**	**		サンディエゴ																																											
2022106566	2025-03-08	1阪神3		2.0	3歳未勝利								和田竜二		ダ1800				1:56.1	1.0		5-5-3-4	38.0-37.7	38.0	486(+6)				220.0															晴		12.0	1.0	1.0	2.4	1.0	2	57.0	良	**	**		ロードヴォイジャー																																											
2022106566	2025-03-29	2阪神1		2.0	3歳未勝利								和田竜二		ダ1800				1:55.9	0.0		2-2-2-2	38.4-38.5	38.2	480(-6)				220.0															晴		9.0	4.0	4.0	1.9	1.0	2	57.0	稍	**	**		ブラックタロー																																											
2022106566	2025-04-19	2阪神7		3.0	3歳未勝利								西村淳也		ダ2000				2:10.0	1.5		3-3-2-2	36.2-39.0	40.4	486(+6)																			晴		16.0	8.0	15.0	2.5	1.0	9	57.0	良	**	**		ミラクルブルー																																											
2022106566	2025-06-07	3阪神1		2.0	3歳未勝利								川田将雅		ダ1800				1:54.9	0.6		9-8-6-2	37.8-38.0	38.1	482(-4)				140.0															晴		16.0	2.0	4.0	2.1	1.0	3	57.0	良	**	**		ハナウマビーチ																																											
2022106566	2025-06-22	3阪神6		2.0	3歳未勝利								川田将雅		ダ1800				1:54.9	-0.7		3-3-2-2	38.8-38.2	38.0	476(-6)				560.0															曇		14.0	5.0	7.0	1.5	1.0	1	57.0	良	**	**		(ペプチドモガミ)																																											
2022106566	2025-10-04	3京都1		4.0	3歳以上1勝クラス								川田将雅		ダ1800				1:52.7	2.0		4-3-3-4	36.6-37.2	38.8	480(+4)																			雨		14.0	8.0	13.0	6.1	2.0	13	56.0	重	**	**		メイショウヤシマ																																											
2022106566	2025-10-19	4新潟2		6.0	3歳以上1勝クラス								横山琉人		ダ1800				1:53.6	0.9		7-6-8-6	36.2-38.0	38.0	492(+12)				200.0															曇		15.0	3.0	5.0	13.7	8.0	3	56.0	重	**	**		ケーヴァラ																																											
2022106566	2025-11-09	3福島2		3.0	3歳以上1勝クラス								横山琉人		ダ1700				1:48.5	2.8		2-3-5-5	30.3-37.7	40.0	490(-2)																			曇		15.0	8.0	15.0	5.7	4.0	10	56.0	良	**	**		ドゥラリス																																											
2022106566	2026-01-18	1京都7		7.0	4歳以上1勝クラス								鮫島克駿		ダ1900				2:01.2	0.8		5-5-5-6	30.7-38.4	38.3	490(0)																																																													晴		11.0	2.0	2.0	18.3	6.0	7	57.0	良	**	**		エンマ	202608010707
2022106594	2024-10-05	4新潟1		5.0	2歳新馬								石橋脩		芝1400				1:24.2	1.1		16-16	35.5-35.1	35.0	426(0)					曇		18.0	5.0	9.0	46.9	13.0	10.0	55.0	良	**	**		バニーラビット																																																									
2022106594	2024-11-09	3福島3		3.0	2歳未勝利								吉田隼人		芝1200				1:12.0	1.8		13-13	34.6-35.6	36.3	426(0)					晴		16.0	2.0	4.0	67.0	11.0	7.0	55.0	良	**	**		タマモブラウンタイ																																																									
2022106594	2024-12-22	5中山8		1.0	2歳未勝利								戸崎圭太		ダ1200				1:13.8	1.7		8-6	34.0-38.1	38.9	422(-4)				55.0	晴		16.0	7.0	14.0	44.4	5.0	5.0	55.0	良	**	**		エコロヴァイス																																																									
2022106594	2025-01-12	1中山4		3.0	3歳未勝利								戸崎圭太		ダ1200				1:14.3	1.2		2-2	34.9-38.2	39.4	414(-8)					曇		16.0	4.0	7.0	51.1	8.0	11.0	55.0	良	**	**		クラウンウルル																																																									
2022106594	2025-03-02	1小倉12		2.0	3歳未勝利								長岡禎仁		芝1200				1:12.1	1.9		4-4	34.4-35.8	37.5	418(+4)					曇		18.0	1.0	2.0	78.3	11.0	15.0	55.0	稍	**	**		スネーフリンガ																																																									
2022106594	2025-04-03	船橋		7.0	ナイスハルター特別(3歳未格)								内田博幸		ダ1600				1:48.0	4.7		3-3-7-8	37.8-40.3	43.5	426(+8)					曇		11.0	7.0	9.0	8.3	4.0	8.0	54.0	不	**	**		ジーティーエンジン																																																									
2022106594	2025-05-06	金沢		4.0	第4回祭りなら!俺の(3歳2)								青柳正義		ダ1500				1:38.0	-0.3		1-1-1-1		39.8	433(+7)				43.0	曇		10.0	2.0	2.0	2.4	1.0	1.0	55.0	稍	**	**		(パープルヘイズ)																																																									
2022106594	2025-05-18	金沢		7.0	3歳A　4								青柳正義		ダ1500				1:37.6	-0.1		1-1-1-1		39.2	436(+3)				48.0	曇		8.0	6.0	6.0	1.7	1.0	1.0	55.0	良	**	**		(ピースオーシャン)																																																									
2022106594	2025-06-02	金沢		10.0	ベジタン25周年おめ(3歳)								松戸政也		ダ1500				1:37.1	0.3		1-1-1-1		39.7	435(-1)				17.6	曇		11.0	6.0	6.0	6.6	3.0	2.0	55.0	良	**	**		ジューンノールック																																																									
2022106594	2025-06-15	金沢		7.0	3歳A　2								青柳正義		ダ1400				1:31.0	3.8		2-2-4-4		41.8	439(+4)					曇		11.0	2.0	2.0	55.6	6.0	7.0	55.0	不	**	**		リトルサムシング																																																									
2022106594	2025-07-13	金沢		12.0	兼六園スプリント(重賞)								鈴木太一		ダ1500				1:38.6	5.2		7-7-10-11		41.6	449(+10)					晴		12.0	4.0	4.0	280.2	11.0	10.0	55.0	良	**	**		ケイズレーヴ																																																									
2022106594	2025-07-29	金沢		4.0	加賀山代賞(未勝利)(3歳)								鈴木太一		ダ1500				1:39.1	2.7		9-8-7-7		41.0	447(-2)					晴		10.0	1.0	1.0	24.6	6.0	7.0	55.0	良	**	**		ランドブレイブ																																																									
2022106594	2025-09-07	金沢		12.0	サラブレッド大賞典(重賞)								松戸政也		ダ2000				2:16.9	5.7		8-9-8-9		42.7	439(-8)					曇		12.0	8.0	11.0	236.2	11.0	10.0	55.0	良	**	**		リトルサムシング																																																									
2022106594	2025-09-29	金沢		3.0	C19								青柳正義		ダ1400				1:32.1	1.0		3-3-4-4		41.1	438(-1)					曇		10.0	5.0	5.0	4.0	2.0	9.0	55.0	稍	**	**		マルモジーニー																																																									
2022106594	2025-10-11	金沢		2.0	C115　特別編成(C1特別)								青柳正義		ダ1500				1:40.3	2.2		2-3-3-3		42.9	439(+1)					曇		8.0	3.0	3.0	3.6	2.0	6.0	55.0	良	**	**		パインピーチ																																																									
2022106594	2025-10-27	金沢		3.0	祝!吉原寛人騎手生誕(C1)								松戸政也		ダ1500				1:37.1	0.6		1-1-1-3		40.0	439(0)				7.2	雨		6.0	4.0	4.0	17.9	4.0	3.0	55.0	不	**	**		ベストタンゴ																																																									
2022106594	2025-11-10	金沢		6.0	C110								青柳正義		ダ1400				1:33.3	2.2		2-2-1-2		42.5	433(-6)					曇		8.0	6.0	6.0	3.9	2.0	6.0	55.0	重	**	**		カンナギ																																																									
2022106594	2025-11-25	金沢		2.0	C110								鈴木太一		ダ1500				1:38.9	1.9		2-2-2-2		41.4	436(+3)				7.2	雨		11.0	7.0	8.0	41.5	3.0	3.0	55.0	重	**	**		ハクサンリバーブ																																																									
2022106594	2025-12-08	金沢		2.0	C17　特別編成(C1特別)								田知弘久		ダ1400				1:31.6	0.6		1-1-1-1		39.8	436(0)				7.2	雨		7.0	5.0	5.0	20.0	6.0	3.0	55.0	重	**	**		ガールズヒロイン																																																									
2022106594	2025-12-26	金沢		8.0	ポイントでネット投票(C2)								鈴木太一		ダ1400										計不					雪		0.0	7.0	8.0				55.0	不																																																													
2022106597	2024-10-19	4東京5		4.0	2歳新馬								石川裕紀		ダ1600				1:41.0	1.4		2-2	35.4-38.2	39.5	474(0)																																	晴		16.0	7.0	13.0	10.6	4.0	7	56.0	良	**	**		レッドルイナール																													
2022106597	2024-11-30	7京都1		2.0	2歳未勝利								岩田望来		ダ1400				1:28.4	1.8		11-11	36.3-37.7	37.5	482(+8)																																	晴		13.0	6.0	9.0	34.3	9.0	7	56.0	稍	**	**		セディバン																													
2022106597	2024-12-15	7京都6		2.0	2歳未勝利								岩田望来		ダ1400				1:29.7	3.9		3-5	35.7-37.5	41.1	474(-8)																																	晴		16.0	2.0	4.0	64.9	8.0	12	56.0	良	**	**		シホノペルフェット																													
2022106597	2025-02-19	笠松		8.0	加納宿特別(3歳)								渡辺竜也		ダ1400				1:30.6	0.0		2-1-1		41.0	470(-4)				70.0																													晴		8.0	5.0	5.0	2.5	1.0	1	56.0	良	**	**		(アイビーガオー)																													
2022106597	2025-06-21	3阪神5		12.0	3歳以上1勝クラス								和田竜二		芝1600				1:35.7	1.9		11-11	34.7-35.4	36.2	470(0)																																	晴		14.0	4.0	6.0	299.2	13.0	13	55.0	良	**	**		リカントロポ																													
2022106597	2025-07-20	2福島8		12.0	3歳以上1勝クラス								今村聖奈		ダ1700				1:50.9	5.5		11-11-14-14	30.9-37.1	40.9	470(0)																																	晴		15.0	6.0	11.0	134.4	13.0	15	53.0	良	**	**		ブルータス																													
2022106597	2025-08-30	4中京3		12.0	3歳以上1勝クラス								小崎綾也		ダ1400				1:26.8	1.9		12-12	35.1-37.7	38.7	470(0)																																	晴		12.0	3.0	3.0	321.6	12.0	9	55.0	良	**	**		エリカドリーム																													
2022106597	2025-09-06	4阪神1		12.0	3歳以上1勝クラス								角田大和		ダ1400				1:26.3	1.7		3-4	35.1-36.9	38.4	468(-2)																																	晴		13.0	1.0	1.0	232.1	12.0	10	56.0	稍	**	**		リメンバーヒム																													
2022106597	2026-01-17	1京都6		7.0	4歳以上1勝クラス								小崎綾也		ダ1400				1:28.3	3.3		12-15	36.0-36.6	38.7	490(+22)																																	晴		15.0	7.0	14.0	576.1	15.0	15	57.0	良				レーティッシュ																													
2022106605	2024-12-08	7京都4	晴	4.0	2歳新馬		16.0	2.0	3.0	15.1	5.0	6	団野大成	55.0	ダ1400		良	**	1:28.6	2.0	**	5-5	36.0-37.7	39.3	466(0)			ヤマニンバロネス																																																																								
2022106605	2025-01-11	1中京3	晴	2.0	3歳未勝利		16.0	6.0	12.0	71.0	11.0	6	菱田裕二	55.0	ダ1200		良	**	1:14.1	0.5	**	5-4	34.9-38.7	38.8	462(-4)			ワイルドブッター																																																																								
2022106605	2025-04-06	2阪神4	晴	1.0	3歳未勝利		16.0	2.0	4.0	27.3	6.0	4	団野大成	55.0	ダ1200		良	**	1:14.2	0.8	**	3-3	35.5-37.9	38.4	456(-6)			バシリス	84.0																																																																							
2022106605	2025-04-27	2京都2	晴	1.0	3歳未勝利		15.0	6.0	12.0	7.5	5.0	4	団野大成	55.0	ダ1200		良	**	1:13.6	0.6	**	3-3	36.7-36.3	36.6	456(0)			ペプチドクレマチス	84.0																																																																							
2022106605	2025-05-18	1新潟6	曇	2.0	3歳未勝利		15.0	6.0	10.0	13.2	5.0	7	角田大和	55.0	ダ1200		稍	**	1:13.4	1.4	**	5-5	34.3-37.7	38.7	454(-2)			ミニョンマルーン																																																																								
2022106605	2025-07-13	2小倉6	曇	2.0	3歳未勝利		18.0	4.0	8.0	14.5	7.0	4	角田大和	55.0	芝1200		良	**	1:09.5	0.7	**	10-8	33.4-35.4	35.2	456(+2)			ノボリリア	84.0																																																																							
2022106605	2025-08-02	3中京3	晴	12.0	3歳未勝利		16.0	5.0	9.0	9.8	5.0	3	幸英明	55.0	芝1200		良	**	1:07.9	0.2	**	2-3	33.4-34.3	34.3	456(0)			パリコレジェンヌ	140.0																																																																							
2022106605	2025-08-23	4中京1	曇	4.0	3歳未勝利		18.0	6.0	12.0	5.6	2.0	1	松山弘平	55.0	芝1200		良	**	1:07.8	-0.2	**	4-5	33.8-34.0	33.6	448(-8)			(モズアカトンボ)	560.0																																																																							
2022106605	2025-11-15	3福島3	晴	12.0	3歳以上1勝クラス		16.0	1.0	2.0	4.0	1.0	10	角田大和	55.0	芝1200		良	**	1:09.8	0.6	**	7-7	33.5-35.7	35.7	452(+4)			マリノトニトゥルス																																																																								
2022106607	2025-01-18	1中京6	晴	1.0	3歳未勝利		16.0	2.0	4.0	140.1	14.0	16	永島まな	55.0	ダ1200		良	**	1:16.6	3.8	**	16-16	35.7-37.1	38.2	470(0)			コーラルクラウン																																																																								
2022106607	2025-03-09	1阪神4	晴	3.0	3歳未勝利		12.0	5.0	5.0	199.3	12.0	7	永島まな	55.0	ダ1800		良	**	1:58.2	1.6	**	10-10-10-9	37.8-38.6	38.4	468(-2)			エイユーファイヤー																																																																								
2022106607	2025-03-22	1阪神7	晴	2.0	3歳未勝利		9.0	6.0	6.0	73.2	8.0	7	鷲頭虎太	54.0	ダ1800		良	**	1:58.5	3.1	**	8-8-6-7	38.9-38.6	41.1	464(-4)			ギュルヴィ																																																																								
2022106607	2025-04-06	2阪神4	晴	4.0	3歳未勝利		14.0	2.0	2.0	95.0	11.0	2	吉村誠之	55.0	芝2400		良	**	2:27.0	0.4	**	6-6-8-5	36.2-35.5	35.3	452(-12)			セイキュート	220.0																																																																							
2022106607	2025-06-01	2京都12	晴	5.0	3歳未勝利		13.0	4.0	5.0	6.1	2.0	2	吉村誠之	56.0	芝2400		良	**	2:27.8	0.2	**	2-2-2-2	35.8-34.6	34.7	450(-2)			ジョイボーイ	220.0																																																																							
2022106607	2025-06-21	1函館3	晴	4.0	3歳未勝利		16.0	7.0	13.0	7.8	3.0	4	鮫島克駿	57.0	芝2000		良	**	2:00.9	0.7	**	4-4-3-3	34.7-36.8	36.4	458(+8)			アオイタケル	84.0																																																																							
2022106607	2025-07-12	1函館9	晴	6.0	3歳未勝利		16.0	6.0	11.0	4.6	1.0	3	鮫島克駿	57.0	芝2600		良	**	2:40.6	0.7	**	4-5-3-3	37.4-36.0	36.4	456(-2)			レッドヴァリアート	140.0																																																																							
2022106607	2025-08-10	1札幌6	曇	6.0	3歳未勝利		14.0	8.0	14.0	3.8	1.0	2	鮫島克駿	57.0	芝2600		良	**	2:43.4	0.4	**	3-5-5-4	39.1-37.3	37.0	456(0)			アスクデッドヒート	220.0																																																																							
2022106607	2025-08-24	2札幌2	晴	4.0	3歳未勝利		13.0	8.0	14.0	2.2	1.0	3	ルメール	57.0	芝2600		良	**	2:42.8	0.3	**	8-8-8-5	37.0-38.5	38.1	458(+2)			レイデラティエラ	140.0																																																																							
2022106607	2025-09-06	2札幌5	晴	4.0	3歳未勝利		16.0	1.0	1.0	4.0	2.0	3	ルメール	57.0	芝2000		良	**	2:02.6	0.2	**	9-9-8-6	35.3-36.9	36.3	458(0)			ラファヴォリット	140.0																																																																							
2022106607	2025-11-23	4京都6	晴	7.0	3歳以上1勝クラス		18.0	5.0	9.0	14.9	5.0	2	松山弘平	56.0	芝2400		良	**	2:24.0	0.1	**	6-6-5-3	34.4-34.5	34.3	464(+6)			ウインデイジー	320.0																																																																							
2022106607	2025-12-07	5中京2	晴	12.0	栄特別(1勝クラス)		10.0	3.0	3.0	4.1	2.0	8	松山弘平	56.0	芝2200		良	**	2:13.5	1.4	**	6-6-6-6	35.1-34.9	34.9	460(-4)			ホウオウレイヴン																																																																								
2022106609	2024-12-08	7京都4	晴	4.0	2歳新馬		16.0	6.0	12.0	4.4	2.0	1	武豊	55.0	ダ1400		良	**	1:26.6	-1.4	**	4-2	36.0-37.7	37.4	462(0)			(アオイレーギーナ)	720.0																																																																							
2022106609	2025-02-02	1京都2	曇	4.0	3歳1勝クラス		7.0	4.0	4.0	1.6	1.0	1	川田将雅	55.0	ダ1400		稍	**	1:25.7	-0.1	**	3-2	35.5-37.4	37.1	458(-4)			(アンズアメ)	800.0																																																																							
2022106609	2025-04-06	2阪神4	晴	9.0	バイオレットS(OP)		15.0	4.0	6.0	35.2	10.0	5	岩田望来	55.0	ダ1400		良	**	1:24.4	0.4	**	10-10	33.9-38.1	36.8	454(-4)			ヤマニンチェルキ	180.0																																																																							
2022106609	2025-08-02	1札幌3	晴	12.0	大倉山特別(2勝クラス)		14.0	7.0	12.0	2.9	1.0	5	武豊	53.0	ダ1700		良	**	1:45.9	1.3	**	7-7-6-5	31.0-36.7	37.5	472(+18)			スマートケープ	155.0																																																																							
2022106609	2025-10-26	3京都9	曇	12.0	嵯峨野特別(2勝クラス)		16.0	2.0	3.0	9.4	5.0	6	武豊	53.0	ダ1400		重	**	1:23.4	0.6	**	11-11	34.1-36.7	36.5	468(-4)			ピエマンソン																																																																								
2022106609	2026-01-18	1京都7		9.0	小倉山特別(2勝クラス)								武豊		ダ1400				1:24.9	0.3		9-9	34.6-37.5	37.0	480(+12)				405.4																																																									晴		16.0	4.0	8.0	4.4	2.0	3	55.0	良	**	**		トゥロン	202608010709
2022106610	2024-10-26	5京都7	曇	4.0	2歳新馬		16.0	1.0	1.0	13.4	3.0	8	富田暁	56.0	ダ1400		良	**	1:27.4	1.9	**	6-4	35.8-37.2	38.6	530(0)			ヴィリアリート																																																																								
2022106610	2024-11-16	6京都5	曇	1.0	2歳未勝利		16.0	2.0	4.0	5.8	3.0	1	酒井学	56.0	ダ1200		良	**	1:12.3	-0.7	**	1-1	35.4-36.9	36.9	530(0)			(モズタチアガレ)	550.0																																																																							
2022106610	2024-12-08	7京都4	曇	6.0	2歳1勝クラス		10.0	4.0	4.0	21.0	5.0	2	鮫島克駿	56.0	ダ1200		良	**	1:11.9	0.7	**	2-2	35.1-36.1	36.6	528(-2)			アメリカンステージ	310.0																																																																							
2022106610	2025-03-02	1阪神2	小雨	4.0	3歳1勝クラス		16.0	5.0	9.0	3.4	2.0	1	酒井学	57.0	ダ1200		良	**	1:12.5	0.0	**	5-4	35.6-36.9	36.5	528(0)			(アスタールフナ)	800.0																																																																							
2022106610	2025-04-06	2阪神4	晴	9.0	バイオレットS(OP)		15.0	7.0	13.0	10.8	4.0	1	酒井学	57.0	ダ1400		良	**	1:24.0	-0.1	**	12-12	33.9-38.1	36.1	524(-4)			(マサノユニコーン)	1832.9																																																																							
2022106610	2025-05-01	園田	晴	11.0	兵庫チャンピオンシッ(JpnII)		12.0	6.0	8.0	2.8	2.0	4	酒井学	57.0	ダ1400		良	**	1:28.6	0.7	**	5-5-4-5		37.7	523(-1)			マテンロウコマンド	750.0																																																																							
2022106610	2025-06-21	3阪神5	晴	11.0	天保山S(OP)		16.0	4.0	7.0	7.5	4.0	8	酒井学	53.0	ダ1400		良	**	1:24.4	0.8	**	16-15	33.8-37.8	36.8	524(+1)			コンクイスタ																																																																								
2022106610	2025-08-14	門別	曇	11.0	北海道スプリントカッ(JpnIII)		8.0	7.0	7.0	3.7	2.0	1	石川倭	56.0	ダ1200		良	**	1:12.4	-0.2	**	3-2		37.6	528(+4)			(マテンロウコマンド)	2400.0																																																																							
2022106610	2025-09-04	佐賀	曇	11.0	サマーチャンピオン(JpnIII)		10.0	8.0	9.0	3.6	2.0	1	岩田望来	55.5	ダ1400		良	**	1:26.9	-0.1	**	3-3-4-3		37.1	523(-5)			(エンペラーワケア)	3000.0																																																																							
2022106610	2025-10-09	大井	曇	11.0	東京盃競走(JpnII)		16.0	6.0	12.0	4.3	2.0	1	岩田望来	55.0	ダ1200		良	**	1:10.7	-0.4	**	4-4	33.8-36.9	36.3	525(+2)			(クロジシジョー)	4000.0																																																																							
2022106610	2025-12-14	5中山4	曇	11.0	カペラS(GIII)		16.0	8.0	16.0	4.9	2.0	2	岩田望来	58.0	ダ1200		稍	**	1:09.5	0.9	**	8-10	32.9-35.7	36.0	536(+11)			テーオーエルビス	1516.6																																																																							
2022106611	2024-10-20	5京都6		5.0	2歳新馬								武豊		芝1800				1:49.5	0.0		6-6	36.9-35.3	34.8	518(0)				720.0															晴		11.0	2.0	2.0	3.9	2.0	1	56.0	良	**	**		(パーティハーン)																																											
2022106611	2024-11-10	6京都4		9.0	黄菊賞(1勝クラス)								武豊		芝2000				2:00.5	0.5		1-1-1-1	36.9-34.1	34.6	518(0)				435.8															晴		8.0	7.0	7.0	3.0	2.0	2	56.0	良	**	**		ミュージアムマイル																																											
2022106611	2024-12-28	5中山9		11.0	ホープフルS(GI)								武豊		芝2000				2:02.0	1.5		11-11-11-13	36.0-35.5	35.9	528(+10)																			晴		18.0	4.0	7.0	18.2	5.0	14	56.0	良	**	**		クロワデュノール																																											
2022106611	2025-03-01	1阪神1		9.0	すみれS(L)								武豊		芝2200				2:12.0	1.0		4-4-4-5	34.8-35.1	35.6	524(-4)				300.0															晴		8.0	2.0	2.0	7.4	5.0	4	57.0	良	**	**		ジーティーアダマン																																											
2022106611	2025-03-23	1阪神8		6.0	3歳1勝クラス								武豊		ダ1800				1:54.5	1.1		7-7-11-11	37.8-38.5	38.3	516(-8)				320.0															晴		16.0	7.0	13.0	5.2	2.0	2	57.0	良	**	**		カナルビーグル																																											
2022106611	2025-04-26	2東京1		11.0	テレビ東京杯青葉賞(GII)								津村明秀		芝2400				2:25.3	0.5		5-7-6-6	35.1-34.4	34.3	512(-4)																			曇		13.0	5.0	6.0	74.1	10.0	8	57.0	良	**	**		エネルジコ																																											
2022106611	2025-06-21	3東京5		9.0	町田特別(2勝クラス)								横山典弘		芝2400				2:25.4	-0.3		3-3-3-4	37.9-35.1	34.8	516(+4)				1571.0															晴		9.0	3.0	3.0	3.6	2.0	1	52.0	良	**	**		(ピックデムッシュ)																																											
2022106611	2025-09-15	4中山5		11.0	朝日セントライト記念(GII)								横山典弘		芝2200				2:10.9	0.1		5-5-6-6	35.6-34.9	34.4	516(0)				2224.0															曇		12.0	5.0	5.0	25.4	8.0	2	57.0	良	**	**		ミュージアムマイル																																											
2022106611	2025-10-26	3京都9		11.0	菊花賞(GI)								横山典弘		芝3000				3:06.4	2.4		2-2-6-8	36.4-35.3	37.3	516(0)																			小雨		18.0	2.0	4.0	14.1	7.0	16	57.0	稍	**	**		エネルジコ																																											
2022106611	2026-01-18	1京都7		11.0	日経新春杯(GII)								横山典弘		芝2400				2:26.5	0.8		3-4-4-4	35.9-34.4	34.6	528(+12)																																																													晴		13.0	6.0	8.0	11.2	5.0	7	55.0	良	**	**		ゲルチュタール	202608010711
2022106617	2024-10-19	4東京5		4.0	2歳新馬								角田大和		ダ1600				1:40.5	0.9		3-3	35.4-38.2	38.8	518(0)				180.0															晴		16.0	8.0	16.0	4.4	3.0	3	56.0	良	**	**		レッドルイナール																																											
2022106617	2024-11-09	6京都3		2.0	2歳未勝利								松山弘平		ダ1800				1:57.1	1.5		6-6-4-3	37.5-38.7	39.7	514(-4)																			晴		14.0	7.0	11.0	2.2	1.0	8	56.0	良	**	**		ウォーターエルピス																																											
2022106617	2025-01-13	1中京5		2.0	3歳未勝利								戸崎圭太		ダ1400				1:29.4	3.4		16-16	35.3-37.9	39.5	526(+12)																			晴		16.0	1.0	1.0	25.7	7.0	13	57.0	良	**	**		ゲイルライダー																																											
2022106617	2025-05-03	2京都3		2.0	3歳未勝利								吉村誠之		ダ1400				1:26.2	2.6		9-13	34.9-36.7	38.0	520(-6)																			晴		16.0	6.0	11.0	101.4	12.0	15	56.0	重	**	**		ソリスクラヴィス																																											
2022106617	2025-05-17	2京都7		2.0	3歳未勝利								鮫島克駿		ダ1900				1:58.8	0.0		1-1-1-1	29.5-37.0	37.0	518(-2)				220.0															雨		10.0	8.0	10.0	35.2	8.0	2	57.0	不	**	**		クロノスバレット																																											
2022106617	2025-06-01	2京都12		2.0	3歳未勝利								鮫島克駿		ダ1900				2:01.7	0.2		1-1-1-1	29.8-38.8	39.0	516(-2)				140.0															晴		14.0	3.0	3.0	2.5	1.0	3	57.0	良	**	**		マテンロウシルビア																																											
2022106617	2025-08-07	園田		8.0	JRA交流六甲山特別								吉村智洋		ダ1870				2:06.2	-1.3		1-1-1-1		39.2	512(-4)				150.0															晴		6.0	2.0	2.0	1.1	1.0	1	57.0	良	**	**		(メイショウカジボウ)																																											
2022106617	2025-09-07	4阪神2		7.0	3歳以上1勝クラス								吉村誠之		ダ1800				1:56.0	3.2		1-1-3-7	37.1-39.2	41.2	512(0)																			晴		9.0	8.0	9.0	5.0	3.0	9	54.0	良	**	**		モズカトレア																																											
2022106617	2025-10-19	3京都7		6.0	3歳以上1勝クラス								小崎綾也		ダ1800				1:52.7	0.2		1-1-2-2	36.5-37.8	37.9	518(+6)				200.0															曇		12.0	6.0	8.0	73.5	10.0	3	56.0	良	**	**		ミッションルース																																											
2022106617	2025-11-02	3京都11		6.0	3歳以上1勝クラス								小崎綾也		ダ1800				1:54.9	3.0		3-3-8-10	36.2-38.2	39.9	520(+2)																			晴		14.0	8.0	14.0	14.2	6.0	9	56.0	稍	**	**		ゴールドダイアー																																											
2022106617	2026-01-18	1京都7		7.0	4歳以上1勝クラス								小崎綾也		ダ1900				2:01.6	1.2		1-1-1-2	30.7-38.4	39.6	522(+2)																																																													晴		11.0	6.0	7.0	8.6	5.0	9	57.0	良	**	**		エンマ	202608010707
2022106630	2025-04-12	1福島1		5.0	3歳未勝利								高杉吏麒		芝2000				2:01.7	0.5		11-12-12-10	35.6-36.7	36.1	472(0)																			曇		16.0	6.0	12.0	8.6	5.0	10	56.0	良	**	**		ベラトール																																											
2022106630	2025-04-26	2京都1		6.0	3歳未勝利								吉村誠之		芝2400				2:25.5	0.1		7-7-7-6	33.7-35.4	34.9	466(-6)				84.0															晴		14.0	7.0	12.0	16.7	6.0	4	56.0	良	**	**		サイモンベローチェ																																											
2022106630	2025-05-17	2京都7		4.0	3歳未勝利								吉村誠之		芝2400				2:29.4	-0.1		7-7-7-8	35.4-37.1	36.4	474(+8)				560.0															曇		16.0	8.0	15.0	2.6	1.0	1	56.0	不	**	**		(セキトバシューズ)																																											
2022106630	2025-08-17	2新潟8		11.0	3歳以上1勝クラス								津村明秀		芝2400				2:25.8	0.4		3-4-3-3	35.3-36.2	36.2	476(+2)				320.0															晴		11.0	1.0	1.0	5.9	3.0	2	55.0	良	**	**		オビドス																																											
2022106630	2025-12-27	5阪神7		12.0	3歳以上2勝クラス								吉村誠之		芝2000				2:01.2	1.3		6-6-6-3	37.4-34.9	35.8	490(+14)																			晴		9.0	3.0	3.0	8.5	4.0	8	57.0	良	**	**		ミュージシャン																																											
2022106630	2026-01-18	1京都7		8.0	4歳以上1勝クラス								吉村誠之		芝2400				2:27.6	1.0		3-3-5-6	36.7-36.0	36.3	492(+2)																																																													晴		12.0	8.0	12.0	6.0	3.0	8	57.0	良	**	**		オメガナビゲーター	202608010708
2022106631	2024-11-10	6京都4	晴	4.0	2歳新馬		14.0	6.0	10.0	4.3	2.0	2	松山弘平	55.0	ダ1400		良	**	1:25.7	0.2	**	2-2	35.4-37.6	37.7	460(0)			アスタールフナ	290.0																																																																							
2022106631	2024-11-23	6京都7	曇	1.0	2歳未勝利		16.0	4.0	8.0	1.9	1.0	2	松山弘平	55.0	ダ1400		良	**	1:27.3	0.2	**	3-3	35.3-39.0	38.7	456(-4)			デュアルロール	220.0																																																																							
2022106631	2024-12-22	7京都8	曇	1.0	2歳未勝利		16.0	4.0	7.0	3.0	1.0	12	岩田望来	55.0	ダ1400		良	**	1:28.4	2.3	**	1-2	35.3-38.2	40.5	454(-2)			オリージネアリア																																																																								
2022106631	2025-01-18	1中京6	晴	1.0	3歳未勝利		16.0	8.0	15.0	3.8	2.0	2	松山弘平	55.0	ダ1200		良	**	1:13.1	0.3	**	1-2	35.7-37.1	37.4	450(-4)			コーラルクラウン	220.0																																																																							
2022106631	2025-02-02	1京都2	曇	2.0	3歳未勝利		12.0	5.0	6.0	3.7	3.0	4	松山弘平	55.0	ダ1200		稍	**	1:13.2	0.2	**	1-1	35.5-37.5	37.7	450(0)			キングコロネット	84.0																																																																							
2022106631	2025-04-06	2阪神4	晴	1.0	3歳未勝利		16.0	3.0	5.0	1.6	1.0	1	松山弘平	55.0	ダ1200		良	**	1:13.4	-0.5	**	1-1	35.5-37.9	37.9	460(+10)			(パッションディーバ)	560.0																																																																							
2022106631	2025-08-03	3中京4	晴	10.0	3歳以上1勝クラス		16.0	1.0	1.0	9.8	5.0	14	松山弘平	54.0	ダ1200		良	**	1:13.9	2.5	**	7-7	34.4-37.0	38.9	468(+8)			フィドルファドル																																																																								
2022106631	2025-08-23	3新潟1	晴	8.0	3歳以上1勝クラス		11.0	4.0	4.0	10.0	6.0	10	今村聖奈	51.0	ダ1800		良	**	1:57.4	4.6	**	6-6-5-6	36.8-38.2	42.2	462(-6)			ミライヘノカギ																																																																								
2022106631	2025-10-13	3京都5	曇	7.0	3歳以上1勝クラス		15.0	4.0	7.0	27.7	9.0	5	今村聖奈	52.0	ダ1400		良	**	1:24.9	0.9	**	8-8	34.2-37.9	37.9	460(-2)			スニーカースキル	80.0																																																																							
2022106631	2025-10-26	3京都9	曇	6.0	3歳以上1勝クラス		11.0	5.0	5.0	26.0	8.0	9	小崎綾也	54.0	ダ1400		重	**	1:25.2	1.8	**	1-1	34.4-36.8	38.6	458(-2)			アンビシャスヨシノ																																																																								
2022106631	2025-12-13	5阪神3	晴	8.0	3歳以上1勝クラス		16.0	4.0	7.0	28.4	7.0	13	高杉吏麒	55.0	ダ1400		良	**	1:27.3	3.3	**	6-6	34.5-37.2	39.7	462(+4)			ラファル																																																																								
2022106631	2026-01-04	1京都1	曇	8.0	4歳以上1勝クラス		16.0	2.0	4.0	60.7	12.0	16	今村聖奈	54.0	ダ1200		良	**	1:14.5	1.9	**	16-16	36.3-36.3	36.4	460(-2)			イマージョン																																																																								
2022106644	2024-08-25	2中京6		5.0	2歳新馬								酒井学		芝2000				2:03.3	0.7		4-4-4-3	38.2-34.3	34.7	460(0)				180.0																													曇		10.0	8.0	9.0	3.5	1.0	3	55.0	良	**	**		クラウディアイ																													
2022106644	2024-09-21	3中京6		2.0	2歳未勝利								酒井学		芝2000				2:02.7	0.4		3-3-3-3	37.5-35.2	34.9	466(+6)				55.0																													晴		9.0	8.0	9.0	4.9	3.0	5	55.0	良	**	**		サンライズグラシア																													
2022106644	2024-12-14	4中京5		5.0	2歳未勝利								荻野極		芝2000				2:02.7	0.1		5-6-2-2	36.8-35.3	35.3	466(0)				220.0																													晴		18.0	5.0	9.0	6.1	3.0	2	56.0	良	**	**		ノラリクラリ																													
2022106644	2025-01-06	1中京2		5.0	3歳未勝利								酒井学		芝2000				2:04.0	1.1		3-4-5-6	37.2-35.2	35.8	470(+4)																																	曇		18.0	7.0	14.0	11.9	5.0	6	57.0	良	**	**		ミラージュナイト																													
2022106644	2025-07-06	2小倉4		2.0	3歳未勝利								酒井学		ダ1700				1:48.1	0.1		5-5-3-2	29.2-40.8	40.4	486(+16)				140.0																													晴		16.0	6.0	12.0	3.7	1.0	3	57.0	良	**	**		ココデイック																													
2022106644	2025-07-13	2小倉6		3.0	3歳未勝利								酒井学		ダ1700				1:48.8	1.0		5-5-8-6	30.3-38.9	39.2	478(-8)				56.0																													曇		16.0	8.0	15.0	5.3	3.0	5	57.0	良	**	**		ハッコウイチウ																													
2022106644	2025-08-10	3中京6		2.0	3歳未勝利								武豊		ダ1800				1:54.9	-0.2		14-14-13-11	37.5-39.2	38.0	482(+4)				560.0																													曇		15.0	7.0	13.0	3.1	1.0	1	57.0	良	**	**		(イフウドウドウ)																													
2022106644	2025-11-15	4京都3		7.0	3歳以上1勝クラス								酒井学		ダ1800				1:52.5	0.6		8-8-7-5	35.8-37.1	37.1	496(+14)				120.0																													晴		16.0	8.0	16.0	12.7	6.0	4	56.0	良	**	**		アートレスマインド																													
2022106644	2025-12-06	5中京1		6.0	3歳以上1勝クラス								藤岡佑介		ダ1900				2:00.4	0.2		9-9-9-8	30.8-37.8	37.2	492(-4)				320.0																													晴		16.0	3.0	6.0	4.3	2.0	2	57.0	良	**	**		スマートシーカー																													
2022106644	2026-01-17	1京都6		8.0	4歳以上1勝クラス								藤岡佑介		ダ1800				1:52.8	-0.2		7-7-5-3	36.7-37.0	36.6	498(+6)				820.0																													晴		8.0	8.0	8.0	2.6	2.0	1	57.0	良				(ドラゴン)																													
2022106652	2024-10-12	4新潟3	晴	5.0	2歳新馬		18.0	2.0	3.0	136.8	18.0	13	柴田裕一	52.0	芝1600		良	**	1:37.5	2.1	**	16-16	35.9-34.0	34.0	486(0)			ミストレス																																																																								
2022106652	2024-10-27	5京都8	晴	2.0	2歳未勝利		13.0	6.0	9.0	111.1	10.0	10	柴田裕一	52.0	ダ1800		良	**	1:56.9	3.2	**	11-11-12-11	37.3-39.1	39.9	476(-10)			コシュデリ																																																																								
2022106652	2024-12-21	7京都7	曇	4.0	2歳未勝利		16.0	3.0	5.0	630.7	16.0	中	柴田裕一	52.0	芝2000		良	**			**		37.2-34.8		466(-10)			リンクスティップ																																																																								
2022106652	2025-03-16	2中京2	曇	4.0	3歳未勝利		16.0	4.0	8.0	496.0	16.0	9	柴田裕一	52.0	芝2200		重	**	2:18.2	2.6	**	16-16-15-15	35.6-36.6	36.9	464(-2)			ヴァリディシームス																																																																								
2022106652	2025-04-06	2阪神4	晴	4.0	3歳未勝利		14.0	8.0	14.0	121.3	12.0	9	柴田裕一	52.0	芝2400		良	**	2:28.1	1.5	**	11-13-5-6	36.2-35.5	36.3	464(0)			セイキュート																																																																								
2022106652	2025-04-26	2京都1	晴	5.0	3歳未勝利		18.0	5.0	9.0	183.6	13.0	8	柴田裕一	52.0	芝1800		良	**	1:48.6	0.6	**	16-16	35.6-35.0	34.2	462(-2)			エイカイカッシーナ																																																																								
2022106652	2025-06-29	2小倉2	晴	7.0	3歳未勝利		18.0	2.0	3.0	47.4	13.0	7	河原田菜	51.0	芝2000		良	**	2:01.3	1.3	**	12-12-11-11	33.8-37.8	37.5	470(+8)			ランフォースマイル																																																																								
2022106654	2024-09-14	4中山3		4.0	2歳新馬								横山武史		ダ1800				1:59.3	3.0		6-6-4-7	37.4-38.4	41.1	446(0)					晴		16.0	7.0	13.0	5.5	2.0	11	55.0	良	**	**		バギーウィップ																																																									
2022106654	2024-11-09	5東京3		1.0	2歳未勝利								西村淳也		ダ1600				1:43.1	2.4		4-4	35.5-38.8	40.9	450(+4)					晴		16.0	1.0	2.0	12.0	4.0	9	55.0	良	**	**		ザローズハーツ																																																									
2022106654	2024-12-22	5中山8		1.0	2歳未勝利								鮫島克駿		ダ1200				1:15.2	3.1		12-14	34.0-38.1	39.6	446(-4)					晴		16.0	6.0	11.0	57.2	6.0	11	55.0	良	**	**		エコロヴァイス																																																									
2022106654	2025-01-19	1中山7		3.0	3歳未勝利								長浜鴻緒		ダ1800				2:00.1	2.4		2-2-4-9	39.5-39.6	41.6	444(-2)					晴		16.0	5.0	9.0	31.1	9.0	14	52.0	良	**	**		チンプンカンプン																																																									
2022106654	2025-05-08	船橋		6.0	ナイスサドル特別(3歳未格)								笹川翼		ダ1600				1:44.2	1.3		10-10-3-3	38.0-39.8	40.5	448(+4)				37.5	晴		10.0	8.0	10.0	29.1	6.0	4	54.0	稍	**	**		ブレイジングスター																																																									
2022106654	2025-06-01	2東京12		1.0	3歳未勝利								横山琉人		ダ1600				1:38.8	1.7		15-15	34.8-37.7	37.6	448(0)					晴		16.0	7.0	14.0	34.2	6.0	8	54.0	重	**	**		スカイビート																																																									
2022106654	2025-07-03	船橋		8.0	ナティレイン特別(3歳未格)								本田正重		ダ1600				1:43.5	-0.5		8-8-1-1	37.9-40.0	40.0	445(-3)				250.0	晴		11.0	2.0	2.0	6.6	4.0	1	54.0	良	**	**		(アイビーガオー)																																																									
2022106654	2025-08-24	3新潟2		8.0	3歳以上1勝クラス								田口貫太		ダ1800				1:57.8	5.3		10-10-10-10	36.1-38.2	40.7	450(+5)					晴		10.0	3.0	3.0	45.0	9.0	10	53.0	良	**	**		ロフティストーリー																																																									
2022106654	2025-11-01	4東京10		12.0	3歳以上1勝クラス								横山琉人		芝1800				1:48.4	4.3		13-15-15	34.7-35.2	36.0	448(-2)					晴		15.0	5.0	9.0	309.0	14.0	15	54.0	良	**	**		ベストミーエヴァー																																																									
2022106661	2024-09-16	3中京5		5.0	2歳新馬								鮫島克駿		芝1600				1:38.4	1.7		7-7-8	37.3-34.4	35.5	460(0)					晴		11.0	5.0	6.0	3.8	2.0	10	55.0	良	**	**		ゴージャス																																																									
2022106661	2024-12-22	7京都8		1.0	2歳未勝利								佐々木大		ダ1400				1:27.8	1.7		15-15	35.3-38.2	38.4	452(-8)					曇		16.0	3.0	6.0	9.6	6.0	10	55.0	良	**	**		オリージネアリア																																																									
2022106661	2025-02-22	1小倉9		1.0	3歳未勝利								柴田裕一		ダ1700				1:50.1	3.5		16-16-16-15	29.9-37.7	39.8	442(-10)					晴		16.0	4.0	7.0	7.0	4.0	11	52.0	良	**	**		ネティフラウ																																																									
2022106661	2025-04-20	1福島4		4.0	3歳未勝利								石神深道		芝2000				2:02.2	0.4		13-13-13-12	35.5-35.1	34.4	442(0)				140.0	曇		16.0	4.0	8.0	49.0	11.0	3	52.0	良	**	**		ルールーリマ																																																									
2022106661	2025-05-11	2京都6		3.0	3歳未勝利								吉村智洋		芝2000				2:01.6	0.5		13-12-11-9	35.2-37.1	36.6	436(-6)					晴		18.0	8.0	17.0	11.8	7.0	8	55.0	良	**	**		アラベラ																																																									
2022106661	2025-05-25	2京都10		5.0	3歳未勝利								田山旺佑		芝2200				2:17.1	1.6		10-10-13-13	35.8-36.0	36.2	438(+2)					曇		14.0	4.0	6.0	12.8	6.0	10	52.0	重	**	**		レーヌマロン																																																									
2022106661	2025-07-19	2小倉7		3.0	3歳未勝利								幸英明		芝2000				2:04.1	1.3		18-18-2-4	35.6-37.1	38.3	438(0)					晴		18.0	6.0	12.0	12.2	5.0	13	55.0	稍	**	**		ドマーネ																																																									
2022106661	2025-08-31	4中京4		3.0	3歳未勝利								岩田望来		芝2000				2:01.4	2.3		17-16-15-15	35.7-34.7	35.2	444(+6)					晴		18.0	6.0	11.0	9.6	5.0	14	55.0	良	**	**		メイショウアイル																																																									
2022106663	2024-10-19	5京都5	雨	4.0	2歳新馬		16.0	4.0	7.0	8.4	4.0	2	Ｍ．デム	55.0	ダ1800		稍	**	1:56.0	0.0	**	13-13-11-8	37.0-39.7	38.1	436(0)			ビーコ	290.0																																																																							
2022106663	2024-11-03	6京都2	晴	2.0	2歳未勝利		14.0	8.0	14.0	3.2	1.0	1	Ｍ．デム	55.0	ダ1800		重	**	1:57.3	0.0	**	10-10-9-3	36.6-41.0	40.2	432(-4)			(ドウジギリ)	550.0																																																																							
2022106663	2025-03-08	1阪神3	晴	4.0	3歳1勝クラス		12.0	5.0	5.0	40.0	9.0	7	鮫島克駿	55.0	ダ1800		良	**	1:55.8	1.7	**	9-10-10-10	37.1-38.1	38.9	438(+6)			メイショウズイウン																																																																								
2022106663	2025-04-06	2阪神4	晴	5.0	3歳1勝クラス		14.0	8.0	14.0	76.1	11.0	8	Ｍ．デム	55.0	ダ1800		良	**	1:55.0	2.3	**	13-13-13-11	36.5-38.2	38.6	434(-4)			テスティモーネ																																																																								
2022106663	2025-07-13	2小倉6	曇	7.0	3歳以上1勝クラス		16.0	3.0	6.0	16.1	6.0	2	北村友一	53.0	ダ1700		良	**	1:47.7	0.7	**	15-15-2-3	29.6-39.5	40.1	462(+28)			マキシマムビスタ	320.0																																																																							
2022106663	2025-08-02	3中京3	晴	11.0	3歳以上1勝クラス		13.0	7.0	10.0	45.4	12.0	8	西塚洸二	52.0	芝2000		良	**	2:01.9	0.8	**	1-1-1-1	37.8-34.4	35.2	464(+2)			セナスタイル																																																																								
2022106663	2025-08-23	4中京1	晴	8.0	3歳以上1勝クラス		8.0	8.0	8.0	48.5	7.0	6	西塚洸二	52.0	芝2000		良	**	1:59.2	1.3	**	7-7-7-7	35.0-36.8	34.4	466(+2)			フルレゾン																																																																								
2022106663	2025-09-15	4阪神5	晴	7.0	3歳以上1勝クラス		13.0	8.0	12.0	4.0	3.0	3	鮫島克駿	53.0	ダ1800		良	**	1:54.8	1.1	**	6-6-5-5	37.2-37.6	38.2	462(-4)			レイバックスピン	200.0																																																																							
2022106663	2025-10-25	4新潟3	晴	5.0	3歳以上1勝クラス		14.0	4.0	5.0	20.5	8.0	7	鮫島克駿	54.0	ダ1800		良	**	1:53.9	1.2	**	10-10-6-6	36.4-37.7	38.2	458(-4)			ショウサンジョージ																																																																								
2022106663	2025-11-22	4京都5	晴	7.0	3歳以上1勝クラス		16.0	4.0	7.0	29.4	7.0	6	高杉吏麒	54.0	ダ1800		良	**	1:54.2	1.3	**	8-8-10-9	38.2-37.3	37.7	460(+2)			ヴァンアグレアブル																																																																								
2022106669	2024-12-15	5中山6		6.0	2歳新馬								石橋脩		ダ1200				1:13.6	0.5		9-10	34.8-38.3	37.3	462(0)				180.0																													晴		16.0	5.0	9.0	3.7	2.0	3	56.0	良	**	**		サヨノジャンボリー																													
2022106669	2025-01-06	1中山2		1.0	3歳未勝利								石橋脩		ダ1200				1:12.5	-0.1		6-5	34.2-38.3	37.5	462(0)				560.0																													曇		16.0	2.0	4.0	4.7	3.0	1	57.0	良	**	**		(イズルード)																													
2022106669	2025-02-08	1東京3		7.0	3歳1勝クラス								石川裕紀		ダ1400				1:27.4	1.1		12-10	35.2-38.6	37.9	466(+4)				80.0																													晴		14.0	3.0	4.0	21.6	8.0	5	57.0	良	**	**		アパッシメント																													
2022106669	2025-04-20	2阪神8		6.0	3歳1勝クラス								Ｍ．デム		ダ1200				1:13.2	0.5		12-8	35.1-37.6	37.2	464(-2)				80.0																													曇		16.0	6.0	11.0	47.7	10.0	5	57.0	良	**	**		フェデラー																													
2022106669	2025-05-17	2東京7		7.0	3歳1勝クラス								三浦皇成		ダ1400				1:24.3	1.5		9-10	34.2-36.3	36.4	470(+6)																																	雨		14.0	1.0	1.0	26.1	7.0	7	57.0	不	**	**		ベンヌ																													
2022106669	2025-06-01	2東京12		5.0	3歳1勝クラス								三浦皇成		ダ1400				1:24.0	1.0		10-10	35.5-35.3	35.2	466(-4)																																	晴		11.0	1.0	1.0	27.4	7.0	8	57.0	重	**	**		トリリオンボーイ																													
2022106669	2025-12-06	5中山1		7.0	3歳以上1勝クラス								鮫島克駿		ダ1200				1:12.1	0.9		4-4	33.9-37.3	37.4	480(+14)				120.0																													曇		16.0	2.0	3.0	7.7	3.0	4	57.0	良	**	**		タイセイピューマ																													
2022106669	2025-12-28	5中山8		7.0	3歳以上1勝クラス								三浦皇成		ダ1200				1:12.6	0.6		5-5	34.4-37.6	37.6	482(+2)				200.0																													晴		16.0	4.0	8.0	6.4	3.0	3	57.0	良	**	**		タイセイルヴァン																													
2022106669	2026-01-17	1中山6		6.0	4歳以上1勝クラス								三浦皇成		ダ1200				1:12.4	0.5		12-8	34.3-37.6	37.2	486(+4)																																	晴		16.0	1.0	1.0	11.1	5.0	6	58.0	良				メッエフアパラ																													
2022106686	2024-11-30	7京都1		4.0	2歳新馬								Ｃ．デム		ダ1200				1:13.5	0.5		3-2	36.8-36.2	36.5	436(0)				290.0	晴		11.0	4.0	4.0	6.9	4.0	2	55.0	稍	**	**		ナリノエンブレム																																																									
2022106686	2024-12-22	5中山8		1.0	2歳未勝利								Ｃ．デム		ダ1200				1:12.5	0.4		3-3	34.0-38.1	38.3	440(+4)				140.0	晴		16.0	3.0	6.0	3.0	2.0	3	55.0	良	**	**		エコロヴァイス																																																									
2022106686	2025-01-19	1中山7		1.0	3歳未勝利								斎藤新		ダ1200				1:12.1	-0.5		3-3	34.2-37.9	37.7	442(+2)				560.0	晴		16.0	8.0	16.0	1.9	1.0	1	55.0	良	**	**		(ゴールドハンマー)																																																									
2022106686	2025-03-23	2中山8		8.0	3歳1勝クラス								横山琉人		ダ1200				1:12.5	1.3		6-6	33.8-37.4	38.0	446(+4)					晴		15.0	8.0	14.0	7.2	4.0	7	54.0	良	**	**		アスタールフナ																																																									
2022106686	2025-06-29	2福島2		7.0	3歳以上1勝クラス								横山琉人		ダ1150				1:10.7	3.1		9-16	31.4-36.2	38.5	446(0)					晴		16.0	6.0	11.0	5.9	2.0	16	52.0	良	**	**		ルージュアズライト																																																									
2022106686	2025-11-15	3福島3		2.0	3歳以上1勝クラス								斎藤新		ダ1150				1:09.4	0.4		3-3	31.5-37.5	37.7	450(+4)				200.0	晴		16.0	7.0	13.0	9.4	4.0	3	55.0	良	**	**		プレゼンティーア																																																									
2022106688	2025-04-06	3中山4	曇	1.0	3歳未勝利		13.0	4.0	4.0	14.6	5.0	9	菊沢一樹	57.0	ダ1800		稍	**	1:57.3	1.8	**	11-11-11-11	35.1-40.8	40.9	526(0)			キタノラブミー																																																																								
2022106688	2025-04-20	3中山8	曇	3.0	3歳未勝利		12.0	2.0	2.0	39.9	7.0	7	岩田望来	57.0	ダ1800		良	**	1:57.5	2.9	**	6-6-6-7	35.9-40.4	41.3	524(-2)			スマートカイロス																																																																								
2022106688	2025-05-03	2東京3	晴	4.0	3歳未勝利		12.0	4.0	4.0	26.3	8.0	5	Ｍ．デム	57.0	芝2000		稍	**	2:01.4	0.6	**	3-4-4	36.8-34.5	34.4	526(+2)			ウィンスタンリー	56.0																																																																							
2022106688	2025-05-25	1新潟8	小雨	6.0	3歳未勝利		16.0	6.0	11.0	19.3	9.0	12	吉田隼人	57.0	芝2200		稍	**	2:20.6	1.6	**	3-2-2-2	36.3-37.5	39.1	532(+6)			トラストモアリズム																																																																								
2022106688	2025-06-08	3東京2	曇	3.0	3歳未勝利		17.0	1.0	2.0			除	Ｍ．デム	57.0	芝1800		良	**			**		36.1-35.0		522(-10)			コスモグラニット																																																																								
2022106698	2024-06-15	1函館3		6.0	2歳新馬								藤岡佑介		ダ1000				1:00.0	1.0		4-3	35.1-35.7	36.4	448(0)				290.0															晴		7.0	1.0	1.0	8.4	4.0	2	55.0	良	**	**		リリーフィールド																																											
2022106698	2024-07-07	1函館10		1.0	2歳未勝利								藤岡佑介		ダ1000				0:59.5	-0.5		1-1	34.8-36.4	36.4	448(0)				550.0															小雨		11.0	3.0	3.0	2.0	1.0	1	55.0	重	**	**		(ラヴィングユー)																																											
2022106698	2024-07-13	1函館11		11.0	函館2歳S(GIII)								藤岡佑介		芝1200				1:13.8	4.6		14-14	34.0-35.2	37.6	452(+4)																			晴		14.0	7.0	12.0	131.6	13.0	14	55.0	良	**	**		サトノカルナバル																																											
2022106698	2024-11-09	5東京3		9.0	オキザリス賞(1勝クラス)								藤岡佑介		ダ1400				1:27.2	2.1		11-10	36.2-36.2	37.4	466(+14)																			晴		16.0	4.0	7.0	208.6	14.0	10	55.0	良	**	**		プロミストジーン																																											
2022106698	2024-12-01	5中山2		6.0	2歳1勝クラス								大野拓弥		ダ1200				1:12.8	1.4		3-3	34.6-36.8	38.0	452(-14)				78.0															晴		9.0	7.0	7.0	36.7	8.0	5	55.0	良	**	**		フレッシュラン																																											
2022106698	2024-12-21	5中山7		7.0	2歳1勝クラス								長浜鴻緒		ダ1200				1:13.0	1.7		10-10	34.6-36.7	37.1	452(0)																			晴		16.0	2.0	4.0	83.0	10.0	8	52.0	良	**	**		カネショウレジェン																																											
2022106698	2025-01-19	1中山7		6.0	3歳1勝クラス								長浜鴻緒		ダ1200				1:13.3	1.6		13-10	34.3-37.4	37.4	454(+2)																			曇		16.0	4.0	7.0	122.9	9.0	6	52.0	良	**	**		エコロアゼル																																											
2022106698	2025-04-13	3中山6		8.0	3歳1勝クラス								原優介		ダ1200				1:12.5	1.3		16-15	34.0-37.2	36.6	460(+6)																			雨		16.0	5.0	10.0	121.5	15.0	11	55.0	良	**	**		ハードセルツァー																																											
2022106698	2025-06-15	1函館2		7.0	3歳以上1勝クラス								小林美駒		ダ1000				0:59.2	0.9		8-9	35.0-34.9	34.9	458(-2)																			曇		9.0	4.0	4.0	12.0	7.0	6	50.0	良	**	**		クーデール																																											
2022106698	2025-07-05	1函館7		12.0	3歳以上1勝クラス								鷲頭虎太		ダ1700				1:45.4	0.0		13-12-11-8	30.0-37.4	36.3	462(+4)				320.0															晴		13.0	4.0	5.0	13.2	7.0	2	50.0	重	**	**		オンザスクエア																																											
2022106698	2025-07-20	1函館12		12.0	3歳以上1勝クラス								鷲頭虎太		ダ1700				1:45.6	-0.1		10-9-6-7	30.0-38.7	38.1	466(+4)				800.0															晴		13.0	8.0	13.0	6.0	4.0	1	50.0	良	**	**		(ホウオウバローロ)																																											
2022106698	2025-12-21	5阪神6		8.0	3歳以上2勝クラス								岩田望来		ダ1800				1:53.8	3.4		11-11-10-11	36.1-37.4	39.9	474(+8)																			雨		15.0	8.0	14.0	29.9	8.0	15	55.0	重	**	**		デルアヴァー																																											
2022106698	2026-01-18	1京都7		9.0	小倉山特別(2勝クラス)								岩田康誠		ダ1400				1:26.1	1.5		10-9	34.6-37.5	38.2	474(0)																																																													晴		16.0	3.0	6.0	226.7	14.0	13	55.0	良	**	**		トゥロン	202608010709
2022106717	2024-07-27	2新潟1		3.0	2歳新馬								坂井瑠星		ダ1200				1:13.8	1.1		9-8	35.0-37.7	37.3	462(0)																																															晴		14.0	7.0	12.0	12.1	5.0	6	55.0	良	**	**		エコロアゼル															
2022106717	2024-09-21	3中京6		1.0	2歳未勝利								岩田望来		ダ1400				1:26.3	1.1		3-3	34.4-38.3	39.2	464(+2)				140.0																																											晴		9.0	5.0	5.0	2.6	1.0	3	55.0	良	**	**		フィドルファドル															
2022106717	2024-10-12	5京都3		1.0	2歳未勝利								岩田望来		ダ1200				1:13.5	0.1		2-2	36.1-37.3	37.2	466(+2)				220.0																																											晴		15.0	4.0	7.0	7.9	4.0	2	55.0	良	**	**		トゥインクルアップ															
2022106717	2024-12-14	7京都5		1.0	2歳未勝利								岩田望来		ダ1200				1:14.3	0.1		1-2	35.5-38.7	38.8	468(+2)				220.0																																											小雨		15.0	8.0	14.0	2.6	1.0	2	55.0	良	**	**		ショウナンアトレ															
2022106717	2025-01-06	1中京2		2.0	3歳未勝利								岩田望来		ダ1200				1:12.6	-0.1		2-2	35.4-37.2	37.0	468(0)				560.0																																											雨		16.0	5.0	9.0	2.8	1.0	1	55.0	良	**	**		(エコロレオナ)															
2022106717	2025-03-02	1阪神2		4.0	3歳1勝クラス								岩田望来		ダ1200				1:14.3	1.8		11-12	35.6-36.9	37.8	464(-4)																																															小雨		16.0	2.0	3.0	26.9	9.0	13	55.0	良	**	**		ヤマニンチェルキ															
2022106717	2025-03-30	2阪神2		6.0	3歳1勝クラス								浜中俊		ダ1200				1:13.0	1.0		9-6	34.8-37.2	37.5	460(-4)				200.0																																											曇		16.0	1.0	2.0	53.4	9.0	3	55.0	良	**	**		テーオーエルビス															
2022106717	2025-06-14	3阪神3		7.0	3歳以上1勝クラス								岩田望来		ダ1200				1:13.9	1.5		11-9	35.3-37.1	37.7	464(+4)																																															小雨		16.0	5.0	10.0	14.6	5.0	12	53.0	重	**	**		プレアデスグループ															
2022106717	2025-08-03	3中京4		10.0	3歳以上1勝クラス								団野大成		ダ1200				1:13.9	2.5		14-14	34.4-37.0	37.8	462(-2)																																															晴		16.0	6.0	11.0	55.7	12.0	13	54.0	良	**	**		フィドルファドル															
2022106717	2025-08-30	4中京3		7.0	3歳以上1勝クラス								団野大成		ダ1800				1:57.3	3.8		2-2-3-3	38.7-37.1	40.6	466(+4)																																															晴		10.0	7.0	7.0	70.7	9.0	10	53.0	良	**	**		オーケアニス															
2022106717	2025-10-19	3京都7		3.0	3歳以上1勝クラス								小崎綾也		ダ1400				1:25.3	1.2		11-10	34.7-37.4	37.3	470(+4)																																															曇		12.0	7.0	9.0	65.9	11.0	9	54.0	稍	**	**		トゥロン															
2022106733	2024-12-01	7京都2		5.0	2歳新馬								幸英明		芝1400				1:23.2	0.7		6-5	36.0-34.4	34.6	462(0)				110.0	晴		9.0	6.0	6.0	25.5	6.0	4	55.0	良	**	**		ランスオブカオス																																																									
2022106733	2024-12-22	7京都8		3.0	2歳未勝利								北村友一		芝1400				1:23.7	2.1		14-14	34.6-35.5	35.9	460(-2)					曇		18.0	1.0	2.0	31.5	10.0	14	55.0	良	**	**		ウィンストン																																																									
2022106733	2025-06-14	3阪神3		4.0	3歳未勝利								団野大成		芝1600				1:38.2	3.4		13-16	35.4-35.2	37.2	462(+2)					小雨		18.0	5.0	9.0	146.9	14.0	17	55.0	稍	**	**		ジーティードレス																																																									
2022106733	2025-07-06	2小倉4		3.0	3歳未勝利								川端海翼		芝1200				1:11.7	3.0		15-18	33.6-35.1	36.9	456(-6)					晴		18.0	3.0	5.0	212.1	17.0	17	52.0	良	**	**		ブライアーヒル																																																									
2022106733	2025-08-03	1札幌4		4.0	3歳未勝利								和田陽希		ダ1700				1:52.5	5.4		8-6-14-14	30.1-39.6	43.1	440(-16)					晴		14.0	2.0	2.0	196.4	14.0	14	52.0	良	**	**		ザハント																																																									
2022106733	2025-09-10	川崎		3.0	エトワール賞(3歳)								櫻井光輔		ダ900				0:55.9	0.1		6-7	29.4-38.3	37.6	440(0)				30.0	晴		12.0	1.0	1.0	6.7	2.0	3	54.0	稍	**	**		イクノガキタゾ																																																									
2022106733	2025-10-13	川崎		3.0	朝夷奈賞(3歳)								山崎誠士		ダ900				0:56.2	0.0		7-6	29.7-38.9	37.6	451(+11)				120.0	曇		12.0	5.0	6.0	4.8	3.0	1	54.0	良	**	**		(キラークラウン)																																																									
2022106733	2025-11-19	川崎		5.0	C2三　四五(C2四)								山崎誠士		ダ1400				1:33.5	2.3		8-8-7-7	39.4-39.8	41.0	458(+7)					晴		12.0	6.0	7.0	9.4	4.0	6	54.0	良	**	**		パーティーガール																																																									
2022106733	2025-12-15	川崎		8.0	雪雷賞(C2)								櫻井光輔		ダ900				0:56.5	0.3		3-3	29.8-38.5	38.5	455(-3)				40.0	晴		12.0	7.0	9.0	6.0	4.0	2	54.0	重	**	**		ネバーエンドマーチ																																																									
2022106733	2026-01-01	川崎		5.0	四扇賞(C2)								櫻井光輔		ダ900				0:55.9	0.9		6-5	29.4-37.7	38.0	458(+3)				10.0	晴		12.0	5.0	5.0	15.2	5.0	5	54.0	稍	**	**		アタゴテンジン																																																									
2022106761	2024-12-01	5中山2		5.0	2歳新馬								石川裕紀		芝2000				2:02.0	0.9		10-11-11-11	36.1-34.3	34.1	456(0)				110.0	晴		18.0	6.0	11.0	13.4	5.0	4	55.0	良	**	**		スモーキーゴッド																																																									
2022106761	2024-12-22	5中山8		4.0	2歳未勝利								横山武史		芝2000				2:01.7	0.4		5-4-3-2	36.4-36.1	36.3	456(0)				140.0	晴		18.0	7.0	15.0	6.8	3.0	3	55.0	良	**	**		ロジャリーマイン																																																									
2022106761	2025-01-18	1中山6		5.0	3歳未勝利								横山武史		芝2000				2:00.8	0.6		3-2-2-2	36.1-35.4	35.7	460(+4)				84.0	晴		18.0	8.0	17.0	6.0	2.0	4	55.0	良	**	**		シェーンシュティア																																																									
2022106761	2025-02-08	1小倉5		2.0	3歳未勝利								丸山元気		芝1800				1:49.7	0.2		7-6-6-8	35.9-36.6	36.2	456(-4)				220.0	晴		16.0	2.0	3.0	3.0	1.0	2	55.0	稍	**	**		タガノアビー																																																									
2022106761	2025-02-22	1小倉9		6.0	3歳未勝利								丹内祐次		芝2000				2:00.7	0.2		3-3-3-1	34.4-35.8	35.8	458(+2)				220.0	晴		15.0	7.0	13.0	2.3	1.0	2	55.0	良	**	**		ホウオウタイタン																																																									
2022106761	2025-07-06	2福島4		7.0	3歳未勝利								津村明秀		芝2000				2:01.8	-0.4		3-3-2-1	34.6-37.3	36.8	452(-6)				560.0	曇		16.0	7.0	14.0	2.6	1.0	1	55.0	良	**	**		(アスクアーバンシー)																																																									
2022106761	2025-07-26	2新潟1		11.0	3歳以上1勝クラス								三浦皇成		芝1800				1:46.3	0.3		2-2	35.7-33.5	33.6	454(+2)				200.0	晴		14.0	5.0	8.0	3.6	2.0	3	53.0	良	**	**		ドリームクルーズ																																																									
2022106761	2025-12-27	5中山7		7.0	3歳以上1勝クラス								三浦皇成		芝2200				2:14.9	0.2		4-4-5-5	36.0-35.9	35.8	468(+14)				120.0	曇		18.0	7.0	15.0	7.4	3.0	4	54.0	良	**	**		ウィッシュツリー																																																									
2022106768	2024-08-11	3新潟2		5.0	2歳新馬								佐々木大		芝1600				1:35.9	0.1		3-3	35.3-35.1	35.1	448(0)				290.0																																											晴		13.0	8.0	12.0	5.4	3.0	2	55.0	良	**	**		マスカレードボール															
2022106768	2024-08-31	2中京7		2.0	2歳未勝利								和田竜二		芝1400								35.1-35.7		計不																																															小雨		8.0	2.0	2.0			取	55.0	重	**	**		カロローザ															
2022106768	2024-09-08	3中京2		3.0	2歳未勝利								戸崎圭太		芝1600				1:34.5	-0.1		3-3-4	34.5-35.9	35.6	454(+6)				550.0																																											晴		7.0	1.0	1.0	5.0	2.0	1	55.0	良	**	**		(シドニーホバート)															
2022106768	2024-10-05	4東京1		11.0	サウジアラビアRC(GIII)								戸崎圭太		芝1600				1:33.2	0.2		3-3	34.0-35.3	35.2	454(0)				833.6																																											小雨		7.0	4.0	4.0	13.8	5.0	3	56.0	稍	**	**		アルテヴェローチェ															
2022106768	2024-11-02	5東京1		11.0	京王杯2歳S(GII)								戸崎圭太		芝1400				1:21.3	0.1		4-4	34.9-34.9	34.3	456(+2)				1514.0																																											小雨		14.0	7.0	11.0	7.8	5.0	2	56.0	稍	**	**		パンジャタワー															
2022106768	2025-01-13	1中京5		11.0	日刊スポシンザン記念(GIII)								戸崎圭太		芝1600				1:35.2	0.6		9-11-10	35.1-35.8	35.5	468(+12)				620.0																																											晴		15.0	1.0	1.0	4.5	2.0	4	57.0	良	**	**		リラエンブレム															
2022106768	2025-05-11	2東京6		11.0	NHKマイルC(GI)								横山武史		芝1600				1:32.2	0.5		15-15	33.4-35.3	34.4	456(-12)																																															晴		18.0	5.0	9.0	102.1	13.0	8	57.0	良	**	**		パンジャタワー															
2022106768	2025-08-02	3中京3		7.0	豊明S(3勝クラス)								和田竜二		芝1400				1:18.9	0.2		6-6	34.3-33.3	33.1	464(+8)				280.0																																											晴		12.0	8.0	13.0	2.7	1.0	4	55.0	良	**	**		アクートゥス															
2022106768	2025-09-14	4阪神4		10.0	仲秋S(3勝クラス)								横山武史		芝1600				1:32.2	0.0		3-3	35.6-33.4	33.3	466(+2)				746.8																																											曇		11.0	8.0	10.0	6.1	4.0	2	56.0	良	**	**		ラヴァンダ															
2022106768	2025-10-12	3京都4		10.0	三年坂S(3勝クラス)								和田竜二		芝1600				1:32.1	0.0		6-6	34.1-34.1	33.6	474(+8)				747.8																																											曇		13.0	2.0	2.0	2.6	1.0	2	56.0	良	**	**		ブエナオンダ															
2022106768	2025-11-15	5東京3		10.0	奥多摩S(3勝クラス)								横山武史		芝1400				1:20.5	-0.2		9-9	35.0-33.9	33.1	474(0)				1879.9																																											晴		18.0	4.0	8.0	2.5	1.0	1	57.0	良	**	**		(スライビングロード)															
2022106770	2024-07-20	2福島7		5.0	2歳新馬								柴田大知		芝2000				2:04.9	1.3		8-8-10-8	37.2-35.0	35.5	436(0)				110.0	曇		10.0	2.0	2.0	29.1	7.0	4	55.0	良	**	**		ピコチャンブラック																																																									
2022106770	2024-08-04	2新潟4		1.0	2歳未勝利								柴田大知		芝2000				2:02.2	0.0		8-8-7-7	36.1-36.1	35.3	436(0)				220.0	晴		8.0	8.0	8.0	7.8	5.0	2	55.0	良	**	**		コスモイシュタル																																																									
2022106770	2024-09-01	3新潟8		2.0	2歳未勝利								柴田大知		芝2000				2:02.0	0.5		8-8-7-6	36.0-36.4	36.0	436(0)				55.0	晴		11.0	8.0	10.0	5.7	3.0	5	55.0	良	**	**		ヴァルキリーバース																																																									
2022106770	2024-09-15	4中山4		2.0	2歳未勝利								横山武史		芝2000				2:01.3	1.1		4-6-7-7	34.9-35.8	36.1	436(0)				55.0	晴		14.0	7.0	12.0	6.0	4.0	5	55.0	良	**	**		ヤコブセン																																																									
2022106770	2024-12-22	5中山8		4.0	2歳未勝利								マーカン		芝2000				2:03.7	2.4		5-6-10-14	36.4-36.1	37.8	432(-4)					晴		18.0	4.0	7.0	21.2	6.0	15	56.0	良	**	**		ロジャリーマイン																																																									
2022106770	2025-01-18	1中山6		5.0	3歳未勝利								佐々木大		芝2000				2:02.8	2.6		12-13-12-12	36.1-35.4	36.7	436(+4)					晴		18.0	5.0	9.0	133.9	11.0	15	57.0	良	**	**		シェーンシュティア																																																									
2022106770	2025-05-17	1新潟5		5.0	3歳未勝利								石橋脩		芝2000				2:07.6	2.4		11-11-11-14	37.6-36.5	38.0	436(0)					雨		16.0	2.0	4.0	89.8	14.0	14	57.0	稍	**	**		サンカシグレ																																																									
2022106770	2025-06-29	2福島2		4.0	3歳未勝利								柴田大知		芝2000				2:02.6	0.4		4-3-6-6	36.5-35.2	35.2	432(-4)				56.0	晴		15.0	5.0	9.0	103.4	12.0	5	57.0	良	**	**		レイヤードレッド																																																									
2022106770	2025-07-19	2福島7		8.0	3歳未勝利								柴田大知		芝2000				2:03.1	0.4		8-8-8-5	35.1-37.5	37.1	430(-2)				84.0	晴		16.0	4.0	8.0	12.4	5.0	4	57.0	良	**	**		エテルニータ																																																									
2022106770	2025-08-16	2新潟7		12.0	3歳未勝利								柴田大知		芝2000				2:01.1	0.2		12-11-7-7	36.2-35.7	35.3	436(+6)				220.0	晴		17.0	8.0	17.0	12.1	5.0	2	57.0	良	**	**		スイートオレンジ																																																									
2022106770	2025-08-31	3新潟4		4.0	3歳未勝利								柴田大知		芝2200				2:15.0	1.7		8-9-9-10	35.0-36.9	37.6	440(+4)					晴		18.0	5.0	9.0	10.7	5.0	9	57.0	良	**	**		オリオアルセーリオ																																																									
2022106773	2024-07-21	2福島8		5.0	2歳新馬								柴田大知		芝1800				1:52.6	1.8		4-5-8-8	36.6-36.6	37.9	460(0)					晴		13.0	6.0	8.0	18.6	6.0	9	55.0	良	**	**		ブラックルビー																																																									
2022106773	2024-08-10	3新潟1		1.0	2歳未勝利								柴田大知		芝1800				1:49.6	3.2		2-5	35.1-34.9	37.2	456(-4)					晴		12.0	5.0	5.0	168.4	9.0	11	55.0	良	**	**		クライスレリアーナ																																																									
2022106773	2024-12-22	5中山8		4.0	2歳未勝利								丸山元気		芝2000				2:02.4	1.1		7-8-7-8	36.4-36.1	36.7	466(+10)					晴		18.0	1.0	2.0	239.2	12.0	8	56.0	良	**	**		ロジャリーマイン																																																									
2022106773	2025-01-18	1中山6		5.0	3歳未勝利								丸山元気		芝2000				2:01.4	1.2		7-9-9-9	36.1-35.4	35.6	468(+2)					晴		18.0	8.0	16.0	308.7	14.0	7	57.0	良	**	**		シェーンシュティア																																																									
2022106773	2025-02-08	1小倉5		7.0	3歳未勝利								柴田裕一		芝2000				2:04.9	0.6		7-6-7-5	36.8-36.7	36.7	466(-2)					雪		13.0	1.0	1.0	7.8	3.0	6	54.0	稍	**	**		ゴッドヴァレー																																																									
2022106773	2025-02-16	1小倉8		5.0	3歳未勝利								佐々木大		芝2000				2:02.7	0.4		10-10-3-3	36.8-36.3	36.6	464(-2)					曇		14.0	8.0	14.0	28.4	9.0	7	57.0	良	**	**		オーシンエス																																																									
2022106773	2025-06-29	2福島2		2.0	3歳未勝利								柴田大知		芝2600				2:41.5	0.9		3-4-2-1	36.5-36.5	37.3	468(+4)					晴		16.0	3.0	6.0	61.6	10.0	9	57.0	良	**	**		ラーシャローム																																																									
2022106773	2025-07-19	2福島7		8.0	3歳未勝利								原優介		芝2000				2:03.0	0.3		4-5-6-3	35.1-37.5	37.2	464(-4)				220.0	晴		16.0	7.0	14.0	18.6	7.0	2	57.0	良	**	**		エテルニータ																																																									
2022106773	2025-08-03	2新潟4		11.0	3歳未勝利								原優介		芝2000				2:01.0	0.3		2-2-2-2	36.3-35.4	35.7	476(+12)				56.0	晴		14.0	7.0	11.0	28.8	8.0	5	57.0	良	**	**		マカナ																																																									
2022106773	2025-08-24	3新潟2		3.0	3歳未勝利								原優介		芝2000				2:01.7	0.5		5-5-4-4	35.9-35.1	35.3	478(+2)				84.0	晴		17.0	7.0	14.0	10.2	5.0	4	57.0	良	**	**		マイネルアレス																																																									
2022106773	2025-09-06	4中山1		7.0	3歳未勝利								原優介		芝2000				2:01.0	1.4		2-2-3-3	35.5-34.9	36.1	472(-6)					晴		18.0	3.0	6.0	5.7	2.0	11	57.0	良	**	**		ミッドセンチュリー																																																									
2022106797	2024-10-06	4東京2	曇	4.0	2歳新馬		14.0	1.0	1.0	127.7	10.0	10	柴田大知	56.0	芝1600		良	**	1:38.5	1.4	**	10-9	37.7-34.1	34.1	446(0)			スマッシュアウト																																																																								
2022106797	2025-02-16	1東京6	晴	5.0	3歳未勝利		16.0	8.0	15.0	289.8	16.0	13	柴田大知	57.0	芝1800		良	**	1:48.7	2.2	**	12-13-14	35.9-34.7	34.5	460(+14)			トレサフィール																																																																								
2022106797	2025-03-02	2中山2	晴	5.0	3歳未勝利		18.0	7.0	13.0	186.5	12.0	6	木幡巧也	57.0	芝2200		良	**	2:14.9	1.1	**	15-15-11-9	35.2-35.5	35.8	456(-4)			ウィッシュツリー																																																																								
2022106797	2025-04-06	2阪神4	晴	4.0	3歳未勝利		14.0	6.0	10.0	9.9	5.0	6	丹内祐次	57.0	芝2400		良	**	2:27.8	1.2	**	11-11-4-2	36.2-35.5	36.6	454(-2)			セイキュート																																																																								
2022106797	2025-05-04	1新潟2	晴	5.0	3歳未勝利		16.0	2.0	3.0	38.6	8.0	12	柴田大知	57.0	芝2000		稍	**	2:05.0	2.1	**	14-15-14-14	36.8-36.3	36.7	462(+8)			キャピタルリッチ																																																																								
2022106797	2025-07-12	2福島5	曇	4.0	3歳未勝利		16.0	1.0	1.0	53.7	10.0	12	柴田大知	57.0	芝2000		良	**	2:04.9	1.2	**	14-14-13-13	37.1-36.6	36.3	456(-6)			ポッポノフェスタ																																																																								
2022106797	2025-08-28	園田	晴	9.0	C2		9.0	8.0	8.0	3.3	2.0	2	吉村智洋	56.0	ダ1700		良	**	1:54.9	0.0	**	8-8-6-5		39.4	458(+2)			テーオーコンドル	32.0																																																																							
2022106797	2025-09-10	園田	曇	12.0	C2		11.0	2.0	2.0	3.8	2.0	8	吉村智洋	56.0	ダ1870		良	**	2:09.5	1.2	**	4-4-6-5		41.8	455(-3)			ワンダーグァルネリ																																																																								
2022106797	2025-09-24	園田	曇	8.0	ファイティングジョッ(C2)		12.0	6.0	7.0	16.2	7.0	12	横山典弘	56.0	ダ1700		良	**	1:57.1	2.3	**	12-12-12-12		40.6	458(+3)			ディザーヴユー																																																																								
2022106797	2025-10-24	園田	晴	12.0	そのだ金曜ナイターフ(C2)		12.0	8.0	12.0	36.6	8.0	5	山本屋太	57.0	ダ1700		良	**	1:57.8	1.4	**	9-8-7-6		39.8	456(-2)			ディザーヴユー	8.0																																																																							
2022106797	2025-11-11	園田	晴	4.0	近松の里7ハロンC3		10.0	1.0	1.0	8.9	5.0	8	吉村智洋	57.0	ダ1400		稍	**	1:36.4	1.2	**	10-10-10-8		40.5	455(-1)			イロメガネ																																																																								
2022106797	2025-11-27	園田	晴	4.0	大仁田厚☆来場記念C(C3)		12.0	8.0	11.0	12.0	6.0	5	竹村達也	57.0	ダ1400		稍	**	1:34.4	1.0	**	5-5-4-6		41.9	450(-5)			コルタード	6.0																																																																							
2022106797	2025-12-10	園田	晴	4.0	冬景パカ・レーヴ8.(C3)		11.0	3.0	3.0	41.4	7.0	3	竹村達也	57.0	ダ1700		良	**	1:55.9	0.3	**	5-5-5-3		40.9	451(+1)			エルナンデス	15.0																																																																							
2022106797	2025-12-25	園田	雨	12.0	ニュイ・ソシエール「(C2C3)		11.0	5.0	5.0	97.7	9.0	7	竹村達也	55.0	ダ1400		不	**	1:33.3	3.6	**	9-8-10-10		40.7	453(+2)			アウローラルミエル																																																																								
2022106797	2026-01-08	園田	晴	2.0	C3一		10.0	2.0	2.0	22.7	5.0	6	竹村達也	57.0	ダ1400		良	**	1:34.4	0.6	**	5-4-6-6		40.8	452(-1)			グランドフォレスト																																																																								
2022106800	2024-09-22	4中山7		5.0	2歳新馬								丹内祐次		芝1800				1:52.5	2.6		7-7-6-8	37.3-34.8	37.0	480(0)																																	曇		14.0	2.0	2.0	3.7	2.0	10	55.0	良	**	**		テリオスルナ																													
2022106800	2025-02-23	1東京8		4.0	3歳未勝利								キング		芝1800				1:48.5	0.1		1-1-1	37.0-34.1	34.2	488(+8)				220.0																													晴		15.0	2.0	4.0	40.4	10.0	2	57.0	良	**	**		モティスフォント																													
2022106800	2025-03-15	2中山5		6.0	3歳未勝利								丹内祐次		芝1800				1:50.0	1.1		2-3-2-2	36.7-35.6	36.5	488(0)																																	曇		16.0	6.0	11.0	11.0	4.0	9	57.0	良	**	**		グロスビーク																													
2022106800	2025-04-27	2東京2		5.0	3歳未勝利								横山武史		芝1800				1:47.3	0.9		1-2-2	35.8-34.6	35.4	482(-6)				140.0																													晴		14.0	7.0	11.0	7.1	3.0	3	57.0	良	**	**		アールヴィヴァン																													
2022106800	2025-05-18	2東京8		4.0	3歳未勝利								横山武史		芝1800				1:48.5	0.7		2-2-2	36.0-33.7	34.3	486(+4)				84.0																													晴		14.0	1.0	1.0	2.8	2.0	4	57.0	稍	**	**		フェンスブレイカー																													
2022106800	2025-06-08	3東京2		3.0	3歳未勝利								横山武史		芝1800				1:47.7	0.0		1-1-1	36.1-35.0	35.0	488(+2)				560.0																													曇		17.0	2.0	4.0	3.4	2.0	1	57.0	良	**	**		(マイネルアレス)																													
2022106800	2025-12-27	5中山7		7.0	3歳以上1勝クラス								丹内祐次		芝2200				2:16.3	1.6		2-2-1-1	36.0-35.9	37.5	496(+8)																																	曇		18.0	2.0	3.0	34.7	11.0	16	56.0	良	**	**		ウィッシュツリー																													
2022106800	2026-01-17	1中山6		7.0	4歳以上1勝クラス								丹内祐次		芝2200				2:14.0	2.0		1-1-1-1	36.6-35.6	37.6	496(0)																																	晴		12.0	4.0	4.0	30.2	8.0	11	57.0	良				クリフハンガー																													
2022106803	2024-07-14	2福島6		5.0	2歳新馬								木幡巧也		芝1800				1:51.1	0.7		2-3-3-3	36.4-36.4	36.8	478(0)				110.0																																											晴		11.0	5.0	5.0	6.6	4.0	4	55.0	良	**	**		ホウオウガイア															
2022106803	2024-08-03	2新潟3		2.0	2歳未勝利								石川裕紀		芝1600				1:34.6	1.3		2-2	35.5-33.7	34.8	476(-2)				140.0																																											曇		7.0	6.0	6.0	21.3	3.0	3	55.0	良	**	**		アルレッキーノ															
2022106803	2024-08-18	3新潟4		1.0	2歳未勝利								石川裕紀		芝1600				1:36.4	-0.1		1-1	36.6-34.1	34.1	474(-2)				550.0																																											晴		10.0	8.0	9.0	6.2	3.0	1	55.0	良	**	**		(アサクサグレース)															
2022106803	2024-09-29	4中山9		9.0	サフラン賞(1勝クラス)								石川裕紀		芝1600				1:35.2	0.0		1-1-1	35.8-34.9	34.9	470(-4)				436.2																																											曇		9.0	8.0	8.0	52.2	8.0	2	55.0	良	**	**		クリノメイ															
2022106803	2024-11-17	5東京6		8.0	赤松賞(1勝クラス)								石川裕紀		芝1600				1:34.6	0.7		1-1	36.2-34.0	34.7	474(+4)				107.0																																											晴		7.0	7.0	7.0	9.4	5.0	5	55.0	良	**	**		マピュース															
2022106803	2025-01-12	1中山4		11.0	フェアリーS(GIII)								石川裕紀		芝1600				1:34.4	1.6		12-16-14	34.1-35.5	35.1	472(-2)																																															曇		16.0	8.0	15.0	107.4	16.0	8	55.0	良	**	**		エリカエクスプレス															
2022106803	2025-02-15	1東京5		11.0	デイリー杯クイーンC(GIII)								石川裕紀		芝1600				1:35.1	2.9		4-4	34.2-35.0	37.3	474(+2)																																															晴		14.0	3.0	3.0	257.0	14.0	14	55.0	良	**	**		エンブロイダリー															
2022106803	2025-06-29	2福島2		8.0	3歳以上1勝クラス								石川裕紀		芝1800				1:48.8	0.5		2-2-2-2	36.2-34.9	35.0	478(+4)				120.0																																											晴		9.0	2.0	2.0	5.0	4.0	4	53.0	良	**	**		シャイニースイフト															
2022106803	2025-07-13	2福島6		9.0	織姫賞(1勝クラス)								石川裕紀		芝1800				1:48.7	0.0		1-1-1-1	35.6-36.1	36.1	476(-2)				1144.3																																											晴		13.0	3.0	3.0	28.4	8.0	1	53.0	良	**	**		(フォーカルフラワー)															
2022106803	2025-10-04	4東京1		9.0	八ヶ岳特別(2勝クラス)								石川裕紀		芝1800				1:47.9	2.5		3-3-4	35.6-34.9	36.4	480(+4)																																															曇		12.0	4.0	4.0	16.7	7.0	11	54.0	良	**	**		サトノヴィレ															
2022106803	2025-11-30	5東京8		9.0	オリエンタル賞(2勝クラス)								原優介		芝2000				1:59.9	1.5		1-2-2	36.5-34.5	35.8	484(+4)																																															晴		9.0	8.0	9.0	66.6	7.0	7	52.0	良	**	**		レイニング															
2022106804	2024-12-08	5中山4		5.0	2歳新馬								柴田大知		芝1800				1:50.4	1.0		5-5-4-5	37.7-35.5	36.2	404(0)					晴		16.0	3.0	6.0	73.0	11.0	9	56.0	良	**	**		バースライト																																																									
2022106804	2024-12-22	5中山8		4.0	2歳未勝利								柴田大知		芝2000				2:03.8	2.5		8-7-7-10	36.4-36.1	38.1	406(+2)					晴		18.0	6.0	11.0	355.9	16.0	16	56.0	良	**	**		ロジャリーマイン																																																									
2022106804	2025-06-07	3東京1		7.0	3歳未勝利								柴田大知		芝1600				1:36.2	2.7		15-12	34.9-35.3	36.8	404(-2)					晴		18.0	5.0	9.0	511.0	16.0	15	57.0	良	**	**		キューティリップ																																																									
2022106804	2025-09-04	名古屋		1.0	名古屋モーニングフィ(3歳)								大原浩司		ダ1500				1:42.8	6.7		7-6-11		44.6	413(+9)					曇		12.0	7.0	9.0	90.1	10.0	11	57.0	良	**	**		チェリスト																																																									
2022106804	2025-10-03	名古屋		1.0	3歳20組								大原浩司		ダ920				0:59.9	2.0		9		38.9	412(-1)					曇		12.0	3.0	3.0	120.6	11.0	7	57.0	良	**	**		ヘヴンリーゴール																																																									
2022106804	2025-10-14	名古屋		2.0	C30組								大原浩司		ダ1500				1:43.7	4.7		5-6-11		44.7	410(-2)					曇		12.0	2.0	2.0	264.8	12.0	11	57.0	良	**	**		ヨルハ																																																									
2022106804	2025-10-28	名古屋		1.0	C31組								大原浩司		ダ1500				1:43.1	3.5		8-9-8		42.6	412(+2)					晴		12.0	3.0	3.0	285.7	11.0	8	57.0	稍	**	**		ウインアレース																																																									
2022106804	2025-11-07	名古屋		1.0	C38組								大原浩司		ダ920				0:59.1	0.5		7		38.2	409(-3)				5.5	晴		10.0	8.0	11.0	89.7	7.0	5	57.0	良	**	**		クリスタルテン																																																									
2022106804	2025-12-04	名古屋		1.0	C28組								尾崎章生		ダ1500				1:41.0	2.3		7-8-9		41.4	406(-3)					曇		12.0	7.0	10.0	38.9	7.0	6	57.0	稍	**	**		ゴンクール																																																									
2022106804	2025-12-18	名古屋		9.0	はい上がれ!しゃちほ(C)								尾崎章生		ダ1500				1:40.3	1.7		11-11-10		40.5	406(0)					晴		12.0	8.0	12.0	70.0	9.0	8	57.0	稍	**	**		ベールドゥフィーユ																																																									
2022106804	2026-01-01	名古屋		1.0	2026金シャチゴー(C)								尾崎章生		ダ920				1:00.4	3.4		10		39.0	409(+3)					晴		12.0	1.0	1.0	68.3	9.0	10	57.0	良	**	**		エクメノポリス																																																									
2022106804	2026-01-13	名古屋		2.0	C32組								山田祥雄		ダ1500				1:42.6	2.7		3-5-6		41.4	411(+2)					曇		11.0	1.0	1.0	101.2	7.0	11	57.0	良				マサユメ																																																									
2022106813	2024-10-26	4東京7		5.0	2歳新馬								野中悠太		芝1600				1:36.9	0.4		6-6	36.6-34.2	33.8	460(0)				180.0																																											曇		12.0	7.0	9.0	172.6	12.0	3	56.0	良	**	**		パーリーラスター															
2022106813	2024-11-17	5東京6		3.0	2歳未勝利								野中悠太		芝1600				1:33.6	0.1		6-5	34.3-35.8	35.2	470(+10)				220.0																																											晴		18.0	7.0	14.0	13.8	6.0	2	56.0	良	**	**		パワースナッチ															
2022106813	2025-02-16	1東京6		5.0	3歳未勝利								野中悠太		芝1800				1:46.7	0.2		3-3-3	35.9-34.7	34.6	472(+2)				220.0																																											晴		16.0	5.0	10.0	5.3	4.0	2	57.0	良	**	**		トレサフィール															
2022106813	2025-03-01	2中山1		6.0	3歳未勝利								横山武史		芝1800				1:48.2	0.3		1-1-2-1	36.1-34.4	34.6	468(-4)				220.0																																											晴		16.0	1.0	2.0	1.7	1.0	2	57.0	良	**	**		エンジェルブリーズ															
2022106813	2025-03-29	3中山1		4.0	3歳未勝利								横山武史		芝1800				1:50.0	-0.1		10-10-3-3	37.1-37.7	37.4	468(0)				560.0																																											雨		16.0	7.0	13.0	2.2	1.0	1	57.0	稍	**	**		(サクラファレル)															
2022106813	2025-07-26	1札幌1		8.0	3歳以上1勝クラス								横山武史		芝2000				2:00.4	0.2		1-1-1-1	36.6-34.5	34.7	468(0)				200.0																																											曇		5.0	4.0	4.0	4.8	2.0	3	55.0	良	**	**		ショウナンサムデイ															
2022106813	2025-08-09	1札幌5		9.0	3歳以上1勝クラス								横山武史		芝1800				1:48.7	0.8		2-2-2-2	36.1-35.3	36.0	478(+10)				320.0																																											晴		10.0	4.0	4.0	5.1	2.0	2	55.0	稍	**	**		キングスコール															
2022106813	2025-08-31	2札幌4		7.0	3歳以上1勝クラス								横山武史		芝1800				1:49.4	-0.1		2-2-2-1	35.5-37.2	36.9	488(+10)				800.0																																											曇		13.0	4.0	5.0	2.3	1.0	1	55.0	稍	**	**		(ダノンミッション)															
2022106813	2025-11-16	5東京4		8.0	3歳以上2勝クラス								横山武史		芝1800				1:46.4	0.9		3-5-4	35.8-33.7	34.4	482(-6)																																															晴		13.0	6.0	8.0	19.3	5.0	9	56.0	良	**	**		マカナ															
2022106813	2025-12-21	5中山6		12.0	3歳以上2勝クラス								丹内祐次		芝1600				1:35.5	1.0		11-12-12	35.5-35.8	35.7	486(+4)																																															雨		16.0	8.0	16.0	16.4	7.0	9	57.0	重	**	**		メタルスピード															
2022106846	2025-03-22	2中山7		4.0	3歳未勝利								松岡正海		芝2000								35.1-36.6		454(0)																																															晴		17.0	7.0	15.0			除	57.0	良	**	**		ウインスティーガ															
2022106846	2025-08-10	2新潟6		5.0	3歳未勝利								岩部純二		芝1800				1:49.9	2.1		14-15	36.5-35.0	34.8	450(0)																																															雨		18.0	8.0	17.0	211.2	14.0	10	57.0	稍	**	**		マイネルアズーロ															
2022106846	2025-10-18	4新潟1		7.0	3歳以上1勝クラス								岩部純二		芝1800				1:46.2	0.6		10-10	35.2-33.9	33.7	446(-4)																																															曇		18.0	3.0	5.0	435.5	17.0	7	56.0	良	**	**		ソルトブリーズ															
2022106846	2025-11-01	4東京10		12.0	3歳以上1勝クラス								岩部純二		芝1800				1:45.2	1.1		13-13-13	34.7-35.2	34.1	446(0)																																															晴		15.0	2.0	3.0	156.5	10.0	10	56.0	良	**	**		ベストミーエヴァー															
2022106858	2024-10-20	4東京6	晴	4.0	2歳新馬		16.0	5.0	10.0	18.1	6.0	10	石川裕紀	55.0	ダ1400		良	**	1:28.4	3.7	**	6-5	36.2-36.1	39.3	478(0)			スナッピードレッサ																																																																								
2022106858	2024-11-16	3福島5	晴	2.0	2歳未勝利		15.0	6.0	11.0	46.5	8.0	8	小崎綾也	55.0	ダ1700		良	**	1:50.7	2.1	**	5-4-5-6	31.0-38.8	40.4	476(-2)			マタミカンサン																																																																								
2022106858	2025-01-06	1中京2	曇	1.0	3歳未勝利		16.0	3.0	5.0	76.7	15.0	6	小崎綾也	55.0	ダ1800		良	**	1:56.8	0.5	**	5-5-8-7	37.5-39.6	39.4	472(-4)			コンテナライン																																																																								
2022106858	2025-04-06	2阪神4	晴	3.0	3歳未勝利		16.0	4.0	8.0	48.3	9.0	7	田口貫太	55.0	ダ1400		良	**	1:27.3	1.4	**	6-6	35.5-37.7	38.7	466(-6)			ザックザク																																																																								
2022106858	2025-05-13	笠松	晴	8.0	美江寺宿特別(3歳)		8.0	6.0	6.0	1.6	1.0	1	田口貫太	55.0	ダ1400		良	**	1:27.5	-0.3	**	2-1-1		38.2	468(+2)			(インピッシュ)	70.0																																																																							
2022106858	2025-06-01	2京都12	晴	6.0	3歳1勝クラス		14.0	1.0	1.0	99.7	12.0	11	田口貫太	55.0	ダ1400		良	**	1:26.0	1.8	**	4-5	34.0-37.8	39.4	470(+2)			ソリスクラヴィス																																																																								
2022106858	2025-07-13	2小倉6	曇	7.0	3歳以上1勝クラス		16.0	5.0	9.0	176.8	15.0	13	田口貫太	53.0	ダ1700		良	**	1:49.6	2.6	**	12-13-11-9	29.6-39.5	41.2	470(0)			マキシマムビスタ																																																																								
2022106858	2025-08-24	4中京2	晴	12.0	3歳以上1勝クラス		14.0	4.0	5.0	284.2	14.0	14	藤懸貴志	53.0	ダ1400		良	**	1:27.6	3.0	**	7-7	34.3-38.4	40.7	474(+4)			ダイシンリンク																																																																								
2022106858	2025-09-23	笠松	曇	7.0	3歳5組		10.0	3.0	3.0	1.3	1.0	2	筒井勇介	55.0	ダ1400		良	**	1:30.5	0.2	**	4-2-1		39.9	495(+21)			ヒルノカーディフ	18.0																																																																							
2022106858	2025-10-22	笠松	曇	8.0	つる座賞(C)		10.0	2.0	2.0	1.6	1.0	4	筒井勇介	55.0	ダ1400		良	**	1:30.5	0.4	**	2-2-2		39.0	491(-4)			セカンドフラッシュ	6.3																																																																							
2022106858	2025-11-04	笠松	曇	5.0	霜月賞(C)		10.0	5.0	5.0	1.4	1.0	1	筒井勇介	55.0	ダ1600		良	**	1:46.6	-0.4	**	2-1-1		38.4	486(-5)			(アクデニズ)	42.0																																																																							
2022106858	2025-12-03	笠松	曇	10.0	師走特別(C)		10.0	2.0	2.0	23.9	7.0	9	筒井勇介	55.0	ダ1600		良	**	1:46.1	3.6	**	4-5-6		42.0	491(+5)			コーシューパンジャ																																																																								
2022106858	2025-12-17	笠松	晴	1.0	C10組		9.0	1.0	1.0	2.8	2.0	2	筒井勇介	55.0	ダ1400		稍	**	1:30.5	0.1	**	1-1-1		39.6	482(-9)			ファーニスクリーク	16.0																																																																							
2022106858	2026-01-14	大井	晴	2.0	C3四　五		15.0	1.0	2.0	3.1	2.0	1	藤本現暉	54.0	ダ1200		良		1:14.6	-0.2		1-1	36.2-38.4	38.4	487(+5)			(カノアレディー)	80.0																																																																							
2022106894	2024-10-19	4東京5	晴	6.0	2歳新馬		17.0	8.0	15.0	202.9	16.0	8	木幡巧也	56.0	芝1400		良	**	1:24.0	1.1	**	7-7	36.6-34.2	34.6	440(0)			コルチェスター																																																																								
2022106894	2024-11-03	5東京2	晴	1.0	2歳未勝利		15.0	4.0	7.0	257.9	14.0	10	木幡巧也	56.0	芝1400		良	**	1:23.4	1.3	**	10-12	35.5-34.5	34.7	440(0)			フェルシナ																																																																								
2022106894	2025-02-15	1東京5	晴	1.0	3歳未勝利		16.0	3.0	5.0	129.3	13.0	6	杉原誠人	57.0	ダ1400		良	**	1:28.1	0.5	**	12-12	36.0-38.5	37.9	456(+16)			マイネルブリオン																																																																								
2022106894	2025-03-15	2中山5	晴	3.0	3歳未勝利		16.0	2.0	3.0	36.3	7.0	4	杉原誠人	57.0	ダ1200		稍	**	1:13.1	1.0	**	8-7	34.4-37.7	37.8	450(-6)			ラストシャリナ	84.0																																																																							
2022106894	2025-04-06	3中山4	曇	2.0	3歳未勝利		16.0	7.0	13.0	19.1	5.0	7	杉原誠人	57.0	ダ1200		稍	**	1:14.2	1.6	**	12-12	35.2-37.4	37.7	452(+2)			クインズシフォン																																																																								
2022106894	2025-04-26	2東京1	曇	2.0	3歳未勝利		16.0	7.0	13.0	116.8	12.0	16	佐々木大	57.0	ダ1400		稍	**	1:28.0	2.2	**	11-10	36.3-36.7	38.2	446(-6)			アイアムイチバン																																																																								
2022106894	2025-06-15	1函館2	晴	3.0	3歳未勝利		12.0	8.0	12.0	80.3	11.0	11	斎藤新	57.0	ダ1000		良	**	1:00.7	2.1	**	11-11	34.9-35.6	35.4	444(-2)			トーアジョウトウ																																																																								
2022106894	2025-06-21	1函館3	曇	1.0	3歳未勝利		16.0	2.0	4.0	231.7	15.0	7	古川奈穂	54.0	芝1200		良	**	1:09.3	0.5	**	13-11	33.6-35.2	34.5	446(+2)			グッバイウェーブ																																																																								
2022106894	2025-06-29	1函館6	曇	3.0	3歳未勝利		12.0	3.0	3.0	74.7	8.0	8	古川奈穂	54.0	芝1200		良	**	1:09.7	0.6	**	9-9	34.3-34.8	34.6	450(+4)			ペイシャアーサー																																																																								
2022106894	2025-07-13	1函館10	晴	3.0	3歳未勝利		16.0	1.0	2.0	92.0	14.0	9	古川奈穂	54.0	芝1200		良	**	1:09.8	0.8	**	12-12	35.1-33.9	33.7	444(-6)			ルブリアン																																																																								
2022106894	2025-07-20	1函館12	晴	6.0	3歳未勝利		16.0	7.0	14.0	180.7	15.0	13	柴田裕一	54.0	芝1200		良	**	1:09.8	1.4	**	15-16	33.6-34.8	34.3	450(+6)			ヒットザグラウンド																																																																								
2022106894	2025-08-16	1札幌7	晴	6.0	3歳未勝利		14.0	3.0	3.0	190.9	12.0	10	古川奈穂	54.0	ダ1700		良	**	1:48.9	2.2	**	9-9-9-9	30.2-38.5	39.8	458(+8)			ミスティマウンテン																																																																								
2022106894	2025-09-22	水沢	晴	4.0	3歳C2四組		11.0	2.0	2.0	8.7	4.0	3	坂井瑛音	54.0	ダ1300		稍	**	1:23.4	0.5	**	7-7-5-5		39.0	445(-13)			トリクロマティック	10.0																																																																							
2022106894	2025-09-29	水沢	曇	4.0	C2六組		10.0	7.0	7.0	5.2	4.0	3	阿部英俊	56.0	ダ1300		不	**	1:23.1	1.3	**	5-5-3-3		40.1	447(+2)			メイショウユウモウ	8.0																																																																							
2022106894	2025-10-06	水沢	曇	4.0	C2六組		10.0	4.0	4.0	11.4	2.0	2	阿部英俊	56.0	ダ1400		稍	**	1:30.7	0.1	**	6-5-3-2		39.1	444(-3)			トウカイディアマン	14.0																																																																							
2022106894	2025-10-14	盛岡	曇	1.0	C2四組		9.0	2.0	2.0	2.9	2.0	1	阿部英俊	56.0	ダ1400		良	**	1:27.6	-0.2	**	6-3		39.1	441(-3)			(アルピナセブン)	40.0																																																																							
2022106894	2025-11-02	盛岡	曇	8.0	C1五組		12.0	6.0	8.0	52.3	7.0	2	阿部英俊	56.0	ダ1400		重	**	1:26.5	0.6	**	3-3		39.0	444(+3)			チビアーサー	17.5																																																																							
2022106894	2025-11-18	盛岡	曇	11.0	ペラルゴニウム賞(C1)		11.0	8.0	10.0	12.1	5.0	8	阿部英俊	56.0	ダ1600		良	**	1:43.3	2.2	**	3-5		41.3	448(+4)			ハクシンダンス																																																																								
2022106894	2025-12-02	水沢	曇	10.0	レックススタッド特別(C1)		10.0	7.0	8.0	6.5	2.0	1	阿部英俊	56.0	ダ1400		稍	**	1:29.9	-0.1	**	8-5-3-3		39.5	454(+6)			(アウフヴィント)	50.0																																																																							
2022106894	2025-12-16	水沢	小雨	11.0	イーストスタッド特別(C1)		11.0	8.0	11.0	10.0	5.0	3	阿部英俊	56.0	ダ1600		重	**	1:41.5	0.0	**	4-5-4-3		38.7	453(-1)			ユウユウスプレマン	10.0																																																																							
2022106894	2025-12-31	水沢	曇	10.0	来年もよろしく!東ス(C1)		12.0	2.0	2.0	4.7	4.0	1	石川倭	56.0	ダ1400		重	**	1:27.4	-0.3	**	5-5-6-2		38.0	452(-1)			(エイシンデュエラー)	50.0																																																																							
2022106903	2025-03-29	2阪神1	晴	5.0	3歳未勝利		15.0	3.0	4.0	220.7	12.0	13	古川奈穂	54.0	芝2000		良	**	2:04.4	2.0	**	14-14-14-14	37.1-35.5	36.1	464(0)			ディスパラール																																																																								
2022106903	2025-04-06	2阪神4	晴	4.0	3歳未勝利		14.0	8.0	13.0	213.3	13.0	7	古川奈穂	54.0	芝2400		良	**	2:27.8	1.2	**	1-1-1-1	36.2-35.5	36.7	462(-2)			セイキュート																																																																								
2022106903	2025-04-19	2阪神7	晴	4.0	3歳未勝利		16.0	3.0	6.0	124.6	14.0	13	団野大成	57.0	芝2200		良	**	2:16.1	2.4	**	3-2-4-6	34.8-35.6	37.8	456(-6)			ファーングロット																																																																								
2022106903	2025-06-15	1函館2	晴	6.0	3歳未勝利		12.0	4.0	4.0			除	古川奈穂	54.0	芝2000		良	**			**		35.0-35.4		458(+2)			レクスノヴァス																																																																								
2022106903	2025-06-21	1函館3	晴	4.0	3歳未勝利		16.0	4.0	8.0	265.7	13.0	16	川端海翼	54.0	芝2000		良	**	2:02.2	2.0	**	5-6-8-11	34.7-36.8	37.5	466(+10)			アオイタケル																																																																								
2022106903	2025-07-27	1札幌2	曇	4.0	3歳未勝利		9.0	8.0	9.0	51.0	8.0	9	古川奈穂	54.0	芝2000		重	**	2:05.6	2.8	**	2-2-2-6	36.0-35.8	38.4	462(-4)			ヨヒーン																																																																								
2022106903	2025-10-28	門別	晴	7.0	3歳以上C4ー2		9.0	8.0	8.0	6.0	3.0	5	桑村真明	57.0	ダ1200		稍	**	1:17.6	1.2	**	8-5		39.8	470(+8)			タイセイサージ	2.8																																																																							
2022106903	2025-11-11	門別	曇	7.0	3歳以上C4ー2		15.0	8.0	15.0	4.4	2.0	6	桑村真明	57.0	ダ1200		稍	**	1:17.6	1.2	**	2-2		40.4	470(0)			クレーバーベン																																																																								
2022106903	2025-12-08	水沢	曇	2.0	C2十一組		9.0	5.0	5.0	3.1	3.0	1	村上忍	56.0	ダ1300		重	**	1:22.6	-0.4	**	1-1-1-1		38.0	485(+15)			(ミエノシリウス)	40.0																																																																							
2022106903	2025-12-21	水沢	曇	5.0	C2八組		11.0	6.0	6.0	1.1	1.0	1	村上忍	56.0	ダ1300		重	**	1:21.7	-0.5	**	2-2-2-2		38.1	474(-11)			(アイビースピネル)	40.0																																																																							
2022106903	2025-12-31	水沢	曇	2.0	C2三組		11.0	2.0	2.0	1.0	1.0	1	村上忍	56.0	ダ1400		重	**	1:29.1	-0.8	**	1-1-1-1		40.0	475(+1)			(アカイツメ)	40.0																																																																							
2022106907	2024-06-08	1函館1		5.0	2歳新馬								横山武史		芝1000				0:58.6	1.0		3-3	33.8-34.8	35.1	396(0)					晴		11.0	3.0	3.0	7.5	5.0	8	55.0	良	**	**		ヒデノブルースカイ																																																									
2022106907	2024-08-11	2札幌2		1.0	2歳未勝利								小林勝太		芝1200				1:10.6	1.0		6-6	34.8-34.8	34.8	396(0)				55.0	晴		7.0	5.0	5.0	39.7	6.0	5	53.0	良	**	**		モズナナスター																																																									
2022106907	2024-08-31	2札幌7		1.0	2歳未勝利								小林勝太		芝1200				1:12.1	0.7		4-3	35.3-36.1	36.3	400(+4)				55.0	曇		13.0	5.0	7.0	27.4	8.0	5	53.0	重	**	**		オイランブチ																																																									
2022106907	2024-10-06	4新潟2		6.0	2歳未勝利								小林勝太		芝1000				0:55.6	0.2		2	33.1-33.0	32.8	404(+4)				83.0	晴		12.0	4.0	4.0	31.6	8.0	4	53.0	良	**	**		シュラフ																																																									
2022106907	2024-11-09	3福島3		3.0	2歳未勝利								荻野極		芝1200				1:10.7	0.5		3-3	34.6-35.6	35.8	406(+2)				140.0	晴		16.0	6.0	12.0	12.9	6.0	3	55.0	良	**	**		タマモブラウンタイ																																																									
2022106907	2024-12-08	5中山4		2.0	2歳未勝利								横山典弘		芝1200				1:09.5	0.9		9-9	33.6-35.0	34.9	406(0)				55.0	晴		16.0	4.0	8.0	24.6	6.0	5	55.0	良	**	**		マイネルステラート																																																									
2022106907	2024-12-22	5中山8		3.0	2歳未勝利								横山典弘		芝1200				1:10.1	0.3		15-14	33.5-36.3	35.3	406(0)				55.0	晴		16.0	5.0	9.0	38.4	8.0	5	55.0	良	**	**		ミクストベリーズ																																																									
2022106907	2025-06-28	2福島1		8.0	3歳未勝利								横山典弘		芝1200				1:09.2	0.3		8-7	33.1-35.8	35.5	404(-2)				84.0	晴		16.0	4.0	8.0	5.8	3.0	4	55.0	良	**	**		バシレイア																																																									
2022106907	2025-07-20	1函館12		6.0	3歳未勝利								横山和生		芝1200				1:08.7	0.3		6-5	33.6-34.8	34.6	404(0)				84.0	晴		16.0	1.0	1.0	14.9	6.0	4	55.0	良	**	**		ヒットザグラウンド																																																									
2022106907	2025-08-16	1札幌7		4.0	3歳未勝利								横山和生		芝1500				1:29.0	1.0		2-2-2	29.3-35.4	36.3	404(0)					晴		14.0	8.0	13.0	17.9	7.0	7	55.0	良	**	**		ワタシマツワ																																																									
2022106907	2025-08-31	2札幌4		8.0	3歳以上1勝クラス								黛弘人		ダ1700				1:48.0	2.9		7-6-6-10	29.3-38.7	39.5	406(+2)					曇		13.0	4.0	5.0	103.4	10.0	12	53.0	稍	**	**		タイヨウフレア																																																									
2022106907	2025-10-14	金沢		9.0	金沢競馬C1プレミア								加藤翔馬		ダ1400				1:30.9	2.8		2-2-3-3		40.6	406(0)					雨		8.0	8.0	8.0	13.0	4.0	7	55.0	不	**	**		モルゲンゾンネ																																																									
2022106907	2025-10-27	金沢		3.0	祝!吉原寛人騎手生誕(C1)								加藤翔馬		ダ1500				1:36.9	0.4		6-6-2-1		39.6	409(+3)				14.4	雨		6.0	3.0	3.0	1.9	1.0	2.0	55.0	不	**	**		ベストタンゴ																																																									
2022106907	2025-11-11	金沢		7.0	香林坊ツリー・ファン(C1)								加藤翔馬		ダ900				0:56.4	0.3		1-1		37.1	409(0)				15.3	曇		9.0	4.0	4.0	1.6	1.0	2.0	55.0	稍	**	**		ワンダフルガイ																																																									
2022106907	2025-11-24	金沢		6.0	楽天ポイントで馬券が(C1)								吉原寛人		ダ900				0:57.3	1.4		3-2		37.6	412(+3)					曇		9.0	8.0	9.0	3.6	3.0	6.0	55.0	稍	**	**		ミラコロエクラ																																																									
2022106907	2025-12-08	金沢		5.0	C14　特別編成(C1特別)								鈴木太一		ダ1500				1:39.0	2.0		1-1-2-3		41.5	411(-1)					雨		7.0	1.0	1.0	4.2	3.0	7.0	55.0	重	**	**		グリーナリー																																																									
2022106907	2025-12-19	金沢		3.0	熊本ゴメン球団結成2(C1)								吉原寛人		ダ1400				1:30.0	1.3		3-3-2-2		39.2	413(+2)				14.4	晴		10.0	5.0	5.0	10.5	3.0	2.0	55.0	重	**	**		ベンメリア																																																									
2022106907	2025-12-27	金沢		6.0	C18								加藤聡一		ダ1500				1:37.4	2.2		3-3-2-2		39.7	412(-1)					曇		12.0	1.0	1.0	54.5	5.0	6.0	55.0	不	**	**		カービスベイ																																																									
2022106921	2024-10-13	4東京3	晴	5.0	2歳新馬		15.0	7.0	13.0	181.1	14.0	13	江田照男	56.0	芝1600		良	**	1:39.2	1.4	**	1-2	37.8-33.7	35.1	468(0)			テイクイットオール																																																																								
2022106921	2024-10-27	4東京8	晴	1.0	2歳未勝利		12.0	7.0	9.0	163.0	11.0	9	木幡育也	56.0	ダ1400		良	**	1:27.3	1.3	**	2-2	36.3-37.3	38.4	466(-2)			クニノハッピー																																																																								
2022106921	2024-11-09	3福島3	晴	1.0	2歳未勝利		13.0	3.0	3.0	37.5	8.0	5	長浜鴻緒	53.0	ダ1150		良	**	1:10.6	1.3	**	10-10	31.6-37.7	37.0	466(0)			ゼンダンタカ	55.0																																																																							
2022106921	2024-11-30	5中山1	晴	1.0	2歳未勝利		16.0	4.0	8.0	55.8	9.0	5	長浜鴻緒	53.0	ダ1200		稍	**	1:13.1	0.4	**	10-9	34.1-38.6	37.6	470(+4)			サノノアメリカン	55.0																																																																							
2022106921	2025-02-15	1東京5	晴	1.0	3歳未勝利		16.0	6.0	11.0	41.9	10.0	3	木幡育也	57.0	ダ1400		良	**	1:27.9	0.3	**	14-12	36.0-38.5	37.6	470(0)			マイネルブリオン	140.0																																																																							
2022106921	2025-03-09	2中山4	晴	2.0	3歳未勝利		16.0	3.0	6.0	7.6	5.0	6	佐々木大	57.0	ダ1200		重	**	1:12.8	1.2	**	9-9	34.1-37.5	37.3	468(-2)			ナインオブレター																																																																								
2022106921	2025-04-06	3中山4	曇	2.0	3歳未勝利		16.0	1.0	2.0	8.1	3.0	11	佐々木大	57.0	ダ1200		稍	**	1:15.0	2.4	**	15-14	35.2-37.4	38.0	470(+2)			クインズシフォン																																																																								
2022106921	2025-04-27	2東京2	晴	3.0	3歳未勝利		15.0	7.0	12.0	14.6	4.0	8	長浜鴻緒	55.0	ダ1300		稍	**	1:20.5	1.9	**	14-14	29.8-36.5	36.4	462(-8)			ガンハンマー																																																																								
2022106921	2025-05-10	2東京5	小雨	3.0	3歳未勝利		15.0	2.0	3.0	21.1	5.0	5	菅原明良	57.0	ダ1600		重	**	1:37.4	1.3	**	10-7	35.6-35.6	36.0	468(+6)			ヘリオトロープ	56.0																																																																							
2022106921	2025-05-25	2東京10	曇	2.0	3歳未勝利		16.0	8.0	16.0	35.2	7.0	10	菅原明良	57.0	ダ1600		不	**	1:37.5	1.2	**	12-11	34.8-36.3	36.0	470(+2)			デルマムーン																																																																								
2022106921	2025-06-14	3東京3	曇	7.0	3歳未勝利		16.0	2.0	4.0	31.8	5.0	4	武藤雅	57.0	ダ1600		良	**	1:38.1	0.3	**	9-7	35.9-37.1	36.9	462(-8)			ブラーブデシジョン	84.0																																																																							
2022106921	2025-06-28	2福島1	晴	3.0	3歳未勝利		15.0	6.0	11.0	19.4	7.0	6	武藤雅	57.0	ダ1700		良	**	1:47.8	0.6	**	10-10-8-9	29.7-40.4	39.3	460(-2)			ベルチュガダン																																																																								
2022106921	2025-08-30	3新潟3	曇	4.0	3歳未勝利		15.0	6.0	11.0	13.3	6.0	7	岩田望来	57.0	ダ1800		良	**	1:56.2	2.5	**	13-13-13-10	37.1-38.3	39.0	454(-6)			ライヴスプーン																																																																								
2022106921	2025-09-15	4中山5	曇	8.0	3歳以上1勝クラス		14.0	4.0	5.0	174.8	12.0	12	武藤雅	55.0	芝2500		良	**	2:35.5	3.8	**	2-2-7-11	30.2-35.3	38.4	454(0)			キングズトゥルー																																																																								
2022106921	2025-09-20	4中山6	曇	6.0	3歳以上1勝クラス		11.0	7.0	9.0	165.4	10.0	10	佐藤翔馬	52.0	ダ2400		重	**	2:39.7	3.9	**	8-8-8-8	40.3-36.7	40.0	452(-2)			プレシャスデイ																																																																								
2022106921	2025-10-27	浦和	晴	5.0	C2三　四		11.0	6.0	6.0	14.3	3.0	6	半澤慶実	56.0	ダ1500		重	**	1:35.5	1.6	**	6-7-6-6	31.2-36.8	37.8	476(+24)			エンタープライズ																																																																								
2022106921	2025-11-25	浦和	雨	7.0	C2三　四		10.0	1.0	1.0	16.9	5.0	4	半澤慶実	56.0	ダ1500		良	**	1:38.1	1.0	**	6-6-8-5	29.9-39.9	40.5	470(-6)			ウォーアンセム	15.0																																																																							
2022106921	2025-12-22	浦和	晴	12.0	冬の星特別(C2)		11.0	6.0	8.0	4.7	2.0	9	岡田大	56.0	ダ2000		良	**	2:15.8	2.5	**	2-2-7-9	38.7-41.3	43.2	475(+5)			アンダラクリスタル																																																																								
2022106921	2026-01-07	浦和	曇	12.0	浦和ジョッキーズトラ(C2)		12.0	7.0	9.0	23.0	8.0	3	及川烈	56.0	ダ2000		稍	**	2:14.0	0.1	**	10-10-2-4	37.8-41.4	41.3	478(+3)			サマーストーリー	37.5																																																																							
2022106925	2024-12-15	7京都6	晴	6.0	2歳新馬		16.0	2.0	3.0	2.4	1.0	2	ムーア	56.0	ダ1800		良	**	1:55.1	0.3	**	2-2-2-2	36.6-38.3	38.5	514(0)			ショーダンサー	290.0																																																																							
2022106925	2025-01-05	1中京1	晴	3.0	3歳未勝利		16.0	3.0	5.0	1.5	1.0	1	高杉吏麒	55.0	ダ1900		良	**	2:02.2	0.0	**	2-2-3-2	30.2-39.0	38.8	510(-4)			(アメリカンバー)	560.0																																																																							
2022106925	2025-01-18	1中京6	晴	4.0	3歳1勝クラス		16.0	8.0	16.0	57.2	11.0	11	高杉吏麒	56.0	ダ1800		良	**	1:54.7	1.7	**	2-2-3-3	37.1-37.7	39.1	504(-6)			ベルベルコンパス																																																																								
2022106925	2025-03-16	2中京2	小雨	10.0	昇竜S(OP)		12.0	8.0	11.0	43.0	10.0	2	シュタル	57.0	ダ1400		重	**	1:23.4	0.2	**	2-2	34.5-37.0	36.9	500(-4)			マテンロウコマンド	729.4																																																																							
2022106925	2025-04-06	2阪神4	晴	9.0	バイオレットS(OP)		15.0	1.0	1.0	24.3	7.0	15	シュタル	57.0	ダ1400		良	**	1:27.3	3.3	**	13-14	33.9-38.1	39.2	498(-2)			ヤマニンチェルキ																																																																								
2022106925	2025-05-31	2京都11	曇	9.0	鳳雛S(L)		9.0	3.0	3.0	13.0	5.0	1	シュタル	57.0	ダ1800		良	**	1:53.8	-0.3	**	3-3-3-2	37.8-36.8	36.5	498(0)			(シャルクハフト)	1921.7																																																																							
2022106925	2025-08-10	2新潟6	雨	7.0	レパードS(GIII)		15.0	8.0	15.0	29.1	10.0	4	高杉吏麒	57.0	ダ1800		不	**	1:51.1	0.6	**	3-4-4-4	35.8-36.9	37.2	508(+10)			ドンインザムード	560.0																																																																							
2022106925	2025-09-02	盛岡	曇	10.0	不来方賞(JpnII)		12.0	6.0	7.0	12.4	4.0	2	高杉吏麒	56.0	ダ2000		不	**	2:01.6	0.4	**	2-2-2-2		35.5	505(-3)			ナルカミ	1400.0																																																																							
2022106925	2025-10-08	大井	晴	11.0	ジャパンダートクラシ(JpnI)		16.0	1.0	1.0	38.1	7.0	4	川田将雅	57.0	ダ2000		良	**	2:06.4	2.7	**	7-7-7-6	35.3-39.0	40.3	506(+1)			ナルカミ	700.0																																																																							
2022106925	2025-11-22	4京都5	晴	11.0	シトリンS(OP)		16.0	8.0	16.0	13.5	6.0	11	高杉吏麒	55.0	ダ1900		良	**	1:59.2	2.3	**	2-3-3-2	29.8-37.5	39.5	506(0)			ムルソー																																																																								
2022106940	2024-07-07	1函館10		5.0	2歳新馬								富田暁		芝1800				1:55.1	1.1		9-9-7-8	38.5-35.6	36.2	456(0)																																															曇		10.0	4.0	4.0	19.0	6.0	7	55.0	稍	**	**		マジックサンズ															
2022106940	2024-08-24	2札幌5		2.0	2歳未勝利								ホー		芝1800				1:50.2	0.0		6-6-6-6	35.8-37.4	35.6	448(-8)				550.0																																											曇		9.0	2.0	2.0	11.8	5.0	1	55.0	良	**	**		(アースグレーザー)															
2022106940	2024-08-31	2札幌7		11.0	札幌2歳S(GIII)								斎藤新		芝1800				1:51.6	1.3		12-12-12-10	36.3-37.2	37.0	440(-8)																																															晴		12.0	7.0	10.0	141.5	12.0	9	55.0	重	**	**		マジックサンズ															
2022106940	2024-11-09	6京都3		11.0	デイリー杯2歳S(GII)								鮫島克駿		芝1600				1:35.8	1.1		4-4	36.0-34.1	34.7	446(+6)																																															晴		7.0	3.0	3.0	13.6	5.0	7	56.0	良	**	**		ランフォーヴァウ															
2022106940	2024-11-23	6京都7		11.0	ラジオN杯京都2歳S(GIII)								団野大成		芝2000				2:01.9	1.0		7-7-7-7	36.8-34.5	35.0	444(-2)																																															曇		8.0	6.0	6.0	158.6	8.0	8	56.0	良	**	**		エリキング															
2022106940	2025-01-05	1中京1		7.0	3歳1勝クラス								鮫島克駿		芝2000				2:02.2	1.3		8-8-1-1	36.9-35.3	36.6	452(+8)																																															晴		9.0	5.0	5.0	134.3	8.0	7	57.0	良	**	**		ミッキーゴールド															
2022106940	2025-01-18	1中京6		4.0	3歳1勝クラス								長岡禎仁		ダ1800				1:54.9	1.9		13-11-15-14	37.1-37.7	38.3	454(+2)																																															晴		16.0	3.0	6.0	207.5	16.0	13	57.0	良	**	**		ベルベルコンパス															
2022106940	2025-03-16	2中山6		11.0	スプリングS(GII)								原優介		芝1800				1:52.4	0.9		9-9-10-11	37.5-38.1	37.9	460(+6)																																															小雨		12.0	2.0	2.0	217.3	12.0	11	57.0	重	**	**		ピコチャンブラック															
2022106940	2025-04-05	2阪神3		9.0	アザレア賞(1勝クラス)								幸英明		芝2400				2:25.7	0.9		9-9-9-9	35.3-36.0	36.0	452(-8)																																															晴		9.0	4.0	4.0	95.0	8.0	7	57.0	良	**	**		ダノンシーマ															
2022106940	2025-06-21	1函館3		10.0	駒ケ岳特別(1勝クラス)								鮫島克駿		芝2600				2:41.6	0.0		6-6-6-5	37.5-35.3	34.8	456(+4)				445.8																																											曇		8.0	4.0	4.0	10.9	6.0	2	54.0	良	**	**		マイファミリー															
2022106940	2025-08-16	1札幌7		7.0	3歳以上1勝クラス								鮫島克駿		芝2600				2:42.7	0.3		7-7-4-6	38.4-35.5	35.4	460(+4)				200.0																																											晴		9.0	3.0	3.0	3.5	3.0	3	55.0	良	**	**		ラーシャローム															
2022106940	2025-09-28	4阪神9		9.0	兵庫特別(2勝クラス)								秋山稔樹		芝2400				2:27.3	1.5		7-7-6-6	38.3-33.7	34.6	454(-6)																																															曇		12.0	7.0	10.0	12.2	4.0	8	51.0	良	**	**		ダノンシーマ															
2022106940	2025-11-24	3福島6		9.0	磐梯山特別(1勝クラス)								鮫島克駿		芝2600				2:40.5	0.7		9-10-10-8	37.8-35.5	35.5	462(+8)																																															曇		16.0	7.0	14.0	18.1	7.0	7	56.0	良	**	**		カーミングライツ															
2022106986	2025-04-06	3中山4	曇	2.0	3歳未勝利		16.0	3.0	6.0	116.8	12.0	10	黛弘人	55.0	ダ1200		稍	**	1:14.9	2.3	**	10-10	35.2-37.4	38.6	434(0)			クインズシフォン																																																																								
2022106986	2025-06-21	3東京5	晴	1.0	3歳未勝利		16.0	1.0	1.0	233.7	15.0	12	丸田恭介	55.0	ダ1600		良	**	1:39.3	1.5	**	7-7	35.0-38.4	38.9	434(0)			メリーサウンド																																																																								
2022106986	2025-08-10	2新潟6	雨	4.0	3歳未勝利		14.0	1.0	1.0	31.5	10.0	12	内田博幸	55.0	ダ1800		稍	**	1:58.9	3.7	**	11-12-14-13	36.4-38.8	39.8	432(-2)			マインドミー																																																																								
2022106986	2025-11-07	名古屋	晴	4.0	C35組		11.0	2.0	2.0	14.1	5.0	4	加藤聡一	55.0	ダ1400		良	**	1:32.0	1.7	**	1-1-2		40.9	443(+11)			タマモサイジョ	8.3																																																																							
2022106986	2025-12-04	名古屋	曇	3.0	C26組		12.0	4.0	4.0	1.9	2.0	2	加藤聡一	55.0	ダ1500		稍	**	1:38.7	1.0	**	1-1-1		41.3	434(-9)			カリビアンブルー	19.3																																																																							
2022106986	2025-12-18	名古屋	晴	6.0	C27組		12.0	6.0	7.0	1.7	1.0	1	加藤聡一	55.0	ダ1500		稍	**	1:38.5	-0.2	**	1-1-1		40.0	429(-5)			(ソダチザカリ)	55.0																																																																							
2022106998	2024-10-26	5京都7		4.0	2歳新馬								藤岡佑介		ダ1400				1:26.6	1.1		9-10	35.8-37.2	37.4	454(0)				110.0																													曇		16.0	5.0	9.0	15.2	4.0	4	56.0	良	**	**		ヴィリアリート																													
2022106998	2024-11-17	6京都6		2.0	2歳未勝利								藤岡佑介		ダ1800				1:56.1	2.5		12-12-5-4	36.8-37.6	39.4	460(+6)				83.0																													曇		12.0	3.0	3.0	3.9	3.0	4	56.0	良	**	**		チュウジョウ																													
2022106998	2024-12-08	7京都4		1.0	2歳未勝利								藤岡佑介		ダ1400				1:27.1	1.6		10-9	35.2-37.7	38.4	462(+2)				83.0																													晴		11.0	6.0	7.0	8.8	4.0	4	56.0	良	**	**		ベルジュロネット																													
2022106998	2025-02-01	1京都1		3.0	3歳未勝利								池添謙一		ダ1400				1:25.8	0.3		4-3	36.0-37.2	37.1	460(-2)				220.0																													晴		15.0	3.0	4.0	19.3	6.0	2	57.0	良	**	**		ハクサンアイリス																													
2022106998	2025-02-16	1京都6		3.0	3歳未勝利								池添謙一		ダ1400				1:26.8	-0.3		6-3	35.8-38.2	37.7	460(0)				560.0																													曇		16.0	5.0	9.0	2.8	2.0	1	57.0	稍	**	**		(モズケイスター)																													
2022106998	2025-03-23	2中山8		8.0	3歳1勝クラス								大野拓弥		ダ1200				1:12.5	1.3		9-9	33.8-37.4	37.7	462(+2)																																	晴		15.0	8.0	15.0	32.0	9.0	6	57.0	良	**	**		アスタールフナ																													
2022106998	2025-04-26	2東京1		6.0	3歳1勝クラス								田辺裕信		ダ1600				1:37.6	0.4		15-15	35.4-36.5	35.7	460(-2)																																	曇		16.0	4.0	7.0	163.0	12.0	11	57.0	稍	**	**		トルショー																													
2022106998	2025-11-16	3福島4		3.0	3歳以上1勝クラス								永島まな		ダ1700				1:46.9	0.9		14-14-14-14	29.2-38.7	37.9	468(+8)				80.0																													晴		15.0	5.0	8.0	11.7	4.0	5	54.0	良	**	**		ユウェンタース																													
2022106998	2025-11-30	4京都8		4.0	3歳以上1勝クラス								永島まな		ダ1400				1:26.1	0.9		14-11	34.6-38.0	37.8	466(-2)																																	晴		16.0	4.0	7.0	21.0	7.0	6	55.0	良	**	**		アンビシャスヨシノ																													
2022106998	2026-01-17	1京都6		7.0	4歳以上1勝クラス								池添謙一		ダ1400				1:25.6	0.6		10-9	36.0-36.6	36.2	462(-4)				120.0																													晴		15.0	7.0	13.0	19.5	6.0	4	57.0	良				レーティッシュ																													
2022107072	2024-12-22	5中山8		5.0	2歳新馬								横山和生		ダ1200				1:18.3	5.1		13-15	35.2-38.0	41.2	476(0)					晴		16.0	4.0	8.0	12.9	3.0	14.0	55.0	良	**	**		シュヴァルボヌール																																																									
2022107074	2024-10-06	4東京2		5.0	2歳新馬								三浦皇成		芝1800				1:50.8	1.6		17-16-15	36.4-33.8	34.0	496(0)					曇		17.0	3.0	6.0	135.8	11.0	11.0	56.0	良	**	**		ガルダイア																																																									
2022107074	2024-12-22	5中山8		2.0	2歳未勝利								野中悠太		ダ1800				1:59.0	1.3		10-10-7-8	37.3-41.5	42.1	506(+10)					晴		16.0	3.0	6.0	70.9	11.0	6.0	56.0	良	**	**		ドーバーブライト																																																									
2022107074	2025-01-12	1中山4		2.0	3歳未勝利								三浦皇成		ダ1800				1:57.8	3.6		9-9-8-8	37.0-38.8	41.0	502(-4)					曇		16.0	3.0	5.0	65.5	7.0	7.0	57.0	良	**	**		サムシャイン																																																									
2022107074	2025-03-01	2中山1		3.0	3歳未勝利								三浦皇成		ダ1800				1:57.2	0.6		13-13-12-9	37.3-39.5	38.8	502(0)				84.0	晴		16.0	8.0	15.0	39.4	8.0	4.0	57.0	良	**	**		フィールオーサム																																																									
2022107074	2025-03-23	2中山8		1.0	3歳未勝利								三浦皇成		ダ1800				1:56.8	1.2		5-5-4-5	38.1-38.5	39.3	498(-4)				56.0	晴		16.0	5.0	9.0	8.5	4.0	5.0	57.0	稍	**	**		フジレイメイ																																																									
2022107074	2025-04-19	3中山7		2.0	3歳未勝利								三浦皇成		ダ1800				1:57.3	4.0		9-9-9-10	37.5-38.2	40.0	500(+2)					晴		10.0	8.0	9.0	22.1	5.0	8.0	57.0	良	**	**		リザードアイランド																																																									
2022107074	2025-06-14	3東京3		7.0	3歳未勝利								野中悠太		ダ1600				1:39.4	1.6		14-14	35.9-37.1	37.3	492(-8)					曇		16.0	7.0	13.0	80.5	11.0	14.0	57.0	良	**	**		ブラーブデシジョン																																																									
2022107074	2025-08-09	2新潟5		4.0	3歳未勝利								野中悠太		ダ1800				1:55.8	2.3		9-9-10-10	36.9-38.1	39.0	496(+4)					晴		15.0	7.0	13.0	222.5	13.0	8.0	57.0	良	**	**		ソナタン																																																									
2022107106	2024-11-16	6京都5	曇	5.0	2歳新馬		13.0	8.0	14.0	11.4	6.0	2	浜中俊	56.0	芝1400		良	**	1:23.0	0.2	**	5-4	35.4-35.5	35.4	470(0)			メイショウタマユラ	290.0																																																																							
2022107106	2024-12-08	4中京4	晴	4.0	2歳未勝利		15.0	5.0	8.0	3.0	2.0	1	西塚洸二	55.0	芝1400		良	**	1:22.7	-0.1	**	3-3	34.7-35.9	35.6	464(-6)			(ユーティジャーニー)	550.0																																																																							
2022107106	2025-01-05	1中山1	曇	10.0	ジュニアC(L)		15.0	3.0	4.0	97.5	11.0	10	横山和生	57.0	芝1600		良	**	1:34.8	1.3	**	15-15-15	35.6-34.4	33.9	462(-2)			ファンダム																																																																								
2022107106	2025-03-22	2中山7	晴	5.0	3歳1勝クラス		10.0	7.0	7.0	4.8	2.0	3	横山和生	57.0	芝1600		良	**	1:35.3	0.2	**	7-5-5	35.3-36.0	35.8	464(+2)			アタラシイカドデニ	200.0																																																																							
2022107106	2025-04-06	3中山4	曇	7.0	3歳1勝クラス		9.0	8.0	9.0	12.0	5.0	4	斎藤新	57.0	芝1600		良	**	1:34.7	0.5	**	4-5-4	35.7-34.5	34.7	462(-2)			ジョイフルニュース	120.0																																																																							
2022107106	2025-06-21	3阪神5	晴	12.0	3歳以上1勝クラス		14.0	5.0	8.0	11.4	5.0	6	松山弘平	55.0	芝1600		良	**	1:34.1	0.3	**	7-6	34.7-35.4	35.1	462(0)			リカントロポ																																																																								
2022107106	2025-09-06	4阪神1	晴	7.0	3歳以上1勝クラス		13.0	2.0	2.0	14.0	7.0	4	城戸義政	56.0	芝1600		良	**	1:33.0	0.7	**	7-7	34.7-34.4	34.5	468(+6)			スライビングロード	120.0																																																																							
2022107106	2025-10-12	3京都4	曇	12.0	3歳以上1勝クラス		18.0	8.0	16.0	71.6	12.0	17	城戸義政	56.0	芝1600		良	**	1:34.0	1.3	**	11-11	34.4-34.3	34.5	466(-2)			ワンモアスマイル																																																																								
2022107106	2025-10-19	4新潟2	曇	7.0	3歳以上1勝クラス		18.0	3.0	5.0	34.3	12.0	4	富田暁	56.0	芝1600		稍	**	1:33.9	0.2	**	4-5	34.9-34.1	33.8	462(-4)			ネーブルオレンジ	120.0																																																																							
2022107130	2025-02-01	1東京1	晴	1.0	3歳未勝利		16.0	6.0	12.0	233.5	11.0	4	横山琉人	56.0	ダ1400		良	**	1:26.8	0.4	**	8-9	36.5-37.3	37.0	464(0)			サトノシャムロック	84.0																																																																							
2022107130	2025-02-16	1東京6	晴	1.0	3歳未勝利		16.0	7.0	14.0	3.6	1.0	1	横山琉人	56.0	ダ1300		良	**	1:19.6	-0.2	**	3-3	29.7-37.8	37.4	460(-4)			(ラストシャリナ)	560.0																																																																							
2022107130	2025-03-09	2中山4	晴	6.0	3歳1勝クラス		15.0	6.0	11.0	18.2	9.0	1	横山琉人	56.0	ダ1200		重	**	1:10.5	-0.3	**	5-4	33.4-37.1	36.8	460(0)			(ペイシャマリーン)	800.0																																																																							
2022107130	2025-04-06	2阪神4	晴	9.0	バイオレットS(OP)		15.0	8.0	15.0	21.6	6.0	2	横山琉人	57.0	ダ1400		良	**	1:24.1	0.1	**	6-6	33.9-38.1	37.3	456(-4)			ヤマニンチェルキ	729.4																																																																							
2022107130	2025-10-12	4東京4	曇	12.0	3歳以上2勝クラス		16.0	7.0	13.0	5.0	2.0	8	横山琉人	57.0	ダ1300		良	**	1:19.0	1.3	**	4-4	28.9-36.8	37.5	474(+18)			マーズオデッセイ																																																																								
2022107130	2025-10-25	4東京8	雨	12.0	3歳以上2勝クラス		13.0	2.0	2.0	3.9	2.0	2	菅原明良	56.0	ダ1400		稍	**	1:24.4	0.3	**	2-2	36.4-35.4	35.6	470(-4)			フウセツ	460.0																																																																							
2022107130	2025-11-29	4京都7	晴	8.0	3歳以上2勝クラス		16.0	8.0	15.0	3.2	1.0	2	武豊	57.0	ダ1200		良	**	1:12.0	0.1	**	7-7	35.3-36.6	36.2	468(-2)			トリリオンボーイ	460.0																																																																							
2022107135	2024-10-20	5京都6	晴	3.0	2歳新馬		16.0	4.0	8.0	136.7	15.0	5	田中健	56.0	ダ1200		稍	**	1:15.2	3.0	**	11-7	35.9-36.3	37.0	456(0)			フェデラー	72.0																																																																							
2022107135	2024-11-02	6京都1	雨	2.0	2歳未勝利		11.0	1.0	1.0	50.3	6.0	2	田中健	56.0	ダ1200		不	**	1:13.1	2.4	**	8-10	34.8-35.9	37.1	458(+2)			アメリカンステージ	220.0																																																																							
2022107135	2024-11-16	6京都5	曇	1.0	2歳未勝利		16.0	7.0	14.0	24.3	6.0	8	田中健	56.0	ダ1200		良	**	1:14.1	1.8	**	8-7	35.4-36.9	37.9	456(-2)			ヤマニンチェルキ																																																																								
2022107135	2024-12-01	7京都2	晴	1.0	2歳未勝利		15.0	4.0	6.0	27.4	9.0	4	田中健	56.0	ダ1200		良	**	1:14.2	0.8	**	9-8	35.9-37.5	37.2	456(0)			ペイシャケイプ	83.0																																																																							
2022107135	2024-12-14	7京都5	小雨	1.0	2歳未勝利		15.0	8.0	15.0	24.2	9.0	3	田中健	56.0	ダ1200		良	**	1:14.3	0.1	**	10-7	35.5-38.7	37.7	458(+2)			ショウナンアトレ	140.0																																																																							
2022107135	2025-01-06	1中京2	雨	2.0	3歳未勝利		16.0	3.0	5.0	29.2	8.0	7	田中健	57.0	ダ1200		良	**	1:14.1	1.5	**	14-11	35.4-37.2	37.3	458(0)			カフェロワイヤル																																																																								
2022107135	2025-03-23	1阪神8	晴	2.0	3歳未勝利		16.0	3.0	5.0	22.4	8.0	5	田中健	57.0	ダ1200		良	**	1:14.5	0.8	**	13-12	35.8-37.9	37.4	462(+4)			ミルトライディーン	56.0																																																																							
2022107135	2025-04-06	2阪神4	晴	3.0	3歳未勝利		16.0	2.0	3.0	34.6	8.0	5	田中健	57.0	ダ1400		良	**	1:26.9	1.0	**	9-9	35.5-37.7	38.1	458(-4)			ザックザク	56.0																																																																							
2022107135	2025-04-20	2阪神8	曇	1.0	3歳未勝利		16.0	6.0	11.0	17.1	8.0	4	田中健	57.0	ダ1400		良	**	1:26.9	1.1	**	9-9	34.4-39.0	39.1	458(0)			ニューオーリンズ	84.0																																																																							
2022107135	2025-05-03	2京都3	晴	2.0	3歳未勝利		16.0	4.0	8.0	34.7	7.0	4	田中健	57.0	ダ1400		重	**	1:24.4	0.8	**	11-11	34.9-36.7	36.0	458(0)			ソリスクラヴィス	84.0																																																																							
2022107135	2025-05-18	2京都8	晴	1.0	3歳未勝利		16.0	4.0	7.0	8.4	2.0	3	団野大成	57.0	ダ1400		重	**	1:24.2	0.3	**	9-7	35.1-36.9	36.1	456(-2)			ラファル	140.0																																																																							
2022107135	2025-05-31	2京都11	曇	2.0	3歳未勝利		16.0	8.0	16.0	8.1	3.0	7	団野大成	57.0	ダ1400		良	**	1:25.4	0.4	**	6-4	35.1-37.5	37.5	450(-6)			モレポブラーノ																																																																								
2022107135	2025-07-10	名古屋	晴	10.0	名古屋CCマスカット(3歳)		12.0	5.0	6.0	1.3	1.0	1	團野大成	57.0	ダ1500		良	**	1:35.5	-0.8	**	8-5-2		38.1	456(+6)			(ロイヤルイブキ)	140.0																																																																							
2022107135	2025-11-01	3京都10	晴	7.0	3歳以上1勝クラス		16.0	7.0	14.0	86.4	12.0	9	丹内祐次	57.0	ダ1400		重	**	1:24.8	1.1	**	14-14	35.0-36.6	36.5	468(+12)			ヴリトラハン																																																																								
2022107135	2025-12-11	園田	晴	10.0	ノースポール賞B1		8.0	3.0	3.0	3.0	2.0	2	笹田知宏	57.0	ダ1400		良	**	1:31.7	0.3	**	4-4-4-3		37.5	469(+1)			ウインディーパレス	60.0																																																																							
2022107182	2024-12-22	5中山8		6.0	2歳新馬								ムーア		芝1600				1:36.6	0.0		4-5-4	36.2-35.6	35.2	502(0)				720.0	晴		15.0	3.0	5.0	2.1	1.0	1.0	56.0	良	**	**		(ショウナンマリーナ)																																																									
2022107182	2025-01-05	1中山1		10.0	ジュニアC(L)								佐々木大		芝1600				1:34.2	0.7		11-6-6	35.6-34.4	34.5	508(+6)				300.0	曇		15.0	1.0	1.0	11.4	5.0	4.0	57.0	良	**	**		ファンダム																																																									
2022107182	2025-10-25	4新潟3		12.0	3歳以上1勝クラス								鮫島克駿		芝1400				1:21.8	0.5		15-14	34.3-35.2	34.4	508(0)				80.0	曇		17.0	2.0	4.0	3.6	1.0	5.0	56.0	良	**	**		ワタシマツワ																																																									
2022107204	2024-07-06	1函館9		5.0	2歳新馬								大野拓弥		芝1200				1:11.9	1.1		6-7	34.9-35.9	36.4	432(0)					曇		11.0	5.0	5.0	53.4	10.0	8.0	55.0	良	**	**		ピコローズ																																																									
2022107204	2024-09-28	4中山8		2.0	2歳未勝利								佐藤翔馬		芝1200				1:10.8	1.4		9-9	34.2-35.2	35.8	430(-2)					曇		13.0	7.0	11.0	152.3	8.0	10.0	52.0	良	**	**		ラトルシェ																																																									
2022107204	2024-10-14	4新潟4		1.0	2歳未勝利								池添謙一		ダ1200				1:14.5	2.0		12-12	34.3-38.2	38.1	434(+4)					晴		13.0	6.0	8.0	85.8	11.0	10.0	55.0	良	**	**		シルフズミスチーフ																																																									
2022107204	2024-12-22	5中山8		3.0	2歳未勝利								佐藤翔馬		芝1200				1:11.7	1.9		11-13	33.5-36.3	37.3	440(+6)					晴		16.0	7.0	14.0	416.2	16.0	15.0	52.0	良	**	**		ミクストベリーズ																																																									
2022107204	2025-02-16	1小倉8		2.0	3歳未勝利								河原田菜		芝1200				1:11.3	1.7		15-15	34.7-34.9	35.2	440(0)					曇		18.0	6.0	11.0	479.2	18.0	15.0	51.0	良	**	**		チェルビアット																																																									
2022107231	2024-12-28	7京都9	晴	5.0	2歳新馬		16.0	8.0	16.0	16.6	6.0	5	幸英明	56.0	芝2000		良	**	2:04.2	1.0	**	6-6-7-6	36.7-35.6	36.2	464(0)			ムーンライトラガー	72.0																																																																							
2022107231	2025-03-15	2中京1	曇	5.0	3歳未勝利		18.0	2.0	4.0	15.3	5.0	7	シュタル	57.0	芝2000		良	**	2:02.1	1.2	**	3-3-3-4	35.7-35.5	36.4	456(-8)			プレミアシップ																																																																								
2022107231	2025-04-06	2阪神4	晴	4.0	3歳未勝利		14.0	4.0	5.0	6.2	3.0	12	シュタル	57.0	芝2400		良	**	2:29.5	2.9	**	6-6-7-10	36.2-35.5	37.4	454(-2)			セイキュート																																																																								
2022107231	2025-07-12	2小倉5	晴	7.0	3歳未勝利		18.0	3.0	6.0	46.4	9.0	15	吉村誠之	56.0	芝2000		良	**	2:05.5	3.7	**	4-4-6-11	35.3-37.2	40.2	444(-10)			ノーランサンライズ																																																																								
2022107231	2025-08-14	笠松	晴	8.0	楽天競馬×楽天モバイ(3歳)		9.0	4.0	4.0	3.8	2.0	5	渡辺竜也	57.0	ダ1400		良	**	1:33.0	2.7	**	3-3-3		42.4	464(+20)			ビップクララ	4.5																																																																							
2022107231	2025-09-09	笠松	晴	1.0	3歳8組		7.0	6.0	6.0	48.3	6.0	7	藤原幹生	57.0	ダ1400		良	**	1:35.5	5.1	**	1-2-5		45.4	466(+2)			ランドプリメーロ																																																																								
2022107231	2025-09-23	笠松	曇	2.0	後藤様誕生日・内定お(3歳)		8.0	6.0	6.0	9.4	4.0	7	渡辺竜也	57.0	ダ1400		良	**	1:35.3	1.8	**	4-5-5		41.5	466(0)			シンクロボンバイエ																																																																								
2022107231	2025-10-07	笠松	曇	7.0	C22組		9.0	8.0	8.0	9.5	5.0	8	渡辺竜也	57.0	ダ1400		良	**	1:37.0	2.6	**	4-4-4		45.4	461(-5)			ウインクルホープ																																																																								
2022107233	2024-10-05	4東京1		5.0	2歳新馬								丸田恭介		芝2000				2:04.2	1.8		6-6-6	37.5-33.8	34.4	456(0)																			小雨		12.0	5.0	6.0	242.3	12.0	11	56.0	稍	**	**		レッドキングリー																																											
2022107233	2024-10-20	4東京6		3.0	2歳未勝利								木幡巧也		芝1800				1:51.0	1.0		9-8-7	37.2-33.9	34.2	460(+4)																			晴		10.0	8.0	9.0	125.6	7.0	6	56.0	良	**	**		プレシャスデイ																																											
2022107233	2024-11-09	5東京3		3.0	2歳未勝利								木幡巧也		芝2000				2:04.6	2.1		12-12-11	38.0-34.1	35.3	456(-4)																			晴		12.0	8.0	11.0	355.5	11.0	12	56.0	良	**	**		リアンベーレ																																											
2022107233	2024-11-24	5東京8		4.0	2歳未勝利								木幡巧也		芝2000				2:03.8	2.1		10-10-8	37.0-33.9	35.1	450(-6)																			晴		12.0	6.0	7.0	436.4	11.0	8	56.0	良	**	**		ウィクトルウェルス																																											
2022107233	2025-01-12	1中山4		5.0	3歳未勝利								杉原誠人		芝2000				2:03.5	1.5		13-13-16-16	36.6-36.1	36.0	454(+4)																			曇		18.0	4.0	7.0	415.6	16.0	14	57.0	良	**	**		ニシノエピカリ																																											
2022107233	2025-02-01	1東京1		6.0	3歳未勝利								杉原誠人		芝1800				1:49.8	0.6		5-4-5	36.5-34.1	34.4	450(-4)																			晴		16.0	2.0	3.0	573.0	16.0	9	57.0	良	**	**		タイセイプランセス																																											
2022107233	2025-03-02	2中山2		2.0	3歳未勝利								杉原誠人		ダ1800				1:57.4	1.9		16-15-14-13	36.7-39.8	40.0	454(+4)				140.0															晴		16.0	1.0	1.0	92.7	11.0	3	57.0	良	**	**		アイオリア																																											
2022107233	2025-03-23	2中山8		1.0	3歳未勝利								杉原誠人		ダ1800				1:57.5	1.9		10-10-10-8	38.1-38.5	39.3	458(+4)																			晴		16.0	3.0	5.0	15.6	5.0	9	57.0	稍	**	**		フジレイメイ																																											
2022107233	2025-06-15	1函館2		2.0	3歳未勝利								古川奈穂		ダ1700				1:46.5	0.5		13-13-9-8	29.9-38.6	38.2	454(-4)				220.0															晴		14.0	3.0	3.0	136.6	12.0	2	54.0	良	**	**		ライフゲート																																											
2022107233	2025-06-29	1函館6		4.0	3歳未勝利								古川奈穂		ダ1700				1:47.7	0.7		6-4-4-4	30.6-37.9	38.3	456(+2)				84.0															曇		9.0	3.0	3.0	7.7	4.0	4	54.0	良	**	**		ミッキーコンドル																																											
2022107233	2025-07-12	1函館9		4.0	3歳未勝利								古川奈穂		ダ1700				1:48.1	0.5		12-12-7-7	30.4-38.8	38.5	456(0)				220.0															晴		14.0	3.0	4.0	4.9	3.0	2	54.0	良	**	**		ララエキリーブル																																											
2022107233	2025-07-19	1函館11		6.0	3歳未勝利								古川奈穂		ダ1700				1:46.6	0.1		11-8-7-7	29.5-39.1	38.6	454(-2)				220.0															晴		13.0	6.0	10.0	8.9	5.0	2	54.0	良	**	**		モリノアミーゴ																																											
2022107233	2025-08-03	1札幌4		4.0	3歳未勝利								古川奈穂		ダ1700				1:47.9	0.8		6-6-5-3	30.1-39.6	39.9	458(+4)				84.0															晴		14.0	8.0	14.0	4.2	2.0	4	54.0	良	**	**		ザハント																																											
2022107233	2025-08-17	1札幌8		4.0	3歳未勝利								古川奈穂		ダ1700				1:48.8	2.0		11-9-8-9	30.7-38.0	38.8	462(+4)																			雨		14.0	7.0	12.0	7.5	5.0	7	54.0	良	**	**		マナエトレ																																											
2022107233	2025-08-31	2札幌4		12.0	3歳以上1勝クラス								古川奈穂		ダ1700				1:46.3	0.9		10-11-12-11	30.2-37.7	37.1	468(+6)																			曇		12.0	7.0	10.0	74.6	10.0	7	52.0	稍	**	**		アイオリア																																											
2022107233	2025-10-19	4新潟2		6.0	3歳以上1勝クラス								古川奈穂		ダ1800				1:54.1	1.4		12-12-8-9	36.2-38.0	38.5	456(-12)																			曇		15.0	8.0	14.0	50.7	12.0	7	53.0	重	**	**		ケーヴァラ																																											
2022107233	2025-10-26	4新潟4		8.0	3歳以上1勝クラス								古川吉洋		ダ1800				1:53.8	1.5		11-11-12-12	36.2-37.6	38.0	450(-6)				80.0															雨		12.0	5.0	5.0	63.7	10.0	5	56.0	稍	**	**		テーオーマルコーニ																																											
2022107233	2025-11-23	5東京5		7.0	3歳以上1勝クラス								菊沢一樹		ダ2100				2:13.7	1.1		14-13-12-10	31.2-37.0	37.1	460(+10)																			曇		16.0	6.0	12.0	45.7	12.0	8	56.0	良	**	**		タイキインドラ																																											
2022107233	2025-12-13	5中京3		3.0	3歳以上1勝クラス								石神深道		ダ1900				2:02.2	1.3		8-8-10-12	31.2-38.4	38.6	458(-2)																			曇		12.0	6.0	7.0	140.5	10.0	6	54.0	良	**	**		ギュルヴィ																																											
2022107233	2026-01-18	1中山7		6.0	4歳以上1勝クラス								石神深道		ダ1800				1:56.6	1.0		1-1-5-4	38.5-38.6	39.2	468(+10)				120.0																																																									晴		14.0	8.0	13.0	99.4	9.0	4	54.0	良	**	**		リラゲイル	202606010706
2022107239	2024-06-08	4京都3		5.0	2歳新馬								田口貫太		芝1600				1:36.1	2.0		7-8	34.4-36.6	37.3	446(0)					晴		12.0	3.0	3.0	66.5	10.0	7.0	54.0	良	**	**		サニーサルサ																																																									
2022107239	2024-08-31	2中京7		1.0	2歳未勝利								藤懸貴志		ダ1800				1:56.2	2.1		1-1-1-1	37.1-38.5	40.6	450(+4)					小雨		11.0	2.0	2.0	29.8	8.0	6.0	55.0	不	**	**		ロードラビリンス																																																									
2022107239	2024-09-22	3中京7		2.0	2歳未勝利								藤懸貴志		ダ1800				1:59.0	3.7		4-4-5-5	38.3-39.0	42.4	444(-6)					曇		11.0	7.0	8.0	93.8	9.0	10.0	55.0	良	**	**		イサナ																																																									
2022107239	2024-12-22	7京都8		1.0	2歳未勝利								菱田裕二		ダ1400				1:28.7	2.6		5-9	35.3-38.2	40.5	444(0)					曇		16.0	1.0	2.0	197.4	13.0	13.0	55.0	良	**	**		オリージネアリア																																																									
2022107239	2025-01-25	1中京8		5.0	3歳未勝利								酒井学		芝1400				1:24.3	2.2		17-16	34.7-35.3	35.7	438(-6)					晴		18.0	7.0	15.0	372.3	17.0	15.0	55.0	良	**	**		チムグクル																																																									
2022107239	2025-05-03	2京都3		3.0	3歳未勝利								田口貫太		芝1600				1:38.6	2.5		18-17	36.9-33.4	34.4	440(+2)					晴		18.0	4.0	7.0	394.4	15.0	16.0	55.0	稍	**	**		レディーミコノス																																																									
2022107239	2025-06-03	金沢		2.0	3歳B　5								中島龍也		ダ1400				1:30.1	-0.1		4-5-4-3		38.5	452(+12)				43.0	雨		10.0	7.0	8.0	3.5	2.0	1.0	55.0	不	**	**		(マルモジーニー)																																																									
2022107239	2025-06-17	金沢		6.0	3歳B　2								青柳正義		ダ1500				1:36.8	0.2		4-3-3-3		39.6	443(-9)				13.7	晴		10.0	3.0	3.0	6.9	4.0	2.0	55.0	良	**	**		フェルナンダ																																																									
2022107239	2025-06-29	金沢		8.0	祝!金沢の龍リーディ(3歳)								笹川翼		ダ1500				1:36.8	0.7		5-5-2-2		41.0	446(+3)				15.3	晴		8.0	7.0	7.0	3.2	2.0	2.0	55.0	良	**	**		キタノダイヤ																																																									
2022107239	2025-07-27	金沢		10.0	能登復興祈念百万石か(重賞)								澤田龍哉		ダ1700				1:50.5	1.9		10-10-10-9		36.8	442(-4)					晴		11.0	5.0	5.0	103.6	8.0	6.0	55.0	良	**	**		リトルサムシング																																																									
2022107239	2025-09-08	金沢		9.0	アンバー特別(3歳)								中島龍也		ダ1400				1:30.1	0.7		5-5-2-2		39.2	445(+3)				7.2	曇		9.0	4.0	4.0	1.6	1.0	3.0	55.0	不	**	**		モズミラクル																																																									
2022107239	2025-09-23	金沢		5.0	C25								中島龍也		ダ1500				1:37.4	-0.2		1-1-1-1		39.2	442(-3)				43.0	曇		10.0	2.0	2.0	1.6	1.0	1.0	55.0	良	**	**		(ルミナヴィクター)																																																									
2022107239	2025-10-14	金沢		4.0	C13　特別編成(C1特別)								中島龍也		ダ1500				1:37.4	0.8		3-3-3-3		40.0	444(+2)					雨		9.0	4.0	4.0	1.4	1.0	6.0	55.0	稍	**	**		ネガイハカナウ																																																									
2022107239	2025-11-10	金沢		5.0	アイドルVtuber(C1)								柴田勇真		ダ1500				1:39.1	1.3		6-5-5-5		39.8	444(0)				7.2	曇		8.0	1.0	1.0	4.3	2.0	3.0	55.0	重	**	**		ベルアーブル																																																									
2022107239	2025-11-25	金沢		3.0	C19								中島龍也		ダ1400				1:32.0	1.7		3-3-2-3		41.2	443(-1)				5.4	雨		9.0	4.0	4.0	8.9	2.0	4.0	55.0	重	**	**		シャイニーズラン																																																									
2022107239	2025-12-08	金沢		1.0	がんさん昨日が誕生日(C1特別)								中島龍也		ダ1500				1:39.8	1.1		6-6-4-5		40.2	440(-3)					雨		9.0	7.0	7.0	1.9	1.0	7.0	55.0	重	**	**		クィーンルーラー																																																									
2022107239	2025-12-19	金沢		1.0	C111								中島龍也		ダ1500				1:37.4	0.2		3-3-2-3		38.9	444(+4)				14.4	晴		10.0	1.0	1.0	6.8	3.0	2.0	55.0	重	**	**		ワンダフルガイ																																																									
2022107239	2026-01-13	大井		2.0	C3六　七								笹川翼		ダ1200				1:16.5	1.7		11-9	37.4-37.4	37.6	455(+11)				8.0	晴		15.0	5.0	8.0	45.1	8.0	5.0	54.0	良				デュピュイドローム																																																									
2022107272	2024-11-10	5東京4		4.0	2歳新馬								木幡巧也		ダ1300				1:20.1	-0.2		2-2	31.0-36.3	36.3	536(0)				720.0																																											曇		16.0	5.0	10.0	5.5	2.0	1	56.0	良	**	**		(ピーターライズ)															
2022107272	2024-11-23	5東京7		9.0	カトレアS(OP)								木幡巧也		ダ1600				1:38.7	2.3		8-8	34.3-36.8	38.6	532(-4)																																															晴		16.0	1.0	1.0	184.5	14.0	13	56.0	稍	**	**		ナチュラルライズ															
2022107272	2025-04-26	2東京1		6.0	3歳1勝クラス								木幡巧也		ダ1600				1:37.4	0.2		3-3	35.4-36.5	36.5	536(+4)																																															曇		16.0	6.0	12.0	161.5	11.0	9	57.0	稍	**	**		トルショー															
2022107272	2025-05-10	2東京5		10.0	青竜S(OP)								木幡巧也		ダ1600				1:36.5	0.9		3-3	36.2-35.3	35.8	534(-2)																																															曇		11.0	4.0	4.0	60.6	8.0	7	57.0	重	**	**		ポールセン															
2022107272	2025-05-24	2東京9		6.0	3歳1勝クラス								木幡巧也		ダ1600				1:38.2	0.3		2-2	35.9-36.7	36.9	530(-4)																																															曇		13.0	8.0	14.0	8.4	3.0	7	57.0	良	**	**		フィリップバローズ															
2022107272	2025-09-27	4中山8		8.0	3歳以上1勝クラス								木幡巧也		ダ1200				1:11.2	0.1		2-2	33.3-37.8	37.5	532(+2)				320.0																																											晴		16.0	4.0	7.0	3.2	1.0	2	56.0	良	**	**		ショウナンハクウン															
2022107272	2025-10-11	4東京3		12.0	3歳以上1勝クラス								木幡巧也		ダ1400				1:26.1	1.3		4-5	35.7-36.6	37.4	532(0)																																															小雨		16.0	8.0	15.0	3.2	1.0	6	56.0	稍	**	**		トラヴェリンバンド															
2022107272	2026-01-10	1中山3		12.0	4歳以上1勝クラス								木幡巧也		ダ1200				1:12.5	0.0		6-4	34.7-37.8	37.4	542(+10)				330.0																																											晴		16.0	3.0	6.0	2.3	1.0	2	58.0	良	**	**		キボウノホシ															
2022107284	2024-10-20	4東京6		4.0	2歳新馬								木幡巧也		ダ1400				1:27.8	3.1		3-3	36.2-36.1	38.9	488(0)																																															晴		16.0	5.0	9.0	6.2	2.0	8	55.0	良	**	**		スナッピードレッサ															
2022107284	2024-10-26	4東京7		1.0	2歳未勝利								野中悠太		ダ1600				1:40.2	1.2		5-5	35.2-38.3	39.0	486(-2)				55.0																																											曇		12.0	8.0	12.0	26.2	7.0	5	55.0	良	**	**		クラリネットソナタ															
2022107284	2024-11-23	5東京7		1.0	2歳未勝利								野中悠太		ダ1600				1:39.1	3.3		1-1	35.1-36.0	39.3	488(+2)																																															晴		16.0	1.0	1.0	59.4	6.0	8	55.0	稍	**	**		ルクソールカフェ															
2022107284	2024-12-14	5中山5		1.0	2歳未勝利								木幡巧也		ダ1200				1:13.2	0.7		4-3	34.0-38.5	38.9	488(0)				55.0																																											晴		16.0	2.0	3.0	24.4	8.0	5	55.0	良	**	**		タッカージーティー															
2022107284	2024-12-28	5中山9		1.0	2歳未勝利								木幡巧也		ダ1200				1:13.7	1.2		2-4	33.8-38.7	39.7	488(0)																																															晴		16.0	7.0	14.0	4.3	2.0	6	55.0	良	**	**		アパッシメント															
2022107284	2025-01-19	1中山7		2.0	3歳未勝利								木幡巧也		ダ1800				1:57.6	1.3		1-1-1-1	38.3-39.1	40.4	490(+2)				140.0																																											晴		16.0	4.0	8.0	7.9	3.0	3	55.0	良	**	**		ロンパイア															
2022107284	2025-02-09	1東京4		3.0	3歳未勝利								木幡巧也		ダ1600				1:40.4	1.0		2-2	36.1-37.6	38.6	490(0)				140.0																																											晴		16.0	6.0	12.0	6.4	4.0	3	55.0	良	**	**		ヴォンフレ															
2022107284	2025-02-15	1東京5		3.0	3歳未勝利								木幡巧也		ダ1600				1:40.9	1.7		3-3	35.8-37.4	38.9	488(-2)																																															晴		16.0	1.0	2.0	25.6	7.0	10	55.0	良	**	**		フィーチャリング															
2022107284	2025-03-15	2中山5		4.0	3歳未勝利								木幡巧也		ダ1800				1:57.0	0.6		1-1-1-1	37.6-40.7	41.3	482(-6)				84.0																																											曇		15.0	4.0	7.0	12.6	5.0	4	55.0	稍	**	**		ミラクルダンサー															
2022107284	2025-03-29	2中京5		1.0	3歳未勝利								シュタル		ダ1400				1:26.8	2.8		2-3	35.4-36.6	39.4	484(+2)																																															曇		16.0	8.0	15.0	8.6	3.0	7	55.0	稍	**	**		キョラムン															
2022107284	2025-04-26	2東京1		1.0	3歳未勝利								木幡巧也		ダ1600				1:38.1	-0.5		4-4	34.8-38.6	38.1	486(+2)				560.0																																											曇		16.0	3.0	6.0	8.7	6.0	1	55.0	稍	**	**		(ジェンダアネモス)															
2022107284	2025-09-15	4中山5		7.0	3歳以上1勝クラス								木幡巧也		ダ1800				1:56.1	1.8		11-10-7-7	36.9-40.2	41.3	494(+8)																																															曇		16.0	7.0	14.0	20.5	8.0	12	53.0	良	**	**		ゲンパチルーナ															
2022107284	2025-09-27	4中山8		6.0	3歳以上1勝クラス								津村明秀		ダ1800				1:55.6	0.8		11-11-10-8	38.7-37.8	37.9	494(0)																																															晴		16.0	7.0	13.0	80.7	12.0	6	53.0	良	**	**		レディーフランシス															
2022107284	2025-10-18	4東京6		6.0	3歳以上1勝クラス								津村明秀		ダ1600				1:40.0	2.8		2-2	35.0-37.8	40.5	494(0)																																															晴		15.0	7.0	12.0	30.9	6.0	13	54.0	良	**	**		ヘリオトロープ															
2022107284	2025-10-26	4東京9		7.0	3歳以上1勝クラス								石川裕紀		ダ1600				1:37.2	0.8		8-7	36.0-36.0	36.2	494(0)																																															曇		13.0	5.0	6.0	68.7	11.0	8	54.0	不	**	**		スカイビート															
2022107284	2026-01-12	1中山5		7.0	4歳以上1勝クラス								石橋脩		ダ1800				1:56.9	3.1		14-15-14-13	37.6-38.0	39.5	500(+6)																																															晴		15.0	7.0	13.0	57.7	11.0	9	55.0	良	**	**		フィールオーサム															
2022107288	2024-11-09	6京都3		4.0	2歳新馬								鮫島克駿		ダ1800				1:57.1	5.9		5-5-5-7	36.8-36.3	41.4	448(0)																			晴		15.0	8.0	15.0	40.2	10.0	9	55.0	良	**	**		ナルカミ																																											
2022107288	2024-12-21	7京都7		2.0	2歳未勝利								吉村誠之		ダ1200				1:14.6	1.8		14-13	35.7-37.1	37.5	444(-4)																			曇		16.0	3.0	6.0	154.9	11.0	9	53.0	良	**	**		イマージョン																																											
2022107288	2025-01-25	1中京8		3.0	3歳未勝利								菱田裕二		ダ1400				1:27.2	1.2		6-5	35.2-38.3	38.9	442(-2)				140.0															晴		16.0	1.0	2.0	56.5	9.0	3	55.0	良	**	**		ネーヴェフレスカ																																											
2022107288	2025-02-15	1京都5		3.0	3歳未勝利								幸英明		ダ1400				1:26.7	0.5		12-12	35.2-38.5	37.8	444(+2)				220.0															晴		16.0	1.0	2.0	41.3	10.0	2	55.0	良	**	**		スニーカースキル																																											
2022107288	2025-03-08	1阪神3		1.0	3歳未勝利								幸英明		ダ1400				1:27.1	-0.2		9-7	35.2-39.1	38.3	444(0)				560.0															晴		16.0	1.0	1.0	7.1	3.0	1	55.0	良	**	**		(ハヤブサオヒメサマ)																																											
2022107288	2025-06-07	3阪神1		12.0	3歳以上1勝クラス								幸英明		ダ1400				1:25.8	1.4		11-11	34.5-37.6	37.9	452(+8)																			曇		16.0	2.0	3.0	35.3	8.0	9	53.0	良	**	**		アンズアメ																																											
2022107288	2025-07-12	1函館9		7.0	3歳以上1勝クラス								佐々木大		ダ1700				1:46.4	-0.2		4-4-4-4	30.4-38.0	37.6	456(+4)				800.0															晴		10.0	4.0	4.0	8.4	4.0	1	53.0	良	**	**		(タマモジャスミン)																																											
2022107288	2025-08-02	1札幌3		12.0	大倉山特別(2勝クラス)								佐々木大		ダ1700				1:46.6	2.0		5-5-5-5	31.0-36.7	38.3	456(0)																			晴		14.0	4.0	6.0	19.8	7.0	10	53.0	良	**	**		スマートケープ																																											
2022107288	2025-11-09	4京都2		8.0	3歳以上2勝クラス								幸英明		ダ1800				1:50.4	0.7		13-13-13-9	35.7-37.1	36.4	456(0)																			雨		16.0	3.0	6.0	106.0	15.0	6	54.0	重	**	**		ツキノアカリ																																											
2022107288	2025-11-23	4京都6		8.0	3歳以上2勝クラス								田山旺佑		ダ1800				1:53.2	1.0		8-8-9-8	37.6-36.1	36.3	456(0)																			晴		14.0	2.0	2.0	59.3	8.0	6	51.0	良	**	**		モックモック																																											
2022107288	2026-01-18	1中山7		8.0	4歳以上2勝クラス								舟山瑠泉		ダ1800				1:55.2	1.6		8-8-7-8	36.8-38.9	39.8	462(+6)																																																													晴		16.0	1.0	1.0	11.6	4.0	8	52.0	良	**	**		レディーフランシス	202606010708
2022107292	2024-09-08	4中山2		5.0	2歳新馬								丹内祐次		芝1600				1:35.4	2.6		8-10-9	35.3-33.9	34.6	454(0)					晴		15.0	8.0	15.0	34.0	8.0	12.0	55.0	良	**	**		ファンダム																																																									
2022107292	2024-09-29	4中山9		1.0	2歳未勝利								丹内祐次		ダ1200				1:16.2	3.7		4-9	33.7-38.8	42.1	466(+12)					曇		16.0	5.0	10.0	22.1	7.0	16.0	55.0	良	**	**		リアルショット																																																									
2022107292	2024-12-22	5中山8		1.0	2歳未勝利								内田博幸		ダ1200				1:14.4	2.3		12-6	34.0-38.1	38.8	468(+2)					晴		16.0	7.0	13.0	95.8	10.0	8.0	56.0	良	**	**		エコロヴァイス																																																									
2022107292	2025-01-19	1中山7		3.0	3歳未勝利								菊沢一樹		ダ1800				1:59.6	1.9		4-5-7-6	39.5-39.6	41.0	464(-4)					晴		16.0	3.0	6.0	33.6	11.0	12.0	57.0	良	**	**		チンプンカンプン																																																									
2022107292	2025-02-09	1京都4		3.0	3歳未勝利								小林美駒		ダ1400				1:28.7	2.2		11-8	36.1-37.7	38.8	460(-4)					晴		16.0	4.0	7.0	229.9	15.0	14.0	53.0	稍	**	**		レイザリオ																																																									
2022107292	2025-02-23	1東京8		5.0	3歳1勝クラス								長浜鴻緒		芝1600				1:36.2	1.2		10-8	36.3-33.8	34.0	464(+4)					晴		13.0	7.0	10.0	393.4	10.0	9.0	54.0	良	**	**		グーテンベルク																																																									
2022107292	2025-05-06	盛岡		4.0	3歳C2一組								山本政聡		ダ1200				1:15.7	0.7		3-2		39.5	488(+24)				8.3	曇		11.0	8.0	10.0	2.9	2.0	3.0	56.0	稍	**	**		キッズウルマ																																																									
2022107292	2025-05-19	盛岡		7.0	3歳C2一組								山本政聡		ダ1200				1:16.7	1.9		4-3		40.6	486(-2)					晴		10.0	8.0	10.0	1.8	1.0	6.0	56.0	稍	**	**		スプリット																																																									
2022107292	2025-06-02	盛岡		7.0	3歳C2三組								山本政聡		ダ1200				1:15.7	1.3		4-3		39.3	490(+4)					晴		11.0	8.0	11.0	3.3	2.0	6.0	56.0	良	**	**		タイセイウーノ																																																									
2022107292	2025-06-16	水沢		6.0	3歳C2二組								山本政聡		ダ1300				1:23.7	0.8		4-4-4-2		39.5	477(-13)				10.0	曇		9.0	3.0	3.0	11.9	3.0	3.0	56.0	良	**	**		キーソナタ																																																									
2022107292	2025-06-30	水沢		7.0	3歳C2一組								高橋悠里		ダ1300				1:23.8	0.2		8-7-6-1		39.6	477(0)				17.5	曇		10.0	4.0	4.0	8.6	4.0	2.0	56.0	良	**	**		ギフテッドブラック																																																									
2022107292	2025-07-14	盛岡		7.0	3歳C2二組								高橋悠里		ダ1200				1:15.1	1.1		8-7		38.0	483(+6)				6.5	曇		12.0	6.0	7.0	5.2	3.0	4.0	56.0	良	**	**		コルヴィーナ																																																									
2022107292	2025-07-27	盛岡		6.0	3歳C2一組								笹川翼		ダ1200				1:14.9	1.5		3-3		38.6	481(-2)					曇		12.0	8.0	12.0	7.7	3.0	7.0	56.0	良	**	**		マッセダムール																																																									
2022107292	2025-08-10	盛岡		6.0	3歳C2二組								高橋悠里		ダ1200				1:15.3	1.1		11-7		36.4	481(0)				17.5	曇		11.0	7.0	9.0	5.3	3.0	2.0	56.0	良	**	**		フェアリアルギフト																																																									
2022107292	2025-08-24	盛岡		7.0	3歳C2一組								高橋悠里		ダ1200				1:14.6	2.4		10-9		37.3	480(-1)					晴		12.0	6.0	8.0	77.5	8.0	7.0	56.0	良	**	**		アラック																																																									
2022107292	2025-09-01	盛岡		8.0	3歳C1三組								塚本涼人		ダ1400				1:29.5	2.5		7-7		39.6	481(+1)					曇		9.0	5.0	5.0	20.1	5.0	6.0	56.0	良	**	**		エーデルムート																																																									
2022107292	2025-09-30	名古屋		6.0	いっき・えりか結婚1(3歳)								阪野学		ダ1500				1:40.6	4.2		11-11-9		42.4	468(-13)					晴		12.0	1.0	1.0	190.2	9.0	10.0	57.0	良	**	**		ベルピルエット																																																									
2022107300	2024-08-10	3新潟1		6.0	2歳新馬								石橋脩		芝1400				1:24.5	2.2		2-2	34.7-35.7	37.9	424(0)					晴		18.0	8.0	16.0	69.8	12.0	10.0	55.0	良	**	**		セナマリン																																																									
2022107300	2024-09-22	4中山7		2.0	2歳未勝利								木幡巧也		芝1200				1:09.2	0.4		1-1	34.8-34.0	34.4	422(-2)				220.0	曇		10.0	7.0	7.0	29.1	6.0	2.0	55.0	良	**	**		ニシノクードクール																																																									
2022107300	2024-10-14	4新潟4		3.0	2歳未勝利								石神深道		芝1200				1:10.8	0.7		2-2	34.2-35.9	36.5	424(+2)					晴		15.0	8.0	15.0	12.3	6.0	12.0	52.0	良	**	**		トシッキー																																																									
2022107300	2024-12-22	5中山8		3.0	2歳未勝利								木幡巧也		芝1200				1:10.8	1.0		5-8	33.5-36.3	37.0	422(-2)					晴		16.0	6.0	11.0	49.2	10.0	10.0	55.0	良	**	**		ミクストベリーズ																																																									
2022107300	2025-01-26	1中山9		1.0	3歳未勝利								杉原誠人		ダ1200				1:13.7	1.0		7-5	34.2-38.5	39.0	428(+6)					晴		16.0	7.0	14.0	28.5	8.0	6.0	55.0	良	**	**		イズルード																																																									
2022107300	2025-03-16	2中山6		2.0	3歳未勝利								杉原誠人		ダ1200				1:12.7	0.5		7-5	33.9-38.3	38.1	428(0)				140.0	雨		16.0	6.0	11.0	44.7	7.0	3.0	55.0	不	**	**		ピコテンダー																																																									
2022107300	2025-03-29	3中山1		3.0	3歳未勝利								杉原誠人		ダ1200				1:12.6	0.3		1-1	34.8-37.5	37.8	428(0)				220.0	雨		16.0	2.0	4.0	26.4	7.0	2.0	55.0	稍	**	**		リクエイ																																																									
2022107300	2025-04-19	3中山7		1.0	3歳未勝利								杉原誠人		ダ1200				1:13.2	1.3		4-5	34.8-37.1	38.0	428(0)				84.0	晴		14.0	6.0	9.0	14.1	3.0	4.0	55.0	良	**	**		ドナカルナバル																																																									
2022107300	2025-05-17	2東京7		3.0	3歳未勝利								レーン		ダ1300				1:18.7	0.0		1-1	29.6-37.0	37.0	424(-4)				560.0	雨		16.0	6.0	12.0	4.5	2.0	1.0	55.0	稍	**	**		(エムティエスターテ)																																																									
2022107300	2025-09-15	4中山5		12.0	3歳以上1勝クラス								横山和生		ダ1200				1:12.6	1.8		5-6	33.8-37.0	38.4	424(0)					曇		16.0	8.0	15.0	13.5	5.0	8.0	54.0	良	**	**		ワンダラー																																																									
2022107300	2025-10-12	4東京4		6.0	3歳以上1勝クラス								佐々木大		ダ1400				1:27.5	2.5		2-2	35.9-36.2	38.6	430(+6)					曇		15.0	8.0	15.0	92.5	11.0	14.0	54.0	良	**	**		モーニングマジック																																																									
2022107300	2025-10-26	4新潟4		6.0	3歳以上1勝クラス								石神深道		ダ1200				1:13.3	2.5		3-3	34.7-36.1	38.3	430(0)					雨		13.0	8.0	13.0	41.5	8.0	10.0	52.0	稍	**	**		セレジェイラ																																																									
2022107300	2026-01-04	1中山1		8.0	4歳以上1勝クラス								舟山瑠泉		ダ1200				1:13.2	1.1		2-1	33.8-38.3	39.4	434(+4)					晴		16.0	8.0	16.0	69.7	12.0	13.0	53.0	稍	**	**		ラヴァグロウ																																																									
2022107309	2024-06-24	大井		6.0	2歳　新馬(新馬)								鷹見陸		ダ1200				1:17.6	0.1		4-4	38.2-39.3	39.1	418(0)				180.0																																											曇		5.0	4.0	4.0	2.3	2.0	2	52.0	重	**	**		クラーク															
2022107309	2024-11-08	大井		4.0	2歳三　四								野畑凌		ダ1200				1:17.5	0.7		7-8	38.0-38.8	39.0	442(+24)				45.0																																											晴		13.0	5.0	7.0	6.6	3.0	4	55.0	良	**	**		ライムフレイバー															
2022107309	2024-12-04	大井		4.0	2歳二　三四(2歳三)								野畑凌		ダ1200				1:16.2	2.3		10-11	35.6-38.3	39.1	440(-2)																																															晴		12.0	7.0	9.0	21.7	7.0	7	55.0	良	**	**		キエティスム															
2022107309	2024-12-27	大井		4.0	2歳五　六								野畑凌		ダ1400				1:29.1	-0.4		2-1-1	36.9-39.2	39.2	435(-5)				300.0																																											晴		13.0	5.0	6.0	20.0	6.0	1	55.0	良	**	**		(パルミジャニーノ)															
2022107309	2025-01-17	大井		3.0	3歳二　三								野畑凌		ダ1400				1:28.5	-0.4		1-1-1	37.0-38.9	38.9	432(-3)				280.0																																											晴		11.0	1.0	1.0	13.1	4.0	1	56.0	良	**	**		(カガヤキテンマ)															
2022107309	2025-01-31	大井		4.0	呑川賞(3歳二)								野畑凌		ダ1400				1:30.6	2.0		6-4-5	38.3-37.4	38.8	429(-3)																																															晴		9.0	7.0	7.0	4.3	3.0	7	57.0	良	**	**		カガヤキテンマ															
2022107309	2025-03-05	川崎		11.0	椿(OP)(3歳)								吉原寛人		ダ1600				1:49.3	3.9		12-12-13-13	39.1-40.0	42.1	428(-1)																																															雨		13.0	3.0	3.0	30.8	8.0	13	55.0	不	**	**		ヤギリケハヤ															
2022107309	2025-03-28	大井		5.0	マトバダンス賞(3歳二)								野畑凌		ダ1600				1:44.7	2.9		5-6-6-7	38.2-37.8	40.3	429(+1)																																															曇		9.0	6.0	6.0	18.6	4.0	6	57.0	稍	**	**		シーソーゲーム															
2022107309	2025-04-18	大井		5.0	マーガレット特別競走(3歳二)								櫻井光輔		ダ1400				1:27.8	0.4		5-6-6	36.7-38.7	38.2	428(-1)				65.0																																											曇		10.0	8.0	9.0	64.4	7.0	3	57.0	良	**	**		カセノタイガー															
2022107309	2025-04-29	大井		11.0	羽田盃競走(JpnI)								櫻井光輔		ダ1800				1:57.7	5.6		10-10-12-12	37.7-37.2	38.8	428(0)																																															晴		15.0	7.0	13.0	644.4	11.0	10	57.0	重	**	**		ナチュラルライズ															
2022107309	2025-08-13	大井		11.0	黒潮盃競走(重賞)								櫻井光輔		ダ1800				1:57.8	4.7		11-10-11-10	37.5-38.1	41.6	443(+15)																																															曇		12.0	5.0	6.0	461.3	12.0	11	56.0	稍	**	**		マウンテンローレル															
2022107309	2025-09-05	大井		10.0	月見特別競走(C1三)								櫻井光輔		ダ1400				1:29.4	2.2		11-11-11	37.2-37.8	39.0	436(-7)																																															曇		12.0	5.0	5.0	33.6	8.0	10	55.0	不	**	**		モリデンステルス															
2022107309	2025-09-18	大井		10.0	C1二　三四(C1三)								櫻井光輔		ダ1400				1:29.6	1.9		7-9-11	36.7-38.8	39.5	437(+1)																																															曇		12.0	4.0	4.0	43.9	9.0	9	55.0	良	**	**		コリエドール															
2022107309	2025-10-10	大井		7.0	C1三　四五(C1四)								中村尚平		ダ1600				1:44.4	2.5		6-6-5-6	38.3-38.9	41.2	436(-1)																																															晴		11.0	7.0	8.0	116.9	11.0	9	56.0	良	**	**		トーアカラカウア															
2022107309	2025-10-24	大井		10.0	野菊特別競走(C1三)								中村尚平		ダ1400				1:30.4	2.3		8-8-8	38.3-37.3	39.1	436(0)																																															雨		10.0	7.0	8.0	110.2	10.0	10	56.0	重	**	**		コスモブライヤー															
2022107309	2026-01-04	1中山1		12.0	4歳以上2勝クラス								石神深道		ダ1200				1:13.4	2.4		15-15	34.7-36.3	37.2	442(+6)																																															晴		16.0	5.0	10.0	184.5	14.0	15	55.0	稍	**	**		スリーピース															
2022107380	2025-04-06	3中山4	小雨	5.0	3歳未勝利		16.0	4.0	7.0	309.0	15.0	15	木幡巧也	55.0	芝1600		良	**	1:36.4	2.2	**	12-12-11	35.1-35.0	36.2	440(0)			ガーネットウインク																																																																								
2022107380	2025-05-17	2東京7	雨	1.0	3歳未勝利		16.0	8.0	16.0	271.0	11.0	14	木幡巧也	55.0	ダ1400		稍	**	1:29.1	4.1	**	10-10	34.8-37.9	40.9	440(0)			エイミームーン																																																																								
2022107380	2025-07-05	2福島3	晴	8.0	3歳未勝利		16.0	8.0	16.0	280.3	16.0	16	木幡巧也	55.0	芝1800		良	**	1:53.5	2.9	**	12-13-7-11	36.6-35.8	38.1	442(+2)			ペプロス																																																																								
2022107380	2025-09-08	金沢	雨	1.0	3歳B　9		10.0	4.0	4.0	42.8	8.0	8	柴田勇真	55.0	ダ1500		不	**	1:40.1	6.5	**	4-4-6-7		41.7	462(+20)			モルゲンゾンネ																																																																								
2022107380	2025-09-20	金沢	曇	1.0	C217		10.0	5.0	5.0	53.0	8.0	1	魚住謙心	55.0	ダ1500		良	**	1:38.5	0.0	**	2-2-2-1		40.2	457(-5)			(ソラムパレード)	43.0																																																																							
2022107380	2025-10-06	金沢	曇	1.0	さくらってぃ誕生日お(C2)		9.0	6.0	6.0	46.5	6.0	8	魚住謙心	55.0	ダ1500		重	**	1:40.7	3.1	**	8-8-8-8		40.1	454(-3)			カツノダイヤ																																																																								
2022107380	2025-10-21	金沢	曇	5.0	きっと馬くいく☆小春(C2)		9.0	8.0	9.0	149.5	7.0	8	栗原大河	55.0	ダ1400		良	**	1:32.9	3.5	**	2-3-4-6		41.3	459(+5)			オメガストリーム																																																																								
2022107380	2025-11-04	金沢	晴	1.0	C27　特別編成(C2特別)		8.0	4.0	4.0	196.0	8.0	8	栗原大河	55.0	ダ1500		不	**	1:39.8	2.9	**	8-8-8-8		40.0	457(-2)			ベンメリア																																																																								
2022107380	2025-11-17	金沢	晴	2.0	C28		9.0	3.0	3.0	188.1	8.0	7	魚住謙心	55.0	ダ1400		良	**	1:34.3	5.6	**	8-8-8-7		40.2	456(-1)			ポリアンセモス																																																																								
2022107380	2025-12-01	金沢	曇	6.0	志麻さんお誕生日おめ(C2)		8.0	2.0	2.0	89.8	8.0	7	栗原大河	55.0	ダ1500		稍	**	1:43.1	5.9	**	8-8-8-8		42.6	455(-1)			ユナパール																																																																								
2022107380	2025-12-14	金沢	雨	5.0	C212		9.0	5.0	5.0	84.9	7.0	9	兼子千央	55.0	ダ1500		不	**	1:41.1	5.8	**	9-9-9-9		41.6	452(-3)			エイチエヌハーモニ																																																																								
2022107380	2025-12-27	金沢	曇	3.0	C210		12.0	6.0	7.0	246.7	11.0	10	長尾翼玖	55.0	ダ1400		不	**	1:32.7	3.7	**	12-12-11-11		39.8	452(0)			オブラマエストラ																																																																								
2022109021	2024-12-22	5中山8		5.0	2歳新馬								丸山元気		ダ1200				1:19.3	6.1		15-14	35.2-38.0	41.8	408(0)					晴		16.0	5.0	9.0	195.8	14.0	15.0	55.0	良	**	**		シュヴァルボヌール																																																									
2022109021	2025-04-24	浦和		9.0	ツインメイト特別(3歳)								長浜鴻緒		ダ1400				1:37.2	6.9		12-12-12-12	37.6-39.6	44.0	409(+1)					曇		12.0	6.0	8.0	50.2	10.0	12.0	52.0	良	**	**		グーフドリファール																																																									
2022109021	2025-06-08	佐賀		11.0	SAGAリベンジャー(3歳)								青海大樹		ダ1400				1:39.2	7.5		11-11-11-11		45.6	413(+4)					小雨		11.0	1.0	1.0	218.4	11.0	11.0	53.0	良	**	**		アーチーテソーロ																																																									
2022109028	2024-12-14	7京都5	曇	6.0	2歳新馬		14.0	4.0	6.0	25.2	7.0	4	吉村誠之	53.0	ダ1200		良	**	1:15.3	2.1	**	5-5	36.4-36.8	38.2	396(0)			ペイシャヴァルツー	110.0																																																																							
2022109028	2025-02-09	1京都4	晴	1.0	3歳未勝利		13.0	6.0	9.0	78.4	11.0	8	川須栄彦	55.0	ダ1200		稍	**	1:15.4	1.9	**	11-11	37.0-36.5	37.1	398(+2)			ウォーターパラディ																																																																								
2022109028	2025-04-06	2阪神4	晴	2.0	3歳未勝利		15.0	7.0	13.0	151.6	10.0	8	柴田裕一	52.0	ダ1800		良	**	1:57.0	3.8	**	7-7-9-8	37.4-36.7	39.4	390(-8)			ブラックアダマス																																																																								
2022109028	2025-05-31	2京都11	曇	1.0	3歳未勝利		16.0	1.0	1.0	272.1	14.0	6	和田陽希	52.0	ダ1800		良	**	1:54.4	0.8	**	10-10-10-10	36.3-38.9	38.6	402(+12)			スルーザナイト																																																																								
2022109028	2025-07-13	1函館10	晴	2.0	3歳未勝利		13.0	5.0	7.0	44.0	8.0	12	和田陽希	52.0	ダ1700		良	**	1:49.6	4.0	**	6-10-11-12	30.6-38.2	38.8	394(-8)			ハッピーウィズユー																																																																								
2022109028	2025-08-03	1札幌4	晴	3.0	3歳未勝利		16.0	2.0	3.0	185.6	13.0	12	古川奈穂	52.0	芝2000		良	**	2:03.7	1.8	**	6-5-8-10	37.0-35.4	36.4	402(+8)			パーフェクトパール																																																																								
2022109028	2025-09-05	園田	雨	6.0	C2三		10.0	8.0	9.0	1.8	1.0	1	吉村智洋	52.0	ダ1400		不	**	1:34.0	-0.4	**	2-2-2-1		40.6	420(+18)			(セイウンスペリオル)	70.0																																																																							
2022109028	2025-09-25	園田	曇	12.0	C1二		12.0	1.0	1.0	43.7	6.0	10	土方颯太	54.0	ダ1400		良	**	1:32.2	1.5	**	8-8-11-10		39.2	423(+3)			エコロカイザー																																																																								
2022109090	2024-12-21	5中山7	晴	6.0	2歳新馬		14.0	4.0	6.0	82.6	11.0	9	石川裕紀	55.0	ダ1800		良	**	1:58.5	2.4	**	10-10-10-8	37.7-39.4	40.9	472(0)			メリークリスマス																																																																								
2022109090	2025-01-13	1中山5	晴	3.0	3歳未勝利		16.0	7.0	13.0	99.6	10.0	15	石川裕紀	55.0	ダ1800		良	**	2:00.4	4.6	**	8-8-8-9	37.1-40.1	43.9	468(-4)			キョウエイタイコ																																																																								
2022109090	2025-04-06	3中山4	曇	2.0	3歳未勝利		16.0	8.0	15.0	134.5	13.0	3	長浜鴻緒	52.0	ダ1200		稍	**	1:13.4	0.8	**	7-7	35.2-37.4	37.5	474(+6)			クインズシフォン	140.0																																																																							
2022109090	2025-05-03	1新潟1	晴	3.0	3歳未勝利		15.0	2.0	2.0	16.4	5.0	11	長浜鴻緒	53.0	ダ1200		稍	**	1:13.4	1.5	**	8-7	34.4-37.5	38.0	478(+4)			テイエムパイロット																																																																								
2022109090	2025-05-25	2東京10	曇	3.0	3歳未勝利		16.0	7.0	13.0	152.1	10.0	8	幸英明	55.0	ダ1300		不	**	1:18.8	2.0	**	9-9	28.9-36.2	36.6	474(-4)			アメリカンビヨンド																																																																								
2022109090	2025-06-21	3東京5	晴	2.0	3歳未勝利		16.0	8.0	15.0	91.6	11.0	5	丸田恭介	55.0	ダ1400		良	**	1:26.3	0.7	**	5-5	37.0-36.0	36.4	474(0)			サクラパステル	56.0																																																																							
2022109090	2025-07-12	2福島5	曇	2.0	3歳未勝利		15.0	7.0	13.0	30.1	10.0	10	丸田恭介	55.0	ダ1700		良	**	1:49.4	2.0	**	12-12-12-13	30.2-39.6	39.6	468(-6)			ミュークチェルシー																																																																								
2022109090	2025-08-31	2札幌4	曇	2.0	3歳未勝利		14.0	7.0	11.0	135.3	12.0	7	黛弘人	55.0	ダ1700		稍	**	1:47.6	1.4	**	12-12-9-8	29.8-38.8	39.1	470(+2)			ユージュアーナ																																																																								
2022109090	2025-09-15	4中山5	曇	7.0	3歳以上1勝クラス		16.0	3.0	5.0	342.0	16.0	7	丸田恭介	53.0	ダ1800		良	**	1:55.3	1.0	**	13-13-14-12	36.9-40.2	40.0	470(0)			ゲンパチルーナ																																																																								
2022109090	2025-10-18	4東京6	晴	6.0	3歳以上1勝クラス		15.0	3.0	4.0	293.3	13.0	9	石川裕紀	54.0	ダ1600		良	**	1:38.6	1.4	**	11-10	35.0-37.8	38.1	476(+6)			ヘリオトロープ																																																																								
2022109090	2025-10-26	4東京9	曇	7.0	3歳以上1勝クラス		13.0	1.0	1.0	150.3	13.0	7	丸田恭介	54.0	ダ1600		不	**	1:37.2	0.8	**	10-9	36.0-36.0	36.0	466(-10)			スカイビート																																																																								
2022109090	2025-11-29	5東京7	晴	6.0	3歳以上1勝クラス		16.0	5.0	10.0	282.1	12.0	13	丸田恭介	55.0	ダ1600		良	**	1:39.9	2.2	**	13-11	35.7-36.3	37.5	468(+2)			コーカサスゴールド																																																																								
2022109090	2025-12-13	5中京3	曇	6.0	3歳以上1勝クラス		16.0	2.0	4.0	328.7	16.0	12	黛弘人	55.0	ダ1800		良	**	1:55.6	1.8	**	14-14-14-14	37.3-37.5	37.8	456(-12)			カロローザ																																																																								
2022109094	2024-12-22	7京都8		6.0	2歳新馬								吉村誠之		芝1800				1:52.3	2.4		9-12	37.0-35.0	36.6	420(0)					曇		14.0	6.0	9.0	24.6	9.0	12.0	53.0	良	**	**		マトラコーニッシュ																																																									
2022109094	2025-03-15	1阪神5		4.0	3歳未勝利								鷲頭虎太		芝1400				1:22.6	0.9		13-14	34.3-35.3	35.2	424(+4)					曇		18.0	2.0	4.0	263.0	16.0	9.0	52.0	良	**	**		デアリングエア																																																									
2022109094	2025-05-03	2京都3		5.0	3歳未勝利								岩田望来		芝1800				1:49.6	1.0		7-6	36.1-34.4	34.9	426(+2)					晴		12.0	5.0	5.0	104.3	9.0	10.0	55.0	稍	**	**		ヤエギリ																																																									
2022109094	2025-05-17	2京都7		3.0	3歳未勝利								鷲頭虎太		芝1600				1:37.5	1.5		5-6	36.2-35.3	36.3	424(-2)					雨		17.0	4.0	8.0	253.4	15.0	7.0	52.0	不	**	**		スマートミストラル																																																									
2022109094	2025-06-22	3阪神6		3.0	3歳未勝利								和田陽希		芝1600				1:35.8	2.0		8-8	34.5-35.1	36.4	420(-4)					曇		18.0	6.0	11.0	115.4	12.0	13.0	52.0	良	**	**		フェイトライン																																																									
2022109094	2025-08-17	3中京8		9.0	3歳未勝利								川端海翼		ダ1200				1:14.5	1.7		7-7	34.5-38.3	39.1	424(+4)					晴		16.0	3.0	5.0	160.0	13.0	11.0	52.0	良	**	**		リードプリンシパル																																																									
2022109094	2025-09-28	佐賀		10.0	SAGAリベンジャー(C2)								飛田愛斗		ダ1300				1:24.6	1.3		1-1-1-2		40.2	433(+9)				4.8	曇		11.0	3.0	3.0	7.3	5.0	4.0	54.0	稍	**	**		アニラ																																																									
2022109094	2025-10-13	佐賀		11.0	SAGAリベンジャー(C2)								飛田愛斗		ダ1300				1:26.1	0.9		3-3-2-4		41.7	431(-2)				4.8	晴		11.0	3.0	3.0	3.2	3.0	4.0	54.0	良	**	**		ミッキージェントル																																																									
2022109094	2025-10-25	佐賀		3.0	C2ー25組								飛田愛斗		ダ1400				1:32.8	0.0		2-2-2-2		38.6	433(+2)				40.0	曇		12.0	6.0	7.0	2.5	1.0	1.0	54.0	良	**	**		(クラウンキュー)																																																									
2022109094	2025-11-08	佐賀		6.0	C2ー17組								飛田愛斗		ダ1300				1:26.5	1.9		2-2-2-3		40.6	432(-1)					曇		9.0	7.0	7.0	4.4	3.0	6.0	54.0	良	**	**		ミッキージェントル																																																									
2022109094	2025-11-23	佐賀		5.0	C2ー17組								金山昇馬		ダ1400				1:33.7	2.1		2-2-2-5		40.2	432(0)					晴		12.0	2.0	2.0	33.0	5.0	7.0	54.0	良	**	**		トルティーナ																																																									
2022109094	2025-12-20	佐賀		6.0	C2ー16組								金山昇馬		ダ1400				1:34.7	2.5		7-7-7-7		39.9	427(-5)					晴		12.0	8.0	12.0	43.8	9.0	10.0	54.0	良	**	**		フランシナテソーロ																																																									
2022109094	2026-01-10	佐賀		11.0	SAGAリベンジャー(C2)								田中直人		ダ900				0:56.0	0.7		8-7		36.4	434(+7)				4.8	曇		11.0	5.0	5.0	133.2	9.0	4.0	54.0	良	**	**		テンペストヒロイン																																																									
2022110005	2025-02-01	1京都1	曇	5.0	3歳新馬		16.0	3.0	5.0	5.4	2.0	7	西村淳也	57.0	ダ1400		良	**	1:28.2	1.2	**	2-1	36.6-37.3	38.4	482(0)			ラブミーナッソー																																																																								
2022110005	2025-03-30	2阪神2	晴	2.0	3歳未勝利		16.0	6.0	12.0	4.7	2.0	9	松山弘平	57.0	ダ1400		良	**	1:27.5	1.5	**	4-6	35.3-38.2	39.2	480(-2)			メイショウゴールド																																																																								
2022110005	2025-04-06	2阪神4	晴	2.0	3歳未勝利		15.0	4.0	7.0	80.9	7.0	5	泉谷楓真	57.0	ダ1800		良	**	1:55.6	2.4	**	2-2-2-2	37.4-36.7	39.0	478(-2)			ブラックアダマス	56.0																																																																							
2022110005	2025-05-24	1新潟7	曇	6.0	3歳未勝利		15.0	7.0	12.0	9.5	6.0	6	泉谷楓真	57.0	ダ1800		良	**	1:55.0	0.3	**	1-1-1-1	36.8-39.6	39.9	480(+2)			アリステア																																																																								
2022110005	2025-07-27	3中京2	晴	2.0	3歳未勝利		16.0	6.0	11.0	14.6	7.0	9	泉谷楓真	57.0	ダ1800		良	**	1:56.1	2.0	**	2-3-2-3	37.1-38.7	40.6	478(-2)			テーオーシュタイン																																																																								
2022110005	2025-10-08	園田	晴	7.0	C2一		10.0	5.0	5.0	4.0	2.0	2	鴨宮祥行	57.0	ダ1400		稍	**	1:31.4	0.4	**	7-7-6-6		39.5	478(0)			ワンダーブリング	28.0																																																																							
2022110005	2025-10-29	園田	晴	7.0	C2一		8.0	6.0	6.0	2.4	2.0	2	鴨宮祥行	57.0	ダ1400		良	**	1:33.6	0.8	**	2-2-2-5		39.7	475(-3)			クラウンハート	28.0																																																																							
2022110005	2025-12-04	園田	晴	8.0	C2一		10.0	4.0	4.0	5.1	2.0	3	鴨宮祥行	57.0	ダ1400		良	**	1:33.5	0.6	**	8-8-7-5		39.0	479(+4)			チョウウマクイク	17.5																																																																							
2022110015	2024-06-16	3東京6		5.0	2歳新馬								ルメール		芝1400				1:22.1	-0.1		2-2	35.5-34.7	34.5	458(0)				720.0																													晴		12.0	7.0	9.0	1.6	1.0	1	55.0	良	**	**		(ダノンブランニュー)																													
2022110015	2024-08-04	2新潟4		11.0	ダリア賞(OP)								ルメール		芝1400				1:21.6	-0.1		5-4	34.4-35.4	35.1	466(+8)				1620.3																													晴		9.0	8.0	8.0	1.9	1.0	1	55.0	良	**	**		(セイウンビッグバン)																													
2022110015	2025-02-01	1東京1		10.0	クロッカスS(L)								戸崎圭太		芝1400				1:23.3	0.4		5-5	36.7-33.6	33.2	474(+8)				502.5																													晴		7.0	1.0	1.0	2.1	1.0	3	55.0	良	**	**		クラスペディア																													
2022110015	2025-04-12	3中山5		11.0	ニュージーランドT(GII)								モレイラ		芝1600				1:32.6	0.2		8-8-7	34.3-34.7	33.6	464(-10)				810.0																													晴		14.0	7.0	12.0	6.4	3.0	4	55.0	良	**	**		イミグラントソング																													
2022110015	2025-06-21	3東京5		10.0	相模湖特別(2勝クラス)								ディー		芝1400				1:21.7	0.6		5-5	34.7-35.0	35.0	468(+4)																																	晴		14.0	4.0	5.0	2.3	1.0	7	53.0	良	**	**		トラペジスト																													
2022110015	2025-09-27	4中山8		10.0	勝浦特別(2勝クラス)								ルメール		芝1200				1:08.8	1.2		10-12	33.8-33.8	34.2	474(+6)																																	晴		16.0	6.0	11.0	4.3	3.0	15	54.0	良	**	**		ソーダーンライト																													
2022110015	2025-11-23	5東京5		12.0	3歳以上2勝クラス								舟山瑠泉		芝1400				1:20.8	0.3		6-5	35.0-33.8	33.5	474(0)				114.0																													曇		18.0	3.0	5.0	20.1	7.0	5	52.0	良	**	**		アニトラ																													
2022110015	2026-01-17	1中山6		12.0	4歳以上2勝クラス								舟山瑠泉		芝1200				1:08.4	0.4		10-8	34.3-33.7	33.4	474(0)																																	晴		16.0	1.0	1.0	12.2	6.0	9	53.0	良				カンシン																													
2022110038	2024-11-30	5中山1		5.0	2歳新馬								マーカン		芝1200				1:09.3	0.3		5-5	34.3-34.7	34.6	480(0)				72.0	晴		16.0	6.0	12.0	4.1	2.0	5.0	56.0	良	**	**		ヴィヴァラリス																																																									
2022110038	2024-12-22	5中山8		3.0	2歳未勝利								マーカン		芝1200				1:09.8	-0.1		7-8	33.5-36.3	35.8	482(+2)				550.0	晴		16.0	8.0	16.0	4.1	2.0	1.0	56.0	良	**	**		(シルフレイ)																																																									
2022110038	2025-02-15	1東京5		7.0	3歳1勝クラス								長浜鴻緒		芝1400				1:21.7	0.6		8-7	34.1-35.5	33.9	484(+2)					晴		12.0	7.0	9.0	32.5	10.0	7.0	54.0	良	**	**		シルバーレイン																																																									
2022110038	2025-03-29	3中山1		5.0	3歳1勝クラス								モレイラ		芝1200				1:09.9	0.4		4-2	33.3-36.2	36.2	482(-2)				200.0	雨		10.0	1.0	1.0	3.0	2.0	3.0	57.0	稍	**	**		カラヴァジェスティ																																																									
2022110038	2025-04-20	3中山8		5.0	3歳1勝クラス								モレイラ		芝1200				1:08.0	0.6		6-5	33.9-33.5	33.1	482(0)				200.0	曇		11.0	7.0	9.0	2.8	1.0	3.0	57.0	良	**	**		マックアルイーン																																																									
2022110038	2025-05-25	2京都10		6.0	3歳1勝クラス								川田将雅		芝1200				1:10.7	0.5		10-9	35.0-35.2	35.0	480(-2)				120.0	曇		13.0	3.0	3.0	4.0	2.0	4.0	57.0	重	**	**		アオイレーギーナ																																																									
2022110038	2025-06-21	1函館3		9.0	下北半島特別(1勝クラス)								横山武史		芝1200				1:08.7	0.3		3-3	33.8-34.6	34.7	476(-4)				284.0	曇		10.0	7.0	7.0	5.5	3.0	3.0	55.0	良	**	**		カウスリップ																																																									
2022110038	2025-07-19	1函館11		12.0	3歳以上1勝クラス								横山武史		芝1200				1:08.7	0.3		5-5	33.4-35.0	34.7	480(+4)				120.0	晴		16.0	5.0	9.0	3.9	1.0	4.0	55.0	良	**	**		マジカルフェアリー																																																									
2022110038	2025-08-17	1札幌8		9.0	小樽特別(1勝クラス)								キング		芝1200				1:10.3	0.2		11-10	34.8-35.3	34.5	470(-10)				285.3	曇		16.0	7.0	13.0	5.1	3.0	3.0	56.0	稍	**	**		ハリウッドメモリー																																																									
2022110038	2025-08-30	2札幌3		12.0	3歳以上1勝クラス								丹内祐次		芝1200				1:10.7	0.5		7-8	34.4-35.8	35.0	474(+4)				120.0	曇		15.0	6.0	11.0	5.4	2.0	4.0	56.0	稍	**	**		ムチャスグラシアス																																																									
2022110038	2025-10-18	4東京6		7.0	3歳以上1勝クラス								川田将雅		芝1400				1:20.1	-0.2		6-4	34.8-33.9	33.5	480(+6)				800.0	晴		17.0	6.0	12.0	14.2	7.0	1.0	56.0	良	**	**		(アルレッキーノ)																																																									
2022110038	2025-11-23	5東京5		12.0	3歳以上2勝クラス								丹内祐次		芝1400				1:20.7	0.2		10-10	35.0-33.8	32.9	476(-4)				290.0	曇		18.0	5.0	10.0	5.0	2.0	3.0	57.0	良	**	**		アニトラ																																																									
2022110049	2024-11-03	6京都2	晴	5.0	2歳新馬		9.0	4.0	4.0	45.6	8.0	9	西村淳也	56.0	芝1800		稍	**	1:51.2	2.9	**	9-9	36.0-34.4	36.2	476(0)			ウォータークラーク																																																																								
2022110049	2024-11-23	6京都7	曇	2.0	2歳未勝利		14.0	8.0	14.0	59.1	7.0	8	柴田裕一	53.0	ダ1800		良	**	1:56.4	2.3	**	5-5-7-8	37.4-37.6	39.2	458(-18)			ブルックリンダンス																																																																								
2022110049	2025-01-25	1小倉1	晴	1.0	3歳未勝利		12.0	6.0	7.0	29.3	9.0	4	柴田裕一	54.0	ダ1700		良	**	1:48.0	1.9	**	8-9-10-8	31.4-37.1	37.6	462(+4)			グランキングオー	84.0																																																																							
2022110049	2025-02-10	1京都3	晴	3.0	3歳未勝利		12.0	6.0	7.0	13.4	6.0	6	西村淳也	57.0	ダ1400		良	**	1:27.9	2.0	**	6-6	35.9-37.5	38.9	460(-2)			エンダードラゴン																																																																								
2022110049	2025-03-23	1阪神8	晴	3.0	3歳未勝利		12.0	8.0	12.0	53.4	9.0	10	柴田裕一	54.0	ダ1800		良	**	1:59.5	3.1	**	8-8-10-10	39.1-37.6	39.6	460(0)			メイケイロゼッタ																																																																								
2022110049	2025-04-06	2阪神4	晴	2.0	3歳未勝利		15.0	8.0	15.0	156.6	11.0	7	池添謙一	57.0	ダ1800		良	**	1:56.2	3.0	**	4-5-3-4	37.4-36.7	39.4	466(+6)			ブラックアダマス																																																																								
2022110049	2025-05-08	船橋	晴	6.0	ナイスサドル特別(3歳未格)		10.0	3.0	3.0	5.8	3.0	3	小林美駒	52.0	ダ1600		稍	**	1:43.3	0.4	**	3-4-6-6	38.0-39.8	39.4	457(-9)			ブレイジングスター	62.5																																																																							
2022110049	2025-07-19	2小倉7	晴	6.0	3歳未勝利		16.0	1.0	2.0	20.5	7.0	8	河原田菜	53.0	ダ1700		重	**	1:45.7	0.7	**	13-12-12-12	30.1-38.2	37.3	468(+11)			カルミアクラウン																																																																								
2022110049	2025-08-29	船橋	晴	3.0	3歳　311P		11.0	5.0	5.0	3.3	2.0	2	笠野雄大	56.0	ダ1500		良	**	1:36.5	0.2	**	2-1-1-1	31.8-38.8	39.0	461(-7)			ウェルウィッチア	56.0																																																																							
2022110049	2025-09-30	船橋	晴	4.0	3歳　290P		9.0	7.0	7.0	2.5	1.0	2	笠野雄大	56.0	ダ1500		良	**	1:37.4	1.0	**	2-2-2-2	31.6-39.1	40.0	459(-2)			ゼンソレイユ	56.0																																																																							
2022110055	2025-04-06	2阪神4	晴	2.0	3歳未勝利		15.0	1.0	1.0	19.3	4.0	6	高杉吏麒	56.0	ダ1800		良	**	1:56.1	2.9	**	13-14-10-10	37.4-36.7	38.3	546(0)			ブラックアダマス																																																																								
2022110055	2025-04-19	2阪神7	晴	3.0	3歳未勝利		16.0	6.0	12.0	10.0	4.0	5	酒井学	57.0	ダ2000		良	**	2:09.3	0.8	**	13-13-11-12	36.2-39.0	38.6	540(-6)			ミラクルブルー	56.0																																																																							
2022110063	2024-06-16	4京都6		5.0	2歳新馬								西村淳也		芝1600				1:37.3	0.8		5-3	37.0-34.1	34.6	428(0)				72.0																													晴		10.0	7.0	7.0	29.7	7.0	5	55.0	良	**	**		トータルクラリティ																													
2022110063	2024-09-07	3中京1		1.0	2歳未勝利								西村淳也		ダ1400				1:24.8	-0.4		2-2	35.2-37.5	37.4	430(+2)				550.0																													晴		10.0	4.0	4.0	2.4	1.0	1	55.0	良	**	**		(ボル)																													
2022110063	2024-10-20	5京都6		8.0	なでしこ賞(1勝クラス)								鮫島克駿		ダ1400				1:26.4	0.3		6-6	34.5-39.1	38.6	440(+10)				436.6																													晴		11.0	8.0	11.0	6.8	4.0	2	55.0	稍	**	**		コスモストーム																													
2022110063	2024-12-15	4中京6		9.0	寒椿賞(1勝クラス)								鮫島克駿		ダ1400				1:26.0	1.1		3-3	36.0-36.4	37.2	434(-6)				107.0																													晴		7.0	2.0	2.0	5.1	3.0	5	55.0	良	**	**		ポールセン																													
2022110063	2025-02-16	1京都6		4.0	3歳1勝クラス								西村淳也		ダ1400				1:26.0	1.1		5-5	35.4-37.0	37.6	438(+4)				200.0																													曇		11.0	7.0	9.0	20.9	6.0	3	55.0	稍	**	**		ピエマンソン																													
2022110063	2025-03-02	1阪神2		4.0	3歳1勝クラス								坂井瑠星		ダ1200				1:13.5	1.0		14-12	35.6-36.9	36.8	436(-2)																																	小雨		16.0	7.0	14.0	17.8	5.0	6	55.0	良	**	**		ヤマニンチェルキ																													
2022110063	2025-05-04	2東京4		6.0	3歳1勝クラス								坂井瑠星		ダ1400				1:24.8	0.8		5-4	35.1-36.9	37.3	432(-4)				200.0																													晴		16.0	7.0	13.0	9.2	4.0	3	55.0	稍	**	**		ハリーケーン																													
2022110063	2025-07-12	2小倉5		8.0	3歳以上1勝クラス								坂井瑠星		ダ1700				1:47.8	1.5		2-2-2-2	29.7-39.0	40.3	440(+8)																																	晴		16.0	5.0	10.0	14.0	7.0	10	53.0	良	**	**		バッケンレコード																													
2022110063	2025-09-06	4阪神1		12.0	3歳以上1勝クラス								坂井瑠星		ダ1400				1:25.0	0.4		1-1	35.1-36.9	37.3	438(-2)				320.0																													晴		13.0	3.0	3.0	5.9	3.0	2	54.0	稍	**	**		リメンバーヒム																													
2022110063	2025-11-23	4京都6		6.0	3歳以上1勝クラス								西村淳也		ダ1400				1:26.4	2.3		1-1	34.9-37.1	39.4	448(+10)																																	晴		16.0	1.0	1.0	17.6	6.0	13	55.0	良	**	**		ポッドドンナー																													
2022110063	2026-01-17	1京都6		7.0	4歳以上1勝クラス								田山旺佑		ダ1400				1:25.8	0.8		3-4	36.0-36.6	37.0	444(-4)																																	晴		15.0	4.0	7.0	7.0	3.0	6	52.0	良				レーティッシュ																													
2022110064	2024-10-27	4東京8		4.0	2歳新馬								ルメール		ダ1600				1:39.9	1.0		5-5	36.4-37.3	37.4	468(0)				180.0																																											晴		16.0	7.0	14.0	1.8	1.0	3	55.0	良	**	**		タガノバビロン															
2022110064	2025-02-01	1東京1		1.0	3歳未勝利								戸崎圭太		ダ1400				1:27.3	0.9		1-1	36.5-37.3	38.2	474(+6)																																															晴		16.0	4.0	8.0	2.6	1.0	10	55.0	良	**	**		サトノシャムロック															
2022110064	2025-05-25	2東京10		3.0	3歳未勝利								ルメール		ダ1300				1:18.0	1.2		3-4	28.9-36.2	36.8	480(+6)				56.0																																											曇		16.0	7.0	14.0	4.3	3.0	5	55.0	不	**	**		アメリカンビヨンド															
2022110064	2025-06-22	1函館4		3.0	3歳未勝利								佐々木大		ダ1000				0:58.5	0.0		1-2	34.2-35.8	35.8	478(-2)				220.0																																											曇		12.0	8.0	11.0	7.8	3.0	2	55.0	重	**	**		アスゴッド															
2022110064	2025-07-05	1函館7		2.0	3歳未勝利								佐々木大		ダ1000				0:58.1	0.1		1-1	34.2-35.4	35.5	486(+8)				220.0																																											晴		12.0	4.0	4.0	2.2	1.0	2	55.0	不	**	**		ミッキーマカパ															
2022110064	2025-07-26	1札幌1		2.0	3歳未勝利								佐々木大		ダ1000				0:59.5	0.0		2-2	35.2-36.1	36.0	488(+2)				560.0																																											曇		12.0	7.0	9.0	1.6	1.0	1	55.0	良	**	**		(タイセイアビリティ)															
2022110066	2024-07-28	2新潟2		3.0	2歳新馬								Ｍ．デム		芝1800				1:49.9	1.3		8-8	36.5-34.2	34.4	462(0)																																	曇		9.0	1.0	1.0	6.9	4.0	8	55.0	良	**	**		ディアナザール																													
2022110066	2024-09-16	3中京5		3.0	2歳未勝利								鮫島克駿		芝2000				2:01.6	0.1		2-2-2-2	35.9-35.9	35.8	468(+6)				140.0																													晴		12.0	1.0	1.0	10.2	4.0	3	55.0	良	**	**		サトノクローザー																													
2022110066	2024-10-05	5京都1		3.0	2歳未勝利								鮫島克駿		芝1800				1:48.0	1.2		3-3	36.2-34.6	35.5	468(0)				55.0																													晴		8.0	8.0	8.0	5.3	3.0	5	55.0	良	**	**		ミュージアムマイル																													
2022110066	2024-12-01	4中京2		4.0	2歳未勝利								ルメール		芝1600				1:34.9	-0.5		1-1-1	36.0-34.4	34.4	470(+2)				550.0																													晴		15.0	3.0	4.0	7.1	4.0	1	55.0	良	**	**		(シドニーホバート)																													
2022110066	2025-01-13	1中京5		11.0	日刊スポシンザン記念(GIII)								坂井瑠星		芝1600				1:36.1	1.5		4-2-2	35.1-35.8	37.3	470(0)																																	晴		15.0	7.0	12.0	51.4	10.0	8	55.0	良	**	**		リラエンブレム																													
2022110066	2025-02-10	1京都3		10.0	エルフィンS(L)								西村淳也		芝1600				1:36.0	0.7		1-1	35.3-34.8	35.5	464(-6)				503.2																													晴		9.0	1.0	1.0	35.8	5.0	3	55.0	良	**	**		ヴーレヴー																													
2022110066	2025-04-26	2京都1		7.0	3歳1勝クラス								鮫島克駿		ダ1800				1:55.4	2.7		2-2-2-2	35.9-38.3	40.9	466(+2)																																	晴		12.0	1.0	1.0	7.2	4.0	10	55.0	良	**	**		ロードラビリンス																													
2022110066	2025-10-12	3京都4		12.0	3歳以上1勝クラス								鮫島克駿		芝1600				1:33.3	0.6		5-6	34.4-34.3	34.0	484(+18)																																	曇		18.0	2.0	3.0	10.9	6.0	7	54.0	良	**	**		ワンモアスマイル																													
2022110066	2025-10-26	4東京9		8.0	3歳以上1勝クラス								石川裕紀		芝1600				1:34.2	-0.1		1-1	36.0-33.7	33.7	478(-6)				800.0																													曇		15.0	1.0	1.0	20.5	6.0	1	54.0	稍	**	**		(サンタンカ)																													
2022110066	2025-12-21	5中山6		12.0	3歳以上2勝クラス								石川裕紀		芝1600				1:35.2	0.7		3-4-3	35.5-35.8	36.1	478(0)																																	雨		16.0	3.0	5.0	6.6	4.0	8	55.0	重	**	**		メタルスピード																													
2022110066	2026-01-17	1京都6		12.0	4歳以上2勝クラス								西村淳也		芝1600				1:35.1	1.6		2-2	35.2-34.5	35.9	476(-2)																																	晴		18.0	8.0	16.0	11.5	7.0	13	55.0	良				カズミクラーシュ																													
2022110071	2025-04-06	2阪神4	晴	2.0	3歳未勝利		15.0	3.0	5.0	78.2	6.0	14	古川奈穂	52.0	ダ1800		良	**	1:59.1	5.9	**	12-11-10-11	37.4-36.7	41.3	506(0)			ブラックアダマス																																																																								
2022110071	2025-06-08	3阪神2	晴	4.0	3歳未勝利		15.0	1.0	1.0	172.8	11.0	9	吉田隼人	55.0	ダ1800		良	**	1:58.0	2.6	**	6-6-10-9	36.9-40.2	41.7	508(+2)			ゼンエスポワール																																																																								
2022110071	2025-06-14	3阪神3	小雨	3.0	3歳未勝利		16.0	1.0	2.0	193.3	15.0	12	国分優作	55.0	ダ2000		稍	**	2:10.4	2.4	**	1-1-1-2	35.1-39.8	42.2	506(-2)			ロックウイズユー																																																																								
2022110071	2025-08-02	1札幌3	晴	3.0	3歳未勝利		14.0	4.0	5.0	93.2	13.0	6	荻野琢真	55.0	ダ1700		良	**	1:48.3	1.3	**	3-3-5-6	30.4-37.5	38.4	502(-4)			ラルフテソーロ																																																																								
2022110071	2025-08-31	2札幌4	曇	4.0	3歳未勝利		16.0	8.0	16.0	49.8	11.0	12	斎藤新	55.0	芝2000		稍	**	2:05.3	2.5	**	10-11-15-12	35.3-37.7	38.9	508(+6)			エオアリイ																																																																								
2022110071	2025-09-14	4阪神4	曇	8.0	3歳以上1勝クラス		13.0	8.0	13.0	209.7	13.0	10	田山旺佑	50.0	ダ2000		良	**	2:08.5	3.6	**	6-6-7-9	35.4-38.2	41.0	512(+4)			シャンパンポップ																																																																								
2022110071	2025-12-26	笠松	曇	2.0	C23組		8.0	1.0	1.0	1.2	1.0	1	藤原幹生	55.0	ダ1400		重	**	1:31.8	-0.9	**	1-1-1		40.2	521(+9)			(ラムセスノムスメ)	40.0																																																																							
2022110071	2026-01-07	笠松	晴	9.0	書初め特別(C)		8.0	5.0	5.0	3.2	2.0	2	藤原幹生	55.0	ダ1600		良	**	1:45.5	0.2	**	3-1-1		40.4	522(+1)			リュウジンマル	20.0																																																																							
2022110082	2024-12-01	7京都2		5.0	2歳新馬								北村友一		芝1400				1:23.1	0.6		3-4	36.0-34.4	34.7	462(0)				180.0	晴		9.0	8.0	8.0	6.0	3.0	3.0	55.0	良	**	**		ランスオブカオス																																																									
2022110082	2024-12-22	7京都8		2.0	2歳未勝利								北村友一		芝1600				1:36.3	1.5		5-5	34.9-36.1	36.9	462(0)					曇		18.0	7.0	15.0	21.8	8.0	12.0	55.0	良	**	**		グラフィティアート																																																									
2022110082	2025-03-22	2中京3		4.0	3歳未勝利								北村友一		ダ1400				1:24.7	-0.2		6-6	34.2-38.5	37.3	464(+2)				560.0	晴		16.0	4.0	8.0	21.8	6.0	1.0	55.0	良	**	**		(バルミラクル)																																																									
2022110082	2025-04-27	2京都2		6.0	3歳1勝クラス								北村友一		ダ1400				1:25.7	0.7		9-7	35.4-37.3	37.0	460(-4)				80.0	晴		10.0	7.0	8.0	3.8	2.0	5.0	55.0	良	**	**		ゲッティヴィラ																																																									
2022110082	2025-11-01	3京都10		7.0	3歳以上1勝クラス								北村友一		ダ1400				1:24.4	0.7		12-11	35.0-36.6	36.5	468(+8)				80.0	晴		16.0	2.0	4.0	19.4	7.0	5.0	55.0	重	**	**		ヴリトラハン																																																									
2022110082	2025-12-07	5中京2		6.0	3歳以上1勝クラス								ルメール		ダ1400				1:24.6	0.0		8-8	34.6-38.1	37.2	462(-6)				320.0	晴		16.0	1.0	1.0	5.0	2.0	2.0	55.0	良	**	**		カレンワッツアップ																																																									
2022110082	2025-12-20	5中京5		7.0	3歳以上1勝クラス								松本大輝		ダ1400				1:25.7	0.4		9-9	35.6-37.2	36.9	462(0)					小雨		15.0	2.0	4.0	5.7	3.0	6.0	54.0	稍	**	**		ペイドラロワール																																																									
2022110105	2024-09-07	3中京1		4.0	2歳新馬								坂井瑠星		ダ1800				1:56.3	0.9		2-2-2-2	39.8-36.5	37.3	506(0)				180.0															晴		9.0	4.0	4.0	1.6	1.0	3	55.0	良	**	**		トリポリタニア																																											
2022110105	2024-09-21	3中京6		3.0	2歳未勝利								坂井瑠星		ダ1400				1:25.9	0.7		3-2	34.7-38.4	39.0	508(+2)				220.0															晴		16.0	2.0	4.0	2.2	1.0	2	55.0	良	**	**		ユウトザユウト																																											
2022110105	2024-10-19	5京都5		1.0	2歳未勝利								坂井瑠星		ダ1400				1:25.9	0.3		1-1	35.2-37.7	38.0	512(+4)				220.0															曇		12.0	2.0	2.0	2.0	1.0	2	56.0	良	**	**		マジカルシャイン																																											
2022110105	2024-11-02	6京都1		2.0	2歳未勝利								北村友一		ダ1200				1:10.7	-2.4		1-1	34.8-35.9	35.9	506(-6)				550.0															雨		11.0	6.0	7.0	1.4	1.0	1	56.0	不	**	**		(タガノテツ)																																											
2022110105	2024-12-08	7京都4		6.0	2歳1勝クラス								坂井瑠星		ダ1200				1:11.2	-0.7		1-1	35.1-36.1	36.1	506(0)				780.0															曇		10.0	8.0	10.0	2.2	2.0	1	56.0	良	**	**		(ヤマニンチェルキ)																																											
2022110105	2024-12-14	4中京5		9.0	報知杯中京2歳S(OP)								岩田康誠		芝1200				1:09.1	-0.6		1-1	35.1-34.0	34.0	506(0)				1625.2															晴		11.0	3.0	3.0	2.2	1.0	1	57.0	良	**	**		(ポッドベイダー)																																											
2022110105	2025-03-01	メイダン			マハブアルシマール(GIII)								マーフィ		ダ1200										計不																					12.0		12.0	4.3	2.0	2	56.0	良																																															
2022110105	2025-04-05	メイダン			ドバイゴールデンシャ(GI)								マーフィ		ダ1200										計不																					13.0		12.0	13.3	3.0	6	56.0	良																																															
2022110105	2025-10-05	3京都2		10.0	藤森S(OP)								坂井瑠星		ダ1200				1:09.5	0.1		1-1	34.6-34.8	34.9	516(0)				890.6															曇		16.0	5.0	9.0	1.9	1.0	2	56.0	重	**	**		タガノミスト																																											
2022110105	2025-11-01	デルマー		6.0	BCスプリント(GI)								坂井瑠星		ダ1200										計不																					15.0		9.0	23.5	8.0	4	56.0	良																																															
2022110105	2026-01-18	1中山7		10.0	ジャニュアリーS(OP)								北村友一		ダ1200				1:11.7	1.1		2-2	33.3-37.3	38.2	536(0)																																																													晴		16.0	5.0	10.0	3.1	1.0	11	57.0	良	**	**		モンドプリューム	202606010710
2022110107	2024-07-27	2新潟1		3.0	2歳新馬								戸崎圭太		ダ1200				1:12.7	-0.4		1-1	35.0-37.7	37.7	494(0)				720.0															晴		14.0	3.0	3.0	3.5	2.0	1	55.0	良	**	**		(ブルドッグワイルド)																																											
2022110107	2024-09-28	3中京8		9.0	ヤマボウシ賞(1勝クラス)								武豊		ダ1400				1:24.6	1.0		10-10	35.2-36.3	35.8	502(+8)				107.0															曇		10.0	2.0	2.0	8.5	4.0	5	55.0	良	**	**		アメリカンビキニ																																											
2022110107	2024-11-02	デルマー			BCジュベナイル(GI)								菅原明良		ダ1700										計不																					10.0		9.0		10.0	8	55.5	良																																															
2022110107	2025-01-19	1中山7		6.0	3歳1勝クラス								戸崎圭太		ダ1200				1:11.7	-0.1		2-3	34.3-37.4	37.2	520(0)				800.0															曇		16.0	5.0	9.0	3.8	2.0	1	57.0	良	**	**		(ヤマメキング)																																											
2022110107	2025-02-23	1東京8		9.0	ヒヤシンスS(L)								松若風馬		ダ1600				1:39.3	1.7		3-2	35.9-35.6	37.2	522(+2)																			晴		10.0	6.0	6.0	78.0	10.0	10	57.0	良	**	**		ルクソールカフェ																																											
2022110107	2025-06-14	3阪神3		10.0	安芸特別(2勝クラス)								団野大成		ダ1200				1:09.8	-0.8		1-1	34.7-35.1	35.1	520(-2)				1585.0															雨		16.0	2.0	4.0	3.3	2.0	1	55.0	重	**	**		(フェンダー)																																											
2022110107	2025-07-05	2福島3		11.0	TUF杯(3勝クラス)								丸山元気		ダ1150				1:08.2	0.5		3-3	31.6-36.1	36.4	518(-2)																			晴		16.0	6.0	11.0	2.1	1.0	6	55.0	良	**	**		オーブルクール																																											
2022110107	2025-08-14	門別		11.0	北海道スプリントカッ(JpnIII)								團野大成		ダ1200				1:13.1	0.7		3-3		38.2	524(+6)				480.0															曇		8.0	1.0	1.0	4.8	4.0	3	56.0	良	**	**		ヤマニンチェルキ																																											
2022110107	2025-11-02	4東京11		10.0	秋嶺S(3勝クラス)								団野大成		ダ1300				1:16.5	-0.1		2-2	29.5-35.7	35.5	522(-2)				1865.9															曇		12.0	8.0	11.0	3.3	2.0	1	57.0	重	**	**		(ドラゴンウェルズ)																																											
2022110107	2025-12-14	5中山4		11.0	カペラS(GIII)								団野大成		ダ1200				1:09.7	1.1		3-1	32.9-35.7	36.7	534(+12)				958.3															曇		16.0	7.0	13.0	15.0	6.0	3	56.0	稍	**	**		テーオーエルビス																																											
2022110107	2026-01-18	1中山7		10.0	ジャニュアリーS(OP)								戸崎圭太		ダ1200				1:10.9	0.3		6-5	33.3-37.3	37.2	532(-2)				890.6																																																									晴		16.0	3.0	6.0	3.2	2.0	2	57.0	良	**	**		モンドプリューム	202606010710
2022110115	2024-08-03	2新潟3	晴	3.0	2歳新馬		15.0	6.0	10.0	2.8	1.0	1	松山弘平	55.0	ダ1800		良	**	1:54.7	-0.9	**	3-2-2-2	36.3-39.8	39.3	508(0)			(ダカラフェスティヴ)	720.0																																																																							
2022110115	2024-11-02	デルマー			BCジュベナイル(GI)		10.0		8.0		8.0	10	武豊	55.5	ダ1700		良								計不																																																																											
2022110115	2025-01-06	1中京2	曇	4.0	3歳1勝クラス		12.0	7.0	9.0	18.1	3.0	11	武豊	57.0	ダ1800		良	**	1:55.4	2.1	**	12-12-9-10	36.8-38.8	39.6	522(0)			ドンインザムード																																																																								
2022110115	2025-02-01	1東京1	晴	4.0	3歳1勝クラス		13.0	7.0	10.0	22.1	7.0	7	団野大成	57.0	ダ1600		良	**	1:38.9	1.7	**	1-1	35.2-36.4	38.1	520(-2)			ヘニーガイスト																																																																								
2022110115	2025-04-06	2阪神4	晴	5.0	3歳1勝クラス		14.0	2.0	2.0	31.1	6.0	2	団野大成	57.0	ダ1800		良	**	1:53.1	0.4	**	1-1-1-1	36.5-38.2	38.6	520(0)			テスティモーネ	320.0																																																																							
2022110115	2025-04-26	2京都1	晴	7.0	3歳1勝クラス		12.0	3.0	3.0	3.8	2.0	7	団野大成	57.0	ダ1800		良	**	1:54.0	1.3	**	4-5-8-9	35.9-38.3	38.8	514(-6)			ロードラビリンス																																																																								
2022110115	2025-06-17	川崎	晴	10.0	ジューンスター賞(B2B3)		11.0	4.0	4.0	1.4	1.0	1	笹川翼	55.0	ダ1500		良	**	1:34.0	-0.8	**	1-1-1-1	30.8-37.8	37.8	515(+1)			(インナースティール)	400.0																																																																							
2022110115	2025-07-26	2新潟1	晴	6.0	麒麟山特別(2勝クラス)		15.0	5.0	8.0	3.9	2.0	3	菅原明良	55.0	ダ1800		良	**	1:53.2	0.8	**	13-13-10-10	37.8-37.2	37.0	520(+5)			クラウンシエンタ	394.6																																																																							
2022110115	2025-08-10	2新潟6	雨	7.0	レパードS(GIII)		15.0	3.0	5.0	27.7	8.0	13	菅原明良	57.0	ダ1800		不	**	1:52.5	2.0	**	15-14-14-15	35.8-36.9	37.7	520(0)			ドンインザムード																																																																								
2022110115	2025-09-09	川崎	晴	11.0	スパーキングナイトチ(A2B1)		14.0	7.0	12.0	1.4	1.0	1	笹川翼	56.0	ダ1600		稍	**	1:43.0	-0.6	**	3-3-1-2	38.6-38.7	38.7	520(0)			(タブラオ)	800.0																																																																							
2022110115	2025-10-11	3京都3	晴	11.0	御陵S(3勝クラス)		16.0	3.0	5.0	16.5	6.0	2	松若風馬	54.0	ダ1900		良	**	1:57.8	0.2	**	3-3-2-2	30.0-37.7	37.7	518(-2)			タガノバビロン	749.8																																																																							
2022110115	2025-11-16	4京都4	晴	10.0	天橋立S(3勝クラス)		14.0	6.0	9.0	12.2	7.0	5	ルメール	55.0	ダ1800		良	**	1:50.4	1.0	**	8-8-8-6	35.3-37.3	37.6	522(+4)			トリポリタニア	184.0																																																																							
2022110115	2025-12-27	5阪神7	晴	10.0	摩耶S(3勝クラス)		16.0	8.0	16.0	7.3	4.0	3	団野大成	57.0	ダ1800		稍	**	1:53.0	0.2	**	4-5-8-5	36.2-38.4	38.1	526(+4)			ハナウマビーチ	464.9																																																																							
2022110123	2025-01-25	1小倉1		1.0	3歳未勝利								岩田望来		ダ1700				1:47.6	1.5		12-12-6-5	31.4-37.1	38.1	498(0)				140.0																																											晴		12.0	2.0	2.0	23.9	6.0	3	57.0	良	**	**		グランキングオー															
2022110123	2025-02-16	1京都6		1.0	3歳未勝利								岩田望来		ダ1900				2:03.1	0.1		4-4-2-5	30.1-39.7	39.6	502(+4)				84.0																																											曇		10.0	7.0	8.0	10.9	4.0	4	57.0	稍	**	**		リアルスター															
2022110123	2025-03-23	1阪神8		3.0	3歳未勝利								岩田望来		ダ1800				1:57.1	0.7		5-5-5-4	39.1-37.6	37.8	496(-6)				84.0																																											晴		12.0	8.0	11.0	3.2	1.0	4	57.0	良	**	**		メイケイロゼッタ															
2022110123	2025-04-19	2阪神7		3.0	3歳未勝利								岩田望来		ダ2000				2:09.1	0.6		2-2-2-2	36.2-39.0	39.5	496(0)				84.0																																											晴		16.0	7.0	13.0	9.7	3.0	4	57.0	良	**	**		ミラクルブルー															
2022110123	2025-05-17	2京都7		2.0	3歳未勝利								坂井瑠星		ダ1900				1:58.8	0.0		2-2-2-2	29.5-37.0	37.0	498(+2)				560.0																																											雨		10.0	7.0	7.0	2.3	1.0	1	57.0	不	**	**		(サルタール)															
2022110123	2025-08-31	4中京4		7.0	3歳以上1勝クラス								岩田望来		ダ1800				1:54.2	0.8		8-8-8-7	37.7-38.0	37.6	508(+10)				120.0																																											晴		13.0	2.0	2.0	12.2	5.0	4	55.0	良	**	**		スーパージョック															
2022110128	2024-09-29	4中山9		3.0	2歳新馬								モレイラ		芝1200				1:09.8	0.5		3-3	34.9-34.4	34.7	472(0)				290.0	曇		16.0	2.0	3.0	3.9	2.0	2.0	55.0	良	**	**		カンシン																																																									
2022110128	2024-10-19	4東京5		1.0	2歳未勝利								松山弘平		ダ1400				1:25.9	0.1		2-2	35.6-37.3	37.3	478(+6)				220.0	晴		15.0	6.0	11.0	3.2	1.0	2.0	56.0	良	**	**		アメリカンビーチ																																																									
2022110128	2024-11-17	5東京6		1.0	2歳未勝利								三浦皇成		ダ1300				1:19.3	0.4		6-5	29.5-36.9	36.7	486(+8)				140.0	晴		16.0	4.0	8.0	1.5	1.0	3.0	56.0	良	**	**		スパルタンキング																																																									
2022110128	2024-12-22	5中山8		1.0	2歳未勝利								ムーア		ダ1200				1:12.1	-0.3		1-2	34.0-38.1	38.1	492(+6)				550.0	晴		16.0	8.0	15.0	1.8	1.0	1.0	56.0	良	**	**		(カウスリップ)																																																									
2022110128	2025-03-23	2中山8		8.0	3歳1勝クラス								佐々木大		ダ1200				1:13.0	1.8		6-6	33.8-37.4	38.6	484(-8)					晴		15.0	2.0	3.0	4.4	2.0	11.0	57.0	良	**	**		アスタールフナ																																																									
2022110128	2025-07-19	2福島7		12.0	3歳以上1勝クラス								三浦皇成		ダ1150				1:10.2	0.4		3-3	32.7-37.1	37.2	492(+8)					晴		11.0	4.0	4.0	3.4	2.0	6.0	55.0	良	**	**		グラスブランシュ																																																									
2022110128	2025-08-30	3新潟3		12.0	3歳以上1勝クラス								大野拓弥		ダ1200				1:17.5	5.5		13-14	34.6-37.4	41.5	496(+4)					晴		15.0	7.0	12.0	5.8	2.0	15.0	56.0	良	**	**		ミスエル																																																									
2022110135	2024-11-09	6京都3	晴	4.0	2歳新馬		15.0	3.0	5.0	3.4	2.0	5	横山典弘	56.0	ダ1800		良	**	1:55.1	3.9	**	11-11-8-9	36.8-36.3	39.0	520(0)			ナルカミ	72.0																																																																							
2022110135	2025-03-01	1阪神1	晴	3.0	3歳未勝利		16.0	5.0	10.0	6.2	3.0	6	横山典弘	57.0	ダ1800		良	**	1:55.5	0.5	**	15-13-14-10	37.7-39.3	38.2	514(-6)			ソングコレクター																																																																								
2022110135	2025-03-23	1阪神8	晴	3.0	3歳未勝利		12.0	2.0	2.0	4.1	3.0	2	横山典弘	57.0	ダ1800		良	**	1:56.5	0.1	**	3-3-4-4	39.1-37.6	37.3	510(-4)			メイケイロゼッタ	220.0																																																																							
2022110135	2025-04-06	2阪神4	晴	2.0	3歳未勝利		15.0	4.0	8.0			除	横山典弘	57.0	ダ1800		良	**			**		37.4-36.7		510(0)			ブラックアダマス																																																																								
2022110135	2025-06-08	3阪神2	晴	4.0	3歳未勝利		15.0	8.0	14.0	2.6	1.0	1	角田大和	57.0	ダ1800		良	**	1:55.4	-0.5	**	4-4-2-1	36.9-40.2	40.0	516(+6)			(ペプチドモガミ)	560.0																																																																							
2022110135	2025-07-06	2小倉4	晴	12.0	3歳以上1勝クラス		16.0	6.0	12.0	16.1	7.0	3	角田大和	55.0	ダ1700		良	**	1:46.0	0.6	**	3-3-3-3	29.8-37.9	38.3	518(+2)			ジューンエオス	200.0																																																																							
2022110135	2025-08-02	3中京3	晴	9.0	3歳以上1勝クラス		10.0	2.0	2.0	6.2	5.0	6	角田大和	55.0	ダ1800		良	**	1:54.8	1.1	**	4-3-5-4	38.0-38.4	39.0	516(-2)			ショーダンサー																																																																								
2022110135	2025-11-08	3福島1	晴	12.0	3歳以上1勝クラス		15.0	8.0	14.0	5.9	3.0	2	角田大和	56.0	ダ1700		良	**	1:46.3	0.4	**	2-3-2-2	30.0-38.5	38.8	518(+2)			タイセイマンボ	320.0																																																																							
2022110135	2025-11-30	4京都8	晴	7.0	3歳以上1勝クラス		16.0	2.0	3.0	12.3	5.0	2	横山典弘	56.0	ダ1800		良	**	1:51.9	0.1	**	3-3-3-4	35.9-37.6	37.4	520(+2)			ドゥラエテルノ	320.0																																																																							
2022110135	2025-12-21	5中京6	雨	3.0	3歳以上1勝クラス		16.0	6.0	11.0	2.4	1.0	1	横山典弘	57.0	ダ1800		稍	**	1:53.1	0.0	**	2-2-2-2	37.0-38.4	38.2	516(-4)			(オリーブグリーン)	800.0																																																																							
2022110137	2024-10-05	5京都1	晴	4.0	2歳新馬		16.0	5.0	10.0	3.9	2.0	1	北村友一	56.0	ダ1400		稍	**	1:24.7	-1.5	**	2-1	35.1-37.3	37.2	456(0)			(マジカルシャイン)	720.0																																																																							
2022110137	2024-11-23	5東京7	晴	9.0	カトレアS(OP)		16.0	2.0	4.0	7.4	4.0	9	ムーア	56.0	ダ1600		稍	**	1:37.9	1.5	**	2-2	34.3-36.8	38.2	458(+2)			ナチュラルライズ																																																																								
2022110137	2025-01-19	1中京7	晴	6.0	3歳1勝クラス		10.0	3.0	3.0	2.5	1.0	5	北村友一	57.0	ダ1200		良	**	1:12.2	0.9	**	1-1	33.8-37.5	38.4	472(+14)			ペイシャケイプ	80.0																																																																							
2022110137	2025-02-01	1京都1	曇	7.0	3歳1勝クラス		8.0	1.0	1.0	2.0	1.0	1	北村友一	57.0	ダ1200		良	**	1:12.3	-0.9	**	1-1	36.0-36.3	36.3	472(0)			(セントールビースト)	800.0																																																																							
2022110137	2025-04-06	2阪神4	晴	9.0	バイオレットS(OP)		15.0	4.0	7.0	10.9	5.0	14	北村友一	57.0	ダ1400		良	**	1:27.0	3.0	**	13-15	33.9-38.1	38.6	474(+2)			ヤマニンチェルキ																																																																								
2022110137	2025-05-31	2京都11	曇	11.0	葵S(GIII)		16.0	8.0	16.0	22.7	11.0	16	北村友一	57.0	芝1200		良	**	1:09.2	0.9	**	3-3	33.5-34.8	35.3	472(-2)			アブキールベイ																																																																								
2022110137	2025-08-09	2新潟5	晴	10.0	3歳以上2勝クラス		15.0	7.0	12.0	2.0	1.0	1	戸崎圭太	56.0	ダ1200		良	**	1:10.4	-0.7	**	1-1	34.3-36.1	36.1	474(+2)			(ビッグドリーム)	1140.0																																																																							
2022110137	2025-08-23	4中京1	晴	11.0	伊賀S(3勝クラス)		16.0	7.0	14.0	2.5	1.0	4	川田将雅	54.0	ダ1400		良	**	1:23.7	0.2	**	5-5	34.0-37.4	37.2	474(0)			プロトポロス	280.0																																																																							
2022110137	2025-11-02	4東京11	曇	10.0	秋嶺S(3勝クラス)		12.0	5.0	6.0	2.8	1.0	2	戸崎圭太	57.0	ダ1300		重	**	1:16.6	0.1	**	1-1	29.5-35.7	35.8	474(0)			エコロアゼル	747.4																																																																							
2022110137	2025-12-06	5阪神1	晴	10.0	妙見山S(3勝クラス)		16.0	2.0	3.0	3.3	1.0	8	北村友一	57.0	ダ1200		良	**	1:11.3	0.9	**	4-2	33.6-36.8	37.1	480(+6)			ファムエレガンテ																																																																								
2022110137	2026-01-12	1中山5	晴	10.0	初春S(3勝クラス)		16.0	8.0	15.0	2.2	1.0	1	戸崎圭太	57.0	ダ1200		良	**	1:10.3	-0.3	**	4-3	33.5-36.8	35.8	478(-2)			(ドンレパルス)	1904.3																																																																							
2022110140	2024-10-06	4新潟2	晴	5.0	2歳新馬		15.0	5.0	8.0	1.9	1.0	1	斎藤新	56.0	ダ1200		良	**	1:11.8	-1.0	**	2-2	36.2-35.6	35.5	460(0)			(アルマヴィーナス)	720.0																																																																							
2022110140	2024-11-09	5東京3	晴	9.0	オキザリス賞(1勝クラス)		16.0	5.0	9.0	3.9	2.0	2	横山和生	56.0	ダ1400		良	**	1:25.3	0.2	**	2-2	36.2-36.2	36.3	470(+10)			プロミストジーン	439.8																																																																							
2022110140	2024-12-15	4中京6	晴	9.0	寒椿賞(1勝クラス)		7.0	6.0	6.0	1.8	1.0	1	斎藤新	56.0	ダ1400		良	**	1:24.9	-0.7	**	2-2	36.0-36.4	36.3	476(+6)			(ユウトザユウト)	1087.5																																																																							
2022110140	2025-03-16	2中京2	小雨	10.0	昇竜S(OP)		12.0	6.0	7.0	2.7	1.0	4	斎藤新	57.0	ダ1400		重	**	1:23.7	0.5	**	6-7	34.5-37.0	36.7	484(+8)			マテンロウコマンド	270.0																																																																							
2022110140	2025-04-06	2阪神4	晴	9.0	バイオレットS(OP)		15.0	7.0	12.0	2.7	1.0	4	モレイラ	57.0	ダ1400		良	**	1:24.4	0.4	**	3-3	33.9-38.1	38.2	476(-8)			ヤマニンチェルキ	270.0																																																																							
2022110140	2025-05-10	2東京5	曇	10.0	青竜S(OP)		11.0	6.0	7.0	5.7	2.0	1	ルメール	57.0	ダ1600		重	**	1:35.6	0.0	**	1-1	36.2-35.3	35.3	480(+4)			(プロミストジーン)	1823.8																																																																							
2022110140	2025-08-10	2新潟6	雨	7.0	レパードS(GIII)		15.0	3.0	4.0	11.8	7.0	15	斎藤新	57.0	ダ1800		不	**	1:53.6	3.1	**	5-5-4-4	35.8-36.9	39.7	476(-4)			ドンインザムード																																																																								
2022110140	2025-11-01	4東京10	晴	11.0	ペルセウスS(OP)		16.0	3.0	5.0	12.0	7.0	15	横山武史	55.0	ダ1600		重	**	1:36.7	3.8	**	1-1	33.6-35.8	39.6	486(+10)			ジェイパームス																																																																								
2022110140	2025-12-07	5阪神2	晴	11.0	りんくうS(OP)		16.0	1.0	1.0	6.8	3.0	2	斎藤新	55.0	ダ1200		良	**	1:10.6	0.0	**	1-1	34.9-35.7	35.7	482(-4)			メイショウホウレン	889.8																																																																							
2022110140	2026-01-18	1中山7		10.0	ジャニュアリーS(OP)								斎藤新		ダ1200				1:12.5	1.9		2-3	33.3-37.3	39.0	498(+16)																																																													晴		16.0	7.0	13.0	18.3	7.0	14	57.0	良	**	**		モンドプリューム	202606010710
2022110152	2024-10-27	4東京8		4.0	2歳新馬								三浦皇成		ダ1600				1:40.2	1.3		4-3	36.4-37.3	38.0	510(0)				110.0																													晴		16.0	6.0	11.0	11.1	5.0	4	56.0	良	**	**		タガノバビロン																													
2022110152	2024-11-16	6京都5		3.0	2歳未勝利								Ｃ．デム		ダ1400				1:27.2	1.7		4-6	34.3-38.7	40.0	510(0)																																	曇		13.0	4.0	5.0	4.3	3.0	6	56.0	良	**	**		ピエマンソン																													
2022110152	2025-01-12	1中京4		2.0	3歳未勝利								坂井瑠星		ダ1400				1:25.5	-1.0		2-1	35.0-38.2	38.2	514(+4)				560.0																													曇		16.0	5.0	10.0	7.9	5.0	1	57.0	良	**	**		(バルミラクル)																													
2022110152	2025-02-08	1東京3		7.0	3歳1勝クラス								津村明秀		ダ1400				1:26.5	0.2		2-2	35.2-38.6	38.6	504(-10)				200.0																													晴		14.0	6.0	9.0	6.1	5.0	3	57.0	良	**	**		アパッシメント																													
2022110152	2025-04-13	2阪神6		5.0	3歳1勝クラス								坂井瑠星		ダ1400				1:26.8	2.1		1-1	34.0-38.3	40.4	508(+4)																																	小雨		16.0	8.0	15.0	14.3	8.0	14	57.0	良	**	**		アローオブライト																													
2022110152	2025-05-17	2東京7		7.0	3歳1勝クラス								石川裕紀		ダ1400				1:23.9	1.1		4-2	34.2-36.3	36.9	504(-4)				320.0																													雨		14.0	7.0	12.0	8.5	4.0	2	57.0	不	**	**		ベンヌ																													
2022110152	2025-06-01	2東京12		5.0	3歳1勝クラス								レーン		ダ1400				1:23.1	0.1		1-1	35.5-35.3	35.4	500(-4)				320.0																													晴		11.0	3.0	3.0	3.1	2.0	2	57.0	重	**	**		トリリオンボーイ																													
2022110152	2025-08-24	4中京2		12.0	3歳以上1勝クラス								川田将雅		ダ1400				1:24.8	0.2		2-2	34.3-38.4	38.5	516(+16)				200.0																													晴		14.0	5.0	8.0	2.0	1.0	3	55.0	良	**	**		ダイシンリンク																													
2022110152	2025-09-06	4阪神1		12.0	3歳以上1勝クラス								川田将雅		ダ1400				1:25.6	1.0		6-6	35.1-36.9	37.4	512(-4)				80.0																													晴		13.0	5.0	7.0	1.7	1.0	5	56.0	稍	**	**		リメンバーヒム																													
2022110152	2025-10-11	3京都3		12.0	3歳以上1勝クラス								岩田望来		ダ1400				1:24.3	1.1		7-6	34.3-37.2	37.7	512(0)																																	晴		16.0	5.0	10.0	7.9	4.0	7	56.0	良	**	**		ゴールデンカイト																													
2022110152	2025-12-07	5中京2		6.0	3歳以上1勝クラス								川田将雅		ダ1400				1:25.0	0.4		6-6	34.6-38.1	38.0	512(0)				80.0																													晴		16.0	7.0	14.0	3.1	1.0	5	57.0	良	**	**		カレンワッツアップ																													
2022110152	2025-12-20	5中京5		7.0	3歳以上1勝クラス								吉田隼人		ダ1400				1:25.4	0.1		5-5	35.6-37.2	36.9	510(-2)				320.0																													小雨		15.0	6.0	12.0	5.1	2.0	2	57.0	稍	**	**		ペイドラロワール																													
2022110152	2026-01-17	1京都6		7.0	4歳以上1勝クラス								川田将雅		ダ1400				1:25.0	-0.2		3-2	36.0-36.6	36.2	514(+4)				820.0																													晴		15.0	5.0	9.0	4.5	2.0	1	57.0	良				(モズケイスター)																													
2022110153	2024-10-27	4東京8	晴	4.0	2歳新馬		16.0	8.0	16.0	7.9	3.0	2	野中悠太	56.0	ダ1600		良	**	1:39.2	0.3	**	9-9	36.4-37.3	36.2	480(0)			タガノバビロン	290.0																																																																							
2022110153	2024-11-16	3福島5	晴	3.0	2歳未勝利		15.0	4.0	7.0	2.0	1.0	1	黛弘人	56.0	ダ1700		良	**	1:46.0	-0.1	**	2-2-2-2	30.7-37.3	37.1	476(-4)			(ブルータス)	550.0																																																																							
2022110153	2024-12-08	5中山4	晴	7.0	2歳1勝クラス		13.0	7.0	10.0	1.9	1.0	2	黛弘人	56.0	ダ1800		良	**	1:54.4	0.3	**	3-3-2-2	37.0-39.1	39.3	484(+8)			ジャナドリア	310.0																																																																							
2022110153	2025-01-11	1中山3	晴	9.0	黒竹賞(1勝クラス)		14.0	6.0	10.0	5.5	3.0	2	黛弘人	57.0	ダ1800		稍	**	1:53.7	0.9	**	6-7-3-4	36.2-38.7	39.2	480(-4)			ルクソールカフェ	448.6																																																																							
2022110153	2025-02-01	1東京1	晴	4.0	3歳1勝クラス		13.0	5.0	6.0	3.8	2.0	4	キング	57.0	ダ1600		良	**	1:38.1	0.9	**	8-7	35.2-36.4	36.3	480(0)			ヘニーガイスト	120.0																																																																							
2022110153	2025-04-06	2阪神4	晴	5.0	3歳1勝クラス		14.0	1.0	1.0	1.8	1.0	3	モレイラ	57.0	ダ1800		良	**	1:53.2	0.5	**	3-3-6-6	36.5-38.2	38.0	476(-4)			テスティモーネ	200.0																																																																							
2022110153	2025-05-03	2京都3	晴	11.0	ユニコーンS(GIII)		13.0	7.0	10.0	27.2	6.0	4	藤岡佑介	57.0	ダ1900		稍	**	1:57.5	0.7	**	7-7-8-8	29.8-36.6	36.8	478(+2)			カナルビーグル	560.0																																																																							
2023100006	2025-06-28	2福島1		5.0	2歳新馬								大野拓弥		芝1200				1:11.2	1.5		3-5	34.0-35.7	36.4	476(0)				75.0																																											晴		8.0	5.0	5.0	5.2	4.0	5	55.0	良	**	**		メーゼ															
2023100006	2025-07-20	2福島8		3.0	2歳未勝利								大野拓弥		芝1200				1:12.0	1.0		6-5	35.3-35.7	35.7	474(-2)				84.0																																											晴		6.0	5.0	5.0	22.5	4.0	4	55.0	良	**	**		クリエープキー															
2023100006	2025-09-14	4中山4		2.0	2歳未勝利								原優介		芝1200				1:09.6	0.8		4-7	34.2-34.6	35.0	464(-10)																																															曇		16.0	4.0	7.0	62.8	8.0	9	55.0	良	**	**		フクチャンショウ															
2023100006	2025-11-22	3福島5		7.0	2歳未勝利								津村明秀		芝1800				1:49.0	0.9		10-11-11-11	35.4-35.5	35.5	482(+18)																																															晴		16.0	5.0	9.0	126.6	14.0	9	56.0	良	**	**		アロンソア															
2023100006	2025-12-14	5中山4		3.0	2歳未勝利								野中悠太		芝2000				2:05.6	2.6		10-10-13-12	36.9-36.5	37.8	486(+4)																																															雨		18.0	3.0	6.0	248.0	16.0	12	56.0	稍	**	**		ラージアンサンブル															
2023100014	2025-10-25	3京都8		6.0	2歳新馬								松若風馬		ダ1400				1:26.6	1.0		12-12	35.2-38.2	38.1	480(0)																			曇		16.0	3.0	5.0	38.0	10.0	7	55.0	良	**	**		フレグレイ																																											
2023100014	2025-11-16	4京都4		2.0	2歳未勝利								和田竜二		ダ1200				1:12.7	-0.3		3-2	35.2-37.5	37.2	476(-4)				560.0															晴		15.0	4.0	7.0	10.6	4.0	1	55.0	良	**	**		(リアルアルバ)																																											
2023100014	2025-12-14	5阪神4		6.0	2歳1勝クラス								和田竜二		ダ1200				1:12.6	0.9		3-3	35.9-35.8	36.4	470(-6)				200.0															晴		7.0	2.0	2.0	22.6	5.0	3	55.0	良	**	**		テーオーグレーザー																																											
2023100014	2026-01-18	1京都7		4.0	3歳1勝クラス								和田陽希		ダ1200				1:13.0	0.3		2-2	35.3-37.4	37.4	468(-2)																																																													晴		10.0	5.0	5.0	29.5	7.0	7	52.0	良	**	**		ラブルラウザー	202608010704
2023100021	2025-08-23	3新潟1		5.0	2歳新馬								菅原明良		芝1600				1:38.8	0.2		10-9	38.3-33.8	33.3	456(0)				110.0																																											晴		13.0	6.0	9.0	14.8	7.0	4	55.0	良	**	**		ローザレイア															
2023100021	2025-09-20	4中山6		2.0	2歳未勝利								菅原明良		芝2000				2:02.1	0.5		7-8-7-7	37.0-34.8	34.7	466(+10)				84.0																																											曇		14.0	7.0	11.0	6.6	4.0	4	55.0	良	**	**		ポルフュロゲネトス															
2023100021	2025-10-12	4東京4		2.0	2歳未勝利								菅原明良		芝1600				1:34.7	0.7		4-4	35.9-34.2	34.7	466(0)				84.0																																											晴		10.0	4.0	4.0	5.7	3.0	4	56.0	良	**	**		コズミックボックス															
2023100021	2026-01-05	1中山2		6.0	3歳未勝利								菅原明良		芝2000				2:01.6	0.5		4-3-3-4	35.5-36.1	36.3	468(+2)				59.0																																											晴		18.0	1.0	2.0	29.5	8.0	5	57.0	良	**	**		イモータリス															
2023100027	2025-10-11	4東京3		4.0	2歳新馬								横山和生		ダ1400				1:31.2	5.8		4-4	36.2-37.0	41.8	490(0)																			雨		16.0	6.0	11.0	42.4	10.0	16	56.0	稍	**	**		ウィッキドピケット																																											
2023100027	2026-01-18	1中山7		1.0	3歳未勝利								横山和生		ダ1200				1:15.1	2.0		11-12	33.5-39.6	40.1	500(+10)																																																													晴		16.0	7.0	13.0	139.0	11.0	11	57.0	良	**	**		マーガレットクレア	202606010701
2023100060	2025-12-13	5中京3		5.0	2歳新馬								今村聖奈		芝2000				2:03.7	2.3		12-12-12-12	36.9-33.6	34.7	510(0)																			曇		12.0	4.0	4.0	34.0	6.0	12	54.0	良	**	**		イベントホライゾン																																											
2023100060	2025-12-28	5阪神8		1.0	2歳未勝利								今村聖奈		ダ1800				1:59.7	4.4		9-9-10-8	37.6-38.7	41.7	516(+6)																			晴		13.0	5.0	7.0	18.5	5.0	10	54.0	良	**	**		ミヤジオズ																																											
2023100060	2026-01-18	1京都7		3.0	3歳未勝利								今村聖奈		ダ1400				1:31.3	5.0		2-3	35.2-38.4	43.2	516(0)																																																													晴		16.0	4.0	8.0	60.7	10.0	16	55.0	良	**	**		カフジクロミエ	202608010703
2023100099	2025-09-28	4中山9		4.0	2歳新馬								柴田大知		ダ1200				1:15.3	2.7		10-11	35.2-37.4	39.2	424(0)																																															晴		16.0	5.0	10.0	244.3	14.0	10	55.0	良	**	**		サノノアルペン															
2023100099	2025-10-13	4東京5		2.0	2歳未勝利								柴田大知		ダ1400				1:31.8	5.3		5-5	36.1-37.6	41.9	420(-4)																																															晴		13.0	3.0	3.0	494.9	13.0	13	55.0	良	**	**		エッジアキュート															
2023100099	2025-12-28	5中山8		3.0	2歳未勝利								柴田大知		芝1200				1:11.0	1.9		14-13	33.7-35.4	35.8	420(0)																																															晴		16.0	8.0	16.0	315.2	15.0	13	55.0	良	**	**		ニシノセイドウ															
2023100102	2025-06-28	2福島1		5.0	2歳新馬								内田博幸		芝1200				1:09.7	0.0		1-1	34.0-35.7	35.7	486(0)				300.0																													晴		8.0	2.0	2.0	4.1	3.0	2	55.0	良	**	**		メーゼ																													
2023100102	2025-07-13	2福島6		1.0	2歳未勝利								内田博幸		芝1200				1:12.9	1.2		1-1	34.7-37.0	38.2	488(+2)				220.0																													晴		9.0	8.0	8.0	1.1	1.0	2	55.0	良	**	**		フォトンゲイザー																													
2023100102	2025-08-02	2新潟3		3.0	2歳未勝利								内田博幸		芝1000				0:56.7	1.5		2	32.9-32.8	34.2	484(-4)																																	晴		12.0	5.0	6.0	2.3	1.0	8	55.0	良	**	**		プリティーミズホ																													
2023100102	2025-10-25	4新潟3		1.0	2歳未勝利								石神深道		芝1200				1:10.9	0.8		1-1	34.3-35.8	36.6	494(+10)																																	晴		15.0	4.0	7.0	11.3	5.0	12	53.0	良	**	**		ラテラルパーム																													
2023100102	2025-11-30	4京都8		1.0	2歳未勝利								内田博幸		ダ1200				1:13.3	0.2		3-3	35.6-37.5	37.4	500(+6)				140.0																													晴		16.0	4.0	7.0	7.7	4.0	3	56.0	良	**	**		ジャンシ																													
2023100102	2025-12-28	5中山8		1.0	2歳未勝利								内田博幸		ダ1200				1:13.6	0.5		1-1	34.1-39.0	39.5	506(+6)				220.0																													晴		16.0	7.0	14.0	3.2	2.0	2	56.0	良	**	**		ピュール																													
2023100102	2026-01-17	1中山6		1.0	3歳未勝利								内田博幸		ダ1200				1:13.1	0.1		3-3	34.4-38.6	38.4	510(+4)				240.0																													晴		16.0	5.0	9.0	5.7	3.0	2	57.0	良				サントマーレ																													
2023100145	2025-06-21	3東京5		5.0	2歳新馬								横山典弘		芝1800				1:50.1	2.3		11-11-10	36.3-34.7	34.8	464(0)																																	晴		12.0	4.0	4.0	18.9	7.0	8	55.0	良	**	**		モノポリオ																													
2023100145	2025-11-08	3福島1		3.0	2歳未勝利								角田大和		ダ1700				1:46.5	-0.2		2-2-2-2	30.3-38.9	38.8	474(+10)				560.0																													晴		15.0	8.0	15.0	5.1	2.0	1	56.0	良	**	**		(ハグレジョー)																													
2023100145	2026-01-17	1京都6		6.0	3歳1勝クラス								角田大和		ダ1800				1:54.2	0.6		3-5-3-3	37.7-36.5	36.8	474(0)				210.0																													晴		8.0	3.0	3.0	9.1	5.0	3	57.0	良				トリグラフヒル																													
2023100150	2025-07-05	1函館7		5.0	2歳新馬								横山武史		ダ1000				0:59.8	1.9		1-2	34.7-34.9	36.8	462(0)				300.0																																											晴		7.0	1.0	1.0	3.7	2.0	2	55.0	重	**	**		エムフォー															
2023100150	2025-07-13	1函館10		1.0	2歳未勝利								横山武史		ダ1000				1:01.0	0.8		2-3	35.3-36.8	37.5	462(0)				140.0																																											晴		12.0	7.0	10.0	2.5	1.0	3	55.0	良	**	**		アパタイトテソーロ															
2023100150	2025-08-03	1札幌4		1.0	2歳未勝利								小林美駒		ダ1000				1:03.0	2.5		5-7	34.8-37.3	39.2	468(+6)																																															晴		12.0	1.0	1.0	3.0	1.0	12	52.0	良	**	**		アンティミスト															
2023100150	2025-11-09	3福島2		1.0	2歳未勝利								石田拓郎		ダ1150				1:10.5	0.4		3-3	32.0-38.1	38.2	470(+2)				84.0																																											曇		16.0	8.0	16.0	15.1	6.0	4	52.0	良	**	**		グラティアム															
2023100150	2025-11-24	3福島6		1.0	2歳未勝利								石田拓郎		ダ1150				1:11.8	2.5		6-8	31.6-37.7	39.4	470(0)																																															晴		16.0	6.0	11.0	17.9	6.0	11	52.0	良	**	**		ルクスレイモンド															
2023100161	2025-12-13	5中山3		5.0	2歳新馬								江田照男		芝1800				1:50.6	2.1		5-7-6-7	37.6-34.5	36.1	476(0)																																															晴		13.0	7.0	10.0	7.9	3.0	11	56.0	良	**	**		ベンヴェヌータ															
2023100171	2025-10-26	4新潟4		5.0	2歳新馬								丸山元気		芝1600				1:39.7	2.0		7-6	37.7-33.9	35.3	448(0)																			雨		18.0	2.0	4.0	148.1	17.0	14	55.0	稍	**	**		オーライカモン																																											
2023100171	2026-01-18	1中山7		2.0	3歳未勝利								丹内祐次		ダ1800				2:01.7	4.3		11-12-12-11	37.1-41.2	44.3	448(0)																																																													晴		16.0	5.0	9.0	86.9	11.0	13	55.0	良	**	**		デルマホダカ	202606010702
2023100179	2025-07-26	2新潟1		2.0	2歳新馬								菅原明良		芝1600				1:35.0	0.4		5-4	35.8-33.7	33.8	408(0)				190.0															晴		12.0	2.0	2.0	37.4	8.0	3	55.0	良	**	**		ヒルデグリム																																											
2023100179	2025-08-17	2新潟8		3.0	2歳未勝利								津村明秀		芝1600				1:36.1	0.3		3-3	35.9-34.8	34.9	404(-4)				220.0															晴		11.0	6.0	7.0	6.7	2.0	2	55.0	良	**	**		アルバンヌ																																											
2023100179	2025-10-11	4東京3		1.0	2歳未勝利								津村明秀		芝1600				1:36.0	0.1		2-2	35.9-34.5	34.5	404(0)				140.0															雨		10.0	8.0	10.0	6.4	3.0	3	55.0	良	**	**		ルージュブリッツ																																											
2023100179	2025-11-09	5東京2		1.0	2歳未勝利								津村明秀		芝1600				1:35.3	0.4		1-1	36.2-34.4	34.8	404(0)				140.0															小雨		16.0	7.0	13.0	4.4	2.0	3	55.0	良	**	**		マカレイ																																											
2023100179	2025-12-06	5中山1		3.0	2歳未勝利								津村明秀		芝1600				1:35.6	0.2		2-4-4	36.2-34.2	34.1	408(+4)				84.0															晴		15.0	5.0	8.0	6.0	3.0	4	55.0	良	**	**		スミッコディスコ																																											
2023100179	2026-01-04	1中山1		5.0	3歳未勝利								津村明秀		芝1600				1:34.8	0.3		2-3-2	35.1-35.6	35.6	404(-4)				89.0															晴		16.0	6.0	12.0	9.4	4.0	4	55.0	良	**	**		タイセイアストロ																																											
2023100179	2026-01-18	1中山7		12.0	3歳未勝利								津村明秀		芝1600				1:34.6	0.4		1-1-1	35.5-35.7	36.1	400(-4)																																																													晴		16.0	6.0	11.0	24.8	8.0	6	55.0	良	**	**		サンヴィクトワール	202606010712
2023100213	2025-09-13	4阪神3		6.0	2歳新馬								小崎綾也		ダ1400				1:27.6	1.8		10-8	34.8-38.6	39.5	518(0)																																															曇		13.0	5.0	7.0	136.5	11.0	7	55.0	良	**	**		クリムゾンキャット															
2023100213	2025-09-21	4阪神7		4.0	2歳未勝利								小崎綾也		ダ1400				1:26.9	0.5		6-5	34.9-38.9	38.8	522(+4)				56.0																																											晴		13.0	3.0	3.0	130.7	10.0	5	55.0	良	**	**		キンダープンシュ															
2023100213	2026-01-05	1京都2		1.0	3歳未勝利								小崎綾也		ダ1800				1:53.9	0.4		1-1-1-1	35.6-38.7	39.1	524(+2)				150.0																																											晴		14.0	6.0	9.0	9.8	5.0	3	55.0	良	**	**		ルージュビバーチェ															
2023100230	2025-12-14	5中京4		5.0	2歳新馬								斎藤新		ダ1800				1:57.8	2.1		6-6-6-5	38.3-38.2	39.2	464(0)				190.0																													曇		13.0	4.0	5.0	6.5	3.0	3	56.0	稍	**	**		ウルフ																													
2023100230	2026-01-05	1京都2		2.0	3歳未勝利								斎藤新		ダ1900				2:01.7	0.8		5-3-3-3	30.4-38.5	39.1	466(+2)				89.0																													晴		16.0	2.0	3.0	33.5	8.0	4	57.0	良	**	**		エドウィンナルコ																													
2023100230	2026-01-17	1京都6		3.0	3歳未勝利								斎藤新		ダ1900				2:02.7	0.6		6-6-3-3	30.4-38.6	38.6	464(-2)				150.0																													晴		13.0	6.0	8.0	5.5	3.0	3	57.0	良				テスタヴェローチェ																													
2023100238	2025-10-04	3京都1		5.0	2歳新馬								田山旺佑		芝2000				2:04.3	2.0		8-11-3-6	37.3-35.1	36.8	396(0)																																															小雨		14.0	7.0	12.0	105.4	12.0	11	52.0	重	**	**		ダークマルス															
2023100238	2025-11-30	4京都8		2.0	2歳未勝利								田山旺佑		芝1800				1:47.0	0.6		9-7	34.4-35.6	35.3	390(-6)				140.0																																											晴		13.0	7.0	11.0	291.5	11.0	3	52.0	良	**	**		サウンドムーブ															
2023100238	2025-12-14	5阪神4		3.0	2歳未勝利								田山旺佑		芝1800				1:47.1	0.7		7-7	35.3-35.4	35.6	386(-4)				84.0																																											晴		11.0	6.0	7.0	10.5	4.0	4	52.0	稍	**	**		テーオーアルアイン															
2023100240	2026-01-18	1中山7		5.0	3歳新馬								丹内祐次		芝1600				1:35.9	1.5		8-6-6	35.8-34.3	35.3	492(0)																																																													晴		16.0	8.0	16.0	28.4	8.0	9	57.0	良	**	**		サンプレクス	202606010705
2023100241	2025-09-28	4阪神9		5.0	2歳新馬								秋山稔樹		芝1400				1:24.9	0.6		1-1	36.1-35.5	36.1	514(0)																																															晴		18.0	1.0	2.0	60.4	15.0	6	55.0	良	**	**		プレダトゥール															
2023100241	2025-11-09	4京都2		1.0	2歳未勝利								秋山稔樹		ダ1400				1:26.6	0.6		2-2	35.4-38.0	38.5	520(+6)				56.0																																											雨		16.0	6.0	12.0	24.0	8.0	5	56.0	稍	**	**		ムテキシャチョウ															
2023100241	2025-11-22	3福島5		3.0	2歳未勝利								菅原明良		ダ1700				1:51.7	3.8		2-1-1-1	29.8-39.7	43.5	518(-2)																																															晴		15.0	2.0	2.0	9.5	5.0	14	56.0	良	**	**		ブリッジエフェクト															
2023100283	2025-07-06	2福島4		4.0	2歳新馬								菅原明良		芝1200				1:12.1	0.5		9-9	35.9-35.7	35.5	442(0)				190.0																																											曇		11.0	7.0	8.0	6.4	4.0	3	55.0	良	**	**		リネンタイリン															
2023100283	2025-09-06	4中山1		2.0	2歳未勝利								団野大成		芝1600				1:36.0	2.0		4-2-2	35.2-35.4	37.3	444(+2)																																															晴		12.0	8.0	12.0	7.1	3.0	10	55.0	良	**	**		トワニ															
2023100283	2025-10-05	4東京2		3.0	2歳未勝利								菅原明良		芝1400				1:22.3	0.7		6-6	34.5-34.7	34.6	442(-2)																																															晴		17.0	7.0	14.0	5.2	1.0	7	55.0	良	**	**		フェーダーローター															
2023100283	2025-12-27	5中山7		1.0	2歳未勝利								菅原明良		ダ1200				1:12.6	0.1		5-4	34.1-38.4	38.1	454(+12)				220.0																																											曇		15.0	8.0	14.0	4.0	2.0	2	55.0	稍	**	**		コウジハラ															
2023100285	2025-10-18	4東京6		4.0	2歳新馬								石橋脩		芝1400				1:24.1	0.8		3-4	36.8-33.8	34.3	446(0)																			晴		18.0	3.0	5.0	9.4	3.0	8	55.0	良	**	**		エピッククイーン																																											
2023100285	2025-10-26	4東京9		1.0	2歳未勝利								菅原明良		ダ1400				1:28.0	2.5		11-12	36.4-36.7	38.1	446(0)																			小雨		14.0	3.0	4.0	5.5	2.0	11	55.0	不	**	**		エスシーレイジュ																																											
2023100285	2026-01-18	1中山7		2.0	3歳未勝利								菅原明良		ダ1800				1:59.9	2.5		2-3-2-2	37.1-41.2	43.6	456(+10)																																																													晴		16.0	6.0	11.0	13.5	6.0	8	55.0	良	**	**		デルマホダカ	202606010702
2023100288	2025-10-04	3京都1		5.0	2歳新馬								鮫島克駿		芝2000				2:02.5	0.2		2-2-2-2	37.3-35.1	35.2	456(0)				190.0																																											小雨		14.0	5.0	7.0	29.7	9.0	3	56.0	重	**	**		ダークマルス															
2023100288	2025-11-02	3京都11		2.0	2歳未勝利								鮫島克駿		芝2000				2:02.3	0.4		4-4-3-3	37.8-35.2	35.3	460(+4)				140.0																																											晴		7.0	4.0	4.0	4.3	3.0	3	56.0	良	**	**		ワンダフルボンド															
2023100290	2025-12-07	5中山2		5.0	2歳新馬								丹内祐次		芝1200				1:09.7	0.3		1-1	34.8-34.6	34.9	442(0)				190.0															晴		16.0	4.0	8.0	5.0	2.0	3	55.0	良	**	**		サムハラ																																											
2023100290	2026-01-18	1中山7		1.0	3歳未勝利								丹内祐次		ダ1200				1:15.0	1.9		8-7	33.5-39.6	40.3	438(-4)																																																													晴		16.0	6.0	11.0	14.8	7.0	10	55.0	良	**	**		マーガレットクレア	202606010701
2023100291	2025-10-05	4東京2		6.0	2歳新馬								佐々木大		ダ1600				1:40.5	0.0		4-3	37.0-36.6	36.4	496(0)				300.0																																											晴		16.0	7.0	13.0	3.8	2.0	2	56.0	良	**	**		ゲームカレンダー															
2023100291	2025-10-25	4東京8		1.0	2歳未勝利								佐々木大		ダ1600				1:39.3	1.2		2-2	36.2-36.4	37.5	506(+10)				56.0																																											小雨		15.0	1.0	1.0	6.8	3.0	5	56.0	稍	**	**		ケイアイアギト															
2023100291	2025-12-13	5中山3		2.0	2歳未勝利								マーカン		ダ1800				1:56.4	0.9		8-9-9-7	38.0-38.6	38.4	502(-4)				140.0																																											曇		16.0	7.0	13.0	3.8	3.0	3	56.0	良	**	**		イッテラッシャイ															
2023100291	2025-12-27	5中山7		2.0	2歳未勝利								マーカン		ダ1800				1:54.7	0.1		4-5-4-3	37.8-38.5	38.3	508(+6)				220.0																																											曇		16.0	4.0	7.0	2.5	1.0	2	56.0	稍	**	**		パッセージピーク															
2023100312	2025-12-06	5中山1		5.0	2歳新馬								北村宏司		芝2000				2:02.7	1.6		17-16-17-17	36.4-34.9	34.4	438(0)																																	晴		18.0	8.0	17.0	372.0	18.0	10	55.0	良	**	**		ゴディアーモ																													
2023100312	2026-01-17	1中山6		5.0	3歳未勝利								石橋脩		芝2000				2:01.4	0.7		7-7-12-10	35.6-35.5	35.3	432(-6)																																	晴		18.0	7.0	15.0	323.9	16.0	12	55.0	良				レダアトミカ																													
2023100325	2025-10-19	4新潟2		5.0	2歳新馬								小林凌大		芝1400				1:24.8	1.1		11-11	35.7-35.9	36.0	466(0)																																	曇		18.0	2.0	4.0	44.4	13.0	10	56.0	稍	**	**		ヘルモソブレード																													
2023100325	2025-10-25	4東京8		3.0	2歳未勝利								石川裕紀		芝1800				1:50.5	1.9		2-2-2	35.7-35.0	36.5	466(0)																																	小雨		9.0	2.0	2.0	135.1	7.0	7	56.0	良	**	**		ノーウェアマン																													
2023100325	2025-12-14	5中山4		1.0	2歳未勝利								荻野極		ダ1200								34.2-38.7		466(0)																																	雨		15.0	4.0	7.0			除	56.0	稍	**	**		ヴェネチアンキング																													
2023100325	2025-12-28	5中山8		1.0	2歳未勝利								舟山瑠泉		ダ1200				1:15.0	1.9		4-6	34.1-39.0	40.5	466(0)																																	晴		16.0	7.0	13.0	23.8	7.0	14	53.0	良	**	**		ピュール																													
2023100325	2026-01-17	1中山6		2.0	3歳未勝利								石川裕紀		ダ1800								37.7-39.6		464(-2)																																	晴		16.0	5.0	9.0	114.4	10.0	中	57.0	良				ウリズンベー																													
2023100362	2025-12-20	5中山5		5.0	2歳新馬								菅原明良		芝2000				2:02.7	0.9		3-3-2-2	36.8-35.3	36.1	488(0)																																															曇		17.0	7.0	14.0	7.4	3.0	6	56.0	良	**	**		プラウディッツ															
2023100362	2026-01-04	1中山1		2.0	3歳未勝利								菅原明良		ダ1800				1:56.4	1.9		2-2-2-2	38.5-37.9	39.6	492(+4)				240.0																																											晴		13.0	6.0	8.0	6.9	3.0	2	57.0	稍	**	**		フィンガー															
2023100376	2025-10-25	4東京8		4.0	2歳新馬								津村明秀		ダ1400				1:27.8	0.9		8-7	36.7-37.6	37.8	492(0)																			小雨		16.0	2.0	4.0	20.3	5.0	7	55.0	稍	**	**		ジャレッド																																											
2023100376	2025-11-16	4京都4		1.0	2歳未勝利								津村明秀		ダ1400				1:25.9	1.2		8-7	34.8-37.6	38.1	490(-2)																			晴		14.0	7.0	11.0	77.2	9.0	6	55.0	良	**	**		エイシンビリオン																																											
2023100376	2025-11-30	4京都8		1.0	2歳未勝利								菱田裕二		ダ1200				1:13.6	0.5		10-10	35.6-37.5	36.6	496(+6)				84.0															晴		16.0	7.0	13.0	15.6	5.0	4	55.0	良	**	**		ジャンシ																																											
2023100376	2026-01-18	1京都7		1.0	3歳未勝利								坂井瑠星		ダ1200				1:14.4	0.9		10-10	36.6-36.9	36.9	476(-20)				89.0																																																									晴		16.0	8.0	15.0	7.5	4.0	4	55.0	良	**	**		オンザノアール	202608010701
2023100392	2025-12-14	5阪神4		4.0	2歳新馬								横山武史		芝1400				1:23.4	1.4		2-2	34.8-35.4	36.8	490(0)																																	晴		11.0	7.0	8.0	20.1	5.0	9	55.0	稍	**	**		テイエムスティール																													
2023100392	2025-12-27	5阪神7		1.0	2歳未勝利								西塚洸二		ダ1200				1:14.2	1.4		8-9	35.5-37.3	37.9	486(-4)																																	晴		15.0	5.0	9.0	21.9	6.0	6	54.0	稍	**	**		ファイブタンゴ																													
2023100392	2026-01-17	1京都6		1.0	3歳未勝利								西塚洸二		ダ1800				1:57.3	2.8		1-1-1-2	37.0-37.9	40.7	484(-2)																																	晴		10.0	1.0	1.0	144.5	7.0	6	54.0	良				リアライズグリント																													
2023100395	2025-11-30	4京都8		6.0	2歳新馬								松本大輝		芝2000				2:04.1	1.8		7-6-5-6	37.3-34.9	36.2	444(0)																																	晴		8.0	1.0	1.0	48.4	7.0	6	54.0	良	**	**		パラディオン																													
2023100395	2026-01-17	1京都6		5.0	3歳未勝利								松本大輝		芝2000				2:03.5	2.4		15-16-15-16	34.8-36.8	37.3	440(-4)																																	晴		18.0	8.0	16.0	355.3	15.0	13	54.0	良				ラコンチャビエン																													
2023100452	2025-06-22	3阪神6		6.0	2歳新馬								吉村誠之		ダ1200				1:15.9	1.5		16-16	36.0-38.4	38.1	460(0)																																	晴		16.0	2.0	4.0	40.3	10.0	8	54.0	良	**	**		シュテフィ																													
2023100452	2025-10-05	3京都2		1.0	2歳未勝利								鮫島克駿		ダ1400				1:27.3	2.8		7-7	34.9-37.1	39.4	496(+36)																																	小雨		16.0	1.0	2.0	38.9	8.0	13	56.0	重	**	**		サヨノパララックス																													
2023100452	2025-10-18	3京都6		1.0	2歳未勝利								鮫島克駿		ダ1400				1:25.7	0.5		4-4	34.7-38.1	38.1	492(-4)				84.0																													曇		9.0	1.0	1.0	94.4	9.0	4	56.0	稍	**	**		エシェックオロワ																													
2023100452	2025-11-01	3京都10		1.0	2歳未勝利								鮫島克駿		ダ1200				1:12.6	0.7		10-8	35.5-36.4	36.2	492(0)																																	晴		13.0	1.0	1.0	47.7	7.0	6	56.0	不	**	**		メイショウテリオス																													
2023100452	2026-01-04	1京都1		1.0	3歳未勝利								鮫島克駿		ダ1200				1:13.6	0.4		10-9	36.2-37.0	36.5	490(-2)																																	晴		16.0	2.0	4.0	20.8	7.0	6	57.0	良	**	**		リーグナイト																													
2023100452	2026-01-17	1京都6		2.0	3歳未勝利								斎藤新		ダ1200				1:14.2	0.5		12-9	35.7-38.0	37.1	478(-12)				59.0																													晴		16.0	8.0	16.0	5.9	4.0	5	57.0	良				グラスゴー																													
2023100456	2025-10-26	3京都9		4.0	2歳新馬								長岡禎仁		ダ1800				1:59.3	7.4		15-15-16-16	37.1-36.1	41.0	502(0)																			曇		16.0	7.0	13.0	253.8	16.0	16	56.0	重	**	**		ダノンバーボン																																											
2023100456	2026-01-18	1京都7		2.0	3歳未勝利								森田誠也		ダ1800				1:59.5	3.7		11-11-12-12	38.4-38.2	39.7	502(0)																																																													晴		12.0	7.0	10.0	710.1	12.0	12	54.0	良	**	**		アミラル	202608010702
2023100476	2025-08-13	門別		6.0	JRA認定競走フレッ(新馬)(2歳)								小野楓馬		ダ1200				1:16.5	-0.5		1-1		39.2	424(0)				250.0																																											晴		7.0	8.0	8.0	7.2	3.0	1	55.0	良	**	**		(ルーチェアバンティ)															
2023100476	2025-09-14	佐賀		1.0	2歳ー2組								山口勲		ダ1400				1:32.5	1.1		3-3-3-6		40.7	436(+12)				4.8																																											曇		10.0	7.0	8.0	3.5	2.0	5	55.0	不	**	**		ハクアイドゥマン															
2023100476	2025-10-13	佐賀		6.0	JRA重賞級認定ネク(重賞)								藤本現暉		ダ1400				1:31.9	1.8		10-9-8-7		39.2	442(+6)																																															晴		11.0	4.0	4.0	82.9	7.0	6	55.0	良	**	**		サキドリトッケン															
2023100476	2025-11-03	門別		12.0	北海道2歳スプリント(OP)								石川慎将		ダ1200				1:16.5	3.2		11-12		39.3	426(-16)																																															晴		14.0	2.0	2.0	290.0	12.0	14	56.0	重	**	**		ゴッドバロック															
2023100477	2026-01-18	1京都7		5.0	3歳新馬								富田暁		芝2000				2:04.8	1.3		17-17-16-15	37.5-35.4	35.5	530(0)																																																													晴		17.0	2.0	3.0	255.2	17.0	11	57.0	良	**	**		クリスレジーナ	202608010705
2023100530	2025-11-09	4京都2		4.0	2歳新馬								和田竜二		ダ1400				1:28.5	3.6		14-15	35.8-36.9	38.5	502(0)																																	雨		16.0	7.0	14.0	177.0	16.0	16	56.0	稍	**	**		ヒルノプーリア																													
2023100530	2025-11-23	4京都6		1.0	2歳未勝利								田山旺佑		ダ1400				1:29.2	4.2		11-12	35.0-37.6	40.7	504(+2)																																	晴		14.0	4.0	6.0	450.8	12.0	13	53.0	良	**	**		ホットシート																													
2023100530	2026-01-11	1京都4		3.0	3歳未勝利								和田陽希		ダ1400				1:29.6	3.5		5-6	35.5-38.1	41.1	500(-4)																																	曇		16.0	5.0	9.0	370.0	16.0	14	54.0	良	**	**		ウルスツイスター																													
2023100530	2026-01-17	1京都6		3.0	3歳未勝利								和田陽希		ダ1900				2:04.3	2.2		10-12-12-12	30.4-38.6	39.1	494(-6)																																	晴		13.0	1.0	1.0	396.8	13.0	8	54.0	良				テスタヴェローチェ																													
2023100533	2026-01-17	1中山6		3.0	3歳新馬								北村宏司		ダ1800				1:57.3	0.4		2-4-3-3	38.4-40.2	40.3	498(0)																																	晴		16.0	5.0	10.0	84.8	14.0	6	57.0	良				ガムラスタン																													
2023100567	2025-10-18	3京都6		6.0	2歳新馬								鮫島克駿		ダ1400				1:29.0	4.0		16-16	35.6-36.6	38.3	458(0)																																															曇		16.0	1.0	2.0	86.8	15.0	13	56.0	稍	**	**		エブリーポッシブル															
2023100567	2026-01-04	1京都1		3.0	3歳未勝利								鮫島克駿		ダ1400				1:28.0	1.4		16-16	35.7-38.2	38.0	480(+22)																																															晴		16.0	5.0	10.0	298.6	15.0	10	57.0	良	**	**		ハードシングス															
2023100585	2025-10-26	4東京9		5.0	2歳新馬								内田博幸		芝1800				1:50.8	1.2		11-11-10	37.8-34.4	34.4	490(0)																																															小雨		16.0	6.0	11.0	71.3	9.0	10	56.0	稍	**	**		ヴァリスマリネリス															
2023100604	2025-11-29	4京都7		5.0	2歳新馬								池添謙一		芝1600				1:36.6	1.2		10-10	35.7-35.1	35.3	436(0)																			晴		12.0	6.0	7.0	44.9	9.0	11	56.0	良	**	**		レッドリガーレ																																											
2023100604	2025-12-14	5阪神4		2.0	2歳未勝利								池添謙一		ダ1400				1:27.5	2.8		16-16	34.3-38.0	38.5	432(-4)																			曇		16.0	2.0	3.0	123.6	14.0	11	56.0	稍	**	**		カナタコナタ																																											
2023100604	2026-01-18	1京都7		3.0	3歳未勝利								田山旺佑		ダ1400				1:28.4	2.1		11-10	35.2-38.4	39.6	440(+8)																																																													晴		16.0	2.0	4.0	268.9	16.0	13	54.0	良	**	**		カフジクロミエ	202608010703
2023100614	2025-09-13	4中山3		5.0	2歳新馬								内田博幸		芝1600				1:37.5	1.5		8-13-12	36.8-34.7	35.2	448(0)																			曇		16.0	3.0	6.0	213.7	15.0	11	55.0	稍	**	**		スタートレイン																																											
2023100614	2025-10-05	4東京2		3.0	2歳未勝利								小林美駒		芝1400				1:22.5	0.9		16-16	34.5-34.7	33.9	444(-4)																			晴		17.0	8.0	17.0	65.9	13.0	11	52.0	良	**	**		フェーダーローター																																											
2023100614	2026-01-18	1中山7		12.0	3歳未勝利								内田博幸		芝1600				1:35.2	1.0		14-14-14	35.5-35.7	35.4	438(-6)																																																													晴		16.0	4.0	7.0	334.4	16.0	11	55.0	良	**	**		サンヴィクトワール	202606010712
2023100617	2026-01-05	1京都2		3.0	3歳新馬								松若風馬		ダ1200				1:13.5	-0.2		1-1	36.1-37.4	37.4	480(0)				650.0															晴		14.0	1.0	1.0	4.1	2.0	1	55.0	良	**	**		(ウェルカムソング)																																											
2023100617	2026-01-18	1京都7		4.0	3歳1勝クラス								松若風馬		ダ1200				1:12.9	0.2		2-2	35.3-37.4	37.4	482(+2)				82.0																																																									晴		10.0	2.0	2.0	31.5	8.0	5	55.0	良	**	**		ラブルラウザー	202608010704
2023100631	2025-12-21	5阪神6		6.0	2歳新馬								藤岡佑介		芝1200				1:10.5	-0.3		1-1	36.1-34.4	34.4	474(0)				750.0																																											雨		11.0	6.0	6.0	2.3	1.0	1	56.0	重	**	**		(ミラキュラスアース)															
2023100676	2025-10-25	3京都8		6.0	2歳新馬								長岡禎仁		ダ1400				1:26.9	1.3		6-7	35.2-38.2	39.1	436(0)																																															曇		16.0	2.0	3.0	32.3	8.0	9	55.0	良	**	**		フレグレイ															
2023100676	2025-11-16	4京都4		1.0	2歳未勝利								幸英明		ダ1400				1:26.1	1.4		2-3	34.8-37.6	38.7	438(+2)																																															晴		14.0	4.0	5.0	91.9	11.0	8	55.0	良	**	**		エイシンビリオン															
2023100685	2025-12-28	5阪神8		6.0	2歳新馬								松若風馬		芝1600				1:35.7	0.3		3-3	35.1-34.7	34.9	434(0)				75.0															晴		16.0	4.0	7.0	88.0	15.0	5	55.0	良	**	**		キシダンチョウ																																											
2023100685	2026-01-18	1京都7		6.0	3歳未勝利								松若風馬		芝1600				1:35.0	1.0		6-6	33.6-36.8	36.9	432(-2)																																																													晴		18.0	8.0	17.0	174.0	15.0	12	55.0	良	**	**		マゲバスピード	202608010706
2023100722	2025-10-05	4東京2		6.0	2歳新馬								原優介		ダ1600				1:42.2	1.7		10-9	37.0-36.6	37.4	438(0)																			晴		16.0	5.0	9.0	17.7	6.0	6	55.0	良	**	**		ゲームカレンダー																																											
2023100722	2025-10-25	4東京8		1.0	2歳未勝利								原優介		ダ1600				1:39.9	1.8		6-8	36.2-36.4	37.5	440(+2)																			小雨		15.0	4.0	6.0	99.5	9.0	9	55.0	稍	**	**		ケイアイアギト																																											
2023100722	2025-12-27	5中山7		3.0	2歳未勝利								原優介		ダ1200				1:13.0	1.3		10-9	33.7-38.0	37.8	438(-2)				84.0															曇		16.0	2.0	3.0	63.4	9.0	4	55.0	稍	**	**		パータリプトラ																																											
2023100722	2026-01-18	1中山7		1.0	3歳未勝利								原優介		ダ1200				1:13.1	-0.1		11-10	33.5-39.6	38.1	444(+6)				590.0																																																									晴		16.0	5.0	10.0	13.1	6.0	1	55.0	良	**	**		(モーゲンセン)	202606010701
2023100732	2025-10-18	3京都6		5.0	2歳新馬								西村淳也		芝1600				1:36.5	1.7		3-3	36.1-34.6	36.1	462(0)																																	小雨		13.0	8.0	12.0	4.1	3.0	8	55.0	良	**	**		スウィートハピネス																													
2023100732	2025-12-20	5中京5		4.0	2歳未勝利								吉田隼人		芝1600				1:35.8	0.5		3-3-5	35.2-35.7	35.8	466(+4)																																	曇		16.0	1.0	2.0	16.9	8.0	6	55.0	稍	**	**		アンディムジーク																													
2023100732	2026-01-17	1京都6		5.0	3歳未勝利								吉村誠之		芝2000				2:04.0	2.9		3-4-5-5	34.8-36.8	39.2	470(+4)																																	晴		18.0	7.0	15.0	92.5	9.0	16	55.0	良				ラコンチャビエン																													
2023100757	2025-09-06	4中山1		6.0	2歳新馬								木幡初也		ダ1200				1:14.6	2.1		6-7	34.7-37.8	38.9	444(0)																																															晴		16.0	3.0	6.0	38.2	10.0	9	55.0	稍	**	**		アルデトップガン															
2023100757	2025-12-06	5中山1		1.0	2歳未勝利								木幡初也		ダ1200				1:13.4	1.2		8-7	35.0-37.2	37.8	454(+10)				140.0																																											晴		15.0	7.0	13.0	77.0	9.0	3	55.0	良	**	**		ビップムーラン															
2023100757	2025-12-28	5中山8		1.0	2歳未勝利								木幡初也		ダ1200				1:14.3	1.2		8-6	34.1-39.0	39.4	466(+12)																																															晴		16.0	4.0	8.0	8.9	4.0	9	55.0	良	**	**		ピュール															
2023100760	2025-06-28	2福島1		6.0	2歳新馬								石神深道		ダ1150				1:11.2	0.8		4-4	32.3-38.1	38.5	460(0)				75.0																													晴		11.0	6.0	6.0	36.5	7.0	5	52.0	良	**	**		セイカミナミホリエ																													
2023100760	2026-01-17	1中山6		1.0	3歳未勝利								小林美駒		ダ1200				1:15.7	2.7		9-10	34.4-38.6	40.3	468(+8)																																	晴		16.0	2.0	3.0	43.5	8.0	14	54.0	良				サントマーレ																													
2023100770	2025-08-10	2新潟6		3.0	2歳新馬								小林凌大		ダ1200				1:16.2	3.4		13-13	34.7-38.1	39.3	430(0)																			雨		15.0	6.0	11.0	169.5	12.0	14	55.0	稍	**	**		マイネルミストラル																																											
2023100770	2025-12-28	5中山8		1.0	2歳未勝利								谷原柚希		ダ1200				1:14.0	0.9		15-15	34.1-39.0	37.6	454(+24)																			晴		16.0	6.0	12.0	239.9	14.0	6	52.0	良	**	**		ピュール																																											
2023100770	2026-01-18	1中山7		3.0	3歳未勝利								谷原柚希		ダ1800				1:59.0	3.3		13-13-13-12	38.0-38.6	39.5	464(+10)																																																													晴		13.0	1.0	1.0	54.6	8.0	9	53.0	良	**	**		サイモフェーン	202606010703
2023100798	2025-11-08	3福島1		5.0	2歳新馬								角田大和		芝1200				1:10.0	0.8		3-3	33.8-35.4	36.0	490(0)																			晴		16.0	7.0	14.0	11.8	5.0	6	55.0	良	**	**		ディヴァインスカイ																																											
2023100798	2025-11-22	4京都5		1.0	2歳未勝利								武豊		ダ1200				1:14.3	1.1		14-14	36.3-36.9	36.8	490(0)																			晴		14.0	6.0	9.0	12.5	4.0	10	55.0	良	**	**		テーオーナタリー																																											
2023100798	2026-01-18	1京都7		1.0	3歳未勝利								角田大和		ダ1200				1:14.6	1.1		10-10	36.6-36.9	37.2	488(-2)																																																													晴		16.0	3.0	6.0	17.3	6.0	6	55.0	良	**	**		オンザノアール	202608010701
2023100814	2025-09-27	4阪神8		5.0	2歳新馬								高杉吏麒		芝2000				2:03.1	1.6		1-2-2-2	36.7-35.5	37.1	488(0)																			晴		11.0	6.0	7.0	7.5	4.0	7	54.0	良	**	**		フリーガー																																											
2023100814	2025-10-18	3京都6		3.0	2歳未勝利								高杉吏麒		芝1600				1:35.8	0.4		1-1	36.6-34.1	34.5	480(-8)				140.0															曇		7.0	2.0	2.0	6.6	3.0	3	56.0	良	**	**		ルートサーティーン																																											
2023100814	2026-01-18	1京都7		6.0	3歳未勝利								藤岡佑介		芝1600				1:34.6	0.6		1-1	33.6-36.8	37.4	498(+18)				59.0																																																									晴		18.0	3.0	6.0	25.1	6.0	5	57.0	良	**	**		マゲバスピード	202608010706
2023100823	2025-11-02	3京都11		5.0	2歳新馬								田口貫太		芝1600				1:37.0	1.1		8-6	35.9-34.9	35.3	462(0)																			晴		15.0	6.0	10.0	36.3	10.0	8	56.0	良	**	**		ヒシアイラ																																											
2023100823	2026-01-18	1京都7		6.0	3歳未勝利								古川吉洋		芝1600				1:35.0	1.0		15-15	33.6-36.8	35.9	468(+6)																																																													晴		18.0	2.0	3.0	167.1	13.0	11	57.0	良	**	**		マゲバスピード	202608010706
2023100841	2025-09-13	4阪神3		6.0	2歳新馬								中井裕二		ダ1400				1:28.5	2.7		3-3	34.8-38.6	41.0	436(0)																																															曇		13.0	3.0	3.0	163.9	12.0	10	55.0	良	**	**		クリムゾンキャット															
2023100841	2025-10-11	3京都3		1.0	2歳未勝利								中井裕二		ダ1200				1:13.7	0.8		8-8	35.3-37.6	37.7	434(-2)				56.0																																											曇		16.0	2.0	3.0	19.8	6.0	5	55.0	良	**	**		ランスオブキング															
2023100841	2026-01-12	1京都5		1.0	3歳未勝利								中井裕二		ダ1200				1:14.9	1.6		11-9	36.1-37.2	37.6	436(+2)																																															晴		16.0	1.0	1.0	70.7	12.0	8	55.0	良	**	**		ウォーターサグラダ															
2023100850	2026-01-17	1京都6		4.0	3歳新馬								井上敏樹		ダ1400				1:30.2	3.2		9-12	36.4-37.5	39.9	448(0)																																	晴		16.0	8.0	15.0	40.7	9.0	14	55.0	良				ホウショウルクス																													
2023100909	2025-10-19	4東京7		4.0	2歳新馬								菅原隆一		ダ1600				1:43.4	3.8		3-3	36.8-36.5	40.0	474(0)																																															雨		16.0	3.0	5.0	97.9	13.0	12	56.0	良	**	**		ラッキーキッド															
2023100909	2025-11-01	3京都10		3.0	2歳未勝利								古川奈穂		芝1800				1:51.0	1.6		4-3	36.4-34.2	35.6	472(-2)																																															晴		8.0	7.0	7.0	64.5	6.0	6	53.0	稍	**	**		フォルナックス															
2023100909	2025-11-08	4京都1		4.0	2歳未勝利								古川奈穂		ダ1800				1:58.4	4.7		4-4-4-8	37.0-37.6	42.0	470(-2)																																															晴		12.0	6.0	7.0	138.0	10.0	11	53.0	良	**	**		ジャスティンルマン															
2023100909	2025-12-20	5中京5		5.0	2歳未勝利								古川奈穂		芝2000				2:04.1	1.6		2-2-2-2	35.8-36.7	36.9	464(-6)																																															曇		18.0	2.0	4.0	152.0	13.0	14	53.0	稍	**	**		ロードメルヴェイユ															
2023100909	2026-01-11	1京都4		12.0	3歳未勝利								古川奈穂		芝1800				1:51.1	1.9		9-7	36.4-34.9	36.0	458(-6)																																															晴		18.0	6.0	11.0	288.1	17.0	14	54.0	良	**	**		ナリタエスペランサ															
2023100925	2025-06-15	3東京4		5.0	2歳新馬								横山琉人		芝1600				1:37.7	2.0		8-7	36.4-34.8	36.1	480(0)				110.0																													曇		10.0	7.0	8.0	3.5	2.0	4	54.0	稍	**	**		リアライズシリウス																													
2023100925	2025-07-05	2福島3		3.0	2歳未勝利								戸崎圭太		芝1800				1:52.4	1.3		3-3-3-2	36.5-36.7	37.7	480(0)																																	曇		9.0	6.0	6.0	2.0	1.0	7	55.0	稍	**	**		ルージュカルデア																													
2023100925	2026-01-05	1中山2		6.0	3歳未勝利								三浦皇成		芝2000				2:01.3	0.2		12-9-9-6	35.5-36.1	35.6	492(+12)				150.0																													晴		18.0	4.0	7.0	31.4	9.0	3	57.0	良	**	**		イモータリス																													
2023100925	2026-01-17	1中山6		5.0	3歳未勝利								丹内祐次		芝2000				2:01.1	0.4		3-3-3-2	35.6-35.5	35.7	486(-6)																																	晴		18.0	8.0	16.0	6.7	2.0	8	57.0	良				レダアトミカ																													
2023100928	2025-10-26	4新潟4		5.0	2歳新馬								富田暁		芝1600				1:39.4	1.7		9-9	37.7-33.9	34.9	472(0)																																	雨		18.0	3.0	5.0	57.1	13.0	11	56.0	稍	**	**		オーライカモン																													
2023100928	2025-11-09	5東京2		4.0	2歳未勝利								鮫島克駿		芝1800				1:49.2	2.1		9-8-8	35.2-35.2	36.4	472(0)																																	小雨		14.0	1.0	1.0	334.6	14.0	13	56.0	良	**	**		ラディアントスター																													
2023100928	2026-01-05	1中山2		3.0	3歳未勝利								横山琉人		ダ1800				1:57.5	1.6		6-6-5-5	37.2-39.5	40.8	474(+2)				59.0																													晴		12.0	6.0	8.0	84.5	9.0	5	57.0	稍	**	**		カフェラジェム																													
2023100928	2026-01-17	1中山6		2.0	3歳未勝利								横山琉人		ダ1800				1:56.7	1.2		1-1-1-1	37.7-39.6	40.8	470(-4)				150.0																													晴		16.0	1.0	1.0	23.6	6.0	3	57.0	良				ウリズンベー																													
2023100933	2025-10-04	3京都1		5.0	2歳新馬								川田将雅		芝2000				2:02.3	-0.1		1-1-1-1	37.3-35.1	35.1	472(0)				750.0																																											小雨		14.0	4.0	6.0	5.1	3.0	1	56.0	重	**	**		(リアライズグリント)															
2023100933	2025-11-16	4京都4		9.0	黄菊賞(1勝クラス)								川田将雅		芝2000				2:01.4	0.1		1-1-1-1	36.5-34.8	34.9	472(0)				282.5																																											晴		8.0	6.0	6.0	7.5	4.0	3	56.0	良	**	**		ノチェセラーダ															
2023100941	2025-09-21	4中山7		4.0	2歳新馬								戸崎圭太		ダ1800				1:59.2	3.8		11-11-11-13	38.4-38.6	41.4	492(0)																			晴		16.0	1.0	2.0	7.8	3.0	12	55.0	稍	**	**		ナリノシャーウッド																																											
2023100941	2025-10-13	4東京5		1.0	2歳未勝利								荻野極		ダ1600				1:42.6	2.6		9-5	34.9-39.9	41.5	492(0)																			曇		15.0	2.0	2.0	17.4	5.0	8	55.0	良	**	**		エコールナヴァール																																											
2023100941	2025-12-06	5中京1		1.0	2歳未勝利								石神深道		ダ1400				1:28.1	1.3		5-5	35.0-38.7	39.3	480(-12)																			晴		16.0	1.0	1.0	64.7	13.0	11	52.0	良	**	**		ダンシングドール																																											
2023100941	2026-01-11	1中山4		2.0	3歳未勝利								舟山瑠泉		ダ1800				1:58.4	1.5		4-5-3-4	37.2-39.2	40.6	486(+6)				59.0															曇		16.0	6.0	11.0	34.0	7.0	5	52.0	良	**	**		ノーブルクラウド																																											
2023100941	2026-01-18	1中山7		2.0	3歳未勝利								舟山瑠泉		ダ1800				1:58.0	0.6		4-4-2-2	37.1-41.2	41.7	480(-6)				89.0																																																									晴		16.0	7.0	13.0	7.6	4.0	4	52.0	良	**	**		デルマホダカ	202606010702
2023100946	2025-08-10	3中京6		4.0	2歳新馬								横山典弘		芝2000				2:02.9	0.2		11-11-11-11	38.2-34.0	33.1	494(0)				300.0															曇		13.0	7.0	11.0	3.4	1.0	2	55.0	良	**	**		アストロレガシー																																											
2023100946	2025-09-13	4阪神3		3.0	2歳未勝利								横山典弘		芝1800				1:51.1	0.0		4-3	38.9-33.1	32.8	492(-2)				220.0															曇		5.0	5.0	5.0	1.5	1.0	2	55.0	良	**	**		ギャラボーグ																																											
2023100946	2025-11-09	4京都2		3.0	2歳未勝利								横山和生		芝2000				2:04.3	0.0		4-4-4-4	37.4-35.5	35.3	502(+10)				560.0															雨		8.0	6.0	6.0	1.8	1.0	1	56.0	稍	**	**		(ダンツウルス)																																											
2023100946	2026-01-18	1中山7		11.0	京成杯(GIII)								横山和生		芝2000				1:59.3	0.0		3-3-3-3	35.6-34.7	34.5	504(+2)				1615.4																																																									晴		15.0	6.0	11.0	11.1	6.0	2	57.0	良	**	**		グリーンエナジー	202606010711
2023100947	2025-11-16	4京都4		5.0	2歳新馬								北村友一		芝2000				2:01.9	-0.5		8-8-3-2	36.8-35.4	35.1	480(0)				750.0															晴		9.0	6.0	6.0	2.0	1.0	1	56.0	良	**	**		(ロングトールサリー)																																											
2023100947	2026-01-18	1中山7		11.0	京成杯(GIII)								北村友一		芝2000				1:59.9	0.6		8-9-7-8	35.6-34.7	34.7	486(+6)																																																													晴		15.0	8.0	15.0	4.8	3.0	9	57.0	良	**	**		グリーンエナジー	202606010711
2023100956	2025-11-30	4京都8		3.0	2歳新馬								小沢大仁		芝1200				1:09.9	-0.1		1-1	35.3-34.6	34.6	446(0)				750.0																																											晴		13.0	1.0	1.0	12.4	6.0	1	55.0	良	**	**		(デルマリシリ)															
2023100990	2026-01-04	1京都1		5.0	3歳新馬								西村淳也		芝1800				1:51.0	0.5		1-1	36.2-34.7	35.2	454(0)				160.0																																											曇		18.0	7.0	15.0	21.3	6.0	3	55.0	良	**	**		タイキルッジェーロ															
2023100992	2025-11-01	3京都10		5.0	2歳新馬								菱田裕二		芝2000				2:04.3	2.0		2-2-2-2	37.3-35.8	37.7	514(0)																																															晴		9.0	6.0	6.0	10.8	4.0	6	56.0	稍	**	**		シャドウマスター															
2023100992	2025-11-22	4京都5		2.0	2歳未勝利								菱田裕二		ダ1800				1:54.6	1.9		4-4-3-4	36.8-37.5	39.1	514(0)				56.0																																											晴		15.0	3.0	4.0	27.2	4.0	5	56.0	良	**	**		ジャスティンダラス															
2023100992	2025-12-14	5阪神4		2.0	2歳未勝利								菱田裕二		ダ1400				1:27.4	2.7		14-12	34.3-38.0	38.8	516(+2)																																															曇		16.0	8.0	16.0	30.4	7.0	10	56.0	稍	**	**		カナタコナタ															
2023100998	2025-12-27	5阪神7		5.0	2歳新馬								武豊		芝2000				2:02.9	0.3		3-3-4-4	38.5-34.1	34.1	472(0)				300.0																													晴		14.0	3.0	3.0	3.9	3.0	2	55.0	良	**	**		ショウナンハヤナミ																													
2023100998	2026-01-17	1京都6		5.0	3歳未勝利								武豊		芝2000				2:01.7	0.6		2-2-2-2	34.8-36.8	37.2	472(0)																																	晴		18.0	7.0	13.0	5.7	4.0	9	55.0	良				ラコンチャビエン																													
2023101037	2025-09-28	4中山9		4.0	2歳新馬								内田博幸		ダ1200				1:13.3	0.7		2-2	35.2-37.4	38.0	472(0)				190.0															晴		16.0	8.0	16.0	19.2	7.0	3	55.0	良	**	**		サノノアルペン																																											
2023101037	2026-01-18	1中山7		1.0	3歳未勝利								内田博幸		ダ1200				1:13.7	0.6		1-2	33.5-39.6	40.2	478(+6)				89.0																																																									晴		16.0	4.0	7.0	5.7	4.0	4	57.0	良	**	**		マーガレットクレア	202606010701
2023101046	2025-07-05	2福島3		4.0	2歳新馬								木幡巧也		芝1200				1:11.3	0.6		2-2	35.8-34.9	35.4	450(0)				190.0																													曇		9.0	7.0	7.0	8.2	3.0	3	55.0	稍	**	**		ヤマメライズ																													
2023101046	2025-07-20	2福島8		4.0	2歳未勝利								木幡巧也		ダ1150				1:10.9	1.8		3-3	32.0-37.1	38.7	452(+2)				56.0																													晴		8.0	7.0	7.0	2.8	1.0	5	55.0	良	**	**		ライフオブラクーン																													
2023101046	2025-08-10	2新潟6		1.0	2歳未勝利								木幡巧也		芝1400				1:24.0	1.9		4-4	34.5-35.7	37.1	452(0)																																	雨		18.0	8.0	18.0	44.8	10.0	14	55.0	稍	**	**		タイセイフレッサ																													
2023101046	2025-12-13	5中山3		3.0	2歳未勝利								木幡巧也		芝1600				1:35.3	1.5		4-6-7	34.8-34.9	35.9	470(+18)																																	曇		16.0	1.0	1.0	128.4	11.0	10	55.0	良	**	**		バルボアパーク																													
2023101046	2026-01-11	1中山4		2.0	3歳未勝利								木幡巧也		ダ1800				1:59.5	2.6		8-12-12-12	37.2-39.2	40.7	464(-6)																																	曇		16.0	8.0	15.0	47.6	9.0	10	55.0	良	**	**		ノーブルクラウド																													
2023101046	2026-01-17	1中山6		2.0	3歳未勝利								木幡巧也		ダ1800				1:57.6	2.1		13-13-10-9	37.7-39.6	40.2	460(-4)				89.0																													晴		16.0	4.0	8.0	170.1	12.0	4	55.0	良				ウリズンベー																													
2023101053	2026-01-17	1京都6		4.0	3歳新馬								岩田康誠		ダ1400				1:30.5	3.5		13-12	36.4-37.5	39.9	470(0)																																	晴		16.0	7.0	14.0	47.4	11.0	15	55.0	良				ホウショウルクス																													
2023101065	2025-07-05	1函館7		5.0	2歳新馬								森田誠也		ダ1000				1:00.6	2.7		3-3	34.7-34.9	37.1	446(0)				110.0																																											晴		7.0	7.0	7.0	32.6	6.0	4	52.0	重	**	**		エムフォー															
2023101065	2025-07-13	1函館10		1.0	2歳未勝利								森田誠也		ダ1000				1:01.3	1.1		4-3	35.3-36.8	37.7	452(+6)				56.0																																											晴		12.0	3.0	3.0	75.2	9.0	5	52.0	良	**	**		アパタイトテソーロ															
2023101065	2025-10-11	3京都3		1.0	2歳未勝利								田口貫太		ダ1200				1:13.1	0.2		2-2	35.3-37.6	37.6	462(+10)				220.0																																											曇		16.0	8.0	15.0	25.9	10.0	2	56.0	良	**	**		ランスオブキング															
2023101065	2025-11-01	3京都10		1.0	2歳未勝利								田口貫太		ダ1200				1:12.3	0.4		2-2	35.5-36.4	36.7	462(0)				84.0																																											晴		13.0	5.0	7.0	18.5	5.0	4	56.0	不	**	**		メイショウテリオス															
2023101065	2025-11-16	4京都4		2.0	2歳未勝利								幸英明		ダ1200				1:13.0	0.3		1-1	35.2-37.5	37.8	456(-6)				220.0																																											晴		15.0	2.0	2.0	2.6	1.0	2	56.0	良	**	**		カネコメブライト															
2023101065	2026-01-12	1京都5		1.0	3歳未勝利								田口貫太		ダ1200				1:15.0	1.7		1-2	36.1-37.2	38.9	464(+8)																																															晴		16.0	1.0	2.0	3.8	2.0	11	57.0	良	**	**		ウォーターサグラダ															
2023101087	2025-12-06	5中山1		5.0	2歳新馬								津村明秀		芝2000				2:02.3	1.2		13-13-11-8	36.4-34.9	35.2	498(0)																																															晴		18.0	3.0	6.0	15.8	4.0	6	56.0	良	**	**		ゴディアーモ															
2023101100	2025-11-29	5東京7		4.0	2歳新馬								松岡正海		ダ1400				1:27.0	1.1		1-1	35.8-37.2	38.3	442(0)				190.0																																											晴		16.0	2.0	3.0	13.7	5.0	3	55.0	良	**	**		オクトーバーナイン															
2023101105	2025-06-08	3東京2		6.0	2歳新馬								川田将雅		芝1400				1:23.3	0.2		5-7	35.6-35.1	34.8	454(0)				110.0																																											曇		17.0	4.0	8.0	2.7	1.0	4	55.0	良	**	**		パープルガーネット															
2023101124	2026-01-11	1中山4		5.0	3歳新馬								横山武史		ダ1800				1:56.0	0.1		2-2-2-2	37.3-38.5	38.5	480(0)				260.0																																											晴		16.0	7.0	13.0	7.4	5.0	2	57.0	良	**	**		エスシービクトリア															
2023101135	2025-10-11	4東京3		4.0	2歳新馬								大野拓弥		ダ1400				1:28.1	2.7		14-15	36.2-37.0	36.5	448(0)				110.0																																											雨		16.0	4.0	8.0	27.9	8.0	4	56.0	稍	**	**		ウィッキドピケット															
2023101135	2025-11-01	4東京10		1.0	2歳未勝利								大野拓弥		ダ1600				1:36.6	0.6		13-10	34.6-37.3	36.5	446(-2)				140.0																																											晴		16.0	4.0	7.0	42.3	8.0	3	56.0	不	**	**		アルカディアカフェ															
2023101159	2025-08-09	3中京5		4.0	2歳新馬								川田将雅		芝1400				1:22.3	-0.2		2-2	35.9-34.3	34.1	462(0)				750.0																													曇		10.0	7.0	8.0	3.2	1.0	1	55.0	良	**	**		(スマートジュリアス)																													
2023101159	2025-10-04	3京都1		9.0	りんどう賞(1勝クラス)								川田将雅		芝1400				1:21.8	0.1		3-4	35.0-34.8	34.6	468(+6)				170.0																													小雨		8.0	4.0	4.0	5.3	4.0	4	55.0	重	**	**		ラスティングスノー																													
2023101159	2025-12-13	5中京3		9.0	つわぶき賞(1勝クラス)								菅原明良		芝1400				1:20.4	0.5		6-8	33.7-35.0	34.2	464(-4)				111.0																													曇		11.0	4.0	4.0	10.1	5.0	5	55.0	良	**	**		プレセピオ																													
2023101159	2026-01-17	1京都6		10.0	紅梅S(L)								ハマーハ		芝1400				1:22.0	1.3		7-7	34.8-34.2	34.3	464(0)				210.0																													晴		9.0	6.0	6.0	17.2	6.0	5	55.0	良				リリージョワ																													
2023101166	2025-06-08	3阪神2		5.0	2歳新馬								菱田裕二		芝1400				1:22.1	0.3		4-3	34.7-35.3	34.8	446(0)				190.0															晴		11.0	8.0	10.0	34.2	9.0	3	55.0	良	**	**		ファムマルキーズ																																											
2023101166	2025-06-28	2小倉1		2.0	2歳未勝利								川田将雅		芝1200				1:10.0	1.0		2-2	33.2-35.8	36.7	446(0)				84.0															晴		6.0	2.0	2.0	1.9	1.0	4	55.0	良	**	**		ユウファラオ																																											
2023101166	2025-09-14	4阪神4		1.0	2歳未勝利								川田将雅		ダ1400				1:24.0	-1.2		3-3	34.6-37.3	36.7	456(+10)				560.0															曇		13.0	7.0	10.0	2.2	1.0	1	55.0	良	**	**		(フェスティヴドレス)																																											
2023101166	2025-12-28	5中山8		4.0	2歳1勝クラス								川田将雅		ダ1200				1:11.7	0.0		2-2	33.3-38.4	38.3	458(+2)				320.0															晴		11.0	8.0	10.0	2.2	1.0	2	55.0	良	**	**		アルデトップガン																																											
2023101166	2026-01-18	1京都7		4.0	3歳1勝クラス								川田将雅		ダ1200				1:12.7	-0.1		7-7	35.3-37.4	36.6	462(+4)				820.0																																																									晴		10.0	7.0	8.0	1.3	1.0	1	55.0	良	**	**		(ランスオブキング)	202608010704
2023101174	2025-08-10	1札幌6		5.0	2歳新馬								横山武史		芝1500				1:31.1	-0.1		3-3-3	30.5-35.6	35.4	436(0)				750.0																																											曇		12.0	5.0	6.0	11.5	4.0	1	55.0	良	**	**		(ラスティングスノー)															
2023101174	2025-08-23	2札幌1		9.0	クローバー賞(OP)								横山武史		芝1500				1:31.6	1.9		2-2-2	29.5-36.8	38.4	436(0)																																															晴		9.0	2.0	2.0	3.1	2.0	6	55.0	良	**	**		ストームサンダー															
2023101174	2025-11-22	4京都5		9.0	秋明菊賞(1勝クラス)								岩田望来		芝1400				1:21.7	1.1		5-5	35.0-34.0	34.4	436(0)																																															晴		9.0	8.0	8.0	17.3	5.0	7	55.0	良	**	**		タガノアラリア															
2023101201	2025-11-22	4京都5		6.0	2歳新馬								吉村誠之		ダ1400				1:26.6	1.8		7-7	35.6-36.6	37.9	466(0)																																															晴		16.0	2.0	3.0	33.5	10.0	6	54.0	良	**	**		カタリテ															
2023101201	2025-12-27	5阪神7		3.0	2歳未勝利								吉村誠之		ダ1400				1:27.7	2.3		7-11	35.2-37.7	39.2	466(0)																																															晴		16.0	3.0	6.0	72.9	7.0	15	55.0	稍	**	**		ハグレジョー															
2023101204	2026-01-17	1京都6		4.0	3歳新馬								酒井学		ダ1400				1:29.5	2.5		4-4	36.4-37.5	39.7	474(0)																																	晴		16.0	2.0	4.0	65.8	13.0	12	55.0	良				ホウショウルクス																													
2023101236	2025-10-11	3京都3		6.0	2歳新馬								永島まな		ダ1200				1:14.4	2.0		8-7	35.9-36.5	37.4	390(0)																																															曇		11.0	5.0	5.0	32.6	8.0	6	53.0	良	**	**		マメタンク															
2023101301	2025-09-21	4中山7		4.0	2歳新馬								丹内祐次		ダ1800				1:57.8	2.4		7-6-8-9	38.4-38.6	40.5	468(0)																																															晴		16.0	6.0	11.0	197.4	16.0	9	55.0	稍	**	**		ナリノシャーウッド															
2023101301	2025-11-01	4東京10		1.0	2歳未勝利								佐藤翔馬		ダ1600				1:37.9	1.9		10-10	34.6-37.3	37.8	470(+2)																																															晴		16.0	8.0	16.0	416.1	15.0	10	53.0	不	**	**		アルカディアカフェ															
2023101301	2025-12-27	5中山7		2.0	2歳未勝利								佐藤翔馬		ダ1800				1:56.9	2.3		8-8-11-11	37.8-38.5	39.5	476(+6)																																															曇		16.0	1.0	2.0	226.3	12.0	8	53.0	稍	**	**		パッセージピーク															
2023101362	2025-12-28	5中山8		6.0	2歳新馬								菊沢一樹		芝2000				2:04.5	0.9		10-12-10-12	36.7-35.8	35.8	484(0)																			晴		18.0	6.0	11.0	266.8	17.0	8	55.0	良	**	**		コンジェスタス																																											
2023101362	2026-01-18	1中山7		2.0	3歳未勝利								菊沢一樹		ダ1800				1:57.4	-0.1		7-6-8-7	37.1-41.2	40.7	490(+6)				590.0																																																									晴		16.0	3.0	6.0	13.9	7.0	1	55.0	良	**	**		(サラサチャチャチャ)	202606010702
2023101375	2025-08-10	3中京6		4.0	2歳新馬								太宰啓介		芝2000				2:03.0	0.3		5-5-6-5	38.2-34.0	33.7	490(0)				190.0																																											曇		13.0	7.0	10.0	8.4	5.0	3	55.0	良	**	**		アストロレガシー															
2023101375	2025-11-08	4京都1		3.0	2歳未勝利								横山典弘		芝1800				1:47.3	0.1		5-4	35.6-34.3	33.8	492(+2)				220.0																																											晴		9.0	7.0	8.0	2.6	1.0	2	56.0	良	**	**		ネッタイヤライ															
2023101383	2025-11-08	5東京1		4.0	2歳新馬								横山武史		ダ1300								31.2-36.5		計不																																															晴		14.0	3.0	5.0			取	56.0	良	**	**		プールナバドラ															
2023101383	2025-11-29	5東京7		4.0	2歳新馬								横山武史		ダ1400				1:27.2	1.3		5-5	35.8-37.2	38.1	490(0)				75.0																																											晴		16.0	5.0	10.0	2.0	1.0	5	56.0	良	**	**		オクトーバーナイン															
2023101383	2025-12-13	5中山3		4.0	2歳未勝利								横山武史		ダ1800				1:56.1	-0.3		1-1-1-1	38.6-39.1	39.1	490(0)				560.0																																											曇		16.0	1.0	1.0	3.7	2.0	1	56.0	良	**	**		(ビービーアジャイル)															
2023101395	2026-01-04	1京都1		5.0	3歳新馬								武豊		芝1800				1:51.6	1.1		9-9	36.2-34.7	35.0	528(0)																			曇		18.0	5.0	9.0	21.0	5.0	9	57.0	良	**	**		タイキルッジェーロ																																											
2023101395	2026-01-18	1京都7		2.0	3歳未勝利								武豊		ダ1800				1:57.5	1.7		8-8-10-10	38.4-38.2	38.8	526(-2)																																																													晴		12.0	2.0	2.0	5.7	3.0	9	57.0	良	**	**		アミラル	202608010702
2023101397	2025-10-11	4東京3		4.0	2歳新馬								津村明秀		ダ1400				1:25.4	-1.0		1-1	36.2-37.0	37.0	498(0)				750.0																													雨		16.0	5.0	9.0	3.2	2.0	1	56.0	稍	**	**		(カーリキュー)																													
2023101397	2025-11-29	5東京7		9.0	カトレアS(OP)								丹内祐次		ダ1600				1:39.1	1.7		4-4	34.6-37.2	38.7	498(0)																																	曇		12.0	2.0	2.0	95.5	10.0	7	56.0	良	**	**		サトノボヤージュ																													
2023101397	2026-01-17	1京都6		6.0	3歳1勝クラス								ルメール		ダ1800				1:55.5	1.9		6-7-7-7	37.7-36.5	37.7	496(-2)																																	晴		8.0	2.0	2.0	7.4	4.0	6	57.0	良				トリグラフヒル																													
2023101404	2025-12-13	5中京3		5.0	2歳新馬								松本大輝		芝2000				2:02.3	0.9		6-4-4-5	36.9-33.6	34.2	414(0)																																	曇		12.0	1.0	1.0	112.9	9.0	6	54.0	良	**	**		イベントホライゾン																													
2023101404	2026-01-17	1京都6		5.0	3歳未勝利								大久保友		芝2000				2:01.3	0.2		18-18-17-14	34.8-36.8	35.1	406(-8)				89.0																													晴		18.0	1.0	2.0	143.6	12.0	4	52.0	良				ラコンチャビエン																													
2023101440	2025-12-28	5阪神8		6.0	2歳新馬								藤岡佑介		芝1600				1:37.0	1.6		15-6	35.1-34.7	35.9	496(0)																			晴		16.0	6.0	11.0	15.0	6.0	15	55.0	良	**	**		キシダンチョウ																																											
2023101440	2026-01-18	1京都7		3.0	3歳未勝利								高倉稜		ダ1400				1:30.3	4.0		4-7	35.2-38.4	42.0	486(-10)																																																													晴		16.0	1.0	1.0	69.4	11.0	15	55.0	良	**	**		カフジクロミエ	202608010703
2023101478	2025-11-02	4東京11		4.0	2歳新馬								プーシャ		芝1600				1:34.4	0.8		13-13	34.5-34.4	33.8	410(0)																																	曇		16.0	1.0	1.0	21.6	7.0	7	55.0	良	**	**		モートンアイランド																													
2023101478	2025-11-24	5東京6		3.0	2歳未勝利								戸崎圭太		芝2000				2:00.8	0.7		5-11-12	35.5-34.7	34.4	408(-2)																																	晴		16.0	3.0	6.0	16.2	4.0	6	55.0	良	**	**		エムズビギン																													
2023101478	2026-01-17	1中山6		5.0	3歳未勝利								横山琉人		芝2000				2:01.3	0.6		6-5-5-7	35.6-35.5	35.7	402(-6)																																	晴		18.0	8.0	17.0	48.0	11.0	9	55.0	良				レダアトミカ																													
2023101500	2025-10-11	3京都3		6.0	2歳新馬								菱田裕二		ダ1200				1:14.6	2.2		3-3	35.9-36.5	38.4	476(0)																			曇		11.0	7.0	9.0	13.4	7.0	7	55.0	良	**	**		マメタンク																																											
2023101500	2026-01-04	1京都1		1.0	3歳未勝利								菱田裕二		ダ1200				1:13.5	0.3		13-12	36.2-37.0	36.1	470(-6)				59.0															晴		16.0	2.0	3.0	124.1	13.0	5	55.0	良	**	**		リーグナイト																																											
2023101500	2026-01-18	1京都7		1.0	3歳未勝利								田山旺佑		ダ1200				1:13.9	0.4		6-3	36.6-36.9	36.8	474(+4)				240.0																																																									晴		16.0	5.0	10.0	3.1	2.0	2	52.0	良	**	**		オンザノアール	202608010701
2023101519	2025-12-27	5阪神7		5.0	2歳新馬								田口貫太		芝2000				2:05.5	2.9		12-12-12-12	38.5-34.1	35.7	490(0)																																	晴		14.0	1.0	1.0	105.9	12.0	13	55.0	良	**	**		ショウナンハヤナミ																													
2023101519	2026-01-17	1京都6		5.0	3歳未勝利								田口貫太		芝2000				2:05.0	3.9		5-5-8-9	34.8-36.8	39.9	484(-6)																																	晴		18.0	7.0	14.0	241.0	13.0	18	55.0	良				ラコンチャビエン																													
2023101549	2025-11-29	5東京7		4.0	2歳新馬								木幡巧也		ダ1400				1:29.1	3.2		7-8	35.8-37.2	39.5	424(0)																																	晴		16.0	3.0	5.0	41.5	9.0	10	55.0	良	**	**		オクトーバーナイン																													
2023101549	2026-01-17	1中山6		1.0	3歳未勝利								木幡巧也		ダ1200				1:15.0	2.0		12-12	34.4-38.6	39.3	428(+4)																																	晴		16.0	4.0	7.0	250.4	11.0	11	55.0	良				サントマーレ																													
2023101575	2026-01-18	1京都7		5.0	3歳新馬								武豊		芝2000				2:04.7	1.2		12-12-11-11	37.5-35.4	35.9	472(0)																																																													晴		17.0	5.0	10.0	6.5	4.0	10	57.0	良	**	**		クリスレジーナ	202608010705
2023101582	2025-10-12	4東京4		5.0	2歳新馬								武豊		芝2000				2:00.9	0.7		3-3-3	36.9-34.1	34.6	500(0)				110.0																																											曇		12.0	7.0	9.0	10.1	4.0	4	56.0	良	**	**		イクシード															
2023101582	2025-11-15	4京都3		1.0	2歳未勝利								武豊		ダ1800				1:54.3	0.9		2-2-3-3	37.2-37.6	38.2	510(+10)				56.0																																											晴		11.0	7.0	8.0	3.6	2.0	5	56.0	良	**	**		ケンタッキーホーム															
2023101582	2025-12-07	5中京2		4.0	2歳未勝利								ジェルー		芝1600				1:34.4	0.3		13-13-13	35.1-34.7	33.7	500(-10)																																															晴		14.0	4.0	6.0	11.0	5.0	6	56.0	良	**	**		トライアンフパス															
2023101607	2025-11-09	4京都2		4.0	2歳新馬								菱田裕二		ダ1400				1:26.6	1.7		10-10	35.8-36.9	37.4	468(0)																			雨		16.0	8.0	16.0	14.5	5.0	9	56.0	稍	**	**		ヒルノプーリア																																											
2023101607	2026-01-18	1京都7		2.0	3歳未勝利								太宰啓介		ダ1800				1:56.4	0.6		8-10-9-7	38.4-38.2	37.7	470(+2)				59.0																																																									晴		12.0	6.0	7.0	24.4	7.0	5	57.0	良	**	**		アミラル	202608010702
2023101656	2026-01-17	1中山6		3.0	3歳新馬								小林脩斗		ダ1800				2:00.4	3.5		14-14-10-11	38.4-40.2	42.2	488(0)																																	晴		16.0	5.0	9.0	196.8	15.0	14	57.0	良				ガムラスタン																													
2023101677	2026-01-04	1京都1		5.0	3歳新馬								松若風馬		芝1800				1:51.4	0.9		13-13	36.2-34.7	34.5	460(0)																																															曇		18.0	4.0	7.0	43.4	9.0	7	57.0	良	**	**		タイキルッジェーロ															
2023101705	2026-01-17	1中山6		3.0	3歳新馬								横山琉人		ダ1800				1:56.9	-0.1		7-7-8-8	38.4-40.2	39.1	530(0)				650.0																													晴		16.0	4.0	7.0	14.4	6.0	1	57.0	良				(インディヴァイン)																													
2023101724	2025-09-28	4中山9		4.0	2歳新馬								柴田善臣		ダ1200				1:14.7	2.1		14-13	35.2-37.4	37.1	462(0)																																	晴		16.0	2.0	3.0	100.5	11.0	8	55.0	良	**	**		サノノアルペン																													
2023101724	2025-10-19	4東京7		1.0	2歳未勝利								柴田善臣		ダ1400				1:27.8	1.5		6-6	35.8-38.5	38.6	470(+8)																																	曇		13.0	6.0	10.0	13.3	4.0	7	56.0	良	**	**		リフレックス																													
2023101724	2025-11-09	5東京2		2.0	2歳未勝利								柴田善臣		ダ1600				1:40.2	2.6		1-1	35.4-37.2	39.8	472(+2)																																	小雨		16.0	2.0	3.0	202.8	10.0	10	56.0	稍	**	**		サンラザール																													
2023101724	2026-01-17	1中山6		1.0	3歳未勝利								柴田善臣		ダ1200				1:13.2	0.2		2-2	34.4-38.6	38.7	484(+12)				150.0																													晴		16.0	7.0	13.0	11.9	6.0	3	57.0	良				サントマーレ																													
2023101728	2025-12-20	5阪神5		5.0	2歳新馬								太宰啓介		芝1600				1:36.4	0.9		18-18	35.8-34.1	33.4	402(0)																																															晴		18.0	1.0	1.0	265.1	18.0	12	55.0	良	**	**		スピナーリート															
2023101742	2026-01-11	1京都4		2.0	3歳新馬								古川吉洋		ダ1800				1:57.7	2.5		16-16-16-16	36.5-40.1	39.2	490(0)																																															晴		16.0	1.0	1.0	53.4	12.0	12	55.0	良	**	**		ハッピーラブソング															
2023101743	2026-01-17	1京都6		4.0	3歳新馬								吉田隼人		ダ1400				1:28.6	1.6		5-8	36.4-37.5	38.6	430(0)																																	晴		16.0	4.0	7.0	20.9	7.0	8	55.0	良				ホウショウルクス																													
2023101826	2026-01-12	1中山5		5.0	3歳新馬								長浜鴻緒		ダ1200				1:16.1	2.2		12-12	36.2-37.7	38.4	482(0)																			晴		16.0	6.0	11.0	5.7	2.0	12	53.0	良	**	**		スローモーション																																											
2023101826	2026-01-18	1中山7		3.0	3歳未勝利								丸田恭介		ダ1800				2:00.9	5.2		1-1-2-5	38.0-38.6	43.7	482(0)																																																													晴		13.0	8.0	12.0	137.9	9.0	11	55.0	良	**	**		サイモフェーン	202606010703
2023101848	2025-12-21	5阪神6		6.0	2歳新馬								松若風馬		芝1200				1:13.7	3.2		10-10	36.1-34.4	36.1	446(0)																			雨		11.0	7.0	9.0	37.7	7.0	9	56.0	重	**	**		ワイドシュテルケ																																											
2023101848	2026-01-18	1京都7		3.0	3歳未勝利								松若風馬		ダ1400				1:28.0	1.7		11-12	35.2-38.4	39.0	450(+4)																																																													晴		16.0	8.0	15.0	163.0	14.0	8	57.0	良	**	**		カフジクロミエ	202608010703
2023101884	2025-12-28	5阪神8		4.0	2歳新馬								国分優作		ダ1400				1:30.8	3.6		1-2	34.9-39.8	43.4	472(0)																			晴		16.0	1.0	2.0	49.2	10.0	14	55.0	良	**	**		ソルオーブ																																											
2023101884	2026-01-18	1京都7		1.0	3歳未勝利								国分優作		ダ1200				1:15.2	1.7		16-16	36.6-36.9	36.9	470(-2)																																																													晴		16.0	7.0	14.0	237.9	14.0	11	55.0	良	**	**		オンザノアール	202608010701
2023101910	2025-07-05	2福島3		4.0	2歳新馬								柴田大知		芝1200							9	35.8-34.9		412(0)																			曇		9.0	8.0	8.0	23.2	7.0	中	55.0	稍	**	**		ヤマメライズ																																											
2023101910	2025-09-28	4中山9		2.0	2歳未勝利								横山琉人		芝1200				1:10.0	1.3		16-15	34.4-34.3	33.6	418(+6)																			晴		16.0	3.0	6.0	52.8	9.0	9	55.0	良	**	**		トラスコンガーデン																																											
2023101910	2025-12-21	5中山6		7.0	2歳未勝利								原優介		芝1600				1:38.1	3.5		3-4-4	34.8-36.3	39.1	434(+16)																			曇		16.0	7.0	14.0	60.8	10.0	14	56.0	重	**	**		ジッピーチューン																																											
2023101910	2026-01-18	1中山7		1.0	3歳未勝利								木幡初也		ダ1200				1:13.9	0.8		8-7	33.5-39.6	39.1	432(-2)				59.0																																																									晴		16.0	8.0	16.0	137.8	10.0	5	57.0	良	**	**		マーガレットクレア	202606010701
2023101918	2025-09-06	4阪神1		6.0	2歳新馬								太宰啓介		ダ1400				1:31.1	6.5		13-13	35.2-37.0	40.1	504(0)																																	晴		13.0	1.0	1.0	274.3	13.0	11	55.0	稍	**	**		マグナヴィクトル																													
2023101918	2025-11-09	4京都2		1.0	2歳未勝利								荻野琢真		ダ1400				1:28.5	2.5		16-14	35.4-38.0	38.9	504(0)																																	雨		16.0	4.0	8.0	406.0	16.0	16	56.0	稍	**	**		ムテキシャチョウ																													
2023101918	2025-11-30	4京都8		1.0	2歳未勝利								荻野琢真		ダ1200				1:15.7	2.6		16-13	35.6-37.5	37.9	502(-2)																																	晴		16.0	4.0	8.0	408.6	15.0	13	56.0	良	**	**		ジャンシ																													
2023101918	2025-12-21	5阪神6		2.0	2歳未勝利								荻野琢真		ダ1200				1:14.7	1.8		15-14	35.6-37.3	37.4	492(-10)																																	雨		16.0	8.0	16.0	791.6	16.0	10	56.0	稍	**	**		ネメス																													
2023101918	2026-01-17	1京都6		2.0	3歳未勝利								荻野琢真		ダ1200				1:15.0	1.3		15-13	35.7-38.0	37.6	492(0)																																	晴		16.0	2.0	4.0	511.9	16.0	11	57.0	良				グラスゴー																													
2023101951	2025-12-06	5阪神1		6.0	2歳新馬								和田竜二		ダ1200				1:14.1	0.2		2-3	36.6-37.3	37.3	492(0)				190.0															晴		10.0	8.0	9.0	6.4	3.0	3	56.0	良	**	**		エルル																																											
2023101951	2025-12-21	5阪神6		2.0	2歳未勝利								和田竜二		ダ1200				1:13.3	0.4		7-6	35.6-37.3	37.1	488(-4)				140.0															雨		16.0	1.0	1.0	6.3	3.0	3	56.0	稍	**	**		ネメス																																											
2023101951	2026-01-04	1京都1		3.0	3歳未勝利								松山弘平		ダ1400				1:27.0	0.4		4-6	35.7-38.2	38.3	490(+2)				150.0															晴		16.0	1.0	1.0	5.4	2.0	3	57.0	良	**	**		ハードシングス																																											
2023101951	2026-01-18	1京都7		3.0	3歳未勝利								松山弘平		ダ1400				1:26.4	0.1		1-1	35.2-38.4	38.5	490(0)				240.0																																																									晴		16.0	4.0	7.0	3.6	2.0	2	57.0	良	**	**		カフジクロミエ	202608010703
2023102008	2025-12-21	5中京6		5.0	2歳新馬								長岡禎仁		ダ1400				1:26.9	0.9		5-5	35.8-37.5	38.1	458(0)				75.0																													雨		15.0	8.0	15.0	11.8	5.0	5	55.0	稍	**	**		ペルセポネ																													
2023102008	2025-12-28	5阪神8		2.0	2歳未勝利								長岡禎仁		芝1400				1:22.1	0.7		4-5	34.2-35.5	36.0	456(-2)																																	晴		17.0	2.0	4.0	52.0	10.0	12	55.0	良	**	**		デアヴェローチェ																													
2023102008	2026-01-17	1京都6		2.0	3歳未勝利								長岡禎仁		ダ1200				1:15.2	1.5		6-6	35.7-38.0	38.8	458(+2)																																	晴		16.0	1.0	2.0	18.1	6.0	12	55.0	良				グラスゴー																													
2023102019	2025-10-26	4東京9		5.0	2歳新馬								柴田善臣		芝1800				1:50.4	0.8		2-2-1	37.8-34.4	35.2	496(0)																																															小雨		16.0	5.0	10.0	15.8	6.0	8	56.0	稍	**	**		ヴァリスマリネリス															
2023102019	2025-12-27	5中山7		2.0	2歳未勝利								柴田善臣		ダ1800				1:55.4	0.8		2-2-2-1	37.8-38.5	39.3	498(+2)				84.0																																											曇		16.0	8.0	15.0	22.4	8.0	4	56.0	稍	**	**		パッセージピーク															
2023102023	2025-06-21	1函館3		6.0	2歳新馬								長浜鴻緒		ダ1000				0:59.7	0.1		1-1	35.5-36.1	36.2	476(0)				300.0																													曇		9.0	4.0	4.0	4.6	3.0	2	53.0	良	**	**		スターオブロンドン																													
2023102023	2025-09-15	4中山5		1.0	2歳未勝利								横山武史		ダ1200				1:16.3	3.0		4-5	33.7-39.6	42.3	470(-6)																																	曇		16.0	5.0	9.0	1.2	1.0	16	55.0	良	**	**		トップマジシャン																													
2023102023	2025-10-25	4新潟3		2.0	2歳未勝利								黛弘人		ダ1200				1:14.7	2.6		13-13	34.5-37.6	39.0	472(+2)																																	晴		15.0	6.0	11.0	23.1	9.0	9	56.0	良	**	**		レディサン																													
2023102023	2025-12-06	5中山1		1.0	2歳未勝利								長浜鴻緒		ダ1200				1:13.9	1.7		9-7	35.0-37.2	38.2	476(+4)				56.0																													晴		15.0	3.0	4.0	14.4	6.0	5	54.0	良	**	**		ビップムーラン																													
2023102023	2025-12-28	5中山8		1.0	2歳未勝利								長浜鴻緒		ダ1200				1:13.7	0.6		6-3	34.1-39.0	39.1	478(+2)				84.0																													晴		16.0	3.0	5.0	26.7	8.0	4	54.0	良	**	**		ピュール																													
2023102023	2026-01-17	1中山6		1.0	3歳未勝利								長浜鴻緒		ダ1200				1:14.5	1.5		8-7	34.4-38.6	39.4	474(-4)																																	晴		16.0	5.0	10.0	24.0	7.0	7	55.0	良				サントマーレ																													
2023102050	2026-01-17	1中山6		3.0	3歳新馬								丸山元気		ダ1800				2:01.4	4.5		14-14-12-13	38.4-40.2	42.8	488(0)																																	晴		16.0	2.0	3.0	209.6	16.0	16	57.0	良				ガムラスタン																													
2023102089	2025-07-20	2小倉8		5.0	2歳新馬								亀田温心		芝1800				1:55.4	2.9		10-9-11-11	38.8-35.5	37.5	522(0)																																	晴		13.0	2.0	2.0	294.9	13.0	10	55.0	良	**	**		ベレシート																													
2023102089	2025-09-21	4阪神7		3.0	2歳未勝利								亀田温心		ダ1800				2:02.3	6.2		8-8-8-10	38.2-38.8	43.9	522(0)																																	晴		11.0	2.0	2.0	28.4	7.0	11	55.0	良	**	**		タガノアバンドーネ																													
2023102089	2025-12-28	5阪神8		1.0	2歳未勝利								西塚洸二		ダ1800				1:58.5	3.2		7-6-8-7	37.6-38.7	40.9	528(+6)																																	晴		13.0	5.0	6.0	32.7	9.0	6	55.0	良	**	**		ミヤジオズ																													
2023102089	2026-01-17	1京都6		3.0	3歳未勝利								大久保友		ダ1900				2:04.5	2.4		8-8-5-7	30.4-38.6	39.9	524(-4)																																	晴		13.0	4.0	4.0	228.2	11.0	9	54.0	良				テスタヴェローチェ																													
2023102090	2025-12-20	5中山5		6.0	2歳新馬								長浜鴻緒		芝1800				1:49.9	0.0		2-2-2-2	37.6-35.0	34.9	464(0)				190.0																													曇		16.0	5.0	9.0	9.4	5.0	3	53.0	良	**	**		リュクスパトロール																													
2023102090	2026-01-17	1中山6		5.0	3歳未勝利								長浜鴻緒		芝2000				2:01.9	1.2		2-2-2-2	35.6-35.5	36.6	466(+2)																																	晴		18.0	5.0	9.0	9.0	6.0	14	53.0	良				レダアトミカ																													
2023102091	2026-01-18	1京都7		5.0	3歳新馬								鮫島克駿		芝2000				2:03.5	-0.2		1-1-2-1	37.5-35.4	35.4	468(0)				650.0																																																									晴		17.0	2.0	4.0	4.9	2.0	1	55.0	良	**	**		(ロードスタニング)	202608010705
2023102105	2025-10-05	3京都2		4.0	2歳新馬								荻野琢真		芝1200				1:10.8	0.8		10-10	35.2-34.8	34.5	462(0)																			曇		12.0	8.0	11.0	26.7	8.0	6	55.0	稍	**	**		マーブルパレス																																											
2023102105	2025-10-25	3京都8		3.0	2歳未勝利								荻野琢真		芝1400				1:22.1	0.8		11-11	34.2-35.4	35.1	468(+6)																			曇		12.0	1.0	1.0	62.3	10.0	8	55.0	良	**	**		フロムレイブン																																											
2023102105	2025-12-21	5阪神6		3.0	2歳未勝利								荻野琢真		芝1800				1:49.0	1.5		10-8	35.2-35.3	36.0	464(-4)																			雨		18.0	8.0	18.0	186.9	14.0	15	55.0	稍	**	**		エイズルブルーム																																											
2023102105	2026-01-18	1京都7		3.0	3歳未勝利								荻野琢真		ダ1400				1:28.1	1.8		13-15	35.2-38.4	38.9	476(+12)																																																													晴		16.0	2.0	3.0	93.1	12.0	9	55.0	良	**	**		カフジクロミエ	202608010703
2023102107	2025-11-23	5東京5		4.0	2歳新馬								小林凌大		ダ1600				1:41.2	2.4		13-13	36.3-37.2	37.4	474(0)																																															曇		15.0	5.0	8.0	269.8	14.0	11	56.0	良	**	**		フルミネブル															
2023102107	2025-12-13	5中山3		2.0	2歳未勝利								石田拓郎		ダ1800				1:57.8	2.3		13-13-13-10	38.0-38.6	39.1	472(-2)																																															曇		16.0	8.0	16.0	346.0	15.0	7	53.0	良	**	**		イッテラッシャイ															
2023102107	2026-01-04	1中山1		2.0	3歳未勝利								石田拓郎		ダ1800				1:58.3	3.8		13-13-12-12	38.5-37.9	40.0	478(+6)																																															晴		13.0	1.0	1.0	117.6	8.0	7	54.0	稍	**	**		フィンガー															
2023102118	2025-10-05	4東京2		6.0	2歳新馬								荻野極		ダ1600				1:45.6	5.1		5-7	37.0-36.6	41.0	474(0)																																	晴		16.0	6.0	12.0	80.6	12.0	14	55.0	良	**	**		ゲームカレンダー																													
2023102118	2026-01-17	1中山6		5.0	3歳未勝利								原優介		芝2000				2:04.0	3.3		14-15-16-18	35.6-35.5	37.6	484(+10)																																	晴		18.0	1.0	1.0	245.2	15.0	18	55.0	良				レダアトミカ																													
2023102124	2025-10-05	3京都2		5.0	2歳新馬								坂井瑠星		芝1800				1:50.2	1.4		10-10	36.7-34.7	35.4	502(0)																																															小雨		13.0	5.0	6.0	41.7	10.0	11	56.0	稍	**	**		コウギョク															
2023102124	2026-01-10	1京都3		6.0	3歳未勝利								松若風馬		芝2400				2:28.7	1.5		4-4-4-6	35.3-35.6	36.6	528(+26)																																															晴		18.0	8.0	16.0	38.9	10.0	10	57.0	良	**	**		ガウディ															
2023102128	2025-12-27	5阪神7		5.0	2歳新馬								高杉吏麒		芝2000				2:04.4	1.8		4-5-7-7	38.5-34.1	35.3	420(0)																			晴		14.0	5.0	8.0	24.4	6.0	11	56.0	良	**	**		ショウナンハヤナミ																																											
2023102128	2026-01-18	1京都7		6.0	3歳未勝利								ハマーハ		芝1600				1:35.5	1.5		18-18	33.6-36.8	36.0	420(0)																																																													晴		18.0	5.0	9.0	117.9	12.0	16	57.0	良	**	**		マゲバスピード	202608010706
2023102131	2025-10-13	3京都5		6.0	2歳新馬								吉村誠之		芝1600				1:37.2	3.6		2-3	34.0-35.4	38.7	488(0)																																															晴		15.0	6.0	10.0	17.5	7.0	10	55.0	良	**	**		バルセシート															
2023102131	2025-10-25	3京都8		1.0	2歳未勝利								団野大成		ダ1400				1:28.6	2.3		1-2	34.7-39.6	41.9	492(+4)																																															曇		14.0	7.0	12.0	21.8	7.0	11	56.0	良	**	**		ホールオブミラーズ															
2023102131	2026-01-12	1京都5		1.0	3歳未勝利								吉村誠之		ダ1200				1:13.5	0.2		4-4	36.1-37.2	36.9	494(+2)				240.0																																											晴		16.0	2.0	4.0	6.9	4.0	2	57.0	良	**	**		ウォーターサグラダ															
2023102132	2025-12-07	5阪神2		6.0	2歳新馬								Ｍ．デム		ダ1800								38.4-37.6		500(0)																																	晴		9.0	2.0	2.0			除	56.0	良	**	**		クイノールト																													
2023102132	2025-12-20	5阪神5		6.0	2歳新馬								酒井学		ダ1800				1:55.9	1.0		8-8-8-7	38.4-37.3	37.7	498(0)				110.0																													晴		16.0	1.0	2.0	20.3	6.0	4	56.0	良	**	**		メイショウコマチ																													
2023102132	2026-01-05	1京都2		2.0	3歳未勝利								酒井学		ダ1900				2:01.9	1.0		5-7-5-5	30.4-38.5	39.0	500(+2)				59.0																													晴		16.0	8.0	16.0	8.0	4.0	5	57.0	良	**	**		エドウィンナルコ																													
2023102132	2026-01-17	1京都6		3.0	3歳未勝利								田山旺佑		ダ1900				2:02.1	0.0		1-1-1-1	30.4-38.6	38.6	486(-14)				590.0																													晴		13.0	7.0	10.0	2.8	1.0	1	54.0	良				(グリーンゴー)																													
2023102145	2026-01-10	1京都3		3.0	3歳新馬								団野大成		ダ1400				1:26.0	0.8		1-1	35.8-37.0	37.8	450(0)				65.0																																											晴		16.0	1.0	1.0	3.1	2.0	5	55.0	良	**	**		ビービークローサー															
2023102188	2025-11-01	4東京10		4.0	2歳新馬								今村聖奈		ダ1400				1:26.8	2.3		7-9	35.6-36.3	37.5	440(0)																			晴		16.0	4.0	8.0	31.8	9.0	8	53.0	不	**	**		ビルバンテ																																											
2023102188	2026-01-18	1京都7		1.0	3歳未勝利								田口貫太		ダ1200				1:15.0	1.5		10-10	36.6-36.9	37.6	442(+2)																																																													晴		16.0	5.0	9.0	238.6	15.0	9	55.0	良	**	**		オンザノアール	202608010701
2023102210	2025-10-18	4東京6		4.0	2歳新馬								松岡正海		芝1400				1:23.7	0.4		6-7	36.8-33.8	33.6	448(0)				75.0																													晴		18.0	7.0	13.0	86.9	12.0	5	55.0	良	**	**		エピッククイーン																													
2023102210	2026-01-17	1中山6		1.0	3歳未勝利								松岡正海		ダ1200				1:15.6	2.6		1-1	34.4-38.6	41.2	450(+2)																																	晴		16.0	3.0	5.0	8.8	5.0	13	55.0	良				サントマーレ																													
2023102215	2025-11-16	4京都4		4.0	2歳新馬								松山弘平		ダ1800				1:55.1	0.7		2-2-1-2	37.6-37.7	38.4	486(0)				110.0																																											晴		11.0	8.0	11.0	7.6	4.0	4	56.0	良	**	**		メルカントゥール															
2023102215	2026-01-11	1京都4		1.0	3歳未勝利								松山弘平		ダ1800				1:55.0	0.1		1-1-1-1	37.1-37.7	37.8	484(-2)				150.0																																											晴		16.0	7.0	14.0	9.3	5.0	3	57.0	良	**	**		キタノシャカール															
2023102241	2025-10-11	3京都3		6.0	2歳新馬								吉村誠之		ダ1200				1:13.3	0.9		3-3	35.9-36.5	37.1	498(0)				190.0															曇		11.0	7.0	8.0	6.2	3.0	3	55.0	良	**	**		マメタンク																																											
2023102241	2025-11-01	3京都10		1.0	2歳未勝利								吉村誠之		ダ1200				1:11.9	0.0		3-3	35.5-36.4	36.0	492(-6)				560.0															晴		13.0	8.0	12.0	20.5	6.0	1	55.0	不	**	**		(カッタッパ)																																											
2023102241	2026-01-18	1京都7		4.0	3歳1勝クラス								吉村誠之		ダ1200				1:13.4	0.7		4-4	35.3-37.4	37.7	490(-2)																																																													晴		10.0	3.0	3.0	20.5	5.0	9	57.0	良	**	**		ラブルラウザー	202608010704
2023102242	2025-12-28	5阪神8		4.0	2歳新馬								斎藤新		ダ1400				1:28.7	1.5		14-13	34.9-39.8	38.8	478(0)																			晴		16.0	4.0	7.0	15.2	5.0	10	56.0	良	**	**		ソルオーブ																																											
2023102242	2026-01-18	1京都7		2.0	3歳未勝利								河原田菜		ダ1800				1:57.4	1.6		8-8-6-7	38.4-38.2	39.0	486(+8)																																																													晴		12.0	5.0	5.0	110.9	8.0	8	53.0	良	**	**		アミラル	202608010702
2023102250	2026-01-17	1京都6		4.0	3歳新馬								松本大輝		ダ1400				1:28.9	1.9		9-10	36.4-37.5	38.7	456(0)																																	晴		16.0	6.0	12.0	41.6	10.0	11	54.0	良				ホウショウルクス																													
2023102266	2025-09-28	4中山9		5.0	2歳新馬								菊沢一樹		芝2000				2:03.1	1.9		11-11-11-12	36.5-35.0	35.4	442(0)																			晴		17.0	6.0	12.0	170.4	15.0	11	55.0	良	**	**		エピックフライト																																											
2023102266	2025-10-12	4東京4		3.0	2歳未勝利								菊沢一樹		芝2000				2:01.7	1.7		8-9-7	36.6-34.9	35.5	442(0)																			曇		10.0	7.0	7.0	217.6	10.0	9	56.0	良	**	**		チャリングクロス																																											
2023102266	2026-01-18	1中山7		3.0	3歳未勝利								菊沢一樹		ダ1800				2:00.7	5.0		11-11-11-10	38.0-38.6	42.7	446(+4)																																																													晴		13.0	5.0	6.0	242.4	10.0	10	57.0	良	**	**		サイモフェーン	202606010703
2023102292	2025-11-23	5東京5		5.0	2歳新馬								石神深道		芝2000				2:02.9	0.8		10-8-8	37.4-34.2	34.1	554(0)																																															曇		11.0	2.0	2.0	54.9	10.0	9	53.0	良	**	**		ノーブルサヴェージ															
2023102292	2026-01-05	1中山2		6.0	3歳未勝利								石神深道		芝2000				2:04.3	3.2		6-5-5-9	35.5-36.1	38.9	558(+4)																																															晴		18.0	6.0	11.0	140.4	14.0	18	54.0	良	**	**		イモータリス															
2023102317	2025-10-18	4東京6		5.0	2歳新馬								矢野貴之		芝1600				1:35.8	1.7		16-15	35.9-34.0	34.3	464(0)																																															晴		16.0	7.0	13.0	232.8	15.0	14	56.0	良	**	**		アドマイヤクワッズ															
2023102317	2025-10-26	3京都9		3.0	2歳未勝利								田口貫太		芝2000				2:05.7	3.2		2-2-2-2	36.4-35.7	38.8	462(-2)																																															曇		10.0	7.0	7.0	204.2	10.0	10	56.0	稍	**	**		メイショウソラリス															
2023102317	2026-01-04	1京都1		1.0	3歳未勝利								和田竜二		ダ1200				1:14.4	1.2		13-13	36.2-37.0	36.8	460(-2)																																															晴		16.0	6.0	11.0	172.8	15.0	9	57.0	良	**	**		リーグナイト															
2023102332	2025-12-27	5中山7		5.0	2歳新馬								松岡正海		芝1600				1:35.3	0.2		15-10-8	35.6-35.7	35.0	442(0)				190.0															曇		16.0	4.0	7.0	16.8	8.0	3	55.0	良	**	**		ルールザウェイヴ																																											
2023102332	2026-01-18	1中山7		12.0	3歳未勝利								松岡正海		芝1600				1:35.7	1.5		5-6-6	35.5-35.7	36.6	440(-2)																																																													晴		16.0	2.0	4.0	12.6	5.0	14	55.0	良	**	**		サンヴィクトワール	202606010712
2023102345	2025-10-05	4東京2		6.0	2歳新馬								遠藤汰月		ダ1600				1:43.4	2.9		12-12	37.0-36.6	37.9	450(0)																			晴		16.0	3.0	5.0	229.2	15.0	8	52.0	良	**	**		ゲームカレンダー																																											
2023102345	2025-11-22	3福島5		1.0	2歳未勝利								遠藤汰月		ダ1700				1:50.2	2.2		13-13-14-14	30.7-39.3	40.0	450(0)																			晴		14.0	5.0	7.0	124.2	11.0	12	52.0	良	**	**		ウィングブルー																																											
2023102345	2026-01-05	1中山2		2.0	3歳未勝利								小林凌大		ダ1800				1:59.7	3.1		14-14-14-13	37.8-40.6	41.9	456(+6)																			晴		16.0	2.0	3.0	196.3	14.0	11	55.0	稍	**	**		ラングドシャ																																											
2023102345	2026-01-18	1中山7		2.0	3歳未勝利								小林凌大		ダ1800				2:00.6	3.2		6-8-11-11	37.1-41.2	43.4	454(-2)																																																													晴		16.0	8.0	16.0	178.3	13.0	12	55.0	良	**	**		デルマホダカ	202606010702
2023102352	2025-09-07	4中山2		6.0	2歳新馬								原優介		ダ1800				1:57.9	1.3		9-10-9-7	37.1-40.3	40.2	462(0)				75.0																																											晴		16.0	2.0	4.0	82.3	14.0	5	55.0	良	**	**		ヴァレンティーニ															
2023102352	2025-09-20	4中山6		1.0	2歳未勝利								原優介		ダ1800				1:57.0	1.3		11-12-9-9	37.2-40.2	39.6	452(-10)				140.0																																											曇		13.0	2.0	2.0	14.6	4.0	3	55.0	重	**	**		ラフレードピエル															
2023102352	2025-12-13	5中山3		4.0	2歳未勝利								マーカン		ダ1800				1:57.0	0.9		14-15-13-12	38.6-39.1	38.5	478(+26)				140.0																																											曇		16.0	6.0	12.0	11.0	6.0	3	56.0	良	**	**		ガンダ															
2023102352	2025-12-28	5中山8		2.0	2歳未勝利								マーカン		ダ1800				1:56.9	-0.1		8-10-4-4	38.8-39.9	39.4	480(+2)				560.0																																											晴		16.0	8.0	15.0	6.7	2.0	1	56.0	良	**	**		(イデアクリスタル)															
2023102364	2025-09-07	4中山2		5.0	2歳新馬								柴田善臣		芝1800				1:50.9	2.0		9-9-9-9	37.1-34.5	35.5	472(0)																																	晴		12.0	7.0	9.0	72.7	9.0	8	55.0	良	**	**		フォルテアンジェロ																													
2023102364	2025-09-28	4中山9		3.0	2歳未勝利								柴田善臣		芝2000				2:02.7	2.0		9-9-9-8	37.0-33.9	34.5	476(+4)																																	晴		16.0	1.0	1.0	177.3	10.0	8	55.0	良	**	**		コッツォリーノ																													
2023102364	2026-01-17	1中山6		2.0	3歳未勝利								舟山瑠泉		ダ1800				1:56.4	0.9		4-4-2-2	37.7-39.6	40.3	476(0)				240.0																													晴		16.0	3.0	6.0	21.0	5.0	2	54.0	良				ウリズンベー																													
2023102365	2025-12-21	5中山6		6.0	2歳新馬								丸田恭介		ダ1200				1:14.2	1.9		10-11	34.9-37.4	37.8	432(0)																																	曇		16.0	6.0	12.0	121.7	14.0	8	55.0	重	**	**		ファンシーズ																													
2023102365	2026-01-17	1中山6		1.0	3歳未勝利								佐々木大		ダ1200				1:15.8	2.8		13-14	34.4-38.6	39.8	436(+4)																																	晴		16.0	6.0	12.0	257.1	12.0	15	55.0	良				サントマーレ																													
2023102367	2026-01-18	1中山7		5.0	3歳新馬								斎藤新		芝1600				1:35.6	1.2		1-2-2	35.8-34.3	35.4	520(0)																																																													晴		16.0	7.0	13.0	21.3	6.0	6	57.0	良	**	**		サンプレクス	202606010705
2023102369	2025-11-02	3京都11		3.0	2歳新馬								国分恭介		ダ1400				1:27.8	3.0		15-15	36.0-36.2	37.3	472(0)																																	晴		16.0	4.0	7.0	53.1	11.0	6	56.0	稍	**	**		メイショウカクウチ																													
2023102369	2025-11-15	4京都3		3.0	2歳未勝利								幸英明		ダ1800				1:56.8	3.2		8-8-9-9	37.5-37.4	39.7	470(-2)																																	晴		10.0	8.0	10.0	9.0	5.0	8	56.0	良	**	**		ブームバップビート																													
2023102369	2025-12-21	5中京6		1.0	2歳未勝利								小崎綾也		ダ1800				1:57.3	2.1		16-16-16-16	36.9-38.8	38.5	466(-4)																																	小雨		16.0	1.0	1.0	83.6	12.0	7	56.0	稍	**	**		マッドゲイル																													
2023102369	2026-01-11	1京都4		1.0	3歳未勝利								小崎綾也		ダ1800				1:58.0	3.1		15-15-15-15	37.1-37.7	38.7	470(+4)																																	晴		16.0	3.0	5.0	207.3	14.0	12	57.0	良	**	**		キタノシャカール																													
2023102369	2026-01-17	1京都6		3.0	3歳未勝利								国分優作		ダ1900				2:04.6	2.5		10-9-9-10	30.4-38.6	39.8	456(-14)																																	晴		13.0	8.0	13.0	38.2	9.0	10	57.0	良				テスタヴェローチェ																													
2023102376	2025-10-11	3京都3		5.0	2歳新馬								岩田望来		芝1400				1:22.0	1.8		12-12	34.8-33.7	34.3	420(0)																																	曇		17.0	8.0	17.0	34.8	11.0	9	55.0	良	**	**		マーゴットラヴミー																													
2023102376	2025-12-20	5中京5		4.0	2歳未勝利								藤懸貴志		芝1600				1:35.7	0.4		14-14-14	35.2-35.7	34.9	424(+4)				56.0																													曇		16.0	2.0	4.0	55.3	10.0	5	55.0	稍	**	**		アンディムジーク																													
2023102376	2026-01-17	1京都6		5.0	3歳未勝利								ハマーハ		芝2000				2:01.9	0.8		11-11-11-12	34.8-36.8	36.6	420(-4)																																	晴		18.0	1.0	1.0	28.3	8.0	10	55.0	良				ラコンチャビエン																													
2023102378	2025-12-27	5中山7		5.0	2歳新馬								菅原明良		芝1600				1:35.5	0.4		11-12-11	35.6-35.7	35.0	468(0)				75.0															曇		16.0	1.0	2.0	17.8	9.0	5	55.0	良	**	**		ルールザウェイヴ																																											
2023102378	2026-01-18	1中山7		12.0	3歳未勝利								菅原明良		芝1600				1:34.3	0.1		5-6-6	35.5-35.7	35.2	470(+2)				240.0																																																									晴		16.0	3.0	6.0	11.4	4.0	2	55.0	良	**	**		サンヴィクトワール	202606010712
2023102383	2025-12-14	5中山4		6.0	2歳新馬								横山琉人		ダ1200				1:14.5	1.3		7-7	35.6-37.6	38.3	446(0)																			曇		15.0	1.0	1.0	7.5	4.0	7	55.0	稍	**	**		ルクスポップスター																																											
2023102383	2026-01-04	1中山1		1.0	3歳未勝利								長浜鴻緒		ダ1200				1:13.0	0.3		7-5	33.8-38.9	38.4	448(+2)				240.0															晴		16.0	8.0	15.0	25.9	7.0	2	53.0	稍	**	**		フュルスティン																																											
2023102383	2026-01-18	1中山7		1.0	3歳未勝利								長浜鴻緒		ダ1200				1:15.8	2.7		4-4	33.5-39.6	42.0	446(-2)																																																													晴		16.0	2.0	3.0	8.6	5.0	14	53.0	良	**	**		マーガレットクレア	202606010701
2023102392	2025-11-16	5東京4		4.0	2歳新馬								酒井学		ダ1600				1:40.5	-0.2		1-1	36.9-36.9	36.9	512(0)				750.0																																											晴		16.0	8.0	16.0	22.6	7.0	1	56.0	良	**	**		(タイキブリッツェン)															
2023102392	2026-01-10	1中山3		9.0	黒竹賞(1勝クラス)								長浜鴻緒		ダ1800				1:56.9	2.8		2-2-3-9	36.3-39.0	41.5	520(+8)																																															晴		10.0	8.0	10.0	27.6	6.0	10	57.0	良	**	**		マクリール															
2023102398	2025-12-13	5中山3		6.0	2歳新馬								マーカン		ダ1800				1:56.6	0.3		5-5-4-4	37.6-39.0	39.0	504(0)				300.0															晴		15.0	7.0	13.0	3.5	1.0	2	56.0	良	**	**		タイセイエムロード																																											
2023102398	2026-01-04	1中山1		4.0	3歳未勝利								横山武史		ダ1800				1:56.5	1.3		2-2-2-2	36.5-40.7	41.9	498(-6)																			晴		12.0	6.0	8.0	2.7	1.0	6	57.0	稍	**	**		サトノリシャール																																											
2023102398	2026-01-18	1中山7		3.0	3歳未勝利								横山和生		ダ1800				1:56.7	1.0		12-12-2-1	38.0-38.6	39.5	496(-2)				89.0																																																									晴		13.0	2.0	2.0	4.8	3.0	4	57.0	良	**	**		サイモフェーン	202606010703
2023102410	2025-11-08	5東京1		6.0	2歳新馬								菅原明良		芝1400				1:23.8	0.9		6-6	36.9-34.1	34.4	442(0)																																															曇		13.0	6.0	8.0	8.5	6.0	8	56.0	良	**	**		レオアジャイル															
2023102426	2025-09-07	4阪神2		5.0	2歳新馬								高杉吏麒		芝1800				1:49.8	2.3		4-5	36.2-33.9	35.6	438(0)				110.0																																											晴		6.0	1.0	1.0	55.0	6.0	4	54.0	良	**	**		キッコベッロ															
2023102426	2025-09-21	4中山7		3.0	2歳未勝利								丹内祐次		芝1800				1:51.0	1.6		9-9-9-9	36.7-35.4	35.7	434(-4)																																															晴		10.0	1.0	1.0	94.7	8.0	6	55.0	良	**	**		パントルナイーフ															
2023102426	2025-10-18	4東京6		3.0	2歳未勝利								石橋脩		芝1800				1:48.8	1.3		7-7-7	35.5-35.1	35.4	446(+12)																																															晴		8.0	3.0	3.0	149.6	8.0	7	56.0	良	**	**		ダノンセフィーロ															
2023102426	2025-11-24	5東京6		3.0	2歳未勝利								杉原誠人		芝2000				2:01.6	1.5		2-5-5	35.5-34.7	35.9	450(+4)																																															晴		16.0	4.0	7.0	483.3	14.0	11	56.0	良	**	**		エムズビギン															
2023102426	2026-01-11	1中山4		6.0	3歳未勝利								西村淳也		芝2200								36.6-36.1		458(+8)																																															晴		17.0	1.0	2.0			除	57.0	良	**	**		グランアルト															
2023102438	2025-09-13	4中山3		5.0	2歳新馬								石神深道		芝1600				1:38.2	2.2		11-14-15	36.8-34.7	35.4	416(0)																			曇		16.0	5.0	9.0	182.1	11.0	13	52.0	稍	**	**		スタートレイン																																											
2023102438	2025-09-28	4中山9		3.0	2歳未勝利								長浜鴻緒		芝2000				2:05.1	4.4		15-15-15-14	37.0-33.9	36.0	414(-2)																			晴		16.0	8.0	15.0	399.4	14.0	15	53.0	良	**	**		コッツォリーノ																																											
2023102438	2026-01-05	1中山2		2.0	3歳未勝利								長浜鴻緒		ダ1800				2:01.3	4.7		3-3-7-11	37.8-40.6	44.1	416(+2)																			晴		16.0	7.0	13.0	160.6	13.0	16	53.0	稍	**	**		ラングドシャ																																											
2023102438	2026-01-18	1中山7		2.0	3歳未勝利								石田拓郎		ダ1800				2:02.0	4.6		13-14-15-15	37.1-41.2	44.2	410(-6)																																																													晴		16.0	2.0	4.0	483.8	16.0	15	52.0	良	**	**		デルマホダカ	202606010702
2023102448	2025-12-21	5中京6		5.0	2歳新馬								小林美駒		ダ1400				1:28.5	2.5		6-7	35.8-37.5	39.3	464(0)																			雨		15.0	7.0	13.0	5.9	2.0	12	52.0	稍	**	**		ペルセポネ																																											
2023102448	2026-01-18	1京都7		1.0	3歳未勝利								柴田裕一		ダ1200				1:16.1	2.6		3-6	36.6-36.9	39.1	470(+6)																																																													晴		16.0	4.0	8.0	77.2	9.0	16	53.0	良	**	**		オンザノアール	202608010701
2023102452	2025-10-04	3京都1		5.0	2歳新馬								団野大成		芝2000				2:02.7	0.4		5-5-7-6	37.3-35.1	35.1	468(0)																			小雨		14.0	2.0	2.0	20.3	7.0	6	56.0	重	**	**		ダークマルス																																											
2023102452	2025-10-12	3京都4		3.0	2歳未勝利								団野大成		芝2000				2:00.5	1.0		2-2-1-1	35.8-35.5	36.5	464(-4)																			曇		9.0	5.0	5.0	5.7	3.0	6	56.0	良	**	**		ブレナヴォン																																											
2023102452	2026-01-05	1京都2		5.0	3歳未勝利								武豊		芝2000				2:02.9	0.6		16-16-16-16	35.7-36.0	35.2	466(+2)																			晴		17.0	8.0	17.0	13.1	7.0	6	57.0	良	**	**		タガノアルトゥーラ																																											
2023102452	2026-01-18	1京都7		2.0	3歳未勝利								坂井瑠星		ダ1800				1:55.9	0.1		12-12-11-11	38.4-38.2	36.9	466(0)				240.0																																																									晴		12.0	1.0	1.0	7.2	4.0	2	57.0	良	**	**		アミラル	202608010702
2023102459	2025-07-06	1函館8		5.0	2歳新馬								鮫島克駿		芝1800				1:54.0	2.9		2-3-3-3	38.5-35.5	38.0	492(0)																																															曇		6.0	5.0	5.0	11.6	4.0	6	55.0	稍	**	**		ショウナンガルフ															
2023102459	2025-08-03	1札幌4		1.0	2歳未勝利								松本大輝		ダ1000				1:01.3	0.8		3-3	34.8-37.3	37.9	486(-6)				56.0																																											晴		12.0	8.0	12.0	9.7	6.0	5	54.0	良	**	**		アンティミスト															
2023102459	2025-10-25	4新潟3		2.0	2歳未勝利								松本大輝		ダ1200				1:17.7	5.6		4-10	34.5-37.6	42.7	480(-6)																																															晴		15.0	8.0	15.0	15.1	8.0	15	55.0	良	**	**		レディサン															
2023102459	2025-12-27	5阪神7		3.0	2歳未勝利								松本大輝		ダ1400				1:27.2	1.8		2-2	35.2-37.7	39.4	486(+6)																																															晴		16.0	8.0	15.0	125.5	10.0	9	55.0	稍	**	**		ハグレジョー															
2023102464	2025-09-13	4阪神3		5.0	2歳新馬								松若風馬		芝1200				1:13.5	3.3		8-9	34.8-35.4	37.9	458(0)																																															曇		11.0	8.0	11.0	153.9	10.0	11	55.0	良	**	**		シラヌイ															
2023102464	2025-09-27	4阪神8		3.0	2歳未勝利								和田竜二		芝1200				1:11.3	2.2		13-13	34.0-35.1	35.4	462(+4)																																															晴		14.0	3.0	5.0	718.8	14.0	12	55.0	良	**	**		フォーゲル															
2023102464	2025-12-27	5阪神7		1.0	2歳未勝利								和田陽希		ダ1200				1:13.1	0.3		4-4	35.5-37.3	37.2	466(+4)				140.0																																											晴		15.0	8.0	15.0	280.4	13.0	3	53.0	稍	**	**		ファイブタンゴ															
2023102476	2025-06-22	1函館4		5.0	2歳新馬								佐々木大		芝1200				1:10.9	0.4		5-5	34.5-36.0	35.8	478(0)																																	曇		12.0	5.0	5.0	16.2	8.0	6	55.0	重	**	**		クラディスティーナ																													
2023102476	2025-07-20	1函館12		1.0	2歳未勝利								斎藤新		芝1200				1:10.1	1.0		13-13	33.8-35.3	34.8	470(-8)																																	晴		16.0	3.0	6.0	16.9	8.0	9	55.0	良	**	**		クワイエットアイ																													
2023102476	2025-08-24	2札幌2		1.0	2歳未勝利								ウィリア		ダ1700				1:49.8	2.7		14-13-13-13	30.4-38.4	39.4	474(+4)																																	晴		14.0	6.0	10.0	18.8	9.0	8	55.0	良	**	**		マーゴットサンズ																													
2023102476	2025-09-20	4阪神6		1.0	2歳未勝利								吉村誠之		ダ1800				1:56.8	1.5		8-8-6-5	36.8-40.5	40.9	476(+2)																																	曇		10.0	8.0	10.0	27.4	6.0	8	54.0	良	**	**		エコロレーヴ																													
2023102476	2025-10-05	3京都2		1.0	2歳未勝利								高杉吏麒		ダ1400				1:26.1	1.6		3-3	34.9-37.1	38.3	474(-2)																																	小雨		16.0	7.0	13.0	57.8	11.0	8	56.0	重	**	**		サヨノパララックス																													
2023102476	2025-10-25	3京都8		1.0	2歳未勝利								長岡禎仁		ダ1400				1:28.4	2.1		2-2	34.7-39.6	41.7	478(+4)																																	曇		14.0	7.0	11.0	101.5	13.0	8	56.0	良	**	**		ホールオブミラーズ																													
2023102476	2025-12-27	5阪神7		1.0	2歳未勝利								高杉吏麒		ダ1200				1:14.5	1.7		4-4	35.5-37.3	38.7	484(+6)																																	晴		15.0	3.0	5.0	12.1	4.0	8	56.0	稍	**	**		ファイブタンゴ																													
2023102476	2026-01-17	1京都6		2.0	3歳未勝利								高杉吏麒		ダ1200				1:14.4	0.7		5-6	35.7-38.0	38.0	486(+2)																																	晴		16.0	5.0	10.0	15.7	5.0	8	57.0	良				グラスゴー																													
2023102518	2025-07-19	2福島7		5.0	2歳新馬								荻野極		芝1800				1:53.3	0.1		10-10-1-1	36.8-37.1	37.2	466(0)				300.0																													晴		16.0	7.0	14.0	13.2	5.0	2	55.0	良	**	**		ザーフィル																													
2023102518	2025-09-27	4中山8		2.0	2歳未勝利								荻野極		芝1600				1:35.2	1.3		9-11-11	35.0-34.8	35.3	470(+4)																																	曇		16.0	8.0	16.0	13.8	5.0	7	55.0	良	**	**		ホワイトドラゴン																													
2023102518	2025-12-21	5中山6		3.0	2歳未勝利								佐々木大		芝1800				1:52.3	0.1		2-2-2-2	38.2-35.0	35.0	472(+2)				140.0																													曇		15.0	8.0	15.0	19.9	7.0	3	55.0	重	**	**		ロンギングセリーヌ																													
2023102518	2026-01-17	1中山6		5.0	3歳未勝利								荻野極		芝2000				2:01.4	0.7		1-1-1-1	35.6-35.5	36.2	472(0)																																	晴		18.0	3.0	6.0	8.4	4.0	13	55.0	良				レダアトミカ																													
2023102525	2025-11-16	5東京4		5.0	2歳新馬								マーカン		芝1600				1:36.8	1.9		4-4	35.3-35.2	36.6	460(0)																																															晴		12.0	8.0	11.0	9.9	3.0	9	55.0	良	**	**		マテンロウネイビー															
2023102540	2025-06-22	1函館4		5.0	2歳新馬								小林美駒		芝1200				1:11.7	1.2		1-1	34.5-36.0	37.2	474(0)																																															曇		12.0	3.0	3.0	47.6	11.0	9	51.0	重	**	**		クラディスティーナ															
2023102540	2025-07-20	1函館12		1.0	2歳未勝利								舟山瑠泉		芝1200				1:10.6	1.5		11-11	33.8-35.3	35.6	480(+6)																																															晴		16.0	7.0	14.0	182.6	14.0	11	52.0	良	**	**		クワイエットアイ															
2023102540	2025-08-02	2新潟3		3.0	2歳未勝利								菊沢一樹		芝1000				0:56.4	1.2		3	32.9-32.8	33.8	468(-12)				140.0																																											晴		12.0	6.0	7.0	9.7	4.0	3	55.0	良	**	**		プリティーミズホ															
2023102540	2025-10-19	4新潟2		2.0	2歳未勝利								横山琉人		ダ1200				1:13.7	2.6		3-3	34.6-36.5	38.7	484(+16)																																															曇		15.0	8.0	14.0	28.5	7.0	8	56.0	重	**	**		モンサンゴールデン															
2023102540	2025-11-16	4京都4		2.0	2歳未勝利								木幡初也		ダ1200				1:15.6	2.9		6-8	35.2-37.5	39.7	486(+2)																																															晴		15.0	8.0	14.0	161.0	13.0	13	56.0	良	**	**		カネコメブライト															
2023102575	2025-10-11	4東京3		6.0	2歳新馬								小林美駒		ダ1600				1:42.3	2.4		14-14	36.0-38.3	39.1	450(0)																																	雨		16.0	6.0	12.0	35.3	9.0	10	53.0	稍	**	**		セイントエルモズ																													
2023102575	2026-01-17	1中山6		2.0	3歳未勝利								小林美駒		ダ1800				1:58.8	3.3		15-15-15-14	37.7-39.6	40.4	464(+14)																																	晴		16.0	3.0	5.0	193.6	13.0	10	54.0	良				ウリズンベー																													
2023102577	2025-08-31	3新潟4		6.0	2歳新馬								坂井瑠星		ダ1800				1:57.2	2.0		3-3-3-3	37.9-37.4	39.1	444(0)				110.0																																											晴		15.0	2.0	2.0	3.0	2.0	4	55.0	良	**	**		マテンロウダビンチ															
2023102577	2025-09-14	4阪神4		1.0	2歳未勝利								古川奈穂		ダ1400				1:26.8	2.8		1-1	34.6-37.3	40.1	444(0)				56.0																																											曇		13.0	4.0	4.0	5.6	3.0	5	52.0	良	**	**		ラブルラウザー															
2023102577	2025-09-28	4阪神9		2.0	2歳未勝利								古川奈穂		芝1400				1:21.7	0.0		1-1	34.4-35.5	35.5	456(+12)				220.0																																											晴		14.0	1.0	1.0	14.3	6.0	2	52.0	良	**	**		ノアールビーナス															
2023102577	2025-10-26	4新潟4		2.0	2歳未勝利								古川奈穂		芝1400				1:23.5	0.3		1-1	34.7-36.4	36.7	462(+6)				140.0																																											小雨		13.0	3.0	3.0	4.1	3.0	3	52.0	良	**	**		アスミル															
2023102577	2025-11-09	3福島2		2.0	2歳未勝利								古川奈穂		芝1200				1:09.4	-0.3		2-2	34.0-35.4	35.3	452(-10)				560.0																																											曇		16.0	5.0	10.0	3.5	2.0	1	52.0	良	**	**		(ハッピーラッキー)															
2023102581	2025-08-30	3新潟3		5.0	2歳新馬								柴田大知		芝1400				1:24.9	1.8		13-14	35.2-35.7	36.0	470(0)																			曇		18.0	8.0	17.0	80.7	10.0	15	55.0	良	**	**		ミツカネベネラ																																											
2023102581	2025-11-29	5東京7		2.0	2歳未勝利								菊沢一樹		芝1400				1:22.7	1.0		5-4	35.1-34.6	35.1	470(0)																			晴		18.0	8.0	18.0	251.9	14.0	11	55.0	良	**	**		アグネスクレスト																																											
2023102581	2025-12-28	5中山8		2.0	2歳未勝利								江田照男		ダ1800				1:58.4	1.5		2-2-3-4	38.8-39.9	41.1	468(-2)																			晴		16.0	7.0	13.0	110.1	8.0	8	55.0	良	**	**		タイセツナヒ																																											
2023102581	2026-01-18	1中山7		2.0	3歳未勝利								江田照男		ダ1800				1:57.5	0.1		7-6-5-5	37.1-41.2	41.0	466(-2)				240.0																																																									晴		16.0	4.0	7.0	51.1	10.0	2	55.0	良	**	**		デルマホダカ	202606010702
2023102584	2025-10-05	3京都2		5.0	2歳新馬								高杉吏麒		芝1800				1:49.3	0.5		3-3	36.7-34.7	34.9	442(0)				75.0																													小雨		13.0	7.0	10.0	15.7	5.0	5	55.0	稍	**	**		コウギョク																													
2023102584	2025-12-21	5阪神6		3.0	2歳未勝利								ルメール		芝1800				1:47.5	0.0		7-7	35.2-35.3	34.7	430(-12)				220.0																													雨		18.0	2.0	4.0	10.7	5.0	2	55.0	稍	**	**		エイズルブルーム																													
2023102584	2026-01-17	1京都6		5.0	3歳未勝利								ルメール		芝2000				2:01.1	0.0		6-5-5-5	34.8-36.8	36.3	436(+6)				590.0																													晴		18.0	5.0	9.0	4.3	2.0	1	55.0	良				(ティタノマキア)																													
2023102593	2025-12-27	5阪神7		5.0	2歳新馬								ジェルー		芝2000				2:04.3	1.7		11-11-11-10	38.5-34.1	34.7	518(0)																																	晴		14.0	7.0	11.0	36.1	8.0	9	56.0	良	**	**		ショウナンハヤナミ																													
2023102593	2026-01-17	1京都6		1.0	3歳未勝利								北村友一		ダ1800				1:55.5	1.0		5-5-3-3	37.0-37.9	38.5	516(-2)				240.0																													晴		10.0	4.0	4.0	30.7	3.0	2	57.0	良				リアライズグリント																													
2023102630	2025-12-27	5阪神7		6.0	2歳新馬								ルメール		ダ1800				1:56.7	2.7		7-8-7-7	38.0-36.8	38.6	552(0)																																	晴		11.0	8.0	11.0	6.0	5.0	6	56.0	稍	**	**		アメリカンコール																													
2023102630	2026-01-17	1京都6		3.0	3歳未勝利								ルメール		ダ1900				2:04.0	1.9		10-9-9-10	30.4-38.6	39.3	548(-4)																																	晴		13.0	5.0	7.0	8.0	4.0	6	57.0	良				テスタヴェローチェ																													
2023102643	2025-12-28	5阪神8		4.0	2歳新馬								亀田温心		ダ1400				1:28.4	1.2		5-6	34.9-39.8	40.4	450(0)																																	晴		16.0	5.0	10.0	8.3	4.0	6	56.0	良	**	**		ソルオーブ																													
2023102643	2026-01-17	1京都6		2.0	3歳未勝利								亀田温心		ダ1200				1:14.3	0.6		10-9	35.7-38.0	37.6	448(-2)																																	晴		16.0	3.0	5.0	21.7	7.0	7	57.0	良				グラスゴー																													
2023102657	2025-12-28	5阪神8		4.0	2歳新馬								岩田康誠		ダ1400				1:31.3	4.1		11-12	34.9-39.8	42.0	468(0)																																	晴		16.0	6.0	11.0	41.7	9.0	15	56.0	良	**	**		ソルオーブ																													
2023102657	2026-01-17	1京都6		2.0	3歳未勝利								柴田裕一		ダ1200				1:17.1	3.4		14-15	35.7-38.0	39.6	466(-2)																																	晴		16.0	4.0	7.0	223.7	13.0	16	55.0	良				グラスゴー																													
2023102661	2025-09-15	4中山5		5.0	2歳新馬								岩田望来		芝1600				1:37.0	0.1		2-3-3	37.3-34.8	34.7	454(0)				190.0																													曇		13.0	5.0	6.0	20.2	6.0	3	55.0	良	**	**		サンダーストラック																													
2023102661	2025-10-18	4新潟1		1.0	2歳未勝利								今村聖奈		芝1600				1:34.7	0.8		1-1	35.2-33.9	34.7	462(+8)				56.0																													曇		13.0	2.0	2.0	8.1	5.0	5	54.0	良	**	**		リアライズブラーヴ																													
2023102661	2025-11-15	3福島3		4.0	2歳未勝利								今村聖奈		芝1200				1:09.1	0.2		2-2	33.4-35.5	35.6	462(0)																																	晴		16.0	6.0	12.0	9.5	6.0	7	54.0	良	**	**		ロンドンオービタル																													
2023102661	2025-12-07	5阪神2		2.0	2歳未勝利								今村聖奈		ダ1400				1:26.5	0.8		5-3	34.8-38.0	38.5	464(+2)				84.0																													晴		16.0	5.0	9.0	10.3	7.0	4	54.0	良	**	**		ジョアン																													
2023102661	2026-01-04	1京都1		1.0	3歳未勝利								今村聖奈		ダ1200				1:13.5	0.3		1-1	36.2-37.0	37.3	466(+2)				89.0																													晴		16.0	7.0	14.0	5.4	2.0	4	55.0	良	**	**		リーグナイト																													
2023102661	2026-01-17	1京都6		2.0	3歳未勝利								岩田望来		ダ1200				1:13.7	0.0		2-2	35.7-38.0	37.8	462(-4)				240.0																													晴		16.0	4.0	8.0	2.8	1.0	2	57.0	良				グラスゴー																													
2023102674	2025-06-08	3東京2		5.0	2歳新馬								武藤雅		芝1800				1:49.8	3.0		3-5-5	35.4-34.8	37.1	458(0)																																															曇		10.0	7.0	9.0	219.0	10.0	9	55.0	良	**	**		ダノンヒストリー															
2023102674	2025-08-30	3新潟3		2.0	2歳未勝利								武藤雅		ダ1800				1:57.0	1.3		2-4-3-2	37.0-38.9	40.0	462(+4)				140.0																																											曇		15.0	8.0	15.0	57.3	9.0	3	55.0	良	**	**		ファイアマン															
2023102674	2025-09-14	4中山4		4.0	2歳未勝利								武藤雅		ダ1800				1:55.1	1.3		1-1-1-1	36.9-38.6	39.9	464(+2)				220.0																																											曇		11.0	8.0	10.0	13.2	4.0	2	55.0	稍	**	**		ワンダーディーン															
2023102674	2025-12-27	5中山7		2.0	2歳未勝利								武藤雅		ダ1800				1:57.5	2.9		1-1-1-3	37.8-38.5	41.4	474(+10)																																															曇		16.0	7.0	14.0	6.2	3.0	9	56.0	稍	**	**		パッセージピーク															
2023102680	2025-09-27	4中山8		4.0	2歳新馬								木幡初也		ダ1800				1:57.6	2.0		8-7-9-8	38.2-38.0	39.1	454(0)																			晴		16.0	2.0	3.0	60.2	13.0	6	55.0	良	**	**		ケントン																																											
2023102680	2025-12-06	5中山1		2.0	2歳未勝利								木幡初也		ダ1800				1:56.6	0.2		9-8-7-8	37.0-40.3	39.9	462(+8)				140.0															晴		13.0	5.0	7.0	20.8	7.0	3	55.0	良	**	**		ハニーオーケストラ																																											
2023102680	2026-01-05	1中山2		2.0	3歳未勝利								木幡初也		ダ1800				1:57.2	0.6		1-1-1-2	37.8-40.6	41.2	466(+4)				240.0															晴		16.0	3.0	6.0	3.7	2.0	2	55.0	稍	**	**		ラングドシャ																																											
2023102680	2026-01-18	1中山7		2.0	3歳未勝利								木幡初也		ダ1800				1:58.8	1.4		4-4-5-5	37.1-41.2	42.4	472(+6)				59.0																																																									晴		16.0	1.0	1.0	2.7	1.0	5	55.0	良	**	**		デルマホダカ	202606010702
2023102699	2025-08-10	2新潟6		3.0	2歳新馬								高杉吏麒		ダ1200				1:13.4	0.6		10-7	34.7-38.1	37.0	408(0)				110.0																																											雨		15.0	5.0	9.0	84.7	10.0	4	54.0	稍	**	**		マイネルミストラル															
2023102699	2025-09-07	4中山2		3.0	2歳未勝利								横山琉人		ダ1200				1:14.8	2.8		10-7	34.5-37.5	38.8	408(0)																																															晴		15.0	3.0	4.0	20.7	4.0	9	55.0	良	**	**		ドンエレクトス															
2023102699	2025-10-05	4東京2		1.0	2歳未勝利								石神深道		ダ1400				1:27.5	2.4		15-14	35.4-36.9	37.8	408(0)																																															曇		16.0	5.0	9.0	83.9	10.0	6	52.0	良	**	**		エコロシード															
2023102699	2025-12-07	5中山2		1.0	2歳未勝利								長浜鴻緒		ダ1200				1:13.1	0.2		14-12	34.0-38.9	37.4	412(+4)				220.0																																											晴		16.0	1.0	1.0	28.6	6.0	2	53.0	良	**	**		ドナソール															
2023102699	2025-12-27	5中山7		1.0	2歳未勝利								長浜鴻緒		ダ1200				1:12.9	0.4		7-6	34.1-38.4	38.0	412(0)				140.0																																											曇		15.0	7.0	13.0	7.1	4.0	3	53.0	稍	**	**		コウジハラ															
2023102701	2025-08-23	4中京1		6.0	2歳新馬								田山旺佑		ダ1800				1:58.1	3.0		8-6-9-10	39.4-37.7	39.4	448(0)																																															晴		12.0	2.0	2.0	24.7	8.0	6	52.0	良	**	**		シュガービスケッツ															
2023102701	2025-09-13	4阪神3		1.0	2歳未勝利								田山旺佑		ダ1800				1:56.8	2.1		2-2-2-2	37.4-37.9	39.9	448(0)																																															曇		8.0	8.0	8.0	46.1	7.0	6	52.0	良	**	**		ノースミソロジー															
2023102701	2025-10-05	3京都2		1.0	2歳未勝利								田山旺佑		ダ1400				1:27.7	3.2		11-14	34.9-37.1	39.2	444(-4)																																															小雨		16.0	6.0	12.0	50.7	10.0	15	52.0	重	**	**		サヨノパララックス															
2023102701	2025-12-21	5阪神6		1.0	2歳未勝利								田山旺佑		ダ1800				1:57.7	4.3		7-9-7-10	38.0-37.4	40.8	442(-2)																																															雨		12.0	7.0	10.0	72.9	6.0	8	52.0	稍	**	**		ソルチェリア															
2023102701	2026-01-05	1京都2		1.0	3歳未勝利								田山旺佑		ダ1800				1:56.3	2.8		11-11-12-12	35.6-38.7	39.1	442(0)																																															晴		14.0	3.0	3.0	81.9	9.0	10	52.0	良	**	**		ルージュビバーチェ															
2023102736	2026-01-11	1京都4		2.0	3歳新馬								岩田康誠		ダ1800				1:58.9	3.7		14-13-10-11	36.5-40.1	42.0	500(0)																																	晴		16.0	1.0	2.0	37.4	7.0	16	55.0	良	**	**		ハッピーラブソング																													
2023102736	2026-01-17	1京都6		1.0	3歳未勝利								橋木太希		ダ1800				1:58.7	4.2		3-3-3-5	37.0-37.9	41.7	494(-6)																																	晴		10.0	2.0	2.0	420.9	9.0	10	52.0	良				リアライズグリント																													
2023102761	2026-01-04	1京都1		4.0	3歳新馬								国分優作		ダ1800				1:56.4	1.2		2-2-2-2	36.4-39.6	40.7	470(0)				65.0															晴		12.0	5.0	5.0	4.7	2.0	5	57.0	良	**	**		ペイシャプル																																											
2023102761	2026-01-18	1京都7		2.0	3歳未勝利								国分優作		ダ1800				1:56.4	0.6		1-1-1-1	38.4-38.2	38.8	468(-2)				89.0																																																									晴		12.0	6.0	8.0	11.2	6.0	4	57.0	良	**	**		アミラル	202608010702
2023102796	2025-10-11	4東京3		6.0	2歳新馬								伊藤工真		ダ1600				1:42.0	2.1		14-14	36.0-38.3	38.8	436(0)																			雨		16.0	4.0	7.0	25.9	8.0	9	55.0	稍	**	**		セイントエルモズ																																											
2023102796	2026-01-05	1中山2		2.0	3歳未勝利								丹内祐次		ダ1800				1:59.6	3.0		12-12-9-11	37.8-40.6	42.3	450(+14)																			晴		16.0	5.0	9.0	24.5	8.0	10	55.0	稍	**	**		ラングドシャ																																											
2023102796	2026-01-18	1中山7		3.0	3歳未勝利								丹内祐次		ダ1800				1:58.9	3.2		9-10-9-9	38.0-38.6	41.1	446(-4)																																																													晴		13.0	8.0	13.0	515.0	12.0	8	55.0	良	**	**		サイモフェーン	202606010703
2023102798	2026-01-18	1中山7		5.0	3歳新馬								菱田裕二		芝1600				1:36.0	1.6		4-3-3	35.8-34.3	35.7	460(0)																																																													晴		16.0	6.0	12.0	37.7	9.0	10	55.0	良	**	**		サンプレクス	202606010705
2023102802	2025-11-01	4東京10		5.0	2歳新馬								石神深道		芝1600				1:37.4	0.5		12-9	36.9-33.9	33.6	460(0)																																															晴		13.0	6.0	8.0	60.7	8.0	6	53.0	稍	**	**		サトノヴァンクル															
2023102802	2025-11-16	5東京4		2.0	2歳未勝利								柴田大知		芝1800				1:46.9	0.6		1-1-1	35.2-35.3	35.9	456(-4)																																															晴		18.0	1.0	1.0	61.8	8.0	6	56.0	良	**	**		ランズダウンロード															
2023102802	2025-12-07	5中京2		4.0	2歳未勝利								原優介		芝1600				1:34.7	0.6		9-8-8	35.1-34.7	34.5	454(-2)																																															晴		14.0	7.0	11.0	28.7	8.0	9	56.0	良	**	**		トライアンフパス															
2023102804	2025-11-23	5東京5		4.0	2歳新馬								柴田大知		ダ1600				1:40.5	1.7		7-7	36.3-37.2	38.0	458(0)																																															曇		15.0	6.0	10.0	109.1	11.0	8	56.0	良	**	**		フルミネブル															
2023102804	2025-12-13	5中山3		4.0	2歳未勝利								柴田大知		ダ1800				1:58.8	2.7		6-8-6-6	38.6-39.1	41.3	456(-2)																																															曇		16.0	8.0	16.0	68.1	10.0	12	56.0	良	**	**		ガンダ															
2023102804	2026-01-05	1中山2		3.0	3歳未勝利								柴田大知		ダ1800				1:58.4	2.5		9-9-8-7	37.2-39.5	41.4	452(-4)																																															晴		12.0	8.0	12.0	161.4	12.0	7	57.0	稍	**	**		カフェラジェム															
2023102826	2025-11-30	5東京8		5.0	2歳新馬								菊沢一樹		ダ1600				1:49.2	9.9		4-8	35.2-39.0	47.2	440(0)																																															晴		16.0	2.0	4.0	102.3	14.0	15	55.0	良	**	**		エジプシャンマウ															
2023102827	2026-01-05	1京都2		3.0	3歳新馬								田口貫太		ダ1200				1:14.8	1.3		8-6	36.1-37.4	36.9	474(0)																																	晴		14.0	4.0	6.0	30.5	8.0	6	57.0	良	**	**		マナボニート																													
2023102827	2026-01-17	1京都6		2.0	3歳未勝利								田口貫太		ダ1200				1:15.5	1.8		6-9	35.7-38.0	38.9	474(0)																																	晴		16.0	5.0	9.0	47.5	9.0	14	57.0	良				グラスゴー																													
2023102845	2025-12-28	5阪神8		6.0	2歳新馬								和田竜二		芝1600				1:35.4	0.0		5-3	35.1-34.7	34.5	480(0)				300.0															晴		16.0	7.0	13.0	4.5	2.0	2	56.0	良	**	**		キシダンチョウ																																											
2023102845	2026-01-18	1京都7		6.0	3歳未勝利								団野大成		芝1600				1:34.1	0.1		8-6	33.6-36.8	35.8	478(-2)				240.0																																																									晴		18.0	8.0	18.0	15.6	5.0	2	57.0	良	**	**		マゲバスピード	202608010706
2023102878	2025-12-28	5阪神8		6.0	2歳新馬								酒井学		芝1600				1:35.8	0.4		15-15	35.1-34.7	34.2	464(0)																			晴		16.0	7.0	14.0	15.6	7.0	7	56.0	良	**	**		キシダンチョウ																																											
2023102878	2026-01-18	1京都7		6.0	3歳未勝利								小沢大仁		芝1600				1:35.7	1.7		8-9	33.6-36.8	37.4	456(-8)																																																													晴		18.0	1.0	1.0	59.6	9.0	17	57.0	良	**	**		マゲバスピード	202608010706
2023102898	2025-12-28	5阪神8		4.0	2歳新馬								田山旺佑		ダ1400				1:31.5	4.3		16-16	34.9-39.8	39.0	516(0)																																	晴		16.0	3.0	5.0	134.8	15.0	16	53.0	良	**	**		ソルオーブ																													
2023102898	2026-01-17	1京都6		1.0	3歳未勝利								田山旺佑		ダ1800				1:57.6	3.1		8-8-7-7	37.0-37.9	40.2	510(-6)																																	晴		10.0	3.0	3.0	465.1	10.0	8	54.0	良				リアライズグリント																													
2023102923	2025-10-19	3京都7		5.0	2歳新馬								岩田望来		芝2000				2:02.4	0.3		10-10-10-10	36.9-35.8	35.3	446(0)				190.0																													曇		11.0	3.0	3.0	4.5	2.0	3	55.0	良	**	**		ヴァロンブローサ																													
2023102923	2025-11-02	3京都11		2.0	2歳未勝利								浜中俊		芝2000				2:02.4	0.5		7-7-2-2	37.8-35.2	35.6	444(-2)				84.0																													晴		7.0	1.0	1.0	4.1	2.0	4	55.0	良	**	**		ワンダフルボンド																													
2023102923	2025-11-23	4京都6		3.0	2歳未勝利								ルメール		芝2000				2:00.8	0.4		3-2-2-2	35.9-35.7	35.9	446(+2)				140.0																													晴		16.0	7.0	14.0	7.4	3.0	3	55.0	良	**	**		エアビーアゲイル																													
2023102923	2026-01-17	1京都6		5.0	3歳未勝利								岩田望来		芝2000				2:01.3	0.2		3-3-2-3	34.8-36.8	36.6	444(-2)				59.0																													晴		18.0	4.0	8.0	8.3	5.0	5	55.0	良				ラコンチャビエン																													
2023102952	2026-01-17	1京都6		4.0	3歳新馬								川田将雅		ダ1400				1:27.4	0.4		7-4	36.4-37.5	37.3	472(0)				98.0																													晴		16.0	8.0	16.0	4.0	2.0	4	55.0	良				ホウショウルクス																													
2023102967	2025-12-20	5中山5		4.0	2歳新馬								上里直汰		ダ1800				1:56.0	0.8		5-6-6-4	37.4-39.2	39.1	460(0)				110.0																																											曇		13.0	4.0	5.0	241.4	13.0	4	53.0	良	**	**		ゴールドブレイズ															
2023102967	2026-01-05	1中山2		3.0	3歳未勝利								上里直汰		ダ1800				1:56.9	1.0		5-5-5-4	37.2-39.5	40.2	458(-2)				89.0																																											晴		12.0	5.0	5.0	17.7	5.0	4	54.0	稍	**	**		カフェラジェム															
2023102985	2025-08-23	3新潟1		5.0	2歳新馬								石橋脩		芝1600				1:38.7	0.1		8-8	38.3-33.8	33.3	432(0)				190.0															晴		13.0	7.0	11.0	10.3	6.0	3	55.0	良	**	**		ローザレイア																																											
2023102985	2025-10-25	4新潟3		3.0	2歳未勝利								荻野極		芝1800				1:49.0	0.3		3-3	36.3-34.4	34.4	440(+8)				220.0															晴		13.0	5.0	7.0	3.6	2.0	2	55.0	良	**	**		ショウナンダイン																																											
2023102985	2025-11-22	3福島5		7.0	2歳未勝利								荻野極		芝1800				1:48.7	0.6		2-2-2-2	35.4-35.5	36.0	444(+4)				56.0															晴		16.0	2.0	4.0	4.2	1.0	5	55.0	良	**	**		アロンソア																																											
2023102985	2026-01-18	1中山7		2.0	3歳未勝利								荻野極		ダ1800				2:05.7	8.3		1-1-2-9	37.1-41.2	49.4	448(+4)																																																													晴		16.0	1.0	2.0	5.0	2.0	16	55.0	良	**	**		デルマホダカ	202606010702
2023102987	2026-01-17	1京都6		4.0	3歳新馬								北村友一		ダ1400				1:28.4	1.4		14-12	36.4-37.5	37.6	466(0)																																	晴		16.0	3.0	5.0	13.8	6.0	7	55.0	良				ホウショウルクス																													
2023102995	2026-01-05	1京都2		3.0	3歳新馬								大久保友		ダ1200				1:15.0	1.5		6-6	36.1-37.4	37.4	458(0)																			晴		14.0	6.0	9.0	80.5	9.0	7	52.0	良	**	**		マナボニート																																											
2023102995	2026-01-18	1京都7		1.0	3歳未勝利								岩田康誠		ダ1200				1:15.1	1.6		9-6	36.6-36.9	37.9	452(-6)																																																													晴		16.0	1.0	2.0	168.8	12.0	10	55.0	良	**	**		オンザノアール	202608010701
2023103010	2025-11-01	4東京10		5.0	2歳新馬								菊沢一樹		芝1600				1:37.8	0.9		5-6	36.9-33.9	34.2	470(0)																																															晴		13.0	4.0	4.0	115.2	10.0	9	56.0	稍	**	**		サトノヴァンクル															
2023103036	2025-06-14	3阪神3		5.0	2歳新馬								田口貫太		芝1200				1:11.8	1.3		6-5	35.2-35.3	36.1	464(0)																			小雨		8.0	1.0	1.0	11.7	5.0	6	55.0	稍	**	**		マイオウンウェイ																																											
2023103036	2025-07-12	2小倉5		1.0	2歳未勝利								田口貫太		芝1200				1:09.8	1.8		2-1	33.0-35.0	36.7	460(-4)																			晴		10.0	2.0	2.0	29.4	5.0	6	55.0	良	**	**		スターアニス																																											
2023103036	2025-08-16	3中京7		1.0	2歳未勝利								田口貫太		ダ1200				1:14.7	2.0		2-2	35.3-37.4	39.3	474(+14)																			晴		9.0	4.0	4.0	11.9	5.0	6	55.0	良	**	**		テーオーグレーザー																																											
2023103036	2026-01-18	1京都7		1.0	3歳未勝利								松若風馬		ダ1200				1:15.8	2.3		1-1	36.6-36.9	39.2	492(+18)																																																													晴		16.0	3.0	5.0	101.0	10.0	15	55.0	良	**	**		オンザノアール	202608010701
2023103047	2025-09-13	4中山3		5.0	2歳新馬								津村明秀		芝1600				1:37.3	1.3		8-7-7	36.8-34.7	35.4	440(0)																			曇		16.0	2.0	4.0	176.9	10.0	8	55.0	稍	**	**		スタートレイン																																											
2023103047	2025-10-12	4東京4		2.0	2歳未勝利								津村明秀		芝1600				1:35.1	1.1		6-4	35.9-34.2	35.1	442(+2)																			晴		10.0	7.0	8.0	184.3	9.0	6	55.0	良	**	**		コズミックボックス																																											
2023103047	2026-01-18	1中山7		12.0	3歳未勝利								荻野極		芝1600				1:35.5	1.3		16-16-15	35.5-35.7	34.9	450(+8)																																																													晴		16.0	1.0	1.0	223.7	14.0	12	55.0	良	**	**		サンヴィクトワール	202606010712
2023103066	2025-07-13	2福島6		5.0	2歳新馬								横山典弘		芝1800				1:56.5	2.9		15-15-13-14	38.8-35.8	37.6	460(0)																																	晴		15.0	2.0	3.0	10.4	5.0	14	55.0	良	**	**		ルージュボヤージュ																													
2023103066	2025-09-15	4中山5		2.0	2歳未勝利								菅原明良		芝1800				1:51.1	0.1		7-6-6-6	38.9-35.1	34.7	464(+4)				140.0																													曇		10.0	2.0	2.0	5.7	3.0	3	55.0	良	**	**		ユメシルベ																													
2023103066	2025-10-12	4東京4		3.0	2歳未勝利								菅原明良		芝2000				2:01.0	1.0		2-2-2	36.6-34.9	35.5	468(+4)																																	曇		10.0	8.0	10.0	3.3	2.0	7	55.0	良	**	**		チャリングクロス																													
2023103066	2026-01-17	1中山6		5.0	3歳未勝利								菅原明良		芝2000				2:01.3	0.6		9-10-10-11	35.6-35.5	35.4	460(-8)																																	晴		18.0	8.0	18.0	56.1	12.0	10	55.0	良				レダアトミカ																													
2023103084	2025-11-08	5東京1		4.0	2歳新馬								原優介		ダ1300				1:21.8	1.5		5-5	31.2-36.5	37.3	476(0)																																															晴		14.0	6.0	12.0	6.4	3.0	6	55.0	良	**	**		プールナバドラ															
2023103084	2025-12-14	5中山4		1.0	2歳未勝利								原優介		ダ1200				1:13.7	0.8		8-8	34.2-38.7	38.6	470(-6)																																															雨		15.0	8.0	16.0	12.8	3.0	6	55.0	稍	**	**		ヴェネチアンキング															
2023103085	2025-07-03	門別		5.0	JRA認定競走フレッ(新馬)(2歳)								落合玄太		ダ1200				1:15.7	-0.1		3-2		38.8	480(0)				250.0																													曇		7.0	6.0	6.0	1.6	1.0	1	55.0	稍	**	**		(キングテヤン)																													
2023103085	2025-07-22	門別		8.0	JRA認定競走ターフ(OP)(2歳)								落合玄太		ダ1200				1:17.0	1.8		6-7		40.2	478(-2)				21.0																													晴		8.0	2.0	2.0	9.5	5.0	5	55.0	良	**	**		ファインキック																													
2023103085	2025-08-23	2札幌1		9.0	クローバー賞(OP)								落合玄太		芝1500				1:30.5	0.8		3-4-2	29.5-36.8	37.0	476(-2)				402.9																													晴		9.0	8.0	8.0	106.1	9.0	3	55.0	良	**	**		ストームサンダー																													
2023103085	2025-10-26	盛岡		11.0	プリンセスC(重賞)								落合玄太		ダ1400				1:26.6	1.4		4-3		38.0	482(+6)																																	雨		12.0	4.0	4.0	9.7	4.0	6	54.0	稍	**	**		トリップス																													
2023103085	2026-01-17	1中山6		9.0	菜の花賞(1勝クラス)								大野拓弥		芝1600				1:34.9	0.5		5-6-5	35.3-34.6	34.4	468(-14)																																	晴		8.0	5.0	5.0	49.8	7.0	6	55.0	良				アメティスタ																													
2023103090	2025-11-30	5東京8		5.0	2歳新馬								プーシャ		ダ1600				1:42.1	2.8		15-15	35.2-39.0	39.3	472(0)																																															晴		16.0	3.0	6.0	7.0	4.0	13	55.0	良	**	**		エジプシャンマウ															
2023103090	2025-12-28	5中山8		1.0	2歳未勝利								北村友一		ダ1200				1:14.1	1.0		14-13	34.1-39.0	38.2	474(+2)																																															晴		16.0	3.0	6.0	42.4	9.0	7	55.0	良	**	**		ピュール															
2023103150	2025-12-21	5阪神6		6.0	2歳新馬								北村友一		芝1200				1:13.8	3.3		9-9	36.1-34.4	36.4	470(0)																			雨		11.0	3.0	3.0	16.0	6.0	10	55.0	重	**	**		ワイドシュテルケ																																											
2023103150	2026-01-18	1京都7		6.0	3歳未勝利								河原田菜		芝1600				1:36.4	2.4		16-16	33.6-36.8	37.2	462(-8)																																																													晴		18.0	5.0	10.0	362.1	18.0	18	51.0	良	**	**		マゲバスピード	202608010706
2023103161	2026-01-17	1中山6		3.0	3歳新馬								上里直汰		ダ1800				1:59.6	2.7		13-13-15-13	38.4-40.2	40.6	486(0)																																	晴		16.0	1.0	2.0	49.6	10.0	12	54.0	良				ガムラスタン																													
2023103163	2025-09-06	4阪神1		6.0	2歳新馬								田口貫太		ダ1400				1:27.1	2.5		3-2	35.2-37.0	39.3	488(0)				110.0															晴		13.0	4.0	4.0	17.2	4.0	4	55.0	稍	**	**		マグナヴィクトル																																											
2023103163	2025-09-27	4阪神8		1.0	2歳未勝利								田口貫太		ダ1400				1:26.3	0.8		4-5	35.2-37.5	37.8	492(+4)				140.0															晴		15.0	5.0	9.0	5.9	4.0	3	55.0	良	**	**		ブロンテス																																											
2023103163	2025-10-13	3京都5		1.0	2歳未勝利								田口貫太		ダ1400				1:27.2	1.8		6-6	34.9-38.4	38.5	494(+2)																			晴		8.0	4.0	4.0	4.5	2.0	6	56.0	良	**	**		ライトオブヌカタ																																											
2023103163	2025-10-25	3京都8		1.0	2歳未勝利								吉村誠之		ダ1400				1:26.3	0.0		4-4	34.7-39.6	39.3	488(-6)				140.0															曇		14.0	5.0	8.0	10.6	5.0	3	55.0	良	**	**		ホールオブミラーズ																																											
2023103163	2026-01-18	1京都7		3.0	3歳未勝利								吉村誠之		ダ1400				1:26.9	0.6		9-7	35.2-38.4	38.2	512(+24)				89.0																																																									晴		16.0	8.0	16.0	4.2	3.0	4	57.0	良	**	**		カフジクロミエ	202608010703
2023103187	2026-01-17	1中山6		3.0	3歳新馬								木幡巧也		ダ1800				1:57.9	1.0		2-2-4-4	38.4-40.2	40.8	490(0)																																	晴		16.0	2.0	4.0	72.5	11.0	9	57.0	良				ガムラスタン																													
2023103195	2025-09-06	4中山1		5.0	2歳新馬								菅原明良		芝1200				1:10.4	1.4		8-9	34.3-34.7	35.0	390(0)																			晴		16.0	8.0	15.0	34.9	7.0	9	55.0	良	**	**		ランプローグ																																											
2023103195	2025-10-05	4東京2		3.0	2歳未勝利								長浜鴻緒		芝1400				1:22.2	0.6		9-9	34.5-34.7	34.3	382(-8)																			晴		17.0	3.0	6.0	79.2	14.0	6	53.0	良	**	**		フェーダーローター																																											
2023103195	2026-01-18	1中山7		12.0	3歳未勝利								長浜鴻緒		芝1600				1:35.2	1.0		3-5-3	35.5-35.7	36.3	396(+14)																																																													晴		16.0	1.0	2.0	157.3	13.0	10	53.0	良	**	**		サンヴィクトワール	202606010712
2023103210	2025-11-15	4京都3		6.0	2歳新馬								田口貫太		ダ1200				1:17.9	5.6		5-7	35.8-36.5	41.6	464(0)																																															晴		16.0	6.0	12.0	20.9	6.0	16	55.0	良	**	**		プリンセスモコ															
2023103210	2026-01-14	名古屋		10.0	名古屋CCアップル賞(3歳)								和田陽希		ダ1500				1:39.7	1.9		7-5-4		41.3	457(-7)																																															曇		11.0	7.0	8.0	23.5	8.0	7	52.0	良	**	**		シエルライズ															
2023103218	2025-09-28	4阪神9		5.0	2歳新馬								和田竜二		芝1400				1:24.9	0.6		6-3	36.1-35.5	35.8	436(0)																																	晴		18.0	8.0	16.0	31.6	10.0	7	55.0	良	**	**		プレダトゥール																													
2023103218	2025-10-11	3京都3		1.0	2歳未勝利								高杉吏麒		ダ1200				1:13.3	0.4		1-1	35.3-37.6	38.0	440(+4)				140.0																													曇		16.0	6.0	12.0	9.2	5.0	3	55.0	良	**	**		ランスオブキング																													
2023103218	2025-11-01	3京都10		2.0	2歳未勝利								高杉吏麒		芝1200				1:11.0	1.1		10-11	35.1-34.8	34.8	440(0)																																	晴		12.0	8.0	12.0	8.0	5.0	11	55.0	稍	**	**		トモジャプレジール																													
2023103218	2026-01-17	1京都6		2.0	3歳未勝利								松山弘平		ダ1200				1:13.7	0.0		4-4	35.7-38.0	37.5	442(+2)				590.0																													晴		16.0	2.0	3.0	5.7	3.0	1	55.0	良				(タナスーペルノーバ)																													
2023103225	2025-12-21	5中山6		5.0	2歳新馬								木幡初也		芝1600				1:39.3	4.2		6-10-14	35.3-35.7	38.7	418(0)																																	曇		16.0	5.0	10.0	318.0	16.0	14	55.0	重	**	**		ロデオドライブ																													
2023103225	2026-01-17	1中山6		1.0	3歳未勝利								木幡初也		ダ1200				1:14.6	1.6		9-10	34.4-38.6	39.2	418(0)																																	晴		16.0	8.0	15.0	289.1	13.0	9	55.0	良				サントマーレ																													
2023103233	2025-12-14	5中山4		6.0	2歳新馬								小林美駒		ダ1200								35.6-37.6		438(0)																																	曇		15.0	7.0	13.0			除	52.0	稍	**	**		ルクスポップスター																													
2023103233	2025-12-27	5中山7		6.0	2歳新馬								石田拓郎		ダ1200				1:13.4	1.5		10-9	34.2-37.7	37.2	438(0)				37.5																													曇		14.0	5.0	8.0	47.6	9.0	5	52.0	稍	**	**		ジェラートキティ																													
2023103233	2026-01-17	1中山6		1.0	3歳未勝利								石田拓郎		ダ1200				1:14.7	1.7		14-14	34.4-38.6	38.5	442(+4)																																	晴		16.0	3.0	6.0	51.6	10.0	10	52.0	良				サントマーレ																													
2023103240	2025-11-09	4京都2		4.0	2歳新馬								北村友一		ダ1400				1:26.0	1.1		7-6	35.8-36.9	37.3	468(0)																																															雨		16.0	1.0	2.0	15.9	6.0	6	56.0	稍	**	**		ヒルノプーリア															
2023103240	2025-11-22	4京都5		2.0	2歳未勝利								北村友一		ダ1800				1:54.5	1.8		8-8-6-6	36.8-37.5	38.6	472(+4)				84.0																																											晴		15.0	1.0	1.0	51.0	5.0	4	56.0	良	**	**		ジャスティンダラス															
2023103245	2026-01-17	1中山6		3.0	3歳新馬								石橋脩		ダ1800				1:57.6	0.7		10-11-8-8	38.4-40.2	39.8	524(0)																																	晴		16.0	6.0	12.0	29.7	9.0	8	57.0	良				ガムラスタン																													
2023103247	2025-08-30	4中京3		5.0	2歳新馬								田口貫太		芝1400				1:21.7	-0.1		1-1	34.4-35.6	35.6	458(0)				750.0																													晴		10.0	2.0	2.0	11.8	5.0	1	55.0	良	**	**		(フロムレイブン)																													
2023103247	2025-10-04	3京都1		9.0	りんどう賞(1勝クラス)								和田竜二		芝1400				1:21.8	0.1		3-3	35.0-34.8	34.7	460(+2)				282.5																													小雨		8.0	3.0	3.0	18.5	6.0	3	55.0	重	**	**		ラスティングスノー																													
2023103247	2025-11-01	3京都10		11.0	KBSファンタジーS(GIII)								田口貫太		芝1400				1:21.7	0.8		2-2	35.3-34.0	34.8	460(0)																																	晴		12.0	7.0	10.0	24.9	8.0	10	55.0	良	**	**		フェスティバルヒル																													
2023103247	2026-01-17	1京都6		10.0	紅梅S(L)								田口貫太		芝1400				1:22.2	1.5		3-3	34.8-34.2	34.9	458(-2)																																	晴		9.0	2.0	2.0	62.6	9.0	6	55.0	良				リリージョワ																													
2023103248	2025-09-27	4阪神8		5.0	2歳新馬								吉村誠之		芝2000				2:02.7	1.2		11-11-10-9	36.7-35.5	36.2	472(0)				75.0															晴		11.0	5.0	5.0	25.5	7.0	5	54.0	良	**	**		フリーガー																																											
2023103248	2025-12-27	5阪神7		4.0	2歳未勝利								ジェルー		芝1600				1:34.2	0.4		9-10	34.6-35.4	35.0	488(+16)				84.0															晴		15.0	4.0	6.0	10.6	5.0	4	56.0	良	**	**		フレイムスター																																											
2023103248	2026-01-18	1京都7		6.0	3歳未勝利								武豊		芝1600				1:34.3	0.3		17-16	33.6-36.8	35.0	486(-2)				150.0																																																									晴		18.0	6.0	12.0	10.8	4.0	3	57.0	良	**	**		マゲバスピード	202608010706
2023103273	2025-07-12	2福島5		5.0	2歳新馬								原優介		芝1200				1:12.6	1.2		7-7	35.9-35.5	35.8	410(0)																			曇		11.0	6.0	6.0	41.4	7.0	8	55.0	良	**	**		ミスバレンシア																																											
2023103273	2025-07-27	2新潟2		1.0	2歳未勝利								石田拓郎		芝1600				1:37.1	1.2		2-2	38.2-32.9	34.0	416(+6)				220.0															晴		7.0	5.0	5.0	107.1	6.0	2	52.0	良	**	**		ディアダイヤモンド																																											
2023103273	2025-08-17	2新潟8		3.0	2歳未勝利								石田拓郎		芝1600				1:37.4	1.6		2-2	35.9-34.8	36.3	418(+2)																			晴		11.0	8.0	10.0	42.2	7.0	8	52.0	良	**	**		アルバンヌ																																											
2023103273	2026-01-18	1中山7		12.0	3歳未勝利								石田拓郎		芝1600				1:36.4	2.2		15-15-15	35.5-35.7	35.9	422(+4)																																																													晴		16.0	8.0	16.0	280.2	15.0	16	52.0	良	**	**		サンヴィクトワール	202606010712
2023103282	2025-12-06	5阪神1		6.0	2歳新馬								岩田望来		ダ1200				1:14.2	0.3		7-7	36.6-37.3	36.9	432(0)				110.0																																											晴		10.0	1.0	1.0	8.6	4.0	4	55.0	良	**	**		エルル															
2023103292	2025-10-05	3京都2		3.0	2歳新馬								角田大和		ダ1800				1:53.2	1.4		15-13-7-5	35.8-37.3	37.4	474(0)				190.0																																											曇		16.0	2.0	4.0	12.8	5.0	3	55.0	重	**	**		パイロマンサー															
2023103292	2025-10-26	3京都9		1.0	2歳未勝利								角田大和		ダ1800				1:54.1	1.1		6-5-5-3	36.8-38.4	39.0	466(-8)				84.0																																											曇		9.0	5.0	5.0	2.8	1.0	4	55.0	重	**	**		サリカリーフォリア															
2023103313	2025-12-27	5阪神7		6.0	2歳新馬								古川奈穂		ダ1800				1:56.5	2.5		7-7-7-7	38.0-36.8	38.5	444(0)				75.0																													晴		11.0	3.0	3.0	23.4	8.0	5	53.0	稍	**	**		アメリカンコール																													
2023103313	2026-01-17	1京都6		3.0	3歳未勝利								古川奈穂		ダ1900				2:04.9	2.8		13-13-13-13	30.4-38.6	39.3	450(+6)																																	晴		13.0	4.0	5.0	32.7	8.0	12	54.0	良				テスタヴェローチェ																													
2023103319	2025-10-19	3京都7		4.0	2歳新馬								松若風馬		芝1400				1:23.8	1.6		7-7	35.3-35.0	36.1	380(0)																																	曇		17.0	2.0	3.0	43.3	9.0	12	55.0	良	**	**		ミルトベスト																													
2023103319	2025-11-01	3京都10		2.0	2歳未勝利								田山旺佑		芝1200				1:10.6	0.7		4-5	35.1-34.8	35.1	380(0)																																	晴		12.0	6.0	8.0	117.5	10.0	9	52.0	稍	**	**		トモジャプレジール																													
2023103319	2026-01-17	1京都6		2.0	3歳未勝利								田山旺佑		ダ1200				1:15.8	2.1		12-14	35.7-38.0	38.6	386(+6)																																	晴		16.0	7.0	14.0	103.6	10.0	15	52.0	良				グラスゴー																													
2023103322	2025-12-13	5中山3		6.0	2歳新馬								横山典弘		ダ1800				1:58.6	2.3		8-6-7-6	37.6-39.0	40.4	488(0)				75.0															晴		15.0	7.0	12.0	7.5	4.0	5	56.0	良	**	**		タイセイエムロード																																											
2023103322	2025-12-27	5中山7		2.0	2歳未勝利								横山典弘		ダ1800				1:58.1	3.5		10-11-12-11	37.8-38.5	40.6	488(0)																			曇		16.0	2.0	4.0	43.6	10.0	12	56.0	稍	**	**		パッセージピーク																																											
2023103322	2026-01-18	1中山7		3.0	3歳未勝利								遠藤汰月		ダ1800				2:01.8	6.1		4-3-12-12	38.0-38.6	43.6	490(+2)																																																													晴		13.0	3.0	3.0	258.9	11.0	13	54.0	良	**	**		サイモフェーン	202606010703
2023103351	2025-08-09	1札幌5		5.0	2歳新馬								松山弘平		芝1800				1:50.5	0.5		3-3-3-2	36.7-36.7	37.1	458(0)				190.0																																											晴		11.0	7.0	10.0	4.8	2.0	3	55.0	稍	**	**		ヒシアムルーズ															
2023103351	2025-08-24	2札幌2		1.0	2歳未勝利								松山弘平		ダ1700				1:49.5	2.4		6-6-6-5	30.4-38.4	40.1	460(+2)																																															晴		14.0	7.0	12.0	7.6	5.0	7	55.0	良	**	**		マーゴットサンズ															
2023103351	2025-11-22	3福島5		7.0	2歳未勝利								富田暁		芝1800				1:48.6	0.5		10-8-7-6	35.4-35.5	35.4	456(-4)				84.0																																											晴		16.0	1.0	1.0	5.7	2.0	4	56.0	良	**	**		アロンソア															
2023103351	2025-12-14	5中京4		4.0	2歳未勝利								富田暁		芝2000				2:02.0	-0.1		3-3-3-3	36.7-35.5	35.3	456(0)				560.0																																											曇		13.0	6.0	9.0	3.9	2.0	1	56.0	稍	**	**		(マーゴットガイア)															
2023103355	2025-06-14	3東京3		6.0	2歳新馬								木幡巧也		芝1400				1:23.5	0.9		1-1	35.9-35.0	35.9	434(0)				110.0																																											曇		10.0	6.0	6.0	6.8	4.0	4	55.0	良	**	**		サンアントワーヌ															
2023103355	2025-07-20	2福島8		3.0	2歳未勝利								木幡巧也		芝1200				1:11.0	-0.3		2-2	35.3-35.7	35.5	440(+6)				560.0																																											晴		6.0	1.0	1.0	2.1	2.0	1	55.0	良	**	**		(タイセイフレッサ)															
2023103355	2025-09-20	4中山6		9.0	カンナS(OP)								木幡巧也		芝1200				1:09.3	1.1		7-7	33.9-34.3	34.9	444(+4)																																															曇		13.0	8.0	13.0	8.3	6.0	9	55.0	良	**	**		ウチュウノセカイ															
2023103355	2025-11-16	3福島4		9.0	福島2歳S(OP)								富田暁		芝1200				1:09.3	0.1		4-3	33.6-35.6	35.4	448(+4)				404.9																																											晴		16.0	1.0	2.0	37.2	13.0	3	55.0	良	**	**		タマモイカロス															
2023103355	2025-12-13	5中山3		9.0	黒松賞(1勝クラス)								木幡巧也		芝1200				1:08.9	0.7		6-6	34.3-33.9	34.2	444(-4)																																															曇		13.0	7.0	10.0	9.4	5.0	8	55.0	良	**	**		マーブルパレス															
2023103389	2025-11-16	3福島4		6.0	2歳新馬								荻野極		ダ1700				1:46.9	-1.1		2-2-1-1	30.6-38.3	38.3	474(0)				750.0																																											晴		15.0	8.0	14.0	2.7	1.0	1	55.0	良	**	**		(システマソラー)															
2023103394	2025-11-08	4京都1		5.0	2歳新馬								岩田望来		芝1800				1:47.5	0.3		3-3	36.0-34.5	34.6	470(0)				190.0															晴		9.0	5.0	5.0	6.0	4.0	3	55.0	良	**	**		アドマイヤシュラ																																											
2023103394	2025-12-06	5阪神1		3.0	2歳未勝利								岩田望来		芝1600				1:33.6	0.0		4-3	35.3-33.8	33.6	470(0)				220.0															晴		17.0	8.0	15.0	3.8	2.0	2	55.0	良	**	**		グランドオーパス																																											
2023103394	2026-01-18	1京都7		6.0	3歳未勝利								岩田望来		芝1600				1:34.9	0.9		2-2	33.6-36.8	37.5	466(-4)																																																													晴		18.0	3.0	5.0	2.0	1.0	10	55.0	良	**	**		マゲバスピード	202608010706
2023103395	2026-01-04	1京都1		5.0	3歳新馬								坂井瑠星		芝1800				1:52.6	2.1		6-5	36.2-34.7	36.2	480(0)																																															曇		18.0	7.0	13.0	68.6	10.0	16	57.0	良	**	**		タイキルッジェーロ															
2023103398	2025-06-21	3東京5		5.0	2歳新馬								レーン		芝1800				1:48.9	1.1		6-6-6	36.3-34.7	34.9	498(0)																																															晴		12.0	5.0	5.0	7.1	3.0	7	55.0	良	**	**		モノポリオ															
2023103398	2025-12-20	5阪神5		2.0	2歳未勝利								北村友一		芝2000				2:01.8	1.1		10-10-11-10	36.6-34.3	34.8	512(+14)																																															晴		16.0	2.0	3.0	39.0	5.0	8	56.0	良	**	**		バステール															
2023103399	2025-08-30	4中京3		5.0	2歳新馬								小沢大仁		芝1400				1:23.0	1.3		2-2	34.4-35.6	36.7	478(0)																			晴		10.0	3.0	3.0	2.6	1.0	9	55.0	良	**	**		フルールジェンヌ																																											
2023103399	2025-11-16	4京都4		2.0	2歳未勝利								岩田望来		ダ1200				1:13.4	0.7		6-5	35.2-37.5	37.6	486(+8)				140.0															晴		15.0	2.0	3.0	4.4	2.0	3	55.0	良	**	**		カネコメブライト																																											
2023103399	2025-12-06	5阪神1		1.0	2歳未勝利								岩田望来		ダ1200				1:13.5	0.6		1-1	35.1-37.8	38.4	486(0)				140.0															晴		16.0	1.0	1.0	4.9	2.0	3	55.0	良	**	**		ベラジオリン																																											
2023103399	2026-01-18	1京都7		1.0	3歳未勝利								岩田望来		ダ1200				1:13.5	-0.4		2-2	36.6-36.9	36.7	472(-14)				590.0																																																									晴		16.0	4.0	7.0	5.0	3.0	1	55.0	良	**	**		(クロカミジョウ)	202608010701
2023103417	2025-08-02	3中京3		2.0	2歳新馬								松山弘平		芝1600				1:35.6	0.2		4-2-2	36.7-34.2	34.3	428(0)				300.0																																											晴		7.0	7.0	7.0	2.5	2.0	2	55.0	良	**	**		コニーアイランド															
2023103417	2025-09-15	4阪神5		2.0	2歳未勝利								松山弘平		芝1600				1:36.1	0.7		5-5	36.9-33.4	33.7	426(-2)																																															晴		8.0	2.0	2.0	2.3	1.0	6	55.0	良	**	**		エスティヴァリス															
2023103417	2025-10-04	3京都1		2.0	2歳未勝利								岩田望来		芝2000				2:02.9	-0.4		2-2-2-1	37.5-34.4	34.3	424(-2)				560.0																																											雨		8.0	4.0	4.0	7.2	3.0	1	55.0	稍	**	**		(ジャスティンルマン)															
2023103417	2026-01-04	1京都1		6.0	3歳1勝クラス								坂井瑠星		芝2000				2:01.2	0.3		2-2-2-2	36.3-34.7	34.8	440(+16)				210.0																																											曇		7.0	3.0	3.0	12.4	6.0	3	55.0	良	**	**		ジュウリョクピエロ															
2023103429	2025-11-08	5東京1		5.0	2歳新馬								三浦皇成		芝1800				1:47.6	0.9		6-6-7	37.2-34.1	34.1	434(0)				110.0																													曇		13.0	6.0	9.0	40.0	6.0	4	56.0	良	**	**		ラヴェニュー																													
2023103429	2026-01-17	1中山6		5.0	3歳未勝利								横山和生		芝2000				2:01.1	0.4		7-7-9-7	35.6-35.5	35.3	438(+4)																																	晴		18.0	6.0	11.0	15.0	9.0	7	57.0	良				レダアトミカ																													
2023103431	2025-11-22	4京都5		5.0	2歳新馬								武豊		芝1600				1:35.5	1.1		5-4	34.6-35.3	35.9	452(0)																																															晴		17.0	5.0	9.0	17.7	6.0	7	56.0	良	**	**		アルトラムス															
2023103431	2025-12-14	5阪神4		1.0	2歳未勝利								武豊		ダ1800				1:56.3	2.7		8-9-8-8	36.8-39.1	40.3	448(-4)																																															曇		11.0	7.0	9.0	20.1	6.0	7	56.0	稍	**	**		サンライズケヴィン															
2023103431	2026-01-11	1京都4		1.0	3歳未勝利								岩田康誠		ダ1800				1:59.3	4.4		5-5-9-10	37.1-37.7	41.1	450(+2)																																															晴		16.0	2.0	4.0	107.5	12.0	14	57.0	良	**	**		キタノシャカール															
2023103438	2025-11-02	4東京11		5.0	2歳新馬								石田拓郎		芝2000				2:04.4	0.8		2-2-2	37.8-34.0	34.6	510(0)																			曇		9.0	7.0	7.0	52.5	7.0	6	53.0	良	**	**		アローメタル																																											
2023103438	2026-01-18	1中山7		3.0	3歳未勝利								石田拓郎		ダ1800				1:57.1	1.4		3-3-2-4	38.0-38.6	39.9	520(+10)				59.0																																																									晴		13.0	7.0	11.0	19.6	5.0	5	54.0	良	**	**		サイモフェーン	202606010703
2023103460	2026-01-18	1京都7		5.0	3歳新馬								岩田康誠		芝2000				2:04.3	0.8		8-8-10-9	37.5-35.4	35.7	434(0)																																																													晴		17.0	3.0	5.0	5.5	3.0	6	55.0	良	**	**		クリスレジーナ	202608010705
2023103468	2025-10-13	4東京5		5.0	2歳新馬								横山武史		芝1800				1:47.4	0.0		12-10-9	36.2-34.7	33.9	454(0)				300.0															晴		13.0	6.0	9.0	6.8	3.0	2	56.0	良	**	**		スタニングレディ																																											
2023103468	2025-11-01	4東京10		3.0	2歳未勝利								レーン		芝2000				2:00.7	0.7		2-2-2	36.3-33.2	33.9	448(-6)				112.0															晴		11.0	6.0	6.0	3.1	2.0	3	56.0	稍	**	**		ソラネルマン																																											
2023103468	2025-12-27	5中山7		4.0	2歳未勝利								荻野極		芝2000				2:01.9	-0.1		10-8-9-8	35.5-36.8	36.1	452(+4)				560.0															曇		18.0	7.0	13.0	7.0	4.0	1	56.0	良	**	**		(シルバーゴールド)																																											
2023103468	2026-01-18	1中山7		11.0	京成杯(GIII)								大久保友		芝2000				2:00.0	0.7		13-14-15-14	35.6-34.7	34.3	452(0)																																																													晴		15.0	2.0	2.0	119.1	15.0	11	57.0	良	**	**		グリーンエナジー	202606010711
2023103473	2026-01-18	1中山7		5.0	3歳新馬								荻野極		芝1600				1:37.0	2.6		16-15-14	35.8-34.3	35.3	474(0)																																																													晴		16.0	5.0	9.0	89.3	12.0	11	57.0	良	**	**		サンプレクス	202606010705
2023103498	2025-11-29	4京都7		5.0	2歳新馬								西村淳也		芝1600				1:36.1	0.7		3-3	35.7-35.1	35.6	432(0)																																															晴		12.0	8.0	12.0	14.0	5.0	7	56.0	良	**	**		レッドリガーレ															
2023103500	2025-11-24	3福島6		5.0	2歳新馬								高杉吏麒		芝1800				1:51.5	0.9		7-7-7-7	37.9-34.5	34.7	492(0)																																															晴		16.0	4.0	8.0	5.4	4.0	8	56.0	良	**	**		ファンクション															
2023103500	2025-12-06	5中京1		5.0	2歳未勝利								小沢大仁		芝2000				2:02.7	1.4		11-11-11-10	36.9-34.4	34.7	492(0)																																															晴		14.0	4.0	6.0	16.2	5.0	8	56.0	良	**	**		アクロフェイズ															
2023103501	2025-09-06	4阪神1		5.0	2歳新馬								高杉吏麒		芝1400				1:23.0	1.1		8-10	35.8-34.3	34.5	458(0)				75.0																																											晴		11.0	5.0	5.0	37.1	8.0	5	54.0	良	**	**		ベネサルート															
2023103501	2025-09-20	4阪神6		2.0	2歳未勝利								松山弘平		芝2000				2:01.2	1.5		7-7-7-7	35.8-36.3	36.7	460(+2)																																															曇		7.0	7.0	7.0	17.1	4.0	6	55.0	良	**	**		エチゴドラゴン															
2023103501	2026-01-05	1京都2		6.0	3歳未勝利								団野大成		芝1600				1:36.4	1.1		10-10	35.2-35.6	35.8	454(-6)																																															晴		14.0	8.0	15.0	134.7	12.0	11	57.0	良	**	**		ベルサンローラン															
2023103503	2025-06-21	1函館3		5.0	2歳新馬								岩田康誠		芝1200				1:09.9	1.7		4-4	33.4-34.8	35.8	460(0)																																	曇		15.0	4.0	6.0	12.2	6.0	7	55.0	良	**	**		ブラックチャリス																													
2023103503	2025-07-05	1函館7		1.0	2歳未勝利								浜中俊		芝1200				1:11.0	0.6		5-4	34.1-36.3	36.4	464(+4)				140.0																													晴		8.0	4.0	4.0	41.4	7.0	3	55.0	重	**	**		トウカイマシェリ																													
2023103503	2025-09-14	4阪神4		2.0	2歳未勝利								浜中俊		芝1400				1:21.6	0.9		4-4	34.3-34.7	35.2	472(+8)				56.0																													曇		10.0	8.0	9.0	37.7	8.0	5	55.0	良	**	**		ダイヤモンドノット																													
2023103503	2025-10-05	3京都2		2.0	2歳未勝利								浜中俊		芝1600				1:33.9	0.0		1-1	35.0-35.3	35.3	472(0)				560.0																													曇		7.0	2.0	2.0	5.1	3.0	1	55.0	稍	**	**		(ミッキーラヴィータ)																													
2023103503	2025-11-30	4京都8		9.0	白菊賞(1勝クラス)								鮫島克駿		芝1600				1:35.0	1.4		2-2	35.3-34.6	35.8	470(-2)																																	晴		11.0	4.0	4.0	25.8	8.0	7	55.0	良	**	**		マーゴットラヴミー																													
2023103503	2025-12-13	5中京3		9.0	つわぶき賞(1勝クラス)								富田暁		芝1400				1:19.9	-0.1		2-2	33.7-35.0	34.8	474(+4)				1139.4																													曇		11.0	6.0	6.0	51.5	8.0	1	55.0	良	**	**		(プリンセスモコ)																													
2023103503	2026-01-17	1京都6		10.0	紅梅S(L)								浜中俊		芝1400				1:23.3	2.6		9-8	34.8-34.2	35.4	476(+2)																																	晴		9.0	8.0	8.0	10.2	4.0	8	55.0	良				リリージョワ																													
2023103504	2025-11-30	5東京8		6.0	2歳新馬								プーシャ		芝1800				1:50.7	3.7		11-10-10	36.3-33.6	35.8	474(0)																																															晴		12.0	5.0	5.0	64.8	6.0	12	56.0	良	**	**		ゴーラッキー															
2023103522	2025-11-15	3福島3		5.0	2歳新馬								石川裕紀		芝2000				2:03.2	0.3		3-4-3-2	34.9-36.9	37.0	452(0)				110.0																																											晴		16.0	5.0	10.0	16.6	8.0	4	55.0	良	**	**		ショウグンマサムネ															
2023103522	2026-01-11	1中山4		6.0	3歳未勝利								津村明秀		芝2200				2:14.1	0.3		4-4-4-4	36.6-36.1	36.1	456(+4)				150.0																																											晴		17.0	6.0	12.0	10.7	4.0	3	55.0	良	**	**		グランアルト															
2023103546	2026-01-17	1京都6		4.0	3歳新馬								加藤祥太		ダ1400				1:28.9	1.9		9-10	36.4-37.5	38.7	432(0)																																	晴		16.0	5.0	9.0	220.1	16.0	10	55.0	良				ホウショウルクス																													
2023103548	2026-01-04	1中山1		6.0	3歳新馬								荻野極		芝2000				2:04.2	0.2		3-3-3-3	38.2-35.6	35.5	446(0)				98.0																																											晴		17.0	8.0	17.0	11.9	6.0	4	57.0	良	**	**		トップオブザライン															
2023103550	2025-11-02	4東京11		4.0	2歳新馬								菅原明良		芝1600				1:33.8	0.2		10-8	34.5-34.4	33.8	474(0)				300.0															曇		16.0	3.0	5.0	53.0	10.0	2	55.0	良	**	**		モートンアイランド																																											
2023103550	2025-11-23	5東京5		3.0	2歳未勝利								丹内祐次		芝1600				1:34.5	0.6		8-9	35.1-34.3	34.2	478(+4)				140.0															曇		17.0	5.0	10.0	3.2	2.0	3	55.0	良	**	**		ピエドゥラパン																																											
2023103550	2025-12-21	5中山6		7.0	2歳未勝利								丹内祐次		芝1600				1:35.3	0.7		9-12-9	34.8-36.3	35.6	470(-8)				220.0															曇		16.0	1.0	2.0	4.5	3.0	2	55.0	重	**	**		ジッピーチューン																																											
2023103550	2026-01-18	1中山7		12.0	3歳未勝利								丹内祐次		芝1600				1:34.5	0.3		12-12-13	35.5-35.7	34.8	470(0)				89.0																																																									晴		16.0	5.0	9.0	6.8	3.0	4	55.0	良	**	**		サンヴィクトワール	202606010712
2023103556	2025-11-08	4京都1		5.0	2歳新馬								池添謙一		芝1800				1:49.7	2.5		9-9	36.0-34.5	36.1	470(0)																																	晴		9.0	2.0	2.0	76.2	8.0	8	56.0	良	**	**		アドマイヤシュラ																													
2023103556	2025-12-27	5阪神7		3.0	2歳未勝利								古川吉洋		ダ1400				1:26.7	1.3		16-15	35.2-37.7	37.4	464(-6)																																	晴		16.0	2.0	3.0	135.3	11.0	6	56.0	稍	**	**		ハグレジョー																													
2023103556	2026-01-17	1京都6		1.0	3歳未勝利								古川吉洋		ダ1800				1:58.0	3.5		5-5-9-10	37.0-37.9	40.2	464(0)																																	晴		10.0	8.0	9.0	30.5	2.0	9	57.0	良				リアライズグリント																													
2023103560	2025-08-17	2新潟8		4.0	2歳新馬								大野拓弥		芝1800				1:52.0	2.5		5-5	36.7-33.7	35.9	474(0)																																	晴		11.0	6.0	7.0	16.6	7.0	9	55.0	良	**	**		スウィフトミモザ																													
2023103560	2025-10-12	4東京4		3.0	2歳未勝利								長浜鴻緒		芝2000				2:00.3	0.3		6-7-7	36.6-34.9	34.2	474(0)				140.0																													曇		10.0	7.0	8.0	43.0	6.0	3	54.0	良	**	**		チャリングクロス																													
2023103560	2025-11-30	5東京8		4.0	2歳未勝利								佐々木大		芝2000				2:00.6	0.7		3-4-4	36.8-34.1	34.5	472(-2)				140.0																													晴		13.0	4.0	4.0	7.2	3.0	3	56.0	良	**	**		ファムクラジューズ																													
2023103560	2026-01-17	1中山6		5.0	3歳未勝利								佐々木大		芝2000				2:01.0	0.3		9-9-5-7	35.6-35.5	35.4	474(+2)																																	晴		18.0	1.0	2.0	8.6	5.0	6	57.0	良				レダアトミカ																													
2023103568	2025-12-07	5阪神2		6.0	2歳新馬								鮫島克駿		ダ1800				1:54.9	0.9		7-6-5-4	38.4-37.6	37.9	438(0)				190.0																																											晴		9.0	7.0	8.0	5.1	4.0	3	55.0	良	**	**		クイノールト															
2023103568	2026-01-05	1京都2		1.0	3歳未勝利								鮫島克駿		ダ1800				1:53.9	0.4		7-7-6-6	35.6-38.7	37.9	434(-4)				89.0																																											晴		14.0	7.0	11.0	3.1	2.0	4	55.0	良	**	**		ルージュビバーチェ															
2023103590	2025-10-26	3京都9		4.0	2歳新馬								和田竜二		ダ1800				1:54.7	2.8		16-16-15-12	37.1-36.1	37.3	496(0)																																															曇		16.0	8.0	15.0	30.3	9.0	6	55.0	重	**	**		ダノンバーボン															
2023103590	2025-11-08	4京都1		1.0	2歳未勝利								和田竜二		ダ1800				1:55.2	1.9		10-10-9-8	36.4-37.7	38.7	496(0)																																															晴		12.0	4.0	4.0	7.3	5.0	6	55.0	良	**	**		ショコラプリン															
2023103625	2025-11-15	4京都3		6.0	2歳新馬								酒井学		ダ1200				1:13.1	0.8		2-2	35.8-36.5	37.1	468(0)				190.0																																											晴		16.0	6.0	11.0	10.9	4.0	3	55.0	良	**	**		プリンセスモコ															
2023103626	2025-08-30	2札幌3		5.0	2歳新馬								浜中俊		ダ1700				1:48.0	1.7		8-8-7-5	30.6-37.6	38.8	502(0)																																															小雨		13.0	3.0	3.0	21.6	7.0	8	55.0	重	**	**		リュウカルネ															
2023103626	2025-10-26	4新潟4		3.0	2歳未勝利								斎藤新		ダ1800				1:55.8	1.9		7-8-7-6	36.9-38.4	39.6	492(-10)																																															雨		10.0	7.0	8.0	13.4	5.0	6	56.0	稍	**	**		バトゥカーダ															
2023103626	2026-01-05	1中山2		3.0	3歳未勝利								木幡巧也		ダ1800				1:56.2	0.3		2-2-2-2	37.2-39.5	39.8	500(+8)				240.0																																											晴		12.0	6.0	7.0	13.0	4.0	2	57.0	稍	**	**		カフェラジェム															
2023103648	2025-11-24	3福島6		5.0	2歳新馬								斎藤新		芝1800				1:50.6	-0.1		2-2-2-2	37.9-34.5	34.4	438(0)				750.0																													晴		16.0	8.0	16.0	30.5	7.0	1	55.0	良	**	**		(ミエノストロング)																													
2023103648	2026-01-17	1中山6		9.0	菜の花賞(1勝クラス)								丹内祐次		芝1600				1:34.4	0.0		2-2-2	35.3-34.6	34.5	444(+6)				465.2																													晴		8.0	4.0	4.0	8.0	5.0	2	55.0	良				アメティスタ																													
2023103651	2025-11-15	3福島3		5.0	2歳新馬								横山琉人		芝2000				2:03.3	0.4		5-5-4-4	34.9-36.9	37.0	428(0)				75.0																																											晴		16.0	6.0	11.0	79.9	15.0	5	55.0	良	**	**		ショウグンマサムネ															
2023103651	2025-12-07	5中山2		2.0	2歳未勝利								小林美駒		芝1800				1:50.8	1.9		8-12-14-14	36.9-35.1	35.0	434(+6)																																															晴		16.0	3.0	5.0	51.7	9.0	14	52.0	良	**	**		テルケンレンスキー															
2023103654	2025-08-03	3中京4		3.0	2歳新馬								岩田康誠		芝1600				1:37.9	1.0		2-4-3	38.2-34.3	35.0	408(0)																																	晴		7.0	3.0	3.0	24.0	6.0	7	55.0	良	**	**		ラエトゥス																													
2023103654	2025-11-29	4京都7		3.0	2歳未勝利								小沢大仁		芝1600				1:36.3	1.7		8-9	35.0-35.2	36.3	416(+8)																																	晴		14.0	2.0	2.0	219.3	12.0	14	56.0	良	**	**		トミーバローズ																													
2023103654	2026-01-17	1京都6		2.0	3歳未勝利								森田誠也		ダ1200				1:15.4	1.7		15-16	35.7-38.0	37.7	408(-8)																																	晴		16.0	7.0	13.0	188.1	12.0	13	54.0	良				グラスゴー																													
2023103676	2025-12-20	5阪神5		5.0	2歳新馬								岩田康誠		芝1600				1:35.9	0.4		12-13	35.8-34.1	33.4	470(0)																																	晴		18.0	7.0	13.0	28.5	9.0	7	55.0	良	**	**		スピナーリート																													
2023103676	2026-01-17	1京都6		5.0	3歳未勝利								岩田康誠		芝2000				2:01.5	0.4		6-5-5-5	34.8-36.8	36.6	466(-4)																																	晴		18.0	6.0	12.0	13.6	6.0	7	55.0	良				ラコンチャビエン																													
2023103682	2025-10-05	3京都2		3.0	2歳新馬								団野大成		ダ1800				1:54.6	2.8		10-10-11-9	35.8-37.3	38.5	486(0)																																	曇		16.0	6.0	12.0	73.9	13.0	6	56.0	重	**	**		パイロマンサー																													
2023103682	2025-11-02	3京都11		1.0	2歳未勝利								鮫島克駿		ダ1800				1:55.7	2.1		8-6-4-4	36.6-38.6	39.9	488(+2)																																	晴		15.0	7.0	12.0	13.1	6.0	7	56.0	稍	**	**		テイエムゴッホ																													
2023103682	2025-12-27	5阪神7		2.0	2歳未勝利								吉村誠之		ダ1800				1:56.8	3.5		8-10-11-9	37.1-37.6	39.9	494(+6)				56.0																													晴		11.0	7.0	9.0	73.9	9.0	5	56.0	稍	**	**		トリグラフヒル																													
2023103682	2026-01-17	1京都6		3.0	3歳未勝利								吉村誠之		ダ1900				2:03.8	1.7		6-6-5-5	30.4-38.6	39.4	496(+2)				59.0																													晴		13.0	3.0	3.0	47.7	10.0	5	57.0	良				テスタヴェローチェ																													
2023103694	2025-08-03	2新潟4		4.0	2歳新馬								津村明秀		芝1600				1:35.9	1.0		3-3	35.9-33.8	34.5	438(0)				75.0															晴		13.0	3.0	3.0	47.5	8.0	5	55.0	良	**	**		プロメサアルムンド																																											
2023103694	2025-09-21	4中山7		1.0	2歳未勝利								津村明秀		芝1600				1:34.3	0.4		4-3-3	34.7-35.6	35.7	440(+2)				84.0															晴		16.0	8.0	15.0	23.7	6.0	4	55.0	良	**	**		ルーチェフィオーレ																																											
2023103694	2025-10-13	4東京5		1.0	2歳未勝利								津村明秀		ダ1600				1:42.1	2.1		4-3	34.9-39.9	41.5	442(+2)																			曇		15.0	5.0	8.0	4.3	3.0	7	55.0	良	**	**		エコールナヴァール																																											
2023103694	2026-01-04	1中山1		5.0	3歳未勝利								戸崎圭太		芝1600				1:34.7	0.2		4-5-5	35.1-35.6	35.3	446(+4)				150.0															晴		16.0	5.0	9.0	10.0	5.0	3	55.0	良	**	**		タイセイアストロ																																											
2023103694	2026-01-18	1中山7		12.0	3歳未勝利								横山武史		芝1600				1:34.3	0.1		9-2-2	35.5-35.7	35.8	454(+8)				150.0																																																									晴		16.0	8.0	15.0	26.6	9.0	3	55.0	良	**	**		サンヴィクトワール	202606010712
2023103703	2025-10-26	3京都9		4.0	2歳新馬								佐々木大		ダ1800				1:58.8	6.9		11-13-13-13	37.1-36.1	41.6	500(0)																																	曇		16.0	3.0	5.0	3.9	2.0	14	56.0	重	**	**		ダノンバーボン																													
2023103703	2026-01-05	1京都2		2.0	3歳未勝利								小崎綾也		ダ1900				2:03.1	2.2		2-2-2-2	30.4-38.5	40.7	494(-6)																																	晴		16.0	3.0	6.0	15.3	6.0	10	57.0	良	**	**		エドウィンナルコ																													
2023103703	2026-01-17	1京都6		3.0	3歳未勝利								小崎綾也		ダ1900				2:04.7	2.6		3-4-3-4	30.4-38.6	40.6	490(-4)																																	晴		13.0	2.0	2.0	27.3	7.0	11	57.0	良				テスタヴェローチェ																													
2023103705	2026-01-18	1中山7		5.0	3歳新馬								舟山瑠泉		芝1600				1:37.8	3.4		9-12-14	35.8-34.3	36.6	496(0)																																																													晴		16.0	7.0	14.0	138.5	13.0	16	54.0	良	**	**		サンプレクス	202606010705
2023103709	2025-10-11	4東京3		6.0	2歳新馬								岩田康誠		ダ1600				1:39.9	0.0		11-11	36.0-38.3	37.2	472(0)				300.0																													雨		16.0	3.0	5.0	8.8	5.0	2	56.0	稍	**	**		セイントエルモズ																													
2023103709	2025-11-01	4東京10		1.0	2歳未勝利								岩田康誠		ダ1600				1:36.8	0.8		8-8	34.6-37.3	37.0	468(-4)				56.0																													晴		16.0	3.0	5.0	5.6	2.0	5	56.0	不	**	**		アルカディアカフェ																													
2023103709	2026-01-17	1中山6		2.0	3歳未勝利								横山武史		ダ1800				1:55.5	-0.9		10-10-5-4	37.7-39.6	39.0	470(+2)				590.0																													晴		16.0	7.0	13.0	1.7	1.0	1	57.0	良				(サムシングニュー)																													
2023103712	2026-01-18	1中山7		5.0	3歳新馬								佐々木大		芝1600				1:37.5	3.1		9-8-11	35.8-34.3	36.6	476(0)																																																													晴		16.0	6.0	11.0	3.1	2.0	15	57.0	良	**	**		サンプレクス	202606010705
2023103720	2025-10-04	3京都1		5.0	2歳新馬								坂井瑠星		芝2000				2:02.4	0.1		5-5-3-3	37.3-35.1	34.9	480(0)				300.0																													小雨		14.0	7.0	11.0	3.3	1.0	2	56.0	重	**	**		ダークマルス																													
2023103720	2025-10-12	3京都4		3.0	2歳未勝利								坂井瑠星		芝2000				2:00.1	0.6		3-3-3-3	35.8-35.5	35.8	474(-6)				220.0																													曇		9.0	2.0	2.0	1.8	1.0	2	56.0	良	**	**		ブレナヴォン																													
2023103720	2026-01-04	1京都1		2.0	3歳未勝利								坂井瑠星		ダ1800				1:53.6	0.1		3-3-3-2	36.0-38.0	37.7	490(+16)				240.0																													晴		16.0	2.0	4.0	1.5	1.0	2	57.0	良	**	**		タガノエルー																													
2023103720	2026-01-17	1京都6		1.0	3歳未勝利								坂井瑠星		ダ1800				1:54.5	-1.0		2-2-2-1	37.0-37.9	37.8	488(-2)				590.0																													晴		10.0	7.0	8.0	1.1	1.0	1	57.0	良				(ジャスティンレビン)																													
2023103721	2025-06-15	1函館2		5.0	2歳新馬								小沢大仁		芝1200				1:08.4	-0.2		4-4	33.4-35.0	34.3	462(0)				750.0																																											晴		9.0	3.0	3.0	2.8	2.0	1	55.0	良	**	**		(アニマレイ)															
2023103721	2025-10-04	3京都1		9.0	りんどう賞(1勝クラス)								小沢大仁		芝1400				1:22.4	0.7		2-2	35.0-34.8	35.4	462(0)																																															小雨		8.0	7.0	7.0	6.9	5.0	6	55.0	重	**	**		ラスティングスノー															
2023103721	2025-11-16	3福島4		9.0	福島2歳S(OP)								永島まな		芝1200				1:09.9	0.7		2-3	33.6-35.6	36.1	474(+12)																																															晴		16.0	5.0	10.0	14.6	6.0	12	55.0	良	**	**		タマモイカロス															
2023103721	2025-12-06	5阪神1		9.0	さざんか賞(1勝クラス)								横山典弘		芝1200				1:09.7	0.6		5-5	35.2-33.9	33.9	480(+6)				170.0																																											晴		8.0	1.0	1.0	7.6	4.0	4	55.0	良	**	**		フォーゲル															
2023103731	2025-10-19	4東京7		5.0	2歳新馬								吉田豊		芝1800				1:51.1	0.9		16-16-16	38.6-34.0	33.6	506(0)																																															雨		18.0	1.0	1.0	14.0	5.0	12	56.0	良	**	**		ブラウンバナナ															
2023103731	2025-11-01	4東京10		3.0	2歳未勝利								吉田豊		芝2000				2:01.3	1.3		7-8-8	36.3-33.2	33.7	504(-2)																																															晴		11.0	8.0	10.0	40.6	6.0	7	56.0	稍	**	**		ソラネルマン															
2023103731	2025-11-24	5東京6		3.0	2歳未勝利								吉田豊		芝2000				2:00.8	0.7		14-11-10	35.5-34.7	34.7	506(+2)				56.0																																											晴		16.0	5.0	10.0	48.9	7.0	5	56.0	良	**	**		エムズビギン															
2023103739	2025-08-24	2札幌2		5.0	2歳新馬								横山和生		芝2000				2:05.7	1.2		6-7-7-8	39.1-35.4	36.1	490(0)				75.0																																											晴		11.0	6.0	7.0	19.5	7.0	5	55.0	良	**	**		ミスティックレナン															
2023103739	2025-09-07	2札幌6		2.0	2歳未勝利								黛弘人		芝2000				2:07.7	1.1		6-5-3-3	38.2-37.0	37.8	486(-4)																																															曇		10.0	8.0	10.0	44.8	7.0	8	55.0	稍	**	**		アッカン															
2023103739	2025-09-28	4中山9		3.0	2歳未勝利								丹内祐次		芝2000				2:02.3	1.6		7-7-6-6	37.0-33.9	34.6	484(-2)				56.0																																											晴		16.0	3.0	5.0	91.4	8.0	5	55.0	良	**	**		コッツォリーノ															
2023103739	2026-01-12	1中山5		6.0	3歳未勝利								横山和生		芝2000				2:01.8	1.8		17-17-12-10	35.1-36.8	37.2	496(+12)																																															晴		18.0	1.0	2.0	93.5	13.0	12	57.0	良	**	**		サトノマティーニ															
2023103746	2025-06-14	3阪神3		5.0	2歳新馬								吉村誠之		芝1200				1:12.3	1.8		7-7	35.2-35.3	36.3	460(0)																																	小雨		8.0	8.0	8.0	59.3	7.0	7	54.0	稍	**	**		マイオウンウェイ																													
2023103746	2025-06-28	2小倉1		2.0	2歳未勝利								吉村誠之		芝1200				1:10.9	1.9		6-6	33.2-35.8	37.0	456(-4)																																	晴		6.0	5.0	5.0	94.6	6.0	6	54.0	良	**	**		ユウファラオ																													
2023103746	2025-10-25	3京都8		1.0	2歳未勝利								高杉吏麒		ダ1400				1:29.9	3.6		4-9	34.7-39.6	42.9	466(+10)																																	曇		14.0	4.0	5.0	29.0	9.0	13	56.0	良	**	**		ホールオブミラーズ																													
2023103746	2026-01-17	1京都6		2.0	3歳未勝利								鮫島良太		ダ1200				1:14.2	0.5		1-1	35.7-38.0	38.5	476(+10)				89.0																													晴		16.0	3.0	6.0	164.4	11.0	4	57.0	良				グラスゴー																													
2023103764	2025-09-21	4阪神7		6.0	2歳新馬								横山典弘		ダ1800				1:59.9	3.1		6-6-7-8	40.7-36.6	38.9	532(0)																			晴		9.0	6.0	6.0	8.3	5.0	6	55.0	良	**	**		ボクマダネムイヨ																																											
2023103764	2025-10-13	4東京5		2.0	2歳未勝利								横山典弘		ダ1400				1:27.1	0.6		12-10	36.1-37.6	36.8	522(-10)				140.0															晴		13.0	5.0	7.0	12.6	4.0	3	56.0	良	**	**		エッジアキュート																																											
2023103764	2025-12-27	5阪神7		3.0	2歳未勝利								横山和生		ダ1400				1:25.9	0.5		4-4	35.2-37.7	37.9	528(+6)				84.0															晴		16.0	1.0	2.0	8.8	3.0	4	56.0	稍	**	**		ハグレジョー																																											
2023103764	2026-01-18	1京都7		3.0	3歳未勝利								川田将雅		ダ1400				1:26.5	0.2		2-2	35.2-38.4	38.3	528(0)				150.0																																																									晴		16.0	6.0	12.0	2.6	1.0	3	57.0	良	**	**		カフジクロミエ	202608010703
2023103777	2025-10-25	3京都8		5.0	2歳新馬								高杉吏麒		芝1600				1:37.4	2.6		9-9	35.7-34.8	36.6	488(0)																																	曇		14.0	5.0	7.0	29.1	9.0	10	55.0	良	**	**		アーリーハーベスト																													
2023103777	2026-01-17	1京都6		5.0	3歳未勝利								高杉吏麒		芝2000				2:04.5	3.4		9-9-8-9	34.8-36.8	39.4	478(-10)																																	晴		18.0	4.0	7.0	110.5	11.0	17	55.0	良				ラコンチャビエン																													
2023103793	2025-08-31	3新潟4		6.0	2歳新馬								ルメール		ダ1800				1:56.2	1.0		11-10-7-5	37.9-37.4	37.6	494(0)				300.0															晴		15.0	1.0	1.0	4.4	3.0	2	55.0	良	**	**		マテンロウダビンチ																																											
2023103793	2025-10-18	4東京6		1.0	2歳未勝利								ルメール		ダ1600				1:39.5	1.0		7-6	35.9-37.4	37.6	492(-2)				220.0															晴		11.0	1.0	1.0	1.9	1.0	2	56.0	良	**	**		サンデーパーティー																																											
2023103793	2025-12-06	5中山1		4.0	2歳未勝利								戸崎圭太		ダ1800				1:54.9	0.3		5-3-2-3	37.0-38.7	38.8	484(-8)				140.0															晴		16.0	4.0	8.0	3.1	1.0	3	56.0	良	**	**		ショウナンパトス																																											
2023103793	2025-12-28	5中山8		2.0	2歳未勝利								ルメール		ダ1800				1:57.6	0.7		5-5-4-7	38.8-39.9	40.0	490(+6)				140.0															晴		16.0	4.0	7.0	1.3	1.0	3	56.0	良	**	**		タイセツナヒ																																											
2023103793	2026-01-18	1中山7		3.0	3歳未勝利								ルメール		ダ1800				1:55.7	-0.4		5-5-2-2	38.0-38.6	38.5	486(-4)				590.0																																																									晴		13.0	6.0	9.0	2.3	1.0	1	57.0	良	**	**		(ジェネラスキング)	202606010703
2023103800	2025-08-03	2新潟4		4.0	2歳新馬								原優介		芝1600				1:35.6	0.7		1-1	35.9-33.8	34.5	482(0)				110.0																																											晴		13.0	2.0	2.0	44.4	7.0	4	55.0	良	**	**		プロメサアルムンド															
2023103800	2025-09-27	4中山8		2.0	2歳未勝利								原優介		芝1600				1:34.5	0.6		5-4-4	35.0-34.8	35.1	486(+4)				56.0																																											曇		16.0	2.0	4.0	11.4	4.0	5	55.0	良	**	**		ホワイトドラゴン															
2023103800	2025-10-12	4東京4		1.0	2歳未勝利								原優介		ダ1600				1:45.3	6.6		1-1	35.2-37.9	44.5	490(+4)																																															晴		15.0	5.0	9.0	6.1	5.0	15	56.0	良	**	**		サンダーヴィント															
2023103800	2025-12-06	5中山1		4.0	2歳未勝利								内田博幸		ダ1800				1:56.1	1.5		13-13-10-7	37.0-38.7	38.8	484(-6)																																															晴		16.0	5.0	10.0	72.7	9.0	7	56.0	良	**	**		ショウナンパトス															
2023103805	2025-10-13	4東京5		6.0	2歳新馬								長浜鴻緒		芝1600				1:36.8	2.6		17-17	35.1-35.2	34.5	408(0)																																	晴		17.0	6.0	11.0	26.9	8.0	15	53.0	良	**	**		ノーザンタイタン																													
2023103805	2025-11-23	5東京5		2.0	2歳未勝利								上里直汰		芝1800				1:48.3	1.1		17-17-15	35.9-34.7	34.2	406(-2)																																	曇		18.0	3.0	5.0	282.7	13.0	10	52.0	良	**	**		リスレジャンデール																													
2023103805	2026-01-17	1中山6		5.0	3歳未勝利								上里直汰		芝2000				2:01.3	0.6		12-11-10-11	35.6-35.5	35.4	408(+2)																																	晴		18.0	2.0	3.0	369.8	17.0	11	52.0	良				レダアトミカ																													
2023103806	2025-12-28	5中山8		5.0	2歳新馬								佐々木大		ダ1800				1:57.1	1.4		9-9-8-3	38.2-38.7	39.4	482(0)				300.0															晴		16.0	4.0	7.0	51.3	10.0	2	56.0	良	**	**		クラウトロック																																											
2023103806	2026-01-18	1中山7		3.0	3歳未勝利								佐々木大		ダ1800				1:56.1	0.4		6-6-7-5	38.0-38.6	38.6	480(-2)				240.0																																																									晴		13.0	5.0	7.0	7.6	4.0	2	57.0	良	**	**		サイモフェーン	202606010703
2023103814	2025-06-08	3東京2		5.0	2歳新馬								横山武史		芝1800				1:48.1	1.3		3-4-4	35.4-34.8	35.6	446(0)				110.0															曇		10.0	7.0	8.0	26.4	5.0	4	55.0	良	**	**		ダノンヒストリー																																											
2023103814	2025-07-19	2福島7		3.0	2歳未勝利								大野拓弥		芝1800				1:51.2	0.0		8-8-7-6	35.7-37.0	36.3	440(-6)				560.0															晴		10.0	5.0	5.0	4.0	2.0	1	55.0	良	**	**		(ラディアントスター)																																											
2023103814	2025-09-27	4中山8		9.0	芙蓉S(OP)								大野拓弥		芝2000				2:00.3	0.0		2-2-2-2	36.2-35.4	35.3	440(0)				645.6															晴		9.0	6.0	6.0	14.2	5.0	2	55.0	良	**	**		ウイナーズナイン																																											
2023103814	2025-12-06	5中山1		9.0	葉牡丹賞(1勝クラス)								横山和生		芝2000							5-5-11	35.1-35.3		448(+8)																			曇		11.0	1.0	1.0	4.2	3.0	中	56.0	良	**	**		サノノグレーター																																											
2023103814	2026-01-18	1中山7		11.0	京成杯(GIII)								津村明秀		芝2000				1:59.8	0.5		9-9-10-10	35.6-34.7	34.5	452(+4)																																																													晴		15.0	4.0	7.0	28.1	8.0	8	57.0	良	**	**		グリーンエナジー	202606010711
2023103820	2026-01-18	1中山7		5.0	3歳新馬								小林美駒		芝1600				1:35.1	0.7		14-11-10	35.8-34.3	34.0	416(0)				98.0																																																									晴		16.0	3.0	5.0	21.6	7.0	4	52.0	良	**	**		サンプレクス	202606010705
2023103824	2025-09-27	4中山8		4.0	2歳新馬								佐々木大		ダ1800				1:55.6	-0.4		2-2-4-4	38.2-38.0	37.7	482(0)				750.0																																											晴		16.0	6.0	12.0	30.6	8.0	1	55.0	良	**	**		(フィンガー)															
2023103824	2025-11-03	門別		11.0	JBC2歳優駿(JpnIII)								丹内祐次		ダ1800				1:58.2	2.7		8-7-8-11		41.4	488(+6)																																															晴		11.0	7.0	9.0	7.1	5.0	8	56.0	重	**	**		タマモフリージア															
2023103824	2026-01-10	1中山3		9.0	黒竹賞(1勝クラス)								荻野極		ダ1800				1:55.1	1.0		6-6-6-6	36.3-39.0	39.4	494(+6)				170.0																																											晴		10.0	5.0	5.0	12.0	4.0	4	57.0	良	**	**		マクリール															
2023103828	2025-12-27	5阪神7		5.0	2歳新馬								吉村誠之		芝2000				2:02.6	-0.3		4-3-4-4	38.5-34.1	33.7	450(0)				750.0																																											晴		14.0	4.0	5.0	3.8	2.0	1	56.0	良	**	**		(ローズラフィネ)															
2023103829	2025-11-02	3京都11		3.0	2歳新馬								中井裕二		ダ1400				1:27.9	3.1		8-7	36.0-36.2	38.4	406(0)																			晴		16.0	2.0	3.0	183.2	14.0	8	55.0	稍	**	**		メイショウカクウチ																																											
2023103829	2025-12-21	5阪神6		2.0	2歳未勝利								藤懸貴志		ダ1200				1:14.7	1.8		13-13	35.6-37.3	37.8	402(-4)																			雨		16.0	5.0	9.0	466.4	13.0	9	55.0	稍	**	**		ネメス																																											
2023103829	2026-01-18	1京都7		1.0	3歳未勝利								中井裕二		ダ1200				1:15.3	1.8		6-6	36.6-36.9	38.0	406(+4)																																																													晴		16.0	6.0	12.0	512.3	16.0	13	55.0	良	**	**		オンザノアール	202608010701
2023103848	2025-09-06	4阪神1		6.0	2歳新馬								酒井学		ダ1400				1:27.7	3.1		4-5	35.2-37.0	39.5	474(0)																																															晴		13.0	4.0	5.0	82.4	10.0	6	55.0	稍	**	**		マグナヴィクトル															
2023103848	2025-09-21	4阪神7		4.0	2歳未勝利								酒井学		ダ1400				1:27.1	0.7		4-4	34.9-38.9	39.2	476(+2)																																															晴		13.0	8.0	13.0	46.1	9.0	6	55.0	良	**	**		キンダープンシュ															
2023103848	2026-01-04	1京都1		3.0	3歳未勝利								森田誠也		ダ1400				1:28.5	1.9		2-2	35.7-38.2	40.1	486(+10)																																															晴		16.0	4.0	8.0	72.0	10.0	14	54.0	良	**	**		ハードシングス															
2023103868	2026-01-04	1京都1		4.0	3歳新馬								池添謙一		ダ1800				1:56.4	1.2		2-3-3-3	36.4-39.6	40.5	454(0)				98.0																																											晴		12.0	7.0	9.0	8.2	6.0	4	55.0	良	**	**		ペイシャプル															
2023103874	2025-12-28	5阪神8		4.0	2歳新馬								富田暁		ダ1400				1:28.1	0.9		9-8	34.9-39.8	39.6	426(0)				75.0															晴		16.0	1.0	1.0	93.2	13.0	5	55.0	良	**	**		ソルオーブ																																											
2023103874	2026-01-18	1京都7		3.0	3歳未勝利								富田暁		ダ1400				1:28.2	1.9		9-10	35.2-38.4	39.5	426(0)																																																													晴		16.0	5.0	10.0	47.9	7.0	12	55.0	良	**	**		カフジクロミエ	202608010703
2023103875	2025-09-20	4阪神6		5.0	2歳新馬								北村友一		芝1600				1:35.6	0.5		6-6	36.8-33.5	33.5	458(0)				190.0															曇		14.0	6.0	9.0	26.6	7.0	3	55.0	良	**	**		グッドピース																																											
2023103875	2025-10-12	4東京4		2.0	2歳未勝利								武豊		芝1600				1:34.7	0.7		2-2	35.9-34.2	34.9	458(0)				56.0															晴		10.0	8.0	10.0	4.7	2.0	5	56.0	良	**	**		コズミックボックス																																											
2023103875	2025-11-29	4京都7		1.0	2歳未勝利								武豊		ダ1400				1:26.4	0.7		10-10	34.9-37.9	37.8	454(-4)				84.0															晴		14.0	5.0	8.0	9.0	5.0	4	56.0	良	**	**		ラッキーバック																																											
2023103875	2025-12-21	5中京6		4.0	2歳未勝利								松本大輝		芝1400				1:22.5	0.6		8-8	35.0-35.0	34.9	452(-2)																			雨		17.0	2.0	3.0	11.9	6.0	7	55.0	稍	**	**		テルヴィセクス																																											
2023103875	2026-01-18	1京都7		6.0	3歳未勝利								角田大和		芝1600				1:34.9	0.9		11-9	33.6-36.8	36.5	454(+2)																																																													晴		18.0	1.0	2.0	63.2	10.0	9	57.0	良	**	**		マゲバスピード	202608010706
2023103892	2025-10-11	3京都3		5.0	2歳新馬								西村淳也		芝1400				1:20.9	0.7		2-2	34.8-33.7	34.1	444(0)				190.0																																											曇		17.0	6.0	12.0	2.3	1.0	3	55.0	良	**	**		マーゴットラヴミー															
2023103892	2025-11-22	4京都5		3.0	2歳未勝利								Ｃ．デム		芝1200				1:09.3	0.7		12-12	33.6-35.0	34.0	438(-6)				56.0																																											晴		18.0	8.0	16.0	2.1	1.0	5	55.0	良	**	**		トップアタック															
2023103896	2025-08-23	4中京1		6.0	2歳新馬								団野大成		ダ1800				1:56.9	1.8		3-3-4-4	39.4-37.7	39.2	488(0)				110.0																													晴		12.0	6.0	8.0	27.0	9.0	4	55.0	良	**	**		シュガービスケッツ																													
2023103896	2025-09-13	4阪神3		1.0	2歳未勝利								団野大成		ダ1800				1:56.6	1.9		4-4-4-6	37.4-37.9	39.4	484(-4)				56.0																													曇		8.0	2.0	2.0	12.8	5.0	5	55.0	良	**	**		ノースミソロジー																													
2023103896	2025-11-08	4京都1		4.0	2歳未勝利								団野大成		ダ1800				1:55.3	1.6		7-7-7-6	37.0-37.6	38.7	494(+10)				56.0																													晴		12.0	6.0	8.0	25.3	4.0	5	56.0	良	**	**		ジャスティンルマン																													
2023103896	2025-12-07	5中京2		1.0	2歳未勝利								佐々木大		ダ1800				1:56.2	2.4		6-4-4-4	37.4-37.6	39.6	486(-8)																																	晴		13.0	8.0	13.0	32.3	5.0	8	56.0	良	**	**		リベッチオ																													
2023103896	2025-12-21	5阪神6		1.0	2歳未勝利								松山弘平		ダ1800				1:56.3	2.9		8-7-7-7	38.0-37.4	39.5	486(0)																																	雨		12.0	8.0	12.0	32.7	5.0	6	56.0	稍	**	**		ソルチェリア																													
2023103896	2026-01-17	1京都6		3.0	3歳未勝利								鮫島克駿		ダ1900				2:03.7	1.6		9-9-9-7	30.4-38.6	39.0	486(0)				89.0																													晴		13.0	6.0	9.0	25.3	6.0	4	57.0	良				テスタヴェローチェ																													
2023103897	2025-11-15	3福島3		5.0	2歳新馬								荻野極		芝2000				2:02.9	-0.1		5-5-6-4	34.9-36.9	36.5	472(0)				750.0															晴		16.0	5.0	9.0	4.6	2.0	1	56.0	良	**	**		(ベルトラッキ)																																											
2023103897	2026-01-18	1中山7		11.0	京成杯(GIII)								荻野極		芝2000				2:00.4	1.1		6-5-4-4	35.6-34.7	35.5	474(+2)																																																													晴		15.0	3.0	5.0	33.9	10.0	13	57.0	良	**	**		グリーンエナジー	202606010711
2023103906	2025-12-13	5中京3		5.0	2歳新馬								鮫島克駿		芝2000				2:01.7	0.3		8-8-8-7	36.9-33.6	33.3	488(0)				300.0																													曇		12.0	5.0	6.0	5.6	3.0	2	55.0	良	**	**		イベントホライゾン																													
2023103906	2026-01-17	1京都6		5.0	3歳未勝利								鮫島克駿		芝2000				2:01.6	0.5		9-9-8-8	34.8-36.8	36.5	488(0)																																	晴		18.0	5.0	10.0	3.3	1.0	8	55.0	良				ラコンチャビエン																													
2023103908	2025-08-31	2札幌4		5.0	2歳新馬								横山武史		芝1800				1:51.6	-0.2		4-2-1-1	38.2-35.3	35.3	468(0)				750.0															曇		8.0	7.0	7.0	4.2	3.0	1	55.0	稍	**	**		(ネッタイヤライ)																																											
2023103908	2025-11-02	4東京11		8.0	百日草特別(1勝クラス)								横山武史		芝2000				2:01.3	1.2		4-4-4	37.9-34.7	32.8	468(0)				170.0															曇		5.0	5.0	5.0	7.4	3.0	4	56.0	良	**	**		アッカン																																											
2023103908	2026-01-18	1中山7		11.0	京成杯(GIII)								菅原明良		芝2000				1:59.6	0.3		6-7-7-8	35.6-34.7	34.4	474(+6)																																																													晴		15.0	8.0	14.0	62.5	13.0	6	57.0	良	**	**		グリーンエナジー	202606010711
2023103958	2025-10-26	4新潟4		5.0	2歳新馬								川又賢治		芝1600				1:38.2	0.5		7-6	37.7-33.9	33.8	442(0)				300.0																																											雨		18.0	5.0	9.0	11.6	5.0	2	56.0	稍	**	**		オーライカモン															
2023103958	2025-11-22	3福島5		7.0	2歳未勝利								川又賢治		芝1800				1:48.1	-0.1		7-5-5-4	35.4-35.5	35.1	430(-12)				560.0																																											晴		16.0	2.0	3.0	7.3	4.0	1	56.0	良	**	**		(ノリマル)															
2023103980	2025-08-02	1札幌3		5.0	2歳新馬								橋木太希		芝1500				1:29.3	-0.5		6-6-7	30.4-34.4	33.9	416(0)				750.0																													晴		11.0	6.0	7.0	26.3	7.0	1	52.0	良	**	**		(レッドスティンガー)																													
2023103980	2025-09-06	2札幌5		11.0	札幌2歳S(GIII)								橋木太希		芝1800				1:51.5	0.9		7-7-7-6	38.2-36.1	36.2	412(-4)																																	曇		12.0	3.0	3.0	7.3	5.0	9	55.0	良	**	**		ショウナンガルフ																													
2023103980	2025-11-01	3京都10		11.0	KBSファンタジーS(GIII)								横山典弘		芝1400				1:21.1	0.2		11-11	35.3-34.0	32.8	418(+6)																																	晴		12.0	1.0	1.0	7.8	5.0	6	55.0	良	**	**		フェスティバルヒル																													
2023103980	2025-11-23	5東京5		9.0	赤松賞(1勝クラス)								横山典弘		芝1600				1:33.9	0.3		8-8	35.9-33.8	32.9	418(0)				444.8																													曇		8.0	2.0	2.0	2.7	1.0	2	55.0	良	**	**		ヒズマスターピース																													
2023103980	2026-01-17	1中山6		9.0	菜の花賞(1勝クラス)								横山典弘		芝1600				1:34.9	0.5		8-6-7	35.3-34.6	34.4	418(0)																																	晴		8.0	6.0	6.0	2.1	1.0	7	55.0	良				アメティスタ																													
2023103999	2025-08-10	1札幌6		5.0	2歳新馬								小林美駒		芝1500				1:31.9	0.8		2-2-2	30.5-35.6	36.3	434(0)																																															曇		12.0	2.0	2.0	64.4	8.0	8	52.0	良	**	**		ドルチェミスト															
2023103999	2025-09-28	4阪神9		2.0	2歳未勝利								秋山稔樹		芝1400				1:22.4	0.7		11-9	34.4-35.5	35.4	426(-8)																																															晴		14.0	2.0	2.0	63.5	10.0	8	55.0	良	**	**		ノアールビーナス															
2023103999	2025-11-16	5東京4		3.0	2歳未勝利								藤懸貴志		芝1400				1:23.8	1.7		1-1	34.8-35.0	36.7	428(+2)																																															晴		18.0	2.0	4.0	91.4	8.0	18	55.0	良	**	**		イヌボウノウタゴエ															
2023104002	2025-10-18	4東京6		5.0	2歳新馬								原田和真		芝1600				1:35.5	1.4		12-10	35.9-34.0	34.4	422(0)																																															晴		16.0	4.0	8.0	204.3	14.0	12	56.0	良	**	**		アドマイヤクワッズ															
2023104002	2025-12-27	5中山7		4.0	2歳未勝利								原田和真		芝2000				2:02.4	0.5		16-16-14-10	35.5-36.8	36.3	432(+10)																																															曇		18.0	1.0	2.0	540.3	17.0	6	56.0	良	**	**		ポッドクロス															
2023104034	2025-12-14	5阪神4		4.0	2歳新馬								田山旺佑		芝1400				1:22.0	-0.4		6-6	34.8-35.4	35.0	426(0)				750.0																													晴		11.0	2.0	2.0	4.6	3.0	1	52.0	稍	**	**		(ララディアーブル)																													
2023104034	2026-01-17	1京都6		10.0	紅梅S(L)								高杉吏麒		芝1400				1:21.7	1.0		8-8	34.8-34.2	33.7	428(+2)				532.9																													晴		9.0	4.0	4.0	5.5	2.0	3	55.0	良				リリージョワ																													
2023104046	2026-01-17	1京都6		4.0	3歳新馬								鮫島良太		ダ1400				1:27.1	0.1		9-9	36.4-37.5	36.8	424(0)				260.0																													晴		16.0	4.0	8.0	5.8	3.0	2	55.0	良				ホウショウルクス																													
2023104065	2025-07-13	2福島6		5.0	2歳新馬								今村聖奈		芝1800				1:54.3	0.7		5-4-5-3	38.8-35.8	36.0	484(0)				300.0																													晴		15.0	7.0	13.0	31.5	9.0	2	53.0	良	**	**		ルージュボヤージュ																													
2023104065	2025-08-16	2新潟7		1.0	2歳未勝利								今村聖奈		芝1800				1:49.0	0.8		5-4	36.4-34.4	34.8	476(-8)																																	晴		13.0	4.0	5.0	10.9	4.0	6	53.0	良	**	**		ジーネキング																													
2023104065	2025-09-13	4中山3		1.0	2歳未勝利								今村聖奈		ダ1800				1:55.6	1.8		1-1-1-2	35.8-39.2	41.0	474(-2)				56.0																													曇		11.0	1.0	1.0	4.3	3.0	5	53.0	不	**	**		デールエルバハリ																													
2023104065	2025-10-13	4東京5		1.0	2歳未勝利								横山武史		ダ1600				1:40.7	0.7		11-11	34.9-39.9	38.7	478(+4)				84.0																													曇		15.0	8.0	15.0	7.5	4.0	4	55.0	良	**	**		エコールナヴァール																													
2023104065	2025-11-23	5東京5		2.0	2歳未勝利								今村聖奈		芝1800				1:47.7	0.5		8-9-7	35.9-34.7	34.3	470(-8)				220.0																													曇		18.0	2.0	3.0	43.3	8.0	2	53.0	良	**	**		リスレジャンデール																													
2023104065	2025-12-21	5中山6		3.0	2歳未勝利								今村聖奈		芝1800				1:52.4	0.2		4-3-4-3	38.2-35.0	34.9	472(+2)				84.0																													曇		15.0	3.0	4.0	9.9	5.0	4	53.0	重	**	**		ロンギングセリーヌ																													
2023104065	2026-01-17	1中山6		5.0	3歳未勝利								三浦皇成		芝2000				2:00.9	0.2		4-3-3-4	35.6-35.5	35.5	480(+8)				150.0																													晴		18.0	3.0	5.0	11.8	8.0	3	55.0	良				レダアトミカ																													
2023104069	2025-11-16	5東京4		5.0	2歳新馬								吉田豊		芝1600				1:36.0	1.1		7-7	35.3-35.2	35.1	484(0)				75.0															晴		12.0	5.0	6.0	110.8	9.0	5	56.0	良	**	**		マテンロウネイビー																																											
2023104069	2025-11-30	5東京8		2.0	2歳未勝利								吉田豊		芝1600				1:35.8	1.1		7-8	35.8-33.9	34.3	480(-4)				56.0															晴		13.0	8.0	12.0	115.0	10.0	5	56.0	良	**	**		ゴバド																																											
2023104069	2025-12-20	5中山5		3.0	2歳未勝利								吉田豊		芝1800				1:48.8	1.2		9-9-9-9	36.4-34.4	35.0	476(-4)																			小雨		16.0	5.0	9.0	203.0	14.0	7	56.0	良	**	**		ミスターライト																																											
2023104069	2026-01-18	1中山7		3.0	3歳未勝利								吉田豊		ダ1800				1:57.9	2.2		6-6-6-7	38.0-38.6	40.5	480(+4)																																																													晴		13.0	4.0	5.0	35.5	6.0	6	57.0	良	**	**		サイモフェーン	202606010703
2023104071	2026-01-05	1京都2		3.0	3歳新馬								松山弘平		ダ1200				1:14.0	0.5		2-2	36.1-37.4	37.8	414(0)				160.0																																											晴		14.0	2.0	2.0	13.5	5.0	3	55.0	良	**	**		マナボニート															
2023104075	2025-06-14	3阪神3		5.0	2歳新馬								和田竜二		芝1200				1:11.6	1.1		4-5	35.2-35.3	36.0	388(0)				75.0																																											小雨		8.0	5.0	5.0	67.5	8.0	5	55.0	稍	**	**		マイオウンウェイ															
2023104075	2025-07-12	2小倉5		1.0	2歳未勝利								和田竜二		芝1200				1:09.7	1.7		6-6	33.0-35.0	36.0	386(-2)				140.0																																											晴		10.0	1.0	1.0	82.9	8.0	3	55.0	良	**	**		スターアニス															
2023104075	2025-08-23	4中京1		3.0	2歳未勝利								富田暁		芝1400				1:21.6	0.4		3-3	35.3-34.1	34.2	394(+8)																																															曇		9.0	8.0	9.0	193.9	9.0	6	55.0	良	**	**		メイショウハッケイ															
2023104075	2025-12-28	5阪神8		2.0	2歳未勝利								和田陽希		芝1400				1:22.1	0.7		14-13	34.2-35.5	35.2	402(+8)																																															晴		17.0	4.0	8.0	46.5	9.0	13	52.0	良	**	**		デアヴェローチェ															
2023104099	2025-12-06	5阪神1		6.0	2歳新馬								高杉吏麒		ダ1200				1:17.3	3.4		8-8	36.6-37.3	39.6	430(0)																																	晴		10.0	2.0	2.0	45.1	8.0	9	56.0	良	**	**		エルル																													
2023104099	2025-12-27	5阪神7		1.0	2歳未勝利								柴田裕一		ダ1200				1:15.0	2.2		12-13	35.5-37.3	38.3	432(+2)																																	晴		15.0	4.0	7.0	455.6	15.0	11	54.0	稍	**	**		ファイブタンゴ																													
2023104099	2026-01-17	1京都6		2.0	3歳未勝利								古川奈穂		ダ1200				1:14.9	1.2		11-9	35.7-38.0	38.2	434(+2)																																	晴		16.0	6.0	12.0	328.2	14.0	9	54.0	良				グラスゴー																													
2023104103	2025-11-16	5東京4		4.0	2歳新馬								木幡巧也		ダ1600				1:41.2	0.7		5-7	36.9-36.9	37.0	498(0)																			晴		16.0	3.0	6.0	19.9	5.0	6	56.0	良	**	**		アジアントレジャー																																											
2023104103	2025-12-13	5中京3		1.0	2歳未勝利								丸山元気		ダ1800				1:56.4	1.0		8-8-7-7	38.4-37.4	37.9	498(0)				56.0															曇		14.0	8.0	13.0	33.7	7.0	5	56.0	良	**	**		インシオン																																											
2023104103	2026-01-04	1中山1		4.0	3歳未勝利								丸山元気		ダ1800				1:55.2	0.0		9-9-8-5	36.5-40.7	40.0	506(+8)				240.0															晴		12.0	2.0	2.0	20.9	6.0	2	57.0	稍	**	**		サトノリシャール																																											
2023104103	2026-01-18	1中山7		3.0	3歳未勝利								丸山元気		ダ1800				1:56.2	0.5		2-2-1-3	38.0-38.6	39.1	504(-2)				150.0																																																									晴		13.0	6.0	8.0	2.9	2.0	3	57.0	良	**	**		サイモフェーン	202606010703
2023104151	2025-07-26	1札幌1		5.0	2歳新馬								舟山瑠泉		ダ1700				1:46.7	0.3		8-7-6-5	29.4-38.6	38.4	466(0)				300.0																																											曇		13.0	5.0	6.0	50.9	11.0	2	52.0	良	**	**		テイエムキハク															
2023104151	2025-08-10	1札幌6		1.0	2歳未勝利								舟山瑠泉		ダ1700				1:47.6	0.9		5-5-3-4	29.8-38.6	39.2	468(+2)				56.0																																											晴		14.0	8.0	13.0	4.3	3.0	5	52.0	稍	**	**		チャーリー															
2023104151	2025-09-06	4中山1		3.0	2歳未勝利								三浦皇成		ダ1800				1:55.1	-0.9		1-1-1-1	37.7-38.7	38.7	468(0)				560.0																																											晴		9.0	1.0	1.0	1.8	1.0	1	55.0	重	**	**		(アドフランマム)															
2023104151	2025-12-14	5中山4		7.0	2歳1勝クラス								石橋脩		ダ1800				1:55.2	0.9		4-5-2-4	37.6-38.3	39.1	472(+4)																																															曇		16.0	6.0	12.0	62.8	13.0	8	56.0	稍	**	**		ケイアイアギト															
2023104164	2025-07-12	2福島5		5.0	2歳新馬								石神深道		芝1200				1:13.7	2.3		11-10	35.9-35.5	35.5	400(0)																																	曇		11.0	6.0	7.0	150.5	11.0	10	52.0	良	**	**		ミスバレンシア																													
2023104164	2025-08-02	2新潟3		3.0	2歳未勝利								水沼元輝		芝1000				0:56.9	1.7		11	32.9-32.8	33.0	402(+2)																																	晴		12.0	7.0	9.0	110.1	10.0	10	52.0	良	**	**		プリティーミズホ																													
2023104164	2025-08-23	3新潟1		1.0	2歳未勝利								水沼元輝		芝2000				2:05.9	1.1		6-6-6-6	37.1-36.4	36.1	406(+4)																																	晴		6.0	1.0	1.0	25.9	4.0	6	52.0	良	**	**		ストロングエース																													
2023104164	2025-10-25	4新潟3		3.0	2歳未勝利								上里直汰		芝1800				1:50.8	2.1		10-11	36.3-34.4	35.2	412(+6)																																	晴		13.0	5.0	6.0	94.5	10.0	12	52.0	良	**	**		ショウナンダイン																													
2023104164	2025-11-16	5東京4		2.0	2歳未勝利								西塚洸二		芝1800				1:52.4	6.1		11-2-3	35.2-35.3	41.0	412(0)																																	晴		18.0	8.0	17.0	215.9	13.0	18	54.0	良	**	**		ランズダウンロード																													
2023104164	2026-01-17	1中山6		5.0	3歳未勝利								水沼元輝		芝2000				2:02.8	2.1		16-16-17-16	35.6-35.5	36.3	406(-6)																																	晴		18.0	5.0	10.0	634.0	18.0	16	52.0	良				レダアトミカ																													
2023104182	2025-12-07	5阪神2		5.0	2歳新馬								鮫島良太		芝1600				1:37.3	1.1		13-14	36.4-34.1	34.1	434(0)																																															晴		17.0	5.0	10.0	209.3	17.0	15	55.0	良	**	**		アンソニー															
2023104182	2025-12-28	5阪神8		3.0	2歳未勝利								鮫島良太		芝1800				1:47.5	1.3		18-16	34.6-35.2	35.0	432(-2)																																															晴		18.0	5.0	9.0	506.6	16.0	14	55.0	良	**	**		ストームゲイル															
2023104193	2025-12-20	5中山5		4.0	2歳新馬								菅原明良		ダ1800				1:56.6	1.4		10-10-7-9	37.4-39.2	39.3	526(0)				75.0																																											曇		13.0	6.0	8.0	21.7	6.0	5	56.0	良	**	**		ゴールドブレイズ															
2023104193	2026-01-04	1中山1		4.0	3歳未勝利								菅原明良		ダ1800				1:56.1	0.9		1-1-1-1	36.5-40.7	41.6	522(-4)				59.0																																											晴		12.0	4.0	4.0	16.4	5.0	5	57.0	稍	**	**		サトノリシャール															
2023104199	2025-08-23	2札幌1		5.0	2歳新馬								鷲頭虎太		芝1500				1:35.2	4.3		1-2-7	31.6-35.3	39.5	444(0)																			晴		9.0	8.0	9.0	10.8	3.0	7	53.0	稍	**	**		グリオンヴール																																											
2023104199	2025-09-13	4阪神3		2.0	2歳未勝利								鮫島克駿		ダ1200				1:15.0	2.3		6-7	36.0-36.7	37.9	436(-8)				56.0															曇		8.0	5.0	5.0	131.4	7.0	5	55.0	良	**	**		イダテンシャチョウ																																											
2023104199	2026-01-18	1京都7		1.0	3歳未勝利								長岡禎仁		ダ1200				1:14.5	1.0		6-6	36.6-36.9	37.2	446(+10)				59.0																																																									晴		16.0	6.0	11.0	142.0	11.0	5	55.0	良	**	**		オンザノアール	202608010701
2023104232	2025-06-29	1函館6		5.0	2歳新馬								丹内祐次		芝1200				1:11.1	0.4		3-4	36.0-34.7	34.9	456(0)				110.0																																											曇		12.0	5.0	5.0	2.3	1.0	4	55.0	良	**	**		エスカレイト															
2023104232	2025-07-05	1函館7		1.0	2歳未勝利								丹内祐次		芝1200				1:11.5	1.1		5-6	34.1-36.3	36.9	458(+2)				56.0																																											晴		8.0	2.0	2.0	9.4	4.0	5	55.0	重	**	**		トウカイマシェリ															
2023104232	2025-09-07	4中山2		3.0	2歳未勝利								石田拓郎		ダ1200				1:14.7	2.7		8-10	34.5-37.5	38.9	458(0)																																															晴		15.0	1.0	1.0	20.8	5.0	8	52.0	良	**	**		ドンエレクトス															
2023104232	2025-09-21	4中山7		1.0	2歳未勝利								石田拓郎		芝1600				1:35.5	1.6		1-2-2	34.7-35.6	37.2	454(-4)																																															晴		16.0	4.0	8.0	25.6	7.0	10	52.0	良	**	**		ルーチェフィオーレ															
2023104232	2025-11-15	3福島3		4.0	2歳未勝利								江田照男		芝1200				1:09.5	0.6		8-7	33.4-35.5	35.5	460(+6)																																															晴		16.0	2.0	3.0	23.9	8.0	10	55.0	良	**	**		ロンドンオービタル															
2023104232	2025-12-28	5中山8		1.0	2歳未勝利								江田照男		ダ1200				1:13.8	0.7		11-10	34.1-39.0	38.4	462(+2)				56.0																																											晴		16.0	4.0	7.0	16.2	6.0	5	55.0	良	**	**		ピュール															
2023104252	2026-01-17	1京都6		4.0	3歳新馬								古川奈穂		ダ1400				1:28.2	1.2		7-4	36.4-37.5	38.2	466(0)																																	晴		16.0	1.0	2.0	48.5	12.0	6	52.0	良				ホウショウルクス																													
2023104255	2025-08-31	4中京4		6.0	2歳新馬								松山弘平		芝1600				1:36.1	1.9		11-8-8	35.8-34.6	35.6	422(0)																																	晴		14.0	8.0	13.0	32.6	9.0	7	55.0	良	**	**		カヴァレリッツォ																													
2023104255	2025-09-15	4阪神5		3.0	2歳未勝利								松山弘平		芝2000				2:05.1	1.5		5-5-5-5	38.5-33.8	34.6	418(-4)				56.0																													晴		5.0	3.0	3.0	68.1	5.0	5	55.0	良	**	**		コロナドブリッジ																													
2023104255	2025-12-07	5阪神2		2.0	2歳未勝利								鮫島克駿		ダ1400				1:28.2	2.5		6-9	34.8-38.0	40.1	432(+14)																																	晴		16.0	1.0	1.0	87.6	12.0	11	56.0	良	**	**		ジョアン																													
2023104255	2025-12-27	5阪神7		1.0	2歳未勝利								鮫島克駿		ダ1200				1:13.8	1.0		7-7	35.5-37.3	37.7	428(-4)				56.0																													晴		15.0	7.0	12.0	86.2	10.0	5	56.0	稍	**	**		ファイブタンゴ																													
2023104255	2026-01-17	1京都6		2.0	3歳未勝利								鮫島克駿		ダ1200				1:15.0	1.3		6-5	35.7-38.0	38.5	426(-2)																																	晴		16.0	8.0	15.0	28.8	8.0	10	57.0	良				グラスゴー																													
2023104270	2026-01-10	1中山3		5.0	3歳新馬								丹内祐次		芝2000				2:04.6	2.4		7-7-10-9	37.0-34.7	36.5	468(0)																																															晴		15.0	1.0	1.0	131.0	15.0	12	57.0	良	**	**		ランザワールド															
2023104274	2025-10-25	4東京8		6.0	2歳新馬								松岡正海		ダ1600				1:39.5	1.9		7-7	36.4-36.2	37.3	490(0)																			小雨		16.0	3.0	6.0	138.3	14.0	6	55.0	稍	**	**		ホウオウルクソール																																											
2023104274	2025-11-08	5東京1		2.0	2歳未勝利								松岡正海		ダ1600				1:41.8	3.2		6-6	35.6-37.1	39.9	490(0)																			曇		15.0	7.0	13.0	42.2	4.0	9	55.0	良	**	**		アンディラメナ																																											
2023104274	2026-01-18	1中山7		2.0	3歳未勝利								松岡正海		ダ1800				1:58.0	0.6		10-10-5-2	37.1-41.2	41.5	480(-10)				150.0																																																									晴		16.0	2.0	3.0	44.0	9.0	3	55.0	良	**	**		デルマホダカ	202606010702
2023104288	2025-06-28	2福島1		5.0	2歳新馬								石神深道		芝1200				1:14.4	4.7		8-8	34.0-35.7	37.5	458(0)																																															晴		8.0	1.0	1.0	54.2	8.0	8	52.0	良	**	**		メーゼ															
2023104288	2025-08-24	3新潟2		1.0	2歳未勝利								柴田大知		芝1600				1:40.7	3.3		6-6	38.4-33.3	35.7	460(+2)																																															晴		7.0	3.0	3.0	263.9	7.0	7	55.0	良	**	**		ガリレア															
2023104288	2025-09-06	4中山1		3.0	2歳未勝利								石神深道		ダ1800				1:59.6	4.5		7-7-7-5	37.7-38.7	42.4	454(-6)																																															晴		9.0	7.0	7.0	119.4	9.0	6	52.0	重	**	**		ニャンタロウ															
2023104288	2025-12-06	5中山1		4.0	2歳未勝利								遠藤汰月		ダ1800				1:58.4	3.8		14-15-14-13	37.0-38.7	39.4	474(+20)																																															晴		16.0	1.0	1.0	507.6	15.0	14	53.0	良	**	**		ショウナンパトス															
2023104288	2025-12-28	5中山8		2.0	2歳未勝利								石神深道		ダ1800				2:01.1	4.2		8-8-11-12	38.8-39.9	42.8	478(+4)																																															晴		16.0	3.0	5.0	207.3	15.0	15	53.0	良	**	**		タイセツナヒ															
2023104315	2025-10-19	3京都7		5.0	2歳新馬								吉村誠之		芝2000				2:02.5	0.4		7-8-7-8	36.9-35.8	35.6	488(0)																																															曇		11.0	5.0	5.0	85.4	10.0	6	55.0	良	**	**		ヴァロンブローサ															
2023104315	2025-11-02	3京都11		2.0	2歳未勝利								吉村誠之		芝2000				2:02.1	0.2		3-3-3-3	37.8-35.2	35.2	484(-4)				220.0																																											晴		7.0	7.0	7.0	15.0	4.0	2	55.0	良	**	**		ワンダフルボンド															
2023104315	2025-11-23	4京都6		3.0	2歳未勝利								吉村誠之		芝2000				2:00.6	0.2		9-7-7-6	35.9-35.7	35.3	482(-2)				220.0																																											晴		16.0	1.0	1.0	11.8	5.0	2	55.0	良	**	**		エアビーアゲイル															
2023104315	2026-01-05	1京都2		5.0	3歳未勝利								吉村誠之		芝2000				2:02.3	-0.1		9-8-7-7	35.7-36.0	35.4	486(+4)				590.0																																											晴		17.0	1.0	2.0	3.3	1.0	1	57.0	良	**	**		(オンザムービー)															
2023104320	2026-01-18	1京都7		5.0	3歳新馬								田山旺佑		芝2000				2:04.4	0.9		5-8-7-9	37.5-35.4	35.8	462(0)																																																													晴		17.0	4.0	7.0	160.6	14.0	9	52.0	良	**	**		クリスレジーナ	202608010705
2023104322	2025-11-23	4京都6		4.0	2歳新馬								西村淳也		ダ1800				1:53.2	0.0		1-1-1-1	36.8-37.5	37.5	466(0)				300.0																																											晴		7.0	7.0	7.0	6.1	4.0	2	55.0	良	**	**		シュネルアンジュ															
2023104341	2025-10-19	4新潟2		5.0	2歳新馬								石田拓郎		芝1400				1:24.4	0.7		9-9	35.7-35.9	35.7	458(0)				110.0																													曇		18.0	8.0	16.0	32.7	9.0	4	53.0	稍	**	**		ヘルモソブレード																													
2023104341	2025-11-01	4東京10		2.0	2歳未勝利								菅原明良		芝1400				1:23.9	0.4		1-1	36.9-34.0	34.4	458(0)				84.0																													晴		12.0	3.0	3.0	6.4	3.0	4	56.0	稍	**	**		モルニケ																													
2023104341	2025-12-06	5中山1		3.0	2歳未勝利								菅原明良		芝1600				1:35.7	0.3		4-4-4	36.2-34.2	34.1	458(0)				56.0																													晴		15.0	5.0	9.0	28.8	8.0	5	56.0	良	**	**		スミッコディスコ																													
2023104341	2025-12-20	5中山5		3.0	2歳未勝利								菅原明良		芝1800				1:48.6	1.0		2-2-2-2	36.4-34.4	35.3	458(0)				56.0																													小雨		16.0	6.0	12.0	116.4	12.0	5	56.0	良	**	**		ミスターライト																													
2023104341	2026-01-17	1中山6		2.0	3歳未勝利								菅原明良		ダ1800				1:58.4	2.9		4-6-7-7	37.7-39.6	41.7	458(0)																																	晴		16.0	8.0	15.0	4.0	2.0	7	57.0	良				ウリズンベー																													
2023104346	2025-06-07	3東京1		5.0	2歳新馬								江田照男		芝1600				1:35.5	1.1		5-5	35.9-34.3	34.7	472(0)				110.0															晴		9.0	8.0	9.0	96.4	8.0	4	55.0	良	**	**		ディバインウインド																																											
2023104346	2025-08-03	2新潟4		3.0	2歳未勝利								江田照男		芝1600				1:35.5	0.9		5-5	36.3-34.2	34.1	476(+4)				220.0															晴		6.0	5.0	5.0	4.9	3.0	2	55.0	良	**	**		ニシノエースサマ																																											
2023104346	2025-09-28	4中山9		3.0	2歳未勝利								武藤雅		芝2000				2:01.6	0.9		2-2-2-2	37.0-33.9	34.7	490(+14)				140.0															晴		16.0	8.0	16.0	16.5	5.0	3	55.0	良	**	**		コッツォリーノ																																											
2023104346	2025-10-19	4新潟2		1.0	2歳未勝利								武藤雅		芝2000				2:01.6	-0.3		2-2-2-2	35.0-36.4	36.3	482(-8)				560.0															曇		12.0	6.0	7.0	3.6	3.0	1	56.0	稍	**	**		(トルネードアイル)																																											
2023104346	2025-12-06	5中山1		9.0	葉牡丹賞(1勝クラス)								木幡巧也		芝2000				1:59.1	0.9		1-1-1-1	35.1-35.3	36.2	486(+4)																			曇		11.0	3.0	3.0	32.6	8.0	7	56.0	良	**	**		サノノグレーター																																											
2023104346	2026-01-05	1中山2		7.0	3歳1勝クラス								武藤雅		芝2000				2:01.1	-0.1		1-1-1-1	36.7-36.1	36.1	484(-2)				820.0															晴		10.0	2.0	2.0	13.8	6.0	1	57.0	良	**	**		(フロレセール)																																											
2023104346	2026-01-18	1中山7		11.0	京成杯(GIII)								武藤雅		芝2000				1:59.6	0.3		4-3-4-4	35.6-34.7	34.7	480(-4)				410.0																																																									晴		15.0	2.0	3.0	76.4	14.0	5	57.0	良	**	**		グリーンエナジー	202606010711
2023104371	2025-10-04	4東京1		5.0	2歳新馬								三浦皇成		芝1800				1:48.8	0.5		10-9-9	37.1-34.2	34.0	474(0)				75.0																													曇		17.0	4.0	8.0	3.2	1.0	5	56.0	良	**	**		カレントゥルーシー																													
2023104371	2025-11-02	4東京11		3.0	2歳未勝利								三浦皇成		芝1800				1:47.8	0.3		5-6-6	36.1-35.1	34.8	468(-6)				140.0																													曇		10.0	1.0	1.0	3.5	2.0	3	56.0	良	**	**		タッセルノット																													
2023104371	2026-01-17	1中山6		5.0	3歳未勝利								田辺裕信		芝2000				2:01.0	0.3		11-11-14-14	35.6-35.5	34.7	462(-6)				59.0																													晴		18.0	7.0	13.0	28.2	10.0	5	57.0	良				レダアトミカ																													
2023104390	2025-10-12	4東京4		5.0	2歳新馬								三浦皇成		芝2000				2:01.5	1.3		1-1-1	36.9-34.1	35.4	470(0)																																															曇		12.0	6.0	7.0	8.1	3.0	7	56.0	良	**	**		イクシード															
2023104390	2026-01-05	1京都2		6.0	3歳未勝利								荻野極		芝1600				1:36.1	0.8		10-10	35.2-35.6	35.4	478(+8)																																															晴		14.0	5.0	8.0	27.7	8.0	9	57.0	良	**	**		ベルサンローラン															
2023104397	2025-09-06	4阪神1		5.0	2歳新馬								松山弘平		芝1400				1:23.4	1.5		8-9	35.8-34.3	35.0	462(0)																																															晴		11.0	6.0	6.0	4.7	3.0	7	55.0	良	**	**		ベネサルート															
2023104397	2025-09-28	4阪神9		2.0	2歳未勝利								高杉吏麒		芝1400				1:21.8	0.1		2-2	34.4-35.5	35.4	462(0)				140.0																																											晴		14.0	4.0	6.0	10.6	5.0	3	54.0	良	**	**		ノアールビーナス															
2023104397	2025-11-16	5東京4		3.0	2歳未勝利								吉村誠之		芝1400				1:22.7	0.6		4-4	34.8-35.0	35.3	462(0)																																															晴		18.0	1.0	1.0	6.0	4.0	7	54.0	良	**	**		イヌボウノウタゴエ															
2023104397	2025-12-07	5阪神2		3.0	2歳未勝利								西塚洸二		芝1400				1:21.4	1.2		4-6	33.7-35.0	35.5	460(-2)																																															晴		18.0	2.0	3.0	11.4	6.0	8	54.0	良	**	**		メイクワンズデイ															
2023104405	2026-01-18	1京都7		5.0	3歳新馬								横山典弘		芝2000				2:04.4	0.9		16-15-14-13	37.5-35.4	35.4	442(0)																																																													晴		17.0	6.0	11.0	33.9	8.0	7	55.0	良	**	**		クリスレジーナ	202608010705
2023104407	2026-01-04	1京都1		5.0	3歳新馬								鮫島克駿		芝1800				1:52.3	1.8		9-9	36.2-34.7	35.6	448(0)																																															曇		18.0	8.0	16.0	140.7	12.0	13	57.0	良	**	**		タイキルッジェーロ															
2023104417	2025-08-02	2新潟3		4.0	2歳新馬								石橋脩		芝1800				1:48.8	1.0		8-8	34.9-33.3	33.6	486(0)				75.0															晴		12.0	7.0	10.0	12.8	5.0	5	55.0	良	**	**		アートバーゼル																																											
2023104417	2025-09-06	4阪神1		2.0	2歳未勝利								岩田望来		芝2000				2:02.9	2.0		2-3-3-3	36.7-35.1	37.0	494(+8)				56.0															晴		5.0	4.0	4.0	8.4	3.0	5	55.0	良	**	**		バドリナート																																											
2023104417	2025-10-04	3京都1		1.0	2歳未勝利								岩田望来		ダ1800				1:52.8	0.6		7-6-7-5	36.1-37.7	37.7	496(+2)				140.0															雨		14.0	7.0	12.0	7.8	6.0	3	56.0	重	**	**		フルールドール																																											
2023104417	2025-10-25	3京都8		2.0	2歳未勝利								岩田望来		ダ1800				1:56.3	0.7		6-4-4-5	38.7-37.7	37.9	498(+2)				140.0															曇		11.0	5.0	5.0	2.0	1.0	3	56.0	良	**	**		ゴールデンスラム																																											
2023104417	2026-01-18	1京都7		2.0	3歳未勝利								岩田望来		ダ1800				1:56.6	0.8		5-5-5-5	38.4-38.2	38.5	504(+6)																																																													晴		12.0	4.0	4.0	3.5	2.0	6	57.0	良	**	**		アミラル	202608010702
2023104418	2025-08-03	1札幌4		5.0	2歳新馬								横山武史		芝1800				1:49.4	2.2		6-6-6-6	36.7-35.2	35.1	452(0)				110.0																																											晴		7.0	2.0	2.0	34.0	5.0	4	55.0	良	**	**		クレパスキュラー															
2023104418	2026-01-05	1京都2		2.0	3歳未勝利								柴田裕一		ダ1900				2:03.9	3.0		11-11-15-15	30.4-38.5	40.0	464(+12)																																															晴		16.0	7.0	13.0	28.6	7.0	13	55.0	良	**	**		エドウィンナルコ															
2023104433	2025-08-23	4中京1		6.0	2歳新馬								小沢大仁		ダ1800				2:07.7	12.6		6-6-6-10	39.4-37.7	49.7	506(0)																																	晴		12.0	6.0	7.0	14.6	6.0	12	55.0	良	**	**		シュガービスケッツ																													
2023104433	2025-12-14	5中京4		2.0	2歳未勝利								富田暁		ダ1400				1:28.2	2.3		12-11	34.5-39.1	39.5	502(-4)																																	曇		13.0	7.0	11.0	159.0	13.0	11	56.0	稍	**	**		クラシオン																													
2023104433	2025-12-27	5阪神7		1.0	2歳未勝利								富田暁		ダ1200				1:16.3	3.5		13-13	35.5-37.3	39.5	508(+6)																																	晴		15.0	1.0	1.0	91.2	11.0	15	56.0	稍	**	**		ファイブタンゴ																													
2023104433	2026-01-17	1京都6		2.0	3歳未勝利								松若風馬		ダ1200				1:14.3	0.6		6-6	35.7-38.0	37.9	502(-6)																																	晴		16.0	1.0	1.0	482.0	15.0	6	57.0	良				グラスゴー																													
2023104446	2025-11-15	4京都3		6.0	2歳新馬								藤懸貴志		ダ1200				1:17.2	4.9		9-9	35.8-36.5	40.6	442(0)																																															晴		16.0	8.0	16.0	105.5	12.0	15	55.0	良	**	**		プリンセスモコ															
2023104492	2025-06-21	3東京5		5.0	2歳新馬								石神深道		芝1800				1:48.2	0.4		1-1-1	36.3-34.7	35.1	440(0)				300.0															晴		12.0	2.0	2.0	146.1	9.0	2	52.0	良	**	**		モノポリオ																																											
2023104492	2025-07-12	2福島5		1.0	2歳未勝利								石神深道		芝1800				1:50.9	-0.1		7-6-5-5	36.1-36.8	36.3	436(-4)				560.0															曇		10.0	8.0	10.0	3.7	2.0	1	52.0	良	**	**		(シーズザスローン)																																											
2023104492	2025-08-16	1札幌7		9.0	コスモス賞(OP)								丹内祐次		芝1800				1:50.1	0.7		8-8-5-2	36.9-35.5	35.7	434(-2)				402.5															晴		8.0	4.0	4.0	2.6	2.0	3	55.0	良	**	**		アスクエジンバラ																																											
2023104492	2025-12-06	5中山1		9.0	葉牡丹賞(1勝クラス)								プーシャ		芝2000				1:58.9	0.7		9-9-7-7	35.1-35.3	35.1	440(+6)				170.0															曇		11.0	8.0	10.0	20.1	6.0	4	56.0	良	**	**		サノノグレーター																																											
2023104492	2026-01-18	1中山7		11.0	京成杯(GIII)								丹内祐次		芝2000				1:59.8	0.5		9-7-7-7	35.6-34.7	34.6	446(+6)																																																													晴		15.0	1.0	1.0	61.1	12.0	7	57.0	良	**	**		グリーンエナジー	202606010711
2023104515	2025-12-27	5中山7		6.0	2歳新馬								柴田善臣		ダ1200				1:12.9	1.0		3-3	34.2-37.7	38.4	454(0)				190.0															曇		14.0	3.0	4.0	72.4	10.0	3	55.0	稍	**	**		ジェラートキティ																																											
2023104515	2026-01-18	1中山7		12.0	3歳未勝利								柴田善臣		芝1600				1:34.7	0.5		9-8-8	35.5-35.7	35.5	452(-2)																																																													晴		16.0	2.0	3.0	19.7	6.0	8	55.0	良	**	**		サンヴィクトワール	202606010712
2023104525	2026-01-05	1京都2		3.0	3歳新馬								西村淳也		ダ1200				1:16.3	2.8		10-9	36.1-37.4	38.2	510(0)																																															晴		14.0	7.0	11.0	20.4	7.0	13	57.0	良	**	**		マナボニート															
2023104528	2025-09-13	4阪神3		5.0	2歳新馬								鮫島克駿		芝1200				1:10.2	0.0		1-2	34.8-35.4	35.4	460(0)				300.0																																											曇		11.0	7.0	9.0	12.4	6.0	2	55.0	良	**	**		シラヌイ															
2023104528	2025-09-27	4阪神8		3.0	2歳未勝利								松山弘平		芝1200				1:09.4	0.3		4-3	34.0-35.1	35.0	458(-2)				140.0																																											晴		14.0	7.0	13.0	21.4	8.0	3	55.0	良	**	**		フォーゲル															
2023104528	2025-11-22	4京都5		3.0	2歳未勝利								西村淳也		芝1200				1:08.6	-0.1		1-1	33.6-35.0	35.0	464(+6)				560.0																																											晴		18.0	3.0	5.0	4.3	2.0	1	56.0	良	**	**		(マーゴットミスト)															
2023104528	2025-12-06	5阪神1		9.0	さざんか賞(1勝クラス)								松山弘平		芝1200				1:09.1	0.0		1-1	35.2-33.9	33.9	460(-4)				445.0																																											晴		8.0	4.0	4.0	3.3	2.0	2	56.0	良	**	**		フォーゲル															
2023104531	2025-10-05	4東京2		5.0	2歳新馬								丹内祐次		芝2000				2:01.2	0.4		4-7-7	37.6-34.5	34.1	448(0)				75.0																																											晴		15.0	6.0	10.0	39.1	9.0	5	56.0	良	**	**		ゴーイントゥスカイ															
2023104531	2025-11-01	4東京10		3.0	2歳未勝利								横山武史		芝2000				2:01.1	1.1		7-5-5	36.3-33.2	33.8	448(0)																																															晴		11.0	7.0	9.0	22.3	5.0	6	56.0	稍	**	**		ソラネルマン															
2023104531	2025-12-14	5中山4		3.0	2歳未勝利								佐藤翔馬		芝2000				2:05.3	2.3		13-13-9-8	36.9-36.5	37.9	448(0)																																															雨		18.0	8.0	16.0	22.8	9.0	8	53.0	稍	**	**		ラージアンサンブル															
2023104546	2026-01-18	1京都7		5.0	3歳新馬								松山弘平		芝2000				2:05.5	2.0		12-12-11-13	37.5-35.4	36.6	502(0)																																																													晴		17.0	3.0	6.0	78.3	10.0	15	57.0	良	**	**		クリスレジーナ	202608010705
2023104564	2025-11-08	5東京1		4.0	2歳新馬								丸田恭介		ダ1300				1:24.1	3.8		13-13	31.2-36.5	37.6	462(0)																			晴		14.0	2.0	3.0	136.9	13.0	11	56.0	良	**	**		プールナバドラ																																											
2023104564	2025-11-24	5東京6		1.0	2歳未勝利								木幡育也		ダ1600				1:41.7	4.0		12-11	35.3-37.4	39.7	460(-2)																			晴		15.0	2.0	3.0	720.3	15.0	13	56.0	良	**	**		カレイジャスビート																																											
2023104564	2025-12-13	5中京3		1.0	2歳未勝利								上里直汰		ダ1800				1:58.9	3.5		13-13-13-13	38.4-37.4	38.8	462(+2)																			曇		14.0	1.0	1.0	585.8	14.0	14	53.0	良	**	**		インシオン																																											
2023104564	2026-01-12	1中山5		3.0	3歳未勝利								木幡育也		ダ1800				2:00.8	4.6		14-14-16-16	36.1-40.1	43.3	476(+14)																			晴		16.0	3.0	5.0	742.8	16.0	13	57.0	良	**	**		ジェイエルモーダル																																											
2023104564	2026-01-18	1中山7		3.0	3歳未勝利								木幡育也		ダ1800				2:01.5	5.8		9-9-9-10	38.0-38.6	43.7	472(-4)																																																													晴		13.0	4.0	4.0	728.7	13.0	12	57.0	良	**	**		サイモフェーン	202606010703
2023104586	2026-01-04	1京都1		4.0	3歳新馬								和田竜二		ダ1800				1:56.8	1.6		5-5-8-8	36.4-39.6	39.1	504(0)																																	晴		12.0	3.0	3.0	63.3	9.0	6	57.0	良	**	**		ペイシャプル																													
2023104586	2026-01-17	1京都6		3.0	3歳未勝利								松山弘平		ダ1900				2:07.5	5.4		2-2-5-7	30.4-38.6	43.0	502(-2)																																	晴		13.0	7.0	11.0	10.3	5.0	13	57.0	良				テスタヴェローチェ																													
2023104590	2026-01-12	1中山5		5.0	3歳新馬								上里直汰		ダ1200				1:14.4	0.5		8-8	36.2-37.7	37.6	446(0)				160.0																																											晴		16.0	7.0	13.0	11.8	6.0	3	52.0	良	**	**		スローモーション															
2023104612	2025-12-21	5中京6		5.0	2歳新馬								菅原明良		ダ1400				1:27.9	1.9		10-10	35.8-37.5	38.5	460(0)																			雨		15.0	6.0	11.0	16.4	6.0	8	55.0	稍	**	**		ペルセポネ																																											
2023104612	2026-01-18	1京都7		3.0	3歳未勝利								永島まな		ダ1400				1:28.2	1.9		4-3	35.2-38.4	39.9	462(+2)																																																													晴		16.0	7.0	13.0	164.9	15.0	11	53.0	良	**	**		カフジクロミエ	202608010703
2023104669	2025-11-08	4京都1		6.0	2歳新馬								松山弘平		芝1400				1:23.9	1.2		4-4	35.8-35.2	36.0	472(0)																																															晴		11.0	8.0	10.0	4.0	2.0	6	56.0	良	**	**		コスモレッド															
2023104669	2025-12-28	5阪神8		2.0	2歳未勝利								吉村誠之		芝1400				1:23.0	1.6		12-13	34.2-35.5	36.1	470(-2)																																															晴		17.0	8.0	17.0	46.1	8.0	16	56.0	良	**	**		デアヴェローチェ															
2023104676	2025-10-25	4東京8		5.0	2歳新馬								横山典弘		芝2000				2:03.9	0.8		3-3-3	37.8-34.2	34.8	466(0)																																															小雨		9.0	6.0	6.0	18.5	6.0	6	56.0	良	**	**		ウップヘリーア															
2023104676	2025-11-15	5東京3		4.0	2歳未勝利								横山典弘		芝2000				2:01.5	0.7		13-13-12	37.0-34.1	33.9	464(-2)																																															晴		13.0	1.0	1.0	52.5	6.0	7	56.0	良	**	**		オルフセン															
2023104676	2025-12-07	5阪神2		4.0	2歳未勝利								横山典弘		芝2000				2:02.0	0.0		3-4-5-5	38.4-34.6	33.9	462(-2)				560.0																																											晴		8.0	7.0	7.0	7.7	4.0	1	56.0	良	**	**		(ダーリンダーリン)															
2023104676	2025-12-27	5中山7		11.0	ホープフルS(GI)								横山典弘		芝2000				2:01.9	0.9		9-9-12-13	35.5-35.2	34.9	464(+2)																																															曇		16.0	4.0	8.0	151.9	15.0	11	56.0	良	**	**		ロブチェン															
2023104677	2026-01-17	1京都6		4.0	3歳新馬								和田陽希		ダ1400				1:34.3	7.3		16-16	36.4-37.5	40.9	478(0)																																	晴		16.0	6.0	11.0	121.2	14.0	16	52.0	良				ホウショウルクス																													
2023104680	2025-12-28	5中山8		6.0	2歳新馬								横山和生		芝2000				2:04.0	0.4		3-3-2-2	36.7-35.8	36.0	452(0)				75.0															晴		18.0	7.0	14.0	34.7	8.0	5	55.0	良	**	**		コンジェスタス																																											
2023104680	2026-01-18	1中山7		12.0	3歳未勝利								横山和生		芝1600				1:34.5	0.3		2-3-3	35.5-35.7	35.8	450(-2)				59.0																																																									晴		16.0	6.0	12.0	21.5	7.0	5	55.0	良	**	**		サンヴィクトワール	202606010712
2023104682	2025-09-06	4阪神1		6.0	2歳新馬								高杉吏麒		ダ1400				1:26.9	2.3		8-4	35.2-37.0	38.3	470(0)				190.0															晴		13.0	3.0	3.0	42.3	8.0	3	54.0	稍	**	**		マグナヴィクトル																																											
2023104682	2025-12-14	5阪神4		2.0	2歳未勝利								高杉吏麒		ダ1400				1:26.7	2.0		13-10	34.3-38.0	38.6	482(+12)																			曇		16.0	7.0	14.0	8.0	3.0	9	56.0	稍	**	**		カナタコナタ																																											
2023104682	2026-01-04	1京都1		2.0	3歳未勝利								田山旺佑		ダ1800				1:54.8	1.3		9-9-9-9	36.0-38.0	37.8	478(-4)				150.0															晴		16.0	7.0	14.0	16.0	5.0	3	54.0	良	**	**		タガノエルー																																											
2023104682	2026-01-18	1京都7		2.0	3歳未勝利								松山弘平		ダ1800				1:55.8	-0.1		2-2-2-2	38.4-38.2	38.1	478(0)				590.0																																																									晴		12.0	8.0	12.0	2.6	1.0	1	57.0	良	**	**		(コスモブラック)	202608010702
2023104691	2025-10-11	4東京3		5.0	2歳新馬								遠藤汰月		芝1600				1:37.5	1.0		11-11	36.8-34.0	34.1	430(0)																			雨		14.0	3.0	4.0	322.5	14.0	12	53.0	良	**	**		シュペルリング																																											
2023104691	2025-10-26	4東京9		3.0	2歳未勝利								松岡正海		芝1600				1:36.5	2.4		3-3	34.3-36.1	36.6	430(0)																			小雨		11.0	6.0	6.0	107.7	8.0	8	56.0	稍	**	**		リゾートアイランド																																											
2023104691	2026-01-18	1中山7		1.0	3歳未勝利								松岡正海		ダ1200				1:14.9	1.8		15-15	33.5-39.6	39.0	434(+4)																																																													晴		16.0	8.0	15.0	303.2	15.0	9	57.0	良	**	**		マーガレットクレア	202606010701
2023104764	2025-09-06	4中山1		5.0	2歳新馬								石神深道		芝1200				1:09.5	0.5		9-7	34.3-34.7	34.0	488(0)				110.0																													晴		16.0	2.0	3.0	21.2	5.0	4	52.0	良	**	**		ランプローグ																													
2023104764	2026-01-17	1中山6		1.0	3歳未勝利								石神深道		ダ1200				1:14.0	1.0		5-7	34.4-38.6	39.0	498(+10)				59.0																													晴		16.0	7.0	14.0	4.2	2.0	5	54.0	良				サントマーレ																													
2023104775	2026-01-17	1京都6		4.0	3歳新馬								斎藤新		ダ1400				1:29.5	2.5		15-15	36.4-37.5	38.3	432(0)																																	晴		16.0	5.0	10.0	139.5	15.0	13	55.0	良				ホウショウルクス																													
2023104793	2026-01-18	1中山7		1.0	3歳未勝利								柴田大知		ダ1200				1:15.4	2.3		16-16	33.5-39.6	38.7	462(0)																																																													晴		16.0	1.0	2.0	213.9	13.0	12	55.0	良	**	**		マーガレットクレア	202606010701
2023104798	2025-08-10	2新潟6		3.0	2歳新馬								松山弘平		ダ1200				1:13.3	0.5		4-4	34.7-38.1	38.1	448(0)				190.0															雨		15.0	8.0	15.0	6.1	2.0	3	55.0	稍	**	**		マイネルミストラル																																											
2023104798	2025-09-06	4阪神1		1.0	2歳未勝利								永島まな		ダ1400				1:26.1	0.9		2-2	35.4-37.0	37.7	460(+12)																			晴		9.0	4.0	4.0	6.5	3.0	6	53.0	重	**	**		エブリデイ																																											
2023104798	2025-10-11	3京都3		1.0	2歳未勝利								松山弘平		ダ1200				1:12.9	-0.2		2-2	35.3-37.6	37.4	468(+8)				560.0															曇		16.0	7.0	14.0	2.9	1.0	1	56.0	良	**	**		(リアルアルバ)																																											
2023104798	2025-12-07	5中山2		6.0	2歳1勝クラス								石橋脩		ダ1200				1:12.1	0.2		2-2	35.7-36.2	36.1	476(+8)				320.0															晴		6.0	5.0	5.0	9.1	4.0	2	56.0	良	**	**		ルクスレイモンド																																											
2023104798	2026-01-18	1京都7		4.0	3歳1勝クラス								松山弘平		ダ1200				1:12.8	0.1		4-4	35.3-37.4	37.0	474(-2)				330.0																																																									晴		10.0	8.0	9.0	7.0	2.0	2	57.0	良	**	**		ラブルラウザー	202608010704
2023104816	2025-11-09	3福島2		6.0	2歳新馬								石川裕紀		ダ1700				1:48.5	-0.1		3-6-2-2	31.1-39.0	39.0	500(0)				750.0																																											曇		15.0	8.0	15.0	5.9	2.0	1	56.0	良	**	**		(ブリッジエフェクト)															
2023104849	2025-10-25	4東京8		6.0	2歳新馬								木幡巧也		ダ1600				1:41.3	3.7		11-13	36.4-36.2	38.2	482(0)																																															小雨		16.0	8.0	15.0	21.9	6.0	15	55.0	稍	**	**		ホウオウルクソール															
2023104849	2026-01-12	1中山5		1.0	3歳未勝利								木幡巧也		ダ1200				1:12.9	0.1		5-5	35.1-37.7	37.5	478(-4)				240.0																																											晴		16.0	6.0	11.0	79.1	9.0	2	55.0	良	**	**		アイスメルティング															
2023104853	2026-01-04	1中山1		3.0	3歳新馬								長浜鴻緒		ダ1200				1:15.3	2.1		5-4	35.4-37.8	39.2	390(0)				65.0																																											晴		15.0	2.0	3.0	71.4	10.0	5	53.0	稍	**	**		エアサロメ															
2023104872	2025-10-19	3京都7		5.0	2歳新馬								松若風馬		芝2000				2:03.8	1.7		6-6-7-6	36.9-35.8	37.0	450(0)																																															曇		11.0	7.0	8.0	76.1	9.0	9	56.0	良	**	**		ヴァロンブローサ															
2023104885	2025-06-29	2福島2		5.0	2歳新馬								大野拓弥		芝1800				1:50.0	0.5		3-3-3-2	35.6-36.5	36.7	478(0)				190.0															晴		13.0	8.0	13.0	5.4	3.0	3	55.0	良	**	**		ロスパレドネス																																											
2023104885	2025-07-27	2新潟2		2.0	2歳未勝利								戸崎圭太		芝1800				1:47.8	0.4		1-1	36.3-33.0	33.4	476(-2)				220.0															晴		6.0	6.0	6.0	4.4	2.0	2	55.0	良	**	**		ゾロアストロ																																											
2023104885	2025-08-16	2新潟7		1.0	2歳未勝利								戸崎圭太		芝1800				1:48.2	-0.2		1-1	36.4-34.4	34.4	474(-2)				560.0															晴		13.0	6.0	8.0	1.5	1.0	1	55.0	良	**	**		(ユメシルベ)																																											
2023104885	2025-09-06	2札幌5		11.0	札幌2歳S(GIII)								斎藤新		芝1800				1:50.6	0.0		1-1-1-1	38.2-36.1	36.1	478(+4)				1212.2															曇		12.0	1.0	1.0	31.1	10.0	2	55.0	良	**	**		ショウナンガルフ																																											
2023104885	2025-12-27	5中山7		11.0	ホープフルS(GI)								斎藤新		芝2000				2:02.1	1.1		2-2-2-2	35.5-35.2	36.1	490(+12)																			曇		16.0	7.0	14.0	55.0	11.0	12	56.0	良	**	**		ロブチェン																																											
2023104885	2026-01-18	1中山7		11.0	京成杯(GIII)								斎藤新		芝2000				1:59.9	0.6		1-1-1-1	35.6-34.7	35.3	492(+2)																																																													晴		15.0	6.0	10.0	27.3	7.0	10	57.0	良	**	**		グリーンエナジー	202606010711
2023104900	2025-08-30	3新潟3		5.0	2歳新馬								菊沢一樹		芝1400				1:24.8	1.7		4-4	35.2-35.7	37.0	428(0)																																															曇		18.0	7.0	13.0	136.3	12.0	13	55.0	良	**	**		ミツカネベネラ															
2023104900	2025-11-09	3福島2		2.0	2歳未勝利								菊沢一樹		芝1200				1:10.2	0.8		15-15	34.0-35.4	35.1	434(+6)																																															曇		16.0	7.0	14.0	291.9	16.0	11	55.0	良	**	**		アンジュプロミス															
2023104905	2025-09-14	4阪神4		5.0	2歳新馬								鮫島克駿		芝2000				2:05.8	1.3		5-5-5-5	39.2-34.2	35.1	486(0)																			曇		7.0	6.0	6.0	46.2	5.0	6	55.0	良	**	**		ブルースカイブルー																																											
2023104905	2025-10-12	3京都4		3.0	2歳未勝利								鮫島克駿		芝2000				2:02.3	2.8		1-1-2-2	35.8-35.5	38.3	488(+2)																			曇		9.0	4.0	4.0	46.4	7.0	9	56.0	良	**	**		ブレナヴォン																																											
2023104905	2026-01-05	1京都2		6.0	3歳未勝利								酒井学		芝1600								35.2-35.6		490(+2)																			晴		14.0	6.0	10.0			除	57.0	良	**	**		ベルサンローラン																																											
2023104905	2026-01-18	1京都7		6.0	3歳未勝利								酒井学		芝1600				1:35.4	1.4		11-13	33.6-36.8	36.9	492(+4)																																																													晴		18.0	6.0	11.0	170.3	14.0	15	57.0	良	**	**		マゲバスピード	202608010706
2023104914	2025-11-24	5東京6		6.0	2歳新馬								佐々木大		芝1600				1:35.9	1.5		4-4	35.6-34.3	35.1	412(0)																																															晴		13.0	5.0	7.0	34.1	7.0	9	55.0	良	**	**		フェルミアーク															
2023104932	2025-06-28	1函館5		5.0	2歳新馬								横山和生		芝1200				1:12.7	2.6		14-14	34.4-35.7	35.9	452(0)																																	晴		16.0	5.0	9.0	112.8	15.0	15	55.0	稍	**	**		フィオラーノ																													
2023104932	2025-09-06	2札幌5		1.0	2歳未勝利								松岡正海		ダ1700				1:51.5	2.7		10-10-10-10	30.9-39.0	40.2	458(+6)																																	晴		10.0	7.0	8.0	45.4	8.0	8	55.0	良	**	**		リピース																													
2023104932	2025-09-20	4中山6		1.0	2歳未勝利								黛弘人		ダ1800				1:59.1	3.4		11-12-12-11	37.2-40.2	41.1	462(+4)																																	曇		13.0	4.0	4.0	277.6	12.0	9	55.0	重	**	**		ラフレードピエル																													
2023104932	2025-10-18	4新潟1		2.0	2歳未勝利								丸田恭介		ダ1800				1:59.5	4.8		11-13-10-12	37.0-39.0	42.3	466(+4)																																	曇		14.0	8.0	14.0	288.5	13.0	13	56.0	良	**	**		ゴールデンブラッド																													
2023104932	2026-01-17	1中山6		2.0	3歳未勝利								松岡正海		ダ1800				1:59.6	4.1		8-9-10-11	37.7-39.6	42.2	472(+6)																																	晴		16.0	4.0	7.0	415.2	15.0	13	57.0	良				ウリズンベー																													
2023104936	2025-12-07	5阪神2		5.0	2歳新馬								田口貫太		芝1600				1:36.2	0.0		1-1	36.4-34.1	34.1	460(0)				300.0															晴		17.0	1.0	1.0	15.3	6.0	2	56.0	良	**	**		アンソニー																																											
2023104936	2025-12-28	5阪神8		3.0	2歳未勝利								田口貫太		芝1800				1:47.1	0.9		8-7	34.6-35.2	35.5	464(+4)																			晴		18.0	8.0	16.0	7.8	4.0	6	56.0	良	**	**		ストームゲイル																																											
2023104936	2026-01-18	1京都7		6.0	3歳未勝利								田口貫太		芝1600				1:34.6	0.6		13-9	33.6-36.8	35.9	460(-4)																																																													晴		18.0	7.0	15.0	87.5	11.0	6	57.0	良	**	**		マゲバスピード	202608010706
2023104937	2026-01-18	1京都7		5.0	3歳新馬								ハマーハ		芝2000				2:04.0	0.5		8-6-4-3	37.5-35.4	35.7	482(0)				65.0																																																									晴		17.0	8.0	16.0	22.4	6.0	5	57.0	良	**	**		クリスレジーナ	202608010705
2023104940	2026-01-18	1京都7		5.0	3歳新馬								小崎綾也		芝2000				2:04.0	0.5		3-3-4-5	37.5-35.4	35.6	470(0)				98.0																																																									晴		17.0	1.0	1.0	135.5	12.0	4	57.0	良	**	**		クリスレジーナ	202608010705
2023104950	2026-01-05	1中山2		5.0	3歳新馬								難波剛健		芝1600				1:35.9	0.6		11-4-5	35.7-35.8	35.7	474(0)				98.0																																											晴		16.0	8.0	15.0	128.4	12.0	4	57.0	良	**	**		デイトナチャンプ															
2023104953	2025-07-31	園田		5.0	NewBeginni(初出)								下原理		ダ1400				1:31.3	0.0		1-1-1-1		37.7	495(0)				100.0																																											晴		5.0	2.0	2.0	1.8	2.0	2	55.0	良	**	**		リーガルタイム															
2023104953	2025-08-20	園田		5.0	JRA認定アッパート								下原理		ダ1400				1:33.3	-0.4		1-1-1-1		38.1	497(+2)				300.0																																											晴		5.0	4.0	4.0	1.2	1.0	1	55.0	良	**	**		(シェナマックス)															
2023104953	2025-09-25	園田		11.0	兵庫ジュベナイルカッ(重賞)								下原理		ダ1400				1:30.5	0.3		3-3-1-1		38.7	496(-1)				175.0																																											曇		10.0	6.0	6.0	5.1	3.0	3	55.0	良	**	**		エイシンイワハシル															
2023104953	2025-10-29	園田		11.0	ネクストスター園田(重賞)								下原理		ダ1400				1:33.1	2.5		4-4-5-6		41.3	497(+1)																																															晴		8.0	1.0	1.0	13.1	4.0	7	55.0	良	**	**		エイシンイワハシル															
2023104953	2025-12-31	園田		11.0	園田ジュニアC(重賞)								下原理		ダ1700				1:55.3	2.1		3-3-3-7		41.5	497(0)																																															曇		12.0	7.0	9.0	12.6	5.0	7	55.0	良	**	**		ゴッドフェンサー															
2023104954	2026-01-17	1中山6		1.0	3歳未勝利								菅原隆一		ダ1200				1:15.9	2.9		16-16	34.4-38.6	39.2	404(0)																																	晴		16.0	1.0	2.0	342.9	15.0	16	55.0	良				サントマーレ																													
2023104957	2025-11-30	4京都8		6.0	2歳新馬								河原田菜		芝2000				2:03.8	1.5		8-8-8-8	37.3-34.9	35.3	428(0)				75.0																													晴		8.0	8.0	8.0	100.3	8.0	5	51.0	良	**	**		パラディオン																													
2023104957	2025-12-14	5中京4		4.0	2歳未勝利								河原田菜		芝2000				2:04.1	2.1		10-9-10-10	36.7-35.5	36.6	426(-2)																																	曇		13.0	7.0	10.0	67.0	10.0	10	51.0	稍	**	**		グレーヌドジョワ																													
2023104957	2026-01-05	1京都2		1.0	3歳未勝利								河原田菜		ダ1800				1:56.6	3.1		11-11-12-12	35.6-38.7	39.4	430(+4)																																	晴		14.0	4.0	5.0	130.1	12.0	11	51.0	良	**	**		ルージュビバーチェ																													
2023104957	2026-01-17	1京都6		5.0	3歳未勝利								菱田裕二		芝2000				2:03.9	2.8		15-15-15-16	34.8-36.8	37.7	430(0)																																	晴		18.0	8.0	17.0	576.1	17.0	14	55.0	良				ラコンチャビエン																													
2023104992	2025-08-10	2新潟6		3.0	2歳新馬								菊沢一樹		ダ1200				1:15.5	2.7		6-7	34.7-38.1	39.4	496(0)																																	雨		15.0	7.0	13.0	22.5	7.0	9	55.0	稍	**	**		マイネルミストラル																													
2023104992	2025-09-15	4中山5		1.0	2歳未勝利								菊沢一樹		ダ1200				1:13.7	0.4		7-7	33.7-39.6	39.3	488(-8)				140.0																													曇		16.0	2.0	3.0	21.5	6.0	3	55.0	良	**	**		トップマジシャン																													
2023104992	2025-10-13	4東京5		2.0	2歳未勝利								菊沢一樹		ダ1400				1:28.5	2.0		4-4	36.1-37.6	39.0	498(+10)																																	晴		13.0	5.0	6.0	15.0	6.0	8	56.0	良	**	**		エッジアキュート																													
2023104992	2026-01-05	1中山2		1.0	3歳未勝利								菊沢一樹		ダ1200				1:13.1	0.7		12-10	34.8-37.6	37.3	496(-2)				150.0																													晴		16.0	6.0	11.0	8.3	4.0	3	57.0	稍	**	**		ヴァイオスペース																													
2023104992	2026-01-17	1中山6		1.0	3歳未勝利								菊沢一樹		ダ1200				1:14.0	1.0		5-5	34.4-38.6	39.1	492(-4)																																	晴		16.0	2.0	4.0	6.8	4.0	6	57.0	良				サントマーレ																													
2023104998	2025-06-14	1函館1		5.0	2歳新馬								池添謙一		芝1000				0:56.4	-0.5		1-1	33.7-33.9	33.9	452(0)				750.0																																											晴		12.0	1.0	1.0	1.5	1.0	1	55.0	良	**	**		(ファニーバニー)															
2023104998	2025-07-20	1函館12		11.0	函館2歳S(GIII)								池添謙一		芝1200				1:09.0	0.6		4-3	34.3-34.1	34.2	454(+2)				786.3																																											晴		12.0	2.0	2.0	2.6	2.0	3	55.0	良	**	**		エイシンディード															
2023104998	2025-10-04	3京都1		9.0	りんどう賞(1勝クラス)								池添謙一		芝1400				1:22.8	1.1		5-5	35.0-34.8	35.3	460(+6)																																															小雨		8.0	2.0	2.0	4.5	2.0	8	55.0	重	**	**		ラスティングスノー															
2023104998	2025-12-06	5阪神1		9.0	さざんか賞(1勝クラス)								武豊		芝1200				1:09.5	0.4		4-2	35.2-33.9	33.9	452(-8)				282.5																																											晴		8.0	7.0	7.0	3.8	3.0	3	55.0	良	**	**		フォーゲル															
2023105003	2025-12-21	5中山6		5.0	2歳新馬								原優介		芝1600				1:36.0	0.9		5-5-5	35.3-35.7	36.2	452(0)				190.0															曇		16.0	3.0	6.0	38.0	8.0	3	55.0	重	**	**		ロデオドライブ																																											
2023105003	2026-01-18	1中山7		12.0	3歳未勝利								原優介		芝1600				1:35.6	1.4		3-3-5	35.5-35.7	36.8	450(-2)																																																													晴		16.0	7.0	14.0	37.0	10.0	13	55.0	良	**	**		サンヴィクトワール	202606010712
2023105008	2025-10-12	4東京4		4.0	2歳新馬								武豊		ダ1300				1:21.3	0.5		7-8	30.0-37.9	37.9	488(0)																																	曇		16.0	1.0	2.0	5.9	3.0	6	56.0	良	**	**		レイオブファイア																													
2023105008	2025-10-25	3京都8		2.0	2歳未勝利								坂井瑠星		ダ1800				1:55.6	-0.5		3-3-3-2	38.7-37.7	37.3	484(-4)				560.0																													曇		11.0	8.0	11.0	3.3	2.0	1	56.0	良	**	**		(サンライズケヴィン)																													
2023105008	2026-01-17	1京都6		6.0	3歳1勝クラス								武豊		ダ1800				1:55.6	2.0		8-7-7-7	37.7-36.5	37.7	494(+10)																																	晴		8.0	8.0	8.0	22.2	7.0	7	57.0	良				トリグラフヒル																													
2023105011	2025-10-26	4新潟4		5.0	2歳新馬								亀田温心		芝1600				1:37.7	-0.5		2-2	37.7-33.9	33.8	518(0)				750.0																																											雨		18.0	4.0	8.0	12.0	7.0	1	56.0	稍	**	**		(アロンソア)															
2023105011	2025-12-06	5中京1		9.0	こうやまき賞(1勝クラス)								亀田温心		芝1600				1:37.3	0.5		1-1-1	37.4-33.6	34.1	522(+4)																																															晴		8.0	8.0	8.0	6.2	5.0	6	56.0	良	**	**		クールデイトナ															
2023105011	2026-01-04	1中山1		10.0	ジュニアC(L)								横山武史		芝1600				1:35.1	0.3		3-3-4	35.5-35.2	35.1	522(0)																																															晴		8.0	8.0	8.0	15.3	5.0	6	57.0	良	**	**		リゾートアイランド															
2023105054	2025-11-30	4京都8		6.0	2歳新馬								古川吉洋		芝2000								37.3-34.9		計不																			晴		8.0	3.0	3.0			取	55.0	良	**	**		パラディオン																																											
2023105054	2026-01-18	1京都7		5.0	3歳新馬								古川吉洋		芝2000				2:05.3	1.8		10-11-11-12	37.5-35.4	36.5	412(0)																																																													晴		17.0	4.0	8.0	29.2	7.0	14	55.0	良	**	**		クリスレジーナ	202608010705
2023105060	2026-01-17	1中山6		3.0	3歳新馬								横山和生		ダ1800				1:57.1	0.2		1-1-1-1	38.4-40.2	40.4	524(0)				98.0																													晴		16.0	8.0	15.0	3.8	2.0	4	57.0	良				ガムラスタン																													
2023105064	2025-10-26	4東京9		5.0	2歳新馬								大野拓弥		芝1800				1:55.0	5.4		14-14-15	37.8-34.4	36.8	474(0)																			小雨		16.0	4.0	8.0	87.8	12.0	16	55.0	稍	**	**		ヴァリスマリネリス																																											
2023105064	2026-01-18	1中山7		2.0	3歳未勝利								水沼元輝		ダ1800				2:00.0	2.6		14-14-14-13	37.1-41.2	42.4	466(-8)																																																													晴		16.0	6.0	12.0	192.6	15.0	11	52.0	良	**	**		デルマホダカ	202606010702
2023105093	2025-07-06	2小倉4		6.0	2歳新馬								坂井瑠星		ダ1000				1:01.7	0.2		5-3	35.8-38.0	37.7	496(0)				300.0																																											晴		5.0	2.0	2.0	1.4	1.0	2	55.0	良	**	**		ロードヴィゴラス															
2023105093	2025-07-20	2小倉8		1.0	2歳未勝利								坂井瑠星		ダ1000				1:01.0	2.6		4-5	34.3-35.6	37.8	484(-12)				56.0																																											晴		11.0	7.0	8.0	2.2	1.0	5	55.0	稍	**	**		ローズカリス															
2023105125	2025-10-18	4新潟1		5.0	2歳新馬								松山弘平		ダ1200				1:13.8	0.7		1-1	35.7-37.4	38.1	478(0)				190.0																																											曇		15.0	3.0	4.0	3.5	1.0	3	55.0	良	**	**		ジェイエルキャリア															
2023105125	2025-11-09	3福島2		1.0	2歳未勝利								丸山元気		ダ1150				1:10.3	0.2		1-1	32.0-38.1	38.3	486(+8)				220.0																																											曇		16.0	6.0	12.0	4.1	2.0	2	55.0	良	**	**		グラティアム															
2023105125	2025-11-24	3福島6		1.0	2歳未勝利								丸山元気		ダ1150				1:10.0	0.7		1-1	31.6-37.7	38.4	484(-2)				140.0																																											晴		16.0	7.0	13.0	5.7	4.0	3	55.0	良	**	**		ルクスレイモンド															
2023105137	2025-12-07	5中山2		3.0	2歳新馬								原田和真		ダ1800				1:55.7	-0.5		3-4-2-1	38.1-37.6	37.5	480(0)				750.0																																											晴		13.0	8.0	12.0	4.1	2.0	1	56.0	良	**	**		(カフェラジェム)															
2023105162	2025-09-06	4中山1		6.0	2歳新馬								原優介		ダ1200				1:13.1	0.6		6-5	34.7-37.8	37.4	490(0)				190.0																																											晴		16.0	8.0	16.0	16.5	6.0	3	55.0	稍	**	**		アルデトップガン															
2023105162	2025-10-05	4東京2		1.0	2歳未勝利								原優介		ダ1400				1:28.7	3.6		10-10	35.4-36.9	39.8	492(+2)																																															曇		16.0	1.0	1.0	13.5	5.0	9	56.0	良	**	**		エコロシード															
2023105162	2026-01-10	1中山3		2.0	3歳未勝利								原優介		ダ1800				1:56.8	0.4		10-11-11-8	36.8-40.1	39.2	496(+4)				150.0																																											晴		16.0	4.0	8.0	15.5	5.0	3	57.0	良	**	**		ベルウッドピース															
2023105167	2025-12-07	5阪神2		6.0	2歳新馬								菱田裕二		ダ1800				2:01.0	7.0		6-6-5-8	38.4-37.6	43.6	448(0)																			晴		9.0	1.0	1.0	12.1	6.0	9	55.0	良	**	**		クイノールト																																											
2023105167	2026-01-18	1京都7		3.0	3歳未勝利								古川吉洋		ダ1400				1:29.1	2.8		13-12	35.2-38.4	39.9	444(-4)																																																													晴		16.0	3.0	5.0	60.4	9.0	14	55.0	良	**	**		カフジクロミエ	202608010703
2023105187	2025-06-21	3阪神5		5.0	2歳新馬								太宰啓介		芝1400				1:24.8	2.2		8-9	34.9-36.1	36.8	500(0)																			晴		12.0	3.0	3.0	73.7	9.0	11	55.0	良	**	**		タイセイボーグ																																											
2023105187	2025-07-26	2新潟1		1.0	2歳未勝利								丸山元気		ダ1200				1:13.7	1.3		7-7	34.5-37.9	37.5	506(+6)				84.0															晴		8.0	5.0	5.0	5.5	3.0	4	55.0	良	**	**		セイウンアインス																																											
2023105187	2025-09-06	4中山1		3.0	2歳未勝利								丸山元気		ダ1800				1:56.0	0.9		3-3-2-2	37.7-38.7	39.5	508(+2)				220.0															晴		9.0	6.0	6.0	3.7	2.0	2	55.0	重	**	**		ニャンタロウ																																											
2023105187	2025-10-04	3京都1		1.0	2歳未勝利								団野大成		ダ1800				1:54.1	1.9		2-3-3-2	36.1-37.7	39.3	508(0)																			雨		14.0	6.0	10.0	5.6	4.0	7	56.0	重	**	**		フルールドール																																											
2023105187	2025-10-18	4新潟1		2.0	2歳未勝利								松本大輝		ダ1800				1:56.6	1.9		3-2-2-2	37.0-39.0	40.7	506(-2)																			曇		14.0	2.0	2.0	7.5	3.0	6	55.0	良	**	**		ゴールデンブラッド																																											
2023105187	2025-10-25	3京都8		1.0	2歳未勝利								角田大和		ダ1400				1:26.5	0.2		12-10	34.7-39.6	38.7	506(0)				84.0															曇		14.0	3.0	4.0	34.8	10.0	4	56.0	良	**	**		ホールオブミラーズ																																											
2023105187	2026-01-18	1京都7		3.0	3歳未勝利								角田大和		ダ1400				1:27.7	1.4		13-12	35.2-38.4	38.6	506(0)																																															晴		16.0	5.0	9.0	7.7	4.0	7	57.0	良	**	**		カフジクロミエ															
2023105196	2025-11-09	5東京2		6.0	2歳新馬								柴田大知		ダ1600				1:43.8	4.8		3-4	35.8-37.2	41.7	476(0)																																															小雨		15.0	5.0	9.0	166.7	14.0	15	55.0	稍	**	**		ピースサイン															
2023105203	2025-10-05	3京都2		4.0	2歳新馬								酒井学		芝1200				1:10.0	-0.2		2-2	35.2-34.8	34.7	418(0)				750.0																													曇		12.0	5.0	6.0	3.2	1.0	1	55.0	稍	**	**		(ヒバリノコ)																													
2023105203	2025-11-01	3京都10		11.0	KBSファンタジーS(GIII)								酒井学		芝1400				1:21.7	0.8		1-1	35.3-34.0	34.8	418(0)																																	晴		12.0	4.0	4.0	24.8	7.0	9	55.0	良	**	**		フェスティバルヒル																													
2023105203	2025-12-13	5中山3		9.0	黒松賞(1勝クラス)								石橋脩		芝1200				1:08.2	-0.4		1-1	34.3-33.9	33.9	418(0)				1138.0																													曇		13.0	1.0	1.0	10.5	6.0	1	55.0	良	**	**		(ロンドンオービタル)																													
2023105203	2026-01-17	1京都6		10.0	紅梅S(L)								酒井学		芝1400				1:22.3	1.6		5-5	34.8-34.2	34.8	410(-8)																																	晴		9.0	5.0	5.0	56.7	8.0	7	55.0	良				リリージョワ																													
2023105211	2026-01-18	1京都7		5.0	3歳新馬								松本大輝		芝2000				2:05.6	2.1		3-3-4-5	37.5-35.4	37.2	438(0)																																																													晴		17.0	7.0	13.0	203.7	16.0	17	56.0	良	**	**		クリスレジーナ	202608010705
2023105228	2025-06-22	3阪神6		6.0	2歳新馬								川又賢治		ダ1200				1:17.0	2.6		2-2	36.0-38.4	41.0	418(0)																			晴		16.0	5.0	9.0	118.7	16.0	15	55.0	良	**	**		シュテフィ																																											
2023105228	2025-11-08	5東京1		2.0	2歳未勝利								原優介		ダ1600				1:42.2	3.6		2-2	35.6-37.1	40.7	420(+2)																			曇		15.0	2.0	2.0	136.1	9.0	12	55.0	良	**	**		アンディラメナ																																											
2023105228	2026-01-05	1京都2		1.0	3歳未勝利								古川奈穂		ダ1800				1:55.9	2.4		9-9-9-9	35.6-38.7	39.4	426(+6)																			晴		14.0	2.0	2.0	158.7	13.0	8	52.0	良	**	**		ルージュビバーチェ																																											
2023105228	2026-01-18	1京都7		2.0	3歳未勝利								古川奈穂		ダ1800				1:56.8	1.0		5-6-6-6	38.4-38.2	38.5	428(+2)																																																													晴		12.0	8.0	11.0	168.0	10.0	7	52.0	良	**	**		アミラル	202608010702
2023105230	2025-11-15	5東京3		5.0	2歳新馬								北村宏司		芝1800				1:49.3	0.6		7-5-5	37.3-33.9	33.9	446(0)				75.0																													晴		10.0	7.0	7.0	30.7	6.0	5	55.0	良	**	**		コレオシークエンス																													
2023105230	2026-01-17	1中山6		5.0	3歳未勝利								北村宏司		芝2000				2:02.5	1.8		18-18-14-14	35.6-35.5	36.2	436(-10)																																	晴		18.0	4.0	7.0	77.8	13.0	15	55.0	良				レダアトミカ																													
2023105232	2026-01-18	1京都7		5.0	3歳新馬								岩田望来		芝2000				2:04.9	1.4		14-15-16-15	37.5-35.4	35.7	474(0)																																																													晴		17.0	1.0	2.0	16.8	5.0	12	57.0	良	**	**		クリスレジーナ	202608010705
2023105233	2025-12-06	5中山1		5.0	2歳新馬								佐々木大		芝2000				2:02.5	1.4		15-14-14-12	36.4-34.9	34.9	408(0)																																															晴		18.0	6.0	12.0	21.5	6.0	9	56.0	良	**	**		ゴディアーモ															
2023105236	2025-10-05	3京都2		5.0	2歳新馬								松山弘平		芝1800				1:50.4	1.6		12-12	36.7-34.7	35.1	520(0)																			小雨		13.0	6.0	8.0	30.5	9.0	12	56.0	稍	**	**		コウギョク																																											
2023105236	2025-11-02	3京都11		1.0	2歳未勝利								吉村誠之		ダ1800				1:54.7	1.1		12-12-10-7	36.6-38.6	38.1	512(-8)				84.0															晴		15.0	6.0	11.0	7.6	3.0	4	55.0	稍	**	**		テイエムゴッホ																																											
2023105236	2025-11-23	4京都6		2.0	2歳未勝利								吉村誠之		ダ1800				1:56.1	2.1		3-3-2-3	36.0-38.3	40.1	510(-2)																			晴		13.0	8.0	12.0	2.7	1.0	8	55.0	良	**	**		クラックショット																																											
2023105236	2026-01-18	1京都7		2.0	3歳未勝利								吉村誠之		ダ1800				1:56.3	0.5		3-3-3-3	38.4-38.2	38.4	508(-2)				150.0																																																									晴		12.0	5.0	6.0	8.4	5.0	3	57.0	良	**	**		アミラル	202608010702
2023105246	2025-11-29	5東京7		5.0	2歳新馬								横山和生		芝1600				1:35.3	0.0		1-1	36.3-34.0	34.0	504(0)				300.0																													晴		13.0	6.0	8.0	7.3	3.0	2	55.0	良	**	**		ヴァロアーク																													
2023105246	2025-12-21	5中山6		3.0	2歳未勝利								横山和生		芝1800				1:52.2	0.0		1-1-1-1	38.2-35.0	35.0	502(-2)				560.0																													曇		15.0	7.0	12.0	5.5	3.0	1	55.0	重	**	**		(バンオンタイム)																													
2023105246	2026-01-17	1中山6		9.0	菜の花賞(1勝クラス)								横山和生		芝1600				1:34.7	0.3		1-1-1	35.3-34.6	34.9	496(-6)				292.6																													晴		8.0	3.0	3.0	5.9	3.0	3	55.0	良				アメティスタ																													
2023105247	2025-11-23	4京都6		5.0	2歳新馬								松山弘平		芝1800				1:48.3	0.5		6-3	36.1-34.1	34.4	472(0)				300.0																																											晴		9.0	7.0	7.0	10.0	4.0	2	56.0	良	**	**		スカイスプレンダー															
2023105250	2025-06-22	3東京6		5.0	2歳新馬								ディー		芝1600				1:34.8	0.2		1-1	35.6-35.1	35.3	496(0)				300.0															晴		16.0	1.0	1.0	6.5	4.0	2	55.0	良	**	**		サノノグレーター																																											
2023105250	2025-12-27	5阪神7		4.0	2歳未勝利								高杉吏麒		芝1600				1:33.9	0.1		6-4	34.6-35.4	35.1	500(+4)				220.0															晴		15.0	7.0	12.0	2.5	1.0	2	56.0	良	**	**		フレイムスター																																											
2023105250	2026-01-18	1京都7		6.0	3歳未勝利								川田将雅		芝1600				1:34.0	-0.1		3-3	33.6-36.8	36.3	502(+2)				590.0																																																									晴		18.0	2.0	4.0	3.0	2.0	1	57.0	良	**	**		(ララファキュルテ)	202608010706
2023105251	2025-09-28	4中山9		4.0	2歳新馬								木幡巧也		ダ1200				1:14.7	2.1		10-8	35.2-37.4	38.5	404(0)																																															晴		16.0	5.0	9.0	118.9	12.0	7	55.0	良	**	**		サノノアルペン															
2023105251	2025-11-09	3福島2		1.0	2歳未勝利								今村聖奈		ダ1150				1:12.5	2.4		15-14	32.0-38.1	37.5	410(+6)																																															曇		16.0	4.0	7.0	92.5	11.0	14	53.0	良	**	**		グラティアム															
2023105272	2025-09-07	4中山2		6.0	2歳新馬								津村明秀		ダ1800				1:56.9	0.3		2-3-2-2	37.1-40.3	40.6	510(0)				300.0																													晴		16.0	5.0	9.0	4.7	1.0	2	55.0	良	**	**		ヴァレンティーニ																													
2023105272	2025-09-21	4阪神7		3.0	2歳未勝利								藤岡佑介		ダ1800				1:56.8	0.7		7-5-6-5	38.2-38.8	38.9	504(-6)				84.0																													晴		11.0	4.0	4.0	2.4	1.0	4	55.0	良	**	**		タガノアバンドーネ																													
2023105272	2025-11-08	4京都1		1.0	2歳未勝利								坂井瑠星		ダ1800				1:53.3	-0.7		1-1-1-1	36.4-37.7	37.7	506(+2)				560.0																													晴		12.0	7.0	10.0	2.3	1.0	1	55.0	良	**	**		(ジーティービキニ)																													
2023105272	2026-01-17	1京都6		6.0	3歳1勝クラス								川田将雅		ダ1800				1:53.8	0.2		1-1-1-1	37.7-36.5	36.7	500(-6)				330.0																													晴		8.0	4.0	4.0	5.2	3.0	2	55.0	良				トリグラフヒル																													
2023105290	2025-11-15	4京都3		5.0	2歳新馬								坂井瑠星		芝1600				1:36.3	0.6		7-4	35.2-35.5	35.7	428(0)																			晴		18.0	5.0	9.0	9.0	5.0	6	55.0	良	**	**		グレースジェンヌ																																											
2023105290	2026-01-18	1京都7		6.0	3歳未勝利								坂井瑠星		芝1600				1:34.4	0.4		4-4	33.6-36.8	36.5	420(-8)				89.0																																																									晴		18.0	7.0	14.0	180.4	17.0	4	55.0	良	**	**		マゲバスピード	202608010706
2023105294	2025-07-20	1函館12		5.0	2歳新馬								池添謙一		芝1800				1:49.5	0.8		3-2-1-1	37.3-34.8	35.6	466(0)				75.0																													晴		9.0	8.0	9.0	3.7	2.0	5	55.0	良	**	**		アーレムアレス																													
2023105294	2026-01-05	1京都2		5.0	3歳未勝利								池添謙一		芝2000				2:02.6	0.3		5-4-4-3	35.7-36.0	36.0	480(+14)				89.0																													晴		17.0	4.0	8.0	4.6	3.0	4	57.0	良	**	**		タガノアルトゥーラ																													
2023105294	2026-01-17	1京都6		3.0	3歳未勝利								池添謙一		ダ1900				2:02.1	0.0		3-2-2-2	30.4-38.6	38.4	486(+6)				240.0																													晴		13.0	8.0	12.0	2.9	2.0	2	57.0	良				テスタヴェローチェ																													
2023105300	2025-08-17	3中京8		3.0	2歳新馬								坂井瑠星		芝1600				1:36.2	0.0		2-2-2	37.2-34.2	34.0	442(0)				750.0																													晴		9.0	2.0	2.0	2.4	1.0	1	55.0	良	**	**		(メイクワンズデイ)																													
2023105300	2025-09-20	4阪神6		8.0	野路菊S(OP)								坂井瑠星		芝1600				1:34.1	0.6		1-1	35.8-33.9	34.5	442(0)				644.0																													曇		6.0	6.0	6.0	2.4	2.0	2	55.0	良	**	**		アランカール																													
2023105300	2025-10-31	デルマー			BCJフィリーズターフ(GI)								坂井瑠星		芝1600										計不																																			12.0		6.0		5.0	11	55.5	良																																	
2023105300	2026-01-17	1京都6		10.0	紅梅S(L)								坂井瑠星		芝1400				1:23.4	2.7		3-3	34.8-34.2	36.1	446(0)																																	晴		9.0	7.0	7.0	12.2	5.0	9	55.0	良				リリージョワ																													
2023105312	2025-09-06	2札幌5		5.0	2歳新馬								浜中俊		芝1500				1:29.4	-0.5		4-2-2	29.7-35.4	35.2	444(0)				750.0																													晴		10.0	5.0	5.0	2.8	1.0	1	55.0	良	**	**		(ゴバド)																													
2023105312	2025-10-19	3京都7		9.0	もみじS(OP)								ルメール		芝1400				1:20.5	-0.1		1-1	35.1-34.2	34.2	434(-10)				1618.9																													曇		7.0	7.0	7.0	2.7	2.0	1	55.0	良	**	**		(ダイヤモンドノット)																													
2023105312	2026-01-17	1京都6		10.0	紅梅S(L)								ルメール		芝1400				1:20.7	-0.7		1-1	34.8-34.2	34.2	450(+16)				2120.3																													晴		9.0	8.0	9.0	1.6	1.0	1	55.0	良				(プリンセスモコ)																													
2023105349	2026-01-18	1京都7		5.0	3歳新馬								坂井瑠星		芝2000				2:05.6	2.1		14-14-14-15	37.5-35.4	36.5	454(0)																																																													晴		17.0	5.0	9.0	81.3	11.0	16	55.0	良	**	**		クリスレジーナ	202608010705
2023105387	2025-09-06	4阪神1		6.0	2歳新馬								小沢大仁		ダ1400				1:28.0	3.4		9-8	35.2-37.0	39.0	482(0)																																															晴		13.0	8.0	13.0	30.5	7.0	7	55.0	稍	**	**		マグナヴィクトル															
2023105387	2025-09-28	4中山9		1.0	2歳未勝利								団野大成		ダ1800				1:55.2	0.6		3-3-2-2	37.3-39.0	39.6	478(-4)				220.0																																											晴		12.0	8.0	11.0	37.0	7.0	2	55.0	良	**	**		ハイライトニング															
2023105387	2025-10-12	3京都4		2.0	2歳未勝利								団野大成		ダ1800				1:54.5	0.7		3-3-3-3	37.6-37.7	38.1	468(-10)				140.0																																											曇		7.0	1.0	1.0	4.8	4.0	3	56.0	良	**	**		サイン															
2023105387	2026-01-11	1京都4		1.0	3歳未勝利								団野大成		ダ1800				1:55.6	0.7		3-3-2-2	37.1-37.7	38.1	470(+2)				89.0																																											晴		16.0	8.0	16.0	14.0	6.0	4	57.0	良	**	**		キタノシャカール															
2023105414	2025-12-20	5阪神5		6.0	2歳新馬								和田竜二		ダ1800				1:56.7	1.8		3-3-3-5	38.4-37.3	38.8	478(0)																																															晴		16.0	4.0	7.0	117.5	12.0	7	55.0	良	**	**		メイショウコマチ															
2023105416	2025-12-27	5中山7		5.0	2歳新馬								丸山元気		芝1600				1:35.4	0.3		2-3-3	35.6-35.7	35.7	412(0)				110.0															曇		16.0	3.0	6.0	6.1	3.0	4	55.0	良	**	**		ルールザウェイヴ																																											
2023105416	2026-01-18	1中山7		12.0	3歳未勝利								丸山元気		芝1600				1:35.9	1.7		5-8-9	35.5-35.7	36.7	412(0)																																																													晴		16.0	7.0	13.0	47.1	11.0	15	55.0	良	**	**		サンヴィクトワール	202606010712
2023105432	2025-08-23	3新潟1		5.0	2歳新馬								石神深道		芝1600				1:39.0	0.4		3-3	38.3-33.8	33.8	464(0)																																	晴		13.0	7.0	10.0	77.8	11.0	6	52.0	良	**	**		ローザレイア																													
2023105432	2025-09-07	4阪神2		2.0	2歳未勝利								長岡禎仁		芝1600				1:35.2	1.3		4-5	34.8-34.9	35.6	460(-4)																																	晴		7.0	6.0	6.0	42.8	5.0	6	55.0	良	**	**		カクウチ																													
2023105432	2026-01-04	1中山1		5.0	3歳未勝利								長岡禎仁		芝1600				1:35.6	1.1		6-7-9	35.1-35.6	35.9	474(+14)																																	晴		16.0	7.0	14.0	171.2	13.0	10	57.0	良	**	**		タイセイアストロ																													
2023105432	2026-01-17	1中山6		2.0	3歳未勝利								石神深道		ダ1800				1:59.4	3.9		8-7-7-8	37.7-39.6	42.7	472(-2)																																	晴		16.0	5.0	10.0	56.6	9.0	12	54.0	良				ウリズンベー																													
2023105439	2025-11-09	5東京2		6.0	2歳新馬								松岡正海		ダ1600				1:39.6	0.6		9-9	35.8-37.2	37.0	472(0)				110.0																																											小雨		15.0	5.0	8.0	61.9	10.0	4	56.0	稍	**	**		ピースサイン															
2023105439	2025-12-06	5中山1		4.0	2歳未勝利								松岡正海		ダ1800				1:54.9	0.3		12-12-7-7	37.0-38.7	37.9	468(-4)				220.0																																											晴		16.0	5.0	9.0	14.7	5.0	2	56.0	良	**	**		ショウナンパトス															
2023105439	2026-01-04	1中山1		4.0	3歳未勝利								松岡正海		ダ1800				1:56.0	0.8		8-8-6-5	36.5-40.7	41.0	470(+2)				150.0																																											晴		12.0	5.0	5.0	2.9	2.0	3	57.0	稍	**	**		サトノリシャール															
2023105443	2025-10-19	4東京7		5.0	2歳新馬								石橋脩		芝1800				1:50.7	0.5		1-1-1	38.6-34.0	34.5	476(0)				190.0															雨		18.0	5.0	10.0	16.3	6.0	3	55.0	良	**	**		ブラウンバナナ																																											
2023105443	2025-11-09	5東京2		4.0	2歳未勝利								石橋脩		芝1800				1:47.8	0.7		3-4-2	35.2-35.2	35.6	478(+2)				56.0															小雨		14.0	8.0	13.0	56.2	8.0	5	55.0	良	**	**		ラディアントスター																																											
2023105443	2026-01-18	1中山7		2.0	3歳未勝利								石橋脩		ダ1800				2:00.0	2.6		2-2-1-1	37.1-41.2	43.8	460(-18)																																																													晴		16.0	3.0	5.0	5.1	3.0	10	55.0	良	**	**		デルマホダカ	202606010702
2023105456	2025-06-08	3東京2		5.0	2歳新馬								戸崎圭太		芝1800				1:47.7	0.9		7-7-7	35.4-34.8	34.9	482(0)				190.0															曇		10.0	6.0	6.0	9.5	3.0	3	55.0	良	**	**		ダノンヒストリー																																											
2023105456	2025-11-08	5東京1		3.0	2歳未勝利								戸崎圭太		芝2000				2:01.2	-0.5		2-2-2	37.5-32.9	32.9	492(+10)				560.0															曇		12.0	6.0	8.0	2.1	1.0	1	56.0	良	**	**		(プレイザリード)																																											
2023105456	2026-01-18	1中山7		11.0	京成杯(GIII)								戸崎圭太		芝2000				1:59.3	0.0		11-11-11-10	35.6-34.7	33.8	490(-2)				4153.9																																																									晴		15.0	3.0	4.0	4.3	2.0	1	57.0	良	**	**		(マテンロウゲイル)	202606010711
2023105461	2025-10-04	3京都1		5.0	2歳新馬								小沢大仁		芝2000				2:04.8	2.5		5-5-12-14	37.3-35.1	36.7	466(0)																			小雨		14.0	3.0	3.0	249.9	14.0	13	56.0	重	**	**		ダークマルス																																											
2023105461	2025-12-20	5阪神5		1.0	2歳未勝利								吉村誠之		ダ1400				1:28.1	2.6		13-12	34.4-38.7	39.3	468(+2)																			晴		16.0	1.0	1.0	57.9	9.0	9	56.0	良	**	**		ゴールデンバランス																																											
2023105461	2025-12-28	5阪神8		1.0	2歳未勝利								田山旺佑		ダ1800				1:58.5	3.2		9-9-8-8	37.6-38.7	40.7	470(+2)				56.0															晴		13.0	8.0	13.0	30.0	8.0	5	53.0	良	**	**		ミヤジオズ																																											
2023105461	2026-01-18	1京都7		2.0	3歳未勝利								田山旺佑		ダ1800				1:57.6	1.8		5-6-6-7	38.4-38.2	39.3	470(0)																																																													晴		12.0	3.0	3.0	215.3	11.0	10	54.0	良	**	**		アミラル	202608010702
2023105466	2025-12-28	5阪神8		4.0	2歳新馬								吉村誠之		ダ1400				1:27.5	0.3		2-1	34.9-39.8	40.1	468(0)				300.0																													晴		16.0	5.0	9.0	3.1	2.0	2	55.0	良	**	**		ソルオーブ																													
2023105466	2026-01-17	1京都6		2.0	3歳未勝利								吉村誠之		ダ1200				1:14.0	0.3		2-2	35.7-38.0	37.9	462(-6)				150.0																													晴		16.0	6.0	11.0	3.2	2.0	3	55.0	良				グラスゴー																													
2023105468	2025-08-24	4中京2		5.0	2歳新馬								小沢大仁		芝2000				2:06.9	1.0		2-2-2-2	41.1-33.7	34.6	484(0)				75.0																																											晴		5.0	1.0	1.0	3.8	2.0	5	55.0	良	**	**		ソラーロ															
2023105468	2025-09-21	4阪神7		4.0	2歳未勝利								小沢大仁		ダ1400				1:27.9	1.5		11-11	34.9-38.9	39.3	492(+8)																																															晴		13.0	4.0	5.0	16.4	4.0	8	55.0	良	**	**		キンダープンシュ															
2023105468	2025-09-27	4阪神8		2.0	2歳未勝利								高杉吏麒		ダ1800				1:55.8	1.2		4-3-4-3	38.3-37.3	38.1	486(-6)				220.0																																											晴		9.0	8.0	9.0	15.8	3.0	2	54.0	良	**	**		シーズザスローン															
2023105468	2025-11-15	4京都3		1.0	2歳未勝利								高杉吏麒		ダ1800				1:54.4	1.0		5-3-4-4	37.2-37.6	38.1	494(+8)																																															晴		11.0	1.0	1.0	5.9	4.0	6	56.0	良	**	**		ケンタッキーホーム															
2023105468	2025-12-06	5阪神1		2.0	2歳未勝利								高杉吏麒		ダ1800				1:56.4	2.7		4-6-6-5	37.3-37.4	39.4	496(+2)																																															晴		16.0	6.0	11.0	15.3	5.0	11	56.0	良	**	**		ヴォーカライズ															
2023105482	2025-12-28	5阪神8		4.0	2歳新馬								酒井学		ダ1400				1:28.4	1.2		9-10	34.9-39.8	39.7	412(0)																			晴		16.0	8.0	16.0	98.3	14.0	7	55.0	良	**	**		ソルオーブ																																											
2023105482	2026-01-18	1京都7		1.0	3歳未勝利								酒井学		ダ1200				1:15.5	2.0		13-13	36.6-36.9	37.7	408(-4)																																																													晴		16.0	1.0	1.0	216.4	13.0	14	55.0	良	**	**		オンザノアール	202608010701
2023105536	2025-07-19	2福島7		5.0	2歳新馬								木幡育也		芝1800				1:53.7	0.5		12-12-11-10	36.8-37.1	36.8	468(0)				110.0															晴		16.0	7.0	13.0	101.0	14.0	4	55.0	良	**	**		ザーフィル																																											
2023105536	2025-08-16	2新潟7		1.0	2歳未勝利								木幡育也		芝1800				1:50.4	2.2		12-12	36.4-34.4	35.7	466(-2)																			晴		13.0	2.0	2.0	24.4	6.0	11	55.0	良	**	**		ジーネキング																																											
2023105536	2025-09-21	4中山7		3.0	2歳未勝利								木幡育也		芝1800				1:52.3	2.9		7-7-7-7	36.7-35.4	37.3	464(-2)																			晴		10.0	7.0	8.0	47.6	5.0	9	55.0	良	**	**		パントルナイーフ																																											
2023105536	2026-01-18	1中山7		2.0	3歳未勝利								木幡育也		ダ1800				1:59.9	2.5		16-16-16-16	37.1-41.2	40.9	462(-2)																																																													晴		16.0	4.0	8.0	23.9	8.0	9	55.0	良	**	**		デルマホダカ	202606010702
2023105552	2025-11-15	3福島3		5.0	2歳新馬								上里直汰		芝2000				2:03.0	0.1		13-12-12-11	34.9-36.9	35.7	470(0)				300.0																																											晴		16.0	3.0	6.0	112.9	16.0	2	53.0	良	**	**		ショウグンマサムネ															
2023105553	2025-06-15	3東京4		5.0	2歳新馬								遠藤汰月		芝1600				1:39.0	3.3		3-2	36.4-34.8	37.9	498(0)																			曇		10.0	8.0	10.0	32.3	6.0	7	52.0	稍	**	**		リアライズシリウス																																											
2023105553	2025-10-13	4東京5		2.0	2歳未勝利								遠藤汰月		ダ1400				1:30.3	3.8		7-8	36.1-37.6	40.1	506(+8)																			晴		13.0	6.0	9.0	67.7	9.0	11	53.0	良	**	**		エッジアキュート																																											
2023105553	2025-11-01	4東京10		2.0	2歳未勝利								遠藤汰月		芝1400				1:24.2	0.7		12-12	36.9-34.0	33.6	508(+2)																			晴		12.0	8.0	11.0	205.8	10.0	6	53.0	稍	**	**		モルニケ																																											
2023105553	2025-11-24	5東京6		2.0	2歳未勝利								北村宏司		芝1400				1:23.0	1.7		16-15	35.3-34.0	34.0	508(0)																			晴		18.0	4.0	8.0	97.3	10.0	14	56.0	良	**	**		ミッキーダムール																																											
2023105553	2025-12-13	5中山3		3.0	2歳未勝利								菊沢一樹		芝1600				1:35.0	1.2		4-10-10	34.8-34.9	35.1	506(-2)																			曇		16.0	7.0	14.0	518.2	14.0	8	56.0	良	**	**		バルボアパーク																																											
2023105553	2026-01-18	1中山7		1.0	3歳未勝利								遠藤汰月		ダ1200				1:14.4	1.3		14-13	33.5-39.6	39.1	504(-2)																																																													晴		16.0	2.0	4.0	167.0	12.0	8	54.0	良	**	**		マーガレットクレア	202606010701
2023105559	2025-11-30	5東京8		6.0	2歳新馬								松山弘平		芝1800				1:47.3	0.3		3-3-3	36.3-33.6	33.5	494(0)				190.0															晴		12.0	6.0	8.0	6.1	3.0	3	55.0	良	**	**		ゴーラッキー																																											
2023105559	2025-12-20	5中山5		3.0	2歳未勝利								ルメール		芝1800				1:48.2	0.6		1-1-1-1	36.4-34.4	35.0	492(-2)				220.0															小雨		16.0	1.0	2.0	2.0	1.0	2	55.0	良	**	**		ミスターライト																																											
2023105559	2026-01-18	1中山7		12.0	3歳未勝利								ルメール		芝1600				1:34.2	-0.1		5-10-9	35.5-35.7	34.7	496(+4)				590.0																																																									晴		16.0	4.0	8.0	2.1	1.0	1	55.0	良	**	**		(ブルームコード)	202606010712
2023105560	2025-09-27	4中山8		4.0	2歳新馬								内田博幸		ダ1800				1:57.8	2.2		7-7-10-9	38.2-38.0	39.0	468(0)																																															晴		16.0	1.0	1.0	43.2	12.0	7	55.0	良	**	**		ケントン															
2023105560	2025-10-12	3京都4		3.0	2歳未勝利								高杉吏麒		芝2000				2:00.1	0.6		3-4-6-8	35.8-35.5	35.3	474(+6)				84.0																																											曇		9.0	3.0	3.0	30.3	6.0	4	56.0	良	**	**		ブレナヴォン															
2023105560	2025-12-14	5中山4		3.0	2歳未勝利								岩田望来		芝2000				2:03.0	-0.8		6-5-5-5	36.9-36.5	35.9	472(-2)				560.0																																											雨		18.0	5.0	9.0	5.1	2.0	1	56.0	稍	**	**		(ラッキースウィッチ)															
2023105569	2026-01-18	1京都7		5.0	3歳新馬								田口貫太		芝2000				2:05.2	1.7		2-2-1-2	37.5-35.4	37.1	408(0)																																																													晴		17.0	6.0	12.0	147.7	13.0	13	55.0	良	**	**		クリスレジーナ	202608010705
2023105583	2025-08-23	4中京1		5.0	2歳新馬								団野大成		芝1400				1:23.6	1.3		6-6	35.2-34.9	35.6	480(0)																			曇		10.0	5.0	5.0	28.3	7.0	6	55.0	良	**	**		アルスマグナ																																											
2023105583	2025-09-13	4阪神3		3.0	2歳未勝利								高杉吏麒		芝1800				1:52.8	1.7		5-3	38.9-33.1	34.5	478(-2)				56.0															曇		5.0	4.0	4.0	43.9	4.0	5	54.0	良	**	**		ギャラボーグ																																											
2023105583	2025-09-27	4阪神8		2.0	2歳未勝利								団野大成		ダ1800				1:58.7	4.1		4-5-3-4	38.3-37.3	40.9	474(-4)																			晴		9.0	8.0	8.0	23.5	6.0	7	55.0	良	**	**		シーズザスローン																																											
2023105583	2025-12-28	5阪神8		2.0	2歳未勝利								高杉吏麒		芝1400				1:22.1	0.7		8-8	34.2-35.5	35.7	482(+8)																			晴		17.0	4.0	7.0	54.0	12.0	11	56.0	良	**	**		デアヴェローチェ																																											
2023105583	2026-01-18	1京都7		3.0	3歳未勝利								団野大成		ダ1400				1:27.5	1.2		7-7	35.2-38.4	39.1	478(-4)																																																													晴		16.0	1.0	2.0	56.4	8.0	6	57.0	良	**	**		カフジクロミエ	202608010703
2023105587	2025-09-13	4阪神3		6.0	2歳新馬								川須栄彦		ダ1400				1:29.6	3.8		8-10	34.8-38.6	41.4	444(0)																																	曇		13.0	8.0	13.0	22.5	6.0	13	55.0	良	**	**		クリムゾンキャット																													
2023105587	2025-11-22	4京都5		3.0	2歳未勝利								団野大成		芝1200				1:11.4	2.8		13-13	33.6-35.0	35.9	450(+6)																																	晴		18.0	2.0	3.0	126.8	12.0	12	55.0	良	**	**		トップアタック																													
2023105587	2025-11-29	4京都7		3.0	2歳未勝利								柴田裕一		芝1600				1:35.8	1.2		12-13	35.0-35.2	35.5	450(0)																																	晴		14.0	5.0	7.0	489.0	14.0	10	53.0	良	**	**		トミーバローズ																													
2023105587	2026-01-17	1京都6		5.0	3歳未勝利								柴田裕一		芝2000				2:01.3	0.2		12-11-11-13	34.8-36.8	35.9	448(-2)																																	晴		18.0	3.0	5.0	465.7	16.0	6	53.0	良				ラコンチャビエン																													
2023105593	2025-11-30	4京都8		6.0	2歳新馬								菱田裕二		芝2000				2:03.4	1.1		4-3-3-3	37.3-34.9	35.7	472(0)				110.0																																											晴		8.0	5.0	5.0	5.5	3.0	4	56.0	良	**	**		パラディオン															
2023105593	2025-12-20	5中京5		5.0	2歳未勝利								菱田裕二		芝2000				2:03.0	0.5		5-4-3-2	35.8-36.7	35.8	472(0)																																															曇		18.0	8.0	17.0	25.9	7.0	7	56.0	稍	**	**		ロードメルヴェイユ															
2023105641	2026-01-11	1京都4		2.0	3歳新馬								川又賢治		ダ1800				1:57.9	2.7		11-13-13-14	36.5-40.1	40.8	466(0)																																	晴		16.0	4.0	8.0	203.2	16.0	14	55.0	良	**	**		ハッピーラブソング																													
2023105641	2026-01-17	1京都6		3.0	3歳未勝利								川又賢治		ダ1900				2:04.1	2.0		5-5-5-5	30.4-38.6	39.7	458(-8)																																	晴		13.0	5.0	6.0	360.1	12.0	7	55.0	良				テスタヴェローチェ																													
2023105644	2026-01-17	1中山6		3.0	3歳新馬								横山武史		ダ1800				1:59.3	2.4		12-11-12-12	38.4-40.2	40.6	522(0)																																	晴		16.0	6.0	11.0	21.5	7.0	11	57.0	良				ガムラスタン																													
2023105647	2026-01-18	1京都7		5.0	3歳新馬								小沢大仁		芝2000				2:04.4	0.9		5-6-7-5	37.5-35.4	35.9	440(0)																																																													晴		17.0	7.0	14.0	165.7	15.0	8	55.0	良	**	**		クリスレジーナ	202608010705
2023105651	2025-10-12	4東京4		5.0	2歳新馬								丸山元気		芝2000				2:01.1	0.9		2-2-2	36.9-34.1	34.9	462(0)				75.0																													曇		12.0	6.0	8.0	17.4	5.0	5	56.0	良	**	**		イクシード																													
2023105651	2025-11-08	3福島1		2.0	2歳未勝利								丸山元気		芝1800				1:50.1	2.5		4-5-6-12	34.6-36.3	38.3	458(-4)																																	晴		16.0	7.0	14.0	14.9	7.0	15	56.0	良	**	**		ハーディジェナー																													
2023105651	2026-01-17	1中山6		5.0	3歳未勝利								丸山元気		芝2000				2:03.2	2.5		16-16-18-16	35.6-35.5	36.4	462(+4)																																	晴		18.0	6.0	12.0	204.9	14.0	17	57.0	良				レダアトミカ																													
2023105654	2025-12-28	5中山8		5.0	2歳新馬								戸崎圭太		ダ1800				1:58.3	2.6		4-4-3-3	38.2-38.7	41.1	504(0)				110.0																																											晴		16.0	3.0	6.0	10.0	4.0	4	56.0	良	**	**		クラウトロック															
2023105664	2025-07-12	2福島5		6.0	2歳新馬								菊沢一樹		ダ1150				1:10.6	0.6		9-9	32.0-38.0	37.1	436(0)				110.0																																											曇		14.0	6.0	10.0	64.4	12.0	4	55.0	良	**	**		ショーリバース															
2023105664	2025-08-09	2新潟5		1.0	2歳未勝利								菊沢一樹		ダ1200				1:13.2	2.4		8-7	34.2-36.6	38.1	436(0)																																															晴		15.0	5.0	9.0	24.8	6.0	6	55.0	良	**	**		サトノボヤージュ															
2023105664	2025-08-30	3新潟3		2.0	2歳未勝利								菊沢一樹		ダ1800				1:57.3	1.6		8-8-6-6	37.0-38.9	39.8	438(+2)				84.0																																											曇		15.0	6.0	10.0	17.5	6.0	4	55.0	良	**	**		ファイアマン															
2023105664	2025-09-20	4中山6		1.0	2歳未勝利								菊沢一樹		ダ1800				1:55.7	-0.1		3-3-3-3	37.2-40.2	39.9	438(0)				560.0																																											曇		13.0	7.0	10.0	6.0	3.0	1	55.0	重	**	**		(ウィングブルー)															
2023105664	2026-01-10	1中山3		9.0	黒竹賞(1勝クラス)								菊沢一樹		ダ1800				1:55.8	1.7		7-7-9-8	36.3-39.0	39.8	460(+22)																																															晴		10.0	1.0	1.0	85.8	9.0	8	57.0	良	**	**		マクリール															
2023105679	2025-12-28	5阪神8		6.0	2歳新馬								斎藤新		芝1600				1:35.7	0.3		2-2	35.1-34.7	35.0	436(0)																																															晴		16.0	8.0	15.0	43.7	11.0	6	55.0	良	**	**		キシダンチョウ															
2023105729	2026-01-17	1京都6		4.0	3歳新馬								松山弘平		ダ1400				1:27.5	0.5		2-2	36.4-37.5	37.7	438(0)				65.0																													晴		16.0	3.0	6.0	9.6	5.0	5	55.0	良				ホウショウルクス																													
2023105738	2025-07-13	1函館10		5.0	2歳新馬								古川奈穂		芝1200				1:09.7	0.8		4-4	34.1-34.8	35.0	490(0)				190.0															晴		7.0	1.0	1.0	13.1	5.0	3	52.0	良	**	**		ハイヤーマーク																																											
2023105738	2025-07-26	1札幌1		1.0	2歳未勝利								佐々木大		芝1200				1:10.4	1.5		7-7	34.2-34.7	35.5	488(-2)																			曇		12.0	5.0	5.0	5.5	4.0	9	55.0	良	**	**		ショウナンカリス																																											
2023105738	2025-08-09	1札幌5		1.0	2歳未勝利								古川奈穂		芝1500				1:30.7	0.6		6-9-11	28.9-36.5	36.2	494(+6)																			晴		12.0	3.0	3.0	14.9	5.0	7	52.0	稍	**	**		ブライトフレア																																											
2023105738	2025-08-23	2札幌1		1.0	2歳未勝利								ウィリア		芝1800				1:52.9	2.7		6-7-7-6	36.2-37.0	39.1	502(+8)																			曇		8.0	5.0	5.0	45.6	5.0	6	55.0	稍	**	**		ストロベリーツリー																																											
2023105738	2025-12-20	5阪神5		1.0	2歳未勝利								北村友一		ダ1400				1:26.7	1.2		3-2	34.4-38.7	39.4	516(+14)				84.0															晴		16.0	8.0	16.0	7.6	4.0	4	56.0	良	**	**		ゴールデンバランス																																											
2023105738	2026-01-04	1京都1		3.0	3歳未勝利								坂井瑠星		ダ1400				1:28.0	1.4		10-10	35.7-38.2	38.8	504(-12)																			晴		16.0	7.0	13.0	7.5	4.0	11	57.0	良	**	**		ハードシングス																																											
2023105738	2026-01-18	1京都7		3.0	3歳未勝利								古川奈穂		ダ1400				1:26.9	0.6		4-5	35.2-38.4	38.6	508(+4)				59.0																																																									晴		16.0	3.0	6.0	19.6	6.0	5	54.0	良	**	**		カフジクロミエ	202608010703
2023105765	2026-01-17	1京都6		4.0	3歳新馬								藤岡佑介		ダ1400				1:27.2	0.2		5-4	36.4-37.5	37.2	470(0)				160.0																													晴		16.0	7.0	13.0	3.4	1.0	3	55.0	良				ホウショウルクス																													
2023105771	2025-10-04	4東京1		3.0	2歳新馬								横山和生		芝1400				1:23.8	0.4		4-4	36.8-33.9	33.8	446(0)				190.0																																											曇		17.0	8.0	16.0	14.8	5.0	3	56.0	良	**	**		ファインサマーデイ															
2023105771	2025-11-15	5東京3		2.0	2歳未勝利								横山和生		芝1600				1:35.1	0.2		1-1	35.7-34.3	34.5	450(+4)				140.0																																											晴		17.0	3.0	6.0	6.6	2.0	3	56.0	良	**	**		スペルーチェ															
2023105771	2025-12-06	5中山1		4.0	2歳未勝利								横山和生		ダ1800				1:54.6	-0.3		1-1-1-1	37.0-38.7	38.7	450(0)				560.0																																											晴		16.0	2.0	3.0	4.1	3.0	1	56.0	良	**	**		(カシマライフウ)															
2023105772	2025-12-28	5阪神8		6.0	2歳新馬								田口貫太		芝1600				1:36.0	0.6		1-1	35.1-34.7	35.3	466(0)																			晴		16.0	1.0	2.0	76.5	14.0	11	55.0	良	**	**		キシダンチョウ																																											
2023105772	2026-01-18	1京都7		1.0	3歳未勝利								吉村誠之		ダ1200				1:14.7	1.2		15-15	36.6-36.9	36.6	458(-8)																																																													晴		16.0	2.0	4.0	41.1	8.0	7	55.0	良	**	**		オンザノアール	202608010701
2023105779	2025-08-31	3新潟4		5.0	2歳新馬								石神深道		芝1800				1:50.2	0.4		1-1	36.9-35.2	35.6	458(0)				75.0																																											晴		12.0	6.0	8.0	96.8	9.0	5	52.0	良	**	**		ガローファノ															
2023105779	2025-09-21	4中山7		3.0	2歳未勝利								石神深道		芝1800				1:51.1	1.7		1-1-1-1	36.7-35.4	37.1	458(0)																																															晴		10.0	8.0	10.0	25.5	4.0	7	52.0	良	**	**		パントルナイーフ															
2023105779	2025-12-14	5中山4		3.0	2歳未勝利								小林美駒		芝2000				2:07.5	4.5		3-2-1-2	36.9-36.5	41.0	472(+14)																																															雨		18.0	7.0	15.0	119.7	12.0	18	53.0	稍	**	**		ラージアンサンブル															
2023105789	2025-12-06	5阪神1		5.0	2歳新馬								坂井瑠星		芝2000				2:04.5	0.1		4-4-3-3	38.0-34.3	34.1	524(0)				300.0																																											晴		10.0	8.0	10.0	5.5	3.0	2	56.0	良	**	**		エルハーベン															
2023105793	2026-01-18	1京都7		5.0	3歳新馬								川田将雅		芝2000				2:03.7	0.2		10-10-7-5	37.5-35.4	35.2	508(0)				260.0																																																									晴		17.0	8.0	15.0	2.1	1.0	2	57.0	良	**	**		クリスレジーナ	202608010705
2023105795	2025-11-29	5東京7		5.0	2歳新馬								横山武史		芝1600				1:35.6	0.3		2-2	36.3-34.0	34.3	436(0)				190.0															晴		13.0	5.0	6.0	23.4	6.0	3	56.0	良	**	**		ヴァロアーク																																											
2023105795	2025-12-28	5中山8		3.0	2歳未勝利								横山武史		芝1200				1:09.3	0.2		6-6	33.7-35.4	35.2	436(0)				140.0															晴		16.0	6.0	12.0	4.4	3.0	3	56.0	良	**	**		ニシノセイドウ																																											
2023105795	2026-01-18	1中山7		1.0	3歳未勝利								横山武史		ダ1200				1:13.4	0.3		6-6	33.5-39.6	39.4	436(0)				150.0																																																									晴		16.0	6.0	12.0	3.9	2.0	3	57.0	良	**	**		マーガレットクレア	202606010701
2023105803	2025-09-15	4中山5		5.0	2歳新馬								丹内祐次		芝1600				1:37.6	0.7		11-11-8	37.3-34.8	34.7	434(0)																																	曇		13.0	6.0	8.0	21.8	7.0	7	55.0	良	**	**		サンダーストラック																													
2023105803	2025-10-04	4東京1		1.0	2歳未勝利								横山和生		ダ1600				1:41.8	2.9		3-2	35.1-38.7	41.3	430(-4)																																	曇		16.0	5.0	10.0	13.5	5.0	6	55.0	良	**	**		テンカムテキ																													
2023105803	2026-01-04	1中山1		1.0	3歳未勝利								矢野貴之		ダ1200				1:14.0	1.3		8-8	33.8-38.9	39.2	428(-2)				59.0																													晴		16.0	4.0	7.0	22.4	5.0	5	55.0	稍	**	**		フュルスティン																													
2023105803	2026-01-17	1中山6		1.0	3歳未勝利								横山和生		ダ1200				1:14.5	1.5		9-7	34.4-38.6	39.1	426(-2)																																	晴		16.0	4.0	8.0	49.3	9.0	8	55.0	良				サントマーレ																													
2023105807	2025-10-12	3京都4		5.0	2歳新馬								高杉吏麒		芝2000				2:00.5	0.0		3-3-4-4	36.1-35.3	33.8	462(0)				300.0																													曇		13.0	2.0	2.0	27.1	8.0	2	55.0	良	**	**		ヴィサージュ																													
2023105807	2025-11-15	3福島3		3.0	2歳未勝利								西塚洸二		芝2000				2:01.1	-0.1		4-5-5-5	34.5-36.0	35.7	470(+8)				560.0																													晴		16.0	3.0	5.0	1.9	1.0	1	54.0	良	**	**		(アストリル)																													
2023105807	2026-01-17	1中山6		9.0	菜の花賞(1勝クラス)								横山武史		芝1600				1:34.4	0.0		3-3-3	35.3-34.6	34.2	462(-8)				1158.2																													晴		8.0	1.0	1.0	3.5	2.0	1	55.0	良				(ファンクション)																													
2023105810	2025-12-28	5阪神8		6.0	2歳新馬								吉村誠之		芝1600				1:35.5	0.1		9-6	35.1-34.7	34.4	518(0)				190.0															晴		16.0	8.0	16.0	6.7	4.0	3	56.0	良	**	**		キシダンチョウ																																											
2023105810	2026-01-18	1京都7		6.0	3歳未勝利								吉村誠之		芝1600				1:34.7	0.7		6-6	33.6-36.8	36.5	516(-2)																																																													晴		18.0	8.0	16.0	31.9	7.0	7	57.0	良	**	**		マゲバスピード	202608010706
2023105815	2025-06-29	1函館6		5.0	2歳新馬								小林美駒		芝1200				1:10.7	-0.2		3-3	36.0-34.7	34.6	436(0)				750.0															曇		12.0	8.0	11.0	4.5	3.0	1	51.0	良	**	**		(ストームサンダー)																																											
2023105815	2025-07-20	1函館12		11.0	函館2歳S(GIII)								丹内祐次		芝1200				1:10.0	1.6		10-9	34.3-34.1	34.7	442(+6)																			晴		12.0	3.0	3.0	18.3	6.0	11	55.0	良	**	**		エイシンディード																																											
2023105815	2025-08-23	2札幌1		9.0	クローバー賞(OP)								ウィリア		芝1500				1:31.5	1.8		1-1-1	29.5-36.8	38.6	444(+2)				160.0															晴		9.0	4.0	4.0	5.1	3.0	5	55.0	良	**	**		ストームサンダー																																											
2023105815	2025-08-30	2札幌3		9.0	すずらん賞(OP)								斎藤新		芝1200				1:12.2	1.5		9-11	34.3-36.4	37.0	446(+2)																			曇		13.0	7.0	11.0	22.0	8.0	10	55.0	稍	**	**		ビッグカレンルーフ																																											
2023105815	2025-12-13	5中京3		9.0	つわぶき賞(1勝クラス)								松本大輝		芝1400				1:21.0	1.1		5-5	33.7-35.0	35.0	444(-2)																			曇		11.0	2.0	2.0	321.2	11.0	10	55.0	良	**	**		プレセピオ																																											
2023105815	2026-01-18	1京都7		4.0	3歳1勝クラス								ハマーハ		ダ1200				1:12.9	0.2		10-9	35.3-37.4	36.5	444(0)				210.0																																																									晴		10.0	6.0	6.0	75.9	10.0	3	55.0	良	**	**		ラブルラウザー	202608010704
2023105869	2025-10-13	3京都5		5.0	2歳新馬								松山弘平		芝1800				1:50.3	2.6		6-6	35.8-34.7	36.6	474(0)																																															晴		11.0	5.0	5.0	6.8	3.0	9	56.0	良	**	**		ジャスティンビスタ															
2023105876	2026-01-18	1中山7		5.0	3歳新馬								松岡正海		芝1600				1:34.7	0.3		3-3-3	35.8-34.3	34.3	444(0)				260.0																																																									晴		16.0	1.0	1.0	3.1	1.0	2	57.0	良	**	**		サンプレクス	202606010705
2023105951	2025-12-20	5中山5		6.0	2歳新馬								佐々木大		芝1800				1:50.4	0.5		4-3-3-3	37.6-35.0	35.3	442(0)				75.0															曇		16.0	1.0	2.0	168.8	13.0	5	55.0	良	**	**		リュクスパトロール																																											
2023105951	2026-01-18	1中山7		12.0	3歳未勝利								佐々木大		芝1600				1:34.7	0.5		9-10-9	35.5-35.7	35.2	436(-6)																																																													晴		16.0	3.0	5.0	115.1	12.0	7	55.0	良	**	**		サンヴィクトワール	202606010712
2023105961	2026-01-18	1中山7		5.0	3歳新馬								杉原誠人		芝1600				1:37.1	2.7		9-15-13	35.8-34.3	35.4	454(0)																																																													晴		16.0	2.0	4.0	300.6	16.0	13	55.0	良	**	**		サンプレクス	202606010705
2023105979	2025-12-28	5中山8		5.0	2歳新馬								松山弘平		ダ1800				2:00.7	5.0		14-14-13-11	38.2-38.7	41.8	572(0)																			晴		16.0	2.0	4.0	8.0	3.0	8	56.0	良	**	**		クラウトロック																																											
2023105979	2026-01-18	1京都7		2.0	3歳未勝利								小沢大仁		ダ1800				1:58.0	2.2		3-3-3-3	38.4-38.2	40.1	574(+2)																																																													晴		12.0	7.0	9.0	165.3	9.0	11	57.0	良	**	**		アミラル	202608010702
2023106011	2025-12-07	5阪神2		5.0	2歳新馬								和田竜二		芝1600				1:36.6	0.4		3-2	36.4-34.1	34.4	494(0)				110.0																													晴		17.0	6.0	12.0	22.3	9.0	4	56.0	良	**	**		アンソニー																													
2023106011	2025-12-28	5阪神8		1.0	2歳未勝利								和田竜二		ダ1800				1:55.3	0.0		3-3-3-3	37.6-38.7	38.4	494(0)				560.0																													晴		13.0	4.0	5.0	1.8	1.0	1	56.0	良	**	**		(ジューンセクレタ)																													
2023106011	2026-01-17	1京都6		6.0	3歳1勝クラス								田口貫太		ダ1800				1:54.8	1.2		3-3-3-3	37.7-36.5	37.4	490(-4)				120.0																													晴		8.0	1.0	1.0	61.8	8.0	4	57.0	良				トリグラフヒル																													
2023106025	2025-07-26	2新潟1		3.0	2歳新馬								野中悠太		芝1400				1:22.6	1.3		15-15	34.4-34.9	34.4	456(0)																			晴		18.0	1.0	2.0	97.2	14.0	7	55.0	良	**	**		エコロアルバ																																											
2023106025	2025-10-05	4東京2		3.0	2歳未勝利								野中悠太		芝1400				1:22.4	0.8		10-9	34.5-34.7	34.5	460(+4)																			晴		17.0	6.0	12.0	6.4	5.0	8	55.0	良	**	**		フェーダーローター																																											
2023106025	2026-01-18	1中山7		2.0	3歳未勝利								野中悠太		ダ1800				1:58.9	1.5		9-9-9-8	37.1-41.2	42.0	454(-6)																																																													晴		16.0	7.0	14.0	11.6	5.0	6	55.0	良	**	**		デルマホダカ	202606010702
2023106052	2026-01-17	1中山6		3.0	3歳新馬								菊沢一樹		ダ1800				1:57.2	0.3		10-9-10-10	38.4-40.2	38.9	518(0)				65.0																													晴		16.0	3.0	5.0	14.0	5.0	5	57.0	良				ガムラスタン																													
2023106060	2026-01-17	1中山6		3.0	3歳新馬								津村明秀		ダ1800				1:57.0	0.1		5-5-7-6	38.4-40.2	39.5	484(0)				160.0																													晴		16.0	3.0	6.0	11.3	4.0	3	57.0	良				ガムラスタン																													
2023106078	2025-11-16	5東京4		4.0	2歳新馬								小崎綾也		ダ1600				1:41.5	1.0		8-7	36.9-36.9	37.3	480(0)																																	晴		16.0	3.0	5.0	22.6	6.0	8	56.0	良	**	**		アジアントレジャー																													
2023106078	2026-01-04	1京都1		2.0	3歳未勝利								小崎綾也		ダ1800				1:55.1	1.6		12-11-8-7	36.0-38.0	38.5	482(+2)				89.0																													晴		16.0	4.0	8.0	26.8	6.0	4	57.0	良	**	**		タガノエルー																													
2023106078	2026-01-17	1京都6		1.0	3歳未勝利								小崎綾也		ダ1800				1:56.6	2.1		8-8-6-5	37.0-37.9	39.3	480(-2)				150.0																													晴		10.0	6.0	6.0	56.8	5.0	3	57.0	良				リアライズグリント																													
2023106124	2025-12-14	5阪神4		4.0	2歳新馬								酒井学		芝1400				1:22.8	0.8		10-10	34.8-35.4	35.3	470(0)				75.0																																											晴		11.0	8.0	10.0	31.4	7.0	5	56.0	稍	**	**		テイエムスティール															
2023106124	2025-12-28	5阪神8		3.0	2歳未勝利								酒井学		芝1800				1:48.7	2.5		2-5	34.6-35.2	37.2	464(-6)																																															晴		18.0	4.0	8.0	43.5	10.0	16	56.0	良	**	**		ストームゲイル															
2023106148	2025-07-12	2小倉5		5.0	2歳新馬								幸英明		芝1800				1:51.0	0.2		3-3-3-2	37.4-36.7	36.7	396(0)				300.0																																											晴		12.0	7.0	9.0	20.0	6.0	2	55.0	良	**	**		クールフラン															
2023106148	2025-08-17	2新潟8		3.0	2歳未勝利								三浦皇成		芝1600				1:38.0	2.2		4-4	35.9-34.8	36.7	396(0)																																															晴		11.0	1.0	1.0	7.5	3.0	11	55.0	良	**	**		アルバンヌ															
2023106148	2025-12-14	5阪神4		3.0	2歳未勝利								古川吉洋		芝1800				1:48.3	1.9		3-2	35.3-35.4	37.1	410(+14)																																															晴		11.0	8.0	10.0	10.3	3.0	10	55.0	稍	**	**		テーオーアルアイン															
2023106186	2026-01-10	1京都3		3.0	3歳新馬								小沢大仁		ダ1400				1:26.8	1.6		12-11	35.8-37.0	37.1	452(0)																																															晴		16.0	6.0	12.0	32.7	9.0	7	57.0	良	**	**		ビービークローサー															
2023106206	2025-10-19	4東京7		5.0	2歳新馬								内田博幸		芝1800				1:50.8	0.6		12-13-13	38.6-34.0	33.7	444(0)																																															雨		18.0	4.0	8.0	13.5	4.0	7	56.0	良	**	**		ブラウンバナナ															
2023106206	2025-11-09	4京都2		3.0	2歳未勝利								三浦皇成		芝2000				2:04.8	0.5		8-8-7-5	37.4-35.5	35.7	450(+6)				56.0																																											雨		8.0	8.0	8.0	31.5	6.0	5	56.0	稍	**	**		マテンロウゲイル															
2023106219	2025-11-24	3福島6		5.0	2歳新馬								横山武史		芝1800				1:51.2	0.6		12-12-9-10	37.9-34.5	34.3	482(0)				190.0																													晴		16.0	7.0	13.0	4.4	2.0	3	55.0	良	**	**		ファンクション																													
2023106219	2025-12-21	5中山6		3.0	2歳未勝利								横山武史		芝1800				1:52.5	0.3		12-12-4-3	38.2-35.0	35.0	490(+8)				56.0																													曇		15.0	5.0	9.0	6.2	4.0	5	55.0	重	**	**		ロンギングセリーヌ																													
2023106219	2026-01-17	1中山6		5.0	3歳未勝利								横山武史		芝2000				2:00.7	0.0		13-13-13-11	35.6-35.5	34.5	494(+4)				240.0																													晴		18.0	2.0	4.0	9.6	7.0	2	55.0	良				レダアトミカ																													
2023106232	2025-10-18	4新潟1		5.0	2歳新馬								富田暁		ダ1200				1:14.4	1.3		5-5	35.7-37.4	38.0	468(0)				75.0																																											曇		15.0	5.0	9.0	104.8	13.0	5	56.0	良	**	**		ジェイエルキャリア															
2023106232	2025-11-01	3京都10		1.0	2歳未勝利								富田暁		ダ1200				1:12.6	0.7		9-8	35.5-36.4	36.2	450(-18)				56.0																																											晴		13.0	2.0	2.0	180.9	13.0	5	56.0	不	**	**		メイショウテリオス															
2023106232	2026-01-12	1京都5		1.0	3歳未勝利								団野大成		ダ1200				1:15.3	2.0		8-5	36.1-37.2	38.4	452(+2)																																															晴		16.0	3.0	6.0	35.7	10.0	13	57.0	良	**	**		ウォーターサグラダ															
2023106247	2025-09-28	4中山9		4.0	2歳新馬								遠藤汰月		ダ1200				1:15.8	3.2		12-12	35.2-37.4	39.2	478(0)																																	晴		16.0	4.0	8.0	199.8	13.0	13	52.0	良	**	**		サノノアルペン																													
2023106247	2025-12-27	5中山7		3.0	2歳未勝利								遠藤汰月		ダ1200				1:14.9	3.2		15-15	33.7-38.0	38.7	494(+16)																																	曇		16.0	5.0	10.0	718.0	16.0	14	53.0	稍	**	**		パータリプトラ																													
2023106247	2026-01-17	1中山6		1.0	3歳未勝利								岩部純二		ダ1200				1:15.3	2.3		14-13	34.4-38.6	39.2	484(-10)																																	晴		16.0	1.0	1.0	444.9	16.0	12	57.0	良				サントマーレ																													
2023106282	2025-09-28	4阪神9		4.0	2歳新馬								鮫島克駿		ダ1800				1:58.5	3.7		8-8-4-5	39.2-37.0	40.2	446(0)																			晴		9.0	6.0	6.0	7.3	4.0	8	55.0	良	**	**		ジュウリョクピエロ																																											
2023106282	2026-01-18	1京都7		3.0	3歳未勝利								鮫島克駿		ダ1400				1:28.2	1.9		16-16	35.2-38.4	38.7	448(+2)																																																													晴		16.0	6.0	11.0	109.8	13.0	10	55.0	良	**	**		カフジクロミエ	202608010703
2023106284	2025-10-04	3京都1		3.0	2歳新馬								田山旺佑		ダ1400				1:25.1	0.7		3-2	34.9-37.2	37.6	460(0)				300.0															雨		16.0	7.0	14.0	7.7	3.0	2	53.0	重	**	**		アスクケンタッキー																																											
2023106284	2025-10-18	3京都6		1.0	2歳未勝利								田山旺佑		ダ1400				1:25.8	0.6		2-2	34.7-38.1	38.5	458(-2)				56.0															曇		9.0	3.0	3.0	2.0	1.0	5	53.0	稍	**	**		エシェックオロワ																																											
2023106284	2026-01-04	1京都1		1.0	3歳未勝利								田山旺佑		ダ1200				1:13.2	-0.1		12-10	36.2-37.0	35.8	464(+6)				590.0															晴		16.0	5.0	9.0	2.0	1.0	1	54.0	良	**	**		(ビスケットアソート)																																											
2023106284	2026-01-18	1京都7		4.0	3歳1勝クラス								田山旺佑		ダ1200				1:13.1	0.4		6-4	35.3-37.4	37.3	464(0)																																																													晴		10.0	4.0	4.0	8.4	3.0	8	54.0	良	**	**		ラブルラウザー	202608010704
2023106288	2025-08-09	1札幌5		5.0	2歳新馬								池添謙一		芝1800				1:50.3	0.3		5-6-6-2	36.7-36.7	36.6	454(0)				300.0															晴		11.0	8.0	12.0	6.0	3.0	2	55.0	稍	**	**		ヒシアムルーズ																																											
2023106288	2025-08-30	2札幌3		2.0	2歳未勝利								池添謙一		芝1800				1:52.2	0.0		3-3-2-2	37.7-36.7	36.6	454(0)				220.0															小雨		7.0	6.0	6.0	1.8	1.0	2	55.0	稍	**	**		ノチェセラーダ																																											
2023106288	2025-09-07	2札幌6		2.0	2歳未勝利								浜中俊		芝2000				2:06.6	-0.1		2-2-3-3	38.2-37.0	36.7	456(+2)				560.0															曇		10.0	4.0	4.0	2.8	2.0	1	55.0	稍	**	**		(コスモナエマ)																																											
2023106288	2025-11-02	4東京11		8.0	百日草特別(1勝クラス)								池添謙一		芝2000				2:00.1	-0.3		2-2-2	37.9-34.7	33.5	460(+4)				1122.6															曇		5.0	3.0	3.0	11.8	4.0	1	56.0	良	**	**		(フォルテアンジェロ)																																											
2023106288	2026-01-18	1中山7		11.0	京成杯(GIII)								池添謙一		芝2000				2:00.8	1.5		13-13-11-10	35.6-34.7	35.4	468(+8)																																																													晴		15.0	4.0	6.0	9.5	5.0	15	57.0	良	**	**		グリーンエナジー	202606010711
2023106291	2026-01-18	1中山7		5.0	3歳新馬								遠藤汰月		芝1600				1:35.6	1.2		4-5-3	35.8-34.3	35.1	398(0)																																																													晴		16.0	5.0	10.0	78.0	11.0	7	52.0	良	**	**		サンプレクス	202606010705
2023106298	2026-01-17	1京都6		4.0	3歳新馬								角田大和		ダ1400				1:27.0	-0.1		1-1	36.4-37.5	37.5	446(0)				650.0																													晴		16.0	1.0	1.0	6.8	4.0	1	55.0	良				(プリンセスアツコ)																													
2023106331	2025-10-11	4東京3		4.0	2歳新馬								遠藤汰月		ダ1400				1:29.7	4.3		4-4	36.2-37.0	40.3	454(0)																																	雨		16.0	3.0	5.0	74.6	12.0	11	53.0	稍	**	**		ウィッキドピケット																													
2023106331	2025-10-26	4東京9		1.0	2歳未勝利								遠藤汰月		ダ1400				1:28.3	2.8		5-4	36.4-36.7	39.0	450(-4)																																	小雨		14.0	6.0	10.0	228.9	14.0	12	53.0	不	**	**		エスシーレイジュ																													
2023106331	2025-12-21	5中山6		1.0	2歳未勝利								遠藤汰月		ダ1200				1:13.2	1.9		8-9	34.5-36.8	38.1	454(+4)																																	曇		16.0	3.0	6.0	109.4	13.0	8	53.0	不	**	**		ホウオウヘッセン																													
2023106331	2026-01-17	1中山6		1.0	3歳未勝利								遠藤汰月		ダ1200				1:13.4	0.4		3-3	34.4-38.6	38.7	450(-4)				89.0																													晴		16.0	8.0	16.0	311.5	14.0	4	54.0	良				サントマーレ																													
2023106348	2026-01-18	1中山7		5.0	3歳新馬								岩部純二		芝1600				1:35.7	1.3		9-8-8	35.8-34.3	34.9	438(0)																																																													晴		16.0	2.0	3.0	258.4	15.0	8	57.0	良	**	**		サンプレクス	202606010705
2023106374	2025-11-01	4東京10		4.0	2歳新馬								原田和真		ダ1400				1:27.4	2.9		11-10	35.6-36.3	37.9	522(0)																																	晴		16.0	5.0	10.0	262.7	16.0	12	56.0	不	**	**		ビルバンテ																													
2023106374	2026-01-04	1中山1		4.0	3歳未勝利								原田和真		ダ1800				1:59.6	4.4		11-11-11-11	36.5-40.7	43.8	522(0)																																	晴		12.0	5.0	6.0	313.9	12.0	12	57.0	稍	**	**		サトノリシャール																													
2023106374	2026-01-17	1中山6		2.0	3歳未勝利								原田和真		ダ1800				2:03.6	8.1		7-7-12-15	37.7-39.6	46.0	506(-16)																																	晴		16.0	8.0	16.0	341.6	14.0	15	57.0	良				ウリズンベー																													
2023106392	2025-11-30	4京都8		6.0	2歳新馬								高杉吏麒		芝2000				2:02.3	-0.3		6-7-5-4	37.3-34.9	34.6	446(0)				750.0															晴		8.0	2.0	2.0	1.9	1.0	1	56.0	良	**	**		(スパルタンエックス)																																											
2023106392	2026-01-18	1中山7		11.0	京成杯(GIII)								西塚洸二		芝2000				2:00.5	1.2		15-14-11-14	35.6-34.7	35.0	448(+2)																																																													晴		15.0	5.0	8.0	51.0	11.0	14	57.0	良	**	**		グリーンエナジー	202606010711
2023106464	2025-07-20	2小倉8		5.0	2歳新馬								幸英明		芝1800				1:56.4	3.9		6-6-9-11	38.8-35.5	38.6	504(0)																																															晴		13.0	3.0	3.0	129.8	10.0	13	55.0	良	**	**		ベレシート															
2023106464	2025-08-03	3中京4		1.0	2歳未勝利								小崎綾也		芝2000				2:04.5	1.2		3-3-3-3	37.5-34.0	34.9	516(+12)				56.0																																											晴		5.0	2.0	2.0	62.7	5.0	5	55.0	良	**	**		ユヴァスキュラ															
2023106464	2025-08-17	3中京8		1.0	2歳未勝利								川端海翼		芝2000				2:02.6	1.9		1-1-1-1	35.1-35.1	37.0	516(0)																																															晴		7.0	7.0	7.0	139.5	6.0	6	52.0	良	**	**		ローベルクランツ															
2023106464	2025-10-19	4新潟2		1.0	2歳未勝利								斎藤新		芝2000				2:03.1	1.5		3-3-3-3	35.0-36.4	37.6	514(-2)																																															曇		12.0	2.0	2.0	54.0	9.0	10	55.0	稍	**	**		ステラスペース															
2023106464	2025-11-16	4京都4		1.0	2歳未勝利								丹内祐次		ダ1400				1:26.4	1.7		4-5	34.8-37.6	38.8	524(+10)																																															晴		14.0	8.0	14.0	115.9	12.0	10	55.0	良	**	**		エイシンビリオン															
2023106464	2025-11-29	4京都7		3.0	2歳未勝利								斎藤新		芝1600				1:35.6	1.0		1-1	35.0-35.2	36.2	524(0)																																															晴		14.0	6.0	9.0	244.7	13.0	7	55.0	良	**	**		トミーバローズ															
2023106471	2025-06-29	2福島2		5.0	2歳新馬								石川裕紀		芝1800				1:49.8	0.3		10-10-9-8	35.6-36.5	35.1	452(0)				300.0																																											晴		13.0	6.0	8.0	28.9	7.0	2	55.0	良	**	**		ロスパレドネス															
2023106471	2025-07-19	2福島7		3.0	2歳未勝利								石川裕紀		芝1800				1:51.3	0.1		4-4-2-2	35.7-37.0	36.9	448(-4)				140.0																																											晴		10.0	8.0	10.0	2.2	1.0	3	55.0	良	**	**		アメテュストス															
2023106471	2025-08-03	2新潟4		3.0	2歳未勝利								戸崎圭太		芝1600				1:36.4	1.8		2-2	36.3-34.2	35.7	448(0)				140.0																																											晴		6.0	1.0	1.0	1.5	1.0	3	55.0	良	**	**		ニシノエースサマ															
2023106471	2025-11-08	3福島1		2.0	2歳未勝利								丹内祐次		芝1800				1:48.5	0.9		15-15-15-14	34.6-36.3	35.8	450(+2)																																															晴		16.0	8.0	15.0	6.0	3.0	6	56.0	良	**	**		ハーディジェナー															
2023106471	2025-12-07	5中山2		2.0	2歳未勝利								石川裕紀		芝1800				1:49.4	0.5		12-10-11-11	36.9-35.1	34.3	452(+2)																																															晴		16.0	1.0	2.0	8.6	6.0	8	56.0	良	**	**		テルケンレンスキー															
2023106487	2025-08-24	4中京2		5.0	2歳新馬								吉村誠之		芝2000				2:06.7	0.8		3-5-4-4	41.1-33.7	34.3	456(0)				110.0																																											晴		5.0	3.0	3.0	1.4	1.0	4	54.0	良	**	**		ソラーロ															
2023106487	2025-09-15	4阪神5		3.0	2歳未勝利								川田将雅		芝2000				2:04.7	1.1		3-3-3-3	38.5-33.8	34.6	456(0)				84.0																																											晴		5.0	4.0	4.0	3.8	3.0	4	55.0	良	**	**		コロナドブリッジ															
2023106487	2025-12-28	5阪神8		3.0	2歳未勝利								斎藤新		芝1800				1:49.7	3.5		2-2	34.6-35.2	38.4	458(+2)																																															晴		18.0	3.0	5.0	21.7	7.0	18	56.0	良	**	**		ストームゲイル															
2023106551	2025-12-28	5阪神8		4.0	2歳新馬								田口貫太		ダ1400				1:30.5	3.3		12-15	34.9-39.8	40.9	456(0)																																	晴		16.0	2.0	3.0	71.5	11.0	13	56.0	良	**	**		ソルオーブ																													
2023106551	2026-01-17	1京都6		1.0	3歳未勝利								和田陽希		ダ1800				1:57.4	2.9		5-5-9-9	37.0-37.9	39.7	450(-6)																																	晴		10.0	7.0	7.0	343.8	8.0	7	54.0	良				リアライズグリント																													
2023106554	2026-01-17	1中山6		3.0	3歳新馬								石神深道		ダ1800				1:58.3	1.4		2-2-5-6	38.4-40.2	41.0	484(0)																																	晴		16.0	4.0	8.0	21.8	8.0	10	54.0	良				ガムラスタン																													
2023106568	2026-01-11	1京都4		2.0	3歳新馬								太宰啓介		ダ1800				1:55.5	0.3		15-15-13-13	36.5-40.1	38.4	520(0)				160.0																																											晴		16.0	2.0	3.0	9.0	4.0	3	55.0	良	**	**		ハッピーラブソング															
2023106571	2025-11-09	4京都2		4.0	2歳新馬								団野大成		ダ1400				1:26.3	1.4		11-11	35.8-36.9	36.8	480(0)																			雨		16.0	4.0	7.0	5.8	2.0	8	55.0	稍	**	**		ヒルノプーリア																																											
2023106571	2025-11-23	4京都6		1.0	2歳未勝利								団野大成		ダ1400				1:27.0	2.0		1-1	35.0-37.6	39.6	474(-6)																			晴		14.0	2.0	2.0	57.9	10.0	6	55.0	良	**	**		ホットシート																																											
2023106571	2025-12-06	5阪神1		1.0	2歳未勝利								団野大成		ダ1200				1:13.4	0.5		4-3	35.1-37.8	38.1	470(-4)				220.0															晴		16.0	7.0	13.0	6.9	3.0	2	55.0	良	**	**		ベラジオリン																																											
2023106571	2025-12-27	5阪神7		1.0	2歳未勝利								団野大成		ダ1200				1:13.1	0.3		2-2	35.5-37.3	37.4	466(-4)				220.0															晴		15.0	7.0	13.0	2.2	1.0	2	55.0	稍	**	**		ファイブタンゴ																																											
2023106571	2026-01-18	1京都7		1.0	3歳未勝利								団野大成		ダ1200				1:14.2	0.7		3-5	36.6-36.9	37.2	470(+4)				150.0																																																									晴		16.0	2.0	3.0	2.6	1.0	3	55.0	良	**	**		オンザノアール	202608010701
2023106582	2025-06-15	3東京4		5.0	2歳新馬								小林脩斗		芝1600				1:40.0	4.3		8-9	36.4-34.8	38.1	468(0)																																	曇		10.0	2.0	2.0	95.4	9.0	9	55.0	稍	**	**		リアライズシリウス																													
2023106582	2025-09-07	4中山2		4.0	2歳未勝利								小林脩斗		芝2000				2:05.7	0.9		9-9-7-2	38.6-34.2	34.4	484(+16)																																	晴		10.0	5.0	5.0	75.5	7.0	7	55.0	良	**	**		マイネルマスター																													
2023106582	2025-09-20	4中山6		2.0	2歳未勝利								杉原誠人		芝2000				2:02.7	1.1		7-6-7-7	37.0-34.8	35.3	480(-4)																																	曇		14.0	4.0	5.0	145.9	12.0	7	55.0	良	**	**		ポルフュロゲネトス																													
2023106582	2025-11-02	4東京11		3.0	2歳未勝利								小林脩斗		芝1800				1:48.9	1.4		9-8-9	36.1-35.1	35.7	484(+4)																																	曇		10.0	4.0	4.0	127.5	7.0	7	56.0	良	**	**		タッセルノット																													
2023106582	2025-11-16	5東京4		2.0	2歳未勝利								小林脩斗		芝1800				1:48.5	2.2		11-9-8	35.2-35.3	36.7	482(-2)																																	晴		18.0	5.0	10.0	421.5	14.0	15	56.0	良	**	**		ランズダウンロード																													
2023106582	2025-12-06	5中山1		9.0	葉牡丹賞(1勝クラス)								小林脩斗		芝2000				2:01.7	3.5		10-10-9-10	35.1-35.3	37.6	476(-6)																																	曇		11.0	8.0	11.0	512.5	11.0	10	56.0	良	**	**		サノノグレーター																													
2023106582	2026-01-04	1中山1		2.0	3歳未勝利								遠藤汰月		ダ1800				1:59.3	4.8		12-12-11-11	38.5-37.9	41.1	476(0)																																	晴		13.0	7.0	10.0	184.1	10.0	11	54.0	稍	**	**		フィンガー																													
2023106582	2026-01-17	1中山6		2.0	3歳未勝利								遠藤汰月		ダ1800				1:59.9	4.4		11-11-9-10	37.7-39.6	42.9	476(0)																																	晴		16.0	6.0	12.0	559.4	16.0	14	54.0	良				ウリズンベー																													
2023106586	2025-08-10	2新潟6		3.0	2歳新馬								嶋田純次		ダ1200				1:15.2	2.4		8-9	34.7-38.1	38.9	406(0)																			雨		15.0	8.0	14.0	136.9	11.0	7	55.0	稍	**	**		マイネルミストラル																																											
2023106586	2025-08-23	3新潟1		1.0	2歳未勝利								嶋田純次		芝2000				2:05.8	1.0		5-5-5-5	37.1-36.4	36.5	402(-4)				56.0															晴		6.0	3.0	3.0	45.2	6.0	5	55.0	良	**	**		ストロングエース																																											
2023106586	2025-09-13	4中山3		2.0	2歳未勝利								嶋田純次		芝1600				1:35.7	0.7		7-9-8	35.6-34.9	34.9	414(+12)																			曇		11.0	2.0	2.0	64.0	10.0	7	55.0	稍	**	**		マーゴットブロー																																											
2023106586	2025-10-05	4東京2		3.0	2歳未勝利								嶋田純次		芝1400				1:22.5	0.9		12-12	34.5-34.7	34.4	416(+2)																			晴		17.0	4.0	8.0	44.2	10.0	10	55.0	良	**	**		フェーダーローター																																											
2023106586	2025-10-26	4東京9		3.0	2歳未勝利								内田博幸		芝1600				1:35.6	1.5		3-3	34.3-36.1	35.7	424(+8)				140.0															小雨		11.0	3.0	3.0	23.1	6.0	3	55.0	稍	**	**		リゾートアイランド																																											
2023106586	2025-12-13	5中山3		3.0	2歳未勝利								内田博幸		芝1600				1:35.4	1.6		11-11-11	34.8-34.9	35.3	422(-2)																			曇		16.0	3.0	6.0	78.3	9.0	11	55.0	良	**	**		バルボアパーク																																											
2023106586	2026-01-18	1中山7		1.0	3歳未勝利								嶋田純次		ダ1200				1:14.3	1.2		10-10	33.5-39.6	39.4	426(+4)																																																													晴		16.0	5.0	9.0	85.5	8.0	7	55.0	良	**	**		マーガレットクレア	202606010701
2023106595	2025-07-12	1函館9		5.0	2歳新馬								嶋田純次		芝1800				1:50.8	2.7		2-2-2-3	36.7-35.7	38.3	434(0)																																															晴		7.0	6.0	6.0	57.7	5.0	7	55.0	良	**	**		マルガ															
2023106595	2025-08-02	1札幌3		1.0	2歳未勝利								嶋田純次		芝1800				1:50.8	0.6		7-7-4-2	36.4-35.8	35.9	430(-4)				140.0																																											晴		8.0	3.0	3.0	37.2	4.0	3	55.0	良	**	**		ジャストビート															
2023106595	2025-09-15	4中山5		2.0	2歳未勝利								嶋田純次		芝1800				1:51.4	0.4		3-3-3-3	38.9-35.1	35.3	430(0)																																															曇		10.0	7.0	8.0	14.5	6.0	6	55.0	良	**	**		ユメシルベ															
2023106595	2025-10-04	4東京1		2.0	2歳未勝利								嶋田純次		芝2000				2:01.4	1.1		1-1-1	36.5-34.4	35.5	436(+6)				56.0																																											曇		9.0	7.0	7.0	42.8	7.0	5	56.0	良	**	**		ミッキーマーメイド															
2023106595	2025-11-09	5東京2		4.0	2歳未勝利								遠藤汰月		芝1800				1:49.0	1.9		5-4-5	35.2-35.2	36.6	436(0)																																															小雨		14.0	4.0	5.0	102.9	10.0	11	53.0	良	**	**		ラディアントスター															
2023106600	2025-11-29	5東京7		4.0	2歳新馬								嶋田純次		ダ1400				1:29.7	3.8		16-16	35.8-37.2	38.9	554(0)																			晴		16.0	7.0	13.0	201.9	15.0	14	56.0	良	**	**		オクトーバーナイン																																											
2023106600	2025-12-07	5中山2		6.0	2歳1勝クラス								嶋田純次		ダ1200				1:15.3	3.4		4-5	35.7-36.2	39.2	548(-6)																			晴		6.0	6.0	6.0	120.0	6.0	6	56.0	良	**	**		ルクスレイモンド																																											
2023106600	2025-12-27	5中山7		3.0	2歳未勝利								嶋田純次		ダ1200				1:15.2	3.5		9-11	33.7-38.0	40.2	544(-4)																			曇		16.0	8.0	15.0	565.5	15.0	15	56.0	稍	**	**		パータリプトラ																																											
2023106600	2026-01-18	1中山7		1.0	3歳未勝利								小林脩斗		ダ1200				1:16.8	3.7		11-13	33.5-39.6	41.8	542(-2)																																																													晴		16.0	1.0	1.0	558.9	16.0	15	57.0	良	**	**		マーガレットクレア	202606010701
2023106603	2025-08-17	2新潟8		4.0	2歳新馬								遠藤汰月		芝1800				1:52.0	2.5		11-11	36.7-33.7	35.1	434(0)																																															晴		11.0	8.0	11.0	107.6	9.0	10	52.0	良	**	**		スウィフトミモザ															
2023106603	2025-09-07	4中山2		4.0	2歳未勝利								遠藤汰月		芝2000				2:06.0	1.2		7-7-7-10	38.6-34.2	34.7	442(+8)																																															晴		10.0	2.0	2.0	361.3	10.0	8	52.0	良	**	**		マイネルマスター															
2023106603	2025-09-27	4中山8		9.0	芙蓉S(OP)								嶋田純次		芝2000				2:01.9	1.6		9-9-9-9	36.2-35.4	35.8	446(+4)																																															晴		9.0	1.0	1.0	526.6	9.0	8	55.0	良	**	**		ウイナーズナイン															
2023106603	2025-10-12	4東京4		3.0	2歳未勝利								遠藤汰月		芝2000				2:02.0	2.0		10-10-10	36.6-34.9	35.6	448(+2)																																															曇		10.0	2.0	2.0	170.4	9.0	10	53.0	良	**	**		チャリングクロス															
2023106603	2025-10-26	4東京9		2.0	2歳未勝利								遠藤汰月		芝2000				2:02.8	1.7		8-10-9	36.1-36.1	36.7	454(+6)																																															小雨		10.0	4.0	4.0	185.2	10.0	7	53.0	稍	**	**		セヴェロ															
2023106603	2026-01-12	1中山5		6.0	3歳未勝利								遠藤汰月		芝2000				2:02.3	2.3		14-14-17-17	35.1-36.8	36.9	456(+2)																																															晴		18.0	1.0	1.0	428.9	18.0	17	54.0	良	**	**		サトノマティーニ															
2023106620	2025-08-17	1札幌8		5.0	2歳新馬								池添謙一		芝1800				1:54.1	1.5		2-2-2-2	39.7-35.6	37.0	444(0)				190.0																													雨		5.0	4.0	4.0	5.8	3.0	3	55.0	稍	**	**		ジャスティンシカゴ																													
2023106620	2025-08-30	2札幌3		2.0	2歳未勝利								横山和生		芝1800				1:53.1	0.9		1-1-1-1	37.7-36.7	37.6	448(+4)				140.0																													小雨		7.0	1.0	1.0	15.5	4.0	3	55.0	稍	**	**		ノチェセラーダ																													
2023106620	2025-12-20	5中山5		3.0	2歳未勝利								横山和生		芝1800				1:49.1	1.5		14-14-11-9	36.4-34.4	35.2	460(+12)																																	小雨		16.0	6.0	11.0	32.6	7.0	10	56.0	良	**	**		ミスターライト																													
2023106620	2026-01-17	1中山6		2.0	3歳未勝利								戸崎圭太		ダ1800				1:58.6	3.1		2-3-2-2	37.7-39.6	42.6	464(+4)																																	晴		16.0	7.0	14.0	5.0	3.0	9	57.0	良				ウリズンベー																													
2023106627	2025-07-13	2福島6		5.0	2歳新馬								杉原誠人		芝1800				1:55.3	1.7		9-10-10-10	38.8-35.8	36.7	470(0)																																															晴		15.0	2.0	2.0	97.8	13.0	8	55.0	良	**	**		ルージュボヤージュ															
2023106627	2025-09-15	4中山5		2.0	2歳未勝利								杉原誠人		芝1800				1:51.5	0.5		9-9-10-10	38.9-35.1	34.2	460(-10)																																															曇		10.0	8.0	10.0	75.0	9.0	7	55.0	良	**	**		ユメシルベ															
2023106627	2025-10-11	4東京3		3.0	2歳未勝利								大野拓弥		芝1800				1:50.0	1.4		3-5-5	37.5-33.4	34.3	472(+12)				84.0																																											雨		10.0	3.0	3.0	43.5	6.0	4	56.0	良	**	**		ラストスマイル															
2023106627	2025-11-08	3福島1		3.0	2歳未勝利								杉原誠人		ダ1700				1:49.8	3.3		12-9-12-11	30.3-38.9	40.3	476(+4)																																															晴		15.0	2.0	2.0	13.4	6.0	11	56.0	良	**	**		アトモス															
2023106627	2025-11-29	5東京7		3.0	2歳未勝利								杉原誠人		芝1800				1:48.7	0.8		4-4-3	36.0-34.4	34.9	490(+14)				56.0																																											晴		12.0	4.0	4.0	35.2	8.0	5	56.0	良	**	**		ブリガンティン															
2023106627	2025-12-27	5中山7		4.0	2歳未勝利								杉原誠人		芝2000				2:02.3	0.4		8-8-7-4	35.5-36.8	36.6	492(+2)				56.0																																											曇		18.0	5.0	9.0	216.6	13.0	5	56.0	良	**	**		ポッドクロス															
2023106639	2026-01-04	1京都1		5.0	3歳新馬								川端海翼		芝1800				1:52.6	2.1		17-17	36.2-34.7	35.3	448(0)																																	曇		18.0	8.0	18.0	243.8	16.0	15	52.0	良	**	**		タイキルッジェーロ																													
2023106639	2026-01-17	1京都6		5.0	3歳未勝利								川端海翼		芝2000				2:04.0	2.9		15-16-18-18	34.8-36.8	37.4	446(-2)																																	晴		18.0	6.0	11.0	731.7	18.0	15	52.0	良				ラコンチャビエン																													
2023106643	2026-01-18	1中山7		5.0	3歳新馬								高杉吏麒		芝1600				1:35.5	1.1		6-8-8	35.8-34.3	34.7	480(0)				65.0																																																									晴		16.0	4.0	7.0	16.4	5.0	5	57.0	良	**	**		サンプレクス	202606010705
2023106651	2025-12-13	5阪神3		5.0	2歳新馬								菱田裕二		芝1800				1:50.1	1.2		3-2	37.2-33.6	34.7	458(0)				75.0															晴		7.0	6.0	6.0	52.7	5.0	5	56.0	良	**	**		ダノンハドソン																																											
2023106651	2025-12-28	5阪神8		2.0	2歳未勝利								菱田裕二		芝1400				1:22.0	0.6		16-17	34.2-35.5	34.7	460(+2)																			晴		17.0	7.0	13.0	156.1	14.0	8	56.0	良	**	**		デアヴェローチェ																																											
2023106651	2026-01-18	1京都7		6.0	3歳未勝利								浜中俊		芝1600				1:35.1	1.1		14-14	33.6-36.8	36.2	458(-2)																																																													晴		18.0	4.0	7.0	175.3	16.0	13	57.0	良	**	**		マゲバスピード	202608010706
2023106653	2026-01-05	1京都2		3.0	3歳新馬								今村聖奈		ダ1200				1:14.5	1.0		3-3	36.1-37.4	38.2	416(0)				98.0															晴		14.0	3.0	3.0	12.1	4.0	4	53.0	良	**	**		マナボニート																																											
2023106653	2026-01-18	1京都7		1.0	3歳未勝利								今村聖奈		ダ1200				1:15.2	1.7		3-3	36.6-36.9	38.1	412(-4)																																																													晴		16.0	8.0	16.0	29.5	7.0	12	53.0	良	**	**		オンザノアール	202608010701
2023106655	2025-10-04	3京都1		3.0	2歳新馬								斎藤新		ダ1400				1:28.3	3.9		8-8	34.9-37.2	39.8	460(0)																			雨		16.0	4.0	8.0	144.3	14.0	14	55.0	重	**	**		アスクケンタッキー																																											
2023106655	2025-11-16	3福島4		1.0	2歳未勝利								佐藤翔馬		ダ1150				1:12.0	3.2		9-10	31.7-37.1	39.0	450(-10)																			晴		16.0	6.0	11.0	497.7	16.0	10	52.0	良	**	**		ドナシェーン																																											
2023106655	2025-12-20	5中山5		1.0	2歳未勝利								舟山瑠泉		ダ1200				1:14.2	1.7		4-4	34.3-38.2	39.6	448(-2)																			曇		16.0	2.0	3.0	287.2	14.0	10	52.0	良	**	**		シュピラー																																											
2023106655	2026-01-18	1中山7		1.0	3歳未勝利								武藤雅		ダ1200				1:15.6	2.5		3-4	33.5-39.6	42.0	442(-6)																																																													晴		16.0	7.0	14.0	90.7	9.0	13	55.0	良	**	**		マーガレットクレア	202606010701
2023106686	2026-01-17	1中山6		3.0	3歳新馬								松岡正海		ダ1800				2:00.2	3.3		14-14-15-15	38.4-40.2	41.1	444(0)																																	晴		16.0	1.0	1.0	82.7	13.0	13	57.0	良				ガムラスタン																													
2023106691	2026-01-11	1中山4		5.0	3歳新馬								田辺裕信		ダ1800				1:56.5	0.6		7-7-4-2	37.3-38.5	38.7	484(0)				98.0																																											晴		16.0	3.0	6.0	9.4	6.0	4	57.0	良	**	**		エスシービクトリア															
2023106715	2026-01-10	1中山3		5.0	3歳新馬								横山武史		芝2000				2:02.7	0.5		5-5-7-7	37.0-34.7	34.8	514(0)				160.0																																											晴		15.0	2.0	3.0	2.5	1.0	3	57.0	良	**	**		ランザワールド															
2023106716	2025-10-19	3京都7		5.0	2歳新馬								坂井瑠星		芝2000				2:02.4	0.3		7-6-7-8	36.9-35.8	35.6	488(0)				110.0																																											曇		11.0	1.0	1.0	8.2	4.0	4	56.0	良	**	**		ヴァロンブローサ															
2023106716	2025-11-09	4京都2		3.0	2歳未勝利								坂井瑠星		芝2000				2:04.6	0.3		6-5-2-2	37.4-35.5	35.7	490(+2)				140.0																																											雨		8.0	7.0	7.0	13.8	5.0	3	56.0	稍	**	**		マテンロウゲイル															
2023106717	2025-10-04	4東京1		5.0	2歳新馬								木幡巧也		芝1800				1:50.6	2.3		2-5-6	37.1-34.2	36.1	406(0)																			曇		17.0	7.0	13.0	31.8	8.0	15	55.0	良	**	**		カレントゥルーシー																																											
2023106717	2025-12-21	5中山6		7.0	2歳未勝利								木幡巧也		芝1600				1:37.5	2.9		9-10-13	34.8-36.3	37.9	414(+8)																			曇		16.0	6.0	11.0	140.3	14.0	13	55.0	重	**	**		ジッピーチューン																																											
2023106717	2026-01-18	1中山7		1.0	3歳未勝利								木幡巧也		ダ1200				1:18.3	5.2		7-9	33.5-39.6	43.9	414(0)																																																													晴		16.0	4.0	8.0	275.2	14.0	16	55.0	良	**	**		マーガレットクレア	202606010701
2023106731	2026-01-04	1中山1		6.0	3歳新馬								原優介		芝2000				2:07.1	3.1		9-9-10-12	38.2-35.6	37.8	416(0)																			晴		17.0	1.0	1.0	99.3	17.0	16	55.0	良	**	**		トップオブザライン																																											
2023106731	2026-01-18	1中山7		2.0	3歳未勝利								原優介		ダ1800				2:01.8	4.4		14-12-12-13	37.1-41.2	44.3	410(-6)																																																													晴		16.0	8.0	15.0	186.7	14.0	14	55.0	良	**	**		デルマホダカ	202606010702
2023106733	2025-12-20	5中山5		4.0	2歳新馬								木幡巧也		ダ1800				1:57.1	1.9		9-9-7-8	37.4-39.2	39.8	446(0)																																	曇		13.0	7.0	11.0	214.9	12.0	7	56.0	良	**	**		ゴールドブレイズ																													
2023106733	2026-01-05	1中山2		3.0	3歳未勝利								原優介		ダ1800				1:57.6	1.7		11-11-11-9	37.2-39.5	40.0	446(0)																																	晴		12.0	5.0	6.0	153.5	11.0	6	57.0	稍	**	**		カフェラジェム																													
2023106733	2026-01-17	1中山6		2.0	3歳未勝利								原優介		ダ1800				1:58.2	2.7		4-4-5-6	37.7-39.6	41.7	448(+2)																																	晴		16.0	1.0	2.0	37.9	7.0	6	57.0	良				ウリズンベー																													
2023106786	2025-12-21	5中京6		5.0	2歳新馬								鮫島克駿		ダ1400				1:27.3	1.3		6-7	35.8-37.5	38.2	448(0)																			雨		15.0	3.0	4.0	18.6	7.0	6	55.0	稍	**	**		ペルセポネ																																											
2023106786	2026-01-18	1京都7		1.0	3歳未勝利								鮫島克駿		ダ1200				1:14.9	1.4		13-13	36.6-36.9	37.1	446(-2)																																																													晴		16.0	7.0	13.0	15.9	5.0	8	55.0	良	**	**		オンザノアール	202608010701
2023106797	2025-10-05	3京都2		5.0	2歳新馬								横山武史		芝1800				1:49.4	0.6		2-2	36.7-34.7	35.2	460(0)																			小雨		13.0	7.0	11.0	14.8	4.0	6	55.0	稍	**	**		コウギョク																																											
2023106797	2025-12-20	5中京5		4.0	2歳未勝利								小沢大仁		芝1600				1:35.7	0.4		12-11-11	35.2-35.7	35.2	456(-4)				84.0															曇		16.0	2.0	3.0	13.9	5.0	4	55.0	稍	**	**		アンディムジーク																																											
2023106797	2026-01-18	1京都7		6.0	3歳未勝利								鮫島克駿		芝1600				1:35.3	1.3		4-4	33.6-36.8	37.3	454(-2)																																																													晴		18.0	7.0	13.0	55.4	8.0	14	55.0	良	**	**		マゲバスピード	202608010706
2023106801	2025-11-23	5東京5		5.0	2歳新馬								戸崎圭太		芝2000				2:03.4	1.3		10-11-11	37.4-34.2	34.4	468(0)																																															曇		11.0	3.0	3.0	5.5	3.0	11	56.0	良	**	**		ノーブルサヴェージ															
2023106823	2025-06-14	3阪神3		5.0	2歳新馬								松山弘平		芝1200				1:10.5	-0.2		1-1	35.2-35.3	35.3	428(0)				750.0															小雨		8.0	3.0	3.0	4.1	3.0	1	55.0	稍	**	**		(サトノボヤージュ)																																											
2023106823	2025-07-20	1函館12		11.0	函館2歳S(GIII)								佐々木大		芝1200				1:10.3	1.9		4-6	34.3-34.1	35.5	432(+4)																			晴		12.0	8.0	12.0	20.7	8.0	12	55.0	良	**	**		エイシンディード																																											
2023106823	2025-09-20	4中山6		9.0	カンナS(OP)								佐々木大		芝1200				1:09.0	0.8		10-12	33.9-34.3	34.3	442(+10)																			曇		13.0	1.0	1.0	7.4	3.0	7	55.0	良	**	**		ウチュウノセカイ																																											
2023106823	2025-12-13	5中山3		9.0	黒松賞(1勝クラス)								プーシャ		芝1200				1:09.5	1.3		10-10	34.3-33.9	34.3	448(+6)																			曇		13.0	8.0	12.0	26.3	11.0	13	56.0	良	**	**		マーブルパレス																																											
2023106823	2026-01-18	1京都7		4.0	3歳1勝クラス								鮫島克駿		ダ1200				1:16.6	3.9		7-9	35.3-37.4	40.6	454(+6)																																																													晴		10.0	7.0	7.0	66.1	9.0	10	57.0	良	**	**		ラブルラウザー	202608010704
2023106825	2026-01-18	1京都7		5.0	3歳新馬								西村淳也		芝2000				2:03.8	0.3		5-3-3-3	37.5-35.4	35.6	480(0)				160.0																																																									晴		17.0	8.0	17.0	40.9	9.0	3	57.0	良	**	**		クリスレジーナ	202608010705
2023106832	2025-08-03	2新潟4		4.0	2歳新馬								高杉吏麒		芝1600				1:36.8	1.9		8-6	35.9-33.8	35.1	500(0)																																															晴		13.0	1.0	1.0	8.5	3.0	9	54.0	良	**	**		プロメサアルムンド															
2023106832	2025-12-06	5中京1		5.0	2歳未勝利								丸山元気		芝2000				2:02.7	1.4		4-4-5-5	36.9-34.4	35.3	496(-4)																																															晴		14.0	5.0	7.0	131.6	10.0	7	55.0	良	**	**		アクロフェイズ															
2023106832	2025-12-28	5阪神8		1.0	2歳未勝利								松若風馬		ダ1800				1:58.5	3.2		1-1-1-2	37.6-38.7	41.9	498(+2)																																															晴		13.0	3.0	3.0	7.3	3.0	7	55.0	良	**	**		ミヤジオズ															
2023106835	2025-10-26	4東京9		5.0	2歳新馬								津村明秀		芝1800				1:49.8	0.2		8-8-8	37.8-34.4	33.7	480(0)				190.0																													小雨		16.0	7.0	13.0	3.1	1.0	3	55.0	稍	**	**		ヴァリスマリネリス																													
2023106835	2026-01-17	1中山6		5.0	3歳未勝利								津村明秀		芝2000				2:00.7	0.0		14-13-5-4	35.6-35.5	35.1	486(+6)				590.0																													晴		18.0	7.0	14.0	3.7	1.0	1	55.0	良				(サムシングスイート)																													
2023106856	2025-09-13	4阪神3		6.0	2歳新馬								モレイラ		ダ1400				1:27.6	1.8		6-5	34.8-38.6	39.7	450(0)																																															曇		13.0	6.0	8.0	3.7	1.0	6	55.0	良	**	**		クリムゾンキャット															
2023106856	2025-10-05	3京都2		1.0	2歳未勝利								吉村誠之		ダ1400				1:25.5	1.0		11-9	34.9-37.1	37.2	446(-4)				84.0																																											小雨		16.0	3.0	6.0	31.3	7.0	4	54.0	重	**	**		サヨノパララックス															
2023106856	2025-12-13	5阪神3		1.0	2歳未勝利								吉村誠之		ダ1400				1:27.5	2.0		1-2	34.5-38.5	40.4	456(+10)																																															晴		15.0	8.0	15.0	8.1	5.0	12	54.0	良	**	**		タイニーワンダー															
2023106861	2025-07-06	2福島4		5.0	2歳新馬								大野拓弥		芝2000				2:08.1	-0.7		3-3-3-2	39.8-35.3	34.8	502(0)				750.0															曇		8.0	7.0	7.0	1.9	1.0	1	55.0	良	**	**		(ラディアントスター)																																											
2023106861	2025-09-27	4中山8		9.0	芙蓉S(OP)								ルメール		芝2000				2:00.7	0.4		8-7-7-6	36.2-35.4	35.1	516(+14)																			晴		9.0	3.0	3.0	2.8	2.0	6	55.0	良	**	**		ウイナーズナイン																																											
2023106861	2026-01-18	1中山7		11.0	京成杯(GIII)								三浦皇成		芝2000				1:59.6	0.3		11-11-11-13	35.6-34.7	34.2	518(+2)				620.0																																																									晴		15.0	5.0	9.0	29.6	9.0	4	57.0	良	**	**		グリーンエナジー	202606010711
2023106870	2025-11-09	5東京2		6.0	2歳新馬								岩田望来		ダ1600				1:41.7	2.7		10-11	35.8-37.2	38.8	428(0)																																															小雨		15.0	3.0	4.0	45.7	9.0	11	56.0	稍	**	**		ピースサイン															
2023106871	2025-11-16	5東京4		4.0	2歳新馬								マーカン		ダ1600				1:41.6	1.1		8-10	36.9-36.9	37.3	524(0)																																															晴		16.0	1.0	2.0	6.8	3.0	9	56.0	良	**	**		アジアントレジャー															
2023106901	2025-10-04	4東京1		5.0	2歳新馬								吉村誠之		芝1800				1:48.8	0.5		5-3-4	37.1-34.2	34.5	446(0)																																	曇		17.0	1.0	2.0	8.3	5.0	6	54.0	良	**	**		カレントゥルーシー																													
2023106901	2025-12-21	5阪神6		3.0	2歳未勝利								ジェルー		芝1800				1:48.5	1.0		7-8	35.2-35.3	35.6	438(-8)																																	雨		18.0	5.0	9.0	11.5	6.0	10	55.0	稍	**	**		エイズルブルーム																													
2023106901	2026-01-17	1京都6		5.0	3歳未勝利								池添謙一		芝2000				2:02.3	1.2		6-5-4-4	34.8-36.8	37.6	426(-12)																																	晴		18.0	2.0	3.0	93.6	10.0	11	55.0	良				ラコンチャビエン																													
2023106907	2025-09-28	4中山9		4.0	2歳新馬								モレイラ		ダ1200				1:13.4	0.8		7-6	35.2-37.4	37.5	448(0)				110.0																																											晴		16.0	2.0	4.0	2.4	1.0	4	55.0	良	**	**		サノノアルペン															
2023106912	2025-07-13	2小倉6		6.0	2歳新馬								松山弘平		芝1200				1:11.2	-0.4		1-1	35.5-35.7	35.7	444(0)				750.0																																											曇		8.0	5.0	5.0	3.4	1.0	1	55.0	良	**	**		(リトゥリア)															
2023106912	2025-08-31	4中京4		11.0	中京2歳S(GIII)								高杉吏麒		芝1400				1:22.3	2.9		3-3	33.3-34.9	37.5	450(+6)																																															晴		13.0	8.0	13.0	46.3	9.0	12	55.0	良	**	**		キャンディード															
2023106912	2025-09-20	4中山6		9.0	カンナS(OP)								菅原明良		芝1200				1:09.7	1.5		13-13	33.9-34.3	34.7	448(-2)																																															曇		13.0	8.0	12.0	72.5	13.0	13	55.0	良	**	**		ウチュウノセカイ															
2023106943	2025-10-19	3京都7		4.0	2歳新馬								松山弘平		芝1400				1:24.3	2.1		17-16	35.3-35.0	35.4	444(0)																																															曇		17.0	4.0	7.0	22.7	6.0	14	56.0	良	**	**		ミルトベスト															
2023106943	2025-11-09	4京都2		1.0	2歳未勝利								吉村誠之		ダ1400				1:26.2	0.2		6-7	35.4-38.0	37.6	438(-6)				220.0																																											雨		16.0	8.0	16.0	116.0	13.0	2	55.0	稍	**	**		ムテキシャチョウ															
2023106943	2025-12-20	5阪神5		1.0	2歳未勝利								Ｃ．デム		ダ1400				1:27.4	1.9		9-9	34.4-38.7	39.2	440(+2)																																															晴		16.0	5.0	10.0	4.5	2.0	7	56.0	良	**	**		ゴールデンバランス															
2023106949	2025-10-12	3京都4		5.0	2歳新馬								鮫島克駿		芝2000				2:00.5	0.0		2-2-2-2	36.1-35.3	34.0	454(0)				190.0																													曇		13.0	7.0	11.0	34.6	9.0	3	55.0	良	**	**		ヴィサージュ																													
2023106949	2026-01-17	1京都6		5.0	3歳未勝利								川田将雅		芝2000				2:01.2	0.1		14-14-13-9	34.8-36.8	35.9	456(+2)				150.0																													晴		18.0	8.0	18.0	4.7	3.0	3	55.0	良				ラコンチャビエン																													
2023106978	2025-10-05	3京都2		3.0	2歳新馬								吉村誠之		ダ1800				1:55.1	3.3		13-12-5-6	35.8-37.3	39.5	476(0)																																															曇		16.0	3.0	5.0	4.8	3.0	8	55.0	重	**	**		パイロマンサー															
2023106978	2025-12-06	5中京1		5.0	2歳未勝利								亀田温心		芝2000				2:01.3	-0.2		4-4-3-3	36.9-34.4	34.1	474(-2)				560.0																																											晴		14.0	6.0	10.0	6.5	3.0	1	56.0	良	**	**		(ロングトールサリー)															
2023106981	2025-09-21	4中山7		5.0	2歳新馬								横山和生		芝2000				2:03.9	0.7		2-2-2-2	38.2-34.3	34.8	482(0)				110.0																																											晴		10.0	2.0	2.0	4.1	3.0	4	55.0	良	**	**		フロレセール															
2023106981	2025-11-01	4東京10		3.0	2歳未勝利								横山和生		芝2000				2:00.3	0.3		4-3-3	36.3-33.2	33.2	476(-6)				220.0																																											晴		11.0	1.0	1.0	11.8	4.0	2	56.0	稍	**	**		ソラネルマン															
2023106981	2026-01-05	1中山2		6.0	3歳未勝利								横山和生		芝2000				2:01.3	0.2		2-2-2-1	35.5-36.1	36.2	484(+8)				240.0																																											晴		18.0	5.0	10.0	2.9	1.0	2	57.0	良	**	**		イモータリス															
2023106991	2025-11-02	4東京11		4.0	2歳新馬								レーン		芝1600				1:34.4	0.8		1-1	34.5-34.4	35.2	468(0)																			曇		16.0	5.0	10.0	5.9	4.0	6	55.0	良	**	**		モートンアイランド																																											
2023106991	2026-01-18	1中山7		1.0	3歳未勝利								杉原誠人		ダ1200				1:14.0	0.9		2-2	33.5-39.6	40.5	470(+2)																																																													晴		16.0	3.0	5.0	3.4	1.0	6	55.0	良	**	**		マーガレットクレア	202606010701
2023106993	2025-11-02	3京都11		5.0	2歳新馬								西塚洸二		芝1600				1:37.4	1.5		11-11	35.9-34.9	35.5	444(0)																																															晴		15.0	6.0	11.0	73.9	12.0	12	54.0	良	**	**		ヒシアイラ															
2023106993	2025-12-06	5中京1		4.0	2歳未勝利								松本大輝		芝1200				1:09.8	0.5		15-15	34.6-34.7	33.9	440(-4)																																															晴		18.0	5.0	10.0	162.0	16.0	8	54.0	良	**	**		ハッピーラッキー															
2023106996	2025-12-14	5阪神4		4.0	2歳新馬								松山弘平		芝1400				1:23.6	1.6		8-6	34.8-35.4	36.5	442(0)																																															晴		11.0	4.0	4.0	2.5	1.0	10	55.0	稍	**	**		テイエムスティール															
2023107000	2025-09-28	4阪神9		5.0	2歳新馬								鮫島克駿		芝1400				1:25.2	0.9		16-16	36.1-35.5	35.2	456(0)																																	晴		18.0	6.0	12.0	5.9	3.0	13	55.0	良	**	**		プレダトゥール																													
2023107000	2025-12-06	5阪神1		4.0	2歳未勝利								西村淳也		芝1800				1:49.6	1.2		7-7	35.6-33.5	34.0	468(+12)				56.0																													晴		9.0	5.0	5.0	22.3	5.0	5	56.0	良	**	**		ブレットパス																													
2023107000	2026-01-05	1京都2		5.0	3歳未勝利								鮫島克駿		芝2000				2:03.3	1.0		15-11-11-12	35.7-36.0	36.2	466(-2)																																	晴		17.0	6.0	11.0	119.2	12.0	10	57.0	良	**	**		タガノアルトゥーラ																													
2023107000	2026-01-17	1京都6		1.0	3歳未勝利								西村淳也		ダ1800				1:56.7	2.2		10-10-7-7	37.0-37.9	39.2	466(0)				89.0																													晴		10.0	5.0	5.0	63.0	6.0	4	57.0	良				リアライズグリント																													
2023107006	2025-06-08	3東京2		6.0	2歳新馬								ルメール		芝1400				1:23.1	-0.1		7-5	35.6-35.1	34.7	462(0)				750.0																													曇		17.0	5.0	9.0	2.9	2.0	1	55.0	良	**	**		(ルーチェフィオーレ)																													
2023107006	2025-08-31	4中京4		11.0	中京2歳S(GIII)								吉村誠之		芝1400				1:20.8	1.4		10-10	33.3-34.9	35.1	472(+10)				310.0																													晴		13.0	6.0	8.0	7.1	2.0	5	55.0	良	**	**		キャンディード																													
2023107006	2025-11-23	5東京5		9.0	赤松賞(1勝クラス)								プーシャ		芝1600				1:34.2	0.6		6-6	35.9-33.8	33.6	486(+14)				111.0																													曇		8.0	5.0	5.0	3.7	2.0	5	55.0	良	**	**		ヒズマスターピース																													
2023107006	2026-01-17	1京都6		10.0	紅梅S(L)								吉村誠之		芝1400				1:21.8	1.1		6-5	34.8-34.2	34.3	472(-14)				320.0																													晴		9.0	3.0	3.0	24.5	7.0	4	55.0	良				リリージョワ																													
2023107022	2025-11-29	4京都7		5.0	2歳新馬								鮫島克駿		芝1600				1:36.1	0.7		7-7	35.7-35.1	35.2	482(0)																																															晴		12.0	1.0	1.0	7.8	3.0	9	56.0	良	**	**		レッドリガーレ															
2023107035	2025-08-24	3新潟2		5.0	2歳新馬								荻野極		芝2000				2:05.9	2.0		1-1-1-2	36.6-36.6	38.6	508(0)																																															晴		14.0	8.0	13.0	7.9	5.0	11	55.0	良	**	**		コスモエルヴァル															
2023107049	2025-10-26	4新潟4		5.0	2歳新馬								小沢大仁		芝1600				1:38.8	1.1		3-3	37.7-33.9	34.7	434(0)				75.0																																											雨		18.0	6.0	12.0	15.0	8.0	5	55.0	稍	**	**		オーライカモン															
2023107051	2025-08-23	3新潟1		5.0	2歳新馬								岩田望来		芝1600				1:38.6	0.0		11-11	38.3-33.8	32.9	446(0)				300.0																													晴		13.0	3.0	3.0	3.9	1.0	2	55.0	良	**	**		ローザレイア																													
2023107051	2025-11-08	5東京1		3.0	2歳未勝利								プーシャ		芝2000				2:02.5	1.3		11-8-8	37.5-32.9	33.7	464(+18)				56.0																													曇		12.0	8.0	11.0	3.3	2.0	5	55.0	良	**	**		グリーンエナジー																													
2023107051	2026-01-17	1中山6		5.0	3歳未勝利								戸崎圭太		芝2000				2:01.0	0.3		4-5-5-6	35.6-35.5	35.4	466(+2)				89.0																													晴		18.0	4.0	8.0	7.5	3.0	4	55.0	良				レダアトミカ																													
2023107060	2025-06-22	3東京6		6.0	2歳新馬								戸崎圭太		芝1400				1:23.5	0.4		5-4	35.4-35.7	35.4	474(0)				300.0																													晴		16.0	1.0	2.0	3.8	1.0	2	55.0	良	**	**		ランドスター																													
2023107060	2025-08-10	2新潟6		1.0	2歳未勝利								戸崎圭太		芝1400				1:23.3	1.2		12-14	34.5-35.7	35.6	474(0)																																	雨		18.0	2.0	3.0	2.5	1.0	9	55.0	稍	**	**		タイセイフレッサ																													
2023107060	2025-10-13	4東京5		1.0	2歳未勝利								ルメール		ダ1600				1:40.0	-0.3		4-3	34.9-39.9	39.3	474(0)				560.0																													曇		15.0	3.0	4.0	2.5	1.0	1	55.0	良	**	**		(ウィングブルー)																													
2023107060	2026-01-17	1中山6		9.0	菜の花賞(1勝クラス)								戸崎圭太		芝1600				1:34.9	0.5		5-5-5	35.3-34.6	34.5	476(+2)				114.0																													晴		8.0	8.0	8.0	16.7	6.0	5	55.0	良				アメティスタ																													
2023107068	2025-09-13	4中山3		5.0	2歳新馬								戸崎圭太		芝1600				1:36.0	0.0		8-9-7	36.8-34.7	34.0	438(0)				300.0															曇		16.0	8.0	16.0	2.1	1.0	2	55.0	稍	**	**		スタートレイン																																											
2023107068	2025-10-25	4東京8		2.0	2歳未勝利								戸崎圭太		芝1600				1:35.8	0.9		2-2	35.6-35.2	36.0	440(+2)																			小雨		10.0	8.0	9.0	1.1	1.0	6	55.0	良	**	**		ヒズマスターピース																																											
2023107068	2026-01-18	1中山7		12.0	3歳未勝利								戸崎圭太		芝1600				1:35.1	0.9		12-12-9	35.5-35.7	35.4	442(+2)																																																													晴		16.0	5.0	10.0	4.4	2.0	9	55.0	良	**	**		サンヴィクトワール	202606010712
2023107071	2025-10-25	3京都8		5.0	2歳新馬								北村友一		芝1600				1:34.8	-0.2		1-1	35.7-34.8	34.8	460(0)				750.0																													曇		14.0	3.0	4.0	6.8	4.0	1	55.0	良	**	**		(トミーバローズ)																													
2023107071	2025-12-06	5中京1		9.0	こうやまき賞(1勝クラス)								ジェルー		芝1600				1:37.0	0.2		2-2-2	37.4-33.6	33.7	460(0)				445.4																													晴		8.0	5.0	5.0	4.6	2.0	2	55.0	良	**	**		クールデイトナ																													
2023107071	2026-01-17	1中山6		9.0	菜の花賞(1勝クラス)								小沢大仁		芝1600				1:34.8	0.4		3-3-3	35.3-34.6	34.6	456(-4)				170.0																													晴		8.0	2.0	2.0	7.4	4.0	4	55.0	良				アメティスタ																													
2023107080	2025-12-28	5中山8		5.0	2歳新馬								プーシャ		ダ1800				1:55.7	-1.4		2-2-2-1	38.2-38.7	38.7	534(0)				750.0																																											晴		16.0	8.0	15.0	1.9	1.0	1	56.0	良	**	**		(ジェネラスキング)															
2023107087	2025-09-07	4中山2		5.0	2歳新馬								ルメール		芝1800				1:48.9	0.0		3-3-3-3	37.1-34.5	34.1	486(0)				300.0															晴		12.0	5.0	6.0	3.5	2.0	2	55.0	良	**	**		フォルテアンジェロ																																											
2023107087	2025-11-01	4東京10		3.0	2歳未勝利								ルメール		芝2000				2:00.0	-0.3		1-1-1	36.3-33.2	33.2	492(+6)				560.0															晴		11.0	2.0	2.0	1.8	1.0	1	56.0	稍	**	**		(ウィロークリーク)																																											
2023107087	2026-01-18	1中山7		11.0	京成杯(GIII)								ルメール		芝2000				1:59.5	0.2		2-2-2-2	35.6-34.7	34.8	496(+4)				1007.7																																																									晴		15.0	7.0	12.0	3.6	1.0	3	57.0	良	**	**		グリーンエナジー	202606010711
2023107090	2026-01-17	1中山6		3.0	3歳新馬								舟山瑠泉		ダ1800				1:57.0	0.1		7-7-2-2	38.4-40.2	40.2	536(0)				260.0																													晴		16.0	7.0	14.0	4.8	3.0	2	54.0	良				ガムラスタン																													
2023107092	2025-09-15	4阪神5		5.0	2歳新馬								松山弘平		芝1600				1:36.9	0.4		7-7	37.5-33.7	33.7	458(0)				190.0																													晴		10.0	5.0	5.0	5.1	2.0	3	55.0	良	**	**		アイガーリー																													
2023107092	2025-11-08	4京都1		3.0	2歳未勝利								Ｃ．デム		芝1800				1:47.7	0.5		4-2	35.6-34.3	34.5	458(0)				140.0																													晴		9.0	1.0	1.0	3.9	3.0	3	55.0	良	**	**		ネッタイヤライ																													
2023107092	2026-01-17	1京都6		5.0	3歳未勝利								西村淳也		芝2000				2:01.1	0.0		1-1-1-1	34.8-36.8	36.8	462(+4)				240.0																													晴		18.0	3.0	6.0	18.4	7.0	2	55.0	良				ラコンチャビエン																													
2023107100	2026-01-18	1中山7		5.0	3歳新馬								横山武史		芝1600				1:34.8	0.4		6-6-6	35.8-34.3	34.2	404(0)				160.0																																																									晴		16.0	3.0	6.0	5.1	3.0	3	55.0	良	**	**		サンプレクス	202606010705
2023107113	2025-09-07	4阪神2		5.0	2歳新馬								坂井瑠星		芝1800				1:47.9	0.4		2-2	36.2-33.9	34.2	444(0)				300.0																																											晴		6.0	6.0	6.0	1.7	1.0	2	55.0	良	**	**		キッコベッロ															
2023107113	2025-09-21	4阪神7		2.0	2歳未勝利								松山弘平		芝1600				1:33.9	0.1		3-2	34.9-35.3	35.2	440(-4)				220.0																																											晴		13.0	8.0	12.0	4.1	3.0	2	55.0	良	**	**		コルテオソレイユ															
2023107113	2025-11-16	4京都4		3.0	2歳未勝利								Ｃ．デム		芝1600				1:34.2	0.3		8-7	34.9-35.5	35.3	438(-2)				220.0																																											晴		15.0	4.0	7.0	1.4	1.0	2	56.0	良	**	**		エイシンティザー															
2023107113	2025-11-30	4京都8		2.0	2歳未勝利								西村淳也		芝1800				1:46.7	0.3		4-4	34.4-35.6	35.5	436(-2)				220.0																																											晴		13.0	4.0	5.0	1.8	1.0	2	56.0	良	**	**		サウンドムーブ															
2023107118	2025-08-10	3中京6		4.0	2歳新馬								吉村誠之		芝2000				2:03.9	1.2		3-3-3-3	38.2-34.0	34.9	488(0)																																															曇		13.0	1.0	1.0	10.4	6.0	9	54.0	良	**	**		アストロレガシー															
2023107118	2025-10-04	3京都1		2.0	2歳未勝利								高杉吏麒		芝2000				2:04.5	1.6		6-6-7-6	37.5-34.4	35.1	496(+8)				56.0																																											雨		8.0	8.0	8.0	5.2	2.0	5	56.0	稍	**	**		ウィズクィーン															
2023107122	2025-12-06	5阪神1		5.0	2歳新馬								川端海翼		芝2000				2:07.5	3.1		9-9-10-10	38.0-34.3	36.0	386(0)																																	晴		10.0	1.0	1.0	44.5	6.0	9	52.0	良	**	**		エルハーベン																													
2023107122	2025-12-28	5阪神8		3.0	2歳未勝利								国分優作		芝1800				1:47.4	1.2		16-15	34.6-35.2	35.1	384(-2)																																	晴		18.0	8.0	17.0	419.6	15.0	10	55.0	良	**	**		ストームゲイル																													
2023107122	2026-01-17	1京都6		5.0	3歳未勝利								河原田菜		芝2000				2:02.8	1.7		13-13-13-14	34.8-36.8	37.2	384(0)																																	晴		18.0	2.0	4.0	304.8	14.0	12	51.0	良				ラコンチャビエン																													
2023107131	2025-08-23	4中京1		6.0	2歳新馬								松山弘平		ダ1800				1:58.5	3.4		4-5-4-5	39.4-37.7	40.7	524(0)																																	晴		12.0	1.0	1.0	3.2	1.0	8	55.0	良	**	**		シュガービスケッツ																													
2023107131	2025-12-27	5阪神7		2.0	2歳未勝利								Ｃ．デム		ダ1800				1:53.3	-1.6		2-3-3-1	37.1-37.6	37.3	538(+14)				560.0																													晴		11.0	8.0	10.0	3.8	2.0	1	56.0	稍	**	**		(サンライズアーサー)																													
2023107131	2026-01-17	1京都6		6.0	3歳1勝クラス								松山弘平		ダ1800				1:53.6	-0.2		2-2-2-2	37.7-36.5	36.4	532(-6)				820.0																													晴		8.0	5.0	5.0	2.2	1.0	1	57.0	良				(ショコラプリン)																													
2023107133	2026-01-18	1中山7		5.0	3歳新馬								石川裕紀		芝1600				1:34.4	-0.3		2-1-1	35.8-34.3	34.3	422(0)				650.0																																																									晴		16.0	4.0	8.0	6.4	4.0	1	57.0	良	**	**		(ウインアプローチ)	202606010705
2023107168	2025-10-25	4東京8		5.0	2歳新馬								川田将雅		芝2000				2:03.1	0.0		5-3-4	37.8-34.2	33.9	524(0)				300.0																																											小雨		9.0	5.0	5.0	2.9	2.0	2	56.0	良	**	**		ウップヘリーア															
2023107168	2025-11-22	4京都5		4.0	2歳未勝利								川田将雅		芝1800				1:47.1	0.2		3-2	34.4-34.8	34.9	516(-8)				140.0																																											晴		11.0	8.0	11.0	1.8	1.0	3	56.0	良	**	**		ヴィスコンテッサ															
2023107169	2025-12-06	5阪神1		5.0	2歳新馬								高杉吏麒		芝2000				2:04.4	-0.1		1-1-1-1	38.0-34.3	34.3	488(0)				750.0																																											晴		10.0	7.0	7.0	3.9	2.0	1	56.0	良	**	**		(ドンテスタマスター)															
2023107184	2026-01-17	1中山6		3.0	3歳新馬								石川裕紀		ダ1800				1:57.5	0.6		5-6-5-5	38.4-40.2	40.2	492(0)																																	晴		16.0	7.0	13.0	2.8	1.0	7	57.0	良				ガムラスタン																													
2023107194	2025-12-21	5阪神6		5.0	2歳新馬								西村淳也		芝1800				1:48.7	0.1		2-2	36.4-34.2	34.3	430(0)				300.0															雨		12.0	5.0	6.0	10.5	6.0	2	56.0	重	**	**		トリニティ																																											
2023107194	2026-01-18	1京都7		6.0	3歳未勝利								西村淳也		芝1600				1:34.7	0.7		10-9	33.6-36.8	36.3	428(-2)																																																													晴		18.0	4.0	8.0	9.2	3.0	8	57.0	良	**	**		マゲバスピード	202608010706
2023107195	2025-10-25	4東京8		6.0	2歳新馬								石川裕紀		ダ1600				1:40.0	2.4		13-15	36.4-36.2	36.8	488(0)																																															小雨		16.0	5.0	9.0	24.0	7.0	8	56.0	稍	**	**		ホウオウルクソール															
2023107206	2025-08-02	1札幌3		5.0	2歳新馬								丹内祐次		芝1500				1:30.3	1.0		9-10-10	30.4-34.4	34.6	418(0)																																	晴		11.0	1.0	1.0	10.5	5.0	6	55.0	良	**	**		ポペット																													
2023107206	2025-08-23	2札幌1		1.0	2歳未勝利								丹内祐次		芝1800				1:50.9	0.7		4-5-4-3	36.2-37.0	37.3	420(+2)				84.0																													曇		8.0	1.0	1.0	15.2	2.0	4	55.0	稍	**	**		ストロベリーツリー																													
2023107206	2025-11-02	4東京11		1.0	2歳未勝利								丹内祐次		芝1600				1:34.9	1.3		3-2	35.1-34.6	35.6	420(0)																																	晴		12.0	1.0	1.0	7.1	4.0	6	55.0	良	**	**		グランセレスト																													
2023107206	2026-01-17	1中山6		9.0	菜の花賞(1勝クラス)								菊沢一樹		芝1600				1:35.0	0.6		7-8-7	35.3-34.6	34.3	422(+2)																																	晴		8.0	7.0	7.0	123.3	8.0	8	55.0	良				アメティスタ																													
2023107250	2025-07-06	2福島4		5.0	2歳新馬								戸崎圭太		芝2000				2:08.8	0.7		2-2-4-2	39.8-35.3	35.3	506(0)				300.0																																											曇		8.0	5.0	5.0	2.4	2.0	2	55.0	良	**	**		タイダルロック															
2023107250	2025-07-19	2福島7		3.0	2歳未勝利								菅原明良		芝1800				1:51.2	0.0		4-4-5-4	35.7-37.0	36.5	506(0)				220.0																																											晴		10.0	3.0	3.0	5.6	4.0	2	55.0	良	**	**		アメテュストス															
2023107250	2025-11-09	5東京2		4.0	2歳未勝利								戸崎圭太		芝1800				1:47.1	-0.2		5-6-5	35.2-35.2	34.7	518(+12)				560.0																																											小雨		14.0	7.0	12.0	4.0	3.0	1	56.0	良	**	**		(バンオンタイム)															
2023107259	2025-12-28	5中山8		6.0	2歳新馬								松山弘平		芝2000				2:03.7	0.1		10-9-10-7	36.7-35.8	34.9	426(0)				190.0																																											晴		18.0	4.0	7.0	5.0	3.0	3	56.0	良	**	**		コンジェスタス															
2023107287	2025-12-13	5中京3		5.0	2歳新馬								松山弘平		芝2000				2:01.4	-0.3		4-6-4-3	36.9-33.6	33.4	488(0)				750.0																																											曇		12.0	7.0	9.0	3.8	2.0	1	56.0	良	**	**		(レイクラシック)															
2023107289	2025-07-20	2福島8		5.0	2歳新馬								戸崎圭太		芝2000				2:05.5	1.7		4-3-4-4	37.1-36.4	37.8	528(0)																			晴		13.0	5.0	6.0	2.9	1.0	6	55.0	良	**	**		オブラプリーマ																																											
2023107289	2025-09-20	4中山6		2.0	2歳未勝利								戸崎圭太		芝2000				2:01.6	-0.4		2-2-2-1	37.0-34.8	34.7	522(-6)				560.0															曇		14.0	7.0	12.0	3.1	1.0	1	55.0	良	**	**		(アルデキングダム)																																											
2023107289	2025-12-06	5中山1		9.0	葉牡丹賞(1勝クラス)								戸崎圭太		芝2000				1:58.7	0.5		3-3-3-3	35.1-35.3	35.5	526(+4)				446.6															曇		11.0	5.0	5.0	4.0	2.0	2	56.0	良	**	**		サノノグレーター																																											
2023107289	2026-01-18	1中山7		11.0	京成杯(GIII)								横山武史		芝2000				2:00.1	0.8		4-5-6-6	35.6-34.7	35.1	532(+6)																																																													晴		15.0	7.0	13.0	7.1	4.0	12	57.0	良	**	**		グリーンエナジー	202606010711
2023107295	2025-06-08	3阪神2		5.0	2歳新馬								幸英明		芝1400				1:24.3	2.5		10-9	34.7-35.3	36.0	496(0)																																															晴		11.0	8.0	11.0	19.4	6.0	10	55.0	良	**	**		ファムマルキーズ															
2023107295	2025-07-05	2小倉3		1.0	2歳未勝利								幸英明		芝1800				1:53.8	0.6		3-3-3-3	38.7-35.2	35.4	490(-6)				220.0																																											晴		5.0	1.0	1.0	12.1	2.0	2	55.0	良	**	**		アスクエジンバラ															
2023107295	2025-07-19	2小倉7		1.0	2歳未勝利								幸英明		芝1800				1:52.6	1.7		2-2-2-3	36.8-36.8	38.5	494(+4)				84.0																																											晴		10.0	2.0	2.0	7.5	4.0	4	55.0	稍	**	**		ディーリライズ															
2023107295	2025-09-07	4阪神2		1.0	2歳未勝利								坂井瑠星		ダ1800				1:55.0	-0.1		2-2-2-2	38.5-38.6	38.5	496(+2)				560.0																																											晴		7.0	1.0	1.0	3.9	3.0	1	55.0	良	**	**		(エコロレーヴ)															
2023107295	2025-11-02	3京都11		9.0	もちの木賞(1勝クラス)								小沢大仁		ダ1800				1:53.8	2.2		11-12-13-13	35.4-37.3	38.6	500(+4)																																															晴		16.0	6.0	12.0	151.8	15.0	11	56.0	稍	**	**		パイロマンサー															
2023107295	2026-01-05	1京都2		4.0	3歳1勝クラス								ハマーハ		ダ1800				1:53.7	1.3		6-5-4-4	36.7-36.9	37.7	514(+14)																																															晴		11.0	2.0	2.0	37.3	7.0	6	57.0	良	**	**		テイエムサンレーヴ															
2023107296	2025-08-17	2新潟8		4.0	2歳新馬								三浦皇成		芝1800				1:51.5	2.0		3-3	36.7-33.7	35.6	506(0)																																															晴		11.0	6.0	6.0	7.1	3.0	7	55.0	良	**	**		スウィフトミモザ															
2023107296	2025-10-12	4東京4		1.0	2歳未勝利								内田博幸		ダ1600				1:39.9	1.2		5-5	35.2-37.9	38.5	520(+14)				56.0																																											晴		15.0	5.0	10.0	4.6	2.0	5	56.0	良	**	**		サンダーヴィント															
2023107296	2025-11-29	5東京7		1.0	2歳未勝利								内田博幸		ダ1600				1:39.4	-0.3		2-2	35.6-38.0	37.9	522(+2)				560.0																																											晴		13.0	5.0	6.0	10.7	6.0	1	56.0	良	**	**		(ロイヤルスパイア)															
2023107298	2025-07-13	2小倉6		5.0	2歳新馬								吉村誠之		芝2000				2:09.3	4.2		8-8-8-8	38.5-34.8	38.0	500(0)																			曇		8.0	5.0	5.0	31.9	7.0	7	54.0	良	**	**		ウイナーズナイン																																											
2023107298	2025-09-07	4阪神2		1.0	2歳未勝利								吉村誠之		ダ1800				1:56.6	1.6		7-6-6-6	38.5-38.6	39.3	496(-4)				84.0															晴		7.0	5.0	5.0	22.9	6.0	4	54.0	良	**	**		リヒトミューレ																																											
2023107298	2025-09-27	4阪神8		2.0	2歳未勝利								吉村誠之		ダ1800				1:56.7	2.1		9-7-6-5	38.3-37.3	38.5	496(0)				84.0															晴		9.0	5.0	5.0	22.8	4.0	4	54.0	良	**	**		シーズザスローン																																											
2023107298	2025-10-18	3京都6		2.0	2歳未勝利								吉村誠之		ダ1800				1:54.6	2.3		8-8-7-6	35.7-38.3	39.9	502(+6)																			曇		10.0	8.0	10.0	18.0	5.0	7	55.0	稍	**	**		シルバーレシオ																																											
2023107298	2025-12-27	5阪神7		1.0	2歳未勝利								Ｃ．デム		ダ1200				1:12.8	-0.3		8-7	35.5-37.3	36.7	508(+6)				560.0															晴		15.0	5.0	8.0	8.8	3.0	1	56.0	稍	**	**		(メイショウイブキ)																																											
2023107298	2026-01-18	1京都7		4.0	3歳1勝クラス								西村淳也		ダ1200				1:12.9	0.2		7-7	35.3-37.4	36.9	504(-4)				120.0																																																									晴		10.0	8.0	10.0	24.8	6.0	4	57.0	良	**	**		ラブルラウザー	202608010704
2023107307	2025-10-04	4東京1		5.0	2歳新馬								戸崎圭太		芝1800				1:49.3	1.0		13-11-11	37.1-34.2	34.2	536(0)																																	曇		17.0	6.0	12.0	12.0	6.0	10	56.0	良	**	**		カレントゥルーシー																													
2023107307	2025-11-15	5東京3		3.0	2歳未勝利								プーシャ		ダ1600				1:41.4	1.7		11-10	35.4-38.2	38.7	540(+4)																																	晴		14.0	4.0	6.0	5.6	2.0	9	56.0	良	**	**		ムーランオランジュ																													
2023107307	2026-01-17	1中山6		2.0	3歳未勝利								内田博幸		ダ1800				1:58.0	2.5		12-12-12-11	37.7-39.6	40.3	524(-16)				59.0																													晴		16.0	2.0	4.0	18.0	4.0	5	57.0	良				ウリズンベー																													
2023107313	2025-10-11	4東京3		5.0	2歳新馬								戸崎圭太		芝1600				1:37.2	0.7		3-3	36.8-34.0	34.5	510(0)																																	雨		14.0	4.0	6.0	9.8	4.0	9	56.0	良	**	**		シュペルリング																													
2023107313	2025-12-27	5中山7		3.0	2歳未勝利								マーカン		ダ1200				1:12.5	0.8		5-4	33.7-38.0	38.0	516(+6)				140.0																													曇		16.0	6.0	11.0	4.4	3.0	3	56.0	稍	**	**		パータリプトラ																													
2023107313	2026-01-17	1中山6		1.0	3歳未勝利								戸崎圭太		ダ1200				1:13.0	-0.1		5-5	34.4-38.6	38.1	518(+2)				590.0																													晴		16.0	6.0	11.0	2.6	1.0	1	57.0	良				(イイクニパッション)																													
2023107351	2025-12-27	5阪神7		6.0	2歳新馬								団野大成		ダ1800				1:56.3	2.3		6-5-6-4	38.0-36.8	38.6	520(0)				110.0																													晴		11.0	7.0	8.0	5.0	3.0	4	56.0	稍	**	**		アメリカンコール																													
2023107351	2026-01-17	1京都6		1.0	3歳未勝利								池添謙一		ダ1800				1:56.9	2.4		3-3-3-3	37.0-37.9	39.9	516(-4)				59.0																													晴		10.0	8.0	10.0	33.0	4.0	5	57.0	良				リアライズグリント																													
2023107371	2025-12-07	5阪神2		6.0	2歳新馬								プーシャ		ダ1800				1:54.0	-0.3		3-3-2-1	38.4-37.6	37.6	472(0)				750.0																													晴		9.0	7.0	7.0	4.5	3.0	1	56.0	良	**	**		(ジャスティンゴッホ)																													
2023107371	2026-01-17	1京都6		6.0	3歳1勝クラス								坂井瑠星		ダ1800				1:56.4	2.8		3-3-3-3	37.7-36.5	39.0	470(-2)																																	晴		8.0	6.0	6.0	4.8	2.0	8	57.0	良				トリグラフヒル																													
2023107432	2026-01-12	1京都5		5.0	3歳新馬								北村友一		芝1600				1:37.0	1.1		2-2	36.1-34.8	35.6	434(0)				98.0																																											晴		18.0	7.0	14.0	38.5	10.0	4	55.0	良	**	**		ニシノサリーナ															
2023107440	2025-08-31	3新潟4		5.0	2歳新馬								上里直汰		芝1800				1:51.4	1.6		10-10	36.9-35.2	36.0	420(0)																																	晴		12.0	6.0	7.0	145.4	10.0	9	52.0	良	**	**		ガローファノ																													
2023107440	2025-09-14	4中山4		4.0	2歳未勝利								上里直汰		ダ1800				1:56.7	2.9		11-11-10-10	36.9-38.6	39.9	418(-2)																																	曇		11.0	4.0	4.0	134.4	10.0	8	52.0	稍	**	**		ワンダーディーン																													
2023107440	2025-10-04	4東京1		1.0	2歳未勝利								上里直汰		ダ1600				1:41.7	2.8		14-14	35.1-38.7	39.3	422(+4)				56.0																													曇		16.0	4.0	8.0	151.8	10.0	5	53.0	良	**	**		テンカムテキ																													
2023107440	2025-10-12	4東京4		1.0	2歳未勝利								上里直汰		ダ1600				1:40.3	1.6		12-9	35.2-37.9	38.4	422(0)																																	晴		15.0	6.0	11.0	84.9	9.0	7	53.0	良	**	**		サンダーヴィント																													
2023107440	2025-11-30	5東京8		3.0	2歳未勝利								上里直汰		ダ1600				1:41.8	4.1		15-15	35.3-37.6	39.6	424(+2)																																	晴		16.0	1.0	1.0	355.5	13.0	13	53.0	良	**	**		ヴンダーバール																													
2023107440	2025-12-13	5阪神3		2.0	2歳未勝利								長岡禎仁		ダ1800				1:56.2	2.5		6-5-7-6	37.4-37.1	38.9	426(+2)				84.0																													晴		10.0	2.0	2.0	287.0	10.0	4	56.0	良	**	**		スカイストライプス																													
2023107440	2025-12-28	5中山8		2.0	2歳未勝利								小林凌大		ダ1800				1:59.0	2.1		3-3-4-4	38.8-39.9	41.5	428(+2)																																	晴		16.0	2.0	4.0	115.8	9.0	11	56.0	良	**	**		タイセツナヒ																													
2023107440	2026-01-17	1中山6		2.0	3歳未勝利								小林凌大		ダ1800				1:58.9	3.4		14-14-14-13	37.7-39.6	41.1	430(+2)																																	晴		16.0	6.0	11.0	146.5	11.0	11	57.0	良				ウリズンベー																													
2023107456	2025-11-08	5東京1		6.0	2歳新馬								吉田豊		芝1400				1:23.8	0.9		3-3	36.9-34.1	34.9	446(0)																			曇		13.0	7.0	10.0	149.9	13.0	9	55.0	良	**	**		レオアジャイル																																											
2023107456	2025-11-29	5東京7		2.0	2歳未勝利								吉田豊		芝1400				1:23.4	1.7		13-13	35.1-34.6	35.1	448(+2)																			晴		18.0	3.0	6.0	479.8	16.0	16	55.0	良	**	**		アグネスクレスト																																											
2023107456	2026-01-18	1中山7		2.0	3歳未勝利								内田博幸		ダ1800				1:59.1	1.7		11-11-9-9	37.1-41.2	42.2	438(-10)																																																													晴		16.0	5.0	10.0	89.0	12.0	7	55.0	良	**	**		デルマホダカ	202606010702
2023107477	2026-01-17	1京都6		4.0	3歳新馬								吉村誠之		ダ1400				1:28.9	1.9		2-2	36.4-37.5	39.3	426(0)																																	晴		16.0	2.0	3.0	20.9	7.0	9	55.0	良				ホウショウルクス																													
2023107489	2026-01-17	1中山6		3.0	3歳新馬								長浜鴻緒		ダ1800				2:01.0	4.1		9-10-14-16	38.4-40.2	42.2	506(0)																																	晴		16.0	8.0	16.0	77.9	12.0	15	55.0	良				ガムラスタン																													
2023107504	2025-07-05	1函館7		5.0	2歳新馬								斎藤新		ダ1000				1:00.6	2.7		3-3	34.7-34.9	37.1	422(0)				190.0																																											晴		7.0	5.0	5.0	7.5	3.0	3	55.0	重	**	**		エムフォー															
2023107504	2025-11-16	3福島4		1.0	2歳未勝利								松若風馬		ダ1150				1:12.3	3.5		15-15	31.7-37.1	38.6	442(+20)																																															晴		16.0	5.0	9.0	32.8	8.0	13	55.0	良	**	**		ドナシェーン															
2023107504	2025-11-30	4京都8		1.0	2歳未勝利								斎藤新		ダ1200				1:15.5	2.4		1-1	35.6-37.5	39.9	438(-4)																																															晴		16.0	7.0	14.0	75.4	9.0	11	55.0	良	**	**		ジャンシ															
2023107510	2026-01-18	1中山7		5.0	3歳新馬								石神深道		芝1600				1:37.4	3.0		14-14-14	35.8-34.3	36.0	474(0)																																																													晴		16.0	1.0	2.0	71.7	10.0	14	50.0	良	**	**		サンプレクス	202606010705
2023107520	2025-11-15	4京都3		6.0	2歳新馬								北村友一		ダ1200				1:12.3	-0.5		3-3	35.8-36.5	36.1	460(0)				750.0																													晴		16.0	3.0	5.0	1.7	1.0	1	55.0	良	**	**		(アーディアイリ)																													
2023107520	2025-12-13	5中京3		9.0	つわぶき賞(1勝クラス)								西塚洸二		芝1400				1:20.0	0.1		1-1	33.7-35.0	35.1	454(-6)				448.4																													曇		11.0	5.0	5.0	7.2	4.0	2	55.0	良	**	**		プレセピオ																													
2023107520	2026-01-17	1京都6		10.0	紅梅S(L)								武豊		芝1400				1:21.4	0.7		2-2	34.8-34.2	34.4	454(0)				845.8																													晴		9.0	1.0	1.0	7.3	3.0	2	55.0	良				リリージョワ																													
2023107534	2025-09-20	4阪神6		3.0	2歳新馬								川田将雅		ダ1200				1:13.5	0.1		2-2	36.5-36.9	36.8	480(0)				300.0																																											曇		10.0	7.0	7.0	4.9	3.0	2	55.0	良	**	**		タカスタカスタカス															
2023107534	2025-10-13	3京都5		1.0	2歳未勝利								団野大成		ダ1400				1:25.7	0.3		2-2	34.9-38.4	38.5	484(+4)				220.0																																											晴		8.0	1.0	1.0	1.7	1.0	2	56.0	良	**	**		ライトオブヌカタ															
2023107534	2025-11-01	3京都10		1.0	2歳未勝利								川田将雅		ダ1200				1:11.9	0.0		1-1	35.5-36.4	36.4	480(-4)				220.0																																											晴		13.0	4.0	4.0	1.9	1.0	2	56.0	不	**	**		メイショウテリオス															
2023109058	2025-07-12	2福島5		6.0	2歳新馬								武藤雅		ダ1150				1:11.9	1.9		13-12	32.0-38.0	37.8	456(0)																																	曇		14.0	2.0	2.0	54.9	11.0	8	55.0	良	**	**		ショーリバース																													
2023109058	2025-08-10	2新潟6		1.0	2歳未勝利								武藤雅		芝1400				1:23.8	1.7		14-14	34.5-35.7	35.8	452(-4)																																	雨		18.0	3.0	6.0	141.0	15.0	10	55.0	稍	**	**		タイセイフレッサ																													
2023109058	2025-09-20	4中山6		1.0	2歳未勝利								武藤雅		ダ1800				1:57.4	1.7		6-5-3-4	37.2-40.2	41.6	458(+6)				56.0																													曇		13.0	6.0	9.0	55.4	9.0	5	55.0	重	**	**		ラフレードピエル																													
2023109058	2025-10-18	4新潟1		2.0	2歳未勝利								武藤雅		ダ1800				1:56.1	1.4		14-13-7-6	37.0-39.0	39.6	460(+2)				84.0																													曇		14.0	6.0	10.0	54.9	9.0	4	56.0	良	**	**		ゴールデンブラッド																													
2023109058	2025-11-08	3福島1		3.0	2歳未勝利								武藤雅		ダ1700				1:49.6	3.1		14-13-10-9	30.3-38.9	40.2	468(+8)																																	晴		15.0	7.0	12.0	24.1	8.0	10	56.0	良	**	**		アトモス																													
2023109058	2025-12-28	5中山8		2.0	2歳未勝利								武藤雅		ダ1800				1:58.5	1.6		14-15-14-12	38.8-39.9	39.9	472(+4)																																	晴		16.0	1.0	2.0	83.7	7.0	9	56.0	良	**	**		タイセツナヒ																													
2023109058	2026-01-17	1中山6		2.0	3歳未勝利								武藤雅		ダ1800				1:58.5	3.0		2-2-2-4	37.7-39.6	42.5	472(0)																																	晴		16.0	2.0	3.0	51.6	8.0	8	57.0	良				ウリズンベー																													
2023109064	2026-01-11	1中山4		5.0	3歳新馬								原田和真		ダ1800				1:59.6	3.7		11-12-10-10	37.3-38.5	41.4	470(0)																																															晴		16.0	3.0	5.0	161.1	14.0	11	57.0	良	**	**		エスシービクトリア															
2023109074	2025-10-11	4東京3		4.0	2歳新馬								丹内祐次		ダ1400				1:29.9	4.5		16-16	36.2-37.0	38.2	454(0)																			雨		16.0	2.0	4.0	10.6	5.0	12	56.0	稍	**	**		ウィッキドピケット																																											
2023109074	2026-01-18	1中山7		3.0	3歳未勝利								木幡巧也		ダ1800				1:58.6	2.9		8-6-7-8	38.0-38.6	41.1	460(+6)																																																													晴		13.0	7.0	10.0	36.3	7.0	7	57.0	良	**	**		サイモフェーン	202606010703
2023109080	2026-01-11	1中山4		5.0	3歳新馬								原優介		ダ1800				1:59.9	4.0		13-13-14-12	37.3-38.5	40.9	540(0)																																															晴		16.0	1.0	1.0	90.5	12.0	13	57.0	良	**	**		エスシービクトリア															
2023109140	2025-06-29	2小倉2		5.0	2歳新馬								団野大成		芝1200				1:13.9	3.1		13-13	34.6-36.2	37.7	436(0)																																															晴		17.0	7.0	14.0	5.6	2.0	15	55.0	良	**	**		アンヘリータス															
2023109140	2025-07-06	2小倉4		1.0	2歳未勝利								団野大成		芝1200				1:10.9	0.1		1-1	34.3-36.5	36.6	430(-6)				140.0																																											晴		16.0	3.0	5.0	43.2	10.0	3	55.0	良	**	**		エイシンディアマン															
2023109140	2025-07-19	2小倉7		9.0	ひまわり賞(OP)								団野大成		芝1200				1:11.3	1.0		5-5	34.1-36.2	36.8	436(+6)																																															晴		18.0	6.0	11.0	24.9	7.0	9	53.0	良	**	**		アンヘリータス															
2023109140	2025-09-28	4阪神9		2.0	2歳未勝利								森田誠也		芝1400				1:24.8	3.1		3-6	34.4-35.5	38.2	436(0)																																															晴		14.0	8.0	13.0	110.7	13.0	14	52.0	良	**	**		ノアールビーナス															
2023109140	2025-11-22	4京都5		1.0	2歳未勝利								森田誠也		ダ1200				1:14.3	1.1		6-6	36.3-36.9	37.5	434(-2)																																															晴		14.0	1.0	1.0	193.6	12.0	9	52.0	良	**	**		テーオーナタリー															
2023110008	2025-09-15	4中山5		6.0	2歳新馬								戸崎圭太		ダ1200				1:13.7	1.6		5-5	34.6-37.5	38.5	500(0)				75.0															曇		11.0	3.0	3.0	9.1	5.0	5	55.0	良	**	**		カリヨンアヴォン																																											
2023110008	2025-10-05	4東京2		1.0	2歳未勝利								岩田望来		ダ1400				1:27.9	2.8		7-7	35.4-36.9	39.1	504(+4)																			曇		16.0	7.0	14.0	37.3	9.0	8	56.0	良	**	**		エコロシード																																											
2023110008	2025-12-28	5中山8		1.0	2歳未勝利								マーカン		ダ1200				1:13.6	0.5		6-5	34.1-39.0	39.0	520(+16)				140.0															晴		16.0	2.0	4.0	4.7	3.0	3	56.0	良	**	**		ピュール																																											
2023110008	2026-01-18	1中山7		1.0	3歳未勝利								戸崎圭太		ダ1200				1:13.2	0.1		4-1	33.5-39.6	39.5	518(-2)				240.0																																																									晴		16.0	3.0	6.0	4.5	3.0	2	57.0	良	**	**		マーガレットクレア	202606010701
2023110034	2025-08-31	3新潟4		6.0	2歳新馬								菅原明良		ダ1800				1:58.2	3.0		12-12-11-10	37.9-37.4	39.0	486(0)																			晴		15.0	5.0	8.0	16.7	5.0	7	55.0	良	**	**		マテンロウダビンチ																																											
2023110034	2025-09-20	4阪神6		1.0	2歳未勝利								和田竜二		ダ1800				1:55.9	0.6		2-2-2-2	36.8-40.5	40.8	478(-8)				140.0															曇		10.0	7.0	7.0	24.2	4.0	3	55.0	良	**	**		エコロレーヴ																																											
2023110034	2025-10-18	3京都6		2.0	2歳未勝利								田山旺佑		ダ1800				1:55.4	3.1		4-3-3-3	35.7-38.3	41.1	478(0)																			曇		10.0	8.0	9.0	4.0	3.0	9	52.0	稍	**	**		シルバーレシオ																																											
2023110034	2025-12-27	5阪神7		3.0	2歳未勝利								柴田裕一		ダ1400				1:26.4	1.0		7-7	35.2-37.7	38.2	466(-12)				56.0															晴		16.0	1.0	1.0	46.5	6.0	5	53.0	稍	**	**		ハグレジョー																																											
2023110034	2026-01-18	1京都7		3.0	3歳未勝利								柴田裕一		ダ1400				1:26.3	-0.1		7-5	35.2-38.4	37.8	464(-2)				590.0																																																									晴		16.0	7.0	14.0	15.0	5.0	1	53.0	良	**	**		(メイショウバルク)	202608010703
2023110070	2025-09-21	4中山7		4.0	2歳新馬								横山武史		ダ1800				1:57.3	1.9		3-3-2-3	38.4-38.6	40.4	548(0)																																	晴		16.0	6.0	12.0	2.9	1.0	6	55.0	稍	**	**		ナリノシャーウッド																													
2023110070	2025-10-18	3京都6		2.0	2歳未勝利								西村淳也		ダ1800				1:53.9	1.6		2-3-3-3	35.7-38.3	39.7	544(-4)				140.0																													曇		10.0	5.0	5.0	6.0	4.0	3	56.0	稍	**	**		シルバーレシオ																													
2023110070	2025-11-15	4京都3		3.0	2歳未勝利								西村淳也		ダ1800				1:53.6	-0.6		1-1-1-1	37.5-37.4	37.4	536(-8)				560.0																													晴		10.0	5.0	5.0	2.4	1.0	1	56.0	良	**	**		(サンライズケヴィン)																													
2023110070	2026-01-17	1京都6		6.0	3歳1勝クラス								西村淳也		ダ1800				1:55.2	1.6		6-5-6-6	37.7-36.5	37.6	540(+4)				82.0																													晴		8.0	7.0	7.0	9.5	6.0	5	57.0	良				トリグラフヒル																													
2023110078	2026-01-18	1中山7		5.0	3歳新馬								石田拓郎		芝1600				1:37.1	2.7		13-12-11	35.8-34.3	35.9	424(0)																																																													晴		16.0	8.0	15.0	170.3	14.0	12	50.0	良	**	**		サンプレクス	202606010705
2023110095	2025-09-20	4阪神6		3.0	2歳新馬								北村友一		ダ1200				1:13.9	0.5		2-2	36.5-36.9	37.2	478(0)				190.0															曇		10.0	1.0	1.0	6.7	4.0	3	55.0	良	**	**		タカスタカスタカス																																											
2023110095	2025-10-13	3京都5		1.0	2歳未勝利								北村友一		ダ1400				1:26.8	1.4		1-1	34.9-38.4	39.8	478(0)				140.0															晴		8.0	5.0	5.0	4.8	3.0	3	56.0	良	**	**		ライトオブヌカタ																																											
2023110095	2025-12-21	5阪神6		2.0	2歳未勝利								Ｃ．デム		ダ1200				1:12.9	0.0		2-3	35.6-37.3	37.0	484(+6)				560.0															雨		16.0	7.0	13.0	2.4	1.0	1	56.0	稍	**	**		(ブルーマッキンジー)																																											
2023110095	2026-01-18	1京都7		4.0	3歳1勝クラス								坂井瑠星		ダ1200				1:13.0	0.3		1-1	35.3-37.4	37.7	488(+4)																																																													晴		10.0	1.0	1.0	18.3	4.0	6	57.0	良	**	**		ラブルラウザー	202608010704
